68.194 67.486 0.708 0 0.708 0 1
68.866 0.708 0.672 0 0.672 0 1
69.56 0.7 0.666 0.002 0.664 0 1
70.208 0.666 0.648 0 0.648 0 1
70.888 0.678 0.65 0 0.65 0 1
71.478 0.65 0.59 0 0.59 0 1
72.098 0.61 0.6 0.002 0.598 0 1
72.528 0.6 0.43 0 0.43 0 1
72.936 0.454 0.384 0 0.384 0 1
73.328 0.384 0.392 0 0.39 0.002 1
73.8 0.42 0.444 0 0.444 0 1
74.284 0.444 0.484 0 0.484 0 1
74.766 0.51 0.456 0 0.456 0 1
75.284 0.456 0.518 0.002 0.514 0.002 1
75.796 0.556 0.474 0 0.474 0 1
76.26 0.474 0.464 0 0.464 0 1
76.826 0.5 0.53 0.002 0.526 0.002 1
77.366 0.53 0.54 0 0.54 0 1
77.92 0.572 0.522 0 0.522 0 1
78.422 0.522 0.502 0 0.502 0 1
78.972 0.54 0.512 0 0.512 0 1
79.554 0.55 0.544 0 0.544 0 1
80.07 0.544 0.516 0 0.516 0 1
80.626 0.55 0.522 0 0.522 0 1
81.16 0.522 0.534 0 0.534 0 1
81.63 0.572 0.432 0 0.432 0 1
82.014 0.432 0.384 0.002 0.382 0 1
82.412 0.384 0.398 0.002 0.396 0 1
82.74 0.428 0.298 0 0.296 0.002 1
83.032 0.298 0.292 0 0.292 0 1
83.318 0.292 0.286 0.002 0.284 0 1
83.56 0.318 0.21 0 0.21 0 1
83.756 0.21 0.196 0 0.196 0 1
84.042 0.23 0.252 0.002 0.25 0 1
84.278 0.252 0.236 0 0.236 0 1
84.516 0.236 0.238 0.002 0.236 0 1
84.818 0.276 0.264 0 0.264 0 1
85.102 0.306 0.242 0 0.242 0 1
85.376 0.242 0.274 0.002 0.27 0.002 1
85.71 0.322 0.286 0 0.286 0 1
85.95 0.286 0.24 0 0.24 0 1
86.242 0.276 0.256 0 0.256 0 1
86.534 0.256 0.292 0 0.292 0 1
86.93 0.344 0.344 0 0.344 0 1
87.232 0.344 0.302 0 0.302 0 1
87.64 0.358 0.352 0 0.352 0 1
87.976 0.354 0.334 0 0.334 0 1
88.36 0.388 0.33 0 0.33 0 1
88.726 0.37 0.326 0 0.324 0.002 1
89.082 0.326 0.356 0 0.356 0 1
89.41 0.356 0.328 0 0.328 0 1
89.798 0.372 0.344 0.002 0.342 0 1
89.958 0.344 0.16 0.002 0.158 0 1
90.168 0.214 0.156 0.002 0.154 0 1
90.326 0.156 0.158 0.002 0.156 0 1
90.472 0.158 0.146 0 0.146 0 1
90.626 0.146 0.154 0.002 0.152 0 1
90.844 0.206 0.166 0.002 0.164 0 1
91.082 0.166 0.238 0.002 0.236 0 1
91.352 0.284 0.224 0 0.224 0 1
91.616 0.224 0.264 0.002 0.262 0 1
91.926 0.314 0.26 0 0.26 0 1
92.198 0.26 0.272 0.002 0.268 0.002 1
92.45 0.272 0.252 0 0.252 0 1
92.704 0.252 0.254 0 0.254 0 1
92.932 0.286 0.196 0.002 0.192 0.002 1
93.126 0.196 0.194 0 0.194 0 1
93.312 0.194 0.186 0.002 0.182 0 1
93.496 0.186 0.184 0 0.184 0 1
93.716 0.222 0.182 0 0.182 0 1
93.996 0.182 0.28 0 0.28 0 1
94.342 0.33 0.296 0.002 0.292 0.002 1
94.648 0.296 0.306 0 0.306 0 1
94.98 0.346 0.292 0 0.292 0 1
95.224 0.292 0.244 0.002 0.242 0 1
95.504 0.284 0.24 0 0.24 0 1
95.754 0.24 0.25 0 0.25 0 1
96.01 0.25 0.256 0 0.256 0 1
96.254 0.256 0.244 0 0.244 0 1
96.492 0.244 0.238 0 0.238 0 1
96.764 0.278 0.232 0.002 0.23 0 1
97.122 0.232 0.358 0 0.358 0 1
97.516 0.41 0.342 0 0.342 0 1
97.844 0.342 0.328 0 0.328 0 1
98.176 0.328 0.332 0.002 0.328 0.002 1
98.384 0.372 0.168 0 0.168 0 1
98.546 0.168 0.162 0 0.162 0 1
98.754 0.214 0.156 0.002 0.154 0 1
98.856 0.158 0.1 0 0.1 0 1
98.95 0.1 0.094 0 0.094 0 1
99.102 0.138 0.108 0 0.108 0 1
99.194 0.108 0.092 0 0.092 0 1
99.276 0.092 0.082 0.002 0.08 0 1
99.372 0.082 0.096 0 0.096 0 1
99.472 0.096 0.1 0.002 0.096 0.002 1
99.598 0.148 0.078 0 0.078 0 1
99.668 0.078 0.07 0 0.07 0 1
99.75 0.07 0.082 0 0.082 0 1
99.818 0.082 0.068 0.002 0.066 0 1
99.894 0.068 0.076 0 0.076 0 1
100.032 0.132 0.082 0 0.08 0.002 1
100.088 0.082 0.056 0 0.056 0 1
100.136 0.056 0.048 0 0.048 0 1
100.232 0.084 0.06 0 0.06 0 1
100.234 0.06 0.002 0 0.002 0 1
100.27 0.036 0.002 0.002 0 0 1
100.314 0.044 0.002 0.002 0 0 1
100.368 0.054 0.002 0 0 0 1
100.418 0.052 0 0 0 0 1
100.492 0.072 0.002 0 0.002 0 1
100.516 0.024 0.002 0 0 0.002 1
100.568 0.052 0.002 0 0.002 0 1
100.62 0.052 0.002 0 0 0 1
100.67 0.05 0.002 0.002 0 0 1
100.72 0.052 0 0 0 0 1
100.764 0.044 0 0 0 0 1
100.824 0.06 0 0 0 0 1
100.862 0.038 0 0 0 0 1
100.912 0.05 0 0 0 0 1
100.964 0.05 0.002 0 0.002 0 1
101.014 0.052 0 0 0 0 1
101.066 0.05 0.002 0 0.002 0 1
101.11 0.044 0.002 0 0.002 0 1
101.17 0.06 0.002 0.002 0 0 1
101.2 0.032 0 0 0 0 1
101.252 0.052 0 0 0 0 1
101.302 0.048 0.002 0 0.002 0 1
101.354 0.052 0.002 0 0 0 1
101.404 0.05 0.002 0.002 0 0 1
101.446 0.042 0.002 0 0.002 0 1
101.498 0.052 0.002 0 0 0 1
101.548 0.05 0.002 0 0.002 0 1
101.644 0.098 0 0 0 0 1
101.678 0.032 0.002 0 0.002 0 1
101.73 0.054 0 0 0 0 1
101.784 0.052 0.002 0 0.002 0 1
101.834 0.052 0 0 0 0 1
101.884 0.05 0 0 0 0 1
101.934 0.05 0 0 0 0 1
101.984 0.05 0 0 0 0 1
102.036 0.05 0.002 0 0.002 0 1
102.086 0.05 0.002 0 0.002 0 1
102.142 0.058 0 0 0 0 1
102.182 0.038 0.002 0 0.002 0 1
102.232 0.052 0 0 0 0 1
102.284 0.05 0.002 0 0 0.002 1
102.334 0.05 0.002 0 0.002 0 1
102.38 0.048 0 0 0 0 1
102.43 0.05 0 0 0 0 1
102.482 0.048 0.004 0.002 0.002 0 1
102.528 0.048 0.002 0 0.002 0 1
102.604 0.076 0.002 0.002 0 0 1
102.62 0.018 0 0 0 0 1
102.674 0.052 0.002 0 0.002 0 1
102.72 0.048 0 0 0 0 1
102.772 0.052 0 0 0 0 1
102.824 0.05 0.002 0 0.002 0 1
102.874 0.052 0 0 0 0 1
102.918 0.044 0 0 0 0 1
102.968 0.05 0 0 0 0 1
103.02 0.052 0 0 0 0 1
103.07 0.05 0 0 0 0 1
103.12 0.05 0 0 0 0 1
103.17 0.05 0 0 0 0 1
103.222 0.05 0.002 0 0.002 0 1
103.27 0.05 0 0 0 0 1
103.32 0.05 0 0 0 0 1
103.37 0.05 0 0 0 0 1
103.418 0.048 0 0 0 0 1
103.466 0.046 0.002 0 0.002 0 1
103.514 0.05 0 0 0 0 1
103.564 0.05 0 0 0 0 1
103.616 0.05 0.002 0 0.002 0 1
103.666 0.05 0.002 0 0.002 0 1
103.71 0.046 0 0 0 0 1
103.79 0.078 0.002 0 0 0.002 1
103.806 0.018 0 0 0 0 1
103.856 0.05 0 0 0 0 1
103.908 0.05 0.002 0 0.002 0 1
103.952 0.044 0.002 0 0.002 0 1
104 0.05 0 0 0 0 1
104.05 0.05 0 0 0 0 1
104.1 0.05 0 0 0 0 1
104.184 0.082 0.002 0 0 0.002 1
104.194 0.012 0 0 0 0 1
104.246 0.052 0 0 0 0 1
104.292 0.046 0 0 0 0 1
104.344 0.052 0 0 0 0 1
104.398 0.052 0.002 0 0.002 0 1
104.45 0.052 0.002 0 0.002 0 1
104.5 0.05 0.002 0 0.002 0 1
104.55 0.052 0 0 0 0 1
104.638 0.086 0.002 0 0.002 0 1
104.644 0.008 0 0 0 0 1
104.694 0.05 0 0 0 0 1
104.744 0.05 0 0 0 0 1
104.786 0.042 0 0 0 0 1
104.84 0.052 0.002 0 0 0.002 1
104.89 0.05 0.002 0 0.002 0 1
104.94 0.05 0.002 0 0.002 0 1
104.99 0.052 0 0 0 0 1
105.04 0.05 0 0 0 0 1
105.126 0.084 0.002 0.002 0 0 1
105.13 0.006 0 0 0 0 1
105.182 0.052 0 0 0 0 1
105.234 0.052 0 0 0 0 1
105.284 0.05 0 0 0 0 1
105.332 0.048 0 0 0 0 1
105.384 0.05 0.002 0 0.002 0 1
105.432 0.05 0 0 0 0 1
105.498 0.066 0 0 0 0 1
105.524 0.026 0 0 0 0 1
105.574 0.048 0.002 0 0.002 0 1
105.624 0.052 0 0 0 0 1
105.674 0.05 0 0 0 0 1
105.718 0.044 0 0 0 0 1
105.77 0.052 0 0 0 0 1
105.822 0.05 0.002 0 0.002 0 1
105.924 0.102 0.002 0 0 0.002 1
105.972 0.05 0 0 0 0 1
106.022 0.05 0 0 0 0 1
106.074 0.05 0.002 0 0.002 0 1
106.122 0.05 0 0 0 0 1
106.172 0.05 0 0 0 0 1
106.224 0.052 0 0 0 0 1
106.316 0.088 0.004 0.002 0.002 0 1
106.36 0.046 0.002 0.002 0 0 1
106.41 0.052 0 0 0 0 1
106.46 0.05 0 0 0 0 1
106.512 0.05 0.002 0 0.002 0 1
106.562 0.05 0.002 0 0.002 0 1
106.612 0.05 0.002 0 0.002 0 1
106.662 0.05 0.002 0 0.002 0 1
106.726 0.064 0.002 0.002 0 0 1
106.762 0.036 0.002 0 0 0.002 1
106.81 0.048 0.002 0 0.002 0 1
106.858 0.05 0 0 0 0 1
106.91 0.052 0 0 0 0 1
106.962 0.05 0.002 0 0 0.002 1
107.004 0.044 0 0 0 0 1
107.044 0.04 0 0 0 0 1
107.086 0.042 0 0 0 0 1
107.138 0.05 0.002 0 0 0.002 1
107.186 0.05 0 0 0 0 1
107.236 0.048 0.002 0.002 0 0 1
107.286 0.052 0 0 0 0 1
107.338 0.05 0.002 0 0.002 0 1
107.388 0.05 0.002 0 0.002 0 1
107.438 0.052 0 0 0 0 1
107.486 0.048 0 0 0 0 1
107.536 0.05 0 0 0 0 1
107.586 0.05 0 0 0 0 1
107.638 0.05 0.002 0 0.002 0 1
107.686 0.05 0 0 0 0 1
107.736 0.05 0 0 0 0 1
107.788 0.048 0.004 0.004 0 0 1
107.836 0.052 0 0 0 0 1
107.886 0.048 0.002 0 0.002 0 1
107.966 0.08 0.002 0.002 0 0 1
107.98 0.014 0.002 0 0.002 0 1
108.03 0.05 0.002 0.002 0 0 1
108.08 0.052 0 0 0 0 1
108.132 0.052 0 0 0 0 1
108.18 0.046 0.002 0 0.002 0 1
108.23 0.052 0 0 0 0 1
108.282 0.05 0.002 0 0.002 0 1
108.36 0.076 0.004 0.002 0.002 0 1
108.374 0.018 0 0 0 0 1
108.426 0.052 0 0 0 0 1
108.478 0.05 0.002 0 0.002 0 1
108.524 0.048 0 0 0 0 1
108.576 0.05 0.002 0 0.002 0 1
108.628 0.052 0.002 0 0.002 0 1
108.678 0.052 0 0 0 0 1
108.73 0.05 0.002 0 0.002 0 1
108.78 0.05 0.002 0 0.002 0 1
108.828 0.05 0 0 0 0 1
108.874 0.044 0.002 0 0 0 1
108.938 0.064 0.002 0.002 0 0 1
108.974 0.036 0.002 0 0.002 0 1
109.026 0.052 0.002 0 0.002 0 1
109.076 0.052 0 0 0 0 1
109.126 0.048 0.002 0 0.002 0 1
109.176 0.05 0.002 0 0.002 0 1
109.222 0.048 0 0 0 0 1
109.274 0.052 0 0 0 0 1
109.316 0.04 0.002 0 0.002 0 1
109.378 0.062 0.002 0 0 0.002 1
109.396 0.018 0.002 0.002 0 0 1
109.452 0.058 0 0 0 0 1
109.502 0.05 0 0 0 0 1
109.562 0.06 0 0 0 0 1
109.616 0.052 0.002 0 0 0.002 1
109.666 0.052 0 0 0 0 1
109.718 0.052 0 0 0 0 1
109.768 0.05 0 0 0 0 1
109.82 0.052 0 0 0 0 1
109.87 0.05 0 0 0 0 1
109.918 0.048 0 0 0 0 1
109.968 0.048 0.002 0 0.002 0 1
110.016 0.048 0.002 0 0.002 0 1
110.066 0.05 0.002 0 0.002 0 1
110.116 0.05 0.002 0.002 0 0 1
110.162 0.048 0 0 0 0 1
110.21 0.048 0 0 0 0 1
110.262 0.052 0 0 0 0 1
110.312 0.05 0 0 0 0 1
110.356 0.044 0 0 0 0 1
110.412 0.056 0 0 0 0 1
110.456 0.044 0 0 0 0 1
110.506 0.048 0.002 0 0.002 0 1
110.614 0.108 0.002 0.002 0 0 1
110.652 0.04 0 0 0 0 1
110.702 0.05 0 0 0 0 1
110.748 0.046 0 0 0 0 1
110.798 0.05 0 0 0 0 1
110.85 0.05 0.002 0 0.002 0 1
110.898 0.05 0 0 0 0 1
110.95 0.05 0.002 0 0.002 0 1
111 0.052 0 0 0 0 1
111.048 0.048 0 0 0 0 1
111.098 0.05 0 0 0 0 1
111.166 0.066 0.002 0.002 0 0 1
111.196 0.032 0 0 0 0 1
111.246 0.048 0.002 0 0.002 0 1
111.296 0.052 0 0 0 0 1
111.346 0.05 0 0 0 0 1
111.398 0.05 0.002 0 0.002 0 1
111.446 0.05 0 0 0 0 1
111.552 0.104 0.002 0 0.002 0 1
111.594 0.042 0.002 0 0.002 0 1
111.642 0.05 0 0 0 0 1
111.692 0.05 0 0 0 0 1
111.744 0.052 0 0 0 0 1
111.794 0.05 0 0 0 0 1
111.842 0.048 0 0 0 0 1
111.89 0.048 0 0 0 0 1
111.944 0.052 0.002 0 0 0.002 1
111.994 0.05 0.002 0 0.002 0 1
112.044 0.05 0.002 0 0.002 0 1
112.088 0.044 0.002 0.002 0 0 1
112.138 0.052 0 0 0 0 1
112.19 0.052 0 0 0 0 1
112.24 0.05 0 0 0 0 1
112.292 0.05 0.002 0 0.002 0 1
112.34 0.05 0 0 0 0 1
112.392 0.052 0 0 0 0 1
112.442 0.048 0.002 0 0.002 0 1
112.492 0.05 0.002 0 0.002 0 1
112.542 0.05 0.002 0.002 0 0 1
112.592 0.052 0 0 0 0 1
112.64 0.048 0 0 0 0 1
112.706 0.064 0.002 0 0 0.002 1
112.734 0.026 0.004 0 0.004 0 1
112.786 0.054 0.002 0 0.002 0 1
112.836 0.052 0 0 0 0 1
112.886 0.05 0 0 0 0 1
112.936 0.05 0 0 0 0 1
112.988 0.052 0 0 0 0 1
113.036 0.048 0 0 0 0 1
113.08 0.044 0 0 0 0 1
113.132 0.05 0.002 0 0.002 0 1
113.182 0.05 0.002 0 0.002 0 1
113.232 0.05 0.002 0 0.002 0 1
113.28 0.048 0.002 0 0.002 0 1
113.328 0.05 0 0 0 0 1
113.378 0.05 0 0 0 0 1
113.428 0.05 0 0 0 0 1
113.478 0.05 0 0 0 0 1
113.53 0.05 0.002 0 0.002 0 1
113.578 0.05 0 0 0 0 1
113.624 0.046 0 0 0 0 1
113.674 0.05 0 0 0 0 1
113.724 0.05 0 0 0 0 1
113.772 0.048 0 0 0 0 1
113.824 0.052 0 0 0 0 1
113.922 0.096 0.002 0 0.002 0 1
113.924 0.002 0.002 0 0 0.002 1
113.972 0.05 0 0 0 0 1
114.022 0.05 0 0 0 0 1
114.072 0.05 0 0 0 0 1
114.122 0.05 0 0 0 0 1
114.168 0.044 0.002 0 0.002 0 1
114.218 0.05 0.002 0.002 0 0 1
114.266 0.05 0 0 0 0 1
114.312 0.046 0 0 0 0 1
114.364 0.052 0 0 0 0 1
114.414 0.05 0 0 0 0 1
114.464 0.05 0 0 0 0 1
114.564 0.1 0 0 0 0 1
114.604 0.04 0 0 0 0 1
114.652 0.048 0 0 0 0 1
114.704 0.05 0.002 0 0.002 0 1
114.754 0.052 0 0 0 0 1
114.804 0.048 0.002 0 0.002 0 1
114.854 0.052 0 0 0 0 1
114.902 0.048 0 0 0 0 1
114.95 0.048 0 0 0 0 1
115 0.05 0 0 0 0 1
115.098 0.098 0 0 0 0 1
115.142 0.042 0.002 0 0.002 0 1
115.19 0.05 0 0 0 0 1
115.242 0.05 0.002 0 0.002 0 1
115.292 0.052 0 0 0 0 1
115.342 0.05 0 0 0 0 1
115.392 0.048 0.002 0 0.002 0 1
115.504 0.112 0.002 0 0.002 0 1
115.534 0.032 0 0 0 0 1
115.584 0.05 0 0 0 0 1
115.634 0.05 0 0 0 0 1
115.684 0.048 0.002 0 0.002 0 1
115.726 0.044 0 0 0 0 1
115.776 0.05 0 0 0 0 1
115.826 0.05 0 0 0 0 1
115.874 0.048 0 0 0 0 1
115.968 0.092 0.002 0 0 0 1
115.972 0.004 0.002 0 0.002 0 1
116.018 0.048 0 0 0 0 1
116.07 0.05 0.002 0 0.002 0 1
116.116 0.048 0 0 0 0 1
116.166 0.05 0 0 0 0 1
116.214 0.048 0 0 0 0 1
116.264 0.05 0 0 0 0 1
116.35 0.084 0.002 0 0 0.002 1
116.394 0.044 0.002 0.002 0 0 1
116.45 0.056 0.002 0 0.002 0 1
116.5 0.052 0 0 0 0 1
116.552 0.052 0 0 0 0 1
116.604 0.052 0 0 0 0 1
116.656 0.052 0 0 0 0 1
116.706 0.05 0 0 0 0 1
116.764 0.056 0.002 0 0.002 0 1
116.79 0.028 0 0 0 0 1
116.842 0.052 0 0 0 0 1
116.894 0.052 0 0 0 0 1
116.944 0.05 0 0 0 0 1
116.994 0.05 0 0 0 0 1
117.044 0.05 0 0 0 0 1
117.092 0.048 0 0 0 0 1
117.144 0.05 0.002 0 0.002 0 1
117.19 0.048 0 0 0 0 1
117.236 0.046 0 0 0 0 1
117.286 0.05 0 0 0 0 1
117.336 0.05 0 0 0 0 1
117.388 0.05 0.002 0 0 0 1
117.436 0.05 0 0 0 0 1
117.482 0.044 0.002 0 0.002 0 1
117.534 0.052 0.002 0 0.002 0 1
117.582 0.05 0 0 0 0 1
117.632 0.048 0.002 0.002 0 0 1
117.68 0.05 0 0 0 0 1
117.73 0.05 0 0 0 0 1
117.778 0.048 0 0 0 0 1
117.828 0.05 0 0 0 0 1
117.878 0.05 0 0 0 0 1
117.944 0.064 0.002 0.002 0 0 1
117.964 0.022 0 0 0 0 1
118.016 0.05 0.002 0 0.002 0 1
118.066 0.052 0 0 0 0 1
118.116 0.05 0 0 0 0 1
118.164 0.048 0 0 0 0 1
118.214 0.05 0 0 0 0 1
118.264 0.05 0 0 0 0 1
118.316 0.052 0 0 0 0 1
118.364 0.048 0 0 0 0 1
118.416 0.052 0 0 0 0 1
118.466 0.05 0 0 0 0 1
118.51 0.044 0 0 0 0 1
118.562 0.052 0 0 0 0 1
118.612 0.05 0 0 0 0 1
118.664 0.05 0.002 0 0.002 0 1
118.714 0.05 0.002 0 0 0 1
118.764 0.05 0.002 0 0.002 0 1
118.814 0.05 0.002 0 0.002 0 1
118.86 0.048 0 0 0 0 1
118.91 0.05 0 0 0 0 1
118.962 0.05 0.002 0 0.002 0 1
119.008 0.048 0 0 0 0 1
119.06 0.05 0.002 0 0.002 0 1
119.15 0.092 0 0 0 0 1
119.152 0.002 0 0 0 0 1
119.202 0.05 0 0 0 0 1
119.254 0.05 0.002 0 0.002 0 1
119.304 0.05 0.002 0 0.002 0 1
119.354 0.052 0 0 0 0 1
119.4 0.046 0 0 0 0 1
119.452 0.052 0 0 0 0 1
119.502 0.05 0 0 0 0 1
119.554 0.05 0.002 0 0.002 0 1
119.602 0.05 0 0 0 0 1
119.65 0.048 0 0 0 0 1
119.756 0.104 0.002 0 0.002 0 1
119.796 0.04 0.002 0 0.002 0 1
119.848 0.052 0.002 0 0.002 0 1
119.898 0.052 0 0 0 0 1
119.95 0.052 0 0 0 0 1
120 0.05 0 0 0 0 1
120.05 0.05 0 0 0 0 1
120.1 0.05 0 0 0 0 1
120.152 0.05 0.002 0 0.002 0 1
120.202 0.05 0.002 0 0.002 0 1
120.252 0.05 0.002 0 0.002 0 1
120.318 0.066 0.002 0.002 0 0 1
120.348 0.032 0 0 0 0 1
120.4 0.05 0.002 0 0.002 0 1
120.448 0.05 0 0 0 0 1
120.498 0.05 0 0 0 0 1
120.55 0.05 0.002 0 0.002 0 1
120.6 0.052 0 0 0 0 1
120.65 0.05 0 0 0 0 1
120.7 0.05 0 0 0 0 1
120.75 0.048 0.002 0 0.002 0 1
120.8 0.05 0.002 0 0.002 0 1
120.85 0.05 0.002 0 0.002 0 1
120.9 0.05 0.002 0 0.002 0 1
120.944 0.044 0.002 0 0.002 0 1
120.99 0.048 0 0 0 0 1
121.034 0.044 0 0 0 0 1
121.08 0.046 0 0 0 0 1
121.132 0.052 0 0 0 0 1
121.182 0.05 0 0 0 0 1
121.232 0.05 0 0 0 0 1
121.282 0.05 0 0 0 0 1
121.33 0.048 0 0 0 0 1
121.382 0.05 0.002 0 0.002 0 1
121.464 0.082 0.002 0 0 0.002 1
121.472 0.01 0 0 0 0 1
121.52 0.048 0 0 0 0 1
121.572 0.052 0 0 0 0 1
121.622 0.05 0 0 0 0 1
121.67 0.048 0 0 0 0 1
121.716 0.046 0 0 0 0 1
121.762 0.046 0 0 0 0 1
121.802 0.04 0 0 0 0 1
121.856 0.052 0.002 0 0.002 0 1
121.93 0.076 0 0 0 0 1
121.944 0.012 0.002 0 0.002 0 1
121.992 0.05 0 0 0 0 1
122.044 0.052 0 0 0 0 1
122.094 0.05 0 0 0 0 1
122.148 0.052 0.002 0 0.002 0 1
122.196 0.05 0 0 0 0 1
122.248 0.052 0 0 0 0 1
122.3 0.05 0.002 0 0.002 0 1
122.382 0.084 0 0 0 0 1
122.384 0 0.002 0.002 0 0 1
122.43 0.046 0.002 0 0.002 0 1
122.482 0.054 0 0 0 0 1
122.53 0.048 0 0 0 0 1
122.582 0.05 0.002 0.002 0 0 1
122.634 0.054 0 0 0 0 1
122.686 0.052 0 0 0 0 1
122.77 0.082 0.002 0 0 0 1
122.774 0.006 0 0 0 0 1
122.824 0.05 0 0 0 0 1
122.878 0.052 0.002 0 0 0 1
122.928 0.052 0 0 0 0 1
122.98 0.052 0 0 0 0 1
123.032 0.052 0 0 0 0 1
123.078 0.044 0.002 0 0.002 0 1
123.128 0.052 0 0 0 0 1
123.178 0.048 0.002 0 0 0.002 1
123.228 0.052 0 0 0 0 1
123.28 0.05 0.002 0 0.002 0 1
123.326 0.048 0 0 0 0 1
123.412 0.084 0.002 0 0.002 0 1
123.428 0.016 0.002 0 0.002 0 1
123.478 0.05 0.002 0 0.002 0 1
123.526 0.05 0 0 0 0 1
123.572 0.046 0 0 0 0 1
123.62 0.048 0 0 0 0 1
123.67 0.05 0 0 0 0 1
123.718 0.046 0.002 0 0.002 0 1
123.768 0.052 0 0 0 0 1
123.818 0.048 0.002 0 0.002 0 1
123.884 0.066 0.002 0.002 0 0 1
123.9 0.018 0 0 0 0 1
123.94 0.04 0 0 0 0 1
123.988 0.044 0.004 0.004 0 0 1
124.04 0.056 0 0 0 0 1
124.094 0.054 0 0 0 0 1
124.148 0.052 0.002 0 0.002 0 1
124.198 0.052 0 0 0 0 1
124.25 0.05 0.002 0 0.002 0 1
124.3 0.052 0 0 0 0 1
124.352 0.05 0.002 0 0.002 0 1
124.454 0.102 0.002 0 0 0.002 1
124.494 0.042 0 0 0 0 1
124.544 0.05 0 0 0 0 1
124.596 0.05 0.002 0 0.002 0 1
124.646 0.052 0 0 0 0 1
124.696 0.05 0 0 0 0 1
124.738 0.042 0 0 0 0 1
124.788 0.048 0.002 0 0.002 0 1
124.838 0.052 0 0 0 0 1
124.888 0.05 0 0 0 0 1
124.938 0.05 0 0 0 0 1
124.988 0.05 0 0 0 0 1
125.028 0.04 0 0 0 0 1
125.08 0.052 0 0 0 0 1
125.13 0.05 0 0 0 0 1
125.176 0.046 0 0 0 0 1
125.218 0.042 0 0 0 0 1
125.27 0.052 0 0 0 0 1
125.32 0.05 0 0 0 0 1
125.37 0.05 0 0 0 0 1
125.418 0.048 0 0 0 0 1
125.468 0.05 0 0 0 0 1
125.516 0.048 0 0 0 0 1
125.566 0.05 0 0 0 0 1
125.638 0.07 0.002 0.002 0 0 1
125.652 0.016 0 0 0 0 1
125.702 0.05 0 0 0 0 1
125.752 0.05 0 0 0 0 1
125.804 0.05 0.002 0 0.002 0 1
125.848 0.044 0.002 0 0.002 0 1
125.898 0.052 0 0 0 0 1
125.95 0.05 0.002 0 0.002 0 1
126.01 0.06 0.002 0 0.002 0 1
126.032 0.024 0 0 0 0 1
126.076 0.042 0.002 0.002 0 0 1
126.128 0.054 0 0 0 0 1
126.172 0.042 0.002 0 0.002 0 1
126.222 0.05 0.002 0 0.002 0 1
126.274 0.052 0.002 0 0.002 0 1
126.324 0.052 0 0 0 0 1
126.378 0.052 0.002 0 0.002 0 1
126.428 0.05 0.002 0.002 0 0 1
126.478 0.052 0 0 0 0 1
126.556 0.078 0 0 0 0 1
126.562 0.004 0.002 0 0.002 0 1
126.61 0.05 0 0 0 0 1
126.658 0.046 0.002 0 0 0 1
126.708 0.052 0 0 0 0 1
126.758 0.048 0.002 0.002 0 0 1
126.806 0.05 0 0 0 0 1
126.858 0.05 0.002 0 0.002 0 1
126.908 0.05 0.002 0.002 0 0 1
126.952 0.046 0 0 0 0 1
127.002 0.05 0 0 0 0 1
127.054 0.05 0.002 0 0.002 0 1
127.096 0.044 0 0 0 0 1
127.146 0.05 0 0 0 0 1
127.196 0.05 0 0 0 0 1
127.246 0.05 0 0 0 0 1
127.296 0.05 0 0 0 0 1
127.346 0.05 0 0 0 0 1
127.39 0.044 0 0 0 0 1
127.44 0.05 0 0 0 0 1
127.49 0.05 0 0 0 0 1
127.538 0.046 0.002 0 0.002 0 1
127.588 0.052 0 0 0 0 1
127.638 0.048 0.002 0.002 0 0 1
127.688 0.052 0 0 0 0 1
127.782 0.092 0.002 0.002 0 0 1
127.788 0.008 0 0 0 0 1
127.838 0.05 0 0 0 0 1
127.888 0.048 0.002 0.002 0 0 1
127.936 0.05 0 0 0 0 1
127.99 0.052 0.002 0 0.002 0 1
128.03 0.042 0 0 0 0 1
128.08 0.05 0 0 0 0 1
128.13 0.05 0 0 0 0 1
128.18 0.05 0 0 0 0 1
128.228 0.048 0 0 0 0 1
128.274 0.046 0 0 0 0 1
128.324 0.05 0 0 0 0 1
128.376 0.05 0.002 0 0.002 0 1
128.424 0.05 0 0 0 0 1
128.474 0.05 0 0 0 0 1
128.524 0.05 0 0 0 0 1
128.576 0.05 0.002 0 0.002 0 1
128.622 0.048 0 0 0 0 1
128.67 0.048 0 0 0 0 1
128.722 0.05 0.002 0 0.002 0 1
128.77 0.05 0 0 0 0 1
128.822 0.052 0 0 0 0 1
128.872 0.05 0 0 0 0 1
128.922 0.05 0 0 0 0 1
128.972 0.05 0 0 0 0 1
129.038 0.064 0.002 0.002 0 0 1
129.064 0.026 0.002 0 0.002 0 1
129.114 0.05 0.002 0 0 0.002 1
129.164 0.052 0 0 0 0 1
129.214 0.05 0 0 0 0 1
129.264 0.05 0 0 0 0 1
129.316 0.05 0.002 0 0.002 0 1
129.364 0.05 0 0 0 0 1
129.416 0.05 0.002 0.002 0 0 1
129.51 0.096 0 0 0 0 1
129.512 0.002 0 0 0 0 1
129.562 0.05 0 0 0 0 1
129.612 0.05 0 0 0 0 1
129.662 0.05 0 0 0 0 1
129.714 0.05 0.002 0 0.002 0 1
129.76 0.048 0 0 0 0 1
129.814 0.048 0.006 0 0.006 0 1
129.856 0.048 0 0 0 0 1
129.904 0.048 0 0 0 0 1
129.954 0.05 0 0 0 0 1
130.006 0.05 0.002 0 0.002 0 1
130.102 0.096 0.002 0 0.002 0 1
130.148 0.046 0.002 0 0.002 0 1
130.2 0.052 0.002 0 0.002 0 1
130.25 0.052 0 0 0 0 1
130.296 0.044 0.002 0 0.002 0 1
130.348 0.052 0.002 0 0.002 0 1
130.398 0.052 0 0 0 0 1
130.446 0.048 0 0 0 0 1
130.542 0.094 0.002 0.002 0 0 1
130.576 0.036 0 0 0 0 1
130.63 0.052 0.002 0 0.002 0 1
130.68 0.052 0 0 0 0 1
130.734 0.052 0.002 0 0.002 0 1
130.782 0.05 0 0 0 0 1
130.834 0.05 0.002 0.002 0 0 1
130.918 0.086 0 0 0 0 1
130.922 0.004 0 0 0 0 1
130.972 0.05 0 0 0 0 1
131.026 0.054 0 0 0 0 1
131.076 0.05 0 0 0 0 1
131.128 0.052 0 0 0 0 1
131.18 0.052 0 0 0 0 1
131.228 0.048 0 0 0 0 1
131.282 0.052 0.002 0 0.002 0 1
131.332 0.05 0.002 0 0.002 0 1
131.422 0.09 0.002 0 0.002 0 1
131.468 0.048 0 0 0 0 1
131.51 0.04 0.002 0 0 0.002 1
131.56 0.052 0 0 0 0 1
131.612 0.052 0 0 0 0 1
131.664 0.05 0.002 0 0.002 0 1
131.712 0.05 0 0 0 0 1
131.764 0.052 0 0 0 0 1
131.816 0.05 0.002 0 0.002 0 1
131.864 0.05 0 0 0 0 1
131.91 0.046 0 0 0 0 1
131.962 0.05 0.002 0 0.002 0 1
132.01 0.05 0 0 0 0 1
132.06 0.05 0 0 0 0 1
132.112 0.05 0.002 0 0.002 0 1
132.16 0.05 0 0 0 0 1
132.21 0.05 0 0 0 0 1
132.262 0.05 0.002 0 0.002 0 1
132.31 0.05 0 0 0 0 1
132.358 0.046 0.002 0 0.002 0 1
132.406 0.048 0.002 0 0.002 0 1
132.446 0.042 0 0 0 0 1
132.496 0.05 0 0 0 0 1
132.548 0.052 0 0 0 0 1
132.646 0.098 0 0 0 0 1
132.694 0.048 0 0 0 0 1
132.744 0.05 0 0 0 0 1
132.796 0.052 0 0 0 0 1
132.844 0.048 0 0 0 0 1
132.894 0.048 0.002 0.002 0 0 1
132.944 0.052 0 0 0 0 1
132.994 0.05 0 0 0 0 1
133.044 0.05 0 0 0 0 1
133.094 0.05 0 0 0 0 1
133.144 0.05 0 0 0 0 1
133.19 0.046 0 0 0 0 1
133.24 0.05 0 0 0 0 1
133.29 0.05 0 0 0 0 1
133.34 0.05 0 0 0 0 1
133.39 0.05 0 0 0 0 1
133.442 0.05 0.002 0 0.002 0 1
133.484 0.042 0.002 0 0.002 0 1
133.534 0.05 0.002 0 0.002 0 1
133.58 0.048 0 0 0 0 1
133.632 0.052 0 0 0 0 1
133.682 0.05 0 0 0 0 1
133.732 0.05 0 0 0 0 1
133.784 0.05 0.002 0 0.002 0 1
133.832 0.05 0 0 0 0 1
133.93 0.098 0 0 0 0 1
133.976 0.046 0 0 0 0 1
134.026 0.05 0 0 0 0 1
134.076 0.05 0 0 0 0 1
134.126 0.05 0 0 0 0 1
134.176 0.05 0 0 0 0 1
134.226 0.05 0 0 0 0 1
134.278 0.05 0.002 0 0.002 0 1
134.326 0.048 0.002 0 0.002 0 1
134.374 0.05 0 0 0 0 1
134.444 0.066 0.004 0.002 0.002 0 1
134.468 0.028 0 0 0 0 1
134.518 0.05 0 0 0 0 1
134.57 0.052 0 0 0 0 1
134.622 0.052 0 0 0 0 1
134.672 0.05 0 0 0 0 1
134.722 0.05 0 0 0 0 1
134.774 0.05 0.002 0 0.002 0 1
134.822 0.05 0 0 0 0 1
134.902 0.078 0.002 0 0.002 0 1
134.91 0.01 0 0 0 0 1
134.962 0.052 0 0 0 0 1
135.012 0.048 0.002 0.002 0 0 1
135.064 0.054 0 0 0 0 1
135.112 0.046 0.002 0 0.002 0 1
135.16 0.048 0.002 0.002 0 0 1
135.21 0.052 0 0 0 0 1
135.254 0.044 0 0 0 0 1
135.304 0.05 0 0 0 0 1
135.358 0.052 0.002 0 0 0 1
135.422 0.066 0 0 0 0 1
135.448 0.024 0.002 0 0.002 0 1
135.498 0.052 0 0 0 0 1
135.552 0.052 0.002 0 0.002 0 1
135.602 0.052 0 0 0 0 1
135.654 0.05 0.002 0.002 0 0 1
135.706 0.052 0.002 0 0 0.002 1
135.756 0.05 0.002 0.002 0 0 1
135.838 0.084 0 0 0 0 1
135.85 0.008 0.004 0 0.002 0.002 1
135.896 0.05 0 0 0 0 1
135.944 0.046 0.002 0 0.002 0 1
135.994 0.052 0 0 0 0 1
136.044 0.05 0 0 0 0 1
136.09 0.046 0 0 0 0 1
136.142 0.05 0.002 0 0.002 0 1
136.192 0.052 0 0 0 0 1
136.244 0.05 0.002 0 0 0.002 1
136.29 0.048 0 0 0 0 1
136.342 0.052 0 0 0 0 1
136.392 0.05 0 0 0 0 1
136.452 0.058 0.002 0 0.002 0 1
136.48 0.028 0.002 0.002 0 0 1
136.53 0.052 0 0 0 0 1
136.582 0.052 0 0 0 0 1
136.632 0.05 0 0 0 0 1
136.682 0.05 0 0 0 0 1
136.734 0.05 0.002 0 0.002 0 1
136.778 0.046 0 0 0 0 1
136.844 0.066 0 0 0 0 1
136.87 0.024 0.002 0.002 0 0 1
136.92 0.052 0 0 0 0 1
136.972 0.052 0 0 0 0 1
137.026 0.054 0 0 0 0 1
137.074 0.048 0 0 0 0 1
137.124 0.05 0 0 0 0 1
137.176 0.052 0 0 0 0 1
137.256 0.078 0.002 0 0.002 0 1
137.274 0.018 0.002 0 0.002 0 1
137.324 0.05 0.002 0 0.002 0 1
137.376 0.052 0.002 0 0.002 0 1
137.426 0.052 0 0 0 0 1
137.472 0.046 0 0 0 0 1
137.522 0.05 0 0 0 0 1
137.574 0.05 0.002 0 0.002 0 1
137.622 0.05 0 0 0 0 1
137.672 0.05 0 0 0 0 1
137.722 0.05 0 0 0 0 1
137.772 0.05 0 0 0 0 1
137.826 0.054 0 0 0 0 1
137.868 0.04 0.002 0.002 0 0 1
137.918 0.052 0 0 0 0 1
137.97 0.052 0 0 0 0 1
138.022 0.05 0.002 0 0.002 0 1
138.072 0.05 0.002 0 0.002 0 1
138.12 0.05 0 0 0 0 1
138.172 0.052 0 0 0 0 1
138.272 0.098 0.002 0 0.002 0 1
138.318 0.046 0.002 0 0.002 0 1
138.368 0.052 0 0 0 0 1
138.42 0.05 0.002 0 0.002 0 1
138.47 0.052 0 0 0 0 1
138.52 0.048 0.002 0.002 0 0 1
138.572 0.052 0.002 0 0.002 0 1
138.618 0.048 0 0 0 0 1
138.692 0.074 0 0 0 0 1
138.714 0.02 0.002 0 0.002 0 1
138.764 0.05 0.002 0 0.002 0 1
138.814 0.05 0.002 0 0.002 0 1
138.862 0.05 0 0 0 0 1
138.912 0.05 0 0 0 0 1
138.96 0.048 0 0 0 0 1
139.012 0.052 0 0 0 0 1
139.094 0.082 0 0 0 0 1
139.104 0.01 0 0 0 0 1
139.154 0.05 0 0 0 0 1
139.206 0.052 0 0 0 0 1
139.256 0.05 0 0 0 0 1
139.306 0.05 0 0 0 0 1
139.356 0.048 0.002 0 0.002 0 1
139.404 0.05 0 0 0 0 1
139.458 0.054 0 0 0 0 1
139.506 0.048 0 0 0 0 1
139.558 0.05 0.002 0 0.002 0 1
139.608 0.05 0.002 0 0.002 0 1
139.658 0.05 0.002 0 0.002 0 1
139.708 0.05 0.002 0 0.002 0 1
139.756 0.05 0 0 0 0 1
139.808 0.05 0.002 0 0.002 0 1
139.858 0.05 0.002 0 0.002 0 1
139.906 0.048 0.002 0.002 0 0 1
139.956 0.052 0 0 0 0 1
140.006 0.05 0 0 0 0 1
140.056 0.05 0 0 0 0 1
140.098 0.042 0 0 0 0 1
140.15 0.05 0.002 0 0.002 0 1
140.198 0.05 0 0 0 0 1
140.248 0.05 0 0 0 0 1
140.298 0.05 0 0 0 0 1
140.364 0.064 0.002 0 0.002 0 1
140.392 0.03 0 0 0 0 1
140.44 0.048 0 0 0 0 1
140.492 0.05 0.002 0 0.002 0 1
140.542 0.05 0.002 0 0.002 0 1
140.592 0.052 0 0 0 0 1
140.642 0.05 0 0 0 0 1
140.692 0.05 0 0 0 0 1
140.754 0.062 0 0 0 0 1
140.786 0.032 0 0 0 0 1
140.832 0.046 0 0 0 0 1
140.884 0.05 0.002 0.002 0 0 1
140.934 0.05 0.002 0 0.002 0 1
140.984 0.052 0 0 0 0 1
141.034 0.05 0 0 0 0 1
141.086 0.052 0 0 0 0 1
141.19 0.102 0.002 0.002 0 0 1
141.226 0.038 0 0 0 0 1
141.278 0.052 0 0 0 0 1
141.324 0.046 0 0 0 0 1
141.374 0.05 0 0 0 0 1
141.424 0.05 0 0 0 0 1
141.474 0.05 0 0 0 0 1
141.556 0.082 0 0 0 0 1
141.57 0.014 0 0 0 0 1
141.62 0.05 0 0 0 0 1
141.672 0.052 0 0 0 0 1
141.722 0.05 0 0 0 0 1
141.774 0.05 0.002 0.002 0 0 1
141.826 0.054 0 0 0 0 1
141.876 0.048 0.002 0 0.002 0 1
141.926 0.052 0 0 0 0 1
141.968 0.042 0 0 0 0 1
142.032 0.064 0 0 0 0 1
142.058 0.026 0 0 0 0 1
142.11 0.05 0.002 0.002 0 0 1
142.162 0.054 0 0 0 0 1
142.21 0.048 0 0 0 0 1
142.262 0.052 0 0 0 0 1
142.314 0.05 0.002 0 0.002 0 1
142.362 0.048 0.002 0 0.002 0 1
142.464 0.102 0.002 0.002 0 0 1
142.506 0.042 0.002 0 0.002 0 1
142.554 0.048 0.002 0 0.002 0 1
142.606 0.054 0 0 0 0 1
142.656 0.048 0.002 0 0.002 0 1
142.688 0.034 0 0 0 0 1
142.74 0.05 0.002 0 0.002 0 1
142.79 0.05 0.002 0.002 0 0 1
142.84 0.052 0 0 0 0 1
142.92 0.078 0.002 0.002 0 0 1
142.936 0.016 0.002 0.002 0 0 1
142.986 0.052 0 0 0 0 1
143.036 0.05 0 0 0 0 1
143.088 0.05 0.002 0 0.002 0 1
143.138 0.05 0.002 0 0.002 0 1
143.186 0.05 0 0 0 0 1
143.236 0.05 0 0 0 0 1
143.286 0.05 0 0 0 0 1
143.348 0.062 0 0 0 0 1
143.374 0.026 0 0 0 0 1
143.426 0.05 0.002 0 0.002 0 1
143.474 0.05 0 0 0 0 1
143.524 0.05 0 0 0 0 1
143.576 0.05 0.002 0 0.002 0 1
143.62 0.046 0 0 0 0 1
143.67 0.05 0 0 0 0 1
143.72 0.05 0 0 0 0 1
143.806 0.084 0.002 0 0.002 0 1
143.818 0.014 0 0 0 0 1
143.87 0.05 0.002 0 0.002 0 1
143.92 0.05 0.002 0 0.002 0 1
143.97 0.05 0.002 0 0.002 0 1
144.018 0.05 0 0 0 0 1
144.064 0.046 0 0 0 0 1
144.104 0.04 0 0 0 0 1
144.154 0.05 0 0 0 0 1
144.204 0.05 0 0 0 0 1
144.254 0.05 0 0 0 0 1
144.306 0.05 0.002 0 0.002 0 1
144.354 0.05 0 0 0 0 1
144.4 0.046 0 0 0 0 1
144.45 0.05 0 0 0 0 1
144.498 0.048 0 0 0 0 1
144.55 0.05 0.002 0.002 0 0 1
144.6 0.052 0 0 0 0 1
144.642 0.04 0.002 0.002 0 0 1
144.692 0.052 0 0 0 0 1
144.746 0.052 0.002 0 0.002 0 1
144.794 0.05 0 0 0 0 1
144.846 0.052 0 0 0 0 1
144.896 0.05 0 0 0 0 1
144.946 0.05 0 0 0 0 1
144.998 0.05 0.002 0 0.002 0 1
145.074 0.076 0.002 0 0.002 0 1
145.09 0.018 0 0 0 0 1
145.138 0.048 0 0 0 0 1
145.188 0.05 0 0 0 0 1
145.24 0.052 0 0 0 0 1
145.29 0.05 0 0 0 0 1
145.34 0.05 0 0 0 0 1
145.39 0.048 0.002 0.002 0 0 1
145.442 0.052 0.002 0 0.002 0 1
145.49 0.05 0 0 0 0 1
145.566 0.076 0 0 0 0 1
145.582 0.014 0.002 0 0 0.002 1
145.63 0.05 0 0 0 0 1
145.68 0.05 0 0 0 0 1
145.732 0.05 0.002 0 0.002 0 1
145.782 0.052 0 0 0 0 1
145.834 0.05 0.002 0 0.002 0 1
145.886 0.054 0 0 0 0 1
145.932 0.046 0 0 0 0 1
146.01 0.078 0 0 0 0 1
146.022 0.01 0.002 0.002 0 0 1
146.064 0.044 0 0 0 0 1
146.114 0.05 0 0 0 0 1
146.166 0.052 0 0 0 0 1
146.216 0.05 0 0 0 0 1
146.268 0.052 0 0 0 0 1
146.318 0.05 0 0 0 0 1
146.382 0.064 0 0 0 0 1
146.408 0.024 0.002 0 0.002 0 1
146.458 0.052 0 0 0 0 1
146.512 0.052 0.002 0 0.002 0 1
146.56 0.05 0 0 0 0 1
146.612 0.052 0 0 0 0 1
146.664 0.05 0.002 0.002 0 0 1
146.714 0.052 0 0 0 0 1
146.766 0.052 0 0 0 0 1
146.818 0.05 0.002 0 0.002 0 1
146.868 0.052 0 0 0 0 1
146.936 0.066 0.002 0 0.002 0 1
146.946 0.012 0 0 0 0 1
146.996 0.05 0 0 0 0 1
147.048 0.05 0.002 0 0.002 0 1
147.098 0.052 0 0 0 0 1
147.152 0.052 0.002 0 0 0 1
147.202 0.05 0.002 0.002 0 0 1
147.254 0.052 0.002 0 0 0 1
147.304 0.05 0.002 0 0.002 0 1
147.354 0.05 0.002 0 0.002 0 1
147.438 0.084 0.002 0 0 0.002 1
147.45 0.01 0.004 0 0.002 0 1
147.498 0.05 0.002 0 0.002 0 1
147.544 0.046 0.002 0 0.002 0 1
147.596 0.052 0.002 0 0.002 0 1
147.644 0.05 0 0 0 0 1
147.694 0.05 0 0 0 0 1
147.746 0.052 0 0 0 0 1
147.814 0.062 0.006 0.004 0.002 0 1
147.826 0.016 0.002 0 0 0 1
147.876 0.052 0 0 0 0 1
147.93 0.052 0.002 0 0.002 0 1
147.98 0.052 0 0 0 0 1
148.03 0.048 0.002 0 0.002 0 1
148.076 0.048 0 0 0 0 1
148.128 0.05 0.002 0 0.002 0 1
148.174 0.048 0 0 0 0 1
148.226 0.05 0.002 0 0.002 0 1
148.304 0.08 0 0 0 0 1
148.322 0.016 0.002 0 0.002 0 1
148.364 0.042 0.002 0 0.002 0 1
148.414 0.05 0.002 0 0.002 0 1
148.466 0.052 0.002 0 0.002 0 1
148.514 0.048 0.002 0 0.002 0 1
148.564 0.052 0 0 0 0 1
148.614 0.05 0 0 0 0 1
148.674 0.058 0.002 0.002 0 0 1
148.706 0.032 0.002 0.002 0 0 1
148.758 0.052 0.002 0 0.002 0 1
148.806 0.05 0 0 0 0 1
148.856 0.05 0 0 0 0 1
148.906 0.05 0 0 0 0 1
148.95 0.044 0 0 0 0 1
149 0.05 0 0 0 0 1
149.05 0.05 0 0 0 0 1
149.1 0.05 0 0 0 0 1
149.148 0.048 0 0 0 0 1
155.148 5.54 0.46 0 0.458 0 1
155.65 0.494 0.468 0.002 0.466 0 1
156.172 0.514 0.476 0.002 0.474 0 1
156.634 0.476 0.462 0 0.46 0.002 1
157.162 0.51 0.48 0 0.478 0.002 1
157.634 0.48 0.472 0 0.472 0 1
158.138 0.528 0.448 0 0.448 0 1
158.616 0.448 0.478 0 0.478 0 1
159.088 0.478 0.472 0 0.472 0 1
159.642 0.53 0.496 0.002 0.494 0 1
160.178 0.562 0.47 0 0.47 0 1
160.626 0.47 0.448 0 0.448 0 1
161.082 0.448 0.456 0.002 0.454 0 1
161.594 0.512 0.456 0 0.456 0 1
162.056 0.456 0.462 0 0.462 0 1
162.592 0.524 0.474 0 0.474 0 1
163.036 0.474 0.444 0 0.444 0 1
163.48 0.444 0.444 0 0.444 0 1
163.948 0.444 0.468 0 0.468 0 1
164.462 0.532 0.45 0 0.45 0 1
164.878 0.45 0.416 0 0.414 0.002 1
165.364 0.476 0.426 0 0.426 0 1
165.792 0.426 0.428 0 0.426 0.002 1
166.248 0.428 0.456 0 0.454 0.002 1
166.678 0.456 0.43 0 0.43 0 1
167.128 0.482 0.398 0 0.398 0 1
167.554 0.398 0.426 0 0.426 0 1
168.022 0.49 0.404 0 0.404 0 1
168.43 0.404 0.408 0 0.408 0 1
168.852 0.408 0.422 0 0.422 0 1
169.316 0.494 0.392 0 0.392 0 1
169.734 0.44 0.37 0 0.37 0 1
169.986 0.37 0.252 0 0.252 0 1
170.31 0.316 0.26 0 0.26 0 1
170.582 0.26 0.272 0 0.272 0 1
170.828 0.272 0.246 0.002 0.244 0 1
171.092 0.246 0.264 0 0.262 0.002 1
171.394 0.322 0.244 0 0.244 0 1
171.496 0.244 0.102 0 0.102 0 1
171.592 0.102 0.096 0 0.096 0 1
171.78 0.174 0.11 0.002 0.108 0 1
171.858 0.11 0.078 0 0.078 0 1
171.94 0.078 0.082 0.002 0.08 0 1
172.016 0.082 0.076 0 0.076 0 1
172.098 0.076 0.082 0 0.082 0 1
172.172 0.082 0.074 0 0.074 0 1
172.246 0.074 0.074 0 0.074 0 1
172.4 0.146 0.082 0 0.082 0 1
172.4 0.082 0 0 0 0 1
172.412 0.01 0.002 0.002 0 0 1
172.464 0.05 0.004 0.002 0.002 0 1
172.508 0.048 0 0 0 0 1
172.562 0.054 0 0 0 0 1
172.614 0.052 0 0 0 0 1
172.664 0.048 0.002 0.002 0 0 1
172.714 0.052 0 0 0 0 1
172.766 0.05 0.002 0 0.002 0 1
172.81 0.044 0.002 0 0.002 0 1
172.86 0.052 0 0 0 0 1
172.908 0.048 0 0 0 0 1
172.96 0.05 0.002 0.002 0 0 1
173.01 0.05 0.002 0 0.002 0 1
173.052 0.044 0 0 0 0 1
173.098 0.046 0 0 0 0 1
173.15 0.05 0.002 0 0.002 0 1
173.194 0.046 0 0 0 0 1
173.246 0.05 0.002 0 0.002 0 1
173.29 0.046 0 0 0 0 1
173.34 0.05 0 0 0 0 1
173.392 0.052 0 0 0 0 1
173.492 0.1 0 0 0 0 1
173.538 0.044 0.002 0.002 0 0 1
173.588 0.052 0 0 0 0 1
173.64 0.05 0.002 0 0.002 0 1
173.686 0.048 0 0 0 0 1
173.736 0.05 0 0 0 0 1
173.788 0.05 0.002 0.002 0 0 1
173.836 0.05 0 0 0 0 1
173.88 0.044 0 0 0 0 1
173.93 0.05 0 0 0 0 1
173.98 0.05 0 0 0 0 1
174.1 0.118 0.002 0 0.002 0 1
174.126 0.026 0.002 0 0.002 0 1
174.178 0.052 0.002 0 0.002 0 1
174.228 0.052 0 0 0 0 1
174.278 0.05 0 0 0 0 1
174.328 0.05 0 0 0 0 1
174.378 0.048 0.002 0 0.002 0 1
174.43 0.052 0.002 0 0.002 0 1
174.48 0.052 0 0 0 0 1
174.532 0.05 0.002 0 0.002 0 1
174.636 0.106 0 0 0 0 1
174.672 0.036 0 0 0 0 1
174.724 0.052 0 0 0 0 1
174.776 0.05 0.002 0.002 0 0 1
174.828 0.052 0.002 0 0.002 0 1
174.878 0.052 0 0 0 0 1
174.93 0.05 0.002 0 0.002 0 1
174.98 0.05 0.002 0.002 0 0 1
175.032 0.052 0.002 0 0.002 0 1
175.07 0.04 0 0 0 0 1
175.12 0.05 0 0 0 0 1
175.168 0.048 0 0 0 0 1
175.292 0.122 0.002 0.002 0 0 1
175.308 0.018 0 0 0 0 1
175.352 0.044 0 0 0 0 1
175.402 0.05 0 0 0 0 1
175.454 0.052 0 0 0 0 1
175.506 0.052 0 0 0 0 1
175.558 0.05 0.002 0 0.002 0 1
175.608 0.05 0.002 0.002 0 0 1
175.658 0.052 0 0 0 0 1
175.706 0.048 0 0 0 0 1
175.758 0.052 0 0 0 0 1
175.808 0.05 0 0 0 0 1
175.858 0.05 0 0 0 0 1
175.91 0.05 0.002 0 0.002 0 1
175.96 0.05 0.002 0 0.002 0 1
176.008 0.05 0 0 0 0 1
176.056 0.048 0 0 0 0 1
176.098 0.042 0 0 0 0 1
176.15 0.05 0.002 0 0.002 0 1
176.2 0.05 0.002 0 0.002 0 1
176.25 0.052 0 0 0 0 1
176.3 0.05 0 0 0 0 1
176.352 0.05 0.002 0 0.002 0 1
176.4 0.048 0.002 0 0.002 0 1
176.448 0.05 0 0 0 0 1
176.576 0.126 0.002 0 0.002 0 1
176.596 0.02 0.002 0 0.002 0 1
176.646 0.052 0 0 0 0 1
176.696 0.05 0 0 0 0 1
176.748 0.05 0.002 0 0.002 0 1
176.798 0.05 0.002 0 0.002 0 1
176.848 0.05 0.002 0 0.002 0 1
176.898 0.05 0.002 0 0.002 0 1
176.946 0.048 0.002 0 0.002 0 1
176.994 0.05 0 0 0 0 1
177.108 0.114 0 0 0 0 1
177.142 0.034 0 0 0 0 1
177.194 0.052 0 0 0 0 1
177.24 0.046 0 0 0 0 1
177.29 0.05 0 0 0 0 1
177.342 0.05 0.002 0 0.002 0 1
177.39 0.048 0.002 0 0.002 0 1
177.438 0.05 0 0 0 0 1
177.488 0.05 0 0 0 0 1
177.536 0.048 0 0 0 0 1
177.634 0.096 0.002 0 0.002 0 1
177.674 0.04 0.002 0 0.002 0 1
177.724 0.05 0.002 0 0.002 0 1
177.774 0.05 0.002 0.002 0 0 1
177.824 0.05 0.002 0 0.002 0 1
177.874 0.05 0.002 0 0.002 0 1
177.924 0.05 0.002 0 0.002 0 1
177.974 0.05 0.002 0 0.002 0 1
178.024 0.052 0 0 0 0 1
178.076 0.05 0.002 0 0 0.002 1
178.126 0.05 0.002 0 0.002 0 1
178.176 0.05 0.002 0 0.002 0 1
178.226 0.048 0.004 0.002 0.002 0 1
178.274 0.052 0 0 0 0 1
178.324 0.05 0 0 0 0 1
178.376 0.05 0.002 0 0.002 0 1
178.424 0.05 0 0 0 0 1
178.472 0.048 0 0 0 0 1
178.522 0.05 0 0 0 0 1
178.572 0.044 0.006 0 0.006 0 1
178.616 0.05 0 0 0 0 1
178.67 0.052 0.002 0 0.002 0 1
178.72 0.052 0 0 0 0 1
178.772 0.05 0.002 0 0.002 0 1
178.822 0.05 0.002 0.002 0 0 1
178.872 0.052 0 0 0 0 1
178.962 0.09 0 0 0 0 1
179.006 0.042 0.002 0 0.002 0 1
179.056 0.05 0.002 0.002 0 0 1
179.106 0.052 0 0 0 0 1
179.156 0.05 0 0 0 0 1
179.206 0.05 0 0 0 0 1
179.256 0.05 0 0 0 0 1
179.306 0.05 0 0 0 0 1
179.354 0.048 0 0 0 0 1
179.404 0.05 0 0 0 0 1
179.454 0.05 0 0 0 0 1
179.504 0.05 0 0 0 0 1
179.554 0.05 0 0 0 0 1
179.604 0.05 0 0 0 0 1
179.654 0.048 0.002 0 0.002 0 1
179.702 0.05 0 0 0 0 1
179.754 0.05 0.002 0.002 0 0 1
179.802 0.05 0 0 0 0 1
179.854 0.052 0 0 0 0 1
179.9 0.046 0 0 0 0 1
179.946 0.046 0 0 0 0 1
179.992 0.044 0.002 0 0.002 0 1
180.042 0.052 0 0 0 0 1
180.094 0.05 0.002 0 0.002 0 1
180.144 0.05 0.002 0 0.002 0 1
180.194 0.052 0 0 0 0 1
180.244 0.05 0 0 0 0 1
180.32 0.076 0 0 0 0 1
180.322 0 0.002 0.002 0 0 1
180.364 0.044 0 0 0 0 1
180.416 0.052 0 0 0 0 1
180.466 0.05 0 0 0 0 1
180.514 0.048 0 0 0 0 1
180.566 0.05 0.002 0 0.002 0 1
180.614 0.05 0 0 0 0 1
180.666 0.05 0.002 0 0.002 0 1
180.712 0.048 0 0 0 0 1
180.762 0.048 0.002 0 0.002 0 1
180.832 0.072 0 0 0 0 1
180.838 0.006 0 0 0 0 1
180.888 0.05 0 0 0 0 1
180.94 0.05 0.002 0 0.002 0 1
180.988 0.05 0 0 0 0 1
181.04 0.05 0.002 0 0.002 0 1
181.09 0.052 0 0 0 0 1
181.14 0.05 0 0 0 0 1
181.19 0.05 0 0 0 0 1
181.242 0.05 0.002 0 0.002 0 1
181.292 0.05 0.002 0 0.002 0 1
181.338 0.048 0 0 0 0 1
181.39 0.05 0.002 0 0.002 0 1
181.44 0.05 0.002 0 0.002 0 1
181.518 0.078 0.002 0 0 0.002 1
181.534 0.018 0 0 0 0 1
181.586 0.052 0 0 0 0 1
181.634 0.048 0 0 0 0 1
181.686 0.052 0 0 0 0 1
181.736 0.05 0 0 0 0 1
181.784 0.048 0 0 0 0 1
181.838 0.052 0.002 0 0.002 0 1
181.884 0.048 0 0 0 0 1
181.936 0.052 0 0 0 0 1
181.986 0.05 0 0 0 0 1
182.036 0.05 0 0 0 0 1
182.156 0.118 0.002 0.002 0 0 1
182.172 0.018 0 0 0 0 1
182.224 0.052 0 0 0 0 1
182.276 0.052 0 0 0 0 1
182.328 0.052 0 0 0 0 1
182.378 0.05 0 0 0 0 1
182.43 0.052 0 0 0 0 1
182.476 0.046 0 0 0 0 1
182.524 0.048 0 0 0 0 1
182.576 0.048 0.004 0 0.004 0 1
182.624 0.052 0 0 0 0 1
182.676 0.05 0.002 0 0.002 0 1
182.778 0.102 0.002 0 0.002 0 1
182.822 0.046 0 0 0 0 1
182.872 0.048 0.002 0 0.002 0 1
182.92 0.05 0 0 0 0 1
182.97 0.048 0.002 0.002 0 0 1
183.02 0.052 0 0 0 0 1
183.072 0.05 0.002 0.002 0 0 1
183.122 0.05 0.002 0.002 0 0 1
183.172 0.052 0 0 0 0 1
183.212 0.04 0 0 0 0 1
183.26 0.048 0 0 0 0 1
183.312 0.052 0 0 0 0 1
183.364 0.052 0 0 0 0 1
183.492 0.126 0.002 0 0 0.002 1
183.51 0.018 0.002 0 0 0.002 1
183.56 0.052 0 0 0 0 1
183.612 0.05 0.002 0 0.002 0 1
183.664 0.052 0.002 0 0.002 0 1
183.708 0.046 0 0 0 0 1
183.758 0.05 0 0 0 0 1
183.812 0.052 0.002 0 0.002 0 1
183.86 0.05 0 0 0 0 1
183.912 0.052 0 0 0 0 1
183.964 0.05 0.002 0 0.002 0 1
184.012 0.05 0 0 0 0 1
184.062 0.05 0 0 0 0 1
184.114 0.05 0.002 0 0.002 0 1
184.162 0.05 0 0 0 0 1
184.212 0.05 0 0 0 0 1
184.264 0.052 0 0 0 0 1
184.314 0.05 0 0 0 0 1
184.364 0.048 0.002 0 0.002 0 1
184.412 0.05 0 0 0 0 1
184.454 0.042 0 0 0 0 1
184.502 0.048 0 0 0 0 1
184.554 0.05 0.002 0.002 0 0 1
184.598 0.044 0.002 0 0.002 0 1
184.646 0.05 0 0 0 0 1
184.752 0.104 0.002 0 0.002 0 1
184.776 0.024 0.002 0.002 0 0 1
184.824 0.05 0 0 0 0 1
184.876 0.052 0 0 0 0 1
184.928 0.052 0 0 0 0 1
184.98 0.05 0.002 0 0.002 0 1
185.028 0.05 0 0 0 0 1
185.082 0.052 0.002 0 0.002 0 1
185.132 0.05 0.002 0 0.002 0 1
185.178 0.046 0.002 0.002 0 0 1
185.282 0.106 0 0 0 0 1
185.322 0.038 0.002 0 0.002 0 1
185.374 0.052 0.002 0.002 0 0 1
185.426 0.052 0.002 0 0.002 0 1
185.478 0.052 0.002 0 0 0.002 1
185.528 0.05 0.002 0 0.002 0 1
185.578 0.052 0 0 0 0 1
185.628 0.05 0 0 0 0 1
185.68 0.05 0.002 0.002 0 0 1
185.73 0.05 0.002 0.002 0 0 1
185.778 0.05 0 0 0 0 1
185.828 0.048 0.002 0.002 0 0 1
185.878 0.052 0 0 0 0 1
185.93 0.05 0.002 0 0.002 0 1
185.978 0.05 0 0 0 0 1
186.028 0.05 0 0 0 0 1
186.112 0.084 0 0 0 0 1
186.122 0.004 0.006 0.004 0.002 0 1
186.172 0.056 0 0 0 0 1
186.224 0.05 0.002 0 0.002 0 1
186.274 0.052 0 0 0 0 1
186.324 0.05 0 0 0 0 1
186.374 0.048 0.002 0 0.002 0 1
186.422 0.05 0 0 0 0 1
186.47 0.048 0 0 0 0 1
186.52 0.05 0 0 0 0 1
186.634 0.114 0 0 0 0 1
186.668 0.034 0 0 0 0 1
186.716 0.048 0 0 0 0 1
186.766 0.05 0 0 0 0 1
186.816 0.05 0 0 0 0 1
186.866 0.05 0 0 0 0 1
186.918 0.052 0 0 0 0 1
186.968 0.05 0 0 0 0 1
187.012 0.042 0.002 0 0.002 0 1
187.062 0.05 0.002 0 0.002 0 1
187.11 0.05 0 0 0 0 1
187.16 0.05 0 0 0 0 1
187.272 0.108 0.004 0.002 0 0.002 1
187.306 0.038 0 0 0 0 1
187.354 0.046 0.002 0.002 0 0 1
187.406 0.052 0.002 0 0.002 0 1
187.456 0.052 0 0 0 0 1
187.506 0.05 0 0 0 0 1
187.558 0.05 0.002 0.002 0 0 1
187.608 0.052 0 0 0 0 1
187.654 0.046 0 0 0 0 1
187.708 0.054 0 0 0 0 1
187.758 0.05 0 0 0 0 1
187.884 0.124 0.002 0 0.002 0 1
187.9 0.018 0 0 0 0 1
187.95 0.048 0.002 0 0 0.002 1
187.998 0.05 0 0 0 0 1
188.05 0.05 0.002 0 0.002 0 1
188.098 0.048 0.002 0 0.002 0 1
188.144 0.046 0.002 0.002 0 0 1
188.188 0.044 0.002 0.002 0 0 1
188.24 0.054 0 0 0 0 1
188.36 0.118 0.002 0 0 0.002 1
188.384 0.024 0.002 0.002 0 0 1
188.436 0.054 0 0 0 0 1
188.488 0.052 0 0 0 0 1
188.54 0.052 0 0 0 0 1
188.59 0.048 0.002 0 0.002 0 1
188.642 0.052 0.002 0 0.002 0 1
188.694 0.052 0.002 0 0.002 0 1
188.744 0.05 0.002 0 0.002 0 1
188.794 0.05 0.002 0 0.002 0 1
188.912 0.118 0.002 0 0 0.002 1
188.936 0.024 0.002 0.002 0 0 1
188.986 0.052 0 0 0 0 1
189.04 0.052 0.002 0 0.002 0 1
189.088 0.048 0.002 0.002 0 0 1
189.138 0.052 0 0 0 0 1
189.19 0.05 0.002 0.002 0 0 1
189.24 0.052 0 0 0 0 1
189.29 0.05 0 0 0 0 1
189.34 0.05 0 0 0 0 1
189.392 0.05 0.002 0 0.002 0 1
189.504 0.112 0.002 0 0 0.002 1
189.534 0.032 0 0 0 0 1
189.586 0.052 0 0 0 0 1
189.634 0.048 0 0 0 0 1
189.686 0.052 0 0 0 0 1
189.736 0.05 0 0 0 0 1
189.788 0.052 0 0 0 0 1
189.838 0.048 0.002 0 0.002 0 1
189.886 0.05 0 0 0 0 1
189.928 0.042 0 0 0 0 1
190.012 0.082 0.002 0 0 0.002 1
190.018 0.008 0 0 0 0 1
190.07 0.052 0 0 0 0 1
190.122 0.052 0 0 0 0 1
190.172 0.048 0.002 0.002 0 0 1
190.224 0.052 0.002 0 0.002 0 1
190.274 0.05 0.002 0.002 0 0 1
190.324 0.05 0.002 0 0.002 0 1
190.374 0.05 0.002 0.002 0 0 1
190.424 0.052 0 0 0 0 1
190.476 0.048 0.004 0 0.004 0 1
190.524 0.052 0 0 0 0 1
190.62 0.096 0 0 0 0 1
190.658 0.038 0 0 0 0 1
190.71 0.052 0 0 0 0 1
190.762 0.05 0.002 0 0.002 0 1
190.814 0.054 0 0 0 0 1
190.86 0.044 0.002 0.002 0 0 1
190.91 0.05 0.002 0.002 0 0 1
190.962 0.05 0.004 0 0.004 0 1
191.012 0.052 0.002 0 0 0 1
191.06 0.05 0 0 0 0 1
191.102 0.042 0 0 0 0 1
191.154 0.05 0.002 0 0.002 0 1
191.2 0.048 0 0 0 0 1
191.25 0.05 0 0 0 0 1
191.302 0.05 0.002 0.002 0 0 1
191.352 0.052 0 0 0 0 1
191.402 0.05 0 0 0 0 1
191.452 0.05 0 0 0 0 1
191.502 0.05 0 0 0 0 1
191.552 0.05 0 0 0 0 1
191.602 0.046 0.004 0.002 0.002 0 1
191.652 0.052 0.002 0 0.002 0 1
191.702 0.05 0.002 0 0.002 0 1
191.75 0.048 0.002 0 0.002 0 1
191.852 0.104 0 0 0 0 1
191.884 0.03 0.002 0 0.002 0 1
191.94 0.058 0 0 0 0 1
191.982 0.04 0.002 0 0.002 0 1
192.024 0.044 0 0 0 0 1
192.074 0.05 0 0 0 0 1
192.126 0.05 0.002 0.002 0 0 1
192.176 0.05 0.002 0 0.002 0 1
192.22 0.046 0 0 0 0 1
192.272 0.05 0.002 0.002 0 0 1
192.312 0.042 0 0 0 0 1
192.364 0.052 0 0 0 0 1
192.416 0.05 0.002 0 0.002 0 1
192.524 0.108 0.002 0 0.002 0 1
192.558 0.036 0 0 0 0 1
192.61 0.052 0 0 0 0 1
192.66 0.048 0.002 0 0.002 0 1
192.71 0.052 0 0 0 0 1
192.76 0.05 0 0 0 0 1
192.81 0.05 0 0 0 0 1
192.862 0.052 0 0 0 0 1
192.914 0.05 0.002 0 0.002 0 1
192.958 0.044 0.002 0 0.002 0 1
193.008 0.05 0.002 0.002 0 0 1
193.052 0.046 0 0 0 0 1
193.104 0.05 0.002 0 0.002 0 1
193.154 0.052 0 0 0 0 1
193.206 0.05 0.002 0.002 0 0 1
193.256 0.052 0 0 0 0 1
193.306 0.05 0 0 0 0 1
193.356 0.05 0 0 0 0 1
193.408 0.05 0.002 0.002 0 0 1
193.456 0.05 0 0 0 0 1
193.506 0.05 0 0 0 0 1
193.556 0.05 0 0 0 0 1
193.606 0.05 0 0 0 0 1
193.648 0.042 0 0 0 0 1
193.746 0.096 0.002 0 0.002 0 1
193.748 0.002 0.002 0 0.002 0 1
