24.928 24.876 0.052 0.052 0 0 1
24.974 0.052 0.046 0.046 0 0 1
25.02 0.048 0.044 0.044 0 0 1
25.072 0.052 0.044 0.044 0 0 1
25.124 0.05 0.046 0.044 0 0 1
25.172 0.05 0.044 0.044 0 0 1
25.24 0.068 0.044 0.044 0 0 1
26.246 0.044 1.006 0.02 0.986 0.986 6
27.214 1.006 0.968 0.014 0.954 0.954 6
27.28 0.992 0.042 0.04 0 0 1
27.316 0.042 0.036 0.036 0 0 1
27.356 0.036 0.04 0.04 0 0 1
27.398 0.04 0.042 0.042 0 0 1
27.436 0.042 0.038 0.038 0 0 1
27.48 0.038 0.044 0.044 0 0 1
27.56 0.072 0.052 0.05 0 0 1
27.632 0.052 0.072 0.072 0 0 1
27.696 0.072 0.064 0.064 0 0 1
27.762 0.064 0.066 0.066 0 0 1
27.852 0.092 0.064 0.064 0 0 1
27.926 0.064 0.074 0.074 0 0 1
27.984 0.074 0.058 0.058 0 0 1
28.058 0.058 0.074 0.074 0 0 1
28.156 0.1 0.072 0.072 0 0 1
28.224 0.072 0.068 0.068 0 0 1
28.308 0.086 0.066 0.066 0 0 1
28.368 0.066 0.06 0.06 0 0 1
28.42 0.06 0.052 0.052 0 0 1
28.5 0.072 0.06 0.06 0 0 1
28.548 0.06 0.048 0.048 0 0 1
28.604 0.048 0.056 0.056 0 0 1
28.654 0.056 0.05 0.05 0 0 1
28.712 0.05 0.058 0.058 0 0 1
28.754 0.058 0.042 0.042 0 0 1
28.834 0.066 0.056 0.056 0 0 1
28.888 0.056 0.054 0.054 0 0 1
28.934 0.054 0.046 0.046 0 0 1
28.998 0.062 0.048 0.048 0 0 1
29.044 0.048 0.046 0.046 0 0 1
29.08 0.046 0.036 0.036 0 0 1
29.12 0.036 0.04 0.04 0 0 1
29.184 0.054 0.05 0.05 0 0 1
29.232 0.05 0.048 0.048 0 0 1
29.278 0.048 0.046 0.046 0 0 1
29.32 0.046 0.042 0.042 0 0 1
29.374 0.042 0.054 0.052 0 0 1
29.43 0.054 0.056 0.056 0 0 1
29.484 0.056 0.054 0.054 0 0 1
29.534 0.054 0.05 0.05 0 0 1
29.608 0.076 0.048 0.048 0 0 1
29.638 0.048 0.03 0.03 0 0 1
29.7 0.046 0.046 0.046 0 0 1
29.75 0.046 0.05 0.05 0 0 1
29.802 0.05 0.052 0.052 0 0 1
29.836 0.052 0.034 0.034 0 0 1
29.886 0.034 0.05 0.05 0 0 1
29.936 0.05 0.05 0.05 0 0 1
29.988 0.05 0.052 0.05 0 0 1
30.052 0.066 0.05 0.05 0 0 1
30.118 0.05 0.066 0.066 0 0 1
30.186 0.066 0.068 0.068 0 0 1
30.268 0.092 0.058 0.058 0 0 1
30.322 0.058 0.054 0.054 0 0 1
30.37 0.054 0.048 0.048 0 0 1
30.432 0.048 0.062 0.062 0 0 1
30.486 0.062 0.054 0.054 0 0 1
30.554 0.054 0.068 0.068 0 0 1
30.622 0.088 0.048 0.048 0 0 1
30.664 0.048 0.042 0.042 0 0 1
30.712 0.042 0.048 0.048 0 0 1
30.762 0.048 0.05 0.05 0 0 1
30.83 0.068 0.05 0.05 0 0 1
30.878 0.05 0.048 0.048 0 0 1
30.936 0.048 0.058 0.058 0 0 1
30.988 0.058 0.052 0.052 0 0 1
31.03 0.052 0.042 0.042 0 0 1
31.07 0.042 0.04 0.04 0 0 1
31.11 0.04 0.04 0.04 0 0 1
31.194 0.072 0.052 0.052 0 0 1
31.248 0.052 0.054 0.054 0 0 1
31.296 0.054 0.048 0.048 0 0 1
31.364 0.068 0.048 0.048 0 0 1
31.416 0.048 0.052 0.05 0 0 1
31.46 0.052 0.044 0.044 0 0 1
31.504 0.044 0.044 0.044 0 0 1
31.556 0.044 0.052 0.052 0 0 1
31.618 0.072 0.042 0.042 0 0 1
31.668 0.042 0.05 0.05 0 0 1
31.718 0.05 0.05 0.05 0 0 1
31.762 0.05 0.044 0.044 0 0 1
31.806 0.044 0.044 0.044 0 0 1
31.858 0.044 0.052 0.052 0 0 1
31.908 0.052 0.05 0.05 0 0 1
31.968 0.068 0.042 0.042 0 0 1
32.024 0.042 0.056 0.056 0 0 1
32.074 0.056 0.05 0.05 0 0 1
32.128 0.05 0.054 0.054 0 0 1
32.182 0.054 0.054 0.054 0 0 1
32.23 0.054 0.048 0.048 0 0 1
32.31 0.072 0.056 0.056 0 0 1
32.36 0.056 0.05 0.05 0 0 1
32.41 0.05 0.05 0.05 0 0 1
32.488 0.078 0.05 0.05 0 0 1
32.536 0.05 0.048 0.048 0 0 1
32.586 0.048 0.05 0.05 0 0 1
32.644 0.05 0.058 0.058 0 0 1
32.716 0.082 0.048 0.048 0 0 1
32.768 0.048 0.052 0.052 0 0 1
32.82 0.052 0.052 0.05 0 0 1
32.892 0.076 0.048 0.048 0 0 1
32.94 0.05 0.046 0.046 0 0 1
32.984 0.046 0.044 0.044 0 0 1
33.028 0.044 0.044 0.044 0 0 1
33.082 0.044 0.054 0.054 0 0 1
33.122 0.054 0.04 0.04 0 0 1
33.156 0.04 0.034 0.034 0 0 1
33.214 0.05 0.042 0.042 0 0 1
33.264 0.042 0.05 0.05 0 0 1
33.332 0.05 0.068 0.068 0 0 1
33.392 0.068 0.06 0.06 0 0 1
33.458 0.06 0.066 0.066 0 0 1
33.5 0.066 0.042 0.042 0 0 1
33.596 0.07 0.068 0.068 0 0 1
33.656 0.068 0.06 0.06 0 0 1
33.73 0.06 0.074 0.074 0 0 1
33.82 0.096 0.068 0.068 0 0 1
33.882 0.068 0.062 0.062 0 0 1
33.99 0.094 0.076 0.076 0 0 1
34.058 0.076 0.068 0.068 0 0 1
34.118 0.068 0.06 0.06 0 0 1
34.204 0.084 0.062 0.062 0 0 1
34.26 0.062 0.056 0.056 0 0 1
34.32 0.056 0.06 0.06 0 0 1
34.376 0.06 0.056 0.056 0 0 1
34.44 0.056 0.064 0.064 0 0 1
34.514 0.064 0.074 0.074 0 0 1
34.602 0.096 0.066 0.066 0 0 1
34.66 0.066 0.058 0.058 0 0 1
34.716 0.058 0.056 0.056 0 0 1
34.772 0.056 0.056 0.056 0 0 1
34.838 0.056 0.066 0.066 0 0 1
34.914 0.084 0.058 0.056 0 0 1
34.972 0.058 0.058 0.058 0 0 1
35.042 0.058 0.07 0.07 0 0 1
35.106 0.07 0.064 0.064 0 0 1
35.158 0.064 0.052 0.052 0 0 1
35.226 0.052 0.068 0.068 0 0 1
35.314 0.096 0.06 0.06 0 0 1
35.376 0.06 0.062 0.062 0 0 1
35.454 0.084 0.056 0.056 0 0 1
35.508 0.056 0.054 0.054 0 0 1
35.564 0.054 0.056 0.056 0 0 1
35.652 0.08 0.064 0.064 0 0 1
35.71 0.064 0.058 0.058 0 0 1
35.772 0.058 0.062 0.062 0 0 1
35.822 0.062 0.05 0.05 0 0 1
35.876 0.05 0.054 0.054 0 0 1
35.936 0.054 0.06 0.06 0 0 1
36.012 0.078 0.058 0.058 0 0 1
37.026 0.058 1.014 0.02 0.994 0.994 6
37.998 1.014 0.972 0.018 0.954 0.954 6
38.082 0.99 0.066 0.066 0 0 1
38.182 0.096 0.07 0.07 0 0 1
38.244 0.07 0.062 0.062 0 0 1
38.32 0.084 0.054 0.054 0 0 1
38.384 0.054 0.064 0.064 0 0 1
38.446 0.064 0.062 0.062 0 0 1
38.538 0.088 0.066 0.066 0 0 1
38.598 0.066 0.06 0.06 0 0 1
38.66 0.06 0.062 0.062 0 0 1
38.746 0.092 0.056 0.056 0 0 1
38.814 0.056 0.068 0.068 0 0 1
39.852 0.096 1.01 0.022 0.988 0.988 6
40.856 1.01 1.004 0.012 0.992 0.992 6
40.93 1.028 0.05 0.05 0 0 1
40.976 0.05 0.046 0.046 0 0 1
41.028 0.046 0.052 0.052 0 0 1
41.076 0.052 0.048 0.048 0 0 1
41.146 0.068 0.05 0.048 0 0 1
41.194 0.05 0.048 0.048 0 0 1
41.24 0.048 0.046 0.046 0 0 1
41.294 0.046 0.054 0.054 0 0 1
41.372 0.076 0.056 0.056 0 0 1
41.42 0.056 0.048 0.048 0 0 1
41.476 0.048 0.056 0.056 0 0 1
41.53 0.056 0.054 0.054 0 0 1
41.58 0.054 0.05 0.05 0 0 1
41.626 0.05 0.046 0.046 0 0 1
41.67 0.046 0.044 0.044 0 0 1
41.738 0.064 0.048 0.048 0 0 1
41.79 0.048 0.052 0.052 0 0 1
41.848 0.052 0.058 0.058 0 0 1
41.926 0.082 0.054 0.054 0 0 1
41.968 0.054 0.042 0.042 0 0 1
42.05 0.072 0.052 0.052 0 0 1
43.016 0.052 0.966 0.018 0.946 0.946 6
44 0.966 0.984 0.016 0.968 0.968 6
44.076 1.006 0.054 0.054 0 0 1
44.124 0.054 0.048 0.048 0 0 1
44.172 0.048 0.048 0.048 0 0 1
44.238 0.068 0.046 0.046 0 0 1
45.206 0.046 0.968 0.016 0.952 0.952 6
46.158 0.97 0.95 0.016 0.934 0.934 6
46.238 0.976 0.054 0.054 0 0 1
46.286 0.054 0.048 0.048 0 0 1
46.336 0.048 0.05 0.05 0 0 1
46.408 0.072 0.05 0.05 0 0 1
46.458 0.05 0.05 0.05 0 0 1
46.49 0.052 0.03 0.03 0 0 1
46.576 0.05 0.066 0.066 0 0 1
46.64 0.068 0.062 0.062 0 0 1
46.698 0.062 0.058 0.058 0 0 1
46.746 0.058 0.048 0.046 0 0 1
46.81 0.068 0.044 0.044 0 0 1
46.84 0.044 0.03 0.03 0 0 1
46.886 0.03 0.046 0.046 0 0 1
46.96 0.068 0.052 0.052 0 0 1
47.008 0.052 0.048 0.048 0 0 1
47.052 0.048 0.044 0.044 0 0 1
47.082 0.044 0.03 0.03 0 0 1
47.162 0.058 0.052 0.052 0 0 1
47.22 0.054 0.056 0.056 0 0 1
47.268 0.056 0.048 0.048 0 0 1
47.336 0.072 0.044 0.044 0 0 1
47.378 0.044 0.042 0.042 0 0 1
47.42 0.042 0.042 0.042 0 0 1
47.47 0.042 0.05 0.05 0 0 1
47.514 0.052 0.042 0.042 0 0 1
47.568 0.05 0.046 0.046 0 0 1
47.618 0.054 0.042 0.042 0 0 1
47.666 0.048 0.042 0.042 0 0 1
47.732 0.066 0.042 0.042 0 0 1
47.792 0.042 0.06 0.06 0 0 1
47.852 0.06 0.06 0.06 0 0 1
47.922 0.06 0.07 0.07 0 0 1
47.998 0.09 0.056 0.056 0 0 1
48.068 0.056 0.07 0.07 0 0 1
48.136 0.07 0.068 0.068 0 0 1
48.24 0.096 0.076 0.076 0 0 1
48.314 0.076 0.074 0.074 0 0 1
48.404 0.098 0.066 0.066 0 0 1
48.476 0.068 0.07 0.068 0 0 1
48.566 0.092 0.068 0.068 0 0 1
48.62 0.068 0.054 0.054 0 0 1
48.682 0.056 0.06 0.06 0 0 1
48.744 0.06 0.062 0.062 0 0 1
48.824 0.062 0.08 0.08 0 0 1
48.892 0.082 0.066 0.066 0 0 1
48.968 0.092 0.05 0.05 0 0 1
49.964 0.05 0.996 0.018 0.978 0.978 7
50.968 0.996 1.004 0.02 0.982 0.982 7
51.05 1.022 0.064 0.064 0 0 1
51.13 0.084 0.06 0.06 0 0 1
51.196 0.06 0.066 0.066 0 0 1
51.258 0.066 0.062 0.062 0 0 1
51.312 0.062 0.054 0.054 0 0 1
51.37 0.054 0.058 0.058 0 0 1
51.44 0.058 0.07 0.07 0 0 1
51.538 0.098 0.07 0.07 0 0 1
51.602 0.072 0.062 0.062 0 0 1
51.684 0.084 0.06 0.06 0 0 1
51.744 0.062 0.058 0.058 0 0 1
51.798 0.058 0.054 0.054 0 0 1
51.864 0.054 0.066 0.066 0 0 1
51.93 0.066 0.066 0.066 0 0 1
52.022 0.092 0.066 0.066 0 0 1
52.09 0.066 0.068 0.068 0 0 1
52.148 0.068 0.058 0.058 0 0 1
52.226 0.086 0.05 0.05 0 0 1
52.282 0.05 0.056 0.056 0 0 1
52.342 0.056 0.06 0.06 0 0 1
52.414 0.08 0.052 0.052 0 0 1
52.462 0.052 0.048 0.048 0 0 1
52.512 0.048 0.05 0.05 0 0 1
53.474 0.068 0.944 0.014 0.93 0.93 6
54.412 0.946 0.936 0.016 0.92 0.92 6
55.38 0.956 0.948 0.006 0.942 0.942 6
56.382 0.964 0.986 0.014 0.972 0.972 6
56.444 0.988 0.06 0.06 0 0 1
56.524 0.082 0.058 0.058 0 0 1
56.576 0.058 0.052 0.052 0 0 1
56.638 0.052 0.062 0.062 0 0 1
56.706 0.084 0.046 0.046 0 0 1
56.772 0.046 0.066 0.066 0 0 1
56.824 0.066 0.052 0.052 0 0 1
56.886 0.052 0.062 0.062 0 0 1
56.95 0.062 0.064 0.064 0 0 1
57 0.064 0.05 0.05 0 0 1
57.084 0.074 0.06 0.06 0 0 1
57.15 0.06 0.066 0.064 0 0 1
57.202 0.066 0.052 0.052 0 0 1
57.254 0.052 0.052 0.052 0 0 1
57.288 0.052 0.034 0.034 0 0 1
57.372 0.044 0.074 0.074 0 0 1
57.434 0.074 0.062 0.062 0 0 1
57.498 0.062 0.064 0.064 0 0 1
57.588 0.084 0.07 0.07 0 0 1
57.656 0.072 0.066 0.066 0 0 1
57.726 0.066 0.07 0.07 0 0 1
57.826 0.096 0.074 0.074 0 0 1
57.89 0.074 0.064 0.064 0 0 1
57.956 0.064 0.066 0.066 0 0 1
58.018 0.066 0.062 0.062 0 0 1
58.086 0.062 0.068 0.068 0 0 1
58.16 0.088 0.054 0.054 0 0 1
58.212 0.054 0.052 0.052 0 0 1
58.292 0.076 0.056 0.056 0 0 1
58.344 0.056 0.052 0.052 0 0 1
58.396 0.052 0.052 0.052 0 0 1
58.442 0.052 0.046 0.046 0 0 1
58.524 0.07 0.058 0.058 0 0 1
58.574 0.058 0.05 0.048 0 0 1
58.63 0.05 0.056 0.056 0 0 1
58.686 0.056 0.056 0.056 0 0 1
58.766 0.078 0.058 0.058 0 0 1
58.824 0.058 0.058 0.058 0 0 1
58.876 0.058 0.052 0.052 0 0 1
58.932 0.052 0.056 0.056 0 0 1
58.994 0.056 0.062 0.062 0 0 1
59.086 0.082 0.072 0.072 0 0 1
59.162 0.072 0.076 0.076 0 0 1
59.234 0.076 0.072 0.072 0 0 1
59.292 0.072 0.058 0.058 0 0 1
59.35 0.058 0.058 0.058 0 0 1
59.446 0.078 0.076 0.076 0 0 1
59.508 0.076 0.062 0.062 0 0 1
59.57 0.062 0.062 0.062 0 0 1
59.654 0.084 0.062 0.062 0 0 1
59.718 0.062 0.064 0.064 0 0 1
59.774 0.064 0.056 0.056 0 0 1
59.846 0.056 0.072 0.072 0 0 1
59.918 0.072 0.072 0.072 0 0 1
60.006 0.098 0.062 0.062 0 0 1
61 0.064 0.992 0.012 0.98 0.98 6
61.948 0.992 0.948 0.016 0.932 0.932 6
62.916 0.972 0.944 0.016 0.928 0.928 4
63.894 0.964 0.958 0.016 0.942 0.942 4
64.426 0.958 0.532 0.004 0.526 0.526 1
64.958 0.56 0.504 0.008 0.496 0.496 2
65.492 0.504 0.534 0.004 0.53 0.53 2
66.042 0.56 0.524 0.008 0.516 0.516 2
66.572 0.526 0.528 0.006 0.522 0.522 2
67.14 0.548 0.548 0.01 0.538 0.538 2
67.708 0.548 0.568 0.008 0.56 0.56 2
68.274 0.602 0.532 0.004 0.528 0.528 2
68.818 0.532 0.544 0.01 0.534 0.534 2
69.382 0.578 0.53 0.008 0.522 0.522 2
69.91 0.53 0.528 0.006 0.52 0.52 2
70.5 0.554 0.564 0.004 0.556 0.556 2
71.05 0.564 0.55 0.006 0.544 0.544 2
71.65 0.59 0.56 0.002 0.558 0.558 2
72.188 0.56 0.538 0.002 0.536 0.536 2
72.748 0.562 0.536 0.006 0.53 0.53 2
73.314 0.57 0.532 0.01 0.522 0.522 2
73.828 0.532 0.514 0.006 0.508 0.508 2
74.378 0.542 0.522 0.006 0.516 0.516 2
74.916 0.522 0.538 0.006 0.53 0.53 2
75.444 0.566 0.5 0.006 0.494 0.494 2
75.964 0.5 0.52 0.008 0.512 0.512 2
76.526 0.562 0.52 0.008 0.512 0.512 2
77.038 0.52 0.512 0.006 0.506 0.506 2
77.58 0.512 0.542 0.006 0.536 0.536 2
78.142 0.572 0.532 0.006 0.526 0.526 2
78.662 0.532 0.52 0.006 0.514 0.514 2
79.264 0.554 0.568 0.006 0.562 0.562 2
79.826 0.568 0.562 0.004 0.558 0.558 2
80.634 0.6 0.77 0 0.77 0.77 2
81.45 0.77 0.816 0.006 0.81 0.81 2
82.344 0.856 0.854 0.008 0.844 0.844 2
83.174 0.854 0.83 0.006 0.824 0.824 2
84.126 0.872 0.91 0.008 0.902 0.902 2
85.054 0.91 0.928 0.006 0.922 0.922 2
86.004 0.974 0.904 0.008 0.896 0.896 2
86.942 0.904 0.938 0.008 0.93 0.93 2
87.922 0.972 0.946 0.008 0.938 0.938 2
88.87 0.946 0.948 0.01 0.938 0.938 2
89.712 0.98 0.81 0.008 0.802 0.802 2
90.524 0.81 0.812 0.006 0.806 0.806 2
91.38 0.848 0.82 0.006 0.814 0.814 2
92.208 0.82 0.828 0.006 0.822 0.822 2
93.216 0.868 0.968 0.006 0.962 0.962 2
94.19 0.968 0.974 0.008 0.966 0.966 2
95.142 1.018 0.908 0.004 0.904 0.904 2
96.094 0.91 0.95 0.004 0.946 0.946 2
97.034 0.992 0.898 0.004 0.894 0.894 2
97.976 0.936 0.904 0.006 0.898 0.898 2
98.886 0.904 0.91 0.006 0.904 0.904 2
99.82 0.948 0.896 0.008 0.888 0.888 2
100.736 0.896 0.916 0.008 0.908 0.908 2
101.696 0.962 0.914 0.008 0.906 0.906 2
102.58 0.914 0.884 0 0.884 0.884 2
103.54 0.918 0.926 0.006 0.92 0.92 2
104.456 0.926 0.916 0.008 0.908 0.908 2
105.418 0.958 0.92 0.008 0.912 0.912 2
106.382 0.958 0.926 0.006 0.92 0.92 2
107.298 0.926 0.916 0.006 0.91 0.91 2
108.216 0.958 0.876 0.006 0.87 0.87 2
109.142 0.876 0.926 0.008 0.918 0.918 2
110.088 0.966 0.906 0.006 0.898 0.898 2
110.986 0.906 0.898 0.008 0.888 0.888 2
111.922 0.93 0.904 0.01 0.894 0.894 2
112.814 0.906 0.89 0.006 0.884 0.884 2
113.77 0.924 0.922 0.01 0.912 0.912 2
114.7 0.956 0.896 0.002 0.894 0.894 2
115.628 0.896 0.928 0.006 0.922 0.922 2
116.594 0.972 0.922 0.006 0.916 0.916 2
117.478 0.922 0.884 0.008 0.876 0.876 2
118.404 0.918 0.892 0.006 0.886 0.886 2
119.336 0.894 0.93 0.008 0.922 0.922 2
120.278 0.976 0.896 0.008 0.888 0.888 2
121.156 0.896 0.878 0.006 0.872 0.872 2
122.078 0.922 0.878 0.006 0.872 0.872 2
122.954 0.878 0.876 0.004 0.87 0.87 2
123.892 0.906 0.908 0.008 0.9 0.9 2
124.784 0.908 0.892 0.006 0.886 0.886 2
125.72 0.928 0.9 0.006 0.894 0.894 2
126.65 0.944 0.886 0.006 0.88 0.88 2
127.546 0.886 0.896 0.002 0.894 0.894 2
128.464 0.93 0.884 0.006 0.878 0.878 2
129.314 0.884 0.85 0.008 0.842 0.842 2
130.216 0.882 0.87 0.008 0.862 0.862 2
131.078 0.872 0.86 0.006 0.854 0.854 2
131.972 0.904 0.85 0.006 0.842 0.842 2
132.814 0.888 0.804 0.006 0.798 0.798 2
133.432 0.804 0.618 0.004 0.614 0.614 2
134.084 0.656 0.614 0.002 0.612 0.612 2
134.704 0.614 0.62 0 0.62 0.62 2
135.334 0.654 0.596 0.004 0.592 0.592 2
135.904 0.596 0.57 0.004 0.566 0.566 2
136.53 0.606 0.59 0.002 0.588 0.588 2
137.11 0.59 0.58 0.006 0.574 0.574 2
137.696 0.614 0.552 0.006 0.546 0.546 2
138.286 0.552 0.59 0.004 0.584 0.584 2
138.912 0.628 0.588 0.022 0.564 0.564 6
139.532 0.588 0.62 0.014 0.606 0.606 3
140.212 0.656 0.644 0.024 0.62 0.62 6
140.908 0.644 0.696 0.01 0.686 0.686 2
141.642 0.734 0.696 0.014 0.68 0.68 2
142.258 0.696 0.616 0.006 0.61 0.61 2
142.9 0.654 0.604 0.004 0.6 0.6 2
143.51 0.604 0.61 0.006 0.604 0.604 2
144.178 0.656 0.622 0.01 0.612 0.612 2
144.782 0.622 0.604 0.008 0.596 0.596 2
145.4 0.636 0.586 0.008 0.578 0.578 2
145.986 0.586 0.586 0.008 0.578 0.578 2
146.57 0.586 0.584 0.008 0.576 0.576 2
147.166 0.626 0.554 0.01 0.544 0.544 2
147.758 0.598 0.548 0.012 0.536 0.536 2
148.302 0.548 0.544 0.01 0.534 0.534 2
148.844 0.578 0.508 0.002 0.506 0.506 2
149.354 0.51 0.508 0.008 0.5 0.5 2
149.926 0.57 0.51 0.008 0.502 0.502 2
150.412 0.51 0.486 0.01 0.476 0.476 2
150.918 0.522 0.47 0.012 0.458 0.458 2
151.372 0.47 0.454 0.008 0.446 0.446 2
151.856 0.5 0.438 0.01 0.428 0.428 2
152.27 0.438 0.414 0.008 0.406 0.406 2
152.728 0.446 0.426 0.006 0.42 0.42 2
153.132 0.426 0.404 0.01 0.394 0.394 2
153.57 0.434 0.408 0.008 0.4 0.4 2
154.022 0.452 0.408 0.012 0.396 0.396 2
154.432 0.408 0.41 0.01 0.4 0.4 2
154.862 0.448 0.392 0.01 0.382 0.382 2
155.316 0.422 0.424 0.014 0.41 0.41 2
155.714 0.424 0.398 0.008 0.39 0.39 2
156.12 0.398 0.406 0.004 0.402 0.402 2
156.57 0.45 0.406 0.01 0.394 0.394 2
156.978 0.406 0.408 0.004 0.404 0.404 2
157.422 0.436 0.416 0.004 0.412 0.412 2
157.916 0.416 0.494 0.01 0.484 0.484 2
158.442 0.538 0.482 0.01 0.472 0.472 2
158.848 0.482 0.406 0.01 0.396 0.396 2
159.284 0.444 0.398 0.008 0.39 0.39 2
159.662 0.4 0.376 0.008 0.368 0.368 2
160.076 0.414 0.376 0.01 0.366 0.366 2
160.452 0.376 0.376 0.006 0.37 0.37 2
160.866 0.414 0.376 0.006 0.366 0.366 2
161.236 0.376 0.37 0.008 0.362 0.362 2
161.68 0.414 0.4 0.008 0.392 0.392 2
162.126 0.434 0.412 0.008 0.404 0.404 2
162.518 0.458 0.346 0.008 0.338 0.338 2
162.868 0.346 0.35 0.006 0.344 0.344 2
163.262 0.39 0.354 0.004 0.35 0.35 2
163.666 0.398 0.36 0.006 0.354 0.354 2
164.054 0.36 0.388 0.008 0.38 0.38 2
164.474 0.426 0.382 0.008 0.374 0.374 2
164.834 0.382 0.36 0.01 0.35 0.35 2
165.23 0.402 0.354 0.006 0.348 0.348 2
165.686 0.4 0.41 0.008 0.4 0.4 2
166.04 0.41 0.354 0.008 0.344 0.344 2
166.394 0.392 0.316 0.006 0.31 0.31 2
166.706 0.316 0.312 0.006 0.306 0.306 2
167.048 0.312 0.342 0.008 0.334 0.334 2
167.396 0.382 0.308 0.006 0.302 0.302 2
167.776 0.35 0.338 0.002 0.334 0.334 2
168.152 0.384 0.33 0.006 0.322 0.322 2
168.48 0.33 0.328 0.006 0.322 0.322 2
168.788 0.328 0.308 0.01 0.298 0.298 2
169.11 0.308 0.322 0.008 0.314 0.314 2
169.68 0.364 0.528 0.008 0.52 0.52 2
170.212 0.528 0.532 0.01 0.52 0.52 2
170.664 0.572 0.412 0.01 0.402 0.402 2
171.06 0.412 0.396 0.006 0.39 0.39 2
171.484 0.396 0.424 0.008 0.414 0.414 2
172.018 0.464 0.494 0.01 0.484 0.484 2
172.526 0.496 0.506 0.01 0.496 0.496 2
173.116 0.544 0.552 0.01 0.542 0.542 2
173.64 0.552 0.524 0.008 0.516 0.516 2
174.222 0.57 0.536 0.008 0.528 0.528 2
174.742 0.536 0.52 0.016 0.504 0.504 2
175.33 0.562 0.546 0.004 0.542 0.542 2
175.866 0.546 0.536 0.006 0.53 0.53 2
176.408 0.572 0.506 0.01 0.496 0.496 2
176.93 0.506 0.522 0.008 0.514 0.514 2
177.482 0.544 0.53 0.008 0.522 0.522 2
178.03 0.532 0.546 0.01 0.536 0.536 2
178.582 0.546 0.552 0.012 0.538 0.538 2
179.176 0.586 0.56 0 0.56 0.56 2
179.726 0.56 0.55 0.008 0.542 0.542 2
180.278 0.55 0.552 0.01 0.542 0.542 2
180.908 0.592 0.59 0.01 0.58 0.58 2
181.512 0.59 0.604 0.008 0.596 0.596 2
182.142 0.652 0.582 0.008 0.574 0.574 2
182.698 0.582 0.556 0.01 0.546 0.546 2
183.278 0.592 0.544 0.008 0.534 0.534 2
183.766 0.544 0.488 0.008 0.48 0.48 2
184.306 0.524 0.504 0.008 0.496 0.496 2
184.782 0.504 0.476 0.01 0.466 0.466 2
185.28 0.5 0.474 0.008 0.466 0.466 2
185.87 0.474 0.59 0.008 0.582 0.582 2
186.532 0.636 0.616 0.006 0.61 0.61 2
187.13 0.616 0.598 0.008 0.59 0.59 2
187.726 0.646 0.548 0.008 0.54 0.54 2
188.154 0.59 0.386 0.006 0.38 0.38 2
188.56 0.386 0.406 0.006 0.4 0.4 2
189.148 0.448 0.546 0.01 0.536 0.536 2
189.764 0.588 0.574 0.008 0.564 0.564 2
190.376 0.574 0.612 0.01 0.602 0.602 2
191.032 0.658 0.61 0.008 0.602 0.602 2
191.758 0.612 0.724 0.01 0.714 0.714 2
192.526 0.76 0.732 0.008 0.722 0.722 2
193.304 0.732 0.778 0.006 0.772 0.772 2
194.096 0.818 0.752 0.006 0.746 0.746 2
194.97 0.752 0.874 0.008 0.866 0.866 2
195.854 0.92 0.838 0.002 0.836 0.836 2
196.762 0.838 0.908 0.006 0.902 0.902 2
197.76 0.956 0.95 0.008 0.942 0.942 2
198.744 0.95 0.984 0.008 0.976 0.976 2
199.752 1.016 0.976 0.008 0.966 0.966 2
200.752 0.976 1 0.008 0.992 0.992 2
201.806 1.044 1.01 0.012 0.996 0.996 3
202.844 1.058 0.99 0.01 0.98 0.98 3
203.872 0.99 1.028 0.01 1.016 1.016 2
204.952 1.068 1.04 0.01 1.03 1.03 2
205.784 1.04 0.832 0.008 0.824 0.824 2
206.692 0.872 0.868 0.008 0.86 0.86 2
207.562 0.87 0.868 0.004 0.864 0.864 2
208.446 0.914 0.838 0.008 0.83 0.83 2
209.248 0.838 0.802 0.008 0.79 0.79 2
210.098 0.84 0.812 0.01 0.802 0.802 2
210.906 0.812 0.808 0.006 0.802 0.802 2
211.776 0.854 0.824 0.016 0.808 0.808 3
212.6 0.824 0.824 0.012 0.81 0.81 3
213.484 0.874 0.834 0.014 0.818 0.818 2
214.326 0.834 0.842 0.012 0.83 0.83 2
215.206 0.89 0.832 0.012 0.82 0.82 2
215.99 0.832 0.784 0.002 0.782 0.782 2
216.876 0.83 0.84 0.008 0.832 0.832 2
217.748 0.84 0.872 0.01 0.862 0.862 2
218.63 0.912 0.842 0.006 0.834 0.834 2
219.47 0.842 0.84 0.008 0.832 0.832 2
220.352 0.876 0.846 0.01 0.836 0.836 2
221.252 0.846 0.9 0.016 0.884 0.884 3
222.12 0.926 0.842 0 0.84 0.84 3
223.008 0.878 0.852 0.008 0.844 0.844 2
223.906 0.892 0.858 0.01 0.848 0.848 2
224.766 0.858 0.86 0.006 0.854 0.854 2
225.616 0.906 0.804 0.006 0.798 0.798 2
226.428 0.804 0.812 0.008 0.804 0.804 2
227.276 0.85 0.81 0.006 0.804 0.804 2
228.136 0.81 0.86 0.01 0.848 0.848 2
229.042 0.908 0.858 0.01 0.848 0.848 2
230.028 0.858 0.986 0.006 0.978 0.978 2
230.99 1.03 0.918 0.006 0.912 0.912 2
231.998 0.918 1.008 0.008 1 1 2
233.078 1.054 1.034 0.01 1.024 1.024 2
234.106 1.034 1.028 0.006 1.022 1.022 2
235.208 1.076 1.054 0.008 1.046 1.046 2
236.142 1.054 0.934 0.006 0.928 0.928 2
237.136 0.974 0.954 0.004 0.95 0.95 2
238.038 0.954 0.902 0.006 0.896 0.896 2
238.996 0.942 0.918 0.008 0.91 0.91 2
239.69 0.918 0.694 0.006 0.688 0.688 2
240.43 0.746 0.688 0.006 0.682 0.682 2
241.088 0.688 0.658 0.006 0.652 0.652 2
241.732 0.702 0.6 0.006 0.594 0.594 2
242.296 0.602 0.562 0.006 0.556 0.556 2
242.914 0.6 0.58 0.006 0.574 0.574 2
243.468 0.58 0.554 0.006 0.548 0.548 2
244.088 0.6 0.574 0.006 0.568 0.568 2
244.636 0.58 0.542 0 0.542 0.542 1
245.276 0.594 0.588 0.002 0.586 0.586 1
245.866 0.59 0.588 0.002 0.584 0.584 2
246.474 0.638 0.558 0.004 0.554 0.554 2
247.108 0.604 0.588 0.008 0.58 0.58 3
247.752 0.634 0.598 0.008 0.59 0.59 3
248.394 0.598 0.642 0.006 0.636 0.636 2
249.064 0.692 0.62 0.006 0.612 0.612 2
249.692 0.62 0.628 0.008 0.62 0.62 2
250.406 0.672 0.67 0.004 0.664 0.664 2
251.11 0.67 0.704 0.008 0.696 0.696 2
251.814 0.742 0.666 0.006 0.66 0.66 2
252.536 0.666 0.722 0.006 0.716 0.716 2
253.26 0.762 0.684 0.012 0.672 0.672 2
253.978 0.684 0.718 0.008 0.71 0.71 2
254.736 0.766 0.71 0.01 0.7 0.7 2
255.468 0.71 0.732 0.014 0.718 0.718 2
256.264 0.788 0.74 0.008 0.732 0.732 2
257.008 0.74 0.744 0.01 0.734 0.734 2
257.788 0.8 0.724 0.01 0.714 0.714 2
258.552 0.724 0.764 0.008 0.756 0.756 2
259.366 0.818 0.76 0.012 0.748 0.748 2
260.13 0.76 0.764 0.01 0.754 0.754 2
260.9 0.794 0.74 0.01 0.728 0.728 2
261.676 0.74 0.776 0.01 0.764 0.764 2
262.494 0.824 0.77 0.008 0.762 0.762 2
263.254 0.772 0.758 0.008 0.75 0.75 2
264.088 0.81 0.782 0.008 0.774 0.774 2
264.882 0.782 0.794 0.01 0.784 0.784 2
265.664 0.84 0.736 0.01 0.726 0.726 2
266.49 0.788 0.774 0.012 0.762 0.762 2
267.27 0.774 0.78 0.008 0.772 0.772 2
268.096 0.832 0.774 0.008 0.766 0.766 2
268.918 0.83 0.766 0.008 0.758 0.758 2
269.714 0.766 0.796 0 0.796 0.796 2
270.546 0.852 0.776 0.01 0.766 0.766 2
271.384 0.832 0.782 0.006 0.776 0.776 2
272.164 0.782 0.78 0.008 0.77 0.77 2
272.964 0.828 0.752 0.008 0.744 0.744 2
273.728 0.754 0.762 0.006 0.756 0.756 2
274.55 0.806 0.778 0.01 0.768 0.768 2
275.34 0.778 0.79 0.008 0.782 0.782 2
276.202 0.832 0.82 0.008 0.812 0.812 2
277.03 0.868 0.78 0.008 0.772 0.772 2
277.804 0.782 0.772 0.008 0.764 0.764 2
278.612 0.816 0.764 0.008 0.756 0.756 2
279.4 0.766 0.786 0.006 0.78 0.78 2
280.208 0.826 0.768 0.008 0.758 0.758 2
281 0.77 0.79 0.008 0.782 0.782 2
281.82 0.836 0.774 0.008 0.764 0.764 2
282.648 0.82 0.782 0.006 0.776 0.776 2
283.438 0.782 0.79 0.01 0.78 0.78 2
284.304 0.832 0.824 0.008 0.816 0.816 2
285.092 0.824 0.788 0.008 0.78 0.78 2
285.93 0.84 0.786 0.008 0.778 0.778 2
286.746 0.786 0.816 0.008 0.808 0.808 2
287.58 0.86 0.79 0.01 0.78 0.78 2
288.37 0.79 0.79 0.008 0.782 0.782 2
289.222 0.836 0.806 0.004 0.802 0.802 2
289.988 0.806 0.766 0.008 0.758 0.758 2
290.834 0.812 0.8 0.004 0.796 0.796 2
291.582 0.8 0.748 0.008 0.74 0.74 2
292.392 0.8 0.758 0 0.758 0.758 2
293.168 0.758 0.776 0.008 0.768 0.768 2
293.974 0.808 0.774 0.008 0.766 0.766 2
294.766 0.774 0.792 0.006 0.784 0.784 2
295.534 0.834 0.726 0.006 0.72 0.72 2
296.276 0.726 0.742 0.01 0.732 0.732 2
297.094 0.792 0.768 0.008 0.76 0.76 2
297.852 0.768 0.758 0.008 0.75 0.75 2
298.64 0.794 0.752 0.006 0.746 0.746 2
299.362 0.752 0.722 0.008 0.714 0.714 2
300.168 0.778 0.75 0.008 0.742 0.742 2
300.902 0.75 0.734 0.004 0.73 0.73 2
301.666 0.774 0.724 0.004 0.718 0.718 2
302.408 0.724 0.742 0.008 0.734 0.734 2
303.156 0.788 0.702 0.008 0.694 0.694 2
303.866 0.702 0.71 0.008 0.702 0.702 2
304.584 0.758 0.67 0.006 0.664 0.664 2
305.26 0.67 0.676 0.006 0.67 0.67 2
306.016 0.722 0.71 0.014 0.696 0.696 8
306.748 0.71 0.732 0.022 0.71 0.71 8
307.548 0.786 0.746 0.008 0.738 0.738 2
308.246 0.748 0.696 0.008 0.688 0.688 2
309.01 0.74 0.72 0.014 0.706 0.706 5
309.816 0.778 0.748 0.018 0.73 0.73 5
310.542 0.748 0.726 0.008 0.718 0.718 2
311.308 0.77 0.722 0.01 0.712 0.712 2
312.06 0.766 0.708 0.008 0.7 0.7 2
312.81 0.762 0.696 0.01 0.686 0.686 2
313.496 0.738 0.644 0.008 0.634 0.634 2
314.172 0.644 0.676 0.008 0.668 0.668 2
314.838 0.718 0.624 0.004 0.62 0.62 2
315.472 0.624 0.634 0.006 0.628 0.628 2
316.154 0.68 0.636 0.006 0.63 0.63 2
316.804 0.636 0.65 0.008 0.642 0.642 2
317.434 0.694 0.586 0.006 0.578 0.578 2
318.032 0.586 0.598 0.004 0.594 0.594 2
318.65 0.642 0.574 0.004 0.57 0.57 2
319.216 0.576 0.564 0.004 0.56 0.56 2
319.774 0.608 0.514 0.004 0.51 0.51 2
320.298 0.514 0.524 0 0.524 0.524 2
320.866 0.568 0.524 0.006 0.518 0.518 2
321.406 0.526 0.538 0.002 0.536 0.536 2
321.93 0.586 0.476 0.002 0.474 0.474 1
322.484 0.526 0.504 0.002 0.502 0.502 1
322.978 0.504 0.494 0 0.494 0.494 1
323.512 0.534 0.494 0.002 0.492 0.492 1
324.03 0.494 0.518 0 0.518 0.518 1
324.552 0.518 0.522 0 0.522 0.522 1
325.11 0.582 0.498 0.002 0.496 0.496 1
325.588 0.5 0.476 0.002 0.474 0.474 1
326.136 0.526 0.498 0.002 0.496 0.496 1
326.798 0.498 0.662 0.004 0.658 0.658 1
327.48 0.71 0.634 0.002 0.632 0.632 1
328.012 0.636 0.53 0.002 0.528 0.528 1
328.58 0.586 0.512 0.002 0.51 0.51 1
329.26 0.512 0.68 0 0.68 0.68 1
329.96 0.738 0.642 0.002 0.638 0.638 1
330.626 0.642 0.666 0.002 0.664 0.664 1
331.342 0.72 0.662 0.002 0.66 0.66 1
332.006 0.662 0.664 0.002 0.662 0.662 1
332.718 0.724 0.652 0.002 0.65 0.65 1
333.37 0.652 0.652 0.002 0.65 0.65 1
334.062 0.712 0.632 0.002 0.63 0.63 1
334.642 0.632 0.58 0.004 0.576 0.576 1
335.238 0.628 0.548 0.004 0.544 0.544 1
335.788 0.548 0.55 0.002 0.548 0.548 1
336.392 0.602 0.552 0 0.552 0.552 1
336.924 0.552 0.532 0 0.532 0.532 1
337.528 0.588 0.548 0.002 0.544 0.544 1
338.21 0.548 0.682 0 0.682 0.682 1
338.93 0.742 0.66 0.002 0.658 0.658 1
339.458 0.66 0.528 0 0.528 0.528 1
340.054 0.59 0.534 0 0.532 0.532 1
340.764 0.534 0.71 0.002 0.708 0.708 1
341.546 0.776 0.716 0.004 0.712 0.712 1
342.416 0.716 0.87 0.004 0.864 0.864 1
343.334 0.918 0.87 0.004 0.866 0.866 1
344.132 0.916 0.752 0.002 0.75 0.75 1
344.886 0.752 0.754 0.002 0.752 0.752 1
345.702 0.806 0.764 0.002 0.762 0.762 1
346.41 0.766 0.706 0 0.706 0.706 1
346.978 0.746 0.528 0.002 0.526 0.526 1
347.542 0.528 0.564 0.004 0.56 0.56 1
348.164 0.62 0.566 0 0.566 0.566 1
348.744 0.566 0.58 0.002 0.578 0.578 1
349.372 0.63 0.578 0 0.578 0.578 1
349.94 0.578 0.568 0.002 0.566 0.566 1
350.532 0.618 0.542 0.008 0.534 0.534 1
351.1 0.588 0.522 0.004 0.518 0.518 1
351.642 0.528 0.536 0 0.534 0.534 1
352.236 0.592 0.538 0 0.538 0.538 1
352.73 0.538 0.494 0.004 0.49 0.49 1
353.318 0.552 0.53 0 0.528 0.528 1
353.786 0.53 0.468 0 0.466 0.466 1
354.332 0.526 0.488 0.002 0.486 0.486 1
354.8 0.488 0.468 0.002 0.466 0.466 1
355.286 0.468 0.486 0.006 0.48 0.48 1
355.748 0.486 0.462 0.002 0.46 0.46 1
356.256 0.538 0.432 0 0.432 0.432 1
356.722 0.432 0.466 0.002 0.464 0.464 1
357.202 0.526 0.42 0.004 0.416 0.416 1
357.614 0.42 0.412 0.004 0.408 0.408 1
358.038 0.412 0.424 0.002 0.422 0.422 1
358.656 0.478 0.564 0 0.564 0.564 1
359.248 0.564 0.592 0.004 0.588 0.588 1
359.86 0.648 0.556 0 0.556 0.556 1
360.434 0.556 0.574 0 0.572 0.572 1
361.086 0.644 0.582 0.002 0.58 0.58 1
361.642 0.582 0.556 0 0.556 0.556 1
362.284 0.63 0.568 0.002 0.564 0.564 1
362.848 0.568 0.564 0 0.564 0.564 1
363.482 0.634 0.564 0.002 0.562 0.562 1
364.12 0.626 0.576 0 0.576 0.576 1
364.538 0.576 0.418 0.004 0.414 0.414 1
365.038 0.496 0.422 0.002 0.42 0.42 1
365.408 0.422 0.37 0.004 0.366 0.366 1
365.842 0.438 0.366 0.002 0.364 0.364 1
366.192 0.366 0.35 0.002 0.348 0.348 1
366.54 0.35 0.348 0 0.346 0.346 1
366.89 0.348 0.35 0.002 0.348 0.348 1
367.322 0.424 0.358 0.002 0.354 0.354 1
367.666 0.358 0.344 0.002 0.342 0.342 1
368.082 0.414 0.346 0.002 0.344 0.344 1
368.444 0.346 0.362 0.004 0.356 0.356 1
368.87 0.416 0.372 0.002 0.37 0.37 1
369.298 0.45 0.35 0 0.35 0.35 1
369.664 0.35 0.366 0.002 0.364 0.364 1
370.092 0.444 0.35 0.004 0.346 0.346 1
370.426 0.35 0.334 0.002 0.332 0.332 1
370.786 0.336 0.358 0.002 0.356 0.356 1
371.112 0.358 0.326 0.002 0.322 0.322 1
371.53 0.392 0.352 0.002 0.346 0.346 1
372.072 0.352 0.542 0 0.542 0.542 1
372.666 0.608 0.528 0.002 0.526 0.526 1
373.156 0.528 0.49 0.002 0.486 0.486 1
373.72 0.562 0.492 0.002 0.49 0.49 1
374.236 0.492 0.516 0.002 0.514 0.514 1
374.88 0.646 0.514 0.002 0.512 0.512 1
375.468 0.6 0.502 0.002 0.5 0.5 1
375.96 0.502 0.492 0.002 0.49 0.49 1
376.41 0.492 0.45 0.002 0.448 0.448 1
376.91 0.516 0.434 0.002 0.432 0.432 1
377.362 0.436 0.45 0.002 0.448 0.448 1
377.82 0.45 0.458 0.002 0.456 0.456 1
378.296 0.53 0.404 0.002 0.402 0.402 1
378.722 0.404 0.426 0 0.426 0.426 1
379.182 0.48 0.406 0.002 0.404 0.404 1
379.572 0.406 0.39 0.002 0.388 0.388 1
380.018 0.462 0.374 0.002 0.372 0.372 1
380.434 0.374 0.416 0.002 0.414 0.414 1
380.86 0.416 0.426 0.002 0.424 0.424 1
381.294 0.504 0.356 0 0.356 0.356 1
381.448 0.356 0.154 0 0.154 0.154 1
381.66 0.244 0.122 0 0.122 0.122 1
381.79 0.122 0.13 0 0.13 0.13 1
381.908 0.13 0.118 0 0.118 0.118 1
382.11 0.194 0.126 0 0.126 0.126 1
382.24 0.126 0.13 0.002 0.128 0.128 1
382.368 0.13 0.128 0 0.128 0.128 1
382.508 0.128 0.14 0.002 0.138 0.138 1
382.648 0.14 0.14 0.002 0.138 0.138 1
382.882 0.23 0.144 0 0.144 0.144 1
383.004 0.144 0.122 0.002 0.12 0.12 1
383.122 0.122 0.118 0.002 0.116 0.116 1
383.244 0.118 0.122 0.002 0.12 0.12 1
383.346 0.122 0.102 0.002 0.1 0.1 1
383.456 0.102 0.11 0 0.11 0.11 1
383.658 0.192 0.12 0.002 0.118 0.118 1
383.754 0.12 0.096 0.002 0.094 0.094 1
383.848 0.096 0.094 0.002 0.092 0.092 1
383.932 0.094 0.084 0 0.084 0.084 1
384.028 0.084 0.096 0.01 0.086 0.086 1
384.204 0.184 0.088 0.002 0.086 0.086 1
384.278 0.088 0.074 0 0.074 0.074 1
384.348 0.074 0.07 0 0.07 0.07 1
384.428 0.07 0.08 0 0.08 0.08 1
384.514 0.08 0.086 0 0.086 0.086 1
384.592 0.086 0.078 0 0.078 0.078 1
384.666 0.078 0.074 0 0.074 0.074 1
384.872 0.194 0.086 0.002 0.084 0.084 1
384.918 0.088 0.044 0 0.044 0.044 1
384.964 0.044 0.046 0 0.046 0.046 1
385 0.046 0.036 0.002 0.034 0.034 1
385.046 0.038 0.044 0 0.044 0.044 1
385.092 0.044 0.046 0.004 0.042 0.042 1
385.124 0.046 0.032 0.002 0.03 0.03 1
385.164 0.032 0.04 0 0.04 0.04 1
385.216 0.046 0.046 0.002 0.042 0.042 1
385.268 0.052 0.046 0.002 0.044 0.044 1
385.312 0.05 0.04 0 0.04 0.04 1
385.368 0.048 0.048 0.004 0.044 0.044 1
385.416 0.054 0.042 0 0.042 0.042 1
385.466 0.05 0.042 0 0.04 0.04 1
385.514 0.048 0.042 0 0.042 0.042 1
385.566 0.048 0.046 0.002 0.044 0.044 1
385.608 0.052 0.036 0 0.036 0.036 1
385.662 0.044 0.046 0 0.046 0.046 1
385.71 0.05 0.044 0.002 0.042 0.042 1
385.762 0.052 0.044 0 0.044 0.044 1
385.82 0.05 0.052 0 0.052 0.052 1
385.866 0.052 0.046 0 0.044 0.044 1
385.908 0.048 0.04 0.004 0.036 0.036 1
385.958 0.048 0.042 0 0.042 0.042 1
386.002 0.044 0.042 0 0.042 0.042 1
386.054 0.05 0.044 0.002 0.042 0.042 1
386.1 0.046 0.044 0.006 0.038 0.038 1
386.142 0.048 0.038 0 0.038 0.038 1
386.186 0.046 0.036 0.002 0.034 0.034 1
386.362 0.164 0.048 0.002 0.046 0.046 1
386.368 0.048 0.006 0 0.006 0.006 1
386.384 0.016 0.006 0 0.006 0.006 1
386.438 0.05 0.01 0.006 0.004 0.004 1
386.48 0.044 0.008 0.002 0.006 0.006 1
386.532 0.054 0.006 0 0.006 0.006 1
386.58 0.05 0.004 0 0.004 0.004 1
386.628 0.046 0.006 0 0.006 0.006 1
386.678 0.052 0.004 0 0.004 0.004 1
386.732 0.052 0.006 0 0.006 0.006 1
386.78 0.05 0.004 0 0.004 0.004 1
386.87 0.084 0.01 0 0.01 0.01 1
386.876 0.01 0.006 0.002 0.004 0.004 1
386.922 0.048 0.004 0 0.004 0.004 1
386.984 0.046 0.02 0.002 0.018 0.018 1
387.036 0.05 0.022 0 0.022 0.022 1
387.088 0.05 0.024 0.004 0.02 0.02 1
387.138 0.054 0.02 0.002 0.018 0.018 1
387.188 0.05 0.02 0 0.018 0.018 1
387.242 0.052 0.022 0 0.022 0.022 1
387.292 0.052 0.02 0 0.02 0.02 1
387.342 0.05 0.02 0 0.02 0.02 1
387.39 0.052 0.016 0 0.016 0.016 1
387.44 0.04 0.026 0 0.022 0.022 1
387.486 0.052 0.02 0 0.02 0.02 1
387.536 0.048 0.022 0 0.022 0.022 1
387.588 0.05 0.024 0 0.024 0.024 1
387.722 0.142 0.016 0.002 0.014 0.014 1
387.772 0.04 0.026 0 0.026 0.026 1
387.812 0.054 0.012 0 0.012 0.012 1
387.864 0.048 0.016 0.002 0.014 0.014 1
387.916 0.054 0.014 0 0.012 0.012 1
387.966 0.05 0.014 0.002 0.012 0.012 1
388.02 0.052 0.016 0 0.016 0.016 1
388.07 0.05 0.016 0 0.016 0.016 1
388.118 0.052 0.012 0 0.012 0.012 1
388.17 0.05 0.014 0 0.014 0.014 1
388.22 0.05 0.014 0 0.014 0.014 1
388.272 0.05 0.016 0.002 0.014 0.014 1
388.322 0.05 0.016 0.002 0.014 0.014 1
388.364 0.05 0.008 0 0.008 0.008 1
388.416 0.044 0.016 0.002 0.014 0.014 1
388.466 0.048 0.018 0 0.018 0.018 1
388.616 0.15 0.018 0 0.018 0.018 1
388.642 0.034 0.01 0 0.01 0.01 1
388.68 0.048 0 0 0 0 1
388.72 0.03 0.01 0 0.01 0.01 1
388.772 0.05 0.012 0.002 0.01 0.01 1
388.822 0.052 0.01 0 0.01 0.01 1
388.87 0.05 0.008 0 0.008 0.008 1
388.922 0.048 0.012 0 0.012 0.012 1
388.972 0.05 0.012 0 0.012 0.012 1
389.018 0.05 0.008 0 0.008 0.008 1
389.068 0.048 0.01 0 0.01 0.01 1
389.114 0.05 0.006 0 0.006 0.006 1
389.166 0.046 0.012 0.002 0.008 0.008 1
389.218 0.048 0.016 0.004 0.012 0.012 1
389.344 0.134 0.008 0 0.008 0.008 1
389.356 0.008 0.012 0 0.01 0.01 1
389.378 0.034 0 0 0 0 1
389.432 0.054 0 0 0 0 1
389.482 0.048 0.002 0.002 0 0 1
389.53 0.05 0 0 0 0 1
389.576 0.046 0 0 0 0 1
389.624 0.046 0.002 0 0.002 0.002 1
389.676 0.052 0.002 0 0.002 0.002 1
389.726 0.05 0.002 0 0.002 0.002 1
389.774 0.048 0.002 0 0.002 0.002 1
389.824 0.052 0 0 0 0 1
389.876 0.05 0.002 0.002 0 0 1
389.92 0.046 0 0 0 0 1
390.014 0.092 0.002 0.002 0 0 1
390.04 0.026 0.002 0 0 0 1
390.098 0.058 0.002 0 0 0 1
390.15 0.054 0 0 0 0 1
390.206 0.054 0.002 0 0.002 0.002 1
390.26 0.054 0.002 0 0.002 0.002 1
390.31 0.052 0 0 0 0 1
390.36 0.048 0.002 0.002 0 0 1
390.412 0.052 0.002 0 0 0 1
390.464 0.052 0.002 0 0.002 0.002 1
390.514 0.05 0.002 0 0.002 0.002 1
390.562 0.05 0 0 0 0 1
390.614 0.05 0.002 0.002 0 0 1
390.664 0.052 0 0 0 0 1
390.708 0.044 0 0 0 0 1
390.76 0.052 0 0 0 0 1
390.802 0.042 0 0 0 0 1
390.856 0.052 0.002 0 0.002 0.002 1
390.904 0.05 0 0 0 0 1
390.956 0.05 0.002 0 0.002 0.002 1
391.004 0.05 0 0 0 0 1
391.056 0.05 0.002 0 0.002 0.002 1
391.094 0.04 0 0 0 0 1
391.148 0.054 0 0 0 0 1
391.2 0.052 0 0 0 0 1
391.252 0.052 0 0 0 0 1
391.298 0.046 0 0 0 0 1
391.348 0.05 0 0 0 0 1
391.398 0.05 0 0 0 0 1
391.448 0.05 0 0 0 0 1
391.5 0.052 0 0 0 0 1
391.656 0.154 0.002 0 0 0 1
391.69 0.032 0.004 0 0 0 1
391.922 0.042 0.194 0.178 0.016 0.016 1
391.922 0.194 0 0 0 0 1
391.942 0.02 0 0 0 0 1
391.99 0.046 0.002 0 0.002 0.002 1
392.034 0.046 0 0 0 0 1
392.086 0.05 0.002 0 0.002 0.002 1
392.136 0.052 0 0 0 0 1
392.186 0.048 0.002 0 0.002 0.002 1
392.236 0.052 0 0 0 0 1
392.286 0.048 0.002 0 0.002 0.002 1
392.428 0.142 0.002 0 0.002 0.002 1
392.46 0.034 0 0 0 0 1
392.514 0.052 0.002 0 0.002 0.002 1
392.56 0.048 0 0 0 0 1
392.61 0.05 0 0 0 0 1
392.66 0.05 0 0 0 0 1
392.704 0.044 0 0 0 0 1
392.756 0.05 0.002 0 0.002 0.002 1
392.806 0.052 0 0 0 0 1
392.858 0.052 0 0 0 0 1
392.91 0.05 0.002 0 0.002 0.002 1
392.958 0.048 0.002 0 0.002 0.002 1
393.002 0.046 0 0 0 0 1
393.052 0.05 0 0 0 0 1
393.1 0.046 0.002 0 0.002 0.002 1
393.152 0.052 0.002 0 0.002 0.002 1
393.19 0.036 0.004 0.004 0 0 1
393.242 0.054 0.002 0 0.002 0.002 1
393.29 0.05 0 0 0 0 1
393.338 0.048 0 0 0 0 1
393.388 0.05 0 0 0 0 1
393.44 0.05 0.002 0 0.002 0.002 1
393.488 0.05 0 0 0 0 1
393.54 0.052 0 0 0 0 1
393.59 0.05 0 0 0 0 1
393.64 0.05 0 0 0 0 1
393.68 0.04 0 0 0 0 1
393.732 0.05 0.002 0 0.002 0.002 1
393.914 0.184 0 0 0 0 1
393.96 0.044 0.002 0.002 0 0 1
394.01 0.052 0 0 0 0 1
394.06 0.048 0.002 0 0.002 0.002 1
394.11 0.052 0 0 0 0 1
394.162 0.05 0.002 0 0.002 0.002 1
394.212 0.05 0.002 0 0.002 0.002 1
394.26 0.048 0.002 0 0.002 0.002 1
394.3 0.042 0 0 0 0 1
394.35 0.05 0 0 0 0 1
394.4 0.05 0 0 0 0 1
394.452 0.052 0 0 0 0 1
394.504 0.052 0 0 0 0 1
394.55 0.046 0 0 0 0 1
394.6 0.048 0.002 0.002 0 0 1
394.718 0.12 0 0 0 0 1
394.732 0.014 0 0 0 0 1
394.784 0.048 0.004 0 0.004 0.004 1
394.834 0.054 0 0 0 0 1
394.886 0.052 0 0 0 0 1
394.938 0.05 0.002 0 0.002 0.002 1
394.988 0.05 0.002 0 0.002 0.002 1
395.038 0.052 0 0 0 0 1
395.088 0.05 0 0 0 0 1
395.132 0.044 0 0 0 0 1
395.174 0.04 0.002 0 0.002 0.002 1
395.212 0.04 0 0 0 0 1
395.266 0.054 0 0 0 0 1
395.314 0.048 0 0 0 0 1
395.366 0.052 0 0 0 0 1
395.514 0.148 0 0 0 0 1
395.552 0.038 0 0 0 0 1
395.604 0.05 0.002 0 0.002 0.002 1
395.65 0.048 0 0 0 0 1
395.704 0.052 0.002 0 0 0 1
395.756 0.052 0.002 0 0 0 1
395.806 0.052 0 0 0 0 1
395.856 0.05 0 0 0 0 1
395.908 0.052 0 0 0 0 1
395.952 0.044 0 0 0 0 1
396.006 0.05 0.004 0.004 0 0 1
396.054 0.05 0.002 0 0.002 0.002 1
396.104 0.052 0 0 0 0 1
396.158 0.052 0.002 0 0.002 0.002 1
396.208 0.052 0 0 0 0 1
396.26 0.05 0.002 0 0.002 0.002 1
396.31 0.05 0.002 0 0.002 0.002 1
396.358 0.05 0 0 0 0 1
396.41 0.05 0.002 0 0.002 0.002 1
396.458 0.05 0 0 0 0 1
396.51 0.05 0.002 0 0.002 0.002 1
396.558 0.048 0.002 0 0.002 0.002 1
396.608 0.05 0.002 0 0.002 0.002 1
396.658 0.05 0.002 0 0.002 0.002 1
396.706 0.048 0.002 0 0.002 0.002 1
396.754 0.05 0 0 0 0 1
396.8 0.046 0 0 0 0 1
396.846 0.044 0.002 0 0.002 0.002 1
396.97 0.126 0 0 0 0 1
396.974 0.004 0 0 0 0 1
397.02 0.046 0 0 0 0 1
397.062 0.042 0 0 0 0 1
397.112 0.05 0 0 0 0 1
397.166 0.054 0 0 0 0 1
397.22 0.052 0.002 0 0.002 0.002 1
397.272 0.052 0.002 0 0.002 0.002 1
397.32 0.048 0.002 0 0.002 0.002 1
397.364 0.046 0 0 0 0 1
397.41 0.046 0 0 0 0 1
397.462 0.052 0 0 0 0 1
397.514 0.05 0.002 0.002 0 0 1
397.562 0.05 0 0 0 0 1
397.61 0.046 0.002 0 0 0 1
397.66 0.05 0.002 0 0.002 0.002 1
397.71 0.052 0 0 0 0 1
397.826 0.116 0 0 0 0 1
397.872 0.046 0 0 0 0 1
397.928 0.054 0.002 0.002 0 0 1
397.978 0.052 0 0 0 0 1
398.03 0.05 0.002 0 0.002 0.002 1
398.08 0.052 0 0 0 0 1
398.13 0.048 0.002 0.002 0 0 1
398.18 0.052 0 0 0 0 1
398.23 0.048 0.002 0 0.002 0.002 1
398.28 0.052 0 0 0 0 1
398.332 0.05 0.002 0 0.002 0.002 1
398.38 0.048 0.002 0 0.002 0.002 1
398.43 0.052 0 0 0 0 1
398.478 0.046 0.002 0 0.002 0.002 1
398.61 0.134 0 0 0 0 1
398.652 0.042 0 0 0 0 1
398.704 0.05 0.002 0 0.002 0.002 1
398.754 0.05 0.002 0 0.002 0.002 1
398.806 0.054 0 0 0 0 1
398.858 0.048 0.004 0 0.004 0.004 1
398.908 0.052 0.002 0 0.002 0.002 1
398.958 0.052 0 0 0 0 1
399.006 0.048 0 0 0 0 1
399.056 0.05 0 0 0 0 1
399.108 0.052 0 0 0 0 1
399.156 0.048 0 0 0 0 1
399.206 0.05 0 0 0 0 1
399.256 0.048 0.002 0 0.002 0.002 1
399.304 0.048 0.002 0 0.002 0.002 1
399.35 0.046 0.002 0 0.002 0.002 1
399.394 0.046 0 0 0 0 1
399.444 0.05 0 0 0 0 1
399.496 0.052 0 0 0 0 1
399.544 0.048 0 0 0 0 1
399.596 0.052 0 0 0 0 1
399.646 0.05 0 0 0 0 1
399.698 0.05 0.002 0 0.002 0.002 1
399.748 0.05 0.002 0 0.002 0.002 1
399.796 0.05 0 0 0 0 1
399.846 0.05 0 0 0 0 1
399.898 0.05 0.002 0 0.002 0.002 1
399.948 0.05 0.002 0 0.002 0.002 1
399.998 0.05 0.002 0 0.002 0.002 1
400.048 0.05 0.002 0 0.002 0.002 1
400.194 0.146 0.002 0 0 0 1
400.23 0.038 0 0 0 0 1
400.286 0.056 0 0 0 0 1
400.336 0.05 0 0 0 0 1
400.382 0.046 0 0 0 0 1
400.432 0.048 0.002 0 0.002 0.002 1
400.48 0.05 0 0 0 0 1
400.532 0.052 0 0 0 0 1
400.582 0.05 0 0 0 0 1
400.636 0.052 0.002 0 0.002 0.002 1
400.686 0.052 0 0 0 0 1
400.738 0.05 0.002 0 0.002 0.002 1
400.784 0.048 0 0 0 0 1
400.898 0.112 0.002 0 0.002 0.002 1
400.918 0.02 0.002 0 0.002 0.002 1
400.96 0.042 0.002 0 0 0 1
401.012 0.052 0.002 0 0.002 0.002 1
401.064 0.054 0 0 0 0 1
401.118 0.054 0 0 0 0 1
401.166 0.048 0 0 0 0 1
401.216 0.05 0 0 0 0 1
401.268 0.052 0 0 0 0 1
401.318 0.048 0.002 0 0.002 0.002 1
401.37 0.052 0.002 0 0.002 0.002 1
401.416 0.048 0 0 0 0 1
401.466 0.05 0 0 0 0 1
401.518 0.052 0 0 0 0 1
401.568 0.048 0.002 0 0.002 0.002 1
401.618 0.052 0 0 0 0 1
401.668 0.05 0 0 0 0 1
401.852 0.178 0.006 0.004 0 0 1
401.86 0.012 0.002 0 0.002 0.002 1
401.908 0.05 0 0 0 0 1
401.962 0.052 0.002 0 0 0 1
402.008 0.048 0 0 0 0 1
402.058 0.05 0 0 0 0 1
402.112 0.05 0.004 0 0.002 0.002 1
402.16 0.052 0 0 0 0 1
402.21 0.05 0 0 0 0 1
402.26 0.05 0 0 0 0 1
402.312 0.05 0.002 0 0 0 1
402.362 0.05 0.002 0 0.002 0.002 1
402.406 0.046 0 0 0 0 1
402.458 0.052 0 0 0 0 1
402.56 0.102 0 0 0 0 1
402.588 0.028 0 0 0 0 1
402.642 0.052 0.002 0 0.002 0.002 1
402.694 0.052 0.002 0 0.002 0.002 1
402.748 0.054 0.002 0 0.002 0.002 1
402.8 0.052 0.002 0 0 0 1
402.85 0.052 0 0 0 0 1
402.902 0.052 0 0 0 0 1
402.952 0.05 0 0 0 0 1
403.004 0.052 0 0 0 0 1
403.056 0.05 0.002 0 0.002 0.002 1
403.104 0.05 0 0 0 0 1
403.154 0.05 0 0 0 0 1
403.204 0.048 0.002 0 0.002 0.002 1
403.252 0.05 0 0 0 0 1
403.304 0.052 0 0 0 0 1
403.416 0.112 0 0 0 0 1
403.436 0.02 0 0 0 0 1
403.488 0.052 0 0 0 0 1
403.538 0.05 0 0 0 0 1
403.592 0.054 0 0 0 0 1
403.646 0.054 0 0 0 0 1
403.694 0.048 0 0 0 0 1
403.75 0.056 0 0 0 0 1
403.796 0.046 0 0 0 0 1
403.848 0.052 0 0 0 0 1
403.9 0.05 0.002 0 0.002 0.002 1
403.948 0.05 0 0 0 0 1
404 0.052 0 0 0 0 1
404.052 0.05 0.002 0 0.002 0.002 1
404.182 0.132 0 0 0 0 1
404.184 0.002 0 0 0 0 1
404.232 0.048 0 0 0 0 1
404.282 0.05 0 0 0 0 1
404.334 0.052 0 0 0 0 1
404.386 0.052 0 0 0 0 1
404.436 0.05 0 0 0 0 1
404.48 0.044 0 0 0 0 1
404.532 0.05 0.002 0 0.002 0.002 1
404.578 0.048 0 0 0 0 1
404.628 0.05 0 0 0 0 1
404.678 0.05 0 0 0 0 1
404.724 0.044 0.002 0 0.002 0.002 1
404.776 0.052 0.002 0 0.002 0.002 1
404.914 0.138 0.002 0 0 0 1
404.956 0.044 0 0 0 0 1
404.994 0.036 0.002 0 0.002 0.002 1
405.04 0.048 0 0 0 0 1
405.094 0.052 0.002 0 0 0 1
405.144 0.052 0 0 0 0 1
405.196 0.052 0 0 0 0 1
405.246 0.05 0 0 0 0 1
405.296 0.05 0 0 0 0 1
405.344 0.046 0.002 0.002 0 0 1
405.396 0.054 0 0 0 0 1
405.444 0.048 0 0 0 0 1
405.496 0.052 0 0 0 0 1
405.546 0.05 0 0 0 0 1
405.592 0.046 0 0 0 0 1
405.644 0.05 0.002 0 0.002 0.002 1
405.69 0.048 0 0 0 0 1
405.738 0.048 0 0 0 0 1
405.79 0.05 0.002 0 0.002 0.002 1
405.838 0.05 0 0 0 0 1
405.888 0.048 0.002 0 0.002 0.002 1
405.934 0.046 0.002 0 0.002 0.002 1
405.982 0.05 0 0 0 0 1
406.028 0.046 0 0 0 0 1
406.08 0.052 0 0 0 0 1
406.13 0.046 0.004 0.004 0 0 1
406.178 0.048 0.004 0.004 0 0 1
406.228 0.054 0 0 0 0 1
406.28 0.05 0.002 0 0.002 0.002 1
406.448 0.168 0.002 0 0.002 0.002 1
406.458 0.012 0 0 0 0 1
406.51 0.052 0 0 0 0 1
406.562 0.052 0 0 0 0 1
406.614 0.05 0.002 0 0.002 0.002 1
406.662 0.05 0 0 0 0 1
406.71 0.048 0 0 0 0 1
406.76 0.05 0 0 0 0 1
406.812 0.052 0 0 0 0 1
406.854 0.042 0 0 0 0 1
406.904 0.05 0 0 0 0 1
406.952 0.048 0 0 0 0 1
407.004 0.052 0 0 0 0 1
407.054 0.05 0 0 0 0 1
407.106 0.05 0.002 0 0.002 0.002 1
407.154 0.05 0 0 0 0 1
407.256 0.102 0 0 0 0 1
407.256 0 0 0 0 0 1
407.256 0 0 0 0 0 1
407.316 0.058 0.002 0 0.002 0.002 1
407.366 0.05 0.002 0 0.002 0.002 1
407.418 0.052 0.002 0 0.002 0.002 1
407.466 0.048 0.002 0 0.002 0.002 1
407.518 0.054 0 0 0 0 1
407.568 0.05 0 0 0 0 1
407.618 0.05 0 0 0 0 1
407.67 0.05 0.002 0 0.002 0.002 1
407.72 0.052 0 0 0 0 1
407.766 0.046 0 0 0 0 1
407.816 0.05 0 0 0 0 1
407.866 0.05 0 0 0 0 1
407.982 0.116 0 0 0 0 1
407.984 0 0.002 0.002 0 0 1
408.034 0.052 0 0 0 0 1
408.09 0.054 0.002 0.002 0 0 1
408.138 0.05 0 0 0 0 1
408.192 0.05 0.004 0 0.004 0.004 1
408.244 0.054 0.002 0 0.002 0.002 1
408.296 0.054 0 0 0 0 1
408.348 0.05 0.002 0 0.002 0.002 1
408.4 0.05 0.004 0 0.002 0.002 1
408.45 0.052 0.002 0 0.002 0.002 1
408.496 0.048 0 0 0 0 1
408.55 0.052 0.002 0 0.002 0.002 1
408.684 0.134 0.002 0 0.002 0.002 1
408.686 0.002 0.002 0 0.002 0.002 1
408.736 0.05 0.002 0 0.002 0.002 1
408.788 0.052 0.002 0.002 0 0 1
408.84 0.052 0.002 0 0 0 1
408.884 0.046 0 0 0 0 1
408.93 0.046 0 0 0 0 1
408.982 0.052 0 0 0 0 1
409.032 0.048 0.002 0 0.002 0.002 1
409.08 0.05 0 0 0 0 1
409.132 0.05 0.002 0 0.002 0.002 1
409.182 0.05 0.002 0.002 0 0 1
409.23 0.05 0 0 0 0 1
409.282 0.05 0.002 0.002 0 0 1
409.41 0.128 0.002 0 0.002 0.002 1
409.456 0.044 0.004 0 0.004 0.004 1
409.508 0.054 0.002 0 0 0 1
409.56 0.052 0.002 0 0.002 0.002 1
409.614 0.054 0.002 0 0.002 0.002 1
409.666 0.052 0.002 0 0.002 0.002 1
409.714 0.05 0 0 0 0 1
409.766 0.052 0 0 0 0 1
409.816 0.05 0 0 0 0 1
409.868 0.052 0 0 0 0 1
409.914 0.046 0 0 0 0 1
409.966 0.05 0.002 0 0.002 0.002 1
410.014 0.05 0 0 0 0 1
410.06 0.046 0 0 0 0 1
410.172 0.112 0 0 0 0 1
410.182 0.008 0.002 0 0.002 0.002 1
410.232 0.046 0.006 0.002 0.002 0.002 1
410.282 0.054 0.002 0 0 0 1
410.334 0.052 0.002 0 0.002 0.002 1
410.386 0.052 0.002 0 0.002 0.002 1
410.438 0.052 0.002 0 0.002 0.002 1
410.488 0.052 0 0 0 0 1
410.54 0.052 0 0 0 0 1
410.588 0.048 0 0 0 0 1
410.64 0.05 0.002 0 0.002 0.002 1
410.686 0.048 0 0 0 0 1
410.738 0.052 0 0 0 0 1
410.786 0.048 0 0 0 0 1
410.832 0.046 0 0 0 0 1
410.884 0.05 0.002 0 0.002 0.002 1
410.932 0.05 0 0 0 0 1
410.98 0.048 0 0 0 0 1
411.032 0.052 0 0 0 0 1
411.082 0.05 0 0 0 0 1
411.132 0.048 0.002 0.002 0 0 1
411.18 0.05 0 0 0 0 1
411.23 0.05 0 0 0 0 1
411.28 0.048 0.002 0 0.002 0.002 1
411.322 0.044 0 0 0 0 1
411.374 0.052 0 0 0 0 1
411.422 0.048 0 0 0 0 1
411.474 0.052 0 0 0 0 1
411.522 0.046 0.002 0 0.002 0.002 1
411.572 0.05 0.002 0 0.002 0.002 1
411.618 0.046 0.002 0 0.002 0.002 1
411.666 0.05 0 0 0 0 1
411.716 0.05 0 0 0 0 1
411.768 0.05 0.002 0 0 0 1
411.814 0.046 0.002 0 0.002 0.002 1
411.924 0.112 0 0 0 0 1
411.934 0.01 0 0 0 0 1
411.94 0.006 0 0 0 0 1
411.996 0.054 0.002 0 0.002 0.002 1
412.046 0.052 0 0 0 0 1
412.082 0.036 0 0 0 0 1
412.146 0.062 0.002 0.002 0 0 1
412.196 0.052 0 0 0 0 1
412.25 0.052 0.002 0 0.002 0.002 1
412.302 0.052 0.002 0 0.002 0.002 1
412.352 0.05 0.002 0 0.002 0.002 1
412.402 0.052 0 0 0 0 1
412.45 0.048 0 0 0 0 1
412.496 0.046 0 0 0 0 1
412.634 0.136 0.002 0 0.002 0.002 1
412.68 0.048 0 0 0 0 1
412.73 0.048 0.002 0 0 0 1
412.782 0.052 0.002 0 0.002 0.002 1
412.834 0.052 0.002 0.002 0 0 1
412.886 0.052 0.002 0 0.002 0.002 1
412.934 0.05 0 0 0 0 1
412.984 0.05 0 0 0 0 1
413.034 0.05 0 0 0 0 1
413.082 0.048 0 0 0 0 1
413.132 0.05 0 0 0 0 1
413.184 0.05 0.002 0 0.002 0.002 1
413.232 0.048 0.002 0 0.002 0.002 1
413.354 0.124 0 0 0 0 1
413.366 0.01 0.002 0 0.002 0.002 1
413.412 0.046 0.002 0 0.002 0.002 1
413.464 0.054 0 0 0 0 1
413.516 0.05 0.002 0 0.002 0.002 1
413.568 0.052 0.002 0.002 0 0 1
413.62 0.052 0.002 0 0.002 0.002 1
413.672 0.052 0.002 0.002 0 0 1
413.722 0.052 0 0 0 0 1
413.772 0.05 0 0 0 0 1
413.824 0.052 0 0 0 0 1
413.868 0.044 0 0 0 0 1
413.92 0.052 0 0 0 0 1
413.97 0.05 0 0 0 0 1
414.362 0.39 0.002 0 0 0 1
414.41 0.05 0 0 0 0 1
414.462 0.05 0.002 0 0.002 0.002 1
414.508 0.046 0.002 0 0.002 0.002 1
414.558 0.052 0 0 0 0 1
414.606 0.046 0.002 0 0 0 1
414.656 0.05 0.002 0 0.002 0.002 1
414.694 0.04 0 0 0 0 1
414.732 0.036 0.002 0 0.002 0.002 1
414.786 0.054 0.002 0.002 0 0 1
414.836 0.05 0.002 0 0.002 0.002 1
414.988 0.152 0.002 0.002 0 0 1
415.024 0.032 0.006 0 0.006 0.006 1
415.076 0.058 0 0 0 0 1
415.122 0.046 0 0 0 0 1
415.174 0.05 0.002 0 0.002 0.002 1
415.228 0.054 0.002 0 0 0 1
415.278 0.052 0 0 0 0 1
415.328 0.05 0 0 0 0 1
415.382 0.052 0.002 0 0.002 0.002 1
415.43 0.05 0 0 0 0 1
415.48 0.048 0.002 0 0.002 0.002 1
415.524 0.046 0 0 0 0 1
415.578 0.054 0 0 0 0 1
415.628 0.05 0 0 0 0 1
415.68 0.05 0.002 0 0.002 0.002 1
415.738 0.06 0 0 0 0 1
415.866 0.124 0.004 0.004 0 0 1
415.866 0.004 0 0 0 0 1
415.914 0.048 0 0 0 0 1
415.958 0.044 0 0 0 0 1
416.014 0.056 0 0 0 0 1
416.066 0.05 0.002 0 0.002 0.002 1
416.11 0.044 0.002 0 0 0 1
416.162 0.052 0.002 0 0.002 0.002 1
416.216 0.054 0.002 0 0 0 1
416.264 0.048 0.002 0 0.002 0.002 1
416.316 0.054 0 0 0 0 1
416.364 0.046 0.002 0.002 0 0 1
416.418 0.054 0.002 0 0.002 0.002 1
416.468 0.052 0 0 0 0 1
416.52 0.052 0 0 0 0 1
416.562 0.04 0.002 0 0.002 0.002 1
416.612 0.052 0 0 0 0 1
416.746 0.134 0 0 0 0 1
416.752 0.006 0 0 0 0 1
416.796 0.044 0 0 0 0 1
416.85 0.054 0 0 0 0 1
416.904 0.054 0 0 0 0 1
416.956 0.052 0 0 0 0 1
417.002 0.046 0 0 0 0 1
417.054 0.052 0 0 0 0 1
417.102 0.048 0 0 0 0 1
417.148 0.044 0.002 0.002 0 0 1
417.2 0.054 0 0 0 0 1
417.25 0.048 0.002 0 0.002 0.002 1
417.292 0.042 0.002 0 0.002 0.002 1
417.344 0.054 0 0 0 0 1
417.396 0.05 0.002 0 0.002 0.002 1
417.682 0.286 0.002 0 0.002 0.002 1
417.754 0.042 0.032 0.032 0 0 1
417.776 0.052 0.002 0 0 0 1
417.826 0.05 0.002 0 0.002 0.002 1
417.876 0.052 0 0 0 0 1
417.926 0.05 0 0 0 0 1
417.976 0.05 0 0 0 0 1
418.024 0.046 0.002 0 0 0 1
418.074 0.052 0 0 0 0 1
418.124 0.05 0 0 0 0 1
418.242 0.116 0.002 0.002 0 0 1
418.266 0.024 0.002 0 0.002 0.002 1
418.316 0.05 0.002 0 0.002 0.002 1
418.362 0.046 0.002 0 0.002 0.002 1
418.416 0.054 0.002 0 0.002 0.002 1
418.464 0.048 0.002 0 0.002 0.002 1
418.514 0.052 0 0 0 0 1
418.56 0.046 0 0 0 0 1
418.61 0.05 0 0 0 0 1
418.66 0.048 0.002 0 0.002 0.002 1
418.706 0.048 0 0 0 0 1
418.758 0.05 0.002 0.002 0 0 1
418.808 0.05 0.002 0 0.002 0.002 1
418.952 0.146 0 0 0 0 1
418.962 0.01 0 0 0 0 1
418.988 0.026 0 0 0 0 1
419.04 0.052 0 0 0 0 1
419.094 0.052 0.002 0 0.002 0.002 1
419.144 0.052 0 0 0 0 1
419.192 0.048 0 0 0 0 1
419.244 0.05 0.002 0.002 0 0 1
419.294 0.052 0 0 0 0 1
419.342 0.046 0.002 0 0.002 0.002 1
419.392 0.052 0 0 0 0 1
419.438 0.046 0 0 0 0 1
419.492 0.052 0.002 0 0.002 0.002 1
419.542 0.052 0 0 0 0 1
419.592 0.048 0.002 0 0.002 0.002 1
419.64 0.05 0 0 0 0 1
419.69 0.05 0 0 0 0 1
419.792 0.102 0 0 0 0 1
419.796 0.004 0 0 0 0 1
419.84 0.044 0 0 0 0 1
419.888 0.046 0.002 0.002 0 0 1
419.942 0.054 0.002 0 0 0 1
419.99 0.05 0 0 0 0 1
420.036 0.044 0.002 0 0.002 0.002 1
420.092 0.05 0.008 0.006 0.002 0.002 1
420.138 0.052 0.002 0 0.002 0.002 1
420.182 0.046 0 0 0 0 1
420.234 0.05 0.002 0 0.002 0.002 1
420.284 0.052 0 0 0 0 1
420.336 0.05 0.002 0 0.002 0.002 1
420.376 0.04 0.002 0 0.002 0.002 1
420.43 0.054 0.002 0 0.002 0.002 1
420.482 0.054 0 0 0 0 1
420.576 0.092 0.002 0 0.002 0.002 1
420.598 0.024 0 0 0 0 1
420.65 0.052 0 0 0 0 1
420.7 0.05 0 0 0 0 1
420.752 0.052 0 0 0 0 1
420.804 0.052 0 0 0 0 1
420.854 0.05 0 0 0 0 1
420.906 0.052 0 0 0 0 1
420.956 0.05 0 0 0 0 1
421.004 0.046 0.002 0 0.002 0.002 1
421.054 0.052 0 0 0 0 1
421.104 0.048 0.002 0 0.002 0.002 1
421.154 0.052 0 0 0 0 1
421.206 0.052 0 0 0 0 1
421.258 0.05 0.002 0 0.002 0.002 1
421.308 0.05 0.002 0 0.002 0.002 1
421.468 0.162 0 0 0 0 1
421.488 0.018 0.002 0 0.002 0.002 1
421.542 0.054 0.002 0 0.002 0.002 1
421.594 0.052 0.002 0 0.002 0.002 1
421.646 0.054 0 0 0 0 1
421.698 0.05 0.002 0 0.002 0.002 1
421.75 0.052 0.002 0 0.002 0.002 1
421.8 0.052 0 0 0 0 1
421.838 0.038 0 0 0 0 1
421.888 0.048 0.002 0 0 0 1
421.934 0.046 0.002 0 0.002 0.002 1
421.984 0.052 0 0 0 0 1
422.036 0.05 0.002 0 0.002 0.002 1
422.162 0.128 0 0 0 0 1
422.172 0.006 0.004 0 0.002 0.002 1
422.22 0.052 0 0 0 0 1
422.272 0.052 0 0 0 0 1
422.326 0.054 0 0 0 0 1
422.374 0.046 0.002 0 0.002 0.002 1
422.422 0.048 0.002 0 0.002 0.002 1
422.472 0.052 0 0 0 0 1
422.524 0.05 0.002 0 0.002 0.002 1
422.574 0.052 0 0 0 0 1
422.624 0.05 0 0 0 0 1
422.676 0.05 0.002 0 0.002 0.002 1
422.724 0.05 0 0 0 0 1
422.772 0.048 0 0 0 0 1
422.902 0.13 0 0 0 0 1
422.914 0.01 0.002 0 0 0 1
422.962 0.048 0.002 0 0.002 0.002 1
423.014 0.052 0.002 0 0.002 0.002 1
423.064 0.052 0 0 0 0 1
423.116 0.05 0.002 0 0.002 0.002 1
423.162 0.048 0 0 0 0 1
423.214 0.052 0 0 0 0 1
423.262 0.048 0 0 0 0 1
423.314 0.05 0.002 0 0.002 0.002 1
423.362 0.048 0.002 0.002 0 0 1
423.408 0.048 0 0 0 0 1
423.458 0.048 0.002 0 0.002 0.002 1
423.502 0.044 0.002 0 0.002 0.002 1
423.554 0.052 0.002 0 0.002 0.002 1
423.602 0.05 0 0 0 0 1
423.662 0.06 0 0 0 0 1
423.676 0.014 0 0 0 0 1
423.74 0.062 0.002 0 0.002 0.002 1
423.79 0.05 0.002 0 0.002 0.002 1
423.844 0.054 0.002 0.002 0 0 1
423.894 0.052 0 0 0 0 1
423.946 0.05 0.002 0 0.002 0.002 1
423.998 0.054 0 0 0 0 1
424.046 0.048 0 0 0 0 1
424.09 0.042 0.002 0.002 0 0 1
424.142 0.052 0.002 0 0.002 0.002 1
424.192 0.052 0 0 0 0 1
424.234 0.042 0 0 0 0 1
424.286 0.052 0 0 0 0 1
424.334 0.048 0 0 0 0 1
424.384 0.05 0 0 0 0 1
424.432 0.046 0.002 0 0.002 0.002 1
424.482 0.052 0 0 0 0 1
424.582 0.098 0.002 0 0.002 0.002 1
424.608 0.026 0.002 0 0.002 0.002 1
424.656 0.05 0 0 0 0 1
424.708 0.052 0 0 0 0 1
424.762 0.052 0.002 0 0.002 0.002 1
424.814 0.054 0 0 0 0 1
424.866 0.05 0.002 0 0.002 0.002 1
424.906 0.042 0 0 0 0 1
424.964 0.058 0 0 0 0 1
425.016 0.052 0 0 0 0 1
425.066 0.05 0 0 0 0 1
425.114 0.044 0.004 0.004 0 0 1
425.152 0.042 0 0 0 0 1
425.204 0.05 0.002 0 0.002 0.002 1
425.254 0.048 0.004 0 0 0 1
425.302 0.05 0.002 0 0.002 0.002 1
425.4 0.098 0.002 0 0.002 0.002 1
425.426 0.026 0.002 0.002 0 0 1
425.482 0.058 0 0 0 0 1
425.534 0.052 0 0 0 0 1
425.578 0.044 0 0 0 0 1
425.632 0.052 0.002 0 0 0 1
425.676 0.046 0 0 0 0 1
425.73 0.054 0 0 0 0 1
425.78 0.05 0 0 0 0 1
425.832 0.052 0 0 0 0 1
425.876 0.042 0.002 0.002 0 0 1
425.926 0.052 0 0 0 0 1
425.978 0.052 0 0 0 0 1
426.022 0.044 0 0 0 0 1
426.074 0.052 0 0 0 0 1
426.128 0.052 0.002 0 0.002 0.002 1
426.176 0.048 0.002 0 0 0 1
426.218 0.042 0.002 0 0.002 0.002 1
426.336 0.12 0 0 0 0 1
426.346 0.01 0 0 0 0 1
426.396 0.048 0.002 0 0.002 0.002 1
426.444 0.05 0 0 0 0 1
426.494 0.046 0.004 0 0.002 0.002 1
426.544 0.054 0 0 0 0 1
426.596 0.052 0 0 0 0 1
426.648 0.052 0 0 0 0 1
426.69 0.042 0 0 0 0 1
426.74 0.05 0 0 0 0 1
426.794 0.052 0.002 0 0.002 0.002 1
426.846 0.052 0.002 0 0 0 1
426.894 0.05 0 0 0 0 1
426.942 0.046 0.002 0 0.002 0.002 1
427.042 0.1 0.002 0 0.002 0.002 1
427.056 0.01 0.006 0.004 0.002 0.002 1
427.104 0.054 0 0 0 0 1
427.154 0.048 0.002 0 0.002 0.002 1
427.204 0.05 0.002 0 0.002 0.002 1
427.254 0.05 0.002 0 0.002 0.002 1
427.3 0.048 0 0 0 0 1
427.352 0.05 0.002 0 0.002 0.002 1
427.402 0.05 0.002 0.002 0 0 1
427.452 0.05 0.002 0 0.002 0.002 1
427.502 0.052 0 0 0 0 1
427.554 0.05 0.002 0 0.002 0.002 1
427.604 0.05 0.002 0 0 0 1
427.726 0.124 0 0 0 0 1
427.728 0 0.002 0 0.002 0.002 1
427.772 0.046 0 0 0 0 1
427.824 0.052 0 0 0 0 1
427.88 0.054 0.002 0 0.002 0.002 1
427.932 0.052 0.002 0.002 0 0 1
427.984 0.052 0.002 0 0.002 0.002 1
428.036 0.052 0.002 0 0.002 0.002 1
428.086 0.052 0 0 0 0 1
428.132 0.046 0 0 0 0 1
428.178 0.046 0 0 0 0 1
428.23 0.05 0.002 0 0 0 1
428.28 0.05 0.002 0 0.002 0.002 1
428.33 0.05 0.002 0.002 0 0 1
428.38 0.05 0.002 0 0.002 0.002 1
428.43 0.052 0 0 0 0 1
428.476 0.046 0 0 0 0 1
428.526 0.05 0 0 0 0 1
428.574 0.048 0 0 0 0 1
428.62 0.044 0.002 0 0.002 0.002 1
428.67 0.052 0 0 0 0 1
428.722 0.05 0.002 0 0.002 0.002 1
428.772 0.05 0.002 0 0.002 0.002 1
428.82 0.05 0 0 0 0 1
428.872 0.052 0 0 0 0 1
428.918 0.046 0 0 0 0 1
428.968 0.05 0 0 0 0 1
429.018 0.05 0 0 0 0 1
429.068 0.048 0.002 0.002 0 0 1
429.118 0.052 0 0 0 0 1
429.262 0.142 0.002 0 0.002 0.002 1
429.294 0.032 0.002 0 0.002 0.002 1
429.34 0.048 0 0 0 0 1
429.386 0.046 0 0 0 0 1
429.434 0.048 0 0 0 0 1
429.486 0.052 0 0 0 0 1
429.536 0.05 0 0 0 0 1
429.59 0.052 0.002 0 0.002 0.002 1
429.64 0.052 0 0 0 0 1
429.694 0.054 0 0 0 0 1
429.742 0.048 0 0 0 0 1
429.792 0.048 0.002 0 0.002 0.002 1
429.842 0.05 0.002 0 0.002 0.002 1
429.89 0.048 0.002 0 0 0 1
429.938 0.05 0 0 0 0 1
429.99 0.05 0.002 0 0.002 0.002 1
430.036 0.048 0 0 0 0 1
430.082 0.044 0.002 0 0.002 0.002 1
430.128 0.048 0 0 0 0 1
430.174 0.046 0 0 0 0 1
430.228 0.052 0.002 0 0.002 0.002 1
430.276 0.05 0 0 0 0 1
430.328 0.052 0 0 0 0 1
430.378 0.05 0 0 0 0 1
430.426 0.048 0 0 0 0 1
430.476 0.044 0.006 0 0.006 0.006 1
430.524 0.054 0 0 0 0 1
430.576 0.05 0.002 0 0.002 0.002 1
430.626 0.052 0 0 0 0 1
430.674 0.048 0 0 0 0 1
430.726 0.052 0 0 0 0 1
430.856 0.128 0.002 0 0.002 0.002 1
430.864 0.01 0 0 0 0 1
430.914 0.05 0 0 0 0 1
430.966 0.052 0 0 0 0 1
431.02 0.052 0.002 0 0.002 0.002 1
431.07 0.052 0 0 0 0 1
431.118 0.048 0 0 0 0 1
431.172 0.052 0.002 0 0.002 0.002 1
431.214 0.044 0 0 0 0 1
431.262 0.048 0 0 0 0 1
431.312 0.05 0 0 0 0 1
431.362 0.05 0 0 0 0 1
431.414 0.05 0.002 0 0.002 0.002 1
431.462 0.048 0.002 0 0.002 0.002 1
431.51 0.05 0 0 0 0 1
431.562 0.052 0 0 0 0 1
431.61 0.048 0 0 0 0 1
431.66 0.048 0.002 0 0.002 0.002 1
431.81 0.15 0.002 0 0.002 0.002 1
431.842 0.032 0.002 0.002 0 0 1
431.894 0.052 0.002 0.002 0 0 1
431.94 0.048 0 0 0 0 1
431.99 0.048 0.002 0 0.002 0.002 1
432.042 0.052 0.002 0 0.002 0.002 1
432.09 0.05 0 0 0 0 1
432.142 0.05 0.002 0.002 0 0 1
432.192 0.052 0 0 0 0 1
432.24 0.046 0.002 0 0.002 0.002 1
432.29 0.05 0.002 0 0.002 0.002 1
432.34 0.05 0.002 0 0.002 0.002 1
432.39 0.05 0.002 0 0.002 0.002 1
432.44 0.052 0 0 0 0 1
432.566 0.122 0.004 0 0.004 0.004 1
432.58 0.014 0.004 0 0.004 0.004 1
432.626 0.05 0 0 0 0 1
432.678 0.052 0 0 0 0 1
432.73 0.05 0.002 0.002 0 0 1
432.78 0.05 0.002 0 0.002 0.002 1
432.816 0.036 0.002 0 0.002 0.002 1
432.866 0.052 0 0 0 0 1
432.912 0.046 0 0 0 0 1
432.964 0.05 0.002 0 0.002 0.002 1
433.014 0.052 0 0 0 0 1
433.06 0.046 0 0 0 0 1
433.112 0.05 0.002 0 0.002 0.002 1
433.162 0.052 0 0 0 0 1
433.214 0.05 0.002 0 0.002 0.002 1
433.256 0.044 0 0 0 0 1
433.304 0.046 0.002 0 0.002 0.002 1
433.35 0.046 0.002 0 0.002 0.002 1
433.402 0.054 0 0 0 0 1
433.45 0.048 0 0 0 0 1
433.504 0.052 0.002 0 0.002 0.002 1
433.544 0.042 0 0 0 0 1
433.596 0.052 0 0 0 0 1
433.646 0.05 0 0 0 0 1
433.696 0.048 0.002 0 0.002 0.002 1
433.748 0.052 0.002 0 0.002 0.002 1
433.798 0.05 0.002 0 0.002 0.002 1
433.846 0.048 0.002 0 0.002 0.002 1
433.896 0.052 0 0 0 0 1
433.942 0.046 0 0 0 0 1
433.992 0.048 0.002 0.002 0 0 1
434.042 0.052 0 0 0 0 1
434.09 0.046 0.002 0 0.002 0.002 1
434.136 0.048 0 0 0 0 1
434.276 0.138 0.002 0 0.002 0.002 1
434.278 0.002 0.002 0 0.002 0.002 1
434.324 0.048 0 0 0 0 1
434.376 0.052 0 0 0 0 1
434.426 0.048 0.002 0 0.002 0.002 1
434.478 0.052 0.002 0 0.002 0.002 1
434.524 0.048 0 0 0 0 1
434.572 0.048 0 0 0 0 1
434.626 0.054 0 0 0 0 1
434.67 0.042 0.002 0 0.002 0.002 1
434.712 0.044 0 0 0 0 1
434.762 0.05 0 0 0 0 1
434.81 0.048 0 0 0 0 1
434.862 0.052 0 0 0 0 1
434.914 0.052 0 0 0 0 1
434.964 0.05 0 0 0 0 1
435.084 0.12 0 0 0 0 1
435.092 0 0.008 0 0.008 0.008 1
435.142 0.058 0 0 0 0 1
435.224 0.048 0.034 0 0 0 1
435.238 0.048 0 0 0 0 1
435.288 0.05 0 0 0 0 1
435.338 0.05 0 0 0 0 1
435.39 0.052 0 0 0 0 1
435.44 0.05 0 0 0 0 1
435.492 0.05 0.002 0.002 0 0 1
435.542 0.052 0 0 0 0 1
435.594 0.048 0.004 0 0 0 1
435.644 0.054 0 0 0 0 1
435.692 0.048 0 0 0 0 1
435.828 0.136 0 0 0 0 1
435.836 0.006 0.002 0 0.002 0.002 1
435.876 0.042 0 0 0 0 1
435.932 0.056 0 0 0 0 1
435.978 0.046 0 0 0 0 1
436.03 0.052 0 0 0 0 1
436.078 0.048 0 0 0 0 1
436.13 0.052 0 0 0 0 1
436.182 0.05 0.002 0 0.002 0.002 1
436.23 0.05 0 0 0 0 1
436.28 0.05 0 0 0 0 1
436.328 0.048 0 0 0 0 1
436.378 0.05 0 0 0 0 1
436.432 0.052 0.002 0 0.002 0.002 1
436.48 0.05 0 0 0 0 1
436.53 0.05 0 0 0 0 1
436.576 0.046 0 0 0 0 1
436.62 0.044 0 0 0 0 1
436.672 0.052 0 0 0 0 1
436.722 0.05 0 0 0 0 1
436.774 0.052 0 0 0 0 1
436.822 0.048 0 0 0 0 1
436.87 0.048 0 0 0 0 1
436.92 0.05 0 0 0 0 1
436.972 0.05 0.002 0 0.002 0.002 1
437.022 0.052 0 0 0 0 1
437.072 0.05 0 0 0 0 1
437.114 0.042 0 0 0 0 1
437.164 0.05 0 0 0 0 1
437.204 0.04 0 0 0 0 1
437.368 0.164 0 0 0 0 1
437.38 0.008 0.004 0 0.002 0.002 1
437.434 0.058 0 0 0 0 1
437.488 0.052 0.002 0.002 0 0 1
437.544 0.056 0.002 0 0.002 0.002 1
437.596 0.054 0 0 0 0 1
437.646 0.048 0.002 0 0.002 0.002 1
437.698 0.052 0.002 0 0.002 0.002 1
437.75 0.054 0 0 0 0 1
437.798 0.046 0.002 0 0.002 0.002 1
437.85 0.054 0 0 0 0 1
437.902 0.05 0.002 0 0.002 0.002 1
437.954 0.052 0.002 0 0.002 0.002 1
438.004 0.05 0.002 0 0.002 0.002 1
438.052 0.05 0 0 0 0 1
438.104 0.052 0 0 0 0 1
438.154 0.05 0 0 0 0 1
438.276 0.12 0.002 0 0.002 0.002 1
438.312 0.038 0 0 0 0 1
438.366 0.054 0 0 0 0 1
438.416 0.05 0 0 0 0 1
438.47 0.054 0 0 0 0 1
438.522 0.05 0.002 0 0.002 0.002 1
438.572 0.052 0 0 0 0 1
438.624 0.052 0 0 0 0 1
438.674 0.05 0 0 0 0 1
438.724 0.05 0 0 0 0 1
438.776 0.052 0 0 0 0 1
438.824 0.048 0 0 0 0 1
438.876 0.05 0.002 0 0.002 0.002 1
438.924 0.048 0.002 0 0.002 0.002 1
438.974 0.052 0 0 0 0 1
439.024 0.048 0.002 0 0.002 0.002 1
439.136 0.114 0 0 0 0 1
439.156 0.02 0 0 0 0 1
439.208 0.052 0 0 0 0 1
439.252 0.044 0 0 0 0 1
439.304 0.052 0 0 0 0 1
439.356 0.04 0.012 0 0.012 0.012 1
439.404 0.058 0.002 0 0.002 0.002 1
439.456 0.054 0 0 0 0 1
439.502 0.046 0 0 0 0 1
439.55 0.048 0 0 0 0 1
439.602 0.052 0 0 0 0 1
439.652 0.05 0 0 0 0 1
439.702 0.048 0.002 0.002 0 0 1
439.748 0.048 0 0 0 0 1
439.8 0.05 0.002 0 0.002 0.002 1
439.85 0.052 0 0 0 0 1
439.994 0.142 0.002 0 0.002 0.002 1
440.026 0.032 0.002 0.002 0 0 1
440.078 0.052 0.002 0 0.002 0.002 1
440.13 0.054 0 0 0 0 1
440.178 0.048 0 0 0 0 1
440.232 0.052 0.002 0 0.002 0.002 1
440.282 0.052 0 0 0 0 1
440.334 0.052 0 0 0 0 1
440.386 0.05 0.002 0 0.002 0.002 1
440.436 0.05 0.002 0 0.002 0.002 1
440.486 0.052 0 0 0 0 1
440.536 0.048 0.002 0 0.002 0.002 1
440.568 0.034 0 0 0 0 1
440.624 0.056 0 0 0 0 1
440.678 0.052 0.002 0 0.002 0.002 1
440.73 0.052 0.002 0 0.002 0.002 1
440.78 0.052 0 0 0 0 1
440.83 0.05 0 0 0 0 1
440.88 0.05 0 0 0 0 1
440.932 0.052 0 0 0 0 1
440.982 0.05 0 0 0 0 1
441.034 0.052 0 0 0 0 1
441.08 0.046 0 0 0 0 1
441.128 0.048 0 0 0 0 1
441.18 0.052 0 0 0 0 1
441.23 0.048 0.002 0.002 0 0 1
441.282 0.052 0.002 0 0.002 0.002 1
441.33 0.05 0 0 0 0 1
441.38 0.05 0 0 0 0 1
441.43 0.05 0 0 0 0 1
441.48 0.048 0.002 0 0.002 0.002 1
441.598 0.118 0.002 0 0.002 0.002 1
441.614 0.016 0.002 0.002 0 0 1
441.658 0.046 0 0 0 0 1
441.702 0.04 0.004 0.002 0 0 1
441.754 0.05 0.006 0.006 0 0 1
441.802 0.054 0 0 0 0 1
441.856 0.052 0.002 0 0.002 0.002 1
441.908 0.052 0.002 0 0.002 0.002 1
441.952 0.044 0.002 0 0.002 0.002 1
442 0.048 0.002 0 0 0 1
442.05 0.05 0.002 0.002 0 0 1
442.09 0.04 0.002 0 0.002 0.002 1
442.14 0.052 0 0 0 0 1
442.192 0.052 0 0 0 0 1
442.24 0.046 0.002 0 0.002 0.002 1
