77.788 76.832 0.956 0.014 0.942 0.942 4
78.7 0.956 0.912 0.014 0.898 0.898 4
79.698 0.948 0.962 0.008 0.954 0.954 2
80.626 0.962 0.928 0.008 0.92 0.92 2
81.632 0.952 0.982 0.01 0.97 0.97 4
82.6 0.982 0.968 0.014 0.954 0.954 4
83.622 0.996 0.994 0.012 0.982 0.982 2
84.61 0.994 0.988 0.01 0.978 0.978 2
85.582 1.01 0.95 0.016 0.934 0.934 4
86.524 0.95 0.942 0.016 0.924 0.924 4
87.5 0.968 0.95 0.01 0.94 0.94 2
88.438 0.974 0.914 0.008 0.906 0.906 2
89.368 0.914 0.93 0.008 0.922 0.922 2
90.352 0.956 0.958 0.01 0.948 0.948 2
91.32 0.984 0.942 0.01 0.928 0.928 2
92.312 0.966 0.968 0.006 0.962 0.962 3
93.222 0.97 0.908 0.008 0.9 0.9 2
94.168 0.93 0.924 0.008 0.916 0.916 2
95.14 0.924 0.972 0.012 0.958 0.958 3
96.168 1 1 0.012 0.988 0.988 3
97.092 1.002 0.922 0.012 0.91 0.91 4
98.074 0.944 0.96 0.016 0.944 0.944 4
99.086 0.96 1.012 0.018 0.994 0.994 4
100.08 1.032 0.974 0.01 0.964 0.964 2
100.15 0.974 0.07 0.068 0 0 1
100.252 0.094 0.078 0.078 0 0 1
100.326 0.08 0.072 0.072 0 0 1
100.406 0.072 0.08 0.08 0 0 1
100.472 0.08 0.066 0.066 0 0 1
100.546 0.066 0.074 0.074 0 0 1
100.64 0.1 0.068 0.068 0 0 1
103.122 1.61 0.94 0.008 0.932 0.932 3
104.088 0.94 0.966 0.006 0.96 0.96 3
105.08 0.99 0.968 0.01 0.958 0.958 3
106.044 0.968 0.964 0.012 0.952 0.952 3
107.028 0.99 0.958 0.014 0.944 0.944 3
108.028 0.958 1 0.008 0.992 0.992 3
108.11 1.02 0.062 0.062 0 0 1
108.168 0.062 0.058 0.058 0 0 1
108.222 0.058 0.054 0.054 0 0 1
108.288 0.054 0.066 0.066 0 0 1
108.368 0.088 0.058 0.058 0 0 1
108.438 0.058 0.07 0.07 0 0 1
108.504 0.07 0.066 0.066 0 0 1
108.584 0.092 0.054 0.054 0 0 1
108.636 0.054 0.052 0.052 0 0 1
108.728 0.076 0.068 0.068 0 0 1
108.792 0.068 0.064 0.064 0 0 1
108.85 0.064 0.058 0.058 0 0 1
108.948 0.084 0.072 0.072 0 0 1
109.018 0.072 0.07 0.07 0 0 1
109.088 0.07 0.07 0.07 0 0 1
109.186 0.098 0.07 0.07 0 0 1
109.248 0.07 0.062 0.062 0 0 1
109.34 0.086 0.068 0.068 0 0 1
109.4 0.07 0.058 0.058 0 0 1
109.472 0.058 0.072 0.072 0 0 1
109.57 0.102 0.068 0.068 0 0 1
109.644 0.07 0.072 0.072 0 0 1
109.732 0.094 0.066 0.066 0 0 1
110.724 0.066 0.992 0.024 0.968 0.968 7
111.708 0.992 0.984 0.012 0.97 0.97 7
112.706 1.008 0.974 0.014 0.96 0.96 4
113.694 0.974 0.988 0.01 0.978 0.978 4
114.632 1.016 0.91 0.008 0.902 0.902 2
115.546 0.91 0.914 0.01 0.904 0.904 2
116.544 0.942 0.97 0.008 0.962 0.962 2
117.472 0.97 0.928 0.004 0.924 0.924 2
118.446 0.948 0.954 0.01 0.944 0.944 2
119.406 0.956 0.958 0.008 0.95 0.95 2
120.404 0.978 0.978 0.014 0.964 0.964 3
121.35 0.978 0.946 0.014 0.932 0.932 3
122.312 0.97 0.938 0.01 0.928 0.928 3
123.258 0.938 0.946 0.012 0.934 0.934 3
124.208 0.974 0.922 0.014 0.908 0.908 3
125.178 0.944 0.948 0.008 0.94 0.94 3
126.132 0.948 0.954 0.014 0.94 0.94 4
127.1 0.976 0.946 0.01 0.936 0.936 4
128.076 0.946 0.976 0.018 0.958 0.958 4
129.06 1.002 0.958 0.018 0.94 0.94 4
129.998 0.958 0.938 0.01 0.928 0.928 4
130.942 0.962 0.92 0.004 0.916 0.916 4
131.896 0.94 0.934 0.012 0.922 0.922 4
132.864 0.934 0.968 0.014 0.954 0.954 4
133.852 0.992 0.964 0.016 0.948 0.948 4
134.84 0.964 0.988 0.018 0.97 0.97 4
135.856 1.006 0.998 0.022 0.976 0.976 6
136.866 0.998 1.01 0.02 0.988 0.988 6
137.846 1.032 0.958 0.01 0.948 0.948 4
138.82 0.978 0.954 0.014 0.94 0.94 4
139.794 0.978 0.95 0.01 0.94 0.94 2
140.722 0.95 0.928 0.01 0.918 0.918 2
141.67 0.95 0.926 0.012 0.914 0.914 3
142.65 0.926 0.98 0.01 0.97 0.97 3
143.654 0.998 0.986 0.012 0.974 0.974 3
144.642 0.988 0.986 0.012 0.974 0.974 3
145.572 1.014 0.902 0.008 0.894 0.894 2
146.498 0.902 0.926 0.01 0.916 0.916 2
147.516 0.95 0.994 0.01 0.984 0.984 3
148.484 0.994 0.968 0 0.968 0.968 3
149.458 0.998 0.944 0.012 0.932 0.932 3
150.396 0.946 0.936 0.006 0.93 0.93 2
151.354 0.964 0.93 0.01 0.92 0.92 2
152.324 0.93 0.97 0.008 0.962 0.962 2
153.31 0.996 0.96 0.012 0.948 0.948 2
154.278 0.976 0.952 0.008 0.944 0.944 2
155.198 0.952 0.92 0.008 0.912 0.912 2
156.148 0.936 0.934 0.01 0.924 0.924 2
157.128 0.934 0.98 0.018 0.962 0.962 4
158.144 1.004 0.992 0.008 0.982 0.982 2
159.1 0.992 0.956 0.014 0.942 0.942 4
160.05 0.976 0.93 0.01 0.92 0.92 2
160.994 0.93 0.944 0.006 0.938 0.938 2
161.992 0.968 0.974 0.012 0.962 0.962 3
162.952 0.974 0.96 0.014 0.946 0.946 3
163.902 0.978 0.932 0.008 0.924 0.924 3
164.828 0.932 0.926 0.008 0.918 0.918 3
165.81 0.952 0.956 0.01 0.946 0.946 3
166.748 0.956 0.938 0.008 0.93 0.93 2
167.694 0.968 0.916 0.008 0.908 0.908 2
168.252 0.918 0.556 0.004 0.552 0.552 1
168.83 0.584 0.55 0.008 0.542 0.542 2
169.334 0.55 0.504 0.006 0.498 0.498 2
169.886 0.528 0.528 0.006 0.522 0.522 2
170.432 0.528 0.546 0.006 0.538 0.538 2
170.972 0.574 0.512 0.006 0.506 0.506 2
171.498 0.512 0.526 0.008 0.518 0.518 2
172.05 0.558 0.52 0.006 0.514 0.514 2
172.572 0.522 0.52 0.006 0.514 0.514 2
173.158 0.556 0.55 0.008 0.542 0.542 2
173.692 0.55 0.534 0.01 0.524 0.524 2
174.238 0.56 0.52 0.012 0.508 0.508 2
174.826 0.552 0.556 0.01 0.546 0.546 2
175.376 0.582 0.524 0.006 0.518 0.518 2
175.9 0.524 0.524 0.006 0.518 0.518 3
176.488 0.554 0.558 0.012 0.546 0.546 3
177.034 0.558 0.546 0.008 0.538 0.538 2
177.582 0.576 0.518 0.006 0.512 0.512 2
178.102 0.518 0.52 0.008 0.512 0.512 2
178.682 0.56 0.54 0.012 0.528 0.528 2
179.24 0.542 0.556 0.01 0.546 0.546 3
179.81 0.588 0.538 0.006 0.532 0.532 2
180.41 0.566 0.572 0.006 0.564 0.564 2
180.96 0.572 0.55 0.008 0.542 0.542 2
181.532 0.586 0.536 0.008 0.528 0.528 2
182.07 0.536 0.538 0.008 0.53 0.53 2
182.618 0.576 0.51 0.006 0.502 0.502 2
183.174 0.542 0.524 0.006 0.518 0.518 2
183.704 0.524 0.53 0.006 0.524 0.524 2
184.26 0.568 0.518 0.006 0.512 0.512 2
184.776 0.518 0.516 0.006 0.51 0.51 2
185.34 0.562 0.518 0.008 0.51 0.51 3
185.868 0.518 0.528 0.012 0.516 0.516 2
186.484 0.568 0.576 0.008 0.568 0.568 2
187.036 0.576 0.552 0.004 0.546 0.546 2
187.636 0.588 0.564 0.004 0.56 0.56 2
188.43 0.566 0.792 0.008 0.784 0.784 2
189.28 0.844 0.798 0.01 0.788 0.788 2
190.176 0.798 0.896 0.002 0.894 0.894 2
191.124 0.926 0.918 0.008 0.91 0.91 2
191.854 0.918 0.73 0.01 0.72 0.72 2
192.614 0.774 0.716 0.006 0.71 0.71 2
193.4 0.718 0.784 0.008 0.774 0.774 2
194.238 0.828 0.794 0.01 0.784 0.784 2
195.032 0.794 0.794 0.01 0.784 0.784 2
195.834 0.834 0.762 0.008 0.754 0.754 2
196.622 0.762 0.788 0.01 0.778 0.778 2
197.444 0.826 0.784 0.006 0.778 0.778 2
198.26 0.784 0.816 0.01 0.806 0.806 2
199.148 0.872 0.832 0.006 0.826 0.826 2
199.936 0.832 0.788 0.008 0.778 0.778 2
200.754 0.828 0.778 0.004 0.774 0.774 2
201.586 0.78 0.83 0.008 0.822 0.822 2
202.438 0.884 0.798 0.008 0.79 0.79 2
203.374 0.798 0.936 0.006 0.93 0.93 2
204.388 0.98 0.97 0.006 0.964 0.964 2
205.23 0.97 0.842 0.008 0.834 0.834 2
206.114 0.89 0.836 0.006 0.83 0.83 2
207.03 0.836 0.916 0.008 0.908 0.908 2
207.986 0.97 0.902 0.008 0.894 0.894 2
208.91 0.902 0.924 0.008 0.916 0.916 2
209.872 0.97 0.916 0.006 0.91 0.91 2
210.782 0.916 0.91 0.006 0.904 0.904 2
211.792 0.954 0.966 0.002 0.964 0.964 2
212.71 0.966 0.918 0.006 0.91 0.91 2
213.636 0.966 0.878 0.006 0.872 0.872 2
214.602 0.878 0.966 0.012 0.952 0.952 2
215.558 1.018 0.904 0.006 0.898 0.898 2
216.494 0.934 0.906 0.008 0.898 0.898 2
217.396 0.906 0.902 0.006 0.896 0.896 2
218.366 0.94 0.932 0.006 0.926 0.926 2
219.328 0.98 0.914 0.006 0.908 0.908 2
220.266 0.914 0.938 0.006 0.932 0.932 2
221.238 0.984 0.926 0.006 0.918 0.918 2
222.144 0.926 0.906 0.006 0.9 0.9 2
223.078 0.956 0.884 0.006 0.878 0.878 2
223.804 0.886 0.724 0.004 0.72 0.72 2
224.576 0.766 0.73 0.008 0.722 0.722 2
225.48 0.73 0.904 0.002 0.902 0.902 2
226.402 0.946 0.88 0.006 0.874 0.874 2
227.3 0.88 0.898 0.006 0.89 0.89 2
228.252 0.95 0.9 0.008 0.892 0.892 2
229.126 0.9 0.874 0.008 0.866 0.866 2
230.056 0.92 0.884 0.008 0.876 0.876 2
230.92 0.884 0.864 0.01 0.854 0.854 2
231.848 0.914 0.878 0.006 0.872 0.872 2
232.71 0.88 0.86 0.004 0.856 0.856 2
233.6 0.91 0.84 0.006 0.834 0.834 2
234.446 0.84 0.846 0.004 0.842 0.842 2
235.304 0.9 0.804 0.006 0.798 0.798 2
235.896 0.804 0.592 0.004 0.588 0.588 2
236.508 0.638 0.566 0.004 0.562 0.562 2
237.056 0.566 0.548 0.008 0.54 0.54 3
237.638 0.594 0.536 0.008 0.528 0.528 3
238.19 0.536 0.552 0.004 0.548 0.548 1
238.79 0.594 0.558 0.002 0.556 0.556 1
239.348 0.604 0.512 0.002 0.51 0.51 1
239.864 0.512 0.516 0.002 0.514 0.514 1
240.468 0.57 0.55 0.002 0.548 0.548 1
241.008 0.55 0.54 0.002 0.536 0.536 1
241.626 0.584 0.574 0.004 0.57 0.57 2
242.19 0.576 0.562 0.004 0.558 0.558 2
242.816 0.606 0.582 0.006 0.576 0.576 2
243.408 0.582 0.592 0 0.592 0.592 2
244.028 0.624 0.588 0.006 0.582 0.582 2
244.602 0.588 0.574 0.006 0.568 0.568 2
245.202 0.626 0.548 0.008 0.538 0.538 2
245.758 0.548 0.556 0.008 0.548 0.548 2
246.298 0.556 0.54 0.008 0.532 0.532 2
246.906 0.592 0.556 0.01 0.546 0.546 2
247.436 0.556 0.53 0.01 0.518 0.518 2
248.008 0.566 0.536 0.008 0.528 0.528 2
248.542 0.536 0.534 0.01 0.524 0.524 2
249.09 0.586 0.496 0.01 0.484 0.484 2
249.55 0.496 0.46 0.008 0.452 0.452 2
250.044 0.504 0.45 0.008 0.442 0.442 2
250.494 0.45 0.45 0.01 0.44 0.44 2
250.946 0.496 0.406 0.008 0.398 0.398 2
251.358 0.406 0.412 0.008 0.404 0.404 2
251.756 0.412 0.398 0.006 0.392 0.392 2
252.222 0.45 0.414 0.01 0.404 0.404 2
252.674 0.468 0.398 0.008 0.39 0.39 2
253.068 0.398 0.394 0.01 0.384 0.384 2
253.472 0.394 0.404 0.008 0.396 0.396 2
253.926 0.45 0.408 0.016 0.39 0.39 2
254.388 0.456 0.414 0.008 0.406 0.406 2
254.796 0.42 0.402 0.006 0.396 0.396 2
255.206 0.436 0.376 0.01 0.364 0.364 2
255.676 0.376 0.47 0.002 0.468 0.468 2
256.222 0.516 0.5 0.01 0.49 0.49 2
256.72 0.5 0.498 0.008 0.49 0.49 2
257.14 0.538 0.38 0.006 0.372 0.372 2
257.524 0.38 0.384 0.008 0.376 0.376 2
257.958 0.432 0.386 0.01 0.374 0.374 2
258.362 0.428 0.362 0.008 0.352 0.352 2
258.704 0.362 0.342 0.008 0.334 0.334 2
259.05 0.342 0.346 0.008 0.338 0.338 2
259.482 0.406 0.372 0.008 0.364 0.364 2
259.87 0.372 0.388 0.004 0.384 0.384 2
260.236 0.44 0.314 0.008 0.304 0.304 2
260.554 0.314 0.318 0.008 0.31 0.31 2
260.922 0.372 0.314 0.01 0.304 0.304 2
261.236 0.314 0.314 0.008 0.306 0.306 2
261.598 0.37 0.306 0.008 0.298 0.298 2
261.902 0.306 0.304 0.008 0.296 0.296 2
262.276 0.348 0.33 0.008 0.322 0.322 2
262.618 0.33 0.342 0.01 0.332 0.332 2
262.984 0.392 0.316 0.004 0.312 0.312 1
263.314 0.316 0.33 0.004 0.326 0.326 1
263.644 0.376 0.284 0.002 0.282 0.282 1
263.942 0.284 0.298 0.002 0.296 0.296 1
264.26 0.298 0.318 0.004 0.314 0.314 1
264.642 0.376 0.324 0.006 0.318 0.318 2
264.964 0.324 0.322 0.01 0.312 0.312 2
265.528 0.374 0.512 0.006 0.504 0.504 2
266.042 0.512 0.514 0.004 0.51 0.51 2
266.492 0.564 0.4 0.008 0.392 0.392 2
266.926 0.438 0.396 0.008 0.388 0.388 2
267.354 0.396 0.428 0.008 0.42 0.42 2
267.802 0.482 0.394 0.008 0.386 0.386 2
268.256 0.394 0.454 0.01 0.444 0.444 2
268.726 0.5 0.424 0.006 0.418 0.418 2
269.182 0.424 0.456 0.012 0.444 0.444 2
269.662 0.49 0.446 0.008 0.438 0.438 2
270.122 0.446 0.46 0.008 0.452 0.452 2
270.598 0.5 0.436 0 0.436 0.436 2
271.09 0.478 0.45 0.008 0.44 0.44 2
271.578 0.45 0.488 0.008 0.478 0.478 2
272.132 0.534 0.508 0.004 0.504 0.504 2
272.66 0.556 0.48 0.008 0.472 0.472 2
273.132 0.48 0.472 0.006 0.466 0.466 2
273.634 0.516 0.458 0.002 0.456 0.456 1
274.126 0.458 0.492 0.002 0.488 0.488 1
274.652 0.55 0.468 0.004 0.464 0.464 1
275.108 0.468 0.456 0.002 0.454 0.454 1
275.652 0.512 0.488 0.002 0.486 0.486 1
276.13 0.488 0.478 0.004 0.474 0.474 1
276.672 0.522 0.498 0.004 0.494 0.494 1
277.224 0.554 0.496 0.004 0.492 0.492 1
277.706 0.496 0.482 0.002 0.48 0.48 1
278.208 0.482 0.502 0.006 0.496 0.496 1
278.728 0.538 0.484 0.006 0.478 0.478 1
279.274 0.528 0.502 0.002 0.5 0.5 1
279.794 0.502 0.52 0.002 0.518 0.518 1
280.38 0.576 0.53 0.004 0.526 0.526 1
280.88 0.53 0.5 0 0.498 0.498 1
281.442 0.554 0.508 0 0.506 0.506 1
281.97 0.508 0.528 0 0.528 0.528 1
282.456 0.528 0.486 0.002 0.482 0.482 1
283.01 0.53 0.51 0 0.51 0.51 1
283.502 0.51 0.492 0.002 0.49 0.49 1
284.042 0.542 0.49 0.002 0.488 0.488 1
284.524 0.49 0.482 0.004 0.476 0.476 1
285.022 0.482 0.498 0 0.498 0.498 1
285.548 0.542 0.482 0.004 0.478 0.478 1
286.03 0.482 0.482 0.002 0.48 0.48 1
286.616 0.538 0.53 0.004 0.526 0.526 1
287.122 0.53 0.506 0.004 0.502 0.502 1
287.716 0.552 0.548 0.002 0.544 0.544 1
288.27 0.548 0.554 0.002 0.55 0.55 1
288.97 0.6 0.654 0.004 0.65 0.65 1
289.582 0.654 0.612 0 0.612 0.612 1
290.22 0.656 0.594 0.004 0.59 0.59 1
290.818 0.594 0.598 0.002 0.596 0.596 1
291.466 0.646 0.6 0.002 0.598 0.598 1
292.046 0.6 0.58 0.002 0.578 0.578 1
292.638 0.58 0.592 0.002 0.59 0.59 1
293.262 0.648 0.568 0.004 0.562 0.562 1
293.84 0.568 0.578 0 0.576 0.576 1
294.478 0.628 0.588 0.002 0.584 0.584 1
295.048 0.588 0.57 0 0.568 0.568 1
295.666 0.622 0.566 0.002 0.564 0.564 1
296.256 0.568 0.588 0.002 0.586 0.586 1
296.886 0.642 0.576 0.002 0.574 0.574 1
297.466 0.576 0.58 0 0.58 0.58 1
298.086 0.622 0.578 0.002 0.574 0.574 1
298.676 0.618 0.55 0.004 0.546 0.546 1
299.268 0.55 0.592 0.004 0.588 0.588 1
299.91 0.644 0.59 0.002 0.586 0.586 1
300.448 0.59 0.538 0 0.538 0.538 1
301.044 0.58 0.554 0 0.552 0.552 1
301.568 0.554 0.524 0 0.524 0.524 1
302.096 0.524 0.528 0.002 0.526 0.526 1
302.634 0.568 0.498 0.002 0.496 0.496 1
303.128 0.498 0.494 0.002 0.492 0.492 1
303.704 0.546 0.524 0.002 0.522 0.522 1
304.192 0.524 0.488 0.004 0.484 0.484 1
304.718 0.53 0.484 0.002 0.482 0.482 1
305.206 0.484 0.488 0.004 0.484 0.484 1
305.71 0.488 0.504 0 0.504 0.504 1
306.228 0.546 0.476 0.002 0.474 0.474 1
306.72 0.476 0.492 0.004 0.488 0.488 1
307.248 0.538 0.482 0.002 0.48 0.48 1
307.752 0.482 0.504 0.002 0.502 0.502 1
308.27 0.54 0.482 0.002 0.478 0.478 1
308.746 0.482 0.476 0 0.476 0.476 1
309.306 0.53 0.506 0 0.506 0.506 1
309.792 0.506 0.486 0 0.486 0.486 1
310.28 0.486 0.488 0 0.488 0.488 1
310.79 0.54 0.458 0.002 0.456 0.456 1
311.252 0.458 0.462 0.002 0.46 0.46 1
311.808 0.508 0.51 0.002 0.508 0.508 1
312.298 0.51 0.49 0 0.49 0.49 1
312.86 0.552 0.5 0.002 0.498 0.498 1
313.33 0.5 0.47 0.004 0.466 0.466 1
313.834 0.522 0.452 0.002 0.45 0.45 1
314.288 0.452 0.454 0 0.454 0.454 1
314.772 0.494 0.444 0.004 0.44 0.44 1
315.24 0.444 0.468 0.002 0.466 0.466 1
315.766 0.514 0.48 0 0.48 0.48 1
316.246 0.48 0.48 0.002 0.478 0.478 1
316.82 0.544 0.51 0.004 0.506 0.506 1
317.308 0.51 0.488 0.002 0.486 0.486 1
317.806 0.488 0.498 0.004 0.494 0.494 1
318.424 0.546 0.57 0.002 0.568 0.568 1
319.022 0.57 0.598 0.002 0.596 0.596 1
319.534 0.642 0.468 0.002 0.466 0.466 1
319.982 0.468 0.448 0.002 0.444 0.444 1
320.448 0.448 0.466 0.002 0.464 0.464 1
320.972 0.52 0.47 0.002 0.468 0.468 1
321.474 0.516 0.456 0 0.456 0.456 1
321.92 0.456 0.446 0.002 0.444 0.444 1
322.408 0.486 0.448 0.002 0.446 0.446 1
322.86 0.448 0.452 0.004 0.448 0.448 1
323.358 0.502 0.448 0.008 0.44 0.44 1
323.804 0.448 0.446 0.002 0.444 0.444 1
324.318 0.494 0.466 0 0.466 0.466 1
324.832 0.506 0.474 0.004 0.47 0.47 1
325.392 0.474 0.56 0.002 0.558 0.558 1
325.988 0.602 0.554 0.002 0.552 0.552 1
326.574 0.554 0.586 0 0.586 0.586 1
327.16 0.628 0.544 0.004 0.54 0.54 1
327.736 0.544 0.576 0.004 0.572 0.572 1
328.208 0.622 0.426 0.008 0.418 0.418 2
328.6 0.426 0.392 0.004 0.386 0.386 2
329.046 0.448 0.39 0.004 0.384 0.384 2
329.44 0.39 0.394 0.004 0.39 0.39 2
329.884 0.444 0.394 0.01 0.384 0.384 2
330.382 0.456 0.436 0.006 0.43 0.43 2
330.998 0.436 0.616 0.008 0.608 0.608 2
331.676 0.656 0.638 0.006 0.63 0.63 2
332.096 0.638 0.42 0.006 0.412 0.412 2
332.616 0.494 0.446 0.008 0.438 0.438 2
333.078 0.446 0.462 0.006 0.456 0.456 2
333.582 0.49 0.476 0.006 0.47 0.47 2
334.1 0.522 0.472 0.004 0.468 0.468 2
334.56 0.472 0.46 0.004 0.456 0.456 2
335.114 0.496 0.518 0.006 0.512 0.512 2
335.63 0.518 0.516 0.006 0.51 0.51 2
336.266 0.57 0.582 0.006 0.576 0.576 2
336.846 0.582 0.58 0.004 0.576 0.576 2
337.54 0.626 0.648 0.008 0.64 0.64 2
338.148 0.648 0.608 0.006 0.602 0.602 2
339.084 0.658 0.886 0.008 0.878 0.878 2
339.946 0.886 0.862 0.008 0.854 0.854 2
340.728 0.912 0.732 0.006 0.726 0.726 2
341.45 0.732 0.722 0.006 0.716 0.716 2
342.41 0.78 0.902 0.008 0.894 0.894 2
343.294 0.902 0.884 0.012 0.872 0.872 2
344.322 0.948 0.964 0.008 0.956 0.956 2
345.246 0.964 0.924 0.01 0.912 0.912 2
346.26 0.972 0.966 0.004 0.962 0.962 2
347.224 0.966 0.964 0.008 0.954 0.954 2
348.196 1.01 0.926 0.006 0.92 0.92 2
349.13 0.926 0.934 0.01 0.922 0.922 2
349.944 0.986 0.762 0.004 0.758 0.758 2
350.754 0.762 0.81 0.008 0.8 0.8 2
351.618 0.866 0.808 0.014 0.794 0.794 3
352.392 0.808 0.774 0.014 0.76 0.76 3
353.2 0.818 0.764 0.018 0.746 0.746 4
353.974 0.764 0.774 0.014 0.76 0.76 4
354.846 0.83 0.816 0.016 0.8 0.8 3
355.744 0.872 0.842 0.016 0.826 0.826 3
356.514 0.844 0.768 0.018 0.75 0.75 4
357.358 0.818 0.794 0.016 0.778 0.778 4
358.196 0.794 0.838 0.014 0.824 0.824 4
359.07 0.908 0.804 0.018 0.786 0.786 4
359.864 0.804 0.794 0.008 0.786 0.786 2
360.704 0.842 0.792 0.012 0.78 0.78 2
361.514 0.792 0.81 0.004 0.806 0.806 2
362.35 0.854 0.792 0.014 0.778 0.778 3
363.164 0.792 0.814 0.012 0.802 0.802 3
364.09 0.876 0.864 0.012 0.852 0.852 2
364.902 0.864 0.812 0.008 0.804 0.804 2
365.744 0.86 0.794 0.002 0.792 0.792 2
366.574 0.794 0.83 0.004 0.826 0.826 2
367.468 0.886 0.838 0.01 0.828 0.828 2
368.282 0.838 0.814 0.008 0.806 0.806 2
369.088 0.858 0.762 0.008 0.754 0.754 2
369.892 0.762 0.804 0.01 0.794 0.794 2
370.766 0.856 0.822 0.008 0.814 0.814 2
371.6 0.822 0.834 0.008 0.826 0.826 2
372.45 0.886 0.798 0.008 0.79 0.79 2
373.302 0.8 0.85 0.008 0.842 0.842 2
374.198 0.896 0.85 0.01 0.84 0.84 2
375.056 0.85 0.858 0.004 0.854 0.854 2
375.942 0.896 0.848 0.008 0.84 0.84 2
376.77 0.848 0.828 0.008 0.82 0.82 2
377.636 0.904 0.79 0.012 0.778 0.778 2
378.45 0.824 0.78 0.008 0.772 0.772 2
379.244 0.78 0.794 0.004 0.79 0.79 2
380.106 0.844 0.812 0.008 0.804 0.804 2
380.934 0.812 0.828 0.01 0.818 0.818 2
381.818 0.87 0.842 0.004 0.838 0.838 2
382.6 0.842 0.782 0.01 0.772 0.772 2
383.432 0.832 0.782 0.008 0.774 0.774 2
384.442 0.782 1.01 0.01 1 1 2
385.488 1.06 0.996 0.008 0.988 0.988 2
386.464 0.996 0.976 0.006 0.97 0.97 2
387.542 1.03 1.024 0 1.024 1.024 2
388.474 1.024 0.932 0.008 0.924 0.924 2
389.49 0.992 0.956 0.006 0.95 0.95 2
390.42 0.958 0.928 0.006 0.922 0.922 2
391.358 0.986 0.88 0.004 0.876 0.876 2
392 0.88 0.642 0.006 0.636 0.636 2
392.674 0.688 0.628 0.006 0.622 0.622 2
393.31 0.628 0.636 0.006 0.63 0.63 2
394.004 0.696 0.634 0.006 0.628 0.628 2
394.648 0.634 0.644 0 0.644 0.644 1
395.338 0.706 0.628 0.002 0.626 0.626 1
395.938 0.63 0.598 0.002 0.596 0.596 1
396.612 0.66 0.612 0.004 0.608 0.608 1
397.222 0.612 0.61 0.004 0.606 0.606 1
397.884 0.662 0.61 0 0.608 0.608 1
398.476 0.61 0.592 0.002 0.588 0.588 1
399.19 0.638 0.668 0.004 0.664 0.664 2
399.758 0.668 0.568 0.004 0.564 0.564 2
400.438 0.616 0.632 0.004 0.628 0.628 2
401.046 0.632 0.608 0.006 0.6 0.6 2
401.784 0.676 0.67 0.008 0.662 0.662 2
402.462 0.67 0.678 0.006 0.672 0.672 2
403.14 0.726 0.63 0.006 0.624 0.624 2
403.804 0.674 0.62 0.002 0.618 0.618 2
404.466 0.622 0.66 0.006 0.654 0.654 2
405.194 0.724 0.664 0.008 0.656 0.656 2
405.828 0.666 0.632 0.006 0.626 0.626 2
406.544 0.67 0.678 0.004 0.674 0.674 2
407.174 0.68 0.628 0.004 0.624 0.624 2
407.864 0.692 0.626 0.008 0.618 0.618 2
408.554 0.674 0.642 0 0.642 0.642 2
409.188 0.642 0.634 0.006 0.628 0.628 2
409.87 0.696 0.62 0.006 0.614 0.614 2
410.472 0.62 0.602 0.004 0.598 0.598 2
411.156 0.65 0.636 0 0.634 0.634 2
411.804 0.636 0.648 0.006 0.642 0.642 2
412.522 0.704 0.662 0.002 0.66 0.66 2
413.244 0.712 0.672 0.008 0.664 0.664 2
413.878 0.672 0.634 0.006 0.628 0.628 2
414.55 0.69 0.616 0.006 0.61 0.61 2
415.18 0.616 0.63 0.006 0.622 0.622 2
415.87 0.68 0.64 0.006 0.634 0.634 2
416.51 0.64 0.64 0 0.64 0.64 2
417.19 0.686 0.634 0.002 0.632 0.632 2
417.816 0.634 0.626 0.004 0.622 0.622 2
418.484 0.678 0.616 0.006 0.61 0.61 2
419.116 0.616 0.632 0.008 0.624 0.624 2
419.834 0.684 0.666 0.004 0.662 0.662 2
420.486 0.666 0.652 0.006 0.646 0.646 2
421.182 0.706 0.642 0.006 0.636 0.636 2
421.836 0.644 0.652 0.004 0.648 0.648 2
422.51 0.71 0.616 0.004 0.612 0.612 2
423.224 0.666 0.664 0.006 0.656 0.656 2
423.852 0.664 0.628 0.006 0.622 0.622 2
424.54 0.68 0.636 0.006 0.63 0.63 2
425.17 0.638 0.628 0.004 0.624 0.624 2
425.862 0.68 0.64 0.004 0.636 0.636 2
426.54 0.64 0.678 0.006 0.672 0.672 2
427.218 0.728 0.628 0.004 0.624 0.624 2
427.88 0.628 0.662 0.006 0.656 0.656 2
428.58 0.71 0.652 0.006 0.646 0.646 2
429.224 0.652 0.644 0.004 0.64 0.64 2
429.934 0.692 0.662 0.004 0.658 0.658 2
430.56 0.662 0.626 0.006 0.62 0.62 2
431.232 0.672 0.626 0.004 0.622 0.622 2
431.878 0.626 0.646 0.006 0.64 0.64 2
432.616 0.72 0.664 0.006 0.658 0.658 2
433.24 0.666 0.622 0.004 0.618 0.618 2
433.886 0.65 0.618 0.008 0.61 0.61 2
434.538 0.62 0.65 0.002 0.648 0.648 2
435.248 0.704 0.656 0.004 0.652 0.652 2
435.89 0.656 0.642 0.002 0.64 0.64 2
436.61 0.69 0.672 0.006 0.664 0.664 2
437.302 0.72 0.644 0.004 0.64 0.64 2
437.964 0.644 0.662 0.006 0.656 0.656 2
438.832 0.71 0.82 0.004 0.816 0.816 2
439.652 0.82 0.82 0.004 0.816 0.816 2
440.356 0.88 0.644 0.006 0.636 0.636 2
441.018 0.644 0.662 0.006 0.656 0.656 2
441.71 0.71 0.644 0.002 0.642 0.642 2
442.396 0.704 0.626 0.006 0.62 0.62 2
443.308 0.686 0.852 0.006 0.846 0.846 2
444.166 0.852 0.858 0.006 0.852 0.852 2
444.818 0.904 0.606 0.004 0.602 0.602 2
445.47 0.606 0.652 0.006 0.646 0.646 2
446.164 0.702 0.644 0.004 0.64 0.64 2
446.814 0.644 0.65 0.008 0.64 0.64 2
447.516 0.708 0.644 0.008 0.636 0.636 2
448.144 0.644 0.628 0.002 0.626 0.626 2
448.844 0.7 0.628 0.004 0.624 0.624 2
449.53 0.628 0.686 0.008 0.678 0.678 2
450.242 0.742 0.656 0 0.656 0.656 2
450.904 0.656 0.662 0.004 0.658 0.658 2
451.59 0.704 0.644 0 0.642 0.642 2
452.324 0.706 0.672 0.006 0.666 0.666 2
452.984 0.672 0.66 0.006 0.654 0.654 2
453.686 0.708 0.654 0.002 0.652 0.652 2
454.368 0.654 0.682 0.006 0.676 0.676 2
455.078 0.734 0.658 0.004 0.654 0.654 2
455.734 0.66 0.654 0.004 0.65 0.65 2
456.44 0.708 0.652 0.004 0.648 0.648 2
457.148 0.704 0.656 0.006 0.65 0.65 2
457.816 0.656 0.668 0.006 0.662 0.662 2
458.522 0.716 0.658 0.006 0.652 0.652 2
459.156 0.658 0.634 0.006 0.628 0.628 2
459.846 0.68 0.644 0.006 0.638 0.638 2
460.47 0.644 0.624 0.006 0.618 0.618 2
461.49 0.7 0.944 0.04 0.904 0.904 2
462.334 0.944 0.844 0.008 0.836 0.836 2
463.024 0.896 0.638 0.006 0.632 0.632 2
463.672 0.638 0.648 0.004 0.644 0.644 2
464.37 0.71 0.636 0 0.636 0.636 2
465.06 0.688 0.638 0.006 0.63 0.63 2
465.906 0.638 0.846 0.006 0.84 0.84 2
466.782 0.888 0.834 0.006 0.828 0.828 2
467.49 0.882 0.66 0.002 0.658 0.658 2
468.178 0.66 0.688 0.006 0.682 0.682 2
468.874 0.744 0.64 0.006 0.634 0.634 2
469.556 0.7 0.622 0.004 0.618 0.618 2
470.242 0.666 0.642 0.004 0.638 0.638 2
470.888 0.642 0.646 0.004 0.642 0.642 2
471.61 0.692 0.676 0.008 0.668 0.668 2
472.228 0.676 0.618 0.004 0.614 0.614 2
473.122 0.674 0.838 0.004 0.834 0.834 2
473.95 0.838 0.828 0.006 0.822 0.822 2
474.658 0.868 0.668 0.002 0.666 0.666 2
475.308 0.668 0.65 0.006 0.644 0.644 2
476.086 0.696 0.732 0.006 0.726 0.726 2
476.75 0.732 0.664 0.006 0.658 0.658 2
477.622 0.706 0.83 0.008 0.822 0.822 2
478.46 0.83 0.838 0.006 0.832 0.832 2
479.172 0.902 0.648 0.006 0.642 0.642 2
479.822 0.648 0.65 0.006 0.644 0.644 2
480.548 0.698 0.678 0.006 0.672 0.672 2
481.2 0.678 0.652 0.006 0.646 0.646 2
481.924 0.712 0.664 0.004 0.66 0.66 2
482.562 0.664 0.638 0.002 0.636 0.636 2
483.242 0.688 0.63 0 0.63 0.63 2
483.936 0.686 0.638 0.004 0.634 0.634 2
484.602 0.638 0.666 0.006 0.66 0.66 2
485.308 0.722 0.65 0.006 0.644 0.644 2
485.98 0.65 0.672 0.006 0.666 0.666 2
486.69 0.728 0.654 0 0.654 0.654 2
487.168 0.704 0.428 0.006 0.422 0.422 2
487.872 0.484 0.648 0.004 0.642 0.642 2
488.528 0.648 0.656 0.006 0.65 0.65 2
489.224 0.706 0.646 0.004 0.64 0.64 2
489.848 0.646 0.624 0.004 0.62 0.62 2
490.594 0.686 0.684 0.008 0.676 0.676 2
491.24 0.684 0.646 0.006 0.64 0.64 2
491.914 0.7 0.62 0.006 0.614 0.614 2
492.52 0.62 0.606 0.008 0.598 0.598 2
493.238 0.666 0.658 0.006 0.652 0.652 2
493.842 0.658 0.604 0.008 0.596 0.596 2
494.552 0.664 0.65 0.008 0.642 0.642 2
495.164 0.65 0.612 0.002 0.61 0.61 2
495.872 0.662 0.658 0.006 0.652 0.652 2
496.482 0.658 0.61 0.006 0.602 0.602 2
497.172 0.67 0.63 0.006 0.624 0.624 2
497.796 0.63 0.624 0.006 0.616 0.616 2
498.486 0.69 0.624 0.008 0.614 0.614 2
499.102 0.624 0.616 0.008 0.608 0.608 2
499.804 0.68 0.638 0.008 0.63 0.63 2
500.022 0.64 0.216 0.002 0.214 0.214 2
500.71 0.272 0.632 0.006 0.626 0.626 2
501.382 0.68 0.624 0.006 0.618 0.618 2
501.946 0.624 0.564 0.006 0.558 0.558 2
502.42 0.564 0.474 0 0.472 0.472 2
503.05 0.474 0.63 0 0.628 0.628 2
503.708 0.682 0.606 0.006 0.6 0.6 2
504.322 0.606 0.614 0.006 0.606 0.606 2
505.024 0.676 0.64 0.006 0.634 0.634 2
505.646 0.64 0.622 0.004 0.616 0.616 2
506.308 0.684 0.6 0.006 0.594 0.594 2
506.96 0.6 0.652 0.006 0.646 0.646 2
507.678 0.714 0.656 0.008 0.648 0.648 2
508.384 0.716 0.646 0.008 0.638 0.638 2
509.04 0.646 0.656 0.004 0.652 0.652 2
509.786 0.718 0.684 0.006 0.678 0.678 2
510.458 0.684 0.672 0.006 0.666 0.666 2
511.16 0.72 0.654 0.006 0.648 0.648 2
511.854 0.654 0.694 0.006 0.688 0.688 2
512.636 0.754 0.722 0.008 0.712 0.712 2
513.384 0.722 0.748 0.008 0.74 0.74 2
514.172 0.83 0.706 0.01 0.696 0.696 2
514.896 0.706 0.724 0.006 0.716 0.716 2
515.652 0.776 0.704 0.008 0.696 0.696 2
516.32 0.704 0.668 0.008 0.66 0.66 2
517.062 0.724 0.686 0.01 0.676 0.676 2
517.782 0.734 0.672 0.006 0.666 0.666 2
518.46 0.672 0.678 0.008 0.67 0.67 2
519.194 0.734 0.678 0.01 0.668 0.668 2
519.87 0.678 0.676 0.002 0.674 0.674 2
520.618 0.736 0.688 0.012 0.676 0.676 2
521.344 0.688 0.726 0.014 0.712 0.712 3
522.092 0.788 0.686 0.008 0.678 0.678 3
522.786 0.686 0.694 0.012 0.682 0.682 3
523.526 0.75 0.684 0.008 0.676 0.676 3
524.222 0.684 0.696 0.008 0.688 0.688 2
524.988 0.75 0.712 0.006 0.706 0.706 2
525.724 0.712 0.736 0.008 0.728 0.728 2
526.504 0.784 0.732 0.008 0.724 0.724 2
527.226 0.732 0.722 0.008 0.714 0.714 3
527.988 0.78 0.704 0.012 0.692 0.692 3
528.722 0.704 0.734 0.004 0.73 0.73 2
529.492 0.786 0.718 0.008 0.71 0.71 2
530.252 0.718 0.76 0.01 0.75 0.75 2
531.006 0.826 0.688 0.008 0.68 0.68 2
531.764 0.746 0.7 0.008 0.692 0.692 2
532.492 0.7 0.728 0.01 0.718 0.718 2
533.432 0.786 0.882 0.006 0.876 0.876 2
534.388 0.936 0.902 0.008 0.894 0.894 2
535.294 0.902 0.906 0.006 0.898 0.898 2
536.204 0.964 0.852 0.008 0.844 0.844 2
537.062 0.852 0.858 0.004 0.854 0.854 2
538 0.904 0.892 0.002 0.89 0.89 2
538.85 0.892 0.85 0.002 0.848 0.848 2
539.828 0.908 0.92 0.006 0.914 0.914 2
540.692 0.92 0.864 0.006 0.858 0.858 2
541.58 0.916 0.836 0.004 0.832 0.832 2
542.264 0.884 0.636 0.006 0.628 0.628 2
542.876 0.636 0.612 0.004 0.608 0.608 2
543.548 0.682 0.602 0.006 0.596 0.596 2
544.116 0.602 0.568 0.004 0.564 0.564 2
544.696 0.632 0.516 0.002 0.514 0.514 2
545.192 0.516 0.496 0.008 0.488 0.488 2
545.93 0.564 0.67 0.004 0.666 0.666 2
546.638 0.722 0.656 0.004 0.652 0.652 2
547.094 0.656 0.456 0.004 0.452 0.452 1
547.628 0.526 0.464 0.002 0.462 0.462 1
548.064 0.464 0.436 0.002 0.432 0.432 1
548.582 0.51 0.444 0.002 0.442 0.442 1
549.014 0.444 0.432 0.002 0.43 0.43 1
549.528 0.504 0.442 0 0.442 0.442 1
549.98 0.442 0.452 0 0.452 0.452 1
550.414 0.452 0.434 0.004 0.43 0.43 1
550.804 0.478 0.346 0.002 0.344 0.344 1
551.346 0.416 0.472 0.004 0.468 0.468 1
551.792 0.472 0.446 0.002 0.444 0.444 1
552.332 0.544 0.442 0.002 0.438 0.438 1
552.77 0.442 0.438 0.002 0.436 0.436 1
553.244 0.498 0.414 0.002 0.412 0.412 1
553.772 0.47 0.472 0.006 0.466 0.466 1
554.294 0.51 0.484 0 0.484 0.484 1
554.73 0.484 0.436 0.004 0.432 0.432 1
555.18 0.436 0.45 0.002 0.448 0.448 1
555.694 0.516 0.448 0.002 0.444 0.444 1
556.13 0.448 0.436 0.002 0.434 0.434 1
556.564 0.436 0.434 0.002 0.432 0.432 1
557.11 0.51 0.47 0.004 0.464 0.464 1
557.554 0.47 0.444 0.002 0.44 0.44 1
558.018 0.444 0.464 0.002 0.462 0.462 1
558.506 0.536 0.416 0.002 0.412 0.412 1
558.938 0.416 0.432 0.002 0.43 0.43 1
559.496 0.52 0.47 0.004 0.466 0.466 1
559.938 0.47 0.442 0.002 0.44 0.44 1
560.474 0.51 0.468 0.002 0.466 0.466 1
560.932 0.468 0.458 0.004 0.454 0.454 1
561.476 0.526 0.476 0.002 0.474 0.474 1
561.926 0.476 0.45 0 0.45 0.45 1
562.442 0.514 0.452 0.002 0.45 0.45 1
562.88 0.452 0.438 0.002 0.436 0.436 1
563.32 0.438 0.44 0.002 0.438 0.438 1
563.76 0.44 0.44 0.002 0.436 0.436 1
564.208 0.44 0.448 0.002 0.446 0.446 1
564.706 0.508 0.438 0.002 0.436 0.436 1
565.156 0.438 0.45 0 0.45 0.45 1
565.692 0.518 0.468 0.002 0.466 0.466 1
566.17 0.468 0.478 0.002 0.476 0.476 1
566.784 0.56 0.532 0 0.532 0.532 1
567.288 0.532 0.504 0.002 0.5 0.5 1
567.882 0.592 0.506 0.004 0.502 0.502 1
568.338 0.506 0.456 0.004 0.452 0.452 1
568.85 0.532 0.436 0 0.436 0.436 1
569.312 0.436 0.462 0.002 0.46 0.46 1
569.854 0.536 0.468 0 0.468 0.468 1
570.284 0.468 0.43 0.004 0.424 0.424 1
570.79 0.494 0.442 0.004 0.438 0.438 1
571.21 0.442 0.42 0.002 0.418 0.418 1
571.67 0.42 0.46 0.002 0.458 0.458 1
572.196 0.53 0.456 0 0.456 0.456 1
572.692 0.52 0.432 0.004 0.428 0.428 1
573.158 0.494 0.404 0.004 0.4 0.4 1
573.604 0.472 0.378 0.002 0.374 0.374 1
573.988 0.378 0.384 0 0.384 0.384 1
574.474 0.47 0.4 0 0.4 0.4 1
574.86 0.4 0.386 0.004 0.382 0.382 1
575.21 0.386 0.35 0.002 0.348 0.348 1
575.668 0.432 0.376 0.002 0.374 0.374 1
576.06 0.376 0.392 0.004 0.388 0.388 1
576.514 0.47 0.376 0.002 0.374 0.374 1
576.872 0.376 0.358 0 0.358 0.358 1
577.24 0.358 0.368 0.004 0.364 0.364 1
577.622 0.368 0.382 0.002 0.38 0.38 1
578.018 0.452 0.326 0.002 0.322 0.322 1
578.346 0.326 0.328 0.002 0.324 0.324 1
578.83 0.414 0.398 0 0.396 0.396 1
579.182 0.398 0.352 0 0.352 0.352 1
579.562 0.424 0.308 0.004 0.304 0.304 1
579.91 0.308 0.348 0.002 0.346 0.346 1
580.402 0.434 0.406 0.002 0.404 0.404 1
580.79 0.406 0.388 0.002 0.386 0.386 1
581.236 0.466 0.368 0.002 0.364 0.364 1
581.564 0.368 0.328 0 0.328 0.328 1
582.07 0.478 0.356 0.002 0.354 0.354 1
582.422 0.356 0.352 0 0.352 0.352 1
582.782 0.352 0.36 0.002 0.358 0.358 1
583.14 0.36 0.358 0 0.358 0.358 1
583.518 0.358 0.378 0.002 0.376 0.376 1
583.924 0.462 0.322 0.002 0.32 0.32 1
584.34 0.41 0.328 0.002 0.324 0.324 1
584.658 0.328 0.318 0.002 0.316 0.316 1
585.038 0.392 0.306 0 0.306 0.306 1
585.368 0.306 0.33 0.002 0.328 0.328 1
585.682 0.33 0.314 0.002 0.312 0.312 1
585.978 0.314 0.296 0.002 0.294 0.294 1
586.272 0.296 0.294 0.002 0.292 0.292 1
586.668 0.43 0.26 0 0.26 0.26 1
587.042 0.346 0.288 0.002 0.286 0.286 1
587.476 0.29 0.432 0.002 0.43 0.43 1
587.982 0.49 0.448 0.002 0.446 0.446 1
588.414 0.448 0.432 0 0.432 0.432 1
588.97 0.536 0.452 0.002 0.45 0.45 1
589.614 0.654 0.442 0 0.442 0.442 1
590.03 0.442 0.416 0 0.416 0.416 1
590.476 0.416 0.446 0.002 0.444 0.444 1
590.976 0.536 0.41 0.002 0.408 0.408 1
591.384 0.41 0.408 0.002 0.406 0.406 1
591.816 0.408 0.432 0.002 0.43 0.43 1
592.278 0.51 0.384 0 0.384 0.384 1
592.66 0.384 0.382 0.002 0.38 0.38 1
593.12 0.464 0.378 0 0.378 0.378 1
593.644 0.522 0.38 0 0.378 0.378 1
593.84 0.38 0.196 0 0.196 0.196 1
594.152 0.316 0.192 0 0.192 0.192 1
594.326 0.192 0.174 0.002 0.172 0.172 1
594.49 0.174 0.164 0.002 0.162 0.162 1
594.642 0.164 0.152 0 0.15 0.15 1
594.806 0.152 0.164 0 0.164 0.164 1
594.954 0.164 0.148 0 0.148 0.148 1
595.102 0.148 0.148 0 0.148 0.148 1
595.432 0.302 0.176 0 0.176 0.176 1
595.594 0.176 0.162 0.002 0.16 0.16 1
595.772 0.162 0.178 0.002 0.176 0.176 1
595.942 0.178 0.17 0.002 0.168 0.168 1
596.228 0.278 0.178 0 0.178 0.178 1
596.398 0.178 0.17 0 0.17 0.17 1
596.572 0.17 0.174 0.002 0.172 0.172 1
596.85 0.266 0.186 0.002 0.184 0.184 1
597.05 0.186 0.2 0 0.2 0.2 1
597.25 0.2 0.2 0 0.2 0.2 1
597.464 0.2 0.214 0.002 0.208 0.208 1
597.736 0.288 0.198 0 0.198 0.198 1
597.934 0.198 0.198 0 0.198 0.198 1
598.132 0.198 0.198 0 0.198 0.198 1
598.33 0.198 0.198 0 0.198 0.198 1
598.542 0.198 0.212 0 0.212 0.212 1
598.738 0.212 0.196 0 0.196 0.196 1
598.946 0.196 0.208 0 0.206 0.206 1
599.146 0.208 0.2 0 0.2 0.2 1
599.456 0.298 0.212 0.002 0.21 0.21 1
599.684 0.212 0.228 0.002 0.226 0.226 1
599.908 0.228 0.224 0 0.224 0.224 1
600.212 0.312 0.216 0 0.216 0.216 1
600.462 0.216 0.25 0.002 0.248 0.248 1
600.708 0.25 0.246 0 0.246 0.246 1
600.978 0.248 0.268 0 0.268 0.268 1
601.318 0.37 0.238 0 0.238 0.238 1
601.562 0.238 0.244 0 0.244 0.244 1
601.81 0.244 0.248 0.002 0.244 0.244 1
602.128 0.334 0.232 0 0.232 0.232 1
602.336 0.232 0.208 0 0.208 0.208 1
602.562 0.208 0.226 0 0.224 0.224 1
602.922 0.338 0.248 0.002 0.246 0.246 1
603.056 0.248 0.134 0 0.134 0.134 1
603.204 0.134 0.148 0.002 0.146 0.146 1
603.358 0.148 0.154 0 0.154 0.154 1
603.5 0.154 0.142 0 0.142 0.142 1
603.646 0.142 0.146 0 0.146 0.146 1
603.802 0.146 0.156 0 0.156 0.156 1
603.94 0.156 0.138 0 0.138 0.138 1
604.1 0.138 0.16 0 0.16 0.16 1
604.204 0.262 0.002 0.002 0 0 1
604.244 0.042 0 0 0 0 1
604.296 0.052 0 0 0 0 1
604.338 0.042 0 0 0 0 1
604.388 0.05 0 0 0 0 1
604.442 0.052 0.002 0 0.002 0.002 1
604.49 0.05 0 0 0 0 1
604.538 0.046 0.002 0.002 0 0 1
604.588 0.052 0 0 0 0 1
604.638 0.048 0.002 0 0.002 0.002 1
604.742 0.104 0.002 0 0.002 0.002 1
604.77 0.03 0 0 0 0 1
604.824 0.054 0 0 0 0 1
604.878 0.054 0 0 0 0 1
604.928 0.048 0.002 0 0.002 0.002 1
604.98 0.054 0 0 0 0 1
605.03 0.05 0 0 0 0 1
605.082 0.052 0 0 0 0 1
605.13 0.048 0 0 0 0 1
605.182 0.05 0.002 0 0.002 0.002 1
605.23 0.05 0 0 0 0 1
605.282 0.052 0 0 0 0 1
605.39 0.106 0.002 0 0 0 1
605.406 0.018 0 0 0 0 1
605.454 0.048 0 0 0 0 1
605.504 0.05 0 0 0 0 1
605.556 0.052 0 0 0 0 1
605.608 0.05 0.002 0 0.002 0.002 1
605.656 0.05 0 0 0 0 1
605.704 0.048 0 0 0 0 1
605.758 0.054 0 0 0 0 1
605.81 0.05 0.002 0 0.002 0.002 1
605.86 0.05 0.002 0 0.002 0.002 1
605.91 0.05 0.002 0 0.002 0.002 1
605.96 0.05 0.002 0 0.002 0.002 1
606.028 0.07 0 0 0 0 1
606.028 0 0 0 0 0 1
606.312 0.284 0 0 0 0 1
606.358 0.046 0 0 0 0 1
606.41 0.05 0.002 0 0.002 0.002 1
606.458 0.048 0.002 0 0.002 0.002 1
606.508 0.052 0 0 0 0 1
606.55 0.04 0.002 0 0 0 1
606.598 0.05 0 0 0 0 1
606.648 0.05 0 0 0 0 1
606.698 0.05 0 0 0 0 1
606.748 0.05 0 0 0 0 1
606.798 0.05 0 0 0 0 1
606.846 0.048 0 0 0 0 1
606.896 0.05 0 0 0 0 1
606.946 0.05 0 0 0 0 1
606.996 0.05 0 0 0 0 1
607.044 0.048 0 0 0 0 1
607.094 0.05 0 0 0 0 1
607.14 0.046 0 0 0 0 1
607.192 0.052 0 0 0 0 1
607.242 0.05 0 0 0 0 1
607.292 0.05 0 0 0 0 1
607.344 0.05 0.002 0 0.002 0.002 1
607.39 0.048 0 0 0 0 1
607.438 0.048 0 0 0 0 1
607.488 0.05 0 0 0 0 1
607.538 0.05 0 0 0 0 1
607.586 0.048 0 0 0 0 1
607.636 0.048 0.002 0 0.002 0.002 1
607.686 0.048 0.004 0.002 0.002 0.002 1
607.834 0.15 0.002 0 0.002 0.002 1
607.874 0.042 0 0 0 0 1
607.926 0.05 0.002 0 0.002 0.002 1
607.976 0.052 0 0 0 0 1
608.026 0.05 0 0 0 0 1
608.074 0.048 0 0 0 0 1
608.126 0.05 0.002 0.002 0 0 1
608.178 0.052 0.002 0 0.002 0.002 1
608.226 0.05 0 0 0 0 1
608.278 0.05 0.002 0 0.002 0.002 1
608.328 0.052 0 0 0 0 1
608.368 0.03 0.01 0.01 0 0 1
608.422 0.062 0.002 0 0.002 0.002 1
608.472 0.052 0 0 0 0 1
608.522 0.048 0.002 0 0.002 0.002 1
608.57 0.048 0.002 0 0.002 0.002 1
608.622 0.052 0.002 0 0.002 0.002 1
608.672 0.052 0 0 0 0 1
608.722 0.05 0 0 0 0 1
608.772 0.05 0 0 0 0 1
608.824 0.052 0 0 0 0 1
608.876 0.05 0.002 0 0.002 0.002 1
608.926 0.05 0.002 0 0.002 0.002 1
608.974 0.05 0 0 0 0 1
609.026 0.052 0 0 0 0 1
609.074 0.048 0 0 0 0 1
609.124 0.048 0.002 0 0.002 0.002 1
609.172 0.05 0 0 0 0 1
609.224 0.05 0.002 0 0.002 0.002 1
609.274 0.052 0 0 0 0 1
609.322 0.048 0 0 0 0 1
609.374 0.05 0.002 0 0.002 0.002 1
609.422 0.05 0 0 0 0 1
609.65 0.228 0 0 0 0 1
609.684 0.032 0.002 0.002 0 0 1
609.722 0.04 0 0 0 0 1
609.774 0.052 0 0 0 0 1
609.828 0.052 0.002 0 0 0 1
609.88 0.052 0.002 0 0.002 0.002 1
609.93 0.052 0 0 0 0 1
609.984 0.052 0.002 0 0.002 0.002 1
610.026 0.044 0 0 0 0 1
610.078 0.05 0.002 0 0.002 0.002 1
610.13 0.054 0 0 0 0 1
610.176 0.046 0 0 0 0 1
610.228 0.05 0.002 0 0.002 0.002 1
610.278 0.05 0.002 0.002 0 0 1
610.394 0.116 0.002 0 0 0 1
610.414 0.022 0 0 0 0 1
610.468 0.054 0 0 0 0 1
610.518 0.05 0 0 0 0 1
610.572 0.054 0 0 0 0 1
610.622 0.05 0 0 0 0 1
610.662 0.038 0.002 0 0.002 0.002 1
610.714 0.052 0.002 0 0.002 0.002 1
610.764 0.052 0 0 0 0 1
610.812 0.046 0.002 0 0.002 0.002 1
610.86 0.05 0 0 0 0 1
610.914 0.052 0.002 0 0.002 0.002 1
610.964 0.052 0 0 0 0 1
611.01 0.046 0 0 0 0 1
611.06 0.05 0 0 0 0 1
611.108 0.048 0 0 0 0 1
611.16 0.052 0 0 0 0 1
611.21 0.048 0.002 0.002 0 0 1
611.254 0.046 0 0 0 0 1
611.306 0.05 0.002 0 0.002 0.002 1
611.354 0.05 0 0 0 0 1
611.406 0.052 0 0 0 0 1
611.456 0.05 0 0 0 0 1
611.506 0.05 0 0 0 0 1
611.556 0.05 0 0 0 0 1
611.606 0.05 0 0 0 0 1
611.656 0.05 0 0 0 0 1
611.706 0.048 0.002 0 0.002 0.002 1
611.756 0.052 0 0 0 0 1
611.806 0.048 0.002 0 0.002 0.002 1
611.92 0.116 0 0 0 0 1
611.936 0.016 0 0 0 0 1
611.988 0.052 0 0 0 0 1
612.04 0.052 0 0 0 0 1
612.084 0.044 0 0 0 0 1
612.134 0.05 0 0 0 0 1
612.184 0.048 0.002 0.002 0 0 1
615.868 3.628 0.058 0.01 0.012 0.012 1
615.868 0.058 0 0 0 0 1
615.912 0.044 0 0 0 0 1
615.964 0.052 0 0 0 0 1
616.014 0.048 0.002 0 0.002 0.002 1
616.064 0.05 0.002 0 0.002 0.002 1
616.114 0.05 0.002 0 0.002 0.002 1
616.164 0.05 0.002 0 0.002 0.002 1
616.212 0.05 0 0 0 0 1
616.262 0.05 0 0 0 0 1
616.312 0.05 0 0 0 0 1
616.44 0.126 0.002 0 0.002 0.002 1
616.45 0.01 0.002 0 0.002 0.002 1
616.5 0.052 0 0 0 0 1
616.552 0.048 0.004 0 0.004 0.004 1
616.602 0.054 0 0 0 0 1
616.654 0.052 0 0 0 0 1
616.704 0.05 0 0 0 0 1
616.754 0.05 0 0 0 0 1
616.806 0.05 0.002 0 0.002 0.002 1
616.856 0.05 0.002 0 0.002 0.002 1
616.906 0.052 0 0 0 0 1
616.95 0.044 0 0 0 0 1
616.994 0.044 0 0 0 0 1
617.044 0.05 0 0 0 0 1
617.096 0.05 0.002 0 0.002 0.002 1
617.144 0.048 0.002 0 0 0 1
617.186 0.044 0 0 0 0 1
617.238 0.05 0.002 0 0.002 0.002 1
617.288 0.05 0.002 0 0.002 0.002 1
617.336 0.05 0 0 0 0 1
617.384 0.048 0 0 0 0 1
617.432 0.048 0 0 0 0 1
617.484 0.05 0.002 0 0.002 0.002 1
617.532 0.05 0 0 0 0 1
617.582 0.05 0 0 0 0 1
617.632 0.048 0.002 0 0.002 0.002 1
617.68 0.05 0 0 0 0 1
617.732 0.05 0.002 0 0.002 0.002 1
617.782 0.052 0 0 0 0 1
617.83 0.048 0 0 0 0 1
617.876 0.044 0.002 0 0.002 0.002 1
617.924 0.05 0 0 0 0 1
618.036 0.11 0.002 0 0.002 0.002 1
618.068 0.032 0.002 0 0.002 0.002 1
618.116 0.05 0 0 0 0 1
618.166 0.05 0 0 0 0 1
618.218 0.052 0 0 0 0 1
618.27 0.05 0.002 0 0.002 0.002 1
618.32 0.05 0.002 0 0.002 0.002 1
618.368 0.05 0 0 0 0 1
618.42 0.05 0.002 0 0.002 0.002 1
618.468 0.05 0 0 0 0 1
618.52 0.052 0 0 0 0 1
618.57 0.048 0.002 0 0.002 0.002 1
618.618 0.05 0 0 0 0 1
618.672 0.054 0 0 0 0 1
618.72 0.048 0 0 0 0 1
618.87 0.144 0.006 0 0.006 0.006 1
618.902 0.038 0 0 0 0 1
618.956 0.052 0.002 0 0.002 0.002 1
619.008 0.054 0 0 0 0 1
619.06 0.052 0 0 0 0 1
619.112 0.05 0.002 0.002 0 0 1
619.162 0.052 0 0 0 0 1
619.214 0.052 0 0 0 0 1
619.266 0.05 0.002 0 0 0 1
619.314 0.05 0 0 0 0 1
619.364 0.048 0.002 0 0 0 1
619.412 0.05 0 0 0 0 1
619.52 0.106 0.002 0.002 0 0 1
619.542 0.022 0.002 0 0.002 0.002 1
619.586 0.046 0 0 0 0 1
619.64 0.052 0.002 0 0.002 0.002 1
619.692 0.052 0.002 0 0.002 0.002 1
619.744 0.052 0.002 0 0.002 0.002 1
619.794 0.05 0.002 0 0.002 0.002 1
619.844 0.05 0.002 0.002 0 0 1
619.896 0.052 0.002 0 0 0 1
619.944 0.05 0 0 0 0 1
619.994 0.05 0 0 0 0 1
620.044 0.05 0 0 0 0 1
620.094 0.05 0 0 0 0 1
620.142 0.048 0 0 0 0 1
620.194 0.05 0.002 0 0.002 0.002 1
620.242 0.05 0 0 0 0 1
620.376 0.132 0.002 0 0.002 0.002 1
620.392 0.016 0.002 0 0.002 0.002 1
620.442 0.05 0.002 0 0.002 0.002 1
620.492 0.052 0 0 0 0 1
620.542 0.05 0 0 0 0 1
620.592 0.05 0 0 0 0 1
620.644 0.05 0.002 0 0.002 0.002 1
620.694 0.05 0.002 0 0.002 0.002 1
620.744 0.052 0 0 0 0 1
620.79 0.046 0 0 0 0 1
620.842 0.052 0 0 0 0 1
620.888 0.046 0 0 0 0 1
620.94 0.05 0.002 0 0.002 0.002 1
620.988 0.048 0.002 0 0.002 0.002 1
621.036 0.05 0 0 0 0 1
621.084 0.048 0 0 0 0 1
621.14 0.054 0.002 0 0.002 0.002 1
621.234 0.096 0 0 0 0 1
621.276 0.042 0 0 0 0 1
621.328 0.052 0 0 0 0 1
621.38 0.05 0.002 0 0.002 0.002 1
621.43 0.052 0 0 0 0 1
621.474 0.044 0 0 0 0 1
621.526 0.052 0 0 0 0 1
621.578 0.05 0.002 0 0.002 0.002 1
621.62 0.042 0.002 0 0.002 0.002 1
621.666 0.048 0 0 0 0 1
621.716 0.05 0 0 0 0 1
621.766 0.05 0 0 0 0 1
621.816 0.05 0 0 0 0 1
621.866 0.05 0 0 0 0 1
621.918 0.052 0 0 0 0 1
622.034 0.116 0 0 0 0 1
622.048 0.014 0 0 0 0 1
622.1 0.05 0.002 0.002 0 0 1
622.26 0.162 0 0 0 0 1
622.26 0 0 0 0 0 1
622.302 0.042 0 0 0 0 1
622.354 0.052 0 0 0 0 1
622.406 0.05 0.002 0 0.002 0.002 1
622.448 0.044 0 0 0 0 1
622.5 0.05 0.002 0 0.002 0.002 1
622.548 0.05 0 0 0 0 1
622.598 0.05 0 0 0 0 1
622.648 0.05 0 0 0 0 1
622.698 0.05 0 0 0 0 1
622.75 0.052 0 0 0 0 1
622.798 0.048 0 0 0 0 1
622.846 0.048 0 0 0 0 1
622.898 0.05 0.002 0 0.002 0.002 1
622.946 0.05 0 0 0 0 1
622.996 0.05 0 0 0 0 1
623.048 0.05 0.002 0 0 0 1
623.096 0.05 0 0 0 0 1
623.146 0.05 0 0 0 0 1
623.196 0.05 0 0 0 0 1
623.246 0.05 0 0 0 0 1
623.294 0.048 0 0 0 0 1
623.348 0.054 0 0 0 0 1
623.394 0.046 0 0 0 0 1
623.444 0.044 0.006 0 0.006 0.006 1
623.494 0.056 0 0 0 0 1
623.598 0.102 0.002 0.002 0 0 1
623.628 0.032 0 0 0 0 1
623.676 0.046 0.002 0 0.002 0.002 1
623.728 0.054 0 0 0 0 1
623.782 0.052 0.002 0 0.002 0.002 1
623.834 0.052 0.002 0 0.002 0.002 1
623.884 0.052 0 0 0 0 1
623.936 0.05 0.002 0 0.002 0.002 1
623.986 0.05 0.002 0 0.002 0.002 1
624.036 0.052 0 0 0 0 1
624.086 0.05 0 0 0 0 1
624.136 0.05 0 0 0 0 1
624.186 0.05 0 0 0 0 1
624.23 0.044 0 0 0 0 1
624.28 0.05 0 0 0 0 1
624.414 0.134 0 0 0 0 1
624.416 0.002 0 0 0 0 1
624.47 0.052 0.002 0 0.002 0.002 1
624.514 0.046 0 0 0 0 1
624.566 0.05 0.002 0 0.002 0.002 1
624.618 0.052 0.002 0 0.002 0.002 1
624.668 0.05 0.002 0 0.002 0.002 1
624.72 0.052 0.002 0 0.002 0.002 1
624.766 0.048 0 0 0 0 1
624.818 0.05 0.002 0.002 0 0 1
624.866 0.05 0 0 0 0 1
624.918 0.052 0 0 0 0 1
624.964 0.046 0 0 0 0 1
625.012 0.048 0 0 0 0 1
625.062 0.05 0 0 0 0 1
625.112 0.05 0 0 0 0 1
625.162 0.05 0 0 0 0 1
625.212 0.048 0.002 0.002 0 0 1
625.26 0.05 0 0 0 0 1
625.312 0.05 0.002 0 0.002 0.002 1
625.36 0.05 0 0 0 0 1
625.41 0.05 0 0 0 0 1
625.458 0.048 0 0 0 0 1
625.51 0.05 0.002 0 0 0 1
625.558 0.048 0.002 0 0.002 0.002 1
625.608 0.052 0 0 0 0 1
625.658 0.05 0 0 0 0 1
625.71 0.05 0.002 0 0.002 0.002 1
625.758 0.05 0 0 0 0 1
625.81 0.052 0 0 0 0 1
625.878 0.066 0.002 0.002 0 0 1
625.928 0.052 0 0 0 0 1
625.982 0.052 0.002 0 0.002 0.002 1
626.032 0.052 0 0 0 0 1
626.086 0.054 0 0 0 0 1
626.138 0.052 0 0 0 0 1
626.188 0.05 0 0 0 0 1
626.238 0.05 0 0 0 0 1
626.286 0.048 0 0 0 0 1
626.334 0.048 0 0 0 0 1
626.386 0.05 0.002 0 0.002 0.002 1
626.432 0.046 0.002 0 0.002 0.002 1
626.482 0.05 0.002 0.002 0 0 1
626.53 0.05 0 0 0 0 1
626.58 0.05 0 0 0 0 1
626.722 0.138 0.004 0.002 0 0 1
626.764 0.046 0 0 0 0 1
626.816 0.05 0.002 0 0.002 0.002 1
626.866 0.052 0 0 0 0 1
626.916 0.05 0 0 0 0 1
626.966 0.048 0.002 0 0.002 0.002 1
627.018 0.052 0.002 0 0.002 0.002 1
627.066 0.048 0.002 0 0.002 0.002 1
627.1 0.034 0.002 0 0.002 0.002 1
627.154 0.054 0.002 0 0.002 0.002 1
627.204 0.052 0 0 0 0 1
627.258 0.052 0.002 0 0.002 0.002 1
627.378 0.12 0.002 0 0.002 0.002 1
627.392 0.016 0 0 0 0 1
627.446 0.052 0.002 0 0.002 0.002 1
627.496 0.052 0 0 0 0 1
627.546 0.05 0 0 0 0 1
627.598 0.052 0 0 0 0 1
627.648 0.05 0 0 0 0 1
627.7 0.05 0.002 0 0 0 1
627.75 0.05 0.002 0 0.002 0.002 1
627.8 0.05 0.002 0 0.002 0.002 1
627.848 0.05 0 0 0 0 1
627.898 0.05 0 0 0 0 1
628.11 0.212 0 0 0 0 1
628.116 0.006 0 0 0 0 1
628.164 0.048 0 0 0 0 1
628.216 0.052 0 0 0 0 1
628.27 0.052 0.002 0 0 0 1
628.316 0.046 0.002 0 0.002 0.002 1
628.368 0.054 0 0 0 0 1
628.42 0.052 0 0 0 0 1
628.472 0.052 0 0 0 0 1
628.514 0.042 0 0 0 0 1
628.564 0.05 0 0 0 0 1
628.612 0.044 0.004 0 0.004 0.004 1
628.656 0.048 0 0 0 0 1
628.788 0.13 0.002 0 0.002 0.002 1
628.79 0.004 0 0 0 0 1
628.846 0.054 0.002 0 0.002 0.002 1
628.9 0.056 0 0 0 0 1
628.954 0.052 0.002 0 0.002 0.002 1
629.006 0.054 0 0 0 0 1
629.05 0.044 0 0 0 0 1
629.05 0 0 0 0 0 1
629.154 0.104 0 0 0 0 1
629.204 0.05 0 0 0 0 1
629.258 0.052 0.002 0 0.002 0.002 1
629.308 0.052 0 0 0 0 1
629.36 0.05 0.002 0 0.002 0.002 1
629.408 0.05 0 0 0 0 1
629.46 0.052 0 0 0 0 1
629.508 0.048 0 0 0 0 1
629.558 0.05 0 0 0 0 1
629.606 0.048 0 0 0 0 1
629.726 0.12 0 0 0 0 1
629.752 0.026 0 0 0 0 1
629.796 0.042 0.002 0 0.002 0.002 1
629.846 0.052 0 0 0 0 1
629.898 0.052 0 0 0 0 1
629.95 0.05 0.002 0 0.002 0.002 1
630 0.05 0.002 0 0.002 0.002 1
630.05 0.052 0 0 0 0 1
630.1 0.048 0.002 0 0.002 0.002 1
630.148 0.05 0 0 0 0 1
630.2 0.052 0 0 0 0 1
630.252 0.05 0.002 0 0.002 0.002 1
630.302 0.05 0.002 0 0.002 0.002 1
630.352 0.052 0 0 0 0 1
630.402 0.05 0 0 0 0 1
630.45 0.048 0 0 0 0 1
630.5 0.05 0 0 0 0 1
630.566 0.066 0 0 0 0 1
630.592 0.024 0.002 0 0.002 0.002 1
630.644 0.052 0.002 0 0.002 0.002 1
630.746 0.056 0.048 0.048 0 0 1
630.746 0.048 0 0 0 0 1
630.8 0.052 0.002 0 0 0 1
630.852 0.052 0.002 0 0.002 0.002 1
630.904 0.052 0.002 0 0 0 1
630.954 0.052 0 0 0 0 1
631.004 0.05 0 0 0 0 1
631.054 0.05 0 0 0 0 1
631.104 0.05 0 0 0 0 1
631.156 0.05 0.002 0 0.002 0.002 1
631.204 0.05 0 0 0 0 1
631.252 0.048 0 0 0 0 1
631.3 0.048 0 0 0 0 1
631.348 0.048 0 0 0 0 1
631.47 0.122 0 0 0 0 1
631.492 0.022 0 0 0 0 1
631.542 0.05 0 0 0 0 1
631.594 0.052 0 0 0 0 1
631.646 0.052 0 0 0 0 1
631.696 0.05 0 0 0 0 1
631.748 0.052 0 0 0 0 1
631.798 0.05 0 0 0 0 1
631.848 0.05 0 0 0 0 1
631.9 0.05 0.002 0.002 0 0 1
631.944 0.046 0 0 0 0 1
631.996 0.052 0 0 0 0 1
632.046 0.05 0 0 0 0 1
632.086 0.04 0 0 0 0 1
632.136 0.048 0.002 0.002 0 0 1
632.184 0.05 0 0 0 0 1
632.232 0.048 0 0 0 0 1
632.282 0.05 0 0 0 0 1
632.334 0.052 0 0 0 0 1
632.382 0.048 0 0 0 0 1
632.436 0.052 0.002 0 0.002 0.002 1
632.484 0.05 0 0 0 0 1
632.534 0.048 0.002 0 0.002 0.002 1
632.58 0.048 0 0 0 0 1
632.632 0.05 0.002 0 0.002 0.002 1
632.682 0.052 0 0 0 0 1
632.73 0.048 0 0 0 0 1
632.772 0.042 0 0 0 0 1
632.824 0.052 0 0 0 0 1
632.876 0.052 0 0 0 0 1
632.928 0.052 0 0 0 0 1
632.978 0.05 0 0 0 0 1
633.112 0.132 0.002 0 0.002 0.002 1
633.112 0.002 0 0 0 0 1
633.158 0.044 0.002 0 0.002 0.002 1
633.21 0.052 0.002 0 0 0 1
633.26 0.052 0 0 0 0 1
633.312 0.05 0.002 0 0.002 0.002 1
633.362 0.052 0 0 0 0 1
633.414 0.05 0.002 0 0.002 0.002 1
633.46 0.048 0 0 0 0 1
633.512 0.052 0 0 0 0 1
633.562 0.048 0.002 0 0.002 0.002 1
633.612 0.05 0.002 0 0.002 0.002 1
633.66 0.05 0 0 0 0 1
633.71 0.05 0 0 0 0 1
633.758 0.046 0.002 0 0.002 0.002 1
633.86 0.102 0.002 0 0.002 0.002 1
633.872 0.01 0.004 0 0.004 0.004 1
633.918 0.048 0.002 0 0.002 0.002 1
633.97 0.054 0 0 0 0 1
634.02 0.05 0 0 0 0 1
634.072 0.05 0.002 0.002 0 0 1
634.122 0.052 0 0 0 0 1
634.17 0.046 0.002 0 0.002 0.002 1
634.222 0.052 0.002 0 0.002 0.002 1
634.274 0.052 0.002 0 0.002 0.002 1
634.322 0.048 0.002 0 0.002 0.002 1
634.372 0.05 0.002 0 0.002 0.002 1
634.448 0.078 0 0 0 0 1
634.466 0.016 0.002 0 0.002 0.002 1
634.55 0.054 0.032 0 0.002 0.002 1
634.572 0.054 0 0 0 0 1
634.614 0.04 0.002 0.002 0 0 1
634.666 0.054 0 0 0 0 1
634.718 0.052 0 0 0 0 1
634.77 0.05 0.002 0 0.002 0.002 1
634.82 0.052 0 0 0 0 1
634.866 0.046 0 0 0 0 1
634.912 0.046 0 0 0 0 1
634.966 0.05 0.004 0 0.004 0.004 1
635.016 0.054 0 0 0 0 1
635.066 0.048 0.002 0 0.002 0.002 1
635.112 0.048 0 0 0 0 1
635.244 0.132 0 0 0 0 1
635.258 0.012 0.002 0 0.002 0.002 1
635.3 0.042 0.002 0 0 0 1
635.35 0.052 0 0 0 0 1
635.404 0.052 0.002 0 0.002 0.002 1
635.452 0.05 0 0 0 0 1
635.496 0.044 0 0 0 0 1
635.548 0.052 0 0 0 0 1
635.6 0.052 0 0 0 0 1
635.652 0.05 0.002 0.002 0 0 1
635.702 0.052 0 0 0 0 1
635.75 0.048 0 0 0 0 1
635.8 0.05 0 0 0 0 1
635.852 0.05 0.002 0 0 0 1
635.9 0.05 0 0 0 0 1
636.032 0.13 0.002 0.002 0 0 1
636.036 0.004 0.002 0 0.002 0.002 1
636.084 0.048 0.002 0 0.002 0.002 1
636.132 0.048 0.002 0 0.002 0.002 1
636.182 0.052 0 0 0 0 1
636.234 0.052 0 0 0 0 1
636.276 0.042 0 0 0 0 1
636.322 0.046 0 0 0 0 1
636.374 0.052 0 0 0 0 1
636.428 0.054 0 0 0 0 1
636.482 0.052 0.002 0 0.002 0.002 1
636.532 0.052 0 0 0 0 1
636.582 0.05 0 0 0 0 1
636.632 0.05 0 0 0 0 1
636.684 0.052 0 0 0 0 1
636.734 0.05 0 0 0 0 1
636.834 0.098 0.002 0.002 0 0 1
636.838 0.006 0 0 0 0 1
636.886 0.048 0 0 0 0 1
636.936 0.05 0 0 0 0 1
636.986 0.05 0 0 0 0 1
637.04 0.054 0 0 0 0 1
637.09 0.05 0 0 0 0 1
637.14 0.05 0 0 0 0 1
637.192 0.052 0 0 0 0 1
637.238 0.046 0 0 0 0 1
637.29 0.052 0 0 0 0 1
637.34 0.048 0.002 0 0.002 0.002 1
637.39 0.05 0.002 0 0 0 1
637.438 0.05 0 0 0 0 1
637.49 0.052 0 0 0 0 1
637.626 0.136 0 0 0 0 1
637.672 0.046 0 0 0 0 1
637.71 0.038 0 0 0 0 1
637.762 0.052 0 0 0 0 1
637.812 0.05 0 0 0 0 1
637.856 0.044 0 0 0 0 1
637.91 0.052 0.002 0 0.002 0.002 1
637.96 0.052 0 0 0 0 1
638.012 0.052 0 0 0 0 1
638.062 0.05 0 0 0 0 1
638.106 0.044 0 0 0 0 1
638.156 0.05 0 0 0 0 1
638.208 0.052 0 0 0 0 1
638.252 0.044 0 0 0 0 1
638.302 0.05 0 0 0 0 1
638.352 0.05 0 0 0 0 1
638.404 0.052 0 0 0 0 1
638.446 0.04 0.002 0 0.002 0.002 1
638.496 0.052 0 0 0 0 1
638.548 0.052 0 0 0 0 1
638.598 0.05 0 0 0 0 1
638.648 0.05 0 0 0 0 1
638.698 0.05 0 0 0 0 1
638.748 0.048 0.002 0 0.002 0.002 1
638.794 0.048 0 0 0 0 1
638.844 0.05 0 0 0 0 1
638.894 0.05 0 0 0 0 1
638.946 0.052 0 0 0 0 1
638.998 0.05 0.002 0 0.002 0.002 1
639.044 0.048 0 0 0 0 1
639.098 0.054 0 0 0 0 1
639.244 0.146 0 0 0 0 1
639.286 0.042 0 0 0 0 1
639.334 0.048 0 0 0 0 1
639.38 0.046 0 0 0 0 1
639.432 0.05 0.002 0 0.002 0.002 1
639.48 0.05 0 0 0 0 1
639.532 0.05 0.002 0.002 0 0 1
639.572 0.042 0 0 0 0 1
639.624 0.052 0 0 0 0 1
639.674 0.05 0 0 0 0 1
639.728 0.054 0 0 0 0 1
639.774 0.044 0.002 0 0.002 0.002 1
639.824 0.052 0 0 0 0 1
650.106 10.256 0.026 0.004 0.022 0.022 1
650.138 0.056 0.002 0 0.002 0.002 1
650.146 0.008 0.002 0.002 0 0 1
650.194 0.048 0.002 0 0.002 0.002 1
650.244 0.052 0 0 0 0 1
650.296 0.05 0.002 0 0.002 0.002 1
650.346 0.052 0 0 0 0 1
650.396 0.05 0 0 0 0 1
650.446 0.05 0 0 0 0 1
650.492 0.046 0 0 0 0 1
650.54 0.048 0 0 0 0 1
650.59 0.05 0 0 0 0 1
650.64 0.05 0 0 0 0 1
650.68 0.04 0 0 0 0 1
650.736 0.056 0 0 0 0 1
650.784 0.048 0 0 0 0 1
650.834 0.05 0 0 0 0 1
650.886 0.05 0.002 0 0.002 0.002 1
650.932 0.048 0 0 0 0 1
650.982 0.05 0 0 0 0 1
651.036 0.052 0.002 0 0.002 0.002 1
651.084 0.05 0 0 0 0 1
651.13 0.044 0.002 0 0.002 0.002 1
651.178 0.05 0 0 0 0 1
651.224 0.046 0 0 0 0 1
651.276 0.052 0 0 0 0 1
651.324 0.048 0 0 0 0 1
651.37 0.046 0 0 0 0 1
651.422 0.052 0 0 0 0 1
651.564 0.142 0 0 0 0 1
651.572 0.006 0.002 0 0.002 0.002 1
651.618 0.046 0.002 0 0.002 0.002 1
651.668 0.052 0 0 0 0 1
651.71 0.042 0 0 0 0 1
651.76 0.05 0 0 0 0 1
651.812 0.052 0 0 0 0 1
651.858 0.046 0 0 0 0 1
651.91 0.052 0 0 0 0 1
651.962 0.052 0 0 0 0 1
652.004 0.042 0 0 0 0 1
652.054 0.05 0 0 0 0 1
652.104 0.05 0 0 0 0 1
652.156 0.05 0.002 0 0.002 0.002 1
652.2 0.046 0 0 0 0 1
652.252 0.052 0 0 0 0 1
652.36 0.108 0 0 0 0 1
652.388 0.028 0 0 0 0 1
652.44 0.05 0.002 0.002 0 0 1
652.488 0.05 0 0 0 0 1
652.538 0.05 0 0 0 0 1
652.588 0.05 0 0 0 0 1
652.638 0.05 0 0 0 0 1
652.69 0.052 0 0 0 0 1
652.73 0.04 0 0 0 0 1
652.788 0.058 0 0 0 0 1
652.838 0.05 0 0 0 0 1
652.89 0.052 0 0 0 0 1
652.932 0.042 0 0 0 0 1
652.986 0.052 0.002 0 0.002 0.002 1
653.036 0.052 0 0 0 0 1
653.154 0.116 0.002 0 0 0 1
653.18 0.028 0 0 0 0 1
653.232 0.052 0 0 0 0 1
653.284 0.05 0.002 0 0.002 0.002 1
653.334 0.052 0 0 0 0 1
653.384 0.048 0.002 0 0.002 0.002 1
653.434 0.052 0 0 0 0 1
653.484 0.05 0 0 0 0 1
653.534 0.05 0 0 0 0 1
653.584 0.05 0 0 0 0 1
653.636 0.05 0.002 0 0.002 0.002 1
653.684 0.05 0 0 0 0 1
653.732 0.048 0 0 0 0 1
653.78 0.046 0.002 0 0.002 0.002 1
653.826 0.048 0 0 0 0 1
653.868 0.038 0.004 0.004 0 0 1
653.998 0.134 0 0 0 0 1
654.046 0.046 0.002 0 0.002 0.002 1
654.096 0.05 0.002 0 0.002 0.002 1
654.142 0.048 0 0 0 0 1
654.186 0.042 0.002 0 0.002 0.002 1
654.238 0.054 0 0 0 0 1
654.286 0.044 0.004 0 0.004 0.004 1
654.336 0.052 0.002 0 0.002 0.002 1
654.384 0.05 0 0 0 0 1
654.43 0.046 0 0 0 0 1
654.482 0.05 0.002 0 0.002 0.002 1
654.528 0.046 0.002 0.002 0 0 1
654.576 0.05 0 0 0 0 1
654.628 0.052 0 0 0 0 1
654.68 0.05 0.002 0 0.002 0.002 1
654.73 0.052 0 0 0 0 1
654.78 0.05 0 0 0 0 1
654.828 0.048 0 0 0 0 1
654.88 0.05 0.002 0 0 0 1
654.93 0.052 0 0 0 0 1
654.98 0.05 0 0 0 0 1
655.032 0.05 0.002 0 0.002 0.002 1
655.08 0.05 0 0 0 0 1
655.192 0.11 0.002 0 0.002 0.002 1
655.23 0.038 0.002 0 0 0 1
655.278 0.048 0.002 0 0.002 0.002 1
655.324 0.048 0 0 0 0 1
655.374 0.05 0 0 0 0 1
655.426 0.05 0.002 0 0.002 0.002 1
655.476 0.052 0 0 0 0 1
655.526 0.05 0 0 0 0 1
655.578 0.05 0.002 0.002 0 0 1
655.628 0.052 0 0 0 0 1
655.672 0.044 0 0 0 0 1
655.722 0.05 0 0 0 0 1
655.772 0.05 0 0 0 0 1
655.812 0.04 0 0 0 0 1
655.864 0.05 0.002 0 0.002 0.002 1
655.908 0.044 0.002 0 0.002 0.002 1
656.026 0.118 0.002 0.002 0 0 1
656.052 0.026 0.002 0.002 0 0 1
656.1 0.05 0 0 0 0 1
656.148 0.048 0 0 0 0 1
656.198 0.05 0 0 0 0 1
656.246 0.048 0 0 0 0 1
656.296 0.048 0.002 0.002 0 0 1
656.336 0.042 0 0 0 0 1
656.388 0.052 0 0 0 0 1
656.44 0.05 0.002 0 0.002 0.002 1
656.484 0.046 0 0 0 0 1
656.536 0.052 0 0 0 0 1
656.588 0.052 0 0 0 0 1
656.638 0.05 0 0 0 0 1
656.68 0.042 0 0 0 0 1
656.726 0.046 0 0 0 0 1
656.78 0.052 0.002 0 0.002 0.002 1
656.83 0.052 0 0 0 0 1
656.878 0.048 0 0 0 0 1
656.93 0.052 0 0 0 0 1
656.982 0.052 0 0 0 0 1
657.03 0.046 0.002 0 0.002 0.002 1
657.156 0.128 0 0 0 0 1
657.178 0.022 0 0 0 0 1
657.232 0.054 0 0 0 0 1
657.278 0.046 0 0 0 0 1
657.33 0.05 0.002 0 0.002 0.002 1
657.378 0.05 0 0 0 0 1
657.43 0.05 0.002 0 0.002 0.002 1
657.476 0.048 0 0 0 0 1
657.528 0.052 0 0 0 0 1
657.578 0.048 0.002 0.002 0 0 1
657.622 0.046 0 0 0 0 1
657.668 0.046 0 0 0 0 1
657.72 0.05 0.002 0 0.002 0.002 1
657.768 0.05 0 0 0 0 1
657.82 0.052 0 0 0 0 1
657.872 0.05 0.002 0 0.002 0.002 1
657.92 0.05 0 0 0 0 1
658.084 0.162 0.002 0.002 0 0 1
658.114 0.032 0 0 0 0 1
658.164 0.05 0 0 0 0 1
658.216 0.052 0 0 0 0 1
658.266 0.05 0 0 0 0 1
658.316 0.05 0 0 0 0 1
658.368 0.052 0 0 0 0 1
658.418 0.05 0 0 0 0 1
658.468 0.05 0 0 0 0 1
658.518 0.05 0 0 0 0 1
658.568 0.05 0 0 0 0 1
658.618 0.05 0 0 0 0 1
658.666 0.046 0.002 0 0.002 0.002 1
658.716 0.052 0 0 0 0 1
658.764 0.048 0 0 0 0 1
658.814 0.05 0 0 0 0 1
658.864 0.05 0 0 0 0 1
659.004 0.14 0 0 0 0 1
659.004 0 0 0 0 0 1
659.054 0.05 0 0 0 0 1
659.104 0.05 0 0 0 0 1
659.154 0.048 0.002 0.002 0 0 1
659.204 0.052 0 0 0 0 1
659.254 0.05 0 0 0 0 1
659.304 0.05 0 0 0 0 1
659.356 0.05 0.002 0 0.002 0.002 1
659.404 0.05 0 0 0 0 1
659.454 0.048 0.002 0 0.002 0.002 1
659.504 0.05 0.002 0 0.002 0.002 1
659.554 0.05 0.002 0 0.002 0.002 1
659.604 0.05 0.002 0 0.002 0.002 1
659.648 0.044 0.002 0 0.002 0.002 1
659.694 0.048 0 0 0 0 1
659.742 0.046 0.002 0 0.002 0.002 1
659.792 0.05 0.002 0.002 0 0 1
659.892 0.102 0 0 0 0 1
659.918 0.026 0 0 0 0 1
659.974 0.056 0 0 0 0 1
660.026 0.052 0 0 0 0 1
660.076 0.05 0 0 0 0 1
660.128 0.052 0 0 0 0 1
660.18 0.052 0 0 0 0 1
660.234 0.052 0.002 0 0.002 0.002 1
660.284 0.052 0 0 0 0 1
660.326 0.042 0 0 0 0 1
660.376 0.05 0 0 0 0 1
660.428 0.052 0 0 0 0 1
660.476 0.048 0 0 0 0 1
660.524 0.048 0 0 0 0 1
660.576 0.052 0 0 0 0 1
660.624 0.048 0 0 0 0 1
660.676 0.05 0.002 0 0.002 0.002 1
660.818 0.142 0.002 0 0.002 0.002 1
660.818 0.002 0 0 0 0 1
660.87 0.052 0 0 0 0 1
660.922 0.052 0 0 0 0 1
660.972 0.05 0 0 0 0 1
661.024 0.052 0 0 0 0 1
661.074 0.05 0 0 0 0 1
661.122 0.048 0 0 0 0 1
661.174 0.052 0 0 0 0 1
661.224 0.05 0 0 0 0 1
661.272 0.046 0.002 0 0.002 0.002 1
661.32 0.048 0.002 0 0.002 0.002 1
661.366 0.048 0 0 0 0 1
661.416 0.05 0 0 0 0 1
661.466 0.05 0 0 0 0 1
661.512 0.046 0 0 0 0 1
661.562 0.05 0 0 0 0 1
661.612 0.05 0 0 0 0 1
661.756 0.144 0 0 0 0 1
661.804 0.048 0 0 0 0 1
661.852 0.048 0 0 0 0 1
661.91 0.056 0.002 0 0.002 0.002 1
661.954 0.046 0 0 0 0 1
662.008 0.052 0.002 0 0.002 0.002 1
662.058 0.052 0 0 0 0 1
662.1 0.042 0 0 0 0 1
662.162 0.06 0.002 0 0.002 0.002 1
662.21 0.048 0.002 0 0.002 0.002 1
662.256 0.046 0.002 0 0.002 0.002 1
662.306 0.048 0.004 0.004 0 0 1
662.358 0.054 0.002 0 0.002 0.002 1
662.404 0.048 0 0 0 0 1
662.452 0.048 0 0 0 0 1
662.504 0.05 0.002 0 0.002 0.002 1
662.554 0.05 0.002 0 0.002 0.002 1
662.602 0.05 0 0 0 0 1
662.646 0.042 0.002 0 0.002 0.002 1
662.694 0.046 0.004 0 0.004 0.004 1
662.846 0.154 0.002 0 0.002 0.002 1
662.876 0.032 0 0 0 0 1
662.93 0.05 0.004 0.004 0 0 1
662.98 0.054 0 0 0 0 1
663.022 0.04 0.002 0 0.002 0.002 1
663.072 0.05 0.002 0 0.002 0.002 1
663.12 0.05 0 0 0 0 1
663.168 0.048 0 0 0 0 1
663.218 0.05 0 0 0 0 1
663.27 0.052 0 0 0 0 1
663.32 0.05 0 0 0 0 1
663.368 0.048 0 0 0 0 1
663.414 0.046 0 0 0 0 1
663.466 0.052 0 0 0 0 1
663.516 0.05 0 0 0 0 1
663.564 0.048 0 0 0 0 1
663.614 0.048 0.002 0 0 0 1
663.786 0.174 0 0 0 0 1
663.8 0.014 0 0 0 0 1
663.85 0.05 0 0 0 0 1
663.904 0.054 0 0 0 0 1
663.958 0.052 0.002 0 0.002 0.002 1
664.004 0.046 0.002 0.002 0 0 1
664.056 0.052 0.002 0 0.002 0.002 1
664.108 0.052 0.002 0 0.002 0.002 1
664.158 0.05 0.002 0 0.002 0.002 1
664.208 0.05 0.002 0 0.002 0.002 1
664.26 0.052 0.002 0 0 0 1
664.31 0.048 0.004 0 0.004 0.004 1
664.354 0.048 0 0 0 0 1
664.404 0.05 0 0 0 0 1
664.454 0.048 0.002 0 0.002 0.002 1
664.5 0.048 0 0 0 0 1
664.552 0.052 0 0 0 0 1
664.602 0.05 0 0 0 0 1
664.654 0.052 0 0 0 0 1
664.704 0.05 0 0 0 0 1
664.756 0.052 0 0 0 0 1
664.808 0.05 0.002 0 0.002 0.002 1
664.854 0.048 0 0 0 0 1
664.9 0.046 0 0 0 0 1
664.952 0.052 0 0 0 0 1
665.004 0.05 0.002 0 0.002 0.002 1
665.126 0.124 0 0 0 0 1
665.154 0.026 0.002 0 0.002 0.002 1
665.204 0.05 0.002 0 0.002 0.002 1
665.254 0.05 0.002 0 0.002 0.002 1
665.304 0.052 0 0 0 0 1
665.352 0.048 0 0 0 0 1
665.402 0.05 0 0 0 0 1
665.452 0.05 0 0 0 0 1
665.504 0.05 0.002 0 0.002 0.002 1
665.554 0.05 0.002 0 0.002 0.002 1
665.604 0.05 0.002 0 0.002 0.002 1
665.654 0.05 0.002 0 0.002 0.002 1
665.702 0.05 0 0 0 0 1
665.752 0.05 0 0 0 0 1
665.798 0.046 0 0 0 0 1
665.848 0.05 0 0 0 0 1
665.894 0.046 0 0 0 0 1
665.942 0.048 0 0 0 0 1
666.088 0.146 0 0 0 0 1
666.09 0.002 0 0 0 0 1
666.138 0.046 0.002 0 0.002 0.002 1
666.186 0.05 0 0 0 0 1
666.236 0.05 0 0 0 0 1
666.282 0.046 0 0 0 0 1
666.334 0.052 0 0 0 0 1
666.384 0.05 0 0 0 0 1
666.434 0.05 0 0 0 0 1
666.482 0.048 0 0 0 0 1
666.528 0.046 0 0 0 0 1
666.578 0.05 0 0 0 0 1
666.628 0.05 0 0 0 0 1
666.68 0.05 0.002 0 0.002 0.002 1
666.73 0.05 0.002 0 0.002 0.002 1
666.774 0.046 0 0 0 0 1
666.824 0.05 0 0 0 0 1
666.874 0.048 0.002 0 0.002 0.002 1
667.032 0.158 0.002 0 0.002 0.002 1
667.066 0.036 0 0 0 0 1
667.118 0.052 0 0 0 0 1
667.168 0.05 0 0 0 0 1
667.218 0.05 0 0 0 0 1
667.27 0.05 0.002 0 0 0 1
667.32 0.05 0.002 0 0.002 0.002 1
667.37 0.05 0.002 0 0.002 0.002 1
667.418 0.048 0.002 0 0 0 1
667.466 0.05 0 0 0 0 1
667.518 0.05 0.002 0.002 0 0 1
667.566 0.05 0 0 0 0 1
667.616 0.05 0 0 0 0 1
667.666 0.05 0 0 0 0 1
667.716 0.05 0 0 0 0 1
667.768 0.05 0.002 0 0.002 0.002 1
667.812 0.046 0 0 0 0 1
667.864 0.052 0 0 0 0 1
667.914 0.05 0 0 0 0 1
667.952 0.038 0 0 0 0 1
668.002 0.05 0 0 0 0 1
668.054 0.052 0 0 0 0 1
668.106 0.052 0 0 0 0 1
668.156 0.048 0.002 0 0.002 0.002 1
668.204 0.05 0 0 0 0 1
668.256 0.052 0 0 0 0 1
668.428 0.17 0.002 0.002 0 0 1
668.446 0.02 0 0 0 0 1
668.498 0.052 0 0 0 0 1
668.55 0.05 0.002 0 0.002 0.002 1
668.6 0.052 0 0 0 0 1
668.65 0.05 0 0 0 0 1
668.702 0.052 0 0 0 0 1
668.752 0.05 0 0 0 0 1
668.802 0.05 0 0 0 0 1
668.852 0.05 0 0 0 0 1
668.9 0.048 0 0 0 0 1
668.944 0.044 0 0 0 0 1
668.994 0.05 0 0 0 0 1
669.044 0.05 0 0 0 0 1
669.092 0.048 0 0 0 0 1
669.142 0.05 0 0 0 0 1
669.192 0.05 0 0 0 0 1
669.242 0.048 0.002 0 0.002 0.002 1
669.404 0.162 0.002 0 0 0 1
669.44 0.038 0 0 0 0 1
669.49 0.05 0 0 0 0 1
669.542 0.05 0.002 0 0.002 0.002 1
669.59 0.048 0.002 0.002 0 0 1
669.638 0.048 0.002 0 0.002 0.002 1
669.688 0.052 0 0 0 0 1
669.738 0.05 0 0 0 0 1
669.79 0.052 0 0 0 0 1
669.84 0.048 0.002 0 0.002 0.002 1
669.89 0.05 0.002 0 0.002 0.002 1
669.94 0.05 0.002 0 0.002 0.002 1
669.978 0.04 0 0 0 0 1
670.03 0.052 0 0 0 0 1
670.084 0.052 0.002 0 0.002 0.002 1
670.132 0.05 0 0 0 0 1
670.184 0.052 0 0 0 0 1
670.236 0.052 0 0 0 0 1
670.286 0.048 0.002 0 0.002 0.002 1
670.336 0.05 0.002 0.002 0 0 1
670.384 0.048 0.002 0 0.002 0.002 1
670.434 0.052 0 0 0 0 1
670.486 0.052 0 0 0 0 1
670.536 0.05 0 0 0 0 1
670.586 0.05 0 0 0 0 1
670.638 0.052 0 0 0 0 1
670.688 0.05 0 0 0 0 1
670.862 0.172 0.002 0 0 0 1
670.884 0.022 0.002 0 0.002 0.002 1
670.932 0.05 0 0 0 0 1
670.984 0.052 0 0 0 0 1
671.036 0.05 0.002 0 0.002 0.002 1
671.086 0.052 0 0 0 0 1
671.134 0.048 0 0 0 0 1
671.18 0.046 0 0 0 0 1
671.232 0.052 0 0 0 0 1
671.284 0.052 0 0 0 0 1
671.334 0.05 0 0 0 0 1
671.386 0.05 0.002 0 0.002 0.002 1
671.436 0.052 0 0 0 0 1
671.486 0.05 0 0 0 0 1
671.538 0.046 0.006 0 0.006 0.006 1
671.584 0.05 0.002 0 0.002 0.002 1
671.636 0.052 0.002 0 0.002 0.002 1
671.686 0.05 0.002 0 0.002 0.002 1
671.828 0.142 0.002 0 0.002 0.002 1
671.874 0.046 0.002 0 0.002 0.002 1
671.924 0.05 0.002 0 0 0 1
671.974 0.05 0.002 0 0.002 0.002 1
672.024 0.05 0.002 0 0.002 0.002 1
672.072 0.05 0 0 0 0 1
672.12 0.048 0 0 0 0 1
672.164 0.044 0 0 0 0 1
672.216 0.052 0 0 0 0 1
672.268 0.05 0.002 0 0.002 0.002 1
672.308 0.042 0 0 0 0 1
672.36 0.052 0 0 0 0 1
672.412 0.05 0.002 0 0.002 0.002 1
672.458 0.048 0 0 0 0 1
672.512 0.052 0.002 0 0.002 0.002 1
672.56 0.048 0.002 0 0.002 0.002 1
672.61 0.052 0 0 0 0 1
672.66 0.05 0 0 0 0 1
672.71 0.05 0 0 0 0 1
672.762 0.05 0.002 0 0 0 1
672.812 0.05 0.002 0 0.002 0.002 1
672.86 0.05 0 0 0 0 1
672.908 0.048 0 0 0 0 1
672.948 0.04 0 0 0 0 1
672.99 0.042 0 0 0 0 1
673.042 0.052 0 0 0 0 1
673.092 0.05 0 0 0 0 1
673.142 0.05 0 0 0 0 1
673.192 0.05 0 0 0 0 1
673.314 0.12 0.002 0.002 0 0 1
673.334 0.02 0.002 0 0.002 0.002 1
673.384 0.052 0 0 0 0 1
673.434 0.048 0.002 0 0.002 0.002 1
673.486 0.052 0.002 0 0.002 0.002 1
673.536 0.052 0 0 0 0 1
673.582 0.046 0 0 0 0 1
673.63 0.048 0 0 0 0 1
673.686 0.054 0.002 0 0.002 0.002 1
673.736 0.052 0 0 0 0 1
673.788 0.05 0.002 0 0.002 0.002 1
673.838 0.052 0 0 0 0 1
673.888 0.05 0 0 0 0 1
673.938 0.048 0.002 0 0.002 0.002 1
673.986 0.05 0 0 0 0 1
674.034 0.048 0 0 0 0 1
674.086 0.052 0 0 0 0 1
674.218 0.132 0 0 0 0 1
674.22 0.002 0 0 0 0 1
674.268 0.046 0.002 0 0.002 0.002 1
674.318 0.052 0 0 0 0 1
674.37 0.052 0 0 0 0 1
674.422 0.05 0.002 0 0.002 0.002 1
674.47 0.05 0 0 0 0 1
674.518 0.048 0 0 0 0 1
674.568 0.05 0 0 0 0 1
674.618 0.05 0 0 0 0 1
674.668 0.05 0 0 0 0 1
674.718 0.05 0 0 0 0 1
674.768 0.05 0 0 0 0 1
674.818 0.05 0 0 0 0 1
674.864 0.046 0 0 0 0 1
674.916 0.052 0 0 0 0 1
674.966 0.05 0 0 0 0 1
675.018 0.05 0.002 0 0.002 0.002 1
675.062 0.046 0 0 0 0 1
675.11 0.048 0 0 0 0 1
675.156 0.046 0 0 0 0 1
675.208 0.052 0 0 0 0 1
675.258 0.048 0.002 0 0.002 0.002 1
675.306 0.05 0 0 0 0 1
675.358 0.052 0 0 0 0 1
675.408 0.05 0 0 0 0 1
675.458 0.05 0 0 0 0 1
675.508 0.05 0 0 0 0 1
675.64 0.13 0.002 0.002 0 0 1
675.648 0.01 0 0 0 0 1
675.7 0.05 0.002 0 0.002 0.002 1
675.75 0.05 0.002 0 0 0 1
675.798 0.05 0 0 0 0 1
675.844 0.046 0 0 0 0 1
675.9 0.054 0.002 0 0.002 0.002 1
675.942 0.044 0 0 0 0 1
675.984 0.042 0 0 0 0 1
676.036 0.05 0.002 0 0.002 0.002 1
676.084 0.05 0 0 0 0 1
676.134 0.05 0 0 0 0 1
676.186 0.05 0.002 0.002 0 0 1
676.238 0.052 0.002 0 0.002 0.002 1
676.288 0.05 0.002 0 0.002 0.002 1
676.338 0.052 0 0 0 0 1
676.386 0.048 0 0 0 0 1
676.436 0.05 0 0 0 0 1
676.484 0.048 0 0 0 0 1
676.532 0.048 0 0 0 0 1
676.578 0.046 0 0 0 0 1
676.628 0.05 0 0 0 0 1
676.68 0.05 0.002 0 0.002 0.002 1
676.73 0.05 0.002 0 0.002 0.002 1
676.778 0.05 0 0 0 0 1
676.828 0.05 0 0 0 0 1
677.006 0.176 0.002 0 0 0 1
677.022 0.016 0.002 0.002 0 0 1
677.074 0.052 0.002 0 0.002 0.002 1
677.122 0.05 0 0 0 0 1
677.168 0.046 0 0 0 0 1
677.22 0.052 0 0 0 0 1
677.264 0.044 0 0 0 0 1
677.312 0.048 0 0 0 0 1
677.362 0.048 0.002 0 0.002 0.002 1
677.408 0.048 0 0 0 0 1
677.458 0.05 0 0 0 0 1
677.502 0.044 0 0 0 0 1
677.552 0.05 0 0 0 0 1
677.606 0.054 0 0 0 0 1
677.652 0.046 0 0 0 0 1
677.698 0.046 0 0 0 0 1
677.744 0.046 0 0 0 0 1
677.906 0.16 0.002 0 0.002 0.002 1
677.944 0.036 0.004 0 0 0 1
677.992 0.05 0.002 0 0.002 0.002 1
678.04 0.05 0 0 0 0 1
678.092 0.05 0.002 0 0.002 0.002 1
678.14 0.05 0 0 0 0 1
678.186 0.046 0 0 0 0 1
678.236 0.05 0 0 0 0 1
678.288 0.05 0.002 0 0.002 0.002 1
678.338 0.052 0 0 0 0 1
678.382 0.044 0 0 0 0 1
678.434 0.052 0 0 0 0 1
678.482 0.048 0 0 0 0 1
678.534 0.05 0.002 0 0.002 0.002 1
678.584 0.05 0.002 0 0.002 0.002 1
678.632 0.05 0 0 0 0 1
678.684 0.052 0 0 0 0 1
678.84 0.156 0 0 0 0 1
678.876 0.034 0.002 0 0.002 0.002 1
678.928 0.052 0.002 0 0.002 0.002 1
678.978 0.052 0 0 0 0 1
679.028 0.05 0 0 0 0 1
679.08 0.05 0.002 0 0.002 0.002 1
679.132 0.052 0.002 0 0 0 1
679.182 0.05 0.002 0 0.002 0.002 1
679.222 0.042 0 0 0 0 1
679.274 0.05 0.002 0 0.002 0.002 1
679.322 0.05 0 0 0 0 1
679.376 0.052 0.002 0 0.002 0.002 1
679.424 0.05 0 0 0 0 1
679.474 0.05 0 0 0 0 1
679.526 0.052 0 0 0 0 1
679.568 0.042 0 0 0 0 1
679.62 0.052 0 0 0 0 1
679.67 0.05 0 0 0 0 1
679.722 0.052 0 0 0 0 1
679.77 0.048 0 0 0 0 1
679.812 0.042 0 0 0 0 1
679.862 0.05 0 0 0 0 1
679.912 0.05 0 0 0 0 1
679.964 0.052 0 0 0 0 1
680.11 0.146 0 0 0 0 1
680.154 0.044 0 0 0 0 1
680.206 0.05 0.002 0 0 0 1
680.254 0.05 0 0 0 0 1
680.304 0.05 0 0 0 0 1
680.354 0.05 0 0 0 0 1
680.404 0.05 0 0 0 0 1
680.454 0.05 0 0 0 0 1
680.502 0.048 0 0 0 0 1
680.552 0.05 0 0 0 0 1
680.602 0.05 0 0 0 0 1
680.652 0.05 0 0 0 0 1
680.702 0.05 0 0 0 0 1
680.744 0.042 0 0 0 0 1
680.794 0.05 0 0 0 0 1
680.844 0.048 0.002 0 0.002 0.002 1
680.892 0.05 0 0 0 0 1
681.026 0.132 0.002 0.002 0 0 1
681.034 0.008 0.002 0 0.002 0.002 1
681.086 0.052 0.002 0 0.002 0.002 1
681.134 0.05 0 0 0 0 1
681.186 0.052 0 0 0 0 1
681.238 0.05 0.002 0 0.002 0.002 1
681.288 0.052 0 0 0 0 1
681.34 0.05 0.002 0 0.002 0.002 1
681.39 0.05 0.002 0 0.002 0.002 1
681.44 0.05 0.002 0 0.002 0.002 1
681.488 0.05 0 0 0 0 1
681.54 0.05 0.002 0 0.002 0.002 1
681.586 0.048 0 0 0 0 1
681.636 0.05 0 0 0 0 1
681.682 0.046 0 0 0 0 1
681.734 0.05 0.002 0 0.002 0.002 1
681.784 0.05 0.002 0 0.002 0.002 1
681.832 0.048 0.002 0 0.002 0.002 1
681.872 0.042 0 0 0 0 1
681.92 0.046 0.002 0 0.002 0.002 1
681.97 0.052 0 0 0 0 1
682.022 0.052 0 0 0 0 1
682.07 0.048 0 0 0 0 1
682.12 0.05 0 0 0 0 1
682.168 0.048 0 0 0 0 1
682.22 0.05 0.002 0 0.002 0.002 1
682.274 0.056 0 0 0 0 1
682.422 0.148 0 0 0 0 1
682.448 0.026 0 0 0 0 1
682.506 0.056 0.002 0 0.002 0.002 1
682.558 0.052 0.002 0 0.002 0.002 1
682.608 0.052 0 0 0 0 1
682.656 0.046 0.002 0 0.002 0.002 1
682.706 0.052 0 0 0 0 1
682.75 0.044 0 0 0 0 1
682.806 0.054 0.002 0 0.002 0.002 1
682.856 0.052 0 0 0 0 1
682.906 0.05 0 0 0 0 1
682.958 0.05 0.002 0 0.002 0.002 1
683.006 0.05 0 0 0 0 1
683.054 0.046 0.002 0 0.002 0.002 1
683.104 0.05 0.002 0 0.002 0.002 1
683.15 0.048 0 0 0 0 1
683.2 0.05 0 0 0 0 1
683.388 0.186 0.002 0 0.002 0.002 1
683.398 0.01 0.002 0 0.002 0.002 1
683.448 0.052 0 0 0 0 1
683.498 0.05 0 0 0 0 1
683.54 0.042 0 0 0 0 1
683.586 0.046 0 0 0 0 1
683.638 0.052 0 0 0 0 1
683.688 0.05 0 0 0 0 1
683.74 0.05 0.002 0 0.002 0.002 1
683.79 0.05 0.002 0 0.002 0.002 1
683.836 0.048 0 0 0 0 1
683.89 0.052 0.002 0 0.002 0.002 1
683.938 0.05 0 0 0 0 1
683.99 0.052 0 0 0 0 1
684.038 0.046 0.002 0 0.002 0.002 1
684.088 0.05 0.002 0 0.002 0.002 1
684.136 0.05 0 0 0 0 1
684.268 0.13 0.002 0.002 0 0 1
684.276 0.01 0 0 0 0 1
684.326 0.05 0 0 0 0 1
684.37 0.044 0 0 0 0 1
684.422 0.052 0 0 0 0 1
684.474 0.052 0 0 0 0 1
684.526 0.052 0 0 0 0 1
684.574 0.048 0 0 0 0 1
684.624 0.05 0 0 0 0 1
684.678 0.052 0.002 0 0.002 0.002 1
684.724 0.048 0 0 0 0 1
684.774 0.05 0 0 0 0 1
684.826 0.052 0 0 0 0 1
684.872 0.046 0 0 0 0 1
684.924 0.052 0 0 0 0 1
684.976 0.052 0 0 0 0 1
685.026 0.05 0 0 0 0 1
685.078 0.05 0.002 0 0.002 0.002 1
685.234 0.156 0.002 0 0.002 0.002 1
685.274 0.042 0 0 0 0 1
685.326 0.05 0.002 0 0.002 0.002 1
685.372 0.048 0 0 0 0 1
685.42 0.048 0 0 0 0 1
685.47 0.05 0 0 0 0 1
685.518 0.046 0.002 0 0.002 0.002 1
685.57 0.054 0 0 0 0 1
685.62 0.05 0 0 0 0 1
685.672 0.05 0.002 0 0.002 0.002 1
685.722 0.052 0 0 0 0 1
685.772 0.05 0 0 0 0 1
685.824 0.052 0 0 0 0 1
685.872 0.046 0.002 0.002 0 0 1
685.922 0.052 0 0 0 0 1
685.974 0.05 0.002 0 0.002 0.002 1
686.024 0.048 0.004 0 0.004 0.004 1
686.14 0.12 0 0 0 0 1
686.166 0.024 0.002 0 0.002 0.002 1
686.216 0.052 0 0 0 0 1
686.266 0.048 0.002 0 0.002 0.002 1
686.312 0.048 0 0 0 0 1
686.364 0.052 0 0 0 0 1
686.414 0.05 0 0 0 0 1
686.464 0.05 0 0 0 0 1
686.516 0.05 0.002 0 0.002 0.002 1
686.564 0.048 0.002 0 0.002 0.002 1
686.614 0.05 0.002 0 0.002 0.002 1
686.664 0.05 0.002 0 0.002 0.002 1
686.714 0.05 0.002 0 0.002 0.002 1
686.764 0.052 0 0 0 0 1
686.814 0.05 0 0 0 0 1
686.866 0.05 0.002 0 0.002 0.002 1
686.916 0.05 0.002 0 0 0 1
686.962 0.048 0 0 0 0 1
687.012 0.05 0 0 0 0 1
687.164 0.15 0.002 0.002 0 0 1
687.204 0.042 0 0 0 0 1
687.248 0.044 0 0 0 0 1
687.302 0.052 0.002 0 0 0 1
687.346 0.046 0 0 0 0 1
687.398 0.052 0 0 0 0 1
687.448 0.05 0 0 0 0 1
687.5 0.05 0.002 0 0.002 0.002 1
687.55 0.052 0 0 0 0 1
687.594 0.042 0.002 0 0.002 0.002 1
687.644 0.052 0 0 0 0 1
687.696 0.05 0.002 0 0 0 1
687.746 0.052 0 0 0 0 1
687.794 0.048 0 0 0 0 1
687.84 0.046 0 0 0 0 1
687.994 0.152 0.002 0 0.002 0.002 1
688.036 0.042 0.002 0 0.002 0.002 1
688.08 0.044 0.002 0 0 0 1
688.132 0.052 0.002 0 0.002 0.002 1
688.182 0.052 0 0 0 0 1
688.234 0.052 0 0 0 0 1
688.282 0.046 0.002 0 0.002 0.002 1
688.332 0.052 0 0 0 0 1
688.384 0.05 0.002 0 0.002 0.002 1
688.434 0.052 0 0 0 0 1
688.484 0.05 0 0 0 0 1
688.532 0.048 0 0 0 0 1
688.578 0.046 0 0 0 0 1
688.63 0.052 0 0 0 0 1
688.682 0.052 0 0 0 0 1
688.734 0.05 0.002 0 0.002 0.002 1
688.784 0.05 0.002 0 0.002 0.002 1
688.834 0.05 0.002 0 0 0 1
688.882 0.05 0 0 0 0 1
688.932 0.05 0 0 0 0 1
688.982 0.05 0 0 0 0 1
689.032 0.05 0 0 0 0 1
689.074 0.04 0.002 0 0.002 0.002 1
689.124 0.05 0.002 0 0.002 0.002 1
689.174 0.05 0.002 0 0.002 0.002 1
689.22 0.048 0 0 0 0 1
689.35 0.13 0 0 0 0 1
689.358 0.006 0.002 0 0.002 0.002 1
689.408 0.052 0 0 0 0 1
689.454 0.044 0.002 0 0.002 0.002 1
689.504 0.052 0 0 0 0 1
689.556 0.05 0.002 0 0.002 0.002 1
689.606 0.05 0.002 0.002 0 0 1
689.656 0.052 0 0 0 0 1
689.706 0.05 0 0 0 0 1
689.756 0.048 0.002 0 0.002 0.002 1
689.804 0.05 0 0 0 0 1
689.854 0.048 0.002 0 0.002 0.002 1
689.902 0.05 0 0 0 0 1
689.954 0.052 0 0 0 0 1
690.002 0.048 0 0 0 0 1
690.052 0.048 0.002 0 0.002 0.002 1
690.102 0.05 0.002 0 0 0 1
690.15 0.05 0 0 0 0 1
690.202 0.05 0.002 0 0.002 0.002 1
690.246 0.044 0.002 0.002 0 0 1
690.294 0.05 0 0 0 0 1
690.34 0.046 0 0 0 0 1
690.384 0.044 0 0 0 0 1
690.556 0.17 0.002 0.002 0 0 1
690.588 0.032 0.002 0 0.002 0.002 1
690.638 0.052 0 0 0 0 1
690.69 0.05 0.002 0 0.002 0.002 1
690.74 0.052 0 0 0 0 1
690.784 0.044 0 0 0 0 1
690.836 0.05 0.002 0 0.002 0.002 1
690.884 0.05 0 0 0 0 1
690.934 0.05 0 0 0 0 1
690.986 0.05 0.002 0.002 0 0 1
691.036 0.052 0 0 0 0 1
691.084 0.048 0 0 0 0 1
691.136 0.05 0.002 0 0.002 0.002 1
691.186 0.05 0.002 0 0.002 0.002 1
691.228 0.044 0 0 0 0 1
691.272 0.044 0 0 0 0 1
691.418 0.146 0 0 0 0 1
691.458 0.04 0 0 0 0 1
691.51 0.05 0.002 0 0.002 0.002 1
691.56 0.05 0.002 0 0.002 0.002 1
691.608 0.048 0.002 0 0.002 0.002 1
691.658 0.05 0.002 0.002 0 0 1
691.702 0.046 0 0 0 0 1
691.75 0.048 0 0 0 0 1
691.8 0.05 0 0 0 0 1
691.842 0.04 0.002 0 0.002 0.002 1
691.896 0.054 0.002 0 0 0 1
691.948 0.052 0.002 0 0.002 0.002 1
691.998 0.052 0 0 0 0 1
692.048 0.048 0.002 0 0.002 0.002 1
692.098 0.052 0 0 0 0 1
692.15 0.052 0 0 0 0 1
692.202 0.05 0.002 0 0 0 1
