17.284 17.176 0.108 0.002 0.106 0.008 1
17.386 0.108 0.102 0.002 0.1 0.006 1
17.494 0.102 0.108 0.004 0.104 0.01 1
17.606 0.108 0.112 0.002 0.11 0.01 1
17.706 0.112 0.1 0 0.1 0.01 1
17.822 0.12 0.096 0.002 0.094 0.01 1
17.922 0.096 0.1 0.002 0.098 0.008 1
18.022 0.1 0.1 0.002 0.098 0.01 1
18.126 0.1 0.104 0 0.104 0 1
18.222 0.104 0.096 0.002 0.094 0.008 1
18.316 0.096 0.094 0 0.094 0.01 1
18.44 0.118 0.1 0.002 0.098 0 1
18.546 0.1 0.106 0.004 0.102 0.01 1
18.65 0.106 0.104 0.002 0.102 0.01 1
18.774 0.124 0.104 0.002 0.102 0.01 1
18.882 0.106 0.106 0 0.106 0.008 1
18.992 0.106 0.11 0.002 0.108 0.01 1
19.092 0.11 0.1 0.002 0.098 0.008 1
19.188 0.1 0.096 0.002 0.094 0.008 1
19.29 0.096 0.102 0.002 0.1 0.008 1
19.38 0.102 0.09 0.002 0.086 0.008 1
19.506 0.116 0.1 0.002 0.098 0.01 1
19.608 0.1 0.102 0.002 0.098 0.012 1
19.756 0.136 0.114 0.002 0.112 0.014 1
19.884 0.114 0.128 0.002 0.124 0.036 1
20.038 0.152 0.13 0.002 0.128 0.042 1
20.192 0.13 0.154 0.002 0.152 0.066 1
20.376 0.184 0.154 0.002 0.152 0.074 1
20.524 0.154 0.148 0.002 0.146 0.062 1
20.674 0.148 0.15 0 0.15 0.072 1
20.828 0.15 0.154 0.002 0.152 0.064 1
20.984 0.154 0.156 0.002 0.152 0.07 1
21.23 0.186 0.216 0.002 0.214 0.144 1
21.442 0.216 0.212 0.002 0.21 0.14 1
21.65 0.212 0.208 0 0.208 0.134 1
21.854 0.208 0.204 0 0.204 0.128 1
22.066 0.204 0.212 0.002 0.21 0.13 1
22.284 0.212 0.218 0.002 0.216 0.14 1
22.558 0.262 0.23 0.004 0.226 0.156 2
22.808 0.23 0.25 0.002 0.248 0.172 2
23.036 0.286 0.192 0.004 0.188 0.106 2
23.21 0.192 0.174 0.004 0.17 0.104 2
23.386 0.174 0.176 0.004 0.17 0.094 2
23.566 0.176 0.18 0.002 0.178 0.108 2
23.74 0.18 0.174 0.004 0.17 0.1 2
23.99 0.216 0.208 0.008 0.198 0.12 2
24.184 0.208 0.194 0.006 0.188 0.116 2
24.362 0.194 0.178 0.002 0.176 0.098 2
24.544 0.178 0.182 0.002 0.18 0.104 2
24.724 0.182 0.18 0.008 0.172 0.104 2
24.952 0.214 0.194 0.006 0.186 0.114 2
25.144 0.194 0.192 0.006 0.186 0.116 2
25.384 0.232 0.2 0.004 0.196 0.112 2
25.59 0.2 0.206 0.006 0.2 0.118 2
25.8 0.206 0.21 0.008 0.202 0.124 2
26.024 0.244 0.19 0.008 0.182 0.112 2
26.204 0.19 0.18 0.008 0.172 0.098 2
26.432 0.218 0.19 0.008 0.182 0.11 2
26.614 0.19 0.182 0.008 0.174 0.106 2
26.854 0.228 0.194 0.01 0.184 0.11 2
27.054 0.194 0.2 0.006 0.194 0.12 2
27.28 0.2 0.226 0.006 0.218 0.142 2
27.508 0.26 0.194 0.006 0.188 0.116 2
27.728 0.194 0.22 0.008 0.212 0.136 2
27.942 0.22 0.214 0.008 0.206 0.14 2
28.162 0.214 0.22 0.006 0.214 0.138 2
28.444 0.264 0.238 0.008 0.23 0.158 2
28.668 0.238 0.224 0.006 0.218 0.152 2
28.906 0.226 0.236 0.004 0.232 0.162 2
29.19 0.274 0.246 0.004 0.24 0.174 2
29.44 0.246 0.25 0.006 0.244 0.17 2
29.726 0.294 0.242 0.008 0.232 0.172 2
29.966 0.242 0.24 0.004 0.236 0.16 2
30.23 0.24 0.264 0.006 0.258 0.184 2
30.54 0.314 0.26 0.01 0.25 0.184 2
30.784 0.26 0.244 0.008 0.236 0.166 2
31.122 0.298 0.284 0.008 0.276 0.2 2
31.388 0.284 0.266 0.008 0.256 0.186 2
31.708 0.316 0.27 0.004 0.266 0.2 2
31.976 0.27 0.268 0.006 0.262 0.192 2
32.278 0.31 0.26 0 0.26 0.186 2
32.508 0.26 0.23 0.006 0.224 0.172 2
32.808 0.27 0.26 0.004 0.256 0.18 2
33.09 0.26 0.282 0.006 0.274 0.202 2
33.348 0.282 0.258 0.006 0.25 0.186 2
33.6 0.258 0.252 0.004 0.246 0.18 2
33.846 0.252 0.246 0.004 0.242 0.186 2
34.152 0.29 0.262 0.004 0.258 0.19 2
34.412 0.262 0.26 0.004 0.256 0.19 2
34.722 0.304 0.266 0.004 0.262 0.194 2
34.98 0.266 0.258 0.004 0.254 0.186 2
35.3 0.312 0.266 0.006 0.26 0.196 2
35.618 0.314 0.27 0.004 0.266 0.194 2
35.87 0.27 0.252 0.004 0.246 0.18 2
36.118 0.252 0.248 0 0.248 0.184 2
36.368 0.248 0.25 0.004 0.246 0.184 2
36.658 0.3 0.24 0.008 0.232 0.168 2
36.896 0.24 0.238 0.008 0.23 0.166 2
37.14 0.238 0.244 0.008 0.234 0.178 2
37.398 0.244 0.258 0.008 0.25 0.188 2
37.69 0.294 0.256 0.008 0.248 0.186 2
37.936 0.304 0.198 0.006 0.192 0.142 2
38.15 0.198 0.214 0.006 0.208 0.154 2
38.366 0.214 0.216 0.006 0.21 0.152 2
38.588 0.216 0.222 0.008 0.214 0.158 2
38.796 0.222 0.208 0.006 0.202 0.148 2
39.036 0.252 0.196 0.008 0.188 0.146 2
39.264 0.198 0.226 0.002 0.224 0.172 2
39.552 0.288 0.226 0.004 0.222 0.168 2
39.768 0.226 0.216 0.006 0.208 0.16 2
40.198 0.268 0.378 0.002 0.376 0.308 2
40.632 0.43 0.382 0.004 0.378 0.304 2
41.102 0.434 0.418 0.006 0.412 0.34 2
41.536 0.418 0.434 0.006 0.426 0.34 2
41.976 0.434 0.44 0.006 0.434 0.35 2
42.426 0.492 0.398 0.004 0.394 0.314 2
42.842 0.398 0.416 0.004 0.41 0.33 2
43.244 0.416 0.402 0.006 0.396 0.322 2
43.768 0.468 0.458 0.006 0.45 0.362 2
44.218 0.458 0.45 0.004 0.446 0.356 2
44.744 0.502 0.474 0.004 0.47 0.38 2
45.204 0.474 0.46 0.002 0.458 0.37 2
45.756 0.508 0.504 0.008 0.496 0.4 2
46.218 0.504 0.462 0 0.46 0.378 1
46.74 0.514 0.47 0.004 0.464 0.378 1
47.23 0.47 0.49 0.002 0.488 0.378 1
47.772 0.564 0.468 0.002 0.466 0.364 1
48.212 0.468 0.44 0 0.44 0.342 1
48.748 0.516 0.46 0.004 0.456 0.344 1
49.184 0.46 0.436 0.002 0.434 0.328 1
49.668 0.5 0.42 0.002 0.418 0.324 1
50.122 0.42 0.454 0.002 0.45 0.338 1
50.654 0.526 0.46 0.004 0.456 0.35 1
51.094 0.46 0.44 0 0.44 0.33 1
51.532 0.44 0.438 0.002 0.436 0.322 1
52.056 0.524 0.438 0.002 0.436 0.342 1
52.484 0.438 0.428 0.004 0.424 0.324 1
53.006 0.5 0.45 0.004 0.444 0.338 1
53.422 0.45 0.416 0.002 0.414 0.314 1
53.832 0.416 0.41 0.002 0.408 0.316 1
54.39 0.494 0.474 0.004 0.47 0.374 1
54.848 0.474 0.458 0.004 0.454 0.35 1
55.368 0.53 0.448 0.002 0.446 0.34 1
55.872 0.5 0.452 0 0.452 0.344 1
56.354 0.452 0.482 0.004 0.478 0.372 1
56.932 0.568 0.492 0.004 0.488 0.382 1
57.368 0.492 0.436 0 0.436 0.332 1
57.82 0.438 0.45 0.002 0.448 0.33 1
58.272 0.45 0.452 0.002 0.45 0.342 1
58.674 0.534 0.32 0.002 0.316 0.238 1
58.98 0.32 0.306 0.002 0.304 0.224 1
59.526 0.378 0.474 0.004 0.47 0.364 1
59.972 0.474 0.446 0.004 0.442 0.334 1
60.5 0.52 0.454 0.004 0.45 0.362 1
60.976 0.454 0.476 0.002 0.474 0.368 1
61.52 0.54 0.48 0.002 0.478 0.382 1
62.05 0.546 0.464 0.004 0.46 0.364 1
62.514 0.468 0.46 0 0.458 0.36 1
62.992 0.46 0.478 0 0.478 0.374 1
63.498 0.542 0.442 0.002 0.44 0.342 1
63.952 0.442 0.454 0.004 0.45 0.354 1
64.468 0.532 0.438 0.004 0.434 0.358 1
64.772 0.438 0.304 0.004 0.3 0.234 1
65.182 0.384 0.33 0.002 0.328 0.244 1
65.662 0.332 0.478 0.002 0.476 0.38 1
66.212 0.552 0.476 0.004 0.472 0.374 1
66.68 0.476 0.468 0.004 0.464 0.364 1
67.22 0.538 0.47 0.004 0.466 0.368 1
67.682 0.47 0.462 0.006 0.456 0.362 1
68.26 0.548 0.492 0.004 0.488 0.392 1
68.764 0.492 0.504 0 0.504 0.394 1
69.33 0.588 0.482 0.004 0.474 0.374 1
69.814 0.482 0.484 0.004 0.48 0.386 1
70.284 0.484 0.47 0 0.47 0.374 1
70.842 0.544 0.484 0.002 0.482 0.38 1
71.3 0.484 0.458 0.002 0.456 0.358 1
71.77 0.458 0.47 0.002 0.466 0.362 1
72.236 0.47 0.466 0.002 0.464 0.366 1
72.61 0.544 0.296 0.002 0.294 0.21 1
72.906 0.296 0.296 0.004 0.292 0.22 1
73.206 0.296 0.3 0.004 0.296 0.218 1
73.608 0.4 0.302 0.002 0.3 0.22 1
73.904 0.302 0.296 0.002 0.294 0.226 1
74.288 0.38 0.3 0 0.3 0.226 1
74.584 0.3 0.296 0.002 0.292 0.228 1
74.962 0.38 0.294 0.002 0.292 0.214 1
75.23 0.296 0.266 0 0.266 0.202 1
75.542 0.346 0.232 0.002 0.23 0.178 1
75.798 0.232 0.256 0.002 0.254 0.19 1
76.074 0.256 0.276 0.002 0.274 0.21 1
76.328 0.276 0.254 0 0.254 0.2 1
76.594 0.254 0.266 0.002 0.264 0.194 1
76.86 0.266 0.266 0 0.266 0.202 1
77.194 0.348 0.252 0 0.252 0.194 1
77.452 0.252 0.258 0.002 0.256 0.196 1
77.73 0.258 0.278 0.004 0.274 0.21 1
78.008 0.278 0.278 0.002 0.276 0.216 1
78.292 0.278 0.284 0.002 0.282 0.218 1
78.66 0.378 0.274 0.002 0.272 0.208 1
78.912 0.274 0.252 0.002 0.25 0.19 1
79.164 0.252 0.252 0.002 0.248 0.188 1
79.484 0.338 0.234 0.002 0.232 0.18 1
79.638 0.234 0.154 0.002 0.152 0.108 1
79.882 0.232 0.166 0.002 0.164 0.12 1
79.884 0.166 0.002 0.002 0 0 1
79.89 0.004 0.004 0.002 0.002 0 1
79.94 0.052 0.002 0 0 0 1
79.99 0.05 0.002 0.002 0 0 1
80.038 0.046 0.004 0 0.004 0 1
80.088 0.052 0.002 0.002 0 0 1
80.206 0.118 0.002 0.002 0 0 1
80.226 0.02 0.002 0.002 0 0 1
80.274 0.05 0 0 0 0 1
80.326 0.05 0.002 0.002 0 0 1
80.374 0.048 0.002 0 0.002 0 1
80.42 0.046 0.002 0.002 0 0 1
80.464 0.046 0 0 0 0 1
80.514 0.048 0.002 0.002 0 0 1
80.564 0.052 0 0 0 0 1
80.614 0.048 0.002 0.002 0 0 1
80.66 0.046 0.002 0 0.002 0 1
80.706 0.044 0.004 0.002 0.002 0 1
80.754 0.052 0 0 0 0 1
80.804 0.048 0.002 0.002 0 0 1
80.852 0.05 0 0 0 0 1
80.906 0.052 0.002 0.002 0 0 1
80.958 0.052 0.002 0 0.002 0 1
81.008 0.05 0.002 0.002 0 0 1
81.056 0.05 0 0 0 0 1
81.104 0.046 0.002 0 0.002 0 1
81.154 0.05 0.002 0 0.002 0 1
81.202 0.05 0 0 0 0 1
81.254 0.05 0.002 0 0.002 0 1
81.304 0.05 0.002 0.002 0 0 1
81.356 0.052 0.002 0 0.002 0 1
81.404 0.048 0.002 0 0.002 0 1
81.446 0.044 0 0 0 0 1
81.49 0.042 0.002 0.002 0 0 1
81.54 0.05 0.002 0.002 0 0 1
81.592 0.052 0.002 0 0.002 0 1
81.642 0.05 0.002 0 0.002 0 1
81.76 0.116 0.004 0.002 0.002 0 1
81.778 0.018 0.004 0.002 0.002 0 1
81.828 0.052 0.002 0.002 0 0 1
81.88 0.052 0.002 0 0.002 0 1
81.93 0.05 0.002 0.002 0 0 1
81.978 0.048 0.002 0.002 0 0 1
82.03 0.052 0.002 0 0 0 1
82.08 0.05 0.002 0.002 0 0 1
82.13 0.05 0.002 0.002 0 0 1
82.18 0.05 0.002 0 0.002 0 1
82.232 0.052 0.002 0 0 0 1
82.282 0.048 0.004 0.002 0.002 0 1
82.332 0.052 0.002 0 0.002 0 1
82.38 0.048 0.002 0.002 0 0 1
82.43 0.05 0.002 0.002 0 0 1
82.478 0.05 0 0 0 0 1
82.576 0.096 0.002 0.002 0 0 1
82.578 0.002 0.002 0.002 0 0 1
82.628 0.046 0.006 0.006 0 0 1
82.676 0.05 0.004 0.002 0.002 0 1
82.724 0.05 0.002 0.002 0 0 1
82.776 0.052 0.002 0 0.002 0 1
82.826 0.05 0.002 0 0.002 0 1
82.876 0.05 0.002 0 0.002 0 1
82.926 0.048 0.004 0.002 0.002 0.002 1
82.976 0.052 0.002 0 0.002 0 1
83.024 0.05 0 0 0 0 1
83.076 0.05 0.002 0 0.002 0 1
83.124 0.048 0.002 0.002 0 0 1
83.174 0.05 0.002 0.002 0 0 1
83.302 0.126 0.004 0.004 0 0 1
83.314 0.014 0.002 0 0.002 0 1
83.364 0.052 0 0 0 0 1
83.416 0.05 0.002 0.002 0 0 1
83.466 0.05 0.002 0 0.002 0 1
83.516 0.05 0.002 0.002 0 0 1
83.568 0.054 0 0 0 0 1
83.618 0.048 0.002 0.002 0 0 1
83.666 0.048 0.002 0.002 0 0 1
83.714 0.05 0 0 0 0 1
83.764 0.048 0.002 0 0.002 0 1
83.814 0.05 0.002 0 0.002 0 1
83.94 0.126 0.002 0 0.002 0 1
83.962 0.022 0.002 0 0.002 0 1
84.012 0.05 0.002 0 0.002 0 1
84.062 0.05 0.002 0.002 0 0 1
84.112 0.05 0.002 0.002 0 0 1
84.162 0.052 0 0 0 0 1
84.212 0.05 0 0 0 0 1
84.264 0.05 0.002 0 0.002 0 1
84.31 0.044 0.004 0.004 0 0 1
84.362 0.054 0.002 0.002 0 0 1
84.41 0.05 0 0 0 0 1
84.464 0.052 0.002 0 0.002 0 1
84.508 0.044 0.002 0.002 0 0 1
84.558 0.05 0.002 0.002 0 0 1
84.61 0.052 0.002 0 0.002 0 1
84.748 0.138 0.002 0.002 0 0 1
84.75 0.002 0.002 0.002 0 0 1
84.802 0.052 0.002 0 0.002 0 1
84.852 0.05 0.002 0 0 0 1
84.892 0.04 0.002 0 0.002 0 1
84.946 0.052 0.004 0.002 0.002 0 1
84.996 0.054 0 0 0 0 1
85.048 0.052 0 0 0 0 1
85.1 0.05 0.002 0 0.002 0 1
85.152 0.052 0.002 0 0.002 0 1
85.192 0.042 0 0 0 0 1
85.246 0.052 0.002 0 0.002 0 1
85.296 0.05 0.002 0 0.002 0 1
85.4 0.104 0.002 0.002 0 0 1
85.426 0.028 0 0 0 0 1
85.476 0.05 0 0 0 0 1
85.532 0.054 0.002 0 0.002 0 1
85.58 0.048 0.002 0 0.002 0 1
85.632 0.052 0.002 0.002 0 0 1
85.68 0.05 0 0 0 0 1
85.73 0.05 0 0 0 0 1
85.778 0.048 0 0 0 0 1
85.83 0.05 0.002 0.002 0 0 1
85.878 0.05 0 0 0 0 1
85.928 0.048 0.002 0 0.002 0 1
85.978 0.05 0.002 0.002 0 0 1
86.028 0.05 0.002 0.002 0 0 1
86.08 0.052 0.002 0 0.002 0 1
86.128 0.048 0.002 0 0.002 0 1
86.172 0.044 0.002 0 0 0 1
86.222 0.05 0.002 0 0.002 0 1
86.272 0.05 0.002 0 0.002 0 1
86.32 0.05 0 0 0 0 1
86.368 0.048 0 0 0 0 1
86.422 0.052 0.002 0 0.002 0 1
86.47 0.048 0.002 0 0.002 0 1
86.52 0.05 0.002 0 0.002 0 1
86.572 0.05 0.004 0.004 0 0 1
86.62 0.05 0.002 0.002 0 0 1
86.668 0.05 0 0 0 0 1
86.72 0.05 0.002 0.002 0 0 1
86.768 0.05 0 0 0 0 1
86.82 0.05 0.002 0.002 0 0 1
86.934 0.116 0 0 0 0 1
86.95 0.014 0.002 0.002 0 0 1
87.004 0.05 0.006 0.002 0 0 1
87.05 0.05 0.002 0.002 0 0 1
87.102 0.052 0.002 0 0.002 0 1
87.148 0.046 0.002 0 0.002 0 1
87.196 0.05 0 0 0 0 1
87.246 0.048 0.002 0.002 0 0 1
87.298 0.052 0.002 0 0.002 0 1
87.348 0.05 0.002 0.002 0 0 1
87.398 0.052 0 0 0 0 1
87.448 0.05 0 0 0 0 1
87.58 0.13 0.002 0 0.002 0 1
87.59 0.012 0 0 0 0 1
87.64 0.05 0 0 0 0 1
87.692 0.052 0 0 0 0 1
87.744 0.05 0.002 0 0.002 0 1
87.792 0.05 0 0 0 0 1
87.844 0.048 0.004 0 0.004 0 1
87.89 0.048 0.002 0.002 0 0 1
87.942 0.052 0.002 0.002 0 0 1
87.99 0.048 0.002 0 0.002 0 1
88.04 0.052 0 0 0 0 1
88.092 0.05 0.002 0.002 0 0 1
88.242 0.15 0.002 0 0.002 0 1
88.288 0.046 0.002 0 0.002 0 1
88.33 0.042 0.002 0 0.002 0 1
88.38 0.05 0.002 0.002 0 0 1
88.43 0.052 0 0 0 0 1
88.48 0.05 0 0 0 0 1
88.53 0.05 0 0 0 0 1
88.58 0.05 0 0 0 0 1
88.634 0.052 0.002 0 0.002 0.002 1
88.682 0.048 0.002 0.002 0 0 1
88.73 0.05 0 0 0 0 1
88.782 0.05 0.002 0.002 0 0 1
88.832 0.05 0.002 0.002 0 0 1
88.988 0.156 0.002 0.002 0 0 1
89.026 0.04 0 0 0 0 1
89.074 0.048 0 0 0 0 1
89.126 0.05 0.002 0.002 0 0 1
89.178 0.052 0.002 0 0.002 0 1
89.226 0.05 0 0 0 0 1
89.276 0.05 0 0 0 0 1
89.328 0.052 0 0 0 0 1
89.378 0.05 0 0 0 0 1
89.43 0.05 0.002 0 0.002 0 1
89.48 0.05 0.002 0 0.002 0 1
89.528 0.05 0 0 0 0 1
89.578 0.05 0 0 0 0 1
89.63 0.05 0.002 0 0.002 0 1
89.722 0.094 0 0 0 0 1
89.722 0 0 0 0 0 1
89.768 0.046 0 0 0 0 1
89.818 0.048 0.002 0.002 0 0 1
89.866 0.05 0 0 0 0 1
89.916 0.05 0 0 0 0 1
89.968 0.05 0.002 0.002 0 0 1
90.016 0.05 0 0 0 0 1
90.068 0.05 0.002 0 0.002 0 1
90.118 0.05 0.002 0 0.002 0 1
90.166 0.05 0 0 0 0 1
90.218 0.05 0.002 0.002 0 0 1
90.266 0.05 0 0 0 0 1
90.318 0.05 0.002 0 0.002 0 1
90.366 0.05 0 0 0 0 1
90.404 0.038 0 0 0 0 1
90.452 0.046 0.002 0 0.002 0 1
90.502 0.05 0.002 0.002 0 0 1
90.546 0.044 0.002 0.002 0 0 1
90.596 0.052 0 0 0 0 1
90.644 0.046 0.002 0 0.002 0 1
90.692 0.05 0 0 0 0 1
90.736 0.044 0 0 0 0 1
90.78 0.044 0 0 0 0 1
90.832 0.05 0.002 0.002 0 0 1
90.88 0.05 0 0 0 0 1
90.926 0.046 0 0 0 0 1
90.976 0.05 0 0 0 0 1
91.028 0.052 0 0 0 0 1
91.148 0.12 0 0 0 0 1
91.154 0.006 0 0 0 0 1
91.204 0.048 0.002 0.002 0 0 1
91.258 0.054 0.002 0 0.002 0 1
91.31 0.052 0.002 0.002 0 0 1
91.362 0.052 0.002 0.002 0 0 1
91.408 0.048 0 0 0 0 1
91.466 0.056 0.002 0.002 0 0 1
91.516 0.05 0.002 0.002 0 0 1
91.568 0.052 0.002 0 0.002 0 1
91.614 0.046 0.002 0 0 0 1
91.666 0.052 0.002 0 0.002 0 1
91.712 0.048 0 0 0 0 1
91.76 0.048 0 0 0 0 1
91.81 0.05 0 0 0 0 1
91.852 0.042 0 0 0 0 1
91.976 0.122 0.002 0 0.002 0 1
91.986 0.01 0.002 0 0.002 0 1
92.03 0.042 0.004 0.002 0 0 1
92.078 0.052 0 0 0 0 1
92.132 0.052 0.002 0.002 0 0 1
92.184 0.052 0.002 0 0.002 0 1
92.232 0.05 0 0 0 0 1
92.282 0.05 0 0 0 0 1
92.334 0.05 0.002 0.002 0 0 1
92.382 0.05 0 0 0 0 1
92.434 0.05 0.002 0 0.002 0 1
92.48 0.048 0 0 0 0 1
92.53 0.05 0 0 0 0 1
92.582 0.05 0.002 0 0.002 0 1
92.63 0.05 0 0 0 0 1
92.68 0.048 0.002 0.002 0 0 1
92.732 0.052 0.002 0 0 0 1
92.782 0.05 0.002 0 0.002 0 1
92.83 0.05 0 0 0 0 1
92.88 0.05 0 0 0 0 1
92.928 0.048 0 0 0 0 1
92.976 0.048 0 0 0 0 1
93.028 0.05 0.002 0 0.002 0 1
93.076 0.05 0 0 0 0 1
93.128 0.05 0.002 0.002 0 0 1
93.18 0.05 0.004 0 0 0 1
93.226 0.048 0.002 0 0.002 0 1
93.274 0.05 0 0 0 0 1
93.32 0.046 0 0 0 0 1
93.458 0.136 0.002 0 0.002 0 1
93.462 0.002 0.004 0.002 0 0 1
93.512 0.054 0 0 0 0 1
93.562 0.048 0.002 0 0 0 1
93.612 0.052 0 0 0 0 1
93.662 0.05 0 0 0 0 1
93.716 0.052 0.002 0 0.002 0 1
93.766 0.05 0.002 0.002 0 0 1
93.816 0.05 0.002 0 0.002 0 1
93.866 0.05 0.002 0.002 0 0 1
93.918 0.052 0.002 0 0.002 0 1
93.968 0.05 0.002 0 0.002 0 1
94.016 0.05 0 0 0 0 1
94.068 0.05 0.002 0 0.002 0 1
94.116 0.05 0 0 0 0 1
94.168 0.05 0.002 0 0.002 0 1
94.262 0.094 0.002 0 0.002 0 1
94.308 0.048 0 0 0 0 1
94.356 0.048 0 0 0 0 1
94.404 0.048 0 0 0 0 1
94.452 0.048 0 0 0 0 1
94.5 0.048 0 0 0 0 1
94.552 0.048 0.004 0.004 0 0 1
94.602 0.054 0 0 0 0 1
94.654 0.05 0.002 0 0 0 1
94.706 0.052 0.002 0 0.002 0 1
94.756 0.05 0.002 0 0.002 0 1
94.806 0.05 0.002 0.002 0 0 1
94.854 0.048 0.002 0.002 0 0 1
94.904 0.05 0.002 0.002 0 0 1
94.954 0.052 0 0 0 0 1
95.002 0.048 0 0 0 0 1
95.096 0.092 0.002 0 0.002 0 1
95.138 0.042 0.002 0.002 0 0 1
95.19 0.052 0.002 0.002 0 0 1
95.242 0.052 0.002 0 0.002 0 1
95.292 0.05 0.002 0.002 0 0 1
95.344 0.052 0.002 0 0.002 0 1
95.394 0.05 0.002 0 0.002 0 1
95.442 0.05 0 0 0 0 1
95.496 0.052 0.002 0 0.002 0 1
95.54 0.046 0 0 0 0 1
95.592 0.05 0.002 0.002 0 0 1
95.644 0.052 0.002 0 0.002 0 1
95.694 0.05 0.002 0.002 0 0 1
95.744 0.05 0.002 0.002 0 0 1
95.792 0.05 0 0 0 0 1
95.844 0.05 0.002 0.002 0 0 1
95.892 0.05 0 0 0 0 1
95.942 0.05 0 0 0 0 1
95.988 0.046 0 0 0 0 1
96.04 0.05 0.002 0.002 0 0 1
96.092 0.052 0.002 0 0.002 0 1
96.142 0.05 0.002 0 0.002 0 1
96.19 0.05 0 0 0 0 1
96.236 0.046 0 0 0 0 1
96.29 0.052 0.002 0 0.002 0 1
96.338 0.05 0 0 0 0 1
96.386 0.046 0.002 0.002 0 0 1
96.436 0.052 0 0 0 0 1
96.486 0.05 0 0 0 0 1
96.538 0.05 0.002 0 0.002 0 1
96.662 0.124 0.002 0 0.002 0 1
96.676 0.016 0 0 0 0 1
96.728 0.05 0.002 0 0.002 0 1
96.776 0.05 0 0 0 0 1
96.828 0.05 0.002 0 0.002 0 1
96.878 0.052 0 0 0 0 1
96.926 0.048 0 0 0 0 1
96.974 0.048 0 0 0 0 1
97.018 0.042 0.002 0.002 0 0 1
97.07 0.052 0.002 0 0 0 1
97.12 0.05 0.002 0 0.002 0 1
97.17 0.05 0.002 0 0.002 0 1
97.216 0.048 0 0 0 0 1
97.264 0.048 0 0 0 0 1
97.316 0.05 0.002 0.002 0 0 1
97.368 0.052 0.002 0 0.002 0 1
97.418 0.05 0.002 0 0.002 0 1
97.466 0.05 0 0 0 0 1
97.518 0.048 0.004 0.002 0.002 0 1
97.564 0.05 0 0 0 0 1
97.616 0.05 0.002 0.002 0 0 1
97.666 0.05 0.002 0.002 0 0 1
97.714 0.05 0 0 0 0 1
97.766 0.05 0.002 0.002 0 0 1
97.816 0.05 0.002 0.002 0 0 1
97.864 0.05 0 0 0 0 1
97.916 0.05 0.002 0.002 0 0 1
97.966 0.052 0 0 0 0 1
98.016 0.048 0.002 0.002 0 0 1
98.064 0.05 0 0 0 0 1
98.11 0.044 0.002 0.002 0 0 1
98.21 0.1 0.002 0.002 0 0 1
98.254 0.046 0 0 0 0 1
98.308 0.052 0.002 0 0.002 0 1
98.356 0.05 0 0 0 0 1
98.402 0.044 0.002 0 0.002 0 1
98.45 0.048 0.002 0.002 0 0 1
98.5 0.05 0.002 0 0.002 0 1
98.55 0.05 0.002 0 0.002 0 1
98.598 0.05 0 0 0 0 1
98.65 0.05 0.002 0 0.002 0 1
98.7 0.048 0.004 0 0.004 0 1
98.748 0.052 0 0 0 0 1
98.798 0.048 0.002 0 0.002 0 1
98.848 0.05 0.002 0 0.002 0 1
98.946 0.098 0.002 0.002 0 0 1
98.98 0.036 0 0 0 0 1
99.034 0.05 0.004 0.002 0.002 0 1
99.082 0.052 0 0 0 0 1
99.128 0.044 0.002 0 0 0 1
99.176 0.05 0 0 0 0 1
99.228 0.052 0 0 0 0 1
99.278 0.048 0.002 0.002 0 0 1
99.33 0.052 0.002 0 0.002 0 1
99.37 0.042 0 0 0 0 1
99.422 0.05 0.002 0 0 0 1
99.47 0.05 0 0 0 0 1
99.52 0.05 0 0 0 0 1
99.564 0.042 0.002 0 0.002 0 1
99.614 0.05 0.002 0.002 0 0 1
99.664 0.052 0 0 0 0 1
99.714 0.048 0.002 0.002 0 0 1
99.762 0.05 0 0 0 0 1
99.812 0.048 0.002 0.002 0 0 1
99.862 0.05 0.002 0.002 0 0 1
99.91 0.05 0 0 0 0 1
99.964 0.052 0.002 0 0.002 0 1
100.014 0.05 0.002 0.002 0 0 1
100.064 0.05 0.002 0.002 0 0 1
100.114 0.05 0.002 0.002 0 0 1
100.164 0.052 0 0 0 0 1
100.214 0.048 0.002 0.002 0 0 1
100.264 0.05 0.002 0.002 0 0 1
100.314 0.05 0.002 0.002 0 0 1
100.42 0.106 0.002 0.002 0 0 1
100.458 0.038 0.002 0 0.002 0 1
100.508 0.05 0.002 0.002 0 0 1
100.556 0.05 0 0 0 0 1
100.61 0.052 0.002 0 0.002 0 1
100.66 0.05 0.002 0.002 0 0 1
100.712 0.052 0.002 0 0.002 0 1
100.762 0.05 0.002 0.002 0 0 1
100.81 0.05 0 0 0 0 1
100.864 0.05 0.004 0.002 0.002 0 1
100.914 0.052 0.002 0 0 0 1
100.956 0.044 0 0 0 0 1
101 0.044 0 0 0 0 1
101.054 0.052 0.002 0.002 0 0 1
101.106 0.052 0.002 0 0.002 0 1
101.21 0.104 0.002 0 0.002 0 1
101.244 0.034 0.002 0 0 0 1
101.298 0.054 0.002 0 0.002 0 1
101.348 0.05 0.002 0.002 0 0 1
101.398 0.052 0 0 0 0 1
101.452 0.052 0.002 0 0.002 0 1
101.504 0.052 0.002 0 0.002 0 1
101.554 0.05 0.002 0.002 0 0 1
101.606 0.052 0.002 0 0.002 0 1
101.656 0.05 0.002 0 0 0 1
101.704 0.05 0 0 0 0 1
101.754 0.05 0 0 0 0 1
101.806 0.05 0.002 0.002 0 0 1
101.854 0.05 0 0 0 0 1
101.902 0.046 0.002 0.002 0 0 1
102.018 0.118 0 0 0 0 1
102.042 0.022 0.002 0 0.002 0 1
102.09 0.048 0.002 0 0.002 0 1
102.14 0.05 0.002 0.002 0 0 1
102.192 0.052 0.002 0.002 0 0 1
102.238 0.046 0.002 0 0.002 0 1
102.284 0.048 0 0 0 0 1
102.33 0.046 0 0 0 0 1
102.384 0.052 0.002 0 0.002 0 1
102.434 0.05 0.002 0.002 0 0 1
102.484 0.05 0.002 0.002 0 0 1
102.534 0.05 0.002 0.002 0 0 1
102.576 0.044 0 0 0 0 1
102.73 0.152 0.002 0 0.002 0 1
102.776 0.046 0.002 0.002 0 0 1
102.826 0.05 0.002 0.002 0 0 1
102.876 0.052 0 0 0 0 1
102.926 0.05 0 0 0 0 1
102.978 0.05 0.002 0 0 0 1
103.028 0.05 0.002 0 0.002 0 1
103.076 0.05 0 0 0 0 1
103.126 0.05 0 0 0 0 1
103.178 0.05 0.002 0 0.002 0 1
103.226 0.05 0 0 0 0 1
103.274 0.048 0 0 0 0 1
103.324 0.05 0 0 0 0 1
103.376 0.05 0.002 0.002 0 0 1
103.428 0.052 0.002 0 0.002 0 1
103.476 0.048 0.002 0.002 0 0 1
103.604 0.13 0 0 0 0 1
103.62 0.014 0.002 0 0.002 0 1
103.672 0.052 0.002 0 0.002 0 1
103.722 0.05 0.002 0.002 0 0 1
103.774 0.052 0.002 0.002 0 0 1
103.824 0.05 0.002 0.002 0 0 1
103.874 0.05 0.002 0.002 0 0 1
103.924 0.05 0.002 0 0.002 0 1
103.974 0.05 0.002 0.002 0 0 1
104.022 0.05 0 0 0 0 1
104.074 0.05 0.002 0.002 0 0 1
104.13 0.05 0.008 0.008 0 0 1
104.23 0.106 0.002 0.002 0 0 1
104.268 0.038 0.002 0.002 0 0 1
104.32 0.052 0.002 0.002 0 0 1
104.368 0.05 0 0 0 0 1
104.422 0.052 0.002 0 0 0 1
104.472 0.05 0.002 0.002 0 0 1
104.522 0.05 0.002 0 0.002 0 1
104.568 0.048 0 0 0 0 1
104.622 0.052 0.002 0 0.002 0 1
104.67 0.05 0 0 0 0 1
104.718 0.048 0 0 0 0 1
104.766 0.046 0.002 0.002 0 0 1
104.816 0.052 0 0 0 0 1
104.87 0.052 0.002 0 0 0 1
104.914 0.044 0.002 0 0.002 0.002 1
105.014 0.1 0.002 0.002 0 0 1
105.05 0.036 0.002 0 0.002 0 1
105.102 0.052 0.002 0 0.002 0 1
105.152 0.052 0 0 0 0 1
105.206 0.052 0.002 0 0.002 0 1
105.256 0.05 0.002 0.002 0 0 1
105.302 0.046 0.002 0 0.002 0 1
105.354 0.052 0.002 0 0.002 0 1
105.402 0.05 0 0 0 0 1
105.452 0.05 0 0 0 0 1
105.502 0.05 0 0 0 0 1
105.55 0.048 0 0 0 0 1
105.602 0.05 0.002 0.002 0 0 1
105.654 0.052 0.002 0 0.002 0 1
105.704 0.05 0.002 0 0.002 0 1
105.75 0.048 0 0 0 0 1
105.798 0.048 0 0 0 0 1
105.85 0.052 0 0 0 0 1
105.898 0.046 0.002 0 0.002 0 1
105.948 0.05 0.002 0.002 0 0 1
105.998 0.05 0.002 0.002 0 0 1
106.046 0.05 0 0 0 0 1
106.09 0.042 0.002 0.002 0 0 1
106.14 0.052 0 0 0 0 1
106.194 0.052 0.002 0 0.002 0 1
106.244 0.05 0.002 0 0.002 0 1
106.294 0.05 0.002 0.002 0 0 1
106.346 0.052 0.002 0 0.002 0 1
106.392 0.046 0.002 0 0.002 0 1
106.442 0.05 0.002 0.002 0 0 1
106.544 0.102 0.002 0 0 0 1
106.586 0.04 0.004 0.002 0.002 0 1
106.636 0.052 0.002 0.002 0 0 1
106.688 0.052 0.002 0 0.002 0 1
106.738 0.05 0.002 0.002 0 0 1
106.79 0.05 0.004 0.002 0.002 0 1
106.838 0.05 0.002 0.002 0 0 1
106.89 0.052 0.002 0 0.002 0 1
106.938 0.048 0.002 0.002 0 0 1
106.988 0.05 0.002 0.002 0 0 1
107.04 0.052 0.002 0 0.002 0 1
107.088 0.048 0.002 0 0.002 0 1
107.138 0.05 0.002 0.002 0 0 1
107.262 0.124 0.002 0.002 0 0 1
107.274 0.01 0.004 0.002 0.002 0 1
107.324 0.052 0.002 0.002 0 0 1
107.374 0.05 0.002 0.002 0 0 1
107.426 0.052 0.002 0 0.002 0 1
107.476 0.05 0.002 0.002 0 0 1
107.528 0.05 0.004 0 0.004 0 1
107.578 0.052 0.002 0 0.002 0 1
107.628 0.05 0.002 0.002 0 0 1
107.676 0.048 0.002 0.002 0 0 1
107.726 0.052 0 0 0 0 1
107.87 0.144 0 0 0 0 1
107.924 0.052 0.002 0 0.002 0 1
107.974 0.05 0.002 0.002 0 0 1
108.024 0.05 0.002 0.002 0 0 1
108.074 0.052 0 0 0 0 1
108.126 0.05 0.002 0 0.002 0 1
108.176 0.05 0.002 0.002 0 0 1
108.226 0.05 0.002 0.002 0 0 1
108.276 0.052 0 0 0 0 1
108.328 0.05 0.002 0.002 0 0 1
108.376 0.048 0.002 0 0.002 0 1
108.428 0.052 0.002 0 0.002 0 1
108.476 0.048 0.002 0 0.002 0 1
108.526 0.05 0.002 0 0.002 0 1
108.576 0.05 0.002 0 0.002 0 1
108.684 0.108 0.002 0 0.002 0 1
108.718 0.032 0.004 0.002 0.002 0 1
108.762 0.046 0.002 0.002 0 0 1
108.812 0.052 0 0 0 0 1
108.862 0.048 0.002 0 0.002 0 1
108.912 0.05 0.002 0 0 0 1
108.962 0.05 0.002 0 0.002 0 1
109.012 0.05 0.002 0.002 0 0 1
109.062 0.052 0 0 0 0 1
109.11 0.048 0 0 0 0 1
109.164 0.052 0.002 0 0.002 0 1
109.212 0.048 0.002 0 0.002 0 1
109.262 0.05 0.002 0 0.002 0 1
109.31 0.05 0 0 0 0 1
109.43 0.116 0.004 0 0.004 0 1
109.436 0.006 0.004 0 0.004 0 1
109.486 0.054 0 0 0 0 1
109.54 0.052 0.002 0.002 0 0 1
109.594 0.054 0.002 0.002 0 0 1
109.646 0.054 0 0 0 0 1
109.698 0.05 0.002 0.002 0 0 1
109.75 0.052 0.002 0.002 0 0 1
109.8 0.052 0 0 0 0 1
109.854 0.05 0.004 0 0 0 1
109.904 0.052 0.002 0.002 0 0 1
109.952 0.048 0.002 0.002 0 0 1
110.004 0.052 0.002 0 0.002 0 1
110.128 0.124 0.002 0.002 0 0 1
110.152 0.024 0.002 0 0.002 0 1
110.198 0.048 0 0 0 0 1
110.248 0.05 0 0 0 0 1
110.298 0.05 0 0 0 0 1
110.348 0.048 0.002 0 0.002 0 1
110.398 0.052 0 0 0 0 1
110.44 0.042 0 0 0 0 1
110.486 0.046 0 0 0 0 1
110.538 0.052 0 0 0 0 1
110.584 0.046 0 0 0 0 1
110.638 0.052 0.002 0.002 0 0 1
110.688 0.052 0 0 0 0 1
110.738 0.048 0.002 0.002 0 0 1
110.79 0.054 0 0 0 0 1
110.842 0.052 0 0 0 0 1
110.896 0.052 0.002 0.002 0 0 1
111.016 0.122 0 0 0 0 1
111.046 0.028 0.002 0 0 0 1
111.096 0.052 0 0 0 0 1
111.148 0.05 0.002 0.002 0 0 1
111.198 0.05 0.002 0.002 0 0 1
111.248 0.05 0.002 0.002 0 0 1
111.298 0.05 0.002 0 0 0 1
111.348 0.05 0.002 0 0.002 0 1
111.398 0.05 0.002 0.002 0 0 1
111.45 0.052 0.002 0 0.002 0 1
111.494 0.046 0 0 0 0 1
111.548 0.052 0.002 0 0.002 0 1
111.598 0.052 0 0 0 0 1
111.648 0.048 0.002 0.002 0 0 1
111.792 0.142 0.004 0.002 0.002 0 1
111.794 0.004 0.002 0 0.002 0 1
111.838 0.04 0.006 0.004 0.002 0 1
111.886 0.054 0 0 0 0 1
111.94 0.052 0.002 0.002 0 0 1
111.99 0.05 0.002 0.002 0 0 1
112.04 0.052 0 0 0 0 1
112.092 0.05 0.002 0.002 0 0 1
112.144 0.052 0.002 0 0.002 0 1
112.194 0.05 0.002 0 0.002 0 1
112.244 0.05 0.002 0.002 0 0 1
112.296 0.05 0.004 0.002 0.002 0 1
112.432 0.138 0.002 0 0.002 0 1
112.442 0.01 0.002 0 0.002 0 1
112.49 0.05 0 0 0 0 1
112.542 0.05 0.002 0 0.002 0 1
112.592 0.05 0.002 0.002 0 0 1
112.632 0.042 0 0 0 0 1
112.678 0.046 0 0 0 0 1
112.73 0.05 0.002 0.002 0 0 1
112.782 0.052 0.002 0 0.002 0 1
112.83 0.05 0 0 0 0 1
112.884 0.052 0.002 0 0.002 0 1
112.934 0.05 0.002 0.002 0 0 1
112.98 0.044 0.004 0.004 0 0 1
113.032 0.054 0.002 0 0.002 0 1
113.084 0.05 0.004 0.004 0 0 1
113.132 0.05 0.002 0.002 0 0 1
113.182 0.05 0.002 0 0.002 0 1
113.23 0.048 0.002 0.002 0 0 1
113.278 0.048 0.002 0.002 0 0 1
113.328 0.05 0.002 0 0.002 0 1
113.376 0.05 0 0 0 0 1
113.426 0.05 0 0 0 0 1
113.476 0.05 0 0 0 0 1
113.524 0.048 0 0 0 0 1
113.578 0.05 0.004 0.002 0.002 0 1
113.628 0.052 0.002 0.002 0 0 1
113.678 0.05 0.002 0.002 0 0 1
113.726 0.05 0 0 0 0 1
113.778 0.05 0.002 0.002 0 0 1
113.828 0.05 0.002 0.002 0 0 1
113.876 0.05 0 0 0 0 1
113.996 0.118 0.002 0.002 0 0 1
114.02 0.024 0.002 0 0.002 0 1
114.07 0.05 0.002 0.002 0 0 1
114.12 0.052 0 0 0 0 1
114.17 0.05 0 0 0 0 1
114.22 0.05 0 0 0 0 1
114.272 0.05 0.002 0 0.002 0 1
114.32 0.05 0 0 0 0 1
114.37 0.048 0.002 0.002 0 0 1
114.422 0.052 0.002 0 0.002 0 1
114.464 0.042 0.002 0.002 0 0 1
114.516 0.05 0.004 0 0.004 0 1
114.564 0.05 0.002 0 0.002 0 1
114.716 0.152 0.002 0.002 0 0 1
114.758 0.044 0 0 0 0 1
114.808 0.05 0 0 0 0 1
114.858 0.05 0 0 0 0 1
114.908 0.05 0 0 0 0 1
114.958 0.05 0 0 0 0 1
115.008 0.05 0 0 0 0 1
115.058 0.05 0 0 0 0 1
115.106 0.046 0.002 0 0.002 0 1
115.148 0.044 0 0 0 0 1
115.2 0.052 0 0 0 0 1
115.252 0.05 0.002 0.002 0 0 1
115.35 0.1 0 0 0 0 1
115.38 0.026 0.004 0 0.004 0 1
115.43 0.054 0 0 0 0 1
115.48 0.05 0 0 0 0 1
115.532 0.052 0 0 0 0 1
115.582 0.048 0.002 0.002 0 0 1
115.63 0.05 0 0 0 0 1
115.676 0.046 0 0 0 0 1
115.73 0.052 0.002 0.002 0 0 1
115.782 0.052 0.002 0.002 0 0 1
115.832 0.052 0 0 0 0 1
115.884 0.05 0.002 0 0 0 1
115.934 0.05 0.002 0.002 0 0 1
116.06 0.124 0.004 0 0.004 0 1
116.078 0.02 0.002 0 0.002 0 1
116.126 0.05 0 0 0 0 1
116.18 0.052 0.002 0 0.002 0 1
116.23 0.05 0.002 0.002 0 0 1
116.272 0.04 0.004 0.002 0.002 0 1
116.32 0.052 0 0 0 0 1
116.372 0.05 0.002 0.002 0 0 1
116.422 0.052 0 0 0 0 1
116.468 0.044 0.002 0 0 0 1
116.518 0.05 0.002 0.002 0 0 1
116.568 0.052 0 0 0 0 1
116.62 0.05 0.002 0.002 0 0 1
116.672 0.052 0.002 0 0.002 0 1
116.774 0.104 0 0 0 0 1
116.808 0.034 0 0 0 0 1
116.862 0.052 0.002 0 0.002 0 1
116.914 0.05 0.004 0.002 0.002 0 1
116.962 0.052 0 0 0 0 1
117.012 0.046 0.004 0 0.002 0 1
117.062 0.052 0.002 0 0.002 0 1
117.112 0.05 0.002 0.002 0 0 1
117.162 0.052 0 0 0 0 1
117.208 0.046 0 0 0 0 1
117.262 0.052 0.002 0 0 0 1
117.312 0.05 0.002 0.002 0 0 1
117.358 0.048 0 0 0 0 1
117.404 0.046 0 0 0 0 1
117.546 0.14 0.002 0.002 0 0 1
117.594 0.048 0.002 0 0.002 0 1
117.642 0.048 0.002 0 0.002 0 1
117.688 0.048 0 0 0 0 1
117.74 0.05 0.002 0 0.002 0 1
117.786 0.048 0 0 0 0 1
117.838 0.05 0.002 0.002 0 0 1
117.89 0.052 0.002 0.002 0 0 1
117.94 0.05 0.002 0.002 0 0 1
117.99 0.05 0.002 0 0.002 0 1
118.03 0.042 0 0 0 0 1
118.08 0.048 0.002 0.002 0 0 1
118.132 0.052 0.002 0.002 0 0 1
118.184 0.052 0.002 0 0.002 0 1
118.278 0.096 0 0 0 0 1
118.318 0.036 0.004 0.002 0 0 1
118.368 0.054 0 0 0 0 1
118.418 0.05 0 0 0 0 1
118.458 0.038 0.002 0 0.002 0 1
118.506 0.05 0 0 0 0 1
118.562 0.052 0.004 0 0.004 0 1
118.612 0.052 0.002 0 0.002 0 1
118.666 0.054 0.002 0 0.002 0 1
118.714 0.048 0.002 0 0.002 0 1
118.764 0.05 0.002 0.002 0 0 1
118.814 0.05 0.002 0.002 0 0 1
118.962 0.148 0.002 0 0.002 0 1
119.006 0.044 0.002 0 0.002 0 1
119.058 0.052 0.002 0.002 0 0 1
119.11 0.052 0.002 0.002 0 0 1
119.16 0.05 0.002 0 0.002 0 1
119.212 0.052 0.002 0 0.002 0 1
119.262 0.05 0.002 0.002 0 0 1
119.31 0.05 0 0 0 0 1
119.362 0.05 0.002 0 0.002 0 1
119.41 0.05 0 0 0 0 1
119.462 0.05 0.002 0 0 0 1
119.51 0.05 0 0 0 0 1
119.562 0.05 0.002 0.002 0 0 1
119.612 0.052 0 0 0 0 1
119.664 0.05 0.002 0 0.002 0 1
119.712 0.05 0 0 0 0 1
119.854 0.14 0.002 0 0.002 0 1
119.894 0.042 0 0 0 0 1
119.952 0.056 0.002 0 0.002 0 1
120.002 0.05 0.002 0.002 0 0 1
120.054 0.052 0.002 0.002 0 0 1
120.106 0.052 0.002 0 0.002 0 1
120.156 0.05 0.002 0.002 0 0 1
120.206 0.05 0.002 0.002 0 0 1
120.258 0.052 0.002 0 0.002 0 1
120.304 0.046 0.002 0.002 0 0 1
120.356 0.052 0.002 0 0.002 0 1
120.402 0.046 0.002 0 0.002 0 1
120.45 0.05 0 0 0 0 1
120.552 0.1 0.002 0 0 0 1
120.594 0.042 0.002 0.002 0 0 1
120.64 0.046 0.002 0.002 0 0 1
120.688 0.048 0.002 0.002 0 0 1
120.738 0.052 0 0 0 0 1
120.792 0.05 0.004 0.002 0.002 0 1
120.846 0.052 0.006 0 0.006 0 1
120.892 0.05 0.002 0 0.002 0 1
120.94 0.05 0 0 0 0 1
120.992 0.05 0.002 0.002 0 0 1
121.04 0.05 0 0 0 0 1
121.092 0.05 0.002 0.002 0 0 1
121.14 0.048 0.002 0.002 0 0 1
121.186 0.048 0 0 0 0 1
121.232 0.046 0 0 0 0 1
121.286 0.052 0.002 0 0.002 0 1
121.334 0.05 0 0 0 0 1
121.386 0.05 0.002 0.002 0 0 1
121.438 0.052 0.002 0 0.002 0 1
121.486 0.05 0 0 0 0 1
121.536 0.048 0.002 0.002 0 0 1
121.584 0.05 0 0 0 0 1
121.636 0.052 0 0 0 0 1
121.688 0.05 0.002 0 0.002 0 1
121.736 0.048 0.002 0 0.002 0 1
121.786 0.05 0.002 0.002 0 0 1
121.834 0.048 0.002 0.002 0 0 1
121.886 0.05 0.004 0 0.004 0 1
121.934 0.05 0.002 0.002 0 0 1
121.98 0.048 0 0 0 0 1
122.034 0.052 0.002 0 0.002 0 1
122.168 0.134 0.002 0.002 0 0 1
122.172 0.004 0.002 0.002 0 0 1
122.222 0.05 0.002 0 0.002 0 1
122.272 0.052 0 0 0 0 1
122.322 0.05 0 0 0 0 1
122.374 0.052 0 0 0 0 1
122.426 0.052 0 0 0 0 1
122.474 0.048 0 0 0 0 1
122.526 0.05 0.002 0.002 0 0 1
122.568 0.044 0 0 0 0 1
122.61 0.04 0.002 0 0.002 0 1
122.66 0.052 0 0 0 0 1
122.714 0.054 0 0 0 0 1
122.764 0.05 0 0 0 0 1
122.814 0.05 0 0 0 0 1
122.866 0.052 0 0 0 0 1
123.01 0.142 0.002 0.002 0 0 1
123.058 0.048 0.002 0.002 0 0 1
123.112 0.054 0.002 0 0.002 0 1
123.164 0.052 0.002 0 0.002 0 1
123.214 0.052 0 0 0 0 1
123.264 0.048 0.002 0 0 0 1
123.314 0.052 0 0 0 0 1
123.366 0.05 0.002 0 0.002 0 1
123.414 0.05 0 0 0 0 1
123.462 0.046 0.002 0 0.002 0 1
123.512 0.05 0.002 0.002 0 0 1
123.562 0.05 0.002 0 0.002 0 1
123.692 0.13 0.002 0.002 0 0 1
123.708 0.012 0.006 0 0.006 0 1
123.758 0.056 0 0 0 0 1
123.808 0.05 0 0 0 0 1
123.854 0.044 0.002 0 0.002 0 1
123.904 0.05 0.002 0.002 0 0 1
123.954 0.052 0 0 0 0 1
124.002 0.046 0.002 0 0.002 0 1
124.052 0.052 0 0 0 0 1
124.104 0.05 0.002 0 0.002 0 1
124.154 0.046 0.006 0.004 0.002 0 1
124.202 0.054 0 0 0 0 1
124.254 0.05 0.002 0.002 0 0 1
124.302 0.05 0 0 0 0 1
124.35 0.048 0 0 0 0 1
124.398 0.046 0.002 0 0.002 0 1
124.448 0.05 0.002 0.002 0 0 1
124.496 0.048 0.002 0.002 0 0 1
124.548 0.052 0.002 0.002 0 0 1
124.6 0.052 0.002 0 0.002 0 1
124.65 0.05 0.002 0.002 0 0 1
124.7 0.05 0.002 0.002 0 0 1
124.752 0.052 0.002 0 0.002 0 1
124.802 0.05 0.002 0 0.002 0 1
124.85 0.05 0 0 0 0 1
124.894 0.042 0.002 0 0.002 0 1
124.942 0.05 0 0 0 0 1
124.994 0.05 0.002 0 0.002 0 1
125.122 0.128 0.002 0.002 0 0 1
125.126 0.004 0.002 0 0.002 0 1
125.18 0.054 0.002 0.002 0 0 1
125.232 0.054 0 0 0 0 1
125.282 0.05 0 0 0 0 1
125.332 0.048 0.002 0.002 0 0 1
125.378 0.048 0 0 0 0 1
125.434 0.054 0.002 0 0.002 0 1
125.484 0.052 0 0 0 0 1
125.536 0.05 0.002 0.002 0 0 1
125.586 0.052 0 0 0 0 1
125.64 0.052 0.002 0 0.002 0 1
125.688 0.05 0 0 0 0 1
125.736 0.046 0.002 0 0.002 0 1
125.784 0.05 0 0 0 0 1
125.838 0.05 0.004 0.004 0 0 1
125.884 0.05 0 0 0 0 1
125.936 0.05 0.002 0 0.002 0 1
125.986 0.05 0.002 0.002 0 0 1
126.038 0.05 0.004 0.002 0.002 0 1
126.084 0.05 0 0 0 0 1
126.134 0.05 0 0 0 0 1
126.184 0.05 0 0 0 0 1
126.236 0.05 0.002 0 0 0 1
126.284 0.048 0.002 0 0.002 0 1
126.334 0.05 0.002 0 0.002 0 1
126.382 0.05 0 0 0 0 1
126.43 0.048 0 0 0 0 1
126.484 0.052 0.002 0 0.002 0 1
126.612 0.128 0.002 0.002 0 0 1
126.624 0.012 0.002 0 0.002 0 1
126.672 0.05 0 0 0 0 1
126.716 0.044 0 0 0 0 1
126.77 0.052 0.002 0 0.002 0 1
126.82 0.052 0 0 0 0 1
126.866 0.046 0 0 0 0 1
126.918 0.05 0.002 0 0.002 0 1
126.962 0.046 0 0 0 0 1
127.014 0.052 0 0 0 0 1
127.064 0.05 0 0 0 0 1
127.116 0.05 0.002 0.002 0 0 1
127.168 0.052 0.002 0 0.002 0 1
127.218 0.05 0.002 0.002 0 0 1
127.268 0.05 0.002 0.002 0 0 1
127.316 0.05 0 0 0 0 1
127.366 0.05 0 0 0 0 1
127.41 0.044 0 0 0 0 1
127.464 0.052 0.002 0 0.002 0 1
127.514 0.05 0.002 0 0.002 0 1
127.564 0.05 0.002 0 0.002 0 1
127.608 0.046 0 0 0 0 1
127.66 0.05 0.002 0.002 0 0 1
127.712 0.052 0.002 0.002 0 0 1
127.76 0.05 0 0 0 0 1
127.81 0.05 0 0 0 0 1
127.856 0.046 0 0 0 0 1
127.908 0.048 0.004 0.002 0 0 1
127.954 0.05 0 0 0 0 1
128.058 0.1 0.004 0.002 0 0 1
128.078 0.024 0 0 0 0 1
128.132 0.052 0.002 0 0.002 0 1
128.184 0.052 0.002 0 0.002 0 1
128.234 0.052 0 0 0 0 1
128.284 0.05 0 0 0 0 1
128.336 0.05 0.002 0.002 0 0 1
128.386 0.05 0.002 0.002 0 0 1
128.436 0.052 0 0 0 0 1
128.488 0.048 0.004 0.002 0.002 0 1
128.536 0.05 0.002 0.002 0 0 1
128.678 0.142 0.002 0 0.002 0 1
128.68 0.002 0.002 0.002 0 0 1
128.73 0.05 0.002 0.002 0 0 1
128.782 0.052 0.002 0 0.002 0 1
