18.372 18.26 0.112 0.004 0.108 0.01 1
18.49 0.114 0.116 0.006 0.11 0.012 1
18.606 0.116 0.116 0.006 0.11 0.01 1
18.738 0.142 0.106 0.004 0.102 0.01 1
18.846 0.106 0.108 0.002 0.106 0.008 1
18.97 0.138 0.094 0.002 0.092 0.01 1
19.072 0.094 0.102 0.002 0.1 0.008 1
19.208 0.128 0.11 0.004 0.106 0.008 1
19.32 0.11 0.112 0.002 0.11 0.006 1
19.434 0.112 0.114 0.004 0.108 0.008 1
19.548 0.114 0.114 0.002 0.112 0.01 1
19.656 0.114 0.108 0 0.108 0.016 1
19.782 0.13 0.104 0.002 0.102 0.008 1
19.884 0.104 0.102 0 0.1 0.01 1
20.006 0.122 0.102 0 0.1 0.01 1
20.108 0.102 0.102 0 0.102 0.01 1
20.234 0.124 0.104 0.002 0.102 0.008 1
20.38 0.128 0.122 0.002 0.12 0.036 1
20.51 0.122 0.13 0.004 0.126 0.036 1
20.668 0.16 0.128 0.002 0.124 0.032 1
20.806 0.156 0.11 0.002 0.106 0.018 1
20.904 0.11 0.098 0.002 0.094 0.018 1
21 0.098 0.096 0.002 0.094 0.018 1
21.098 0.096 0.098 0.002 0.096 0.016 1
21.194 0.098 0.096 0.002 0.094 0.018 1
21.296 0.096 0.102 0.002 0.1 0.016 1
21.406 0.102 0.11 0.004 0.106 0.02 1
21.514 0.11 0.108 0.004 0.104 0.018 1
21.612 0.108 0.098 0.002 0.096 0.02 1
21.81 0.12 0.176 0.002 0.174 0.1 1
21.982 0.176 0.172 0.002 0.17 0.104 1
22.178 0.196 0.172 0.002 0.17 0.088 1
22.386 0.172 0.208 0.002 0.206 0.13 1
22.596 0.208 0.21 0.002 0.208 0.132 1
22.8 0.21 0.204 0.002 0.202 0.13 1
23.002 0.204 0.202 0 0.202 0.13 1
23.206 0.202 0.204 0.002 0.202 0.132 1
23.428 0.226 0.2 0.002 0.198 0.128 1
23.634 0.2 0.206 0 0.206 0.138 1
23.882 0.23 0.224 0.01 0.212 0.138 4
24.094 0.224 0.212 0.008 0.204 0.128 4
24.342 0.244 0.216 0.006 0.21 0.126 4
24.554 0.216 0.212 0.008 0.204 0.132 3
24.802 0.246 0.214 0.006 0.208 0.136 3
25.02 0.216 0.216 0.006 0.21 0.132 3
25.218 0.216 0.198 0.004 0.194 0.13 3
25.498 0.234 0.244 0.032 0.212 0.142 13
25.692 0.244 0.194 0.004 0.19 0.122 3
25.924 0.226 0.2 0.008 0.19 0.116 3
26.094 0.2 0.17 0.008 0.16 0.102 3
26.286 0.17 0.192 0 0.19 0.108 3
26.52 0.228 0.198 0.008 0.19 0.114 3
26.748 0.238 0.188 0.01 0.178 0.108 3
26.944 0.188 0.196 0.012 0.184 0.116 3
27.17 0.228 0.194 0.008 0.186 0.114 3
27.35 0.196 0.178 0.008 0.168 0.102 3
27.53 0.178 0.18 0.008 0.17 0.098 3
27.718 0.18 0.188 0.01 0.178 0.106 3
27.974 0.22 0.224 0.006 0.216 0.136 2
28.19 0.224 0.216 0.008 0.206 0.144 2
28.436 0.246 0.216 0.008 0.208 0.126 2
28.626 0.216 0.19 0.008 0.182 0.116 2
28.834 0.19 0.208 0.008 0.2 0.118 2
29.088 0.248 0.214 0.006 0.208 0.128 2
29.296 0.214 0.208 0.004 0.204 0.124 2
29.582 0.252 0.242 0.008 0.234 0.152 2
29.848 0.28 0.228 0.006 0.222 0.15 2
30.068 0.228 0.22 0 0.22 0.148 2
30.338 0.252 0.238 0.006 0.232 0.15 2
30.578 0.238 0.24 0.006 0.234 0.156 2
30.878 0.274 0.266 0.004 0.262 0.176 2
31.152 0.266 0.274 0.008 0.266 0.192 2
31.456 0.306 0.272 0.006 0.266 0.184 2
31.718 0.272 0.262 0.008 0.252 0.176 2
31.988 0.262 0.27 0.008 0.262 0.184 2
32.316 0.31 0.288 0.006 0.282 0.198 2
32.604 0.288 0.288 0.006 0.282 0.206 2
32.922 0.328 0.278 0.002 0.276 0.202 2
33.192 0.278 0.27 0.004 0.266 0.19 2
33.532 0.314 0.296 0.006 0.29 0.212 2
33.836 0.296 0.304 0.006 0.298 0.222 2
34.136 0.304 0.3 0.004 0.296 0.218 2
34.428 0.3 0.292 0.006 0.286 0.212 2
34.774 0.34 0.298 0.004 0.292 0.23 2
35.064 0.298 0.29 0.004 0.286 0.218 2
35.4 0.326 0.3 0.006 0.294 0.224 2
35.694 0.3 0.294 0.006 0.288 0.226 2
35.98 0.294 0.286 0 0.286 0.21 2
36.31 0.342 0.274 0.006 0.268 0.21 2
36.602 0.274 0.292 0.004 0.288 0.216 2
36.964 0.354 0.3 0.002 0.298 0.232 2
37.264 0.3 0.3 0.006 0.294 0.228 2
37.546 0.3 0.282 0 0.282 0.22 2
37.894 0.336 0.294 0.002 0.292 0.222 2
38.228 0.342 0.286 0.006 0.28 0.22 2
38.512 0.286 0.284 0.004 0.28 0.226 2
38.862 0.334 0.3 0.006 0.294 0.228 2
39.144 0.3 0.282 0.004 0.276 0.21 2
39.436 0.282 0.292 0.004 0.288 0.214 2
39.714 0.292 0.278 0.004 0.274 0.206 2
39.992 0.278 0.278 0.006 0.272 0.208 2
40.32 0.326 0.28 0.008 0.272 0.204 2
40.646 0.348 0.258 0.008 0.248 0.188 2
40.982 0.306 0.288 0.006 0.282 0.208 2
41.256 0.288 0.274 0.004 0.268 0.204 2
41.516 0.274 0.26 0.006 0.252 0.184 2
41.776 0.26 0.26 0.006 0.254 0.192 2
42.084 0.314 0.254 0.006 0.248 0.19 2
42.406 0.306 0.27 0.008 0.262 0.204 2
42.686 0.27 0.28 0.01 0.27 0.204 2
42.988 0.342 0.24 0.006 0.234 0.188 2
43.242 0.242 0.252 0.006 0.246 0.18 2
43.552 0.304 0.258 0.008 0.25 0.192 2
43.806 0.26 0.252 0.006 0.246 0.18 2
44.048 0.252 0.242 0.01 0.232 0.184 2
44.306 0.242 0.258 0.006 0.252 0.186 2
44.59 0.312 0.23 0.006 0.222 0.166 2
44.878 0.23 0.288 0.01 0.278 0.208 2
45.22 0.362 0.268 0.01 0.258 0.198 2
45.458 0.268 0.238 0.012 0.224 0.172 2
45.768 0.308 0.24 0.01 0.23 0.172 2
46.008 0.24 0.24 0.014 0.226 0.174 3
46.282 0.29 0.224 0.006 0.218 0.166 2
46.5 0.224 0.218 0.01 0.208 0.156 2
46.768 0.278 0.208 0.006 0.202 0.15 2
47.002 0.208 0.234 0.01 0.224 0.168 2
47.276 0.3 0.208 0.008 0.2 0.162 2
47.486 0.208 0.21 0.004 0.204 0.156 2
47.784 0.284 0.224 0.008 0.216 0.162 2
48.144 0.224 0.36 0.01 0.348 0.29 2
48.588 0.436 0.368 0.006 0.362 0.304 2
48.99 0.424 0.346 0.008 0.338 0.28 2
49.362 0.346 0.372 0.006 0.366 0.304 2
49.712 0.372 0.35 0.006 0.344 0.284 2
50.09 0.35 0.378 0.002 0.372 0.316 2
50.532 0.44 0.38 0.006 0.374 0.292 2
50.912 0.38 0.38 0.006 0.374 0.284 2
51.276 0.38 0.364 0.006 0.358 0.29 2
51.672 0.364 0.396 0.006 0.39 0.314 2
52.176 0.472 0.428 0.008 0.42 0.334 2
52.606 0.428 0.43 0.002 0.428 0.34 2
53.082 0.492 0.414 0.008 0.406 0.318 2
53.518 0.414 0.436 0.008 0.428 0.33 2
53.964 0.436 0.446 0.002 0.444 0.358 2
54.42 0.446 0.456 0.006 0.45 0.348 2
54.982 0.512 0.506 0.008 0.498 0.386 2
55.56 0.576 0.508 0.006 0.502 0.39 2
56.108 0.572 0.484 0.006 0.478 0.36 2
56.546 0.484 0.438 0.004 0.434 0.342 1
57.06 0.5 0.452 0.004 0.448 0.354 1
57.528 0.452 0.468 0.004 0.464 0.354 1
58.07 0.552 0.458 0.004 0.454 0.34 1
58.554 0.538 0.404 0.002 0.402 0.296 1
58.982 0.404 0.428 0.004 0.424 0.324 1
59.416 0.43 0.432 0.002 0.43 0.322 1
59.85 0.432 0.434 0.004 0.43 0.322 1
60.386 0.508 0.462 0.002 0.458 0.352 1
60.884 0.528 0.432 0.002 0.428 0.32 1
61.332 0.432 0.448 0.004 0.444 0.328 1
61.872 0.534 0.454 0.002 0.452 0.34 1
62.298 0.454 0.426 0.002 0.424 0.32 1
62.734 0.426 0.436 0.002 0.434 0.326 1
63.132 0.436 0.398 0.004 0.394 0.298 1
63.684 0.474 0.476 0.002 0.472 0.35 1
64.148 0.476 0.464 0.002 0.46 0.342 1
64.612 0.464 0.464 0.002 0.462 0.356 1
65.034 0.464 0.422 0.002 0.42 0.332 1
65.568 0.494 0.462 0.002 0.46 0.356 1
66.03 0.462 0.462 0.002 0.46 0.362 1
66.546 0.536 0.442 0.006 0.434 0.35 1
67.014 0.442 0.468 0.002 0.464 0.342 1
67.558 0.544 0.468 0.002 0.466 0.348 1
68.038 0.47 0.478 0.002 0.476 0.372 1
68.588 0.542 0.486 0.002 0.482 0.374 1
69.108 0.548 0.458 0.002 0.456 0.346 1
69.602 0.458 0.494 0.004 0.49 0.374 1
70.178 0.576 0.494 0.004 0.49 0.378 1
70.65 0.494 0.472 0 0.472 0.378 1
71.186 0.542 0.466 0.002 0.462 0.37 1
71.682 0.466 0.496 0.004 0.492 0.376 1
72.25 0.582 0.482 0.002 0.48 0.39 1
72.706 0.482 0.456 0.004 0.452 0.356 1
73.242 0.518 0.474 0.004 0.47 0.366 1
73.714 0.474 0.472 0.004 0.468 0.36 1
74.204 0.472 0.49 0.004 0.486 0.37 1
74.75 0.562 0.474 0.004 0.47 0.356 1
75.13 0.544 0.31 0.004 0.306 0.238 1
75.446 0.31 0.316 0.002 0.314 0.238 1
75.76 0.316 0.314 0.004 0.31 0.238 1
76.08 0.314 0.32 0.004 0.316 0.242 1
76.638 0.4 0.478 0.004 0.474 0.354 1
77.176 0.55 0.466 0.002 0.462 0.36 1
77.67 0.466 0.494 0.002 0.492 0.384 1
78.202 0.576 0.45 0.002 0.446 0.356 1
78.766 0.502 0.512 0.004 0.508 0.39 1
79.33 0.572 0.504 0.002 0.5 0.396 1
79.884 0.57 0.488 0.004 0.484 0.372 1
80.364 0.488 0.48 0.004 0.474 0.37 1
80.898 0.558 0.456 0.004 0.452 0.354 1
81.364 0.456 0.466 0.002 0.464 0.362 1
81.9 0.542 0.46 0.002 0.458 0.35 1
82.476 0.534 0.502 0.002 0.5 0.386 1
82.94 0.502 0.464 0.002 0.462 0.358 1
83.406 0.464 0.466 0.004 0.462 0.354 1
83.99 0.548 0.502 0.004 0.496 0.392 1
84.482 0.502 0.492 0.002 0.49 0.38 1
84.962 0.492 0.48 0.004 0.476 0.358 1
85.552 0.574 0.496 0.004 0.492 0.38 1
86.048 0.496 0.496 0.002 0.494 0.374 1
86.538 0.498 0.488 0.002 0.486 0.366 1
87.026 0.488 0.488 0.004 0.482 0.374 1
87.598 0.572 0.488 0.004 0.484 0.39 1
88.06 0.488 0.462 0.002 0.46 0.354 1
88.604 0.56 0.446 0 0.446 0.35 1
88.95 0.52 0.272 0.002 0.27 0.198 1
89.194 0.272 0.244 0 0.244 0.188 1
89.488 0.318 0.22 0.002 0.218 0.164 1
89.732 0.22 0.244 0.004 0.24 0.178 1
90.016 0.322 0.206 0 0.206 0.148 1
90.232 0.206 0.216 0.004 0.212 0.154 1
90.446 0.216 0.214 0.002 0.21 0.156 1
90.73 0.306 0.192 0.002 0.19 0.146 1
90.916 0.192 0.186 0 0.186 0.142 1
91.174 0.26 0.184 0 0.184 0.14 1
91.346 0.184 0.172 0.002 0.17 0.138 1
91.514 0.172 0.168 0.002 0.166 0.132 1
91.674 0.168 0.16 0.002 0.158 0.128 1
91.932 0.248 0.17 0.002 0.166 0.124 1
92.118 0.17 0.186 0 0.186 0.142 1
92.268 0.186 0.15 0 0.15 0.118 1
92.462 0.15 0.194 0.002 0.192 0.154 1
92.744 0.278 0.198 0 0.198 0.154 1
92.926 0.198 0.182 0 0.182 0.132 1
93.206 0.268 0.194 0 0.194 0.15 1
93.414 0.194 0.208 0 0.208 0.154 1
93.612 0.208 0.198 0 0.198 0.146 1
93.9 0.28 0.206 0 0.204 0.156 1
94.1 0.206 0.2 0 0.2 0.152 1
94.298 0.202 0.196 0.002 0.194 0.152 1
94.6 0.278 0.22 0.002 0.218 0.164 1
94.768 0.222 0.166 0 0.166 0.124 1
94.942 0.166 0.174 0 0.174 0.124 1
95.194 0.254 0.172 0.002 0.17 0.13 1
95.196 0.172 0.002 0.002 0 0 1
95.238 0.042 0.002 0.002 0 0 1
95.288 0.05 0.002 0 0.002 0 1
95.338 0.05 0.002 0.002 0 0 1
95.388 0.05 0.002 0.002 0 0 1
95.436 0.046 0.004 0 0.002 0 1
95.484 0.052 0 0 0 0 1
95.536 0.05 0.002 0.002 0 0 1
95.586 0.052 0 0 0 0 1
95.636 0.05 0 0 0 0 1
95.792 0.154 0.002 0.002 0 0 1
95.828 0.036 0.002 0 0.002 0 1
95.878 0.05 0.002 0.002 0 0 1
95.93 0.052 0.002 0 0.002 0 1
95.978 0.048 0.002 0.002 0 0 1
96.026 0.048 0.002 0 0.002 0 1
96.072 0.048 0 0 0 0 1
96.12 0.046 0.002 0 0.002 0 1
96.172 0.052 0.002 0 0.002 0 1
96.22 0.05 0 0 0 0 1
96.272 0.052 0 0 0 0 1
96.324 0.05 0.002 0 0.002 0 1
96.374 0.05 0.002 0 0.002 0 1
96.424 0.05 0.002 0.002 0 0 1
96.474 0.05 0.002 0.002 0 0 1
96.612 0.136 0.004 0.002 0.002 0 1
96.654 0.044 0.002 0.002 0 0 1
96.708 0.054 0.002 0 0.002 0 1
96.754 0.046 0.002 0 0.002 0 1
96.804 0.052 0 0 0 0 1
96.856 0.052 0 0 0 0 1
96.906 0.05 0 0 0 0 1
96.956 0.048 0.002 0 0.002 0 1
97.002 0.046 0.002 0 0.002 0 1
97.052 0.05 0.002 0 0.002 0 1
97.104 0.052 0.002 0 0.002 0 1
97.156 0.052 0.002 0 0.002 0 1
97.278 0.124 0 0 0 0 1
97.288 0.01 0 0 0 0 1
97.336 0.048 0 0 0 0 1
97.39 0.054 0 0 0 0 1
97.428 0.038 0 0 0 0 1
97.478 0.05 0 0 0 0 1
97.53 0.052 0 0 0 0 1
97.584 0.054 0 0 0 0 1
97.638 0.054 0 0 0 0 1
97.692 0.052 0.002 0 0.002 0 1
97.744 0.052 0.002 0 0.002 0 1
97.794 0.052 0 0 0 0 1
97.846 0.05 0.002 0 0.002 0 1
97.896 0.052 0 0 0 0 1
97.944 0.048 0 0 0 0 1
98.04 0.094 0.002 0.002 0 0 1
98.076 0.034 0.004 0.002 0 0 1
98.128 0.054 0.002 0 0.002 0 1
98.178 0.052 0 0 0 0 1
98.23 0.05 0.002 0.002 0 0 1
98.274 0.044 0.002 0 0 0 1
98.324 0.05 0.002 0 0 0 1
98.37 0.048 0 0 0 0 1
98.422 0.05 0.002 0.002 0 0 1
98.472 0.05 0.002 0 0.002 0 1
98.522 0.05 0.002 0.002 0 0 1
98.572 0.05 0.002 0 0.002 0 1
98.618 0.048 0 0 0 0 1
98.666 0.046 0.002 0 0 0 1
98.778 0.114 0 0 0 0 1
98.806 0.028 0 0 0 0 1
98.854 0.046 0.002 0.002 0 0 1
98.906 0.052 0.002 0 0.002 0 1
98.948 0.044 0 0 0 0 1
99 0.05 0.002 0.002 0 0 1
99.052 0.052 0.002 0 0.002 0 1
99.102 0.05 0.002 0 0 0 1
99.15 0.048 0.002 0.002 0 0 1
99.2 0.052 0 0 0 0 1
99.25 0.048 0.002 0 0.002 0 1
99.298 0.05 0 0 0 0 1
99.35 0.052 0 0 0 0 1
99.398 0.048 0 0 0 0 1
99.45 0.05 0.002 0.002 0 0 1
99.496 0.048 0 0 0 0 1
99.546 0.048 0.002 0.002 0 0 1
99.594 0.048 0.002 0 0.002 0 1
99.64 0.048 0 0 0 0 1
99.694 0.052 0.002 0 0.002 0 1
99.744 0.05 0.002 0.002 0 0 1
99.794 0.052 0 0 0 0 1
99.846 0.048 0.004 0 0.002 0 1
99.896 0.052 0.002 0 0.002 0 1
99.944 0.05 0 0 0 0 1
99.994 0.05 0 0 0 0 1
100.044 0.05 0 0 0 0 1
100.094 0.05 0 0 0 0 1
100.2 0.104 0.002 0.002 0 0 1
100.238 0.04 0 0 0 0 1
100.29 0.05 0.002 0 0.002 0 1
100.342 0.052 0.002 0 0.002 0 1
100.392 0.05 0.002 0 0.002 0 1
100.442 0.05 0.002 0 0.002 0 1
100.492 0.05 0.002 0.002 0 0 1
100.542 0.05 0.002 0.002 0 0 1
100.592 0.05 0.002 0 0 0 1
100.642 0.052 0 0 0 0 1
100.69 0.046 0.002 0.002 0 0 1
100.83 0.128 0.014 0 0.014 0 1
100.83 0.014 0 0 0 0 1
100.874 0.036 0.008 0.006 0.002 0 1
100.914 0.048 0 0 0 0 1
100.974 0.058 0.002 0 0.002 0 1
101.022 0.05 0 0 0 0 1
101.072 0.048 0.002 0 0.002 0 1
101.122 0.052 0 0 0 0 1
101.174 0.05 0.002 0.002 0 0 1
101.226 0.052 0.002 0 0.002 0 1
101.276 0.05 0.002 0.002 0 0 1
101.322 0.048 0 0 0 0 1
101.378 0.054 0.002 0 0.002 0 1
101.428 0.05 0.002 0 0.002 0 1
101.478 0.05 0.002 0 0.002 0 1
101.586 0.108 0.002 0.002 0 0 1
101.604 0.018 0.002 0.002 0 0 1
101.656 0.05 0.004 0.002 0.002 0 1
101.706 0.052 0.002 0 0.002 0 1
101.756 0.05 0.002 0.002 0 0 1
101.806 0.05 0.002 0.002 0 0 1
101.856 0.05 0.002 0.002 0 0 1
101.906 0.05 0.002 0.002 0 0 1
101.954 0.05 0 0 0 0 1
102.006 0.052 0 0 0 0 1
102.056 0.048 0.002 0 0.002 0 1
102.106 0.052 0 0 0 0 1
102.156 0.048 0.002 0 0.002 0 1
102.206 0.05 0.002 0.002 0 0 1
102.344 0.136 0.004 0 0.004 0 1
102.352 0.01 0.002 0 0.002 0 1
102.402 0.05 0.002 0.002 0 0 1
102.45 0.05 0 0 0 0 1
102.502 0.05 0.002 0 0.002 0 1
102.552 0.052 0 0 0 0 1
102.6 0.046 0.002 0 0 0 1
102.65 0.052 0 0 0 0 1
102.702 0.05 0.002 0 0.002 0 1
102.752 0.052 0 0 0 0 1
102.804 0.05 0.002 0 0.002 0 1
102.85 0.048 0 0 0 0 1
102.902 0.048 0.004 0.004 0 0 1
103.036 0.138 0 0 0 0 1
103.044 0.006 0.002 0.002 0 0 1
103.094 0.05 0.002 0.002 0 0 1
103.144 0.05 0.002 0 0 0 1
103.196 0.052 0.002 0 0 0 1
103.244 0.05 0 0 0 0 1
103.294 0.048 0.002 0.002 0 0 1
103.346 0.052 0.002 0 0.002 0 1
103.396 0.052 0 0 0 0 1
103.446 0.05 0 0 0 0 1
103.494 0.048 0 0 0 0 1
103.546 0.05 0.002 0 0.002 0 1
103.662 0.116 0.002 0 0 0 1
103.68 0.02 0 0 0 0 1
103.734 0.052 0.002 0 0.002 0 1
103.786 0.052 0.002 0 0.002 0 1
103.83 0.044 0.002 0 0.002 0 1
103.88 0.052 0 0 0 0 1
103.93 0.05 0 0 0 0 1
103.984 0.052 0.002 0 0 0 1
104.034 0.05 0.002 0 0.002 0 1
104.084 0.05 0.002 0 0.002 0 1
104.136 0.05 0.004 0.002 0 0 1
104.184 0.05 0.002 0 0.002 0 1
104.234 0.052 0 0 0 0 1
104.284 0.048 0.002 0 0.002 0 1
104.336 0.052 0.002 0 0.002 0 1
104.386 0.05 0.002 0.002 0 0 1
104.436 0.05 0.002 0.002 0 0 1
104.486 0.052 0 0 0 0 1
104.536 0.05 0 0 0 0 1
104.584 0.048 0 0 0 0 1
104.632 0.048 0 0 0 0 1
104.682 0.05 0 0 0 0 1
104.734 0.05 0.002 0.002 0 0 1
104.786 0.052 0.002 0 0.002 0 1
104.836 0.05 0.002 0 0.002 0 1
104.886 0.05 0.002 0 0.002 0 1
104.934 0.05 0 0 0 0 1
104.982 0.048 0 0 0 0 1
105.034 0.05 0.002 0 0.002 0 1
105.084 0.05 0.002 0 0.002 0 1
105.224 0.142 0 0 0 0 1
105.226 0 0.002 0.002 0 0 1
105.276 0.05 0.002 0.002 0 0 1
105.326 0.052 0 0 0 0 1
105.376 0.05 0 0 0 0 1
105.428 0.052 0 0 0 0 1
105.48 0.05 0.002 0 0.002 0 1
105.53 0.05 0.002 0.002 0 0 1
105.574 0.046 0 0 0 0 1
105.628 0.048 0.006 0.006 0 0 1
105.67 0.048 0 0 0 0 1
105.72 0.05 0 0 0 0 1
105.772 0.05 0.002 0 0.002 0 1
105.814 0.042 0.002 0 0 0 1
105.864 0.052 0 0 0 0 1
105.918 0.052 0.002 0 0.002 0 1
105.968 0.05 0.002 0.002 0 0 1
106.02 0.052 0.002 0 0.002 0 1
106.064 0.046 0 0 0 0 1
106.114 0.05 0 0 0 0 1
106.164 0.05 0 0 0 0 1
106.218 0.052 0.002 0 0.002 0 1
106.268 0.05 0.002 0 0.002 0 1
106.318 0.05 0.002 0.002 0 0 1
106.356 0.038 0.002 0 0.002 0 1
106.408 0.05 0.004 0 0.002 0 1
106.46 0.054 0.002 0 0.002 0 1
106.51 0.05 0.002 0.002 0 0 1
106.562 0.05 0.004 0.002 0.002 0 1
106.61 0.052 0 0 0 0 1
106.768 0.156 0.002 0 0.002 0 1
106.798 0.032 0 0 0 0 1
106.852 0.052 0.002 0.002 0 0 1
106.906 0.052 0.004 0 0 0 1
106.958 0.054 0.002 0 0 0 1
107.008 0.05 0.002 0 0.002 0 1
107.06 0.052 0.002 0 0.002 0 1
107.11 0.05 0.002 0.002 0 0 1
107.16 0.05 0.002 0 0.002 0 1
107.21 0.05 0.002 0.002 0 0 1
107.26 0.05 0.002 0 0.002 0 1
107.386 0.126 0.002 0 0.002 0 1
107.406 0.016 0.006 0.002 0.004 0 1
107.454 0.052 0.002 0 0.002 0 1
107.504 0.05 0.002 0 0.002 0 1
107.548 0.044 0.002 0.002 0 0 1
107.598 0.052 0 0 0 0 1
107.65 0.05 0.002 0 0.002 0 1
107.7 0.05 0.002 0 0.002 0.002 1
107.75 0.05 0.002 0 0.002 0 1
107.8 0.05 0.002 0 0.002 0 1
107.846 0.048 0 0 0 0 1
107.896 0.05 0 0 0 0 1
107.944 0.046 0.002 0 0.002 0 1
107.99 0.046 0.002 0 0.002 0 1
108.04 0.052 0 0 0 0 1
108.088 0.048 0 0 0 0 1
108.176 0.088 0 0 0 0 1
108.2 0.02 0.004 0.002 0.002 0 1
108.248 0.05 0.002 0.002 0 0 1
108.304 0.056 0.002 0 0.002 0 1
108.356 0.054 0 0 0 0 1
108.408 0.052 0 0 0 0 1
108.458 0.048 0.002 0 0.002 0 1
108.508 0.052 0 0 0 0 1
108.556 0.048 0 0 0 0 1
108.608 0.052 0 0 0 0 1
108.66 0.05 0.002 0 0.002 0 1
108.71 0.052 0 0 0 0 1
108.762 0.05 0.002 0 0.002 0 1
108.808 0.048 0 0 0 0 1
108.852 0.044 0 0 0 0 1
108.968 0.116 0 0 0 0 1
108.986 0.016 0.002 0 0.002 0 1
109.036 0.052 0 0 0 0 1
109.084 0.048 0 0 0 0 1
109.136 0.05 0.002 0 0.002 0 1
109.178 0.042 0.002 0.002 0 0 1
109.228 0.05 0.002 0 0.002 0 1
109.278 0.05 0.002 0.002 0 0 1
109.326 0.05 0 0 0 0 1
109.376 0.05 0 0 0 0 1
109.418 0.042 0 0 0 0 1
109.47 0.05 0.002 0 0.002 0 1
109.518 0.05 0 0 0 0 1
109.566 0.046 0.002 0 0.002 0 1
109.618 0.048 0.006 0 0.002 0 1
109.732 0.118 0.002 0.002 0 0 1
109.76 0.03 0 0 0 0 1
109.81 0.05 0 0 0 0 1
109.864 0.052 0.002 0 0.002 0 1
109.912 0.048 0.002 0.002 0 0 1
109.962 0.052 0 0 0 0 1
110.006 0.044 0 0 0 0 1
110.058 0.052 0 0 0 0 1
110.11 0.05 0.002 0 0 0 1
110.16 0.05 0.002 0 0.002 0.002 1
110.21 0.05 0.002 0 0.002 0 1
110.258 0.05 0 0 0 0 1
110.31 0.05 0.002 0 0.002 0 1
110.394 0.086 0 0 0 0 1
110.4 0 0.006 0.006 0 0 1
110.444 0.048 0.002 0.002 0 0 1
110.494 0.052 0 0 0 0 1
110.546 0.05 0.002 0.002 0 0 1
110.598 0.048 0.006 0.004 0.002 0 1
110.646 0.054 0 0 0 0 1
110.698 0.05 0.002 0.002 0 0 1
110.748 0.052 0 0 0 0 1
110.798 0.048 0.002 0.002 0 0 1
110.844 0.048 0 0 0 0 1
110.894 0.05 0 0 0 0 1
110.942 0.048 0 0 0 0 1
110.994 0.052 0 0 0 0 1
111.106 0.11 0.002 0 0.002 0 1
111.136 0.03 0.002 0 0.002 0 1
111.18 0.046 0 0 0 0 1
111.228 0.048 0 0 0 0 1
111.28 0.052 0 0 0 0 1
111.324 0.042 0.002 0 0.002 0 1
111.364 0.042 0 0 0 0 1
111.418 0.054 0 0 0 0 1
111.472 0.052 0.002 0 0.002 0 1
111.522 0.052 0 0 0 0 1
111.574 0.052 0 0 0 0 1
111.624 0.05 0 0 0 0 1
111.742 0.118 0 0 0 0 1
111.76 0.018 0 0 0 0 1
111.812 0.05 0.002 0 0 0 1
111.862 0.052 0 0 0 0 1
111.914 0.05 0.002 0 0.002 0 1
111.968 0.054 0.002 0.002 0 0 1
112.016 0.046 0.004 0 0.004 0 1
112.066 0.052 0.002 0 0.002 0 1
112.116 0.05 0.002 0.002 0 0 1
112.164 0.05 0 0 0 0 1
112.216 0.05 0.002 0.002 0 0 1
112.264 0.05 0 0 0 0 1
112.316 0.05 0.002 0 0 0 1
112.366 0.052 0 0 0 0 1
112.468 0.1 0.002 0.002 0 0 1
112.5 0.032 0.002 0.002 0 0 1
112.552 0.052 0.002 0 0.002 0 1
112.602 0.052 0 0 0 0 1
112.654 0.05 0.002 0 0.002 0 1
112.698 0.044 0.002 0.002 0 0 1
112.748 0.052 0 0 0 0 1
112.796 0.046 0.002 0.002 0 0 1
112.842 0.048 0 0 0 0 1
112.89 0.046 0.002 0 0 0 1
112.94 0.05 0.002 0 0 0 1
112.99 0.05 0.002 0 0 0 1
113.038 0.05 0 0 0 0 1
113.142 0.102 0.002 0 0.002 0 1
113.18 0.04 0 0 0 0 1
113.228 0.048 0 0 0 0 1
113.282 0.052 0.002 0 0.002 0 1
113.332 0.052 0 0 0 0 1
113.382 0.05 0 0 0 0 1
113.434 0.05 0.002 0.002 0 0 1
113.484 0.052 0 0 0 0 1
113.536 0.05 0.002 0 0.002 0 1
113.586 0.048 0.004 0.002 0.002 0 1
113.626 0.042 0.002 0.002 0 0 1
113.676 0.05 0.002 0.002 0 0 1
113.796 0.12 0.002 0.002 0 0 1
113.818 0.024 0 0 0 0 1
113.87 0.05 0.002 0.002 0 0 1
113.92 0.052 0 0 0 0 1
113.972 0.05 0.002 0.002 0 0 1
114.022 0.052 0 0 0 0 1
114.072 0.048 0.002 0 0.002 0 1
114.124 0.052 0.002 0 0.002 0 1
114.172 0.05 0 0 0 0 1
114.224 0.05 0.002 0.002 0 0 1
114.268 0.046 0 0 0 0 1
114.318 0.05 0 0 0 0 1
114.442 0.122 0.002 0.002 0 0 1
114.448 0.008 0 0 0 0 1
114.502 0.052 0.002 0 0.002 0 1
114.556 0.054 0.002 0 0.002 0 1
114.608 0.054 0 0 0 0 1
114.658 0.05 0 0 0 0 1
114.706 0.048 0 0 0 0 1
114.754 0.048 0 0 0 0 1
114.806 0.05 0.002 0 0.002 0 1
114.854 0.05 0 0 0 0 1
114.9 0.046 0 0 0 0 1
114.948 0.046 0.002 0 0.002 0 1
114.994 0.046 0.002 0 0.002 0 1
115.096 0.102 0.002 0.002 0 0 1
115.132 0.038 0 0 0 0 1
115.186 0.052 0.002 0 0.002 0 1
115.238 0.052 0.002 0 0.002 0 1
115.29 0.052 0.002 0 0 0 1
115.34 0.05 0.002 0.002 0 0 1
115.39 0.052 0 0 0 0 1
115.44 0.05 0 0 0 0 1
115.488 0.048 0 0 0 0 1
115.54 0.048 0.004 0 0.004 0 1
115.582 0.044 0.002 0 0.002 0 1
115.63 0.05 0 0 0 0 1
115.678 0.048 0 0 0 0 1
115.724 0.046 0 0 0 0 1
115.83 0.104 0.002 0 0.002 0 1
115.864 0.034 0.002 0 0.002 0 1
115.914 0.052 0 0 0 0 1
115.966 0.05 0.002 0.002 0 0 1
116.018 0.052 0.002 0 0 0 1
116.062 0.046 0 0 0 0 1
116.112 0.05 0 0 0 0 1
116.164 0.05 0.002 0 0 0 1
116.212 0.05 0 0 0 0 1
116.262 0.05 0 0 0 0 1
116.312 0.05 0 0 0 0 1
116.46 0.146 0.002 0 0 0 1
116.506 0.046 0.002 0 0.002 0 1
116.556 0.05 0.002 0.002 0 0 1
116.608 0.052 0.002 0 0.002 0 1
116.656 0.05 0 0 0 0 1
116.708 0.052 0 0 0 0 1
116.754 0.046 0 0 0 0 1
116.804 0.05 0 0 0 0 1
116.856 0.05 0.002 0 0.002 0 1
116.904 0.05 0 0 0 0 1
116.954 0.048 0.002 0 0.002 0 1
117.002 0.05 0 0 0 0 1
117.052 0.048 0.002 0 0 0 1
117.102 0.052 0 0 0 0 1
117.206 0.104 0 0 0 0 1
117.228 0.02 0.002 0 0.002 0 1
117.282 0.054 0.002 0.002 0 0 1
117.336 0.056 0 0 0 0 1
117.39 0.052 0.002 0.002 0 0 1
117.44 0.05 0.002 0 0.002 0 1
117.492 0.052 0.002 0.002 0 0 1
117.54 0.05 0 0 0 0 1
117.592 0.05 0.002 0 0.002 0 1
117.64 0.05 0 0 0 0 1
117.69 0.05 0 0 0 0 1
117.742 0.05 0.002 0.002 0 0 1
117.79 0.05 0 0 0 0 1
117.842 0.05 0.002 0.002 0 0 1
117.892 0.052 0 0 0 0 1
117.944 0.05 0.002 0 0.002 0 1
117.992 0.05 0 0 0 0 1
118.038 0.046 0 0 0 0 1
118.092 0.052 0.002 0 0.002 0 1
118.14 0.05 0 0 0 0 1
118.194 0.052 0.002 0 0.002 0 1
118.238 0.046 0 0 0 0 1
118.288 0.05 0 0 0 0 1
118.342 0.05 0.004 0.002 0.002 0 1
118.388 0.05 0 0 0 0 1
118.442 0.052 0.002 0 0.002 0 1
118.49 0.05 0 0 0 0 1
118.542 0.05 0.002 0 0 0 1
118.59 0.05 0 0 0 0 1
118.64 0.05 0 0 0 0 1
118.74 0.098 0.002 0 0.002 0 1
118.78 0.04 0.002 0.002 0 0 1
118.832 0.054 0 0 0 0 1
118.884 0.05 0.002 0 0 0 1
118.932 0.048 0.002 0 0 0 1
118.984 0.052 0.002 0 0 0 1
119.032 0.05 0 0 0 0 1
119.084 0.05 0.002 0 0.002 0 1
119.134 0.052 0 0 0 0 1
119.186 0.05 0.002 0 0 0 1
119.236 0.05 0.002 0 0.002 0 1
119.286 0.05 0.002 0.002 0 0 1
119.336 0.05 0.002 0.002 0 0 1
119.386 0.05 0.002 0 0.002 0 1
119.506 0.12 0.002 0 0 0 1
119.528 0.024 0 0 0 0 1
119.576 0.048 0 0 0 0 1
119.628 0.052 0 0 0 0 1
119.676 0.048 0 0 0 0 1
119.728 0.052 0 0 0 0 1
119.776 0.046 0.002 0.002 0 0 1
119.826 0.052 0 0 0 0 1
119.874 0.048 0 0 0 0 1
119.922 0.048 0 0 0 0 1
119.974 0.05 0.002 0 0.002 0 1
120.022 0.05 0 0 0 0 1
120.074 0.05 0.002 0 0.002 0 1
120.124 0.05 0.002 0.002 0 0 1
120.174 0.05 0 0 0 0 1
120.224 0.048 0.002 0.002 0 0 1
120.272 0.05 0 0 0 0 1
120.324 0.05 0.002 0 0.002 0 1
120.374 0.048 0.004 0 0.004 0 1
120.42 0.05 0 0 0 0 1
120.47 0.05 0 0 0 0 1
120.52 0.05 0 0 0 0 1
120.57 0.05 0 0 0 0 1
120.62 0.048 0.002 0.002 0 0 1
120.67 0.052 0 0 0 0 1
120.718 0.048 0 0 0 0 1
120.77 0.05 0.002 0 0.002 0 1
120.82 0.05 0.002 0 0.002 0 1
120.866 0.048 0 0 0 0 1
120.912 0.046 0 0 0 0 1
120.964 0.05 0.002 0.002 0 0 1
121.076 0.112 0.002 0.002 0 0 1
121.102 0.028 0 0 0 0 1
121.152 0.05 0 0 0 0 1
121.202 0.05 0 0 0 0 1
121.252 0.05 0 0 0 0 1
121.304 0.052 0 0 0 0 1
121.356 0.05 0.002 0 0.002 0 1
121.404 0.05 0 0 0 0 1
121.454 0.05 0 0 0 0 1
121.506 0.05 0.002 0 0 0 1
121.554 0.048 0.002 0.002 0 0 1
121.604 0.052 0 0 0 0 1
121.738 0.132 0.002 0 0 0 1
121.74 0.002 0.002 0.002 0 0 1
121.788 0.048 0.002 0 0 0 1
121.838 0.048 0.004 0 0.004 0 1
121.89 0.054 0.002 0 0.002 0 1
121.94 0.052 0 0 0 0 1
121.992 0.05 0.002 0 0.002 0 1
122.042 0.052 0 0 0 0 1
122.094 0.05 0.002 0 0.002 0 1
122.142 0.048 0.002 0 0.002 0 1
122.19 0.05 0 0 0 0 1
122.242 0.05 0.002 0 0.002 0 1
122.29 0.05 0 0 0 0 1
122.34 0.05 0 0 0 0 1
122.49 0.148 0.002 0 0.002 0 1
122.536 0.046 0.002 0 0.002 0 1
122.586 0.052 0 0 0 0 1
122.634 0.048 0 0 0 0 1
122.686 0.05 0.002 0 0.002 0 1
122.736 0.052 0 0 0 0 1
122.786 0.05 0 0 0 0 1
122.838 0.05 0.002 0.002 0 0 1
122.888 0.052 0 0 0 0 1
122.938 0.048 0.002 0 0.002 0 1
122.986 0.05 0 0 0 0 1
123.038 0.05 0.002 0 0.002 0 1
123.086 0.05 0 0 0 0 1
123.14 0.052 0.002 0 0 0 1
123.19 0.05 0.002 0 0.002 0 1
123.238 0.048 0.002 0 0 0 1
123.356 0.118 0.002 0 0 0 1
123.38 0.026 0 0 0 0 1
123.432 0.052 0 0 0 0 1
123.484 0.05 0.002 0.002 0 0 1
123.526 0.042 0.002 0 0.002 0 1
123.576 0.05 0.002 0 0.002 0 1
123.626 0.05 0.002 0.002 0 0 1
123.676 0.05 0.002 0.002 0 0 1
123.726 0.05 0.002 0.002 0 0 1
123.776 0.052 0 0 0 0 1
123.826 0.05 0 0 0 0 1
123.876 0.05 0 0 0 0 1
123.926 0.048 0.002 0.002 0 0 1
123.976 0.052 0 0 0 0 1
124.09 0.112 0.002 0.002 0 0 1
124.114 0.024 0.002 0.002 0 0 1
124.162 0.048 0.002 0 0 0 1
124.214 0.052 0.002 0 0.002 0 1
124.264 0.05 0.002 0.002 0 0 1
124.314 0.05 0.002 0.002 0 0 1
124.36 0.046 0.002 0 0.002 0 1
124.41 0.05 0.002 0 0.002 0 1
124.46 0.05 0.002 0.002 0 0 1
124.506 0.048 0 0 0 0 1
124.556 0.05 0 0 0 0 1
124.606 0.05 0 0 0 0 1
124.656 0.05 0 0 0 0 1
124.702 0.046 0 0 0 0 1
124.754 0.05 0.002 0 0.002 0 1
124.804 0.052 0 0 0 0 1
124.854 0.05 0 0 0 0 1
124.988 0.134 0 0 0 0 1
124.992 0 0.004 0.002 0.002 0 1
125.028 0.04 0 0 0 0 1
125.082 0.052 0.002 0.002 0 0 1
125.13 0.05 0 0 0 0 1
125.182 0.052 0 0 0 0 1
125.232 0.05 0 0 0 0 1
125.284 0.052 0 0 0 0 1
125.334 0.048 0.002 0 0.002 0 1
125.382 0.048 0.002 0 0.002 0 1
125.432 0.052 0 0 0 0 1
125.482 0.05 0 0 0 0 1
125.622 0.138 0.002 0 0.002 0 1
125.624 0.002 0.002 0.002 0 0 1
125.672 0.05 0 0 0 0 1
125.722 0.05 0 0 0 0 1
125.772 0.05 0 0 0 0 1
125.812 0.04 0 0 0 0 1
125.864 0.05 0.002 0 0.002 0 1
125.914 0.052 0 0 0 0 1
125.966 0.05 0.002 0 0.002 0 1
126.014 0.05 0 0 0 0 1
126.064 0.05 0 0 0 0 1
126.11 0.046 0 0 0 0 1
126.16 0.05 0 0 0 0 1
126.276 0.114 0.002 0 0 0 1
126.306 0.032 0 0 0 0 1
126.36 0.052 0.002 0 0.002 0 1
126.41 0.05 0.002 0.002 0 0 1
126.46 0.052 0 0 0 0 1
126.512 0.05 0.002 0 0.002 0 1
126.56 0.05 0 0 0 0 1
126.61 0.048 0.002 0.002 0 0 1
126.66 0.052 0 0 0 0 1
126.71 0.05 0 0 0 0 1
126.76 0.05 0 0 0 0 1
126.812 0.05 0.002 0 0.002 0 1
126.858 0.048 0 0 0 0 1
126.908 0.044 0.006 0.006 0 0 1
126.958 0.054 0.002 0 0.002 0 1
127 0.044 0 0 0 0 1
127.052 0.052 0 0 0 0 1
127.102 0.05 0 0 0 0 1
127.154 0.052 0 0 0 0 1
127.204 0.05 0 0 0 0 1
127.256 0.052 0 0 0 0 1
127.304 0.046 0.002 0.002 0 0 1
127.354 0.052 0 0 0 0 1
127.402 0.048 0 0 0 0 1
127.454 0.05 0.002 0.002 0 0 1
127.506 0.052 0.002 0.002 0 0 1
127.548 0.044 0 0 0 0 1
127.592 0.044 0 0 0 0 1
127.722 0.126 0.004 0 0.002 0 1
127.73 0.012 0 0 0 0 1
127.776 0.044 0.002 0 0.002 0 1
127.828 0.054 0 0 0 0 1
127.882 0.054 0 0 0 0 1
127.934 0.052 0 0 0 0 1
127.986 0.052 0 0 0 0 1
128.038 0.05 0.002 0 0.002 0 1
128.086 0.048 0.002 0.002 0 0 1
128.138 0.052 0.002 0 0.002 0 1
128.188 0.05 0.002 0.002 0 0 1
128.236 0.05 0 0 0 0 1
128.36 0.122 0.002 0.002 0 0 1
128.378 0.018 0.002 0 0.002 0 1
128.428 0.05 0.002 0 0.002 0 1
128.476 0.048 0.002 0.002 0 0 1
128.526 0.052 0 0 0 0 1
128.578 0.05 0.002 0 0.002 0 1
128.628 0.05 0.002 0.002 0 0 1
128.678 0.05 0.002 0 0.002 0 1
128.728 0.052 0 0 0 0 1
128.77 0.042 0 0 0 0 1
128.82 0.05 0 0 0 0 1
128.872 0.05 0.002 0 0.002 0 1
128.918 0.048 0 0 0 0 1
128.97 0.05 0.002 0 0.002 0 1
129.018 0.048 0.002 0 0.002 0 1
129.07 0.052 0.002 0 0.002 0 1
129.118 0.05 0 0 0 0 1
129.242 0.122 0.002 0 0.002 0 1
129.256 0.014 0.002 0 0.002 0 1
129.306 0.05 0.002 0 0.002 0 1
129.358 0.048 0.006 0.004 0.002 0 1
129.41 0.054 0.004 0.002 0 0 1
129.46 0.052 0.002 0 0.002 0 1
129.502 0.042 0 0 0 0 1
129.554 0.05 0.002 0 0.002 0 1
129.602 0.05 0 0 0 0 1
129.654 0.05 0.002 0.002 0 0 1
129.7 0.048 0 0 0 0 1
129.752 0.05 0.002 0 0.002 0 1
129.836 0.086 0 0 0 0 1
129.842 0.004 0.002 0 0.002 0 1
129.89 0.048 0.002 0.002 0 0 1
129.942 0.052 0.002 0 0.002 0 1
129.994 0.052 0.002 0 0 0 1
130.044 0.048 0.004 0 0.002 0 1
130.094 0.052 0.002 0 0.002 0 1
130.144 0.052 0 0 0 0 1
130.194 0.048 0.002 0 0.002 0 1
130.244 0.05 0.002 0.002 0 0 1
130.294 0.052 0 0 0 0 1
130.342 0.048 0 0 0 0 1
130.396 0.052 0.002 0 0 0 1
130.516 0.12 0.002 0 0 0 1
130.538 0.024 0 0 0 0 1
130.584 0.046 0 0 0 0 1
130.634 0.05 0 0 0 0 1
130.68 0.046 0 0 0 0 1
130.736 0.056 0 0 0 0 1
130.786 0.05 0 0 0 0 1
130.836 0.05 0 0 0 0 1
130.886 0.048 0.002 0 0 0 1
130.928 0.044 0 0 0 0 1
130.974 0.044 0.002 0 0.002 0 1
131.024 0.05 0.002 0 0.002 0 1
131.13 0.106 0.002 0 0.002 0 1
131.164 0.036 0 0 0 0 1
131.218 0.052 0.002 0 0.002 0 1
131.264 0.048 0 0 0 0 1
131.316 0.052 0 0 0 0 1
131.366 0.05 0 0 0 0 1
131.418 0.052 0 0 0 0 1
131.47 0.05 0.002 0 0.002 0 1
131.518 0.05 0 0 0 0 1
131.568 0.05 0 0 0 0 1
131.612 0.044 0 0 0 0 1
131.66 0.046 0.002 0.002 0 0 1
131.772 0.112 0.002 0.002 0 0 1
131.79 0.018 0.002 0.002 0 0 1
131.844 0.054 0.002 0 0 0 1
131.896 0.054 0 0 0 0 1
131.95 0.052 0.002 0 0.002 0 1
132 0.052 0 0 0 0 1
132.052 0.052 0 0 0 0 1
132.104 0.05 0.002 0 0.002 0 1
132.154 0.052 0 0 0 0 1
132.206 0.05 0.002 0 0.002 0 1
132.256 0.048 0.004 0 0.004 0 1
132.304 0.052 0 0 0 0 1
132.354 0.048 0.002 0.002 0 0 1
132.404 0.052 0 0 0 0 1
132.45 0.046 0 0 0 0 1
132.5 0.05 0 0 0 0 1
132.55 0.05 0 0 0 0 1
132.596 0.046 0 0 0 0 1
132.648 0.052 0 0 0 0 1
132.7 0.05 0.002 0 0 0 1
132.748 0.05 0 0 0 0 1
132.798 0.05 0 0 0 0 1
132.844 0.046 0 0 0 0 1
132.896 0.05 0.002 0 0.002 0 1
132.946 0.052 0 0 0 0 1
132.998 0.05 0.002 0 0.002 0 1
133.044 0.048 0 0 0 0 1
133.088 0.044 0 0 0 0 1
133.14 0.05 0.002 0 0.002 0 1
133.188 0.05 0 0 0 0 1
133.298 0.11 0 0 0 0 1
133.324 0.026 0 0 0 0 1
133.372 0.048 0 0 0 0 1
133.424 0.05 0.002 0.002 0 0 1
133.474 0.052 0 0 0 0 1
133.518 0.042 0.002 0 0 0 1
133.566 0.048 0.002 0.002 0 0 1
133.616 0.052 0 0 0 0 1
133.668 0.05 0.002 0 0.002 0 1
133.718 0.05 0.002 0 0 0 1
133.766 0.048 0.002 0.002 0 0 1
133.814 0.05 0 0 0 0 1
133.866 0.052 0 0 0 0 1
133.914 0.048 0 0 0 0 1
133.966 0.052 0 0 0 0 1
134.018 0.05 0.002 0.002 0 0 1
134.066 0.05 0 0 0 0 1
134.116 0.05 0 0 0 0 1
134.168 0.05 0.002 0.002 0 0 1
134.218 0.05 0.002 0.002 0 0 1
134.258 0.042 0 0 0 0 1
134.308 0.05 0 0 0 0 1
134.358 0.048 0.002 0 0.002 0 1
134.4 0.044 0 0 0 0 1
134.452 0.05 0.002 0.002 0 0 1
134.5 0.05 0 0 0 0 1
134.55 0.05 0 0 0 0 1
134.598 0.048 0 0 0 0 1
134.738 0.138 0.002 0 0.002 0 1
134.788 0.05 0.002 0.002 0 0 1
134.84 0.052 0.002 0 0.002 0 1
134.89 0.05 0.002 0.002 0 0 1
134.94 0.052 0 0 0 0 1
134.992 0.05 0.002 0 0.002 0 1
135.042 0.05 0.002 0 0.002 0 1
135.088 0.048 0 0 0 0 1
135.138 0.048 0.002 0 0.002 0 1
135.188 0.05 0.002 0.002 0 0 1
135.238 0.05 0.002 0.002 0 0 1
135.288 0.052 0 0 0 0 1
135.4 0.11 0.002 0 0 0 1
135.426 0.028 0 0 0 0 1
135.474 0.046 0.002 0 0 0 1
135.518 0.044 0.002 0.002 0 0 1
135.572 0.054 0.002 0 0.002 0 1
135.62 0.048 0.002 0 0.002 0 1
135.666 0.048 0 0 0 0 1
135.716 0.05 0 0 0 0 1
135.768 0.05 0.002 0.002 0 0 1
135.814 0.046 0.002 0 0.002 0 1
135.866 0.052 0.002 0.002 0 0 1
135.916 0.05 0.002 0.002 0 0 1
135.962 0.048 0 0 0 0 1
136.096 0.134 0 0 0 0 1
136.112 0.014 0.002 0 0.002 0.002 1
136.164 0.052 0.002 0 0 0 1
136.212 0.05 0 0 0 0 1
136.262 0.05 0 0 0 0 1
136.312 0.048 0.002 0 0 0 1
136.362 0.052 0 0 0 0 1
136.414 0.05 0.002 0 0.002 0 1
136.466 0.054 0 0 0 0 1
136.51 0.042 0.002 0.002 0 0 1
136.552 0.044 0 0 0 0 1
136.604 0.05 0.002 0.002 0 0 1
136.652 0.05 0 0 0 0 1
136.694 0.04 0.002 0 0.002 0 1
136.748 0.048 0.008 0.006 0.002 0 1
136.86 0.116 0.004 0.002 0.002 0 1
136.874 0.018 0 0 0 0 1
136.928 0.052 0.002 0 0.002 0 1
136.98 0.052 0.002 0 0.002 0 1
137.034 0.054 0.002 0 0.002 0 1
137.086 0.046 0.008 0.008 0 0 1
137.134 0.056 0 0 0 0 1
137.186 0.05 0.002 0.002 0 0 1
137.238 0.052 0.002 0.002 0 0 1
137.288 0.052 0 0 0 0 1
137.338 0.05 0 0 0 0 1
137.384 0.044 0.002 0.002 0 0 1
137.436 0.052 0.002 0 0.002 0 1
137.486 0.052 0 0 0 0 1
137.538 0.048 0.004 0.004 0 0 1
137.588 0.054 0 0 0 0 1
137.64 0.05 0.002 0 0.002 0 1
137.688 0.05 0 0 0 0 1
137.81 0.122 0 0 0 0 1
137.82 0.006 0.004 0 0.002 0 1
137.87 0.052 0.002 0 0 0 1
137.918 0.05 0 0 0 0 1
137.968 0.05 0 0 0 0 1
138.018 0.05 0 0 0 0 1
138.068 0.05 0 0 0 0 1
138.12 0.05 0.002 0.002 0 0 1
138.166 0.048 0 0 0 0 1
138.216 0.05 0 0 0 0 1
138.266 0.048 0.002 0.002 0 0 1
138.392 0.128 0 0 0 0 1
138.402 0.01 0 0 0 0 1
138.458 0.054 0.002 0 0.002 0 1
138.508 0.05 0.002 0 0.002 0 1
138.552 0.046 0 0 0 0 1
138.604 0.052 0 0 0 0 1
138.652 0.048 0 0 0 0 1
138.706 0.052 0.002 0 0.002 0 1
138.754 0.05 0 0 0 0 1
138.802 0.046 0.002 0.002 0 0 1
138.852 0.052 0 0 0 0 1
138.898 0.046 0 0 0 0 1
138.946 0.048 0 0 0 0 1
139.054 0.104 0.004 0.002 0 0 1
139.078 0.026 0.002 0 0.002 0 1
139.13 0.052 0.002 0.002 0 0 1
139.184 0.054 0.002 0 0.002 0 1
139.238 0.054 0.002 0 0.002 0 1
139.29 0.052 0.002 0 0 0 1
139.34 0.05 0.002 0.002 0 0 1
139.388 0.05 0 0 0 0 1
139.44 0.05 0.002 0.002 0 0 1
139.492 0.052 0.002 0 0 0 1
139.542 0.05 0.002 0.002 0 0 1
139.592 0.046 0.006 0 0.006 0 1
139.642 0.054 0.002 0.002 0 0 1
139.692 0.05 0.002 0 0.002 0 1
139.796 0.104 0.002 0.002 0 0 1
139.828 0.032 0.002 0.002 0 0 1
139.88 0.052 0.002 0 0.002 0 1
139.93 0.05 0.002 0 0.002 0 1
139.98 0.05 0.002 0 0.002 0 1
140.03 0.05 0.002 0 0 0 1
140.078 0.05 0 0 0 0 1
140.13 0.05 0.002 0 0.002 0 1
140.172 0.044 0 0 0 0 1
140.22 0.048 0 0 0 0 1
140.268 0.048 0 0 0 0 1
140.414 0.144 0.002 0 0 0 1
140.454 0.042 0 0 0 0 1
140.506 0.052 0 0 0 0 1
140.558 0.052 0 0 0 0 1
140.608 0.05 0 0 0 0 1
140.66 0.046 0.006 0.002 0 0 1
140.706 0.052 0 0 0 0 1
140.758 0.052 0 0 0 0 1
140.808 0.05 0 0 0 0 1
140.858 0.05 0 0 0 0 1
140.902 0.044 0 0 0 0 1
140.946 0.044 0 0 0 0 1
141.038 0.09 0.002 0.002 0 0 1
141.072 0.036 0 0 0 0 1
141.124 0.05 0.002 0 0.002 0 1
141.176 0.048 0.006 0.004 0.002 0 1
141.224 0.054 0 0 0 0 1
141.272 0.048 0 0 0 0 1
141.322 0.05 0 0 0 0 1
141.372 0.05 0 0 0 0 1
141.424 0.052 0 0 0 0 1
141.474 0.05 0 0 0 0 1
141.524 0.05 0 0 0 0 1
141.576 0.05 0.002 0.002 0 0 1
141.624 0.05 0 0 0 0 1
141.676 0.05 0.002 0.002 0 0 1
141.728 0.052 0.002 0 0.002 0 1
141.85 0.122 0.002 0 0.002 0 1
141.87 0.02 0.002 0 0.002 0 1
141.918 0.048 0.002 0 0.002 0 1
141.97 0.052 0.002 0 0.002 0 1
142.016 0.046 0.002 0 0 0 1
142.066 0.05 0.002 0 0.002 0 1
142.114 0.05 0 0 0 0 1
142.166 0.05 0.002 0.002 0 0 1
142.216 0.052 0 0 0 0 1
142.268 0.05 0.002 0 0.002 0 1
142.318 0.05 0.002 0.002 0 0 1
142.368 0.05 0.002 0 0.002 0 1
142.482 0.116 0 0 0 0 1
142.504 0.022 0 0 0 0 1
142.556 0.052 0 0 0 0 1
142.604 0.048 0 0 0 0 1
142.656 0.052 0 0 0 0 1
142.71 0.052 0.002 0 0.002 0 1
142.758 0.05 0 0 0 0 1
142.812 0.052 0.002 0 0.002 0 1
142.862 0.05 0.002 0 0.002 0 1
142.912 0.052 0 0 0 0 1
142.958 0.046 0 0 0 0 1
143.008 0.05 0 0 0 0 1
143.058 0.05 0 0 0 0 1
143.108 0.05 0 0 0 0 1
143.266 0.158 0 0 0 0 1
143.304 0.036 0.002 0 0.002 0 1
143.354 0.052 0 0 0 0 1
143.404 0.05 0 0 0 0 1
143.454 0.05 0 0 0 0 1
143.494 0.04 0 0 0 0 1
143.546 0.052 0 0 0 0 1
143.596 0.05 0 0 0 0 1
143.646 0.05 0 0 0 0 1
143.696 0.05 0 0 0 0 1
143.746 0.05 0 0 0 0 1
143.796 0.05 0 0 0 0 1
143.916 0.12 0 0 0 0 1
143.944 0.026 0.002 0 0.002 0 1
143.992 0.048 0.002 0 0.002 0 1
144.042 0.05 0.002 0 0 0 1
144.088 0.048 0 0 0 0 1
144.14 0.052 0 0 0 0 1
144.192 0.052 0 0 0 0 1
144.242 0.05 0 0 0 0 1
144.294 0.05 0.002 0 0.002 0 1
144.338 0.044 0.002 0.002 0 0 1
144.388 0.052 0 0 0 0 1
144.436 0.048 0 0 0 0 1
144.488 0.052 0 0 0 0 1
144.534 0.046 0 0 0 0 1
144.584 0.046 0.004 0.004 0 0 1
144.632 0.052 0 0 0 0 1
144.684 0.05 0.002 0.002 0 0 1
144.732 0.05 0 0 0 0 1
144.91 0.176 0.002 0.002 0 0 1
144.928 0.02 0 0 0 0 1
144.98 0.05 0.002 0.002 0 0 1
145.026 0.046 0.002 0 0.002 0 1
145.076 0.052 0 0 0 0 1
145.128 0.05 0.002 0.002 0 0 1
145.18 0.052 0.002 0 0.002 0 1
145.23 0.05 0.002 0.002 0 0 1
145.28 0.052 0 0 0 0 1
145.332 0.05 0.002 0 0.002 0 1
145.38 0.05 0 0 0 0 1
145.426 0.046 0 0 0 0 1
145.554 0.128 0 0 0 0 1
145.572 0.016 0.002 0 0.002 0 1
145.622 0.052 0 0 0 0 1
145.674 0.05 0.002 0 0.002 0 1
145.722 0.048 0.002 0.002 0 0 1
145.77 0.05 0 0 0 0 1
145.818 0.048 0 0 0 0 1
145.862 0.044 0 0 0 0 1
145.914 0.052 0 0 0 0 1
145.97 0.046 0.01 0.002 0.002 0 1
146.012 0.052 0 0 0 0 1
146.06 0.048 0 0 0 0 1
146.114 0.054 0 0 0 0 1
146.166 0.052 0 0 0 0 1
146.22 0.052 0.002 0 0.002 0 1
146.31 0.09 0.002 0 0.002 0 1
146.362 0.052 0.002 0 0.002 0 1
146.416 0.05 0.006 0.004 0 0 1
146.464 0.054 0 0 0 0 1
146.512 0.048 0 0 0 0 1
146.562 0.048 0.002 0 0.002 0 1
146.614 0.052 0.002 0 0.002 0 1
146.662 0.05 0 0 0 0 1
146.708 0.046 0 0 0 0 1
146.76 0.048 0.004 0.004 0 0 1
146.808 0.05 0.002 0.002 0 0 1
146.858 0.052 0 0 0 0 1
146.908 0.048 0.002 0 0 0 1
147.052 0.144 0.002 0 0.002 0 1
147.094 0.044 0 0 0 0 1
147.142 0.048 0 0 0 0 1
147.194 0.05 0.002 0.002 0 0 1
147.246 0.052 0.002 0 0.002 0 1
147.296 0.052 0 0 0 0 1
147.346 0.05 0 0 0 0 1
147.394 0.048 0 0 0 0 1
147.446 0.052 0 0 0 0 1
147.496 0.05 0 0 0 0 1
147.548 0.05 0.002 0.002 0 0 1
147.596 0.05 0 0 0 0 1
147.644 0.048 0 0 0 0 1
147.694 0.05 0 0 0 0 1
147.746 0.048 0.004 0.004 0 0 1
147.796 0.054 0 0 0 0 1
147.844 0.048 0 0 0 0 1
147.894 0.048 0.002 0.002 0 0 1
147.942 0.05 0 0 0 0 1
147.992 0.048 0.002 0 0.002 0 1
148.034 0.044 0 0 0 0 1
148.09 0.056 0 0 0 0 1
148.134 0.044 0 0 0 0 1
148.184 0.05 0 0 0 0 1
148.234 0.05 0 0 0 0 1
148.274 0.04 0 0 0 0 1
148.326 0.052 0 0 0 0 1
148.368 0.04 0.002 0 0.002 0 1
148.418 0.05 0.002 0 0.002 0 1
148.52 0.104 0 0 0 0 1
148.55 0.03 0 0 0 0 1
148.602 0.052 0 0 0 0 1
148.65 0.046 0.002 0 0.002 0 1
148.696 0.048 0 0 0 0 1
148.75 0.054 0 0 0 0 1
148.794 0.044 0 0 0 0 1
148.844 0.048 0.002 0.002 0 0 1
148.894 0.052 0 0 0 0 1
148.948 0.052 0.002 0 0.002 0 1
148.998 0.05 0.002 0.002 0 0 1
149.046 0.048 0.002 0 0.002 0 1
149.096 0.052 0 0 0 0 1
149.146 0.05 0 0 0 0 1
149.234 0.088 0 0 0 0 1
149.28 0.044 0.002 0 0.002 0 1
149.33 0.052 0 0 0 0 1
149.382 0.05 0.002 0 0.002 0 1
149.434 0.052 0.002 0 0 0 1
149.484 0.05 0.002 0 0.002 0 1
149.534 0.052 0 0 0 0 1
149.584 0.05 0 0 0 0 1
149.634 0.05 0 0 0 0 1
149.682 0.048 0 0 0 0 1
149.73 0.048 0 0 0 0 1
149.78 0.048 0.002 0 0.002 0 1
149.822 0.042 0.002 0.002 0 0 1
149.932 0.108 0.004 0.002 0 0 1
149.942 0.014 0 0 0 0 1
149.996 0.052 0.002 0 0.002 0 1
150.046 0.052 0 0 0 0 1
150.1 0.052 0.002 0 0.002 0 1
150.15 0.052 0 0 0 0 1
150.204 0.052 0.002 0 0.002 0 1
150.252 0.048 0.002 0.002 0 0 1
150.304 0.052 0.002 0.002 0 0 1
150.352 0.048 0.002 0.002 0 0 1
150.404 0.052 0.002 0 0.002 0 1
150.456 0.052 0.002 0 0.002 0 1
150.502 0.044 0.004 0 0.002 0 1
150.554 0.054 0.002 0 0.002 0 1
150.6 0.048 0 0 0 0 1
150.646 0.044 0.002 0 0.002 0 1
150.694 0.05 0 0 0 0 1
150.744 0.048 0.002 0 0.002 0 1
150.794 0.052 0 0 0 0 1
150.842 0.046 0.002 0 0.002 0 1
150.884 0.044 0 0 0 0 1
150.934 0.048 0.002 0 0.002 0 1
150.984 0.052 0 0 0 0 1
151.036 0.052 0 0 0 0 1
151.084 0.046 0.002 0.002 0 0 1
151.124 0.042 0 0 0 0 1
151.172 0.048 0 0 0 0 1
151.226 0.052 0.002 0 0.002 0 1
151.276 0.052 0 0 0 0 1
151.324 0.048 0 0 0 0 1
151.444 0.118 0.002 0 0.002 0 1
151.456 0.012 0.002 0 0 0 1
151.506 0.05 0.002 0 0.002 0 1
151.558 0.052 0.002 0 0.002 0 1
151.61 0.052 0.002 0 0.002 0.002 1
151.656 0.048 0 0 0 0 1
151.708 0.05 0.002 0 0.002 0 1
151.756 0.048 0.002 0.002 0 0 1
151.8 0.044 0.002 0.002 0 0 1
151.85 0.05 0.002 0.002 0 0 1
151.898 0.05 0 0 0 0 1
151.946 0.046 0.002 0 0 0 1
151.998 0.052 0.002 0 0.002 0 1
152.106 0.108 0.002 0 0.002 0 1
152.134 0.028 0.002 0 0 0 1
152.184 0.05 0.002 0.002 0 0 1
152.236 0.054 0 0 0 0 1
152.288 0.05 0.002 0 0.002 0 1
152.338 0.052 0 0 0 0 1
152.38 0.042 0 0 0 0 1
152.428 0.046 0.002 0.002 0 0 1
152.48 0.054 0 0 0 0 1
152.528 0.048 0 0 0 0 1
152.58 0.05 0.002 0 0.002 0 1
152.628 0.048 0.002 0.002 0 0 1
152.726 0.098 0.002 0 0.002 0 1
152.762 0.038 0 0 0 0 1
152.812 0.05 0 0 0 0 1
152.86 0.048 0 0 0 0 1
152.912 0.052 0 0 0 0 1
152.962 0.048 0.002 0 0.002 0 1
153.01 0.05 0 0 0 0 1
153.062 0.052 0 0 0 0 1
153.114 0.048 0.004 0 0.002 0 1
153.164 0.052 0.002 0 0.002 0 1
153.212 0.05 0 0 0 0 1
153.262 0.05 0 0 0 0 1
153.304 0.042 0 0 0 0 1
153.354 0.05 0 0 0 0 1
153.466 0.112 0 0 0 0 1
153.504 0.038 0 0 0 0 1
153.556 0.05 0.002 0.002 0 0 1
153.608 0.052 0.002 0 0.002 0 1
153.654 0.048 0 0 0 0 1
153.706 0.05 0.002 0 0.002 0 1
153.756 0.052 0 0 0 0 1
153.808 0.05 0.002 0.002 0 0 1
153.856 0.05 0 0 0 0 1
153.904 0.048 0 0 0 0 1
153.954 0.05 0 0 0 0 1
154.006 0.05 0.002 0 0.002 0 1
154.054 0.05 0 0 0 0 1
154.194 0.138 0.002 0 0 0 1
154.244 0.05 0.002 0 0.002 0 1
154.296 0.052 0.002 0 0.002 0 1
154.346 0.052 0 0 0 0 1
154.396 0.05 0 0 0 0 1
154.448 0.05 0.002 0 0.002 0 1
154.498 0.05 0.002 0.002 0 0 1
154.548 0.052 0 0 0 0 1
154.598 0.05 0 0 0 0 1
154.638 0.038 0.002 0.002 0 0 1
154.686 0.05 0 0 0 0 1
154.732 0.046 0 0 0 0 1
154.786 0.052 0.002 0 0.002 0 1
154.934 0.15 0 0 0 0 1
154.966 0.032 0 0 0 0 1
155.02 0.054 0 0 0 0 1
155.074 0.052 0.002 0.002 0 0 1
155.126 0.052 0.002 0.002 0 0 1
155.176 0.052 0 0 0 0 1
155.226 0.05 0 0 0 0 1
155.276 0.05 0 0 0 0 1
155.326 0.05 0 0 0 0 1
155.378 0.05 0.002 0.002 0 0 1
155.428 0.052 0 0 0 0 1
155.48 0.05 0.002 0 0.002 0 1
155.526 0.048 0 0 0 0 1
155.58 0.052 0.002 0 0.002 0 1
155.63 0.05 0.002 0 0.002 0 1
155.68 0.05 0.002 0 0.002 0 1
155.73 0.05 0.002 0 0.002 0 1
155.776 0.048 0 0 0 0 1
155.83 0.052 0.002 0.002 0 0 1
155.878 0.05 0 0 0 0 1
155.93 0.052 0 0 0 0 1
155.978 0.048 0 0 0 0 1
156.03 0.05 0.002 0 0.002 0 1
156.08 0.05 0.002 0 0.002 0 1
156.128 0.05 0 0 0 0 1
156.178 0.05 0 0 0 0 1
156.23 0.05 0.002 0 0.002 0 1
156.278 0.05 0 0 0 0 1
156.422 0.144 0 0 0 0 1
156.422 0 0 0 0 0 1
156.47 0.046 0.002 0 0.002 0 1
156.518 0.05 0 0 0 0 1
156.57 0.052 0 0 0 0 1
156.62 0.048 0.002 0 0.002 0 1
156.668 0.048 0.002 0 0.002 0 1
156.718 0.048 0.004 0.002 0.002 0 1
156.768 0.054 0 0 0 0 1
156.818 0.05 0 0 0 0 1
156.868 0.05 0 0 0 0 1
156.916 0.048 0 0 0 0 1
156.966 0.05 0 0 0 0 1
157.072 0.102 0.004 0 0 0 1
157.102 0.03 0.004 0 0.004 0 1
157.152 0.054 0 0 0 0 1
157.204 0.05 0.002 0 0.002 0 1
157.252 0.05 0 0 0 0 1
157.304 0.05 0.002 0.002 0 0 1
157.356 0.052 0.002 0 0.002 0 1
157.404 0.05 0 0 0 0 1
157.456 0.05 0.002 0 0.002 0 1
157.506 0.05 0.002 0.002 0 0 1
157.556 0.052 0 0 0 0 1
157.606 0.05 0 0 0 0 1
157.656 0.05 0 0 0 0 1
157.704 0.048 0 0 0 0 1
157.814 0.108 0.002 0 0.002 0 1
157.85 0.036 0.002 0 0.002 0 1
157.894 0.046 0 0 0 0 1
157.94 0.044 0.002 0 0.002 0 1
157.99 0.05 0.002 0 0 0 1
158.04 0.052 0 0 0 0 1
158.092 0.05 0.002 0 0.002 0 1
158.142 0.05 0.002 0.002 0 0 1
158.192 0.05 0.002 0.002 0 0 1
158.242 0.05 0.002 0 0.002 0 1
158.292 0.05 0.002 0.002 0 0 1
158.342 0.052 0 0 0 0 1
158.394 0.05 0.002 0 0 0 1
158.488 0.096 0 0 0 0 1
158.534 0.046 0 0 0 0 1
158.586 0.05 0.002 0 0.002 0 1
158.636 0.052 0 0 0 0 1
158.686 0.05 0 0 0 0 1
158.74 0.052 0.002 0 0.002 0 1
158.788 0.05 0 0 0 0 1
158.84 0.052 0 0 0 0 1
158.89 0.05 0 0 0 0 1
158.942 0.05 0.002 0 0.002 0 1
158.988 0.046 0.002 0.002 0 0 1
159.126 0.138 0.002 0 0.002 0 1
159.13 0.004 0.002 0 0.002 0 1
159.176 0.048 0 0 0 0 1
159.23 0.048 0.006 0.004 0.002 0 1
159.274 0.05 0 0 0 0 1
159.326 0.052 0 0 0 0 1
159.376 0.05 0 0 0 0 1
159.428 0.052 0 0 0 0 1
159.478 0.05 0 0 0 0 1
159.53 0.05 0.002 0.002 0 0 1
159.576 0.046 0.002 0 0.002 0 1
159.626 0.05 0.002 0.002 0 0 1
159.676 0.052 0 0 0 0 1
159.846 0.168 0.002 0 0.002 0 1
159.86 0.016 0 0 0 0 1
159.912 0.05 0.002 0 0.002 0 1
159.962 0.05 0.002 0.002 0 0 1
160.012 0.052 0 0 0 0 1
160.062 0.05 0 0 0 0 1
160.11 0.048 0 0 0 0 1
160.162 0.05 0.002 0 0.002 0 1
160.212 0.05 0.002 0 0.002 0 1
160.262 0.05 0.002 0.002 0 0 1
160.306 0.042 0.004 0.004 0 0 1
160.354 0.052 0 0 0 0 1
160.504 0.148 0.002 0.002 0 0 1
160.554 0.05 0.002 0.002 0 0 1
160.604 0.052 0 0 0 0 1
160.654 0.05 0 0 0 0 1
160.704 0.05 0 0 0 0 1
160.754 0.05 0 0 0 0 1
160.806 0.05 0.002 0 0.002 0 1
160.856 0.05 0.002 0 0.002 0 1
160.902 0.046 0.002 0.002 0 0 1
160.95 0.05 0 0 0 0 1
160.996 0.046 0 0 0 0 1
161.048 0.052 0 0 0 0 1
161.09 0.042 0 0 0 0 1
161.144 0.052 0.002 0 0.002 0 1
161.194 0.05 0.002 0 0.002 0 1
161.242 0.05 0 0 0 0 1
161.294 0.05 0.002 0.002 0 0 1
161.34 0.048 0 0 0 0 1
161.39 0.05 0 0 0 0 1
161.442 0.05 0.002 0 0.002 0 1
161.488 0.048 0 0 0 0 1
161.538 0.05 0 0 0 0 1
161.588 0.05 0 0 0 0 1
161.64 0.05 0.002 0 0.002 0 1
161.684 0.046 0 0 0 0 1
161.738 0.052 0.002 0.002 0 0 1
161.786 0.05 0 0 0 0 1
161.838 0.05 0.002 0.002 0 0 1
161.956 0.118 0.002 0 0 0 1
161.98 0.024 0.002 0 0.002 0 1
162.032 0.052 0.002 0 0.002 0 1
162.084 0.052 0.002 0 0.002 0 1
162.132 0.05 0 0 0 0 1
162.184 0.05 0.002 0 0.002 0 1
162.234 0.05 0.002 0.002 0 0 1
162.282 0.048 0.002 0.002 0 0 1
162.332 0.05 0.002 0.002 0 0 1
162.382 0.048 0.004 0.004 0 0 1
162.432 0.052 0.002 0.002 0 0 1
162.482 0.05 0.002 0.002 0 0 1
162.534 0.052 0.002 0 0.002 0 1
162.584 0.05 0.002 0 0.002 0 1
162.682 0.098 0.002 0 0.002 0 1
162.716 0.034 0.002 0.002 0 0 1
162.762 0.048 0 0 0 0 1
162.812 0.05 0 0 0 0 1
162.862 0.048 0.002 0.002 0 0 1
162.904 0.042 0.002 0.002 0 0 1
162.952 0.048 0.002 0.002 0 0 1
163 0.048 0.002 0 0 0 1
163.048 0.05 0 0 0 0 1
163.1 0.052 0 0 0 0 1
163.154 0.052 0.002 0 0.002 0 1
163.204 0.052 0 0 0 0 1
163.256 0.05 0.002 0 0.002 0 1
163.306 0.052 0 0 0 0 1
163.356 0.048 0.002 0.002 0 0 1
163.406 0.052 0 0 0 0 1
163.458 0.05 0.002 0 0.002 0 1
163.5 0.044 0 0 0 0 1
163.536 0.036 0 0 0 0 1
163.59 0.054 0 0 0 0 1
163.644 0.052 0.002 0 0 0 1
163.698 0.054 0.002 0 0 0 1
163.748 0.05 0.002 0 0.002 0 1
163.8 0.052 0.002 0 0.002 0 1
163.85 0.052 0 0 0 0 1
163.902 0.05 0.002 0 0.002 0 1
163.948 0.048 0 0 0 0 1
164.002 0.052 0.002 0 0 0 1
164.12 0.12 0 0 0 0 1
164.13 0.008 0.002 0.002 0 0 1
164.178 0.05 0 0 0 0 1
164.228 0.05 0 0 0 0 1
164.272 0.042 0.002 0 0.002 0 1
164.322 0.05 0.002 0.002 0 0 1
164.372 0.05 0.002 0 0 0 1
164.424 0.052 0.002 0 0.002 0 1
164.474 0.05 0.002 0 0.002 0 1
164.524 0.05 0.002 0 0.002 0 1
164.574 0.05 0.002 0 0.002 0 1
164.622 0.05 0 0 0 0 1
164.672 0.05 0 0 0 0 1
164.722 0.046 0.004 0 0.004 0 1
164.838 0.12 0 0 0 0 1
164.862 0.02 0.004 0 0.002 0 1
164.912 0.052 0.002 0 0.002 0 1
164.964 0.052 0.002 0 0.002 0 1
165.016 0.052 0.002 0 0.002 0 1
165.066 0.052 0 0 0 0 1
165.118 0.05 0.002 0 0.002 0 1
165.168 0.05 0.002 0.002 0 0 1
165.21 0.044 0 0 0 0 1
165.262 0.05 0.002 0 0 0 1
165.306 0.046 0 0 0 0 1
165.356 0.048 0.002 0.002 0 0 1
165.482 0.126 0.002 0 0.002 0 1
165.528 0.046 0.002 0 0.002 0 1
165.58 0.052 0.002 0 0.002 0 1
165.63 0.052 0 0 0 0 1
165.678 0.046 0.002 0 0.002 0 1
165.73 0.052 0.002 0 0.002 0 1
165.782 0.052 0.002 0 0.002 0 1
165.832 0.05 0.002 0 0.002 0 1
165.882 0.05 0.002 0 0.002 0 1
165.93 0.05 0 0 0 0 1
