23.408 23.294 0.114 0 0.114 0.01 1
23.516 0.114 0.108 0.002 0.106 0.006 1
23.626 0.108 0.11 0.002 0.108 0.008 1
23.736 0.11 0.11 0.002 0.108 0.01 1
23.868 0.134 0.108 0.002 0.106 0.012 1
23.978 0.108 0.11 0.002 0.108 0.01 1
24.112 0.134 0.11 0.002 0.108 0.012 1
24.254 0.134 0.118 0.004 0.114 0.01 1
24.36 0.118 0.106 0.004 0.102 0.01 2
24.496 0.134 0.108 0.002 0.106 0.01 2
24.608 0.108 0.112 0.004 0.108 0.01 2
24.718 0.112 0.11 0.004 0.106 0.01 2
25.12 0.134 0.378 0.002 0.376 0.008 1
25.456 0.378 0.336 0.002 0.334 0.004 1
25.83 0.356 0.354 0.002 0.352 0.006 1
26.172 0.354 0.342 0.002 0.34 0.006 1
26.386 0.37 0.186 0.002 0.184 0.106 1
26.614 0.218 0.196 0.002 0.194 0.11 1
26.866 0.196 0.252 0.004 0.248 0.178 1
27.152 0.286 0.252 0.006 0.246 0.178 3
27.4 0.252 0.248 0.006 0.242 0.174 2
27.724 0.278 0.294 0.002 0.292 0.22 1
28.022 0.294 0.298 0.002 0.296 0.228 1
28.29 0.318 0.248 0.002 0.246 0.182 1
28.546 0.248 0.256 0.002 0.254 0.188 1
28.83 0.29 0.25 0.002 0.248 0.18 1
29.088 0.25 0.258 0.002 0.256 0.182 1
29.354 0.258 0.266 0.004 0.26 0.186 1
29.612 0.266 0.258 0.002 0.256 0.186 1
29.882 0.286 0.242 0.006 0.234 0.156 2
30.122 0.242 0.24 0.006 0.234 0.164 2
30.392 0.274 0.236 0.006 0.23 0.16 3
30.61 0.236 0.218 0.008 0.21 0.148 3
30.894 0.256 0.246 0.01 0.236 0.162 3
31.158 0.284 0.226 0.008 0.218 0.144 3
31.4 0.228 0.24 0.008 0.226 0.156 3
31.656 0.284 0.212 0.004 0.206 0.14 3
31.884 0.212 0.228 0 0.228 0.154 2
32.104 0.228 0.22 0.006 0.212 0.15 2
32.332 0.22 0.228 0.006 0.222 0.146 2
32.604 0.264 0.236 0.008 0.228 0.156 2
32.84 0.236 0.236 0.012 0.224 0.15 3
33.068 0.236 0.228 0.006 0.222 0.15 3
33.342 0.266 0.236 0.008 0.228 0.154 2
33.55 0.236 0.208 0.008 0.2 0.136 2
33.778 0.208 0.228 0.006 0.222 0.152 2
34.074 0.268 0.256 0.006 0.25 0.172 2
34.36 0.286 0.256 0.006 0.25 0.176 2
34.63 0.256 0.27 0.006 0.264 0.192 2
34.94 0.31 0.27 0.006 0.264 0.196 2
35.252 0.306 0.276 0.002 0.274 0.202 2
35.584 0.314 0.294 0.006 0.288 0.214 2
35.87 0.294 0.286 0 0.284 0.222 2
36.194 0.326 0.284 0.008 0.274 0.2 2
36.536 0.328 0.298 0.006 0.292 0.222 2
36.852 0.298 0.316 0.004 0.312 0.236 2
37.194 0.35 0.308 0.002 0.306 0.234 2
37.49 0.308 0.296 0.006 0.29 0.222 2
37.808 0.296 0.318 0.006 0.312 0.236 2
38.164 0.376 0.298 0.006 0.292 0.224 2
38.462 0.298 0.298 0.006 0.29 0.218 2
38.828 0.356 0.308 0.006 0.302 0.226 2
39.132 0.308 0.304 0.006 0.298 0.224 2
39.458 0.348 0.282 0.006 0.276 0.212 2
39.736 0.282 0.278 0.006 0.272 0.204 2
40.076 0.332 0.286 0.006 0.28 0.208 2
40.406 0.33 0.286 0.008 0.278 0.208 2
40.674 0.286 0.268 0.008 0.26 0.192 2
40.956 0.314 0.236 0.006 0.23 0.172 2
41.218 0.236 0.262 0.008 0.252 0.186 2
41.516 0.324 0.236 0.004 0.232 0.17 2
41.76 0.236 0.244 0.006 0.238 0.174 2
42.034 0.312 0.206 0.006 0.2 0.14 2
42.304 0.272 0.204 0.006 0.198 0.152 2
42.49 0.204 0.186 0.006 0.18 0.136 2
42.724 0.236 0.184 0.006 0.178 0.132 2
42.924 0.184 0.2 0.008 0.192 0.138 2
43.182 0.274 0.184 0.006 0.178 0.132 2
43.374 0.184 0.192 0.004 0.188 0.136 2
43.608 0.246 0.18 0.002 0.178 0.136 2
43.79 0.18 0.182 0.006 0.176 0.136 2
43.978 0.182 0.188 0.006 0.182 0.14 2
44.174 0.188 0.196 0.006 0.19 0.142 2
44.398 0.252 0.168 0.008 0.16 0.118 2
44.578 0.17 0.178 0.006 0.172 0.128 2
44.818 0.246 0.172 0.008 0.164 0.124 2
44.978 0.172 0.16 0.006 0.154 0.116 2
45.214 0.23 0.166 0.006 0.16 0.122 2
45.414 0.166 0.2 0.03 0.17 0.124 14
45.686 0.272 0.2 0.04 0.16 0.12 14
45.836 0.2 0.15 0.006 0.144 0.11 2
45.998 0.15 0.162 0.008 0.154 0.114 2
46.24 0.244 0.16 0.008 0.152 0.116 2
46.376 0.162 0.134 0.006 0.128 0.094 2
46.58 0.202 0.136 0.004 0.132 0.098 2
46.676 0.136 0.096 0.008 0.088 0.06 2
46.852 0.168 0.104 0.008 0.096 0.068 2
47.034 0.104 0.182 0.032 0.15 0.112 14
47.21 0.182 0.176 0.032 0.144 0.112 14
47.392 0.176 0.182 0.036 0.146 0.108 14
47.654 0.24 0.204 0.044 0.16 0.126 14
47.718 0.204 0.064 0.008 0.056 0.038 2
47.782 0.064 0.064 0.01 0.054 0.036 2
47.838 0.064 0.056 0.008 0.048 0.032 2
47.892 0.056 0.054 0.008 0.046 0.034 2
47.952 0.054 0.06 0.006 0.054 0.034 2
48.016 0.06 0.064 0.004 0.06 0.04 2
48.082 0.064 0.066 0.008 0.058 0.036 2
48.146 0.066 0.064 0.008 0.056 0.034 2
48.2 0.064 0.054 0.006 0.048 0.036 2
48.254 0.054 0.054 0.008 0.044 0.032 2
48.412 0.138 0.074 0.016 0.058 0.036 4
48.654 0.076 0.24 0.01 0.23 0.178 2
48.89 0.24 0.236 0.008 0.228 0.172 2
49.172 0.322 0.196 0.008 0.188 0.144 2
49.394 0.196 0.222 0 0.222 0.166 2
49.698 0.296 0.23 0.008 0.222 0.17 2
49.938 0.23 0.24 0.008 0.232 0.18 2
50.284 0.338 0.248 0.01 0.238 0.184 2
50.538 0.25 0.252 0.008 0.242 0.192 2
50.866 0.334 0.246 0.004 0.242 0.184 2
51.124 0.246 0.258 0.01 0.248 0.188 2
51.394 0.258 0.27 0.01 0.26 0.202 2
51.738 0.362 0.252 0.008 0.244 0.196 2
52.098 0.348 0.264 0.01 0.254 0.2 2
52.354 0.264 0.256 0.01 0.246 0.188 2
52.636 0.256 0.282 0.008 0.274 0.214 2
52.984 0.368 0.262 0.002 0.26 0.196 2
53.328 0.36 0.246 0.01 0.236 0.186 2
53.588 0.246 0.26 0.01 0.25 0.194 2
53.848 0.26 0.26 0.008 0.252 0.188 2
54.094 0.26 0.246 0.008 0.238 0.184 2
54.352 0.246 0.258 0.014 0.242 0.182 2
54.678 0.336 0.248 0.01 0.238 0.184 2
54.904 0.25 0.224 0.004 0.22 0.166 2
55.222 0.306 0.236 0.008 0.228 0.178 2
55.466 0.236 0.244 0.01 0.23 0.168 2
55.804 0.35 0.232 0.006 0.226 0.168 2
56.05 0.232 0.246 0.01 0.236 0.178 2
56.36 0.326 0.23 0.01 0.22 0.174 2
56.59 0.23 0.23 0.008 0.222 0.158 2
56.916 0.324 0.232 0.006 0.224 0.17 2
57.108 0.232 0.192 0.008 0.184 0.148 2
57.316 0.192 0.208 0.01 0.198 0.134 2
57.538 0.208 0.222 0.006 0.216 0.156 2
57.846 0.324 0.206 0.006 0.2 0.142 1
58.036 0.206 0.19 0.002 0.188 0.132 1
58.326 0.276 0.204 0.004 0.2 0.138 1
58.502 0.204 0.176 0.006 0.17 0.12 1
58.67 0.176 0.168 0.006 0.162 0.116 1
58.956 0.272 0.182 0 0.182 0.128 1
59.14 0.182 0.184 0.002 0.182 0.124 1
59.298 0.184 0.158 0.002 0.156 0.1 1
59.572 0.256 0.176 0.002 0.174 0.114 1
59.744 0.176 0.172 0.004 0.168 0.112 1
59.91 0.172 0.166 0.006 0.16 0.108 1
60.07 0.166 0.16 0.006 0.154 0.104 1
60.32 0.248 0.162 0.004 0.158 0.104 1
60.488 0.162 0.168 0.004 0.164 0.114 1
60.672 0.168 0.184 0.006 0.176 0.12 1
60.836 0.184 0.164 0.006 0.158 0.106 1
61.01 0.164 0.174 0.006 0.168 0.112 1
61.278 0.276 0.166 0.004 0.162 0.114 1
61.466 0.166 0.188 0.006 0.182 0.128 1
61.644 0.188 0.178 0.006 0.172 0.12 1
61.82 0.178 0.176 0.006 0.17 0.116 1
61.998 0.178 0.176 0.006 0.17 0.116 1
62.192 0.176 0.194 0.006 0.188 0.128 1
62.378 0.194 0.186 0.006 0.18 0.126 1
62.544 0.186 0.166 0.004 0.162 0.11 1
62.82 0.248 0.194 0.012 0.182 0.128 1
63.018 0.194 0.198 0.008 0.19 0.134 1
63.216 0.198 0.198 0.006 0.192 0.14 1
63.41 0.198 0.194 0.002 0.192 0.136 1
63.736 0.306 0.214 0.006 0.208 0.15 1
63.936 0.214 0.2 0.002 0.198 0.14 1
64.28 0.32 0.224 0.006 0.216 0.16 1
64.472 0.224 0.192 0.006 0.186 0.14 1
64.662 0.192 0.19 0.006 0.184 0.134 1
64.874 0.19 0.212 0.006 0.206 0.142 1
65.228 0.346 0.22 0.006 0.214 0.158 1
65.428 0.22 0.2 0.006 0.192 0.138 1
65.618 0.2 0.19 0 0.19 0.136 1
65.9 0.272 0.2 0.004 0.196 0.146 1
66.09 0.2 0.19 0.006 0.184 0.136 1
66.294 0.19 0.204 0.006 0.198 0.138 1
66.58 0.304 0.186 0.004 0.182 0.126 1
66.78 0.186 0.2 0.006 0.194 0.136 1
66.98 0.2 0.2 0.004 0.196 0.142 1
67.268 0.298 0.19 0.004 0.186 0.132 1
67.47 0.19 0.202 0.006 0.196 0.138 1
67.66 0.202 0.19 0.006 0.184 0.132 1
67.948 0.286 0.192 0.006 0.186 0.132 1
68.134 0.192 0.186 0.006 0.18 0.13 1
68.318 0.186 0.184 0.008 0.176 0.124 1
68.502 0.184 0.184 0.006 0.178 0.13 1
68.798 0.292 0.188 0.006 0.182 0.13 1
68.974 0.19 0.174 0.004 0.17 0.12 1
69.122 0.174 0.148 0.006 0.142 0.092 1
69.414 0.262 0.178 0.004 0.174 0.124 1
69.574 0.18 0.158 0.004 0.154 0.098 1
69.73 0.158 0.156 0.004 0.15 0.102 1
69.872 0.156 0.142 0.004 0.138 0.092 1
70.13 0.242 0.158 0.006 0.152 0.1 1
70.28 0.158 0.15 0.006 0.144 0.098 1
70.416 0.15 0.136 0.004 0.132 0.08 1
70.544 0.136 0.128 0.004 0.124 0.082 1
70.678 0.128 0.134 0.004 0.126 0.078 1
70.924 0.244 0.136 0 0.136 0.088 1
71.054 0.136 0.13 0 0.13 0.086 1
71.194 0.13 0.14 0.004 0.136 0.09 1
71.33 0.14 0.136 0.004 0.13 0.09 1
71.462 0.136 0.132 0.002 0.13 0.086 1
71.604 0.132 0.142 0.004 0.138 0.084 1
71.828 0.236 0.13 0 0.13 0.086 1
72.014 0.13 0.186 0.004 0.182 0.128 1
72.204 0.186 0.19 0.004 0.186 0.13 1
72.382 0.19 0.178 0.002 0.176 0.134 1
72.686 0.298 0.184 0.002 0.182 0.132 1
72.886 0.184 0.2 0.004 0.196 0.146 1
73.078 0.2 0.192 0.004 0.188 0.142 1
73.272 0.192 0.194 0 0.194 0.142 1
73.464 0.194 0.192 0.004 0.188 0.142 1
73.72 0.33 0.118 0.002 0.116 0.076 1
73.844 0.118 0.124 0.002 0.122 0.078 1
73.972 0.124 0.128 0.004 0.124 0.084 1
74.08 0.128 0.108 0.004 0.104 0.07 1
74.312 0.228 0.112 0.004 0.108 0.078 1
74.426 0.112 0.114 0.004 0.11 0.076 1
74.534 0.114 0.108 0.004 0.104 0.068 1
74.642 0.108 0.108 0 0.108 0.068 1
74.74 0.108 0.098 0.004 0.094 0.062 1
74.848 0.098 0.108 0.002 0.106 0.07 1
75.096 0.244 0.112 0.002 0.11 0.07 1
75.212 0.114 0.114 0 0.114 0.07 1
75.328 0.114 0.116 0.002 0.114 0.07 1
75.43 0.116 0.102 0.004 0.098 0.06 1
75.53 0.102 0.1 0 0.1 0.06 1
75.634 0.1 0.104 0.004 0.1 0.062 1
75.744 0.104 0.11 0.002 0.108 0.064 1
75.84 0.11 0.096 0.002 0.094 0.056 1
76.066 0.22 0.102 0.004 0.098 0.06 1
76.156 0.102 0.09 0.002 0.088 0.056 1
76.244 0.09 0.088 0.004 0.084 0.052 1
76.336 0.088 0.092 0.002 0.09 0.056 1
76.416 0.092 0.08 0.002 0.078 0.048 1
76.492 0.08 0.076 0 0.076 0.046 1
76.584 0.076 0.092 0.002 0.09 0.056 1
76.672 0.092 0.088 0.002 0.084 0.05 1
76.752 0.088 0.08 0.002 0.078 0.042 1
76.974 0.202 0.1 0.008 0.092 0.056 1
77.048 0.1 0.074 0.004 0.07 0.04 1
77.12 0.074 0.072 0.002 0.07 0.036 1
77.192 0.072 0.072 0.004 0.068 0.038 1
77.254 0.072 0.062 0.002 0.06 0.03 1
77.324 0.062 0.07 0.002 0.068 0.038 1
77.388 0.07 0.064 0.004 0.06 0.032 1
77.452 0.064 0.064 0.002 0.062 0.034 1
77.522 0.064 0.07 0.002 0.068 0.038 1
77.58 0.07 0.058 0.004 0.054 0.026 1
77.77 0.176 0.072 0.004 0.068 0.036 1
77.834 0.072 0.064 0.002 0.062 0.032 1
77.888 0.064 0.054 0.002 0.052 0.028 1
77.938 0.054 0.05 0.002 0.048 0.026 1
77.982 0.05 0.044 0.004 0.04 0.024 1
78.036 0.044 0.054 0.002 0.052 0.026 1
78.092 0.054 0.056 0.002 0.054 0.028 1
78.148 0.056 0.056 0.002 0.054 0.026 1
78.204 0.056 0.056 0.002 0.054 0.028 1
78.258 0.056 0.054 0.002 0.052 0.028 1
78.316 0.054 0.058 0.002 0.056 0.028 1
78.372 0.058 0.056 0.002 0.054 0.026 1
78.424 0.056 0.052 0.004 0.048 0.028 1
78.472 0.052 0.048 0.002 0.046 0.024 1
78.69 0.206 0.06 0.004 0.056 0.03 1
78.746 0.06 0.056 0.002 0.054 0.03 1
78.794 0.056 0.048 0.002 0.044 0.022 1
78.844 0.05 0.048 0.002 0.046 0.026 1
78.894 0.05 0.048 0 0.048 0.026 1
78.94 0.05 0.044 0.002 0.042 0.022 1
78.988 0.044 0.048 0.002 0.046 0.026 1
79.04 0.05 0.05 0.002 0.046 0.024 1
79.086 0.052 0.044 0.002 0.042 0.024 1
79.14 0.05 0.048 0.002 0.046 0.026 1
79.186 0.052 0.042 0 0.042 0.02 1
79.236 0.052 0.04 0.002 0.038 0.022 1
79.284 0.044 0.044 0.002 0.042 0.024 1
79.334 0.052 0.042 0 0.042 0.024 1
79.378 0.048 0.038 0.002 0.036 0.018 1
79.43 0.046 0.044 0.002 0.042 0.024 1
79.484 0.048 0.05 0.002 0.048 0.026 1
79.528 0.052 0.042 0.002 0.038 0.018 1
79.582 0.044 0.052 0.002 0.05 0.028 1
79.63 0.054 0.046 0 0.046 0.024 1
79.68 0.05 0.046 0.002 0.044 0.024 1
79.726 0.048 0.044 0.002 0.042 0.026 1
79.778 0.05 0.046 0.002 0.044 0.022 1
79.826 0.052 0.042 0 0.038 0.022 1
79.88 0.05 0.046 0.002 0.044 0.02 1
79.932 0.048 0.05 0 0.05 0.028 1
79.972 0.05 0.04 0.002 0.036 0.02 1
80.03 0.046 0.052 0.002 0.048 0.026 1
80.082 0.052 0.052 0.002 0.044 0.028 1
80.132 0.052 0.05 0.002 0.048 0.026 1
80.18 0.05 0.048 0.002 0.046 0.026 1
80.228 0.048 0.048 0.002 0.046 0.026 1
80.422 0.194 0.048 0.002 0.046 0.026 1
80.424 0.048 0.002 0.002 0 0 1
80.474 0.05 0.002 0 0.002 0 1
80.524 0.05 0.002 0.002 0 0 1
80.57 0.046 0.002 0.002 0 0 1
80.622 0.05 0.004 0.002 0 0 1
80.67 0.052 0 0 0 0 1
80.718 0.046 0.002 0.002 0 0 1
80.768 0.05 0.002 0.002 0 0 1
80.82 0.052 0.002 0 0 0 1
80.866 0.044 0.004 0.002 0 0 1
80.916 0.05 0.004 0.004 0 0 1
80.958 0.046 0 0 0 0 1
81.008 0.05 0 0 0 0 1
81.06 0.05 0.002 0.002 0 0 1
81.112 0.052 0.002 0 0.002 0 1
81.16 0.048 0.002 0 0.002 0 1
81.288 0.128 0.002 0.002 0 0 1
81.29 0.002 0.002 0.002 0 0 1
81.342 0.052 0.002 0.002 0 0 1
81.392 0.05 0.002 0.002 0 0 1
81.444 0.052 0.002 0.002 0 0 1
81.494 0.05 0.002 0.002 0 0 1
81.544 0.052 0 0 0 0 1
81.594 0.048 0.002 0.002 0 0 1
81.646 0.052 0.002 0 0.002 0 1
81.696 0.05 0.002 0 0.002 0 1
81.744 0.05 0 0 0 0 1
81.796 0.05 0.002 0 0.002 0 1
81.844 0.05 0 0 0 0 1
81.894 0.048 0.002 0.002 0 0 1
81.944 0.052 0 0 0 0 1
81.996 0.048 0.004 0.002 0.002 0 1
82.046 0.05 0.004 0.002 0.002 0 1
82.096 0.052 0.002 0 0.002 0 1
82.142 0.046 0.002 0.002 0 0 1
82.192 0.052 0 0 0 0 1
82.244 0.05 0.002 0 0.002 0 1
82.292 0.05 0 0 0 0 1
82.342 0.05 0 0 0 0 1
82.39 0.046 0.002 0 0.002 0 1
82.442 0.05 0.004 0.002 0 0 1
82.492 0.05 0.004 0.002 0 0 1
82.54 0.052 0 0 0 0 1
82.592 0.05 0.002 0.002 0 0 1
82.642 0.05 0.002 0.002 0 0 1
82.69 0.05 0 0 0 0 1
82.738 0.046 0.002 0.002 0 0 1
82.788 0.052 0 0 0 0 1
82.838 0.05 0 0 0 0 1
82.892 0.042 0.012 0 0.012 0 1
83.068 0.186 0.002 0 0.002 0 1
83.084 0.012 0.006 0.004 0.002 0 1
83.128 0.05 0 0 0 0 1
83.182 0.052 0.002 0.002 0 0 1
83.232 0.05 0.002 0.002 0 0 1
83.278 0.046 0.002 0 0.002 0 1
83.326 0.05 0 0 0 0 1
83.378 0.05 0.002 0 0.002 0 1
83.428 0.05 0.002 0 0.002 0 1
83.478 0.05 0.002 0.002 0 0 1
83.53 0.05 0.004 0.002 0.002 0 1
83.58 0.052 0.002 0 0.002 0 1
83.628 0.05 0 0 0 0 1
83.676 0.048 0 0 0 0 1
83.726 0.05 0 0 0 0 1
83.776 0.05 0 0 0 0 1
83.826 0.048 0.002 0.002 0 0 1
83.874 0.048 0.002 0.002 0 0 1
83.924 0.052 0 0 0 0 1
83.974 0.05 0 0 0 0 1
84.024 0.048 0.002 0 0.002 0 1
84.072 0.048 0.002 0 0.002 0 1
84.12 0.048 0.002 0.002 0 0 1
84.17 0.05 0.002 0.002 0 0 1
84.22 0.05 0.002 0.002 0 0 1
84.268 0.05 0 0 0 0 1
84.32 0.05 0.002 0.002 0 0 1
84.368 0.05 0 0 0 0 1
84.42 0.05 0.002 0 0.002 0 1
84.468 0.048 0.002 0 0.002 0 1
84.52 0.052 0.002 0 0.002 0 1
84.57 0.05 0.002 0 0.002 0 1
84.618 0.048 0.002 0.002 0 0 1
84.756 0.14 0 0 0 0 1
84.78 0.024 0 0 0 0 1
84.834 0.052 0.002 0 0.002 0 1
84.888 0.056 0 0 0 0 1
84.944 0.054 0.002 0 0.002 0 1
84.998 0.052 0.004 0.002 0.002 0 1
85.05 0.054 0.002 0.002 0 0 1
85.098 0.048 0.002 0 0.002 0 1
85.148 0.052 0 0 0 0 1
85.198 0.05 0 0 0 0 1
85.242 0.042 0.002 0 0.002 0 1
85.292 0.052 0 0 0 0 1
85.34 0.048 0 0 0 0 1
85.39 0.05 0 0 0 0 1
85.44 0.05 0 0 0 0 1
85.604 0.16 0.004 0.002 0 0 1
85.628 0.026 0.002 0 0 0 1
85.682 0.054 0.002 0 0.002 0 1
85.728 0.048 0 0 0 0 1
85.778 0.048 0.002 0.002 0 0 1
85.83 0.052 0.002 0 0.002 0 1
85.882 0.052 0.002 0 0.002 0 1
85.932 0.05 0.002 0.002 0 0 1
85.982 0.05 0.002 0 0.002 0 1
86.032 0.05 0.002 0.002 0 0 1
86.08 0.048 0.002 0 0.002 0 1
86.13 0.05 0.002 0 0.002 0 1
86.178 0.048 0.002 0 0.002 0 1
86.226 0.05 0 0 0 0 1
86.278 0.04 0.012 0.012 0 0 1
86.33 0.062 0.002 0 0.002 0 1
86.38 0.05 0.002 0.002 0 0 1
86.542 0.162 0.002 0.002 0 0 1
86.566 0.024 0.002 0.002 0 0 1
86.616 0.052 0 0 0 0 1
86.67 0.054 0 0 0 0 1
86.71 0.04 0 0 0 0 1
86.764 0.054 0 0 0 0 1
86.81 0.044 0.002 0.002 0 0 1
86.86 0.048 0.004 0.002 0 0 1
86.912 0.054 0.002 0 0.002 0 1
86.962 0.05 0.002 0.002 0 0 1
87.012 0.048 0.004 0.002 0.002 0 1
87.058 0.05 0 0 0 0 1
87.102 0.044 0 0 0 0 1
87.152 0.048 0.002 0.002 0 0 1
87.202 0.05 0.002 0.002 0 0 1
87.252 0.052 0 0 0 0 1
87.302 0.048 0.002 0 0.002 0 1
87.348 0.046 0.002 0.002 0 0 1
87.398 0.05 0.002 0.002 0 0 1
87.446 0.05 0 0 0 0 1
87.498 0.052 0 0 0 0 1
87.542 0.042 0.002 0 0.002 0 1
87.592 0.05 0.002 0 0.002 0 1
87.638 0.048 0 0 0 0 1
87.688 0.05 0 0 0 0 1
87.738 0.05 0 0 0 0 1
87.786 0.048 0 0 0 0 1
87.836 0.05 0 0 0 0 1
87.886 0.05 0 0 0 0 1
87.934 0.046 0.002 0.002 0 0 1
87.984 0.05 0.002 0.002 0 0 1
88.034 0.052 0 0 0 0 1
88.08 0.044 0.002 0.002 0 0 1
88.238 0.16 0 0 0 0 1
88.27 0.032 0 0 0 0 1
88.318 0.048 0 0 0 0 1
88.374 0.054 0.002 0.002 0 0 1
88.424 0.052 0 0 0 0 1
88.47 0.046 0 0 0 0 1
88.52 0.048 0.002 0.002 0 0 1
88.568 0.048 0.002 0.002 0 0 1
88.618 0.05 0.002 0.002 0 0 1
88.668 0.052 0 0 0 0 1
88.72 0.05 0.002 0.002 0 0 1
88.772 0.052 0.002 0 0.002 0 1
88.822 0.052 0 0 0 0 1
88.872 0.048 0.002 0.002 0 0 1
88.922 0.052 0 0 0 0 1
88.974 0.05 0.002 0.002 0 0 1
89.16 0.184 0.004 0.002 0.002 0 1
89.196 0.038 0.002 0 0.002 0 1
89.248 0.054 0 0 0 0 1
89.302 0.052 0.002 0.002 0 0 1
89.354 0.052 0.002 0.002 0 0 1
89.406 0.052 0.002 0 0.002 0 1
89.456 0.052 0 0 0 0 1
89.5 0.042 0.002 0 0.002 0 1
89.55 0.05 0.002 0 0.002 0 1
89.6 0.052 0 0 0 0 1
89.65 0.05 0 0 0 0 1
89.702 0.05 0.002 0 0.002 0 1
89.752 0.05 0.002 0 0.002 0 1
89.796 0.046 0 0 0 0 1
89.844 0.046 0.002 0.002 0 0 1
89.894 0.052 0 0 0 0 1
89.946 0.05 0.002 0.002 0 0 1
89.994 0.05 0 0 0 0 1
90.044 0.05 0 0 0 0 1
90.184 0.138 0.002 0 0 0 1
90.23 0.048 0 0 0 0 1
90.284 0.054 0 0 0 0 1
90.334 0.046 0.004 0.004 0 0 1
90.384 0.054 0 0 0 0 1
90.434 0.048 0.002 0 0.002 0 1
90.486 0.052 0.002 0 0.002 0 1
90.532 0.046 0.002 0 0.002 0.002 1
90.582 0.05 0.002 0 0.002 0 1
90.624 0.042 0.002 0 0.002 0 1
90.672 0.05 0 0 0 0 1
90.72 0.048 0 0 0 0 1
90.77 0.05 0 0 0 0 1
90.822 0.05 0.002 0 0.002 0 1
90.872 0.05 0.002 0.002 0 0 1
90.922 0.05 0.002 0 0.002 0 1
90.972 0.05 0.002 0.002 0 0 1
91.022 0.05 0.002 0 0 0 1
91.072 0.05 0.002 0 0 0 1
91.242 0.17 0.002 0.002 0 0 1
91.258 0.016 0.002 0 0.002 0 1
91.31 0.052 0.002 0 0.002 0 1
91.36 0.05 0.002 0 0.002 0 1
91.41 0.05 0.002 0.002 0 0 1
91.458 0.05 0 0 0 0 1
91.51 0.044 0.008 0 0.008 0 1
91.56 0.058 0 0 0 0 1
91.612 0.048 0.004 0.004 0 0 1
91.658 0.05 0 0 0 0 1
91.71 0.05 0.002 0 0.002 0 1
91.752 0.042 0.002 0 0.002 0 1
91.802 0.05 0.002 0.002 0 0 1
91.85 0.05 0 0 0 0 1
91.902 0.046 0.006 0.006 0 0 1
91.95 0.054 0 0 0 0 1
92.002 0.05 0.002 0 0.002 0 1
92.05 0.05 0 0 0 0 1
92.244 0.192 0.002 0.002 0 0 1
92.284 0.04 0.002 0 0 0 1
92.338 0.054 0.002 0.002 0 0 1
92.388 0.05 0.002 0.002 0 0 1
92.44 0.052 0.002 0 0 0 1
92.49 0.052 0 0 0 0 1
92.542 0.05 0.002 0.002 0 0 1
92.588 0.048 0 0 0 0 1
92.64 0.052 0 0 0 0 1
92.686 0.046 0 0 0 0 1
92.738 0.052 0 0 0 0 1
92.79 0.048 0.004 0.004 0 0 1
92.842 0.054 0.002 0 0.002 0 1
92.892 0.05 0.002 0.002 0 0 1
92.942 0.052 0 0 0 0 1
92.994 0.05 0.002 0 0.002 0 1
93.032 0.04 0 0 0 0 1
93.094 0.06 0.002 0 0.002 0 1
93.142 0.05 0 0 0 0 1
93.276 0.132 0.002 0 0.002 0 1
93.284 0.01 0 0 0 0 1
93.33 0.046 0 0 0 0 1
93.382 0.05 0.002 0 0.002 0 1
93.43 0.05 0 0 0 0 1
93.48 0.05 0 0 0 0 1
93.528 0.048 0 0 0 0 1
93.582 0.052 0.002 0 0.002 0 1
93.632 0.05 0.002 0.002 0 0 1
93.684 0.052 0.002 0 0.002 0 1
93.732 0.048 0.002 0.002 0 0 1
93.78 0.05 0 0 0 0 1
93.832 0.052 0 0 0 0 1
93.884 0.05 0.002 0.002 0 0 1
93.934 0.05 0.002 0.002 0 0 1
93.984 0.052 0 0 0 0 1
94.034 0.05 0 0 0 0 1
94.084 0.048 0.002 0.002 0 0 1
94.262 0.178 0.002 0.002 0 0 1
94.268 0.008 0 0 0 0 1
94.322 0.052 0.002 0 0.002 0 1
94.372 0.052 0 0 0 0 1
94.426 0.052 0.002 0 0.002 0 1
94.476 0.052 0 0 0 0 1
94.528 0.052 0 0 0 0 1
94.58 0.05 0.002 0.002 0 0 1
94.63 0.05 0.002 0.002 0 0 1
94.68 0.052 0 0 0 0 1
94.722 0.038 0.004 0.004 0 0 1
94.774 0.054 0.002 0 0.002 0 1
94.824 0.05 0.002 0 0.002 0 1
94.874 0.05 0.002 0 0.002 0 1
94.92 0.048 0 0 0 0 1
94.974 0.052 0.002 0 0.002 0 1
95.106 0.132 0.002 0 0.002 0 1
95.134 0.03 0 0 0 0 1
95.184 0.048 0.002 0.002 0 0 1
95.234 0.05 0.002 0 0.002 0 1
95.286 0.052 0.002 0.002 0 0 1
95.338 0.052 0.002 0.002 0 0 1
95.39 0.052 0.002 0 0.002 0 1
95.442 0.052 0.002 0 0.002 0 1
95.488 0.048 0 0 0 0 1
95.53 0.042 0 0 0 0 1
95.578 0.046 0.002 0.002 0 0 1
95.628 0.052 0 0 0 0 1
95.68 0.05 0.002 0 0.002 0 1
95.728 0.05 0 0 0 0 1
95.778 0.05 0 0 0 0 1
95.83 0.05 0.002 0 0.002 0 1
95.88 0.05 0.002 0 0.002 0 1
95.928 0.05 0 0 0 0 1
95.978 0.05 0 0 0 0 1
96.146 0.168 0 0 0 0 1
96.156 0 0.01 0.008 0.002 0 1
96.206 0.058 0.002 0 0 0 1
96.256 0.052 0 0 0 0 1
96.302 0.044 0.002 0 0.002 0 1
96.352 0.05 0.002 0.002 0 0 1
96.404 0.052 0.002 0 0.002 0 1
96.454 0.052 0 0 0 0 1
96.504 0.05 0 0 0 0 1
96.556 0.05 0.002 0 0.002 0 1
96.604 0.05 0 0 0 0 1
96.656 0.05 0.002 0.002 0 0 1
96.706 0.05 0.002 0.002 0 0 1
96.754 0.05 0 0 0 0 1
96.804 0.05 0 0 0 0 1
96.854 0.05 0 0 0 0 1
96.906 0.05 0.002 0.002 0 0 1
96.952 0.046 0.002 0 0.002 0 1
97.002 0.05 0.002 0 0.002 0 1
97.158 0.156 0.002 0 0 0 1
97.178 0.02 0.002 0 0.002 0 1
97.224 0.046 0.002 0.002 0 0 1
97.278 0.054 0.002 0 0.002 0 1
97.326 0.046 0.004 0 0.004 0 1
97.378 0.056 0 0 0 0 1
97.428 0.05 0 0 0 0 1
97.478 0.048 0.002 0 0.002 0 1
97.522 0.044 0.002 0.002 0 0 1
97.572 0.05 0.002 0.002 0 0 1
97.624 0.052 0.002 0.002 0 0 1
97.674 0.052 0 0 0 0 1
97.722 0.048 0 0 0 0 1
97.772 0.05 0 0 0 0 1
97.822 0.05 0 0 0 0 1
97.87 0.048 0 0 0 0 1
98.038 0.166 0.002 0 0.002 0 1
98.062 0.026 0 0 0 0 1
98.112 0.048 0.002 0 0.002 0 1
98.164 0.052 0.002 0 0.002 0 1
98.212 0.048 0.002 0 0.002 0 1
98.258 0.046 0.002 0 0.002 0 1
98.308 0.05 0.002 0.002 0 0 1
98.358 0.05 0.002 0.002 0 0 1
98.408 0.052 0 0 0 0 1
98.458 0.05 0 0 0 0 1
98.508 0.05 0 0 0 0 1
98.554 0.046 0 0 0 0 1
98.602 0.046 0.002 0 0.002 0 1
98.652 0.05 0.002 0 0.002 0 1
98.702 0.05 0.002 0 0.002 0 1
98.75 0.05 0 0 0 0 1
98.8 0.05 0 0 0 0 1
98.85 0.05 0 0 0 0 1
98.9 0.046 0.004 0 0 0 1
98.95 0.052 0.002 0 0.002 0 1
98.996 0.048 0 0 0 0 1
99.186 0.188 0.002 0.002 0 0 1
99.222 0.038 0 0 0 0 1
99.28 0.054 0.004 0 0.002 0 1
99.322 0.046 0 0 0 0 1
99.376 0.054 0 0 0 0 1
99.428 0.052 0 0 0 0 1
99.482 0.052 0.002 0 0.002 0 1
99.53 0.05 0 0 0 0 1
99.58 0.05 0 0 0 0 1
99.63 0.05 0 0 0 0 1
99.674 0.044 0 0 0 0 1
99.724 0.05 0 0 0 0 1
99.766 0.042 0 0 0 0 1
99.82 0.052 0.002 0 0.002 0 1
99.872 0.052 0.002 0 0.002 0 1
99.922 0.05 0.002 0 0.002 0 1
100.12 0.198 0.002 0 0 0 1
100.152 0.032 0.002 0.002 0 0 1
100.202 0.05 0.002 0 0.002 0 1
100.252 0.052 0 0 0 0 1
100.302 0.05 0 0 0 0 1
100.354 0.05 0.002 0 0.002 0 1
100.404 0.05 0.002 0.002 0 0 1
100.452 0.05 0 0 0 0 1
100.504 0.05 0.002 0 0.002 0 1
100.55 0.046 0.002 0.002 0 0 1
100.602 0.052 0.002 0 0.002 0 1
100.652 0.05 0.002 0.002 0 0 1
100.702 0.052 0 0 0 0 1
100.752 0.048 0.002 0.002 0 0 1
100.8 0.05 0 0 0 0 1
100.85 0.05 0 0 0 0 1
100.9 0.05 0 0 0 0 1
101.09 0.188 0.002 0 0.002 0 1
101.14 0.05 0.002 0 0.002 0 1
101.19 0.052 0 0 0 0 1
101.24 0.05 0 0 0 0 1
101.292 0.046 0.006 0.006 0 0 1
101.34 0.054 0 0 0 0 1
101.392 0.05 0.002 0 0.002 0 1
101.442 0.05 0.002 0 0.002 0 1
101.49 0.05 0 0 0 0 1
101.542 0.05 0.002 0 0.002 0 1
101.59 0.05 0 0 0 0 1
101.642 0.05 0.002 0.002 0 0 1
101.688 0.048 0 0 0 0 1
101.74 0.05 0.002 0 0.002 0 1
101.788 0.05 0 0 0 0 1
101.838 0.05 0 0 0 0 1
101.888 0.048 0.002 0 0.002 0 1
101.936 0.05 0 0 0 0 1
101.988 0.05 0.002 0 0.002 0 1
102.034 0.048 0 0 0 0 1
102.086 0.052 0 0 0 0 1
102.136 0.05 0 0 0 0 1
102.186 0.05 0 0 0 0 1
102.238 0.05 0.002 0 0.002 0 1
102.286 0.05 0 0 0 0 1
102.338 0.05 0.002 0 0.002 0 1
102.388 0.048 0.004 0 0.004 0 1
102.436 0.052 0 0 0 0 1
102.484 0.048 0 0 0 0 1
102.536 0.05 0.002 0 0.002 0 1
102.586 0.05 0.002 0 0.002 0 1
102.634 0.05 0 0 0 0 1
102.686 0.05 0.002 0.002 0 0 1
102.73 0.044 0.002 0.002 0 0 1
102.77 0.042 0 0 0 0 1
102.984 0.212 0.002 0.002 0 0 1
103.014 0.03 0.002 0 0.002 0 1
103.066 0.052 0.002 0 0.002 0 1
103.114 0.05 0 0 0 0 1
103.168 0.052 0.002 0 0.002 0 1
103.22 0.052 0.002 0.002 0 0 1
103.27 0.052 0 0 0 0 1
103.316 0.044 0.002 0.002 0 0 1
103.368 0.052 0.002 0.002 0 0 1
103.41 0.042 0.002 0.002 0 0 1
103.464 0.054 0.002 0 0.002 0 1
103.516 0.052 0.002 0.002 0 0 1
103.568 0.052 0.002 0 0.002 0 1
103.62 0.052 0.002 0 0.002 0 1
103.668 0.05 0 0 0 0 1
103.718 0.05 0 0 0 0 1
103.772 0.052 0.002 0 0.002 0 1
103.822 0.05 0.002 0 0.002 0 1
103.872 0.05 0.002 0 0.002 0 1
103.922 0.05 0.002 0.002 0 0 1
103.972 0.052 0 0 0 0 1
104.098 0.124 0.002 0.002 0 0 1
104.1 0.002 0.002 0.002 0 0 1
104.146 0.046 0.002 0 0.002 0 1
104.198 0.052 0.002 0 0.002 0 1
104.246 0.048 0.002 0.002 0 0 1
104.298 0.052 0.002 0 0.002 0 1
104.348 0.05 0.002 0.002 0 0 1
104.398 0.052 0 0 0 0 1
104.448 0.05 0 0 0 0 1
104.5 0.05 0.002 0 0 0 1
104.55 0.05 0.002 0 0.002 0 1
104.592 0.04 0.004 0.002 0.002 0 1
104.642 0.052 0.002 0.002 0 0 1
104.692 0.052 0 0 0 0 1
104.744 0.052 0 0 0 0 1
104.796 0.05 0.002 0 0.002 0 1
104.846 0.05 0.002 0 0.002 0 1
104.888 0.044 0 0 0 0 1
104.94 0.05 0.002 0 0.002 0 1
104.988 0.05 0 0 0 0 1
105.042 0.052 0.002 0 0.002 0 1
105.092 0.05 0.002 0 0.002 0 1
105.14 0.046 0.004 0.002 0.002 0 1
105.188 0.052 0 0 0 0 1
105.238 0.048 0.002 0.002 0 0 1
105.288 0.052 0 0 0 0 1
105.33 0.04 0.002 0 0.002 0 1
105.38 0.05 0.002 0 0.002 0 1
105.43 0.05 0.002 0 0.002 0 1
105.48 0.05 0.002 0 0.002 0 1
105.528 0.05 0 0 0 0 1
105.58 0.05 0.002 0 0.002 0 1
105.628 0.05 0 0 0 0 1
105.68 0.05 0.002 0 0.002 0 1
105.728 0.048 0.002 0.002 0 0 1
105.776 0.05 0 0 0 0 1
105.992 0.216 0 0 0 0 1
106.014 0.02 0.002 0.002 0 0 1
106.056 0.044 0 0 0 0 1
106.108 0.052 0 0 0 0 1
106.158 0.05 0 0 0 0 1
106.208 0.05 0 0 0 0 1
106.262 0.052 0.002 0 0.002 0 1
106.308 0.048 0 0 0 0 1
106.358 0.05 0 0 0 0 1
106.412 0.052 0.002 0 0.002 0 1
106.46 0.05 0 0 0 0 1
106.51 0.05 0 0 0 0 1
106.562 0.05 0.002 0 0.002 0 1
106.612 0.05 0.002 0 0.002 0 1
106.662 0.05 0.002 0.002 0 0 1
106.712 0.05 0.002 0.002 0 0 1
106.762 0.048 0.004 0 0.004 0 1
106.81 0.052 0 0 0 0 1
106.858 0.048 0 0 0 0 1
107.066 0.208 0 0 0 0 1
107.096 0.03 0 0 0 0 1
107.146 0.048 0.002 0.002 0 0 1
107.196 0.052 0 0 0 0 1
107.248 0.052 0 0 0 0 1
107.3 0.052 0 0 0 0 1
107.352 0.048 0.004 0.002 0.002 0 1
107.4 0.052 0 0 0 0 1
107.454 0.052 0.002 0 0.002 0 1
107.504 0.05 0.002 0 0.002 0 1
107.546 0.044 0 0 0 0 1
107.598 0.05 0.002 0 0.002 0 1
107.648 0.052 0 0 0 0 1
107.698 0.048 0.002 0.002 0 0 1
107.744 0.046 0.002 0 0.002 0 1
107.796 0.052 0.002 0.002 0 0 1
107.846 0.052 0 0 0 0 1
107.898 0.05 0.002 0 0.002 0 1
107.944 0.046 0.002 0.002 0 0 1
107.994 0.052 0 0 0 0 1
108.048 0.052 0.002 0.002 0 0 1
108.1 0.052 0.002 0.002 0 0 1
108.152 0.052 0.002 0 0.002 0 1
108.198 0.048 0 0 0 0 1
108.25 0.05 0.002 0 0.002 0 1
108.3 0.05 0.002 0.002 0 0 1
108.352 0.052 0.002 0 0.002 0 1
108.402 0.05 0.002 0 0.002 0 1
108.452 0.05 0.002 0.002 0 0 1
108.504 0.052 0.002 0 0.002 0 1
108.554 0.05 0.002 0 0.002 0 1
108.724 0.162 0.01 0 0 0 1
108.732 0.018 0 0 0 0 1
108.78 0.048 0 0 0 0 1
108.832 0.05 0.002 0 0.002 0 1
108.882 0.05 0.002 0 0.002 0 1
108.932 0.05 0.002 0.002 0 0 1
108.984 0.052 0.002 0 0.002 0 1
109.034 0.05 0.002 0.002 0 0 1
109.084 0.048 0.004 0 0.004 0 1
109.136 0.054 0.002 0 0 0 1
109.186 0.05 0.002 0 0.002 0 1
109.236 0.05 0.002 0 0.002 0 1
109.284 0.05 0 0 0 0 1
109.334 0.05 0 0 0 0 1
109.386 0.05 0.002 0.002 0 0 1
109.434 0.05 0 0 0 0 1
109.486 0.05 0.002 0 0.002 0 1
109.534 0.05 0 0 0 0 1
109.584 0.05 0 0 0 0 1
109.632 0.046 0.002 0 0.002 0 1
109.79 0.158 0.002 0.002 0 0 1
109.794 0.004 0.002 0 0.002 0 1
109.838 0.044 0.002 0.002 0 0 1
109.886 0.05 0 0 0 0 1
109.94 0.052 0.002 0 0.002 0 1
109.99 0.052 0 0 0 0 1
110.042 0.05 0.002 0 0.002 0 1
110.09 0.048 0.002 0 0.002 0 1
110.138 0.05 0 0 0 0 1
110.19 0.05 0.002 0 0.002 0 1
110.238 0.05 0 0 0 0 1
110.288 0.048 0.002 0 0.002 0 1
110.338 0.05 0.002 0 0.002 0 1
110.388 0.052 0 0 0 0 1
110.438 0.05 0 0 0 0 1
110.49 0.05 0.002 0 0.002 0 1
110.536 0.046 0.002 0 0.002 0 1
110.586 0.05 0.002 0.002 0 0 1
110.628 0.042 0.002 0.002 0 0 1
110.678 0.048 0.004 0.004 0 0 1
110.816 0.14 0.002 0 0 0 1
110.818 0.002 0.002 0.002 0 0 1
110.866 0.05 0 0 0 0 1
110.92 0.052 0.002 0 0.002 0 1
110.97 0.05 0.002 0.002 0 0 1
111.02 0.052 0 0 0 0 1
111.072 0.05 0.002 0 0.002 0 1
111.122 0.05 0.002 0.002 0 0 1
111.172 0.05 0.002 0.002 0 0 1
111.222 0.05 0.002 0.002 0 0 1
111.272 0.05 0.002 0.002 0 0 1
111.32 0.05 0 0 0 0 1
111.372 0.052 0 0 0 0 1
111.424 0.048 0.004 0 0.002 0 1
111.474 0.048 0.006 0.006 0 0 1
111.522 0.052 0.002 0.002 0 0 1
111.572 0.05 0.002 0 0.002 0 1
111.622 0.05 0.002 0 0.002 0 1
111.672 0.05 0.002 0 0.002 0 1
111.72 0.05 0 0 0 0 1
111.772 0.05 0.002 0.002 0 0 1
111.822 0.05 0.002 0.002 0 0 1
111.87 0.05 0 0 0 0 1
111.922 0.052 0 0 0 0 1
111.972 0.048 0.002 0.002 0 0 1
112.018 0.048 0 0 0 0 1
112.07 0.05 0.002 0.002 0 0 1
112.12 0.05 0.002 0.002 0 0 1
112.17 0.052 0 0 0 0 1
112.216 0.044 0.002 0.002 0 0 1
112.262 0.048 0 0 0 0 1
112.31 0.046 0.002 0 0.002 0 1
112.36 0.05 0.002 0.002 0 0 1
112.41 0.05 0.002 0.002 0 0 1
112.46 0.05 0.002 0.002 0 0 1
112.502 0.044 0 0 0 0 1
112.696 0.192 0.002 0.002 0 0 1
112.734 0.04 0 0 0 0 1
112.788 0.05 0.004 0.002 0.002 0 1
112.836 0.05 0.002 0.002 0 0 1
112.888 0.054 0 0 0 0 1
112.936 0.046 0.002 0.002 0 0 1
112.988 0.052 0.002 0 0.002 0 1
113.04 0.052 0.002 0 0.002 0 1
113.09 0.05 0.002 0.002 0 0 1
113.142 0.052 0.002 0 0.002 0 1
113.19 0.048 0.002 0 0.002 0 1
113.232 0.042 0.002 0 0.002 0 1
113.282 0.05 0.002 0 0.002 0 1
113.332 0.05 0.002 0 0.002 0 1
113.38 0.05 0 0 0 0 1
113.43 0.05 0 0 0 0 1
113.588 0.156 0.002 0.002 0 0 1
113.618 0.03 0.002 0 0.002 0 1
113.67 0.052 0.002 0 0.002 0 1
113.72 0.052 0 0 0 0 1
113.774 0.052 0.002 0 0.002 0 1
113.824 0.052 0 0 0 0 1
113.876 0.05 0.002 0 0.002 0 1
113.926 0.05 0.002 0.002 0 0 1
113.978 0.052 0.002 0 0.002 0 1
114.028 0.05 0.002 0 0.002 0 1
114.076 0.048 0.002 0 0.002 0 1
114.122 0.048 0 0 0 0 1
114.176 0.052 0.002 0 0.002 0 1
114.224 0.048 0.002 0.002 0 0 1
114.274 0.05 0.002 0.002 0 0 1
114.324 0.05 0.002 0 0.002 0 1
114.362 0.038 0.002 0.002 0 0 1
114.41 0.05 0 0 0 0 1
114.464 0.052 0.002 0 0.002 0 1
114.64 0.176 0.002 0.002 0 0 1
114.648 0.008 0.002 0 0.002 0 1
114.7 0.054 0 0 0 0 1
114.752 0.05 0.002 0.002 0 0 1
114.806 0.054 0.002 0 0.002 0 1
114.856 0.05 0.002 0 0.002 0 1
114.908 0.052 0.002 0.002 0 0 1
114.96 0.052 0.002 0 0.002 0 1
115.01 0.05 0.002 0.002 0 0 1
115.062 0.052 0.002 0 0.002 0 1
115.112 0.05 0.002 0 0.002 0 1
115.16 0.048 0.002 0 0.002 0 1
115.208 0.048 0.002 0.002 0 0 1
115.258 0.052 0 0 0 0 1
115.308 0.05 0 0 0 0 1
115.358 0.05 0 0 0 0 1
115.406 0.048 0 0 0 0 1
115.46 0.052 0.002 0 0.002 0 1
115.508 0.05 0 0 0 0 1
115.56 0.048 0.004 0 0.004 0 1
115.72 0.162 0.002 0.002 0 0 1
115.752 0.032 0.002 0 0.002 0 1
115.8 0.048 0.002 0 0.002 0 1
115.846 0.048 0 0 0 0 1
115.896 0.05 0 0 0 0 1
115.95 0.048 0.006 0 0.002 0 1
115.998 0.054 0 0 0 0 1
116.044 0.044 0.002 0.002 0 0 1
116.094 0.05 0.002 0.002 0 0 1
116.144 0.052 0 0 0 0 1
116.194 0.05 0 0 0 0 1
116.242 0.048 0 0 0 0 1
116.284 0.042 0 0 0 0 1
116.336 0.05 0.002 0.002 0 0 1
116.386 0.05 0.002 0.002 0 0 1
116.552 0.166 0.002 0 0.002 0 1
116.576 0.024 0.002 0 0.002 0 1
116.624 0.05 0 0 0 0 1
116.674 0.05 0 0 0 0 1
116.726 0.052 0 0 0 0 1
116.78 0.052 0.002 0 0.002 0 1
116.826 0.046 0.002 0 0.002 0 1
116.878 0.052 0.002 0 0.002 0 1
116.928 0.05 0.002 0 0.002 0 1
116.978 0.052 0 0 0 0 1
117.03 0.05 0.002 0 0.002 0 1
117.078 0.05 0 0 0 0 1
117.128 0.05 0 0 0 0 1
117.176 0.048 0 0 0 0 1
117.224 0.046 0.002 0 0.002 0 1
117.274 0.05 0.002 0.002 0 0 1
117.324 0.05 0.002 0.002 0 0 1
117.374 0.05 0.002 0.002 0 0 1
117.424 0.052 0 0 0 0 1
117.476 0.05 0.002 0 0.002 0 1
117.524 0.05 0 0 0 0 1
117.574 0.048 0.002 0.002 0 0 1
117.622 0.05 0 0 0 0 1
117.672 0.05 0 0 0 0 1
117.72 0.048 0 0 0 0 1
117.772 0.052 0 0 0 0 1
117.824 0.05 0.002 0.002 0 0 1
117.874 0.05 0.002 0.002 0 0 1
117.922 0.048 0.002 0 0.002 0 1
117.972 0.05 0.002 0 0.002 0 1
118.022 0.05 0.002 0 0.002 0 1
118.072 0.05 0.002 0 0.002 0 1
118.118 0.048 0 0 0 0 1
118.26 0.142 0 0 0 0 1
118.264 0.002 0.002 0 0.002 0 1
118.314 0.052 0 0 0 0 1
118.366 0.05 0.002 0 0.002 0 1
118.416 0.05 0.002 0 0.002 0 1
118.464 0.05 0 0 0 0 1
118.512 0.048 0 0 0 0 1
118.562 0.05 0 0 0 0 1
118.616 0.05 0.004 0.002 0 0 1
118.666 0.052 0.002 0 0.002 0 1
118.716 0.05 0.002 0 0.002 0 1
118.766 0.05 0.002 0 0.002 0 1
118.814 0.048 0.002 0 0.002 0 1
118.864 0.05 0.002 0 0.002 0 1
118.914 0.05 0.002 0 0.002 0 1
118.96 0.046 0.002 0.002 0 0 1
119.012 0.05 0.004 0.002 0.002 0 1
119.06 0.05 0.002 0.002 0 0 1
119.11 0.05 0.002 0.002 0 0 1
119.276 0.162 0.006 0.006 0 0 1
119.29 0.02 0 0 0 0 1
119.342 0.052 0 0 0 0 1
119.388 0.044 0.002 0 0.002 0 1
119.438 0.05 0.002 0 0.002 0 1
119.49 0.054 0 0 0 0 1
119.542 0.05 0.002 0.002 0 0 1
119.594 0.052 0.002 0 0 0 1
119.644 0.05 0.002 0.002 0 0 1
119.694 0.05 0.002 0.002 0 0 1
119.742 0.05 0 0 0 0 1
119.794 0.05 0.002 0 0.002 0 1
119.846 0.052 0.002 0 0.002 0 1
119.896 0.05 0.002 0 0.002 0 1
119.946 0.05 0.002 0 0.002 0 1
119.994 0.05 0 0 0 0 1
120.046 0.05 0.002 0 0.002 0 1
120.096 0.05 0.002 0 0.002 0 1
120.144 0.05 0 0 0 0 1
120.196 0.05 0.002 0 0.002 0 1
120.244 0.05 0 0 0 0 1
120.294 0.05 0 0 0 0 1
120.346 0.05 0.002 0 0.002 0 1
120.396 0.05 0.002 0 0.002 0 1
120.444 0.048 0.002 0 0.002 0 1
120.492 0.05 0 0 0 0 1
120.544 0.05 0.002 0.002 0 0 1
120.594 0.05 0.002 0.002 0 0 1
120.642 0.05 0 0 0 0 1
120.69 0.048 0 0 0 0 1
120.74 0.05 0 0 0 0 1
120.792 0.05 0.002 0.002 0 0 1
120.842 0.05 0.002 0.002 0 0 1
120.888 0.046 0.002 0.002 0 0 1
120.938 0.05 0.002 0.002 0 0 1
121.13 0.192 0.002 0.002 0 0 1
121.166 0.036 0.002 0 0.002 0 1
121.218 0.052 0.002 0 0.002 0 1
121.268 0.052 0 0 0 0 1
121.32 0.05 0.002 0.002 0 0 1
121.37 0.052 0 0 0 0 1
121.422 0.05 0.002 0.002 0 0 1
121.468 0.048 0 0 0 0 1
121.522 0.054 0 0 0 0 1
121.572 0.048 0.002 0 0 0 1
121.622 0.052 0 0 0 0 1
121.67 0.048 0 0 0 0 1
121.72 0.046 0.004 0 0.004 0 1
121.766 0.048 0.002 0 0.002 0 1
121.814 0.05 0 0 0 0 1
121.866 0.05 0.002 0 0.002 0 1
121.916 0.05 0.002 0 0.002 0 1
121.966 0.05 0.002 0.002 0 0 1
122.136 0.17 0.002 0 0 0 1
122.156 0.02 0.002 0 0.002 0 1
122.2 0.046 0 0 0 0 1
122.246 0.046 0 0 0 0 1
122.3 0.052 0.002 0 0.002 0 1
122.348 0.05 0 0 0 0 1
122.402 0.052 0.002 0 0.002 0 1
122.452 0.052 0 0 0 0 1
122.5 0.048 0 0 0 0 1
122.55 0.05 0 0 0 0 1
122.6 0.048 0.002 0 0.002 0 1
122.65 0.052 0 0 0 0 1
122.7 0.05 0 0 0 0 1
122.744 0.042 0.002 0 0.002 0 1
122.79 0.048 0 0 0 0 1
122.842 0.052 0 0 0 0 1
122.89 0.046 0.002 0 0.002 0 1
122.94 0.05 0.002 0 0.002 0 1
123.084 0.144 0.002 0 0 0 1
123.124 0.04 0.002 0.002 0 0 1
123.174 0.05 0.002 0.002 0 0 1
123.224 0.052 0 0 0 0 1
123.274 0.05 0 0 0 0 1
123.326 0.05 0.002 0.002 0 0 1
123.378 0.052 0.002 0 0.002 0 1
123.428 0.05 0.002 0.002 0 0 1
123.474 0.048 0 0 0 0 1
123.524 0.048 0.002 0 0.002 0 1
123.574 0.05 0.002 0.002 0 0 1
123.624 0.052 0 0 0 0 1
123.674 0.048 0.002 0.002 0 0 1
123.724 0.052 0 0 0 0 1
123.776 0.05 0.002 0 0.002 0 1
123.826 0.05 0.002 0 0.002 0 1
123.876 0.05 0.002 0.002 0 0 1
124.008 0.134 0 0 0 0 1
124.012 0.002 0.002 0 0.002 0 1
124.062 0.048 0.004 0.002 0 0 1
124.102 0.042 0.002 0 0.002 0 1
124.146 0.046 0 0 0 0 1
124.196 0.05 0 0 0 0 1
124.25 0.052 0.002 0 0.002 0 1
124.298 0.048 0.002 0.002 0 0 1
124.344 0.046 0.002 0.002 0 0 1
124.388 0.044 0.002 0.002 0 0 1
124.44 0.054 0 0 0 0 1
124.49 0.05 0 0 0 0 1
124.54 0.046 0.004 0 0.002 0 1
124.586 0.05 0 0 0 0 1
124.634 0.048 0 0 0 0 1
124.68 0.044 0.002 0.002 0 0 1
124.732 0.052 0.002 0 0.002 0 1
124.782 0.052 0 0 0 0 1
124.834 0.05 0.002 0.002 0 0 1
124.886 0.052 0.002 0 0.002 0 1
125.058 0.174 0 0 0 0 1
125.07 0.012 0 0 0 0 1
125.12 0.048 0.002 0 0 0 1
125.166 0.048 0 0 0 0 1
125.218 0.052 0 0 0 0 1
125.268 0.05 0 0 0 0 1
125.312 0.044 0 0 0 0 1
125.366 0.054 0 0 0 0 1
125.414 0.048 0 0 0 0 1
125.46 0.044 0.002 0 0.002 0 1
125.51 0.052 0 0 0 0 1
125.562 0.052 0 0 0 0 1
125.614 0.052 0 0 0 0 1
125.666 0.052 0 0 0 0 1
125.716 0.05 0 0 0 0 1
125.768 0.052 0 0 0 0 1
125.964 0.194 0.002 0.002 0 0 1
125.994 0.032 0 0 0 0 1
126.048 0.048 0.006 0 0.006 0 1
126.098 0.054 0.002 0 0.002 0 1
126.148 0.05 0.002 0.002 0 0 1
126.198 0.05 0.002 0.002 0 0 1
126.25 0.05 0.004 0.002 0.002 0 1
126.3 0.052 0.002 0 0.002 0 1
126.35 0.05 0.002 0 0.002 0 1
126.398 0.046 0.004 0 0.004 0 1
126.45 0.054 0.002 0.002 0 0 1
126.5 0.05 0.002 0.002 0 0 1
126.548 0.05 0 0 0 0 1
126.6 0.05 0.002 0 0.002 0 1
126.648 0.05 0 0 0 0 1
126.696 0.046 0.002 0.002 0 0 1
126.744 0.05 0 0 0 0 1
126.794 0.05 0 0 0 0 1
126.846 0.05 0.002 0 0.002 0 1
126.896 0.05 0.002 0 0.002 0 1
126.946 0.05 0.002 0 0.002 0 1
126.994 0.05 0 0 0 0 1
127.046 0.05 0.002 0 0.002 0 1
127.092 0.048 0 0 0 0 1
127.144 0.05 0.002 0.002 0 0 1
127.194 0.052 0 0 0 0 1
127.244 0.048 0.002 0.002 0 0 1
127.294 0.052 0 0 0 0 1
127.344 0.048 0.002 0 0.002 0 1
127.394 0.05 0.002 0 0.002 0 1
127.442 0.048 0.002 0 0 0 1
127.492 0.05 0.002 0 0.002 0 1
127.54 0.048 0.002 0.002 0 0 1
127.714 0.174 0.002 0 0.002 0 1
127.728 0.016 0 0 0 0 1
127.778 0.048 0.002 0 0.002 0 1
127.826 0.048 0.002 0.002 0 0 1
127.878 0.052 0.002 0 0.002 0 1
127.924 0.046 0.002 0.002 0 0 1
127.974 0.052 0 0 0 0 1
128.026 0.05 0.002 0 0.002 0 1
128.074 0.048 0.002 0.002 0 0 1
128.126 0.052 0.002 0 0.002 0 1
128.176 0.05 0.002 0.002 0 0 1
128.228 0.052 0.002 0 0.002 0 1
128.276 0.048 0.002 0.002 0 0 1
128.324 0.05 0 0 0 0 1
128.378 0.052 0.002 0 0.002 0 1
128.428 0.048 0.004 0 0 0 1
128.572 0.146 0.002 0 0 0 1
128.612 0.04 0.002 0 0.002 0 1
128.664 0.052 0.002 0.002 0 0 1
128.71 0.046 0.002 0 0.002 0 1
128.754 0.046 0 0 0 0 1
128.806 0.052 0 0 0 0 1
128.858 0.052 0 0 0 0 1
128.91 0.052 0 0 0 0 1
128.96 0.05 0 0 0 0 1
129.012 0.05 0.002 0.002 0 0 1
129.058 0.046 0.002 0 0.002 0 1
129.11 0.052 0.002 0.002 0 0 1
129.156 0.046 0.002 0.002 0 0 1
129.208 0.052 0.002 0 0.002 0 1
129.258 0.05 0.002 0.002 0 0 1
129.306 0.048 0.002 0.002 0 0 1
129.358 0.052 0.002 0 0.002 0 1
129.408 0.05 0.002 0 0.002 0 1
129.458 0.052 0 0 0 0 1
129.636 0.176 0.002 0 0.002 0 1
129.656 0.02 0.002 0 0.002 0 1
129.706 0.05 0.002 0 0.002 0 1
129.754 0.048 0.002 0.002 0 0 1
129.804 0.052 0 0 0 0 1
129.856 0.05 0.002 0 0.002 0 1
129.906 0.05 0.002 0.002 0 0 1
129.958 0.052 0.002 0 0.002 0 1
130.008 0.05 0.002 0 0.002 0 1
130.056 0.048 0.002 0 0.002 0 1
130.108 0.052 0.002 0 0.002 0 1
130.152 0.046 0 0 0 0 1
130.202 0.048 0.002 0.002 0 0 1
130.254 0.052 0.002 0 0 0 1
130.304 0.05 0.002 0 0.002 0 1
130.352 0.05 0 0 0 0 1
130.404 0.05 0.002 0 0.002 0 1
130.442 0.04 0 0 0 0 1
130.598 0.154 0.002 0.002 0 0 1
130.618 0.022 0 0 0 0 1
130.668 0.05 0 0 0 0 1
130.718 0.048 0.002 0 0.002 0 1
130.766 0.048 0.002 0 0.002 0 1
130.816 0.052 0 0 0 0 1
130.864 0.048 0 0 0 0 1
130.916 0.05 0.002 0 0.002 0 1
130.964 0.05 0 0 0 0 1
131.016 0.052 0 0 0 0 1
131.064 0.048 0 0 0 0 1
131.116 0.05 0.002 0 0.002 0 1
131.166 0.05 0.002 0.002 0 0 1
131.214 0.05 0 0 0 0 1
131.264 0.048 0.002 0 0.002 0 1
131.312 0.05 0 0 0 0 1
131.362 0.048 0.002 0 0.002 0 1
131.504 0.142 0.002 0 0 0 1
131.512 0.01 0 0 0 0 1
131.566 0.052 0.002 0 0.002 0 1
131.62 0.054 0.002 0 0 0 1
131.672 0.052 0.002 0 0.002 0 1
131.724 0.052 0.002 0.002 0 0 1
131.77 0.048 0 0 0 0 1
131.822 0.052 0 0 0 0 1
131.874 0.05 0.002 0.002 0 0 1
131.924 0.05 0.002 0 0.002 0 1
131.972 0.05 0 0 0 0 1
132.02 0.044 0.004 0 0.004 0 1
132.064 0.048 0 0 0 0 1
132.118 0.052 0.002 0.002 0 0 1
132.17 0.052 0.002 0.002 0 0 1
132.216 0.044 0.004 0.004 0 0 1
132.412 0.198 0.002 0.002 0 0 1
132.442 0.032 0 0 0 0 1
132.498 0.054 0.002 0 0.002 0 1
132.55 0.054 0 0 0 0 1
132.604 0.052 0.002 0.002 0 0 1
132.654 0.052 0 0 0 0 1
132.702 0.048 0 0 0 0 1
132.754 0.052 0 0 0 0 1
132.798 0.044 0 0 0 0 1
132.842 0.044 0 0 0 0 1
132.888 0.046 0 0 0 0 1
132.936 0.048 0 0 0 0 1
132.988 0.048 0.004 0.002 0.002 0 1
133.036 0.052 0 0 0 0 1
133.086 0.05 0 0 0 0 1
133.134 0.048 0 0 0 0 1
133.342 0.206 0.002 0.002 0 0 1
133.37 0.028 0.002 0.002 0 0 1
133.418 0.048 0.002 0 0.002 0 1
133.468 0.052 0 0 0 0 1
133.522 0.054 0 0 0 0 1
133.574 0.052 0 0 0 0 1
133.626 0.05 0.002 0.002 0 0 1
133.676 0.052 0 0 0 0 1
133.726 0.05 0 0 0 0 1
133.772 0.034 0.012 0 0.012 0 1
133.824 0.062 0.002 0 0.002 0 1
133.872 0.05 0 0 0 0 1
133.924 0.052 0 0 0 0 1
133.976 0.05 0.002 0.002 0 0 1
134.028 0.052 0.002 0 0 0 1
134.076 0.05 0 0 0 0 1
134.126 0.05 0 0 0 0 1
134.178 0.05 0.002 0 0.002 0 1
134.344 0.166 0.002 0 0.002 0 1
134.364 0.02 0.002 0 0.002 0 1
134.414 0.052 0 0 0 0 1
134.468 0.052 0.002 0.002 0 0 1
134.512 0.046 0 0 0 0 1
134.566 0.054 0 0 0 0 1
134.62 0.052 0.002 0 0.002 0 1
134.668 0.05 0 0 0 0 1
134.72 0.05 0.002 0.002 0 0 1
134.772 0.052 0.002 0.002 0 0 1
134.822 0.05 0.002 0.002 0 0 1
134.872 0.05 0.002 0.002 0 0 1
134.92 0.05 0 0 0 0 1
134.972 0.052 0 0 0 0 1
135.022 0.05 0 0 0 0 1
135.214 0.19 0.002 0.002 0 0 1
135.252 0.04 0 0 0 0 1
135.304 0.052 0 0 0 0 1
135.358 0.052 0.002 0 0.002 0 1
135.406 0.048 0.002 0.002 0 0 1
135.458 0.052 0.002 0 0 0 1
135.506 0.05 0 0 0 0 1
135.554 0.046 0.002 0.002 0 0 1
135.598 0.046 0 0 0 0 1
135.648 0.05 0 0 0 0 1
135.702 0.052 0.002 0.002 0 0 1
135.754 0.052 0.002 0 0.002 0 1
135.804 0.05 0.002 0.002 0 0 1
135.854 0.052 0 0 0 0 1
135.904 0.05 0 0 0 0 1
135.954 0.05 0 0 0 0 1
136.004 0.05 0 0 0 0 1
136.056 0.05 0.002 0 0.002 0 1
136.102 0.046 0.002 0 0.002 0 1
136.152 0.05 0.002 0 0.002 0 1
136.2 0.05 0 0 0 0 1
136.25 0.05 0 0 0 0 1
136.3 0.05 0 0 0 0 1
136.344 0.044 0 0 0 0 1
136.394 0.05 0 0 0 0 1
136.444 0.05 0 0 0 0 1
136.494 0.048 0.002 0 0.002 0 1
136.544 0.05 0.002 0.002 0 0 1
136.594 0.05 0.002 0.002 0 0 1
136.644 0.05 0.002 0.002 0 0 1
136.694 0.05 0.002 0 0.002 0 1
136.742 0.05 0 0 0 0 1
136.792 0.05 0 0 0 0 1
136.84 0.048 0 0 0 0 1
136.88 0.038 0.002 0.002 0 0 1
137.062 0.182 0.002 0 0.002 0 1
137.08 0.016 0.004 0.004 0 0 1
137.132 0.054 0.002 0 0.002 0 1
137.184 0.052 0.002 0 0.002 0 1
137.232 0.048 0.002 0.002 0 0 1
137.284 0.052 0.002 0 0.002 0 1
137.334 0.052 0 0 0 0 1
137.38 0.044 0.002 0.002 0 0 1
137.43 0.052 0 0 0 0 1
137.482 0.05 0.002 0 0.002 0 1
137.528 0.048 0 0 0 0 1
137.578 0.05 0 0 0 0 1
137.632 0.05 0.004 0.002 0 0 1
137.684 0.056 0 0 0 0 1
137.73 0.046 0 0 0 0 1
137.782 0.05 0.002 0.002 0 0 1
137.83 0.048 0.002 0 0 0 1
137.88 0.05 0.002 0 0.002 0 1
137.928 0.05 0 0 0 0 1
138.126 0.198 0 0 0 0 1
138.17 0.042 0.002 0 0.002 0 1
138.218 0.05 0 0 0 0 1
138.266 0.048 0 0 0 0 1
138.318 0.05 0.002 0 0.002 0 1
138.366 0.048 0.002 0.002 0 0 1
138.418 0.052 0.002 0 0.002 0 1
138.47 0.052 0.002 0 0.002 0 1
138.52 0.05 0.002 0.002 0 0 1
138.57 0.052 0 0 0 0 1
138.622 0.05 0.002 0 0.002 0.002 1
138.67 0.05 0 0 0 0 1
138.722 0.05 0.002 0.002 0 0 1
138.77 0.05 0 0 0 0 1
138.82 0.048 0.002 0.002 0 0 1
138.874 0.05 0.006 0.006 0 0 1
138.918 0.048 0.002 0 0.002 0 1
138.966 0.05 0 0 0 0 1
139.016 0.05 0 0 0 0 1
139.068 0.048 0.004 0.002 0.002 0 1
139.108 0.044 0 0 0 0 1
139.158 0.05 0 0 0 0 1
139.202 0.042 0.002 0 0.002 0 1
139.252 0.05 0.002 0 0.002 0 1
139.294 0.042 0.002 0 0.002 0 1
139.344 0.05 0.002 0.002 0 0 1
139.394 0.052 0 0 0 0 1
139.446 0.05 0.002 0.002 0 0 1
139.496 0.05 0.002 0.002 0 0 1
139.546 0.052 0 0 0 0 1
139.596 0.05 0 0 0 0 1
139.64 0.042 0.002 0 0.002 0 1
139.688 0.05 0 0 0 0 1
139.846 0.156 0.002 0 0.002 0 1
139.868 0.024 0 0 0 0 1
139.92 0.052 0 0 0 0 1
139.976 0.054 0.002 0 0.002 0 1
140.028 0.052 0.002 0.002 0 0 1
140.078 0.052 0 0 0 0 1
140.13 0.052 0 0 0 0 1
140.182 0.052 0 0 0 0 1
140.232 0.05 0 0 0 0 1
140.284 0.05 0.002 0 0.002 0 1
140.334 0.05 0.002 0 0.002 0 1
140.384 0.05 0.002 0.002 0 0 1
140.434 0.052 0 0 0 0 1
140.486 0.05 0.002 0 0.002 0 1
140.536 0.05 0.002 0.002 0 0 1
140.586 0.05 0.002 0.002 0 0 1
140.636 0.052 0 0 0 0 1
140.688 0.05 0.002 0 0.002 0 1
140.88 0.192 0.002 0 0 0 1
140.884 0.004 0.002 0.002 0 0 1
140.934 0.052 0 0 0 0 1
140.98 0.044 0.002 0.002 0 0 1
141.032 0.052 0.002 0 0.002 0 1
141.074 0.042 0.002 0 0.002 0 1
141.116 0.042 0.002 0 0 0 1
141.168 0.05 0.004 0.002 0.002 0 1
141.212 0.048 0 0 0 0 1
141.266 0.052 0.002 0.002 0 0 1
141.318 0.052 0.002 0.002 0 0 1
141.366 0.05 0 0 0 0 1
141.42 0.052 0.002 0.002 0 0 1
141.458 0.04 0 0 0 0 1
141.508 0.05 0 0 0 0 1
141.56 0.05 0.002 0 0.002 0 1
141.61 0.05 0.002 0.002 0 0 1
141.756 0.146 0.002 0.002 0 0 1
141.78 0.026 0 0 0 0 1
141.834 0.052 0.002 0 0.002 0 1
141.884 0.052 0 0 0 0 1
141.934 0.048 0.002 0 0.002 0 1
141.982 0.05 0 0 0 0 1
142.032 0.05 0 0 0 0 1
142.084 0.052 0 0 0 0 1
142.13 0.046 0 0 0 0 1
142.178 0.046 0.002 0.002 0 0 1
142.23 0.052 0.002 0.002 0 0 1
142.278 0.05 0 0 0 0 1
142.328 0.048 0.002 0.002 0 0 1
142.38 0.052 0.002 0 0.002 0 1
142.43 0.05 0.002 0.002 0 0 1
142.478 0.048 0.002 0.002 0 0 1
142.528 0.052 0 0 0 0 1
142.576 0.048 0 0 0 0 1
142.706 0.128 0.002 0 0.002 0 1
142.754 0.048 0.002 0.002 0 0 1
142.806 0.052 0.002 0.002 0 0 1
142.858 0.052 0.002 0 0.002 0 1
142.906 0.05 0 0 0 0 1
142.956 0.05 0 0 0 0 1
143.006 0.05 0 0 0 0 1
143.056 0.05 0 0 0 0 1
143.106 0.05 0 0 0 0 1
143.156 0.05 0 0 0 0 1
143.21 0.052 0.002 0 0.002 0 1
143.256 0.048 0 0 0 0 1
143.306 0.05 0 0 0 0 1
143.356 0.05 0 0 0 0 1
143.406 0.05 0 0 0 0 1
143.458 0.05 0.002 0.002 0 0 1
143.51 0.052 0.002 0 0 0 1
143.558 0.048 0.002 0 0.002 0 1
143.602 0.044 0.002 0.002 0 0 1
143.652 0.052 0 0 0 0 1
143.816 0.16 0.004 0.004 0 0 1
143.828 0.016 0 0 0 0 1
143.878 0.05 0 0 0 0 1
143.93 0.052 0 0 0 0 1
143.984 0.052 0.002 0.002 0 0 1
144.036 0.052 0.002 0 0.002 0 1
144.084 0.048 0.002 0 0 0 1
144.128 0.046 0 0 0 0 1
144.182 0.052 0.002 0 0.002 0 1
144.226 0.042 0.004 0 0.004 0 1
144.276 0.054 0 0 0 0 1
144.328 0.05 0.002 0.002 0 0 1
144.38 0.052 0.002 0.002 0 0 1
144.424 0.044 0.002 0 0.002 0 1
144.474 0.052 0 0 0 0 1
144.524 0.048 0.002 0.002 0 0 1
144.578 0.054 0.002 0 0 0 1
144.628 0.05 0.002 0.002 0 0 1
144.678 0.05 0.002 0.002 0 0 1
144.73 0.05 0.004 0.002 0.002 0 1
144.858 0.126 0.006 0.006 0 0 1
144.872 0.018 0.002 0 0.002 0 1
144.922 0.052 0 0 0 0 1
144.976 0.052 0.002 0 0.002 0 1
145.022 0.048 0 0 0 0 1
145.072 0.05 0 0 0 0 1
145.118 0.044 0.002 0 0.002 0 1
145.17 0.052 0.002 0 0.002 0 1
145.22 0.05 0.002 0.002 0 0 1
145.272 0.052 0.002 0 0.002 0 1
145.322 0.05 0.002 0.002 0 0 1
145.372 0.05 0.002 0.002 0 0 1
145.416 0.044 0.002 0 0.002 0 1
145.464 0.05 0 0 0 0 1
145.51 0.046 0 0 0 0 1
145.56 0.048 0.002 0.002 0 0 1
145.744 0.186 0 0 0 0 1
145.788 0.044 0 0 0 0 1
145.844 0.054 0.002 0.002 0 0 1
145.898 0.054 0.002 0.002 0 0 1
145.95 0.054 0 0 0 0 1
145.998 0.048 0 0 0 0 1
146.05 0.052 0 0 0 0 1
146.1 0.05 0 0 0 0 1
146.152 0.052 0 0 0 0 1
146.204 0.05 0.002 0.002 0 0 1
146.254 0.052 0 0 0 0 1
146.302 0.046 0.002 0.002 0 0 1
146.352 0.052 0 0 0 0 1
146.402 0.05 0 0 0 0 1
146.454 0.05 0.002 0 0.002 0 1
146.5 0.048 0 0 0 0 1
146.668 0.166 0.002 0.002 0 0 1
146.682 0.016 0 0 0 0 1
146.734 0.05 0.002 0 0 0 1
146.778 0.044 0.002 0.002 0 0 1
146.828 0.052 0 0 0 0 1
146.88 0.05 0.002 0 0.002 0 1
146.928 0.05 0 0 0 0 1
146.98 0.05 0.002 0.002 0 0 1
147.03 0.052 0 0 0 0 1
147.078 0.046 0.002 0.002 0 0 1
147.126 0.048 0.002 0.002 0 0 1
147.176 0.052 0 0 0 0 1
147.226 0.048 0.002 0.002 0 0 1
147.272 0.048 0 0 0 0 1
147.322 0.046 0.004 0 0.004 0 1
147.37 0.052 0 0 0 0 1
147.422 0.052 0 0 0 0 1
147.474 0.05 0.002 0 0.002 0 1
147.612 0.14 0 0 0 0 1
147.644 0.032 0 0 0 0 1
147.696 0.05 0.002 0 0.002 0 1
147.746 0.05 0.002 0.002 0 0 1
147.798 0.052 0.002 0.002 0 0 1
147.85 0.052 0.002 0 0.002 0 1
147.9 0.05 0.002 0.002 0 0 1
147.95 0.05 0.002 0.002 0 0 1
148.002 0.052 0.002 0 0.002 0 1
148.05 0.048 0.002 0 0.002 0 1
148.1 0.05 0.002 0.002 0 0 1
148.15 0.05 0.002 0 0.002 0 1
148.2 0.05 0.002 0 0.002 0 1
148.25 0.05 0.002 0 0 0 1
148.302 0.05 0.004 0.002 0.002 0 1
148.348 0.05 0 0 0 0 1
148.4 0.05 0.002 0.002 0 0 1
148.558 0.158 0.002 0 0 0 1
148.596 0.038 0.002 0 0.002 0 1
148.644 0.048 0.002 0 0.002 0 1
148.692 0.05 0 0 0 0 1
148.744 0.05 0.002 0 0.002 0 1
148.794 0.05 0.002 0 0.002 0 1
148.842 0.048 0.002 0 0.002 0 1
148.894 0.052 0.002 0.002 0 0 1
148.944 0.052 0 0 0 0 1
148.994 0.048 0.002 0.002 0 0 1
149.046 0.052 0.002 0 0.002 0 1
149.096 0.05 0.002 0 0.002 0 1
149.146 0.05 0.002 0 0.002 0 1
149.194 0.05 0 0 0 0 1
149.236 0.04 0.002 0 0.002 0 1
149.284 0.05 0 0 0 0 1
149.336 0.05 0.002 0.002 0 0 1
149.384 0.048 0.002 0 0.002 0 1
149.532 0.148 0.002 0 0.002 0 1
149.558 0.026 0.002 0.002 0 0 1
149.608 0.052 0 0 0 0 1
149.658 0.048 0.002 0.002 0 0 1
149.712 0.054 0.002 0 0.002 0 1
149.762 0.05 0.002 0 0.002 0 1
149.812 0.052 0 0 0 0 1
149.864 0.05 0.002 0 0.002 0 1
149.912 0.05 0 0 0 0 1
149.964 0.052 0 0 0 0 1
150.014 0.05 0 0 0 0 1
150.066 0.05 0.002 0 0.002 0 1
150.116 0.05 0.002 0.002 0 0 1
150.162 0.048 0 0 0 0 1
150.212 0.05 0 0 0 0 1
150.386 0.174 0 0 0 0 1
150.392 0.006 0 0 0 0 1
150.442 0.048 0.002 0.002 0 0 1
150.492 0.052 0 0 0 0 1
150.536 0.042 0.002 0 0 0 1
150.586 0.05 0.002 0.002 0 0 1
150.638 0.052 0.002 0 0.002 0 1
150.69 0.052 0.002 0 0.002 0.002 1
150.74 0.05 0.002 0 0.002 0 1
150.79 0.05 0.002 0 0.002 0 1
150.84 0.052 0 0 0 0 1
150.89 0.05 0 0 0 0 1
150.938 0.046 0.002 0 0.002 0 1
150.988 0.05 0.002 0.002 0 0 1
151.038 0.05 0.002 0 0.002 0 1
151.084 0.048 0 0 0 0 1
151.136 0.05 0.002 0.002 0 0 1
151.188 0.05 0.004 0.004 0 0 1
151.238 0.052 0.002 0 0.002 0 1
151.286 0.05 0 0 0 0 1
151.486 0.198 0.002 0.002 0 0 1
151.522 0.036 0.002 0 0.002 0 1
151.568 0.046 0.002 0 0.002 0 1
151.618 0.05 0.002 0 0.002 0 1
151.668 0.05 0.002 0.002 0 0 1
151.718 0.052 0 0 0 0 1
151.77 0.05 0.002 0 0.002 0.002 1
151.82 0.05 0.002 0 0.002 0 1
151.87 0.05 0.002 0 0.002 0 1
151.92 0.05 0.002 0.002 0 0 1
151.968 0.046 0.004 0 0.004 0 1
152.018 0.052 0.002 0 0.002 0 1
152.066 0.05 0 0 0 0 1
152.118 0.05 0.002 0 0.002 0 1
152.168 0.05 0.002 0 0.002 0 1
152.218 0.05 0.002 0 0.002 0 1
152.268 0.05 0.002 0 0.002 0 1
152.436 0.17 0 0 0 0 1
152.454 0.018 0 0 0 0 1
152.504 0.044 0.006 0.004 0.002 0 1
152.556 0.056 0.002 0 0.002 0 1
152.604 0.05 0 0 0 0 1
152.658 0.052 0.002 0.002 0 0 1
152.71 0.052 0.002 0 0.002 0 1
152.76 0.05 0.002 0.002 0 0 1
152.81 0.052 0 0 0 0 1
152.858 0.046 0.002 0.002 0 0 1
152.908 0.052 0 0 0 0 1
152.958 0.05 0 0 0 0 1
153.01 0.05 0.002 0 0.002 0 1
153.058 0.05 0 0 0 0 1
153.108 0.05 0 0 0 0 1
153.16 0.05 0.002 0.002 0 0 1
153.21 0.05 0.002 0 0.002 0 1
153.262 0.052 0.002 0 0.002 0 1
153.308 0.046 0.002 0 0.002 0 1
153.358 0.05 0.002 0.002 0 0 1
153.4 0.044 0 0 0 0 1
153.454 0.05 0.004 0.002 0.002 0 1
153.504 0.054 0 0 0 0 1
153.556 0.05 0.002 0.002 0 0 1
153.604 0.048 0.002 0.002 0 0 1
153.654 0.052 0 0 0 0 1
153.706 0.05 0.002 0.002 0 0 1
153.756 0.05 0.002 0.002 0 0 1
153.798 0.042 0.002 0 0 0 1
153.848 0.05 0.002 0 0.002 0 1
153.896 0.05 0 0 0 0 1
153.944 0.046 0.002 0 0.002 0 1
153.994 0.05 0.002 0 0.002 0 1
154.134 0.14 0.002 0.002 0 0 1
154.18 0.048 0 0 0 0 1
154.232 0.05 0.002 0 0 0 1
154.284 0.052 0.002 0 0.002 0 1
154.336 0.052 0.002 0 0 0 1
154.382 0.048 0 0 0 0 1
154.434 0.052 0 0 0 0 1
154.486 0.05 0.002 0 0.002 0 1
154.536 0.05 0.002 0.002 0 0 1
154.584 0.05 0 0 0 0 1
154.634 0.05 0 0 0 0 1
154.682 0.048 0 0 0 0 1
154.732 0.05 0 0 0 0 1
154.78 0.048 0 0 0 0 1
154.832 0.05 0.002 0 0.002 0 1
154.882 0.05 0.002 0.002 0 0 1
154.93 0.05 0 0 0 0 1
154.982 0.05 0.002 0 0.002 0 1
155.13 0.148 0.002 0 0.002 0 1
155.168 0.038 0.002 0.002 0 0 1
155.218 0.05 0.002 0 0.002 0 1
155.27 0.052 0.002 0.002 0 0 1
155.322 0.052 0.002 0 0.002 0 1
155.372 0.052 0 0 0 0 1
155.422 0.048 0.002 0 0.002 0 1
155.468 0.046 0.002 0 0.002 0 1
155.514 0.046 0.002 0.002 0 0 1
155.558 0.044 0.002 0 0.002 0 1
155.61 0.052 0.002 0 0.002 0 1
155.652 0.042 0.002 0 0.002 0 1
155.702 0.052 0 0 0 0 1
155.756 0.052 0.002 0 0.002 0 1
155.806 0.05 0.002 0 0.002 0 1
155.856 0.05 0.002 0 0.002 0 1
155.904 0.05 0 0 0 0 1
155.954 0.05 0 0 0 0 1
156.156 0.2 0.002 0 0.002 0 1
156.196 0.04 0.002 0 0.002 0 1
156.252 0.056 0.002 0 0 0 1
156.29 0.04 0 0 0 0 1
156.344 0.054 0 0 0 0 1
156.398 0.05 0.004 0.002 0.002 0 1
156.442 0.048 0 0 0 0 1
156.494 0.052 0 0 0 0 1
156.548 0.052 0.002 0 0.002 0 1
156.596 0.05 0 0 0 0 1
156.648 0.05 0.002 0 0.002 0 1
156.698 0.05 0.002 0 0.002 0 1
156.748 0.05 0.002 0.002 0 0 1
156.798 0.052 0 0 0 0 1
156.85 0.05 0.002 0 0.002 0 1
156.892 0.044 0 0 0 0 1
156.938 0.044 0.002 0.002 0 0 1
156.988 0.05 0.002 0.002 0 0 1
157.036 0.048 0.002 0 0.002 0 1
157.2 0.166 0 0 0 0 1
157.212 0.01 0.002 0 0.002 0 1
157.262 0.052 0 0 0 0 1
157.314 0.05 0.002 0.002 0 0 1
157.366 0.052 0.002 0 0.002 0 1
157.416 0.05 0.002 0 0.002 0 1
157.464 0.048 0.002 0 0.002 0 1
157.512 0.048 0.002 0.002 0 0 1
157.562 0.05 0.002 0.002 0 0 1
157.612 0.052 0 0 0 0 1
157.664 0.05 0.002 0 0.002 0 1
157.714 0.05 0.002 0 0.002 0.002 1
157.76 0.046 0.002 0.002 0 0 1
157.812 0.052 0.002 0 0.002 0 1
157.862 0.05 0.002 0.002 0 0 1
157.902 0.04 0.002 0.002 0 0 1
157.952 0.052 0 0 0 0 1
158 0.048 0 0 0 0 1
158.054 0.052 0.002 0 0 0 1
158.1 0.048 0 0 0 0 1
158.15 0.05 0 0 0 0 1
158.2 0.05 0 0 0 0 1
158.238 0.038 0 0 0 0 1
158.278 0.038 0.002 0 0.002 0 1
158.33 0.054 0 0 0 0 1
158.384 0.054 0 0 0 0 1
158.438 0.052 0.002 0 0.002 0 1
158.49 0.052 0.002 0.002 0 0 1
158.54 0.05 0.002 0 0.002 0 1
158.592 0.052 0.002 0 0.002 0 1
158.642 0.05 0.002 0.002 0 0 1
158.692 0.052 0 0 0 0 1
158.744 0.05 0.002 0.002 0 0 1
158.942 0.2 0 0 0 0 1
158.986 0.042 0.002 0 0.002 0 1
159.038 0.052 0.002 0 0.002 0 1
159.09 0.052 0.002 0 0.002 0 1
159.132 0.044 0 0 0 0 1
159.176 0.044 0 0 0 0 1
159.228 0.052 0 0 0 0 1
159.276 0.046 0.002 0.002 0 0 1
159.328 0.052 0.002 0 0.002 0 1
159.372 0.046 0 0 0 0 1
159.416 0.044 0 0 0 0 1
159.47 0.05 0.004 0.004 0 0 1
159.52 0.054 0 0 0 0 1
159.574 0.052 0.002 0 0.002 0 1
159.624 0.052 0 0 0 0 1
159.81 0.186 0 0 0 0 1
159.81 0 0 0 0 0 1
159.864 0.054 0 0 0 0 1
159.918 0.052 0.002 0 0.002 0 1
159.97 0.052 0.002 0 0.002 0 1
160.02 0.05 0.002 0 0.002 0 1
160.07 0.05 0.002 0.002 0 0 1
160.12 0.052 0 0 0 0 1
160.172 0.05 0.002 0 0.002 0 1
160.22 0.05 0 0 0 0 1
160.272 0.052 0 0 0 0 1
160.318 0.046 0 0 0 0 1
160.37 0.05 0.002 0.002 0 0 1
160.42 0.05 0.002 0.002 0 0 1
160.472 0.052 0.002 0 0 0 1
160.52 0.05 0 0 0 0 1
160.572 0.05 0.002 0 0.002 0 1
160.622 0.05 0.002 0 0.002 0 1
160.67 0.05 0 0 0 0 1
160.844 0.172 0.002 0 0.002 0 1
160.856 0.014 0 0 0 0 1
160.908 0.05 0.002 0.002 0 0 1
160.958 0.05 0.002 0 0.002 0 1
161.008 0.05 0.002 0.002 0 0 1
161.054 0.048 0 0 0 0 1
161.104 0.048 0.002 0 0.002 0 1
161.156 0.052 0.002 0 0.002 0 1
161.206 0.052 0 0 0 0 1
161.258 0.05 0.002 0 0.002 0 1
161.308 0.05 0.002 0 0.002 0 1
161.354 0.046 0.002 0.002 0 0 1
161.406 0.052 0.002 0 0.002 0 1
161.456 0.05 0.002 0 0.002 0 1
161.504 0.05 0 0 0 0 1
161.552 0.046 0.002 0 0.002 0 1
161.6 0.05 0 0 0 0 1
161.648 0.048 0 0 0 0 1
161.698 0.05 0 0 0 0 1
161.748 0.05 0 0 0 0 1
161.95 0.202 0 0 0 0 1
161.986 0.032 0.004 0.004 0 0 1
162.034 0.052 0 0 0 0 1
162.082 0.048 0 0 0 0 1
162.136 0.052 0.002 0 0.002 0 1
162.184 0.05 0 0 0 0 1
162.234 0.05 0 0 0 0 1
162.286 0.052 0 0 0 0 1
162.338 0.05 0.002 0 0.002 0 1
162.386 0.05 0 0 0 0 1
162.44 0.052 0.002 0 0.002 0 1
162.49 0.05 0.002 0 0.002 0 1
162.538 0.05 0 0 0 0 1
162.586 0.048 0 0 0 0 1
162.636 0.05 0 0 0 0 1
162.676 0.038 0.002 0 0.002 0 1
162.73 0.054 0.002 0 0.002 0 1
162.78 0.05 0.002 0 0.002 0 1
162.832 0.052 0.002 0 0.002 0 1
162.988 0.156 0.002 0 0.002 0 1
163.02 0.032 0.002 0.002 0 0 1
163.07 0.05 0.002 0.002 0 0 1
163.122 0.052 0.002 0.002 0 0 1
163.17 0.046 0.004 0.002 0.002 0 1
163.22 0.054 0 0 0 0 1
163.272 0.05 0.002 0 0.002 0 1
163.32 0.05 0 0 0 0 1
163.37 0.05 0 0 0 0 1
163.422 0.05 0.002 0 0.002 0 1
163.472 0.048 0.004 0.002 0.002 0 1
163.518 0.05 0 0 0 0 1
163.57 0.05 0.002 0 0.002 0 1
163.618 0.048 0.002 0 0.002 0 1
163.666 0.048 0.002 0.002 0 0 1
163.718 0.052 0.002 0 0.002 0 1
163.872 0.154 0.002 0.002 0 0 1
163.898 0.028 0 0 0 0 1
163.952 0.052 0.002 0.002 0 0 1
164.006 0.054 0.002 0 0.002 0 1
164.06 0.052 0.004 0 0.004 0 1
164.112 0.054 0.002 0 0 0 1
164.164 0.052 0.002 0 0.002 0.002 1
164.212 0.05 0 0 0 0 1
164.266 0.052 0.002 0 0.002 0 1
164.31 0.042 0.004 0.002 0 0 1
164.36 0.054 0 0 0 0 1
164.412 0.05 0.002 0.002 0 0 1
164.46 0.05 0 0 0 0 1
164.514 0.052 0.002 0 0.002 0 1
164.562 0.05 0 0 0 0 1
164.618 0.052 0.004 0.004 0 0 1
164.66 0.046 0 0 0 0 1
164.71 0.05 0 0 0 0 1
164.76 0.05 0 0 0 0 1
164.944 0.182 0.002 0.002 0 0 1
164.988 0.046 0 0 0 0 1
165.038 0.048 0.002 0 0.002 0 1
165.092 0.054 0.002 0 0.002 0 1
165.144 0.052 0.002 0 0 0 1
165.194 0.052 0 0 0 0 1
165.248 0.052 0.002 0 0.002 0 1
165.298 0.05 0.002 0 0.002 0 1
165.348 0.05 0.002 0 0.002 0 1
165.398 0.05 0.002 0 0.002 0 1
165.446 0.05 0 0 0 0 1
165.498 0.05 0.002 0 0.002 0 1
165.55 0.052 0.002 0 0.002 0 1
165.598 0.05 0 0 0 0 1
165.65 0.05 0.002 0.002 0 0 1
165.698 0.05 0 0 0 0 1
165.74 0.042 0 0 0 0 1
165.798 0.058 0 0 0 0 1
165.964 0.164 0.002 0 0.002 0 1
165.978 0.014 0.002 0.002 0 0 1
166.022 0.046 0 0 0 0 1
166.076 0.052 0.002 0.002 0 0 1
166.13 0.054 0.002 0 0 0 1
166.17 0.04 0.002 0 0.002 0 1
166.222 0.052 0.002 0 0.002 0 1
166.27 0.05 0 0 0 0 1
166.324 0.052 0.002 0 0.002 0 1
166.372 0.05 0 0 0 0 1
166.424 0.05 0.002 0.002 0 0 1
166.47 0.048 0 0 0 0 1
166.518 0.048 0 0 0 0 1
166.568 0.05 0 0 0 0 1
166.62 0.05 0.002 0.002 0 0 1
166.67 0.052 0 0 0 0 1
166.712 0.042 0 0 0 0 1
166.764 0.052 0 0 0 0 1
166.814 0.05 0 0 0 0 1
166.968 0.152 0.002 0 0.002 0 1
166.984 0.018 0 0 0 0 1
167.032 0.048 0 0 0 0 1
167.086 0.052 0.002 0.002 0 0 1
167.14 0.054 0.002 0 0.002 0 1
167.184 0.044 0.002 0 0.002 0 1
167.234 0.05 0.002 0.002 0 0 1
167.284 0.052 0 0 0 0 1
167.33 0.044 0.002 0 0.002 0 1
167.382 0.052 0.002 0.002 0 0 1
167.436 0.054 0.002 0 0.002 0 1
167.482 0.048 0 0 0 0 1
167.534 0.052 0 0 0 0 1
167.586 0.05 0.002 0.002 0 0 1
167.638 0.052 0.002 0 0.002 0 1
167.682 0.044 0.002 0.002 0 0 1
167.858 0.178 0 0 0 0 1
167.876 0.018 0 0 0 0 1
167.928 0.05 0.002 0 0 0 1
167.98 0.052 0.002 0 0.002 0 1
168.03 0.052 0 0 0 0 1
168.082 0.05 0.002 0.002 0 0 1
168.134 0.052 0.002 0 0.002 0 1
168.184 0.052 0 0 0 0 1
168.236 0.05 0.002 0 0.002 0 1
168.284 0.05 0 0 0 0 1
168.334 0.048 0.002 0 0.002 0 1
168.382 0.05 0 0 0 0 1
168.432 0.05 0 0 0 0 1
168.482 0.05 0 0 0 0 1
168.532 0.048 0.002 0 0.002 0 1
168.578 0.046 0.002 0 0.002 0 1
168.628 0.05 0.002 0.002 0 0 1
168.678 0.052 0 0 0 0 1
168.728 0.05 0 0 0 0 1
168.78 0.05 0.002 0 0.002 0 1
168.974 0.194 0.002 0.002 0 0 1
169.016 0.042 0.002 0 0.002 0 1
169.068 0.052 0.002 0.002 0 0 1
169.122 0.054 0.002 0 0.002 0 1
169.17 0.05 0 0 0 0 1
169.224 0.052 0.002 0 0.002 0 1
169.274 0.05 0.002 0.002 0 0 1
169.324 0.052 0 0 0 0 1
169.374 0.05 0 0 0 0 1
169.418 0.044 0 0 0 0 1
169.468 0.05 0 0 0 0 1
169.518 0.05 0 0 0 0 1
169.564 0.046 0 0 0 0 1
169.614 0.05 0 0 0 0 1
169.66 0.044 0.002 0 0.002 0 1
169.71 0.05 0.002 0.002 0 0 1
169.76 0.05 0.002 0.002 0 0 1
169.808 0.048 0.002 0 0.002 0 1
169.854 0.048 0 0 0 0 1
170.024 0.168 0.002 0 0.002 0 1
170.038 0.014 0.002 0.002 0 0 1
170.09 0.052 0.002 0 0.002 0 1
170.142 0.052 0.002 0.002 0 0 1
170.192 0.052 0 0 0 0 1
170.244 0.05 0.002 0 0.002 0 1
170.294 0.05 0.002 0 0.002 0 1
170.344 0.05 0.002 0 0.002 0 1
170.396 0.052 0.002 0 0.002 0 1
170.446 0.05 0.002 0 0.002 0 1
170.496 0.05 0.002 0.002 0 0 1
170.548 0.052 0.002 0 0 0 1
170.596 0.048 0.002 0 0.002 0 1
170.644 0.05 0 0 0 0 1
170.694 0.05 0 0 0 0 1
170.742 0.046 0.002 0 0.002 0 1
170.782 0.04 0.002 0 0.002 0 1
170.93 0.148 0.002 0 0.002 0 1
170.976 0.046 0.002 0 0.002 0 1
171.028 0.052 0.002 0 0.002 0 1
171.078 0.05 0.002 0.002 0 0 1
171.13 0.052 0.002 0 0.002 0 1
171.17 0.042 0 0 0 0 1
171.222 0.05 0.002 0 0.002 0 1
171.268 0.046 0.002 0 0.002 0 1
171.318 0.05 0.002 0 0.002 0 1
171.368 0.05 0.002 0 0.002 0 1
171.416 0.05 0 0 0 0 1
171.468 0.05 0.002 0.002 0 0 1
171.516 0.05 0 0 0 0 1
171.562 0.044 0.002 0 0.002 0 1
171.612 0.05 0.002 0 0.002 0 1
171.66 0.048 0.002 0.002 0 0 1
171.71 0.05 0.002 0.002 0 0 1
171.754 0.046 0 0 0 0 1
171.806 0.048 0.004 0 0.004 0 1
171.942 0.138 0.002 0 0.002 0 1
171.944 0.002 0.002 0 0.002 0 1
171.992 0.05 0 0 0 0 1
172.046 0.052 0.002 0 0.002 0 1
172.096 0.052 0 0 0 0 1
172.148 0.05 0.002 0.002 0 0 1
172.198 0.052 0 0 0 0 1
172.25 0.05 0.002 0.002 0 0 1
172.298 0.05 0 0 0 0 1
172.352 0.052 0.002 0 0.002 0 1
172.398 0.048 0 0 0 0 1
172.448 0.05 0 0 0 0 1
172.498 0.05 0 0 0 0 1
172.546 0.048 0 0 0 0 1
172.59 0.044 0 0 0 0 1
172.642 0.05 0.002 0 0.002 0 1
172.694 0.052 0.002 0 0.002 0 1
172.742 0.048 0.002 0 0.002 0 1
172.784 0.044 0 0 0 0 1
172.838 0.052 0.002 0 0.002 0 1
172.888 0.052 0 0 0 0 1
172.94 0.05 0.002 0 0.002 0 1
172.988 0.05 0 0 0 0 1
173.042 0.052 0.002 0.002 0 0 1
173.086 0.044 0.002 0 0.002 0 1
173.136 0.052 0 0 0 0 1
173.186 0.048 0.002 0.002 0 0 1
173.228 0.044 0 0 0 0 1
173.282 0.052 0.002 0 0.002 0 1
173.33 0.048 0.002 0 0 0 1
173.378 0.048 0.002 0 0.002 0 1
173.428 0.052 0 0 0 0 1
173.478 0.05 0 0 0 0 1
173.53 0.05 0.002 0 0.002 0 1
173.578 0.048 0.002 0 0.002 0 1
173.724 0.148 0 0 0 0 1
173.76 0.036 0 0 0 0 1
173.812 0.05 0.002 0.002 0 0 1
173.864 0.052 0.002 0.002 0 0 1
173.916 0.052 0.002 0 0.002 0 1
173.966 0.05 0.002 0.002 0 0 1
174.018 0.052 0.002 0 0 0 1
174.062 0.046 0 0 0 0 1
174.112 0.05 0 0 0 0 1
174.168 0.054 0.002 0 0.002 0 1
174.214 0.048 0 0 0 0 1
174.264 0.05 0 0 0 0 1
174.316 0.05 0.002 0 0.002 0 1
174.366 0.05 0.002 0.002 0 0 1
174.416 0.052 0 0 0 0 1
174.468 0.05 0.002 0 0.002 0 1
174.518 0.05 0.002 0 0.002 0 1
174.562 0.046 0 0 0 0 1
174.612 0.048 0.002 0 0.002 0 1
174.66 0.048 0.002 0 0.002 0 1
174.818 0.16 0 0 0 0 1
174.836 0.016 0.002 0.002 0 0 1
174.89 0.054 0.002 0.002 0 0 1
174.94 0.05 0.002 0.002 0 0 1
174.992 0.054 0 0 0 0 1
175.042 0.048 0.002 0.002 0 0 1
175.094 0.052 0.002 0.002 0 0 1
175.146 0.052 0.002 0.002 0 0 1
175.196 0.05 0.002 0 0.002 0 1
175.244 0.05 0 0 0 0 1
175.296 0.05 0.002 0 0.002 0 1
175.34 0.046 0 0 0 0 1
175.392 0.05 0.002 0.002 0 0 1
175.436 0.046 0 0 0 0 1
175.488 0.05 0.002 0.002 0 0 1
175.53 0.044 0 0 0 0 1
175.584 0.054 0 0 0 0 1
175.762 0.176 0.002 0 0.002 0 1
175.776 0.014 0.002 0 0.002 0 1
175.828 0.052 0.002 0.002 0 0 1
175.878 0.052 0 0 0 0 1
175.932 0.052 0.002 0 0.002 0 1
175.974 0.042 0.002 0.002 0 0 1
176.026 0.052 0.002 0 0.002 0 1
176.076 0.05 0.002 0 0.002 0 1
176.126 0.052 0 0 0 0 1
176.178 0.05 0.002 0 0.002 0 1
176.228 0.05 0.002 0.002 0 0 1
176.274 0.046 0.002 0 0.002 0 1
176.314 0.04 0.002 0 0.002 0 1
176.362 0.05 0 0 0 0 1
176.414 0.05 0.002 0 0.002 0 1
176.456 0.044 0 0 0 0 1
176.61 0.152 0.002 0 0.002 0 1
176.634 0.026 0 0 0 0 1
176.688 0.054 0 0 0 0 1
176.742 0.052 0.002 0.002 0 0 1
176.798 0.05 0.008 0.006 0.002 0 1
176.846 0.054 0.002 0.002 0 0 1
176.898 0.052 0.002 0 0.002 0 1
176.95 0.052 0.002 0 0.002 0 1
177 0.048 0.004 0.002 0.002 0 1
177.05 0.052 0.002 0.002 0 0 1
177.094 0.044 0.002 0 0.002 0 1
177.144 0.052 0 0 0 0 1
177.198 0.052 0.002 0 0.002 0 1
177.248 0.05 0.002 0.002 0 0 1
177.3 0.052 0.002 0 0.002 0 1
177.342 0.042 0.002 0 0.002 0 1
177.382 0.04 0.002 0 0.002 0 1
177.548 0.168 0 0 0 0 1
177.58 0.032 0 0 0 0 1
177.626 0.042 0.004 0 0.004 0 1
177.676 0.052 0.002 0.002 0 0 1
177.732 0.056 0.002 0 0.002 0 1
177.782 0.052 0 0 0 0 1
177.838 0.054 0.002 0 0.002 0 1
177.89 0.052 0.002 0 0.002 0 1
177.94 0.052 0 0 0 0 1
177.99 0.048 0.002 0.002 0 0 1
178.04 0.05 0.002 0 0.002 0 1
178.09 0.05 0.002 0 0.002 0 1
178.142 0.052 0.002 0 0.002 0 1
178.192 0.05 0.002 0 0.002 0 1
178.242 0.05 0.002 0 0.002 0 1
178.29 0.05 0 0 0 0 1
178.456 0.164 0.002 0 0.002 0 1
178.466 0.012 0 0 0 0 1
178.522 0.054 0.002 0.002 0 0 1
178.574 0.052 0.002 0 0.002 0 1
178.624 0.052 0 0 0 0 1
178.672 0.046 0.002 0 0.002 0 1
178.72 0.05 0 0 0 0 1
178.774 0.052 0.002 0 0.002 0 1
178.824 0.05 0.002 0.002 0 0 1
178.874 0.05 0.002 0.002 0 0 1
178.924 0.05 0.002 0.002 0 0 1
178.974 0.05 0.002 0 0.002 0 1
179.024 0.05 0.002 0 0.002 0 1
179.074 0.05 0.002 0 0.002 0 1
179.124 0.05 0.002 0.002 0 0 1
179.172 0.05 0 0 0 0 1
179.222 0.048 0.002 0.002 0 0 1
179.272 0.05 0.002 0 0 0 1
179.32 0.05 0 0 0 0 1
179.37 0.05 0 0 0 0 1
179.42 0.05 0 0 0 0 1
179.472 0.052 0 0 0 0 1
179.522 0.05 0 0 0 0 1
179.572 0.05 0 0 0 0 1
179.624 0.05 0.002 0 0.002 0 1
179.674 0.05 0.002 0 0.002 0 1
179.72 0.046 0.002 0.002 0 0 1
179.772 0.052 0.002 0 0 0 1
179.82 0.05 0 0 0 0 1
179.872 0.05 0.002 0.002 0 0 1
179.922 0.052 0 0 0 0 1
179.972 0.05 0 0 0 0 1
180.024 0.05 0.002 0 0.002 0 1
180.156 0.132 0.002 0 0 0 1
180.19 0.034 0.002 0.002 0 0 1
180.246 0.056 0.002 0.002 0 0 1
180.302 0.056 0.002 0 0.002 0 1
180.356 0.054 0.002 0 0.002 0 1
180.404 0.048 0.002 0 0.002 0 1
180.458 0.054 0.002 0 0.002 0 1
180.51 0.052 0.002 0.002 0 0 1
180.562 0.052 0.002 0.002 0 0 1
180.614 0.052 0.002 0.002 0 0 1
180.666 0.052 0.002 0 0.002 0 1
180.714 0.05 0 0 0 0 1
180.766 0.048 0.004 0.002 0.002 0 1
180.808 0.044 0.002 0.002 0 0 1
180.856 0.048 0.002 0.002 0 0 1
180.904 0.048 0.002 0 0 0 1
180.956 0.052 0.002 0 0.002 0 1
181.006 0.052 0 0 0 0 1
181.184 0.176 0.002 0 0.002 0 1
181.19 0.008 0 0 0 0 1
181.242 0.05 0.002 0.002 0 0 1
181.294 0.052 0.002 0.002 0 0 1
181.342 0.048 0.002 0 0.002 0 1
181.392 0.05 0.002 0.002 0 0 1
181.442 0.05 0.002 0 0.002 0 1
181.492 0.05 0.002 0.002 0 0 1
181.542 0.052 0 0 0 0 1
181.594 0.05 0.002 0 0.002 0 1
181.642 0.05 0 0 0 0 1
181.692 0.05 0 0 0 0 1
181.744 0.05 0.002 0 0.002 0 1
181.788 0.046 0 0 0 0 1
181.838 0.05 0 0 0 0 1
181.89 0.05 0.002 0 0.002 0 1
181.938 0.048 0.002 0 0.002 0 1
181.988 0.046 0.006 0.006 0 0 1
182.178 0.194 0.002 0 0.002 0 1
182.178 0.002 0 0 0 0 1
182.23 0.05 0.002 0.002 0 0 1
182.28 0.05 0.002 0.002 0 0 1
182.328 0.048 0.002 0.002 0 0 1
182.378 0.052 0 0 0 0 1
182.428 0.05 0 0 0 0 1
182.48 0.052 0 0 0 0 1
182.532 0.05 0.002 0 0.002 0 1
182.58 0.048 0.002 0 0.002 0 1
182.63 0.05 0.002 0 0.002 0 1
182.68 0.05 0.002 0 0.002 0 1
182.728 0.05 0 0 0 0 1
182.774 0.044 0.002 0.002 0 0 1
182.826 0.052 0.002 0 0.002 0 1
182.874 0.05 0 0 0 0 1
183.036 0.16 0.002 0 0.002 0 1
183.058 0.022 0.002 0.002 0 0 1
183.112 0.054 0.002 0 0.002 0 1
183.164 0.054 0 0 0 0 1
183.218 0.052 0.002 0 0.002 0 1
183.27 0.052 0.002 0.002 0 0 1
183.322 0.052 0.002 0.002 0 0 1
183.374 0.052 0.002 0 0.002 0 1
183.424 0.052 0 0 0 0 1
183.474 0.05 0 0 0 0 1
183.524 0.048 0.002 0 0.002 0 1
183.572 0.044 0.006 0.006 0 0 1
183.624 0.056 0.002 0 0 0 1
183.674 0.05 0.002 0.002 0 0 1
183.724 0.05 0.002 0.002 0 0 1
183.77 0.048 0 0 0 0 1
183.82 0.05 0 0 0 0 1
183.87 0.05 0 0 0 0 1
183.92 0.05 0 0 0 0 1
183.964 0.042 0.002 0.002 0 0 1
184.132 0.17 0 0 0 0 1
184.15 0.018 0 0 0 0 1
184.202 0.052 0 0 0 0 1
184.252 0.05 0 0 0 0 1
184.306 0.052 0.002 0 0.002 0 1
184.356 0.052 0 0 0 0 1
184.408 0.05 0.002 0 0.002 0 1
184.456 0.048 0.002 0.002 0 0 1
184.506 0.05 0.002 0 0 0 1
184.558 0.052 0.002 0 0.002 0 1
184.608 0.05 0.002 0 0.002 0 1
184.656 0.05 0 0 0 0 1
184.71 0.052 0.002 0 0.002 0 1
184.756 0.048 0 0 0 0 1
184.806 0.05 0 0 0 0 1
184.854 0.048 0 0 0 0 1
184.906 0.05 0.002 0.002 0 0 1
184.956 0.05 0.002 0.002 0 0 1
185.006 0.048 0.004 0.004 0 0 1
185.056 0.054 0 0 0 0 1
185.108 0.048 0.004 0.002 0.002 0 1
185.272 0.168 0 0 0 0 1
185.3 0.026 0.002 0 0.002 0 1
185.35 0.052 0 0 0 0 1
185.402 0.05 0.002 0 0.002 0 1
185.45 0.048 0.002 0 0.002 0 1
185.5 0.048 0.004 0 0.004 0 1
185.55 0.054 0 0 0 0 1
185.602 0.05 0.002 0 0.002 0 1
185.65 0.048 0.002 0 0.002 0 1
185.698 0.05 0 0 0 0 1
185.75 0.05 0.002 0 0.002 0 1
185.796 0.048 0 0 0 0 1
185.834 0.038 0 0 0 0 1
185.884 0.048 0.002 0.002 0 0 1
185.938 0.054 0.002 0 0.002 0 1
185.99 0.052 0.002 0 0.002 0 1
186.152 0.16 0.002 0 0 0 1
186.162 0.01 0.002 0 0.002 0 1
186.206 0.044 0.002 0.002 0 0 1
186.258 0.052 0.002 0.002 0 0 1
186.302 0.044 0.002 0 0.002 0 1
186.348 0.048 0 0 0 0 1
186.402 0.052 0.002 0 0 0 1
186.446 0.046 0 0 0 0 1
186.496 0.05 0 0 0 0 1
186.552 0.05 0.006 0.006 0 0 1
186.6 0.052 0.002 0 0.002 0 1
186.652 0.052 0.002 0 0 0 1
186.696 0.044 0.002 0 0.002 0 1
186.746 0.052 0 0 0 0 1
186.794 0.048 0 0 0 0 1
186.848 0.052 0.002 0 0.002 0 1
187.056 0.202 0.008 0 0.002 0 1
187.076 0.026 0.002 0.002 0 0 1
187.128 0.052 0.002 0.002 0 0 1
187.182 0.054 0.002 0 0.002 0 1
187.236 0.05 0.006 0 0.002 0 1
187.286 0.054 0.002 0 0.002 0 1
187.336 0.05 0.002 0 0.002 0 1
187.386 0.052 0 0 0 0 1
187.438 0.05 0.002 0 0.002 0 1
187.488 0.05 0.002 0.002 0 0 1
187.53 0.042 0.002 0 0.002 0 1
187.582 0.054 0 0 0 0 1
187.634 0.05 0.002 0 0.002 0 1
187.682 0.048 0.002 0.002 0 0 1
187.734 0.052 0.002 0 0.002 0 1
187.784 0.05 0.002 0.002 0 0 1
187.834 0.052 0 0 0 0 1
