29.608 29.6 0.008 0.008 0 0 1
29.656 0.05 0.006 0.006 0 0 1
29.702 0.046 0.006 0.006 0 0 1
29.748 0.044 0.008 0.008 0 0 1
29.8 0.052 0.008 0.008 0 0 1
29.852 0.052 0.008 0.008 0 0 1
29.9 0.052 0.004 0.004 0 0 1
29.948 0.05 0.002 0.002 0 0 1
30 0.048 0.006 0.006 0 0 1
30.052 0.05 0.008 0.008 0 0 1
30.102 0.052 0.006 0.006 0 0 1
30.154 0.05 0.008 0.008 0 0 1
30.202 0.05 0.006 0.006 0 0 1
30.252 0.05 0.006 0.006 0 0 1
30.304 0.052 0.006 0.006 0 0 1
30.354 0.05 0.006 0.006 0 0 1
30.394 0.046 0 0 0 0 1
30.444 0.046 0.004 0.004 0 0 1
30.498 0.052 0.006 0.006 0 0 1
30.55 0.05 0.008 0.008 0 0 1
30.596 0.048 0.006 0.006 0 0 1
30.648 0.05 0.008 0.008 0 0 1
30.698 0.052 0.006 0.006 0 0 1
30.742 0.046 0.004 0.004 0 0 1
30.794 0.048 0.008 0.008 0 0 1
30.842 0.052 0.004 0.004 0 0 1
30.892 0.05 0.004 0.004 0 0 1
30.944 0.05 0.006 0.004 0 0 1
30.992 0.048 0.006 0.006 0 0 1
31.04 0.05 0.004 0.004 0 0 1
31.102 0.058 0.008 0.008 0 0 1
31.138 0.038 0.006 0.006 0 0 1
31.19 0.05 0.008 0.008 0 0 1
31.24 0.052 0.006 0.006 0 0 1
31.292 0.05 0.008 0.008 0 0 1
31.34 0.052 0.004 0.004 0 0 1
31.392 0.05 0.006 0.006 0 0 1
31.44 0.05 0.004 0.004 0 0 1
31.492 0.05 0.006 0.006 0 0 1
31.542 0.05 0.006 0.006 0 0 1
31.592 0.05 0.006 0.006 0 0 1
31.642 0.05 0.006 0.006 0 0 1
31.69 0.05 0.004 0.004 0 0 1
31.74 0.048 0.006 0.006 0 0 1
31.786 0.05 0.002 0.002 0 0 1
31.836 0.046 0.006 0.006 0 0 1
31.886 0.05 0.006 0.006 0 0 1
31.934 0.048 0.006 0.006 0 0 1
31.978 0.05 0 0 0 0 1
32.034 0.05 0.006 0.006 0 0 1
32.084 0.05 0.006 0.006 0 0 1
32.122 0.038 0.006 0.006 0 0 1
32.172 0.05 0.006 0.006 0 0 1
32.22 0.046 0.008 0.008 0 0 1
32.268 0.048 0.008 0.008 0 0 1
32.326 0.06 0.006 0.006 0 0 1
32.364 0.036 0.008 0.008 0 0 1
32.412 0.05 0.006 0.006 0 0 1
32.462 0.052 0.004 0.004 0 0 1
32.512 0.05 0.004 0.004 0 0 1
32.562 0.05 0.004 0.004 0 0 1
32.612 0.048 0.006 0.006 0 0 1
32.666 0.052 0.008 0.008 0 0 1
32.712 0.05 0.004 0.004 0 0 1
32.786 0.07 0.008 0.008 0 0 1
32.806 0.024 0.004 0.004 0 0 1
32.858 0.048 0.008 0.008 0 0 1
32.908 0.052 0.006 0.006 0 0 1
32.958 0.05 0.006 0.006 0 0 1
33.008 0.05 0.006 0.006 0 0 1
33.06 0.05 0.008 0.008 0 0 1
33.134 0.076 0.006 0.006 0 0 1
33.162 0.016 0.018 0.016 0 0 1
33.208 0.05 0.014 0.014 0 0 1
33.262 0.05 0.018 0.014 0 0 1
33.304 0.05 0.01 0.01 0 0 1
33.36 0.05 0.016 0.016 0 0 1
33.39 0.032 0.014 0.014 0 0 1
33.44 0.054 0.01 0.01 0 0 1
33.496 0.052 0.014 0.014 0 0 1
33.542 0.054 0.006 0.006 0 0 1
33.586 0.04 0.01 0.01 0 0 1
33.64 0.052 0.012 0.012 0 0 1
33.694 0.054 0.012 0.012 0 0 1
33.742 0.05 0.01 0.01 0 0 1
33.794 0.05 0.012 0.012 0 0 1
33.842 0.05 0.01 0.01 0 0 1
33.896 0.052 0.012 0.012 0 0 1
33.946 0.05 0.012 0.012 0 0 1
33.996 0.052 0.01 0.01 0 0 1
34.048 0.05 0.012 0.012 0 0 1
34.094 0.05 0.008 0.008 0 0 1
34.142 0.046 0.01 0.01 0 0 1
34.282 0.04 0.11 0.006 0.104 0.012 5
34.396 0.11 0.114 0.01 0.104 0.008 5
34.502 0.114 0.106 0.012 0.094 0.008 5
34.602 0.106 0.1 0.01 0.09 0.008 5
34.71 0.1 0.108 0.012 0.096 0.008 5
34.804 0.108 0.094 0.008 0.086 0.006 5
34.9 0.094 0.096 0.01 0.086 0.008 5
35.006 0.096 0.106 0.002 0.104 0.016 5
35.14 0.134 0.106 0.006 0.1 0.01 5
35.254 0.106 0.114 0.014 0.1 0.008 5
35.37 0.114 0.116 0.01 0.106 0.01 5
35.476 0.116 0.106 0.008 0.096 0.008 5
35.576 0.106 0.1 0.01 0.088 0.01 5
35.686 0.1 0.11 0.012 0.098 0.01 5
35.83 0.142 0.112 0.012 0.1 0.006 5
35.936 0.112 0.106 0.01 0.096 0.006 5
36.046 0.106 0.11 0.012 0.098 0.01 5
36.158 0.134 0.088 0.01 0.078 0.008 4
36.242 0.088 0.084 0.006 0.078 0.002 4
36.328 0.084 0.086 0.008 0.078 0.008 4
36.444 0.108 0.094 0.002 0.09 0.012 1
36.54 0.094 0.096 0.002 0.092 0.012 1
36.63 0.096 0.09 0 0.09 0.008 1
36.726 0.09 0.096 0.004 0.092 0.014 1
36.826 0.096 0.1 0.004 0.096 0.014 1
36.922 0.1 0.096 0.002 0.094 0.014 1
37.014 0.096 0.092 0.004 0.086 0.01 1
37.1 0.092 0.086 0.002 0.084 0.012 1
37.192 0.086 0.092 0.002 0.09 0.01 1
37.304 0.116 0.088 0.004 0.084 0.012 1
37.408 0.088 0.104 0.002 0.102 0.01 1
37.534 0.138 0.092 0.002 0.09 0.012 1
37.64 0.092 0.106 0.002 0.104 0.012 1
37.742 0.106 0.102 0.004 0.096 0.012 1
37.826 0.102 0.084 0.002 0.08 0.014 1
37.942 0.106 0.094 0.002 0.092 0.01 1
38.044 0.094 0.102 0.008 0.094 0.01 1
38.132 0.102 0.088 0.002 0.086 0.01 1
38.252 0.116 0.092 0.002 0.09 0.012 1
38.348 0.094 0.094 0.002 0.092 0.012 1
38.442 0.094 0.094 0.002 0.092 0.012 1
38.536 0.094 0.094 0 0.094 0.012 1
38.66 0.124 0.094 0.004 0.09 0.012 1
38.766 0.094 0.106 0.002 0.104 0.02 1
38.896 0.142 0.094 0.004 0.09 0.014 1
38.988 0.094 0.092 0.004 0.088 0.006 1
39.128 0.128 0.104 0.004 0.1 0.012 1
39.234 0.106 0.104 0.002 0.102 0.012 1
39.33 0.104 0.096 0.002 0.094 0.008 1
39.424 0.096 0.094 0.002 0.092 0.012 1
39.52 0.094 0.096 0.004 0.092 0.012 1
39.612 0.096 0.092 0.002 0.09 0.012 1
39.714 0.092 0.102 0.002 0.1 0.016 1
39.802 0.102 0.088 0.002 0.086 0.008 1
39.92 0.116 0.09 0.002 0.088 0.008 1
40.016 0.09 0.096 0.008 0.088 0 1
40.136 0.124 0.092 0.002 0.09 0.012 1
40.232 0.092 0.096 0.002 0.092 0.012 1
40.324 0.096 0.092 0.002 0.088 0.012 1
40.446 0.11 0.104 0.012 0.092 0.012 1
40.546 0.104 0.1 0 0.1 0.01 1
40.686 0.14 0.1 0.004 0.094 0.012 1
40.784 0.1 0.098 0.002 0.094 0.014 1
40.88 0.098 0.096 0 0.094 0.012 1
41.018 0.128 0.106 0.002 0.104 0.014 1
41.108 0.106 0.09 0.004 0.086 0.006 1
41.204 0.09 0.096 0.004 0.092 0.008 1
41.33 0.124 0.098 0.004 0.094 0.012 1
41.424 0.098 0.094 0.002 0.092 0.006 1
41.532 0.094 0.108 0.004 0.104 0.014 1
41.632 0.108 0.1 0.002 0.098 0.014 1
41.732 0.1 0.1 0.004 0.094 0.012 1
41.824 0.1 0.092 0.002 0.09 0.01 1
41.914 0.092 0.09 0.004 0.086 0.01 1
42.014 0.09 0.1 0.002 0.098 0.012 1
42.126 0.1 0.112 0.004 0.106 0.014 1
42.258 0.152 0.092 0.002 0.09 0.012 1
42.356 0.092 0.098 0 0.096 0.02 1
42.48 0.128 0.094 0.002 0.092 0.008 1
42.576 0.094 0.096 0.002 0.094 0.008 1
42.666 0.096 0.09 0.002 0.088 0.008 1
42.778 0.112 0.09 0.004 0.084 0.008 1
42.872 0.09 0.094 0.002 0.092 0.01 1
42.97 0.094 0.098 0.004 0.094 0.01 1
43.064 0.098 0.094 0.002 0.092 0.01 1
43.188 0.124 0.094 0.004 0.09 0.01 1
43.286 0.094 0.098 0.004 0.094 0.01 1
43.366 0.098 0.08 0.002 0.078 0.008 1
43.506 0.112 0.108 0.004 0.104 0.022 2
43.614 0.108 0.108 0.006 0.102 0.016 2
43.724 0.108 0.11 0.006 0.102 0.016 2
43.87 0.14 0.116 0.006 0.11 0.02 2
43.96 0.116 0.09 0.004 0.086 0.01 1
44.052 0.09 0.092 0.002 0.09 0.01 1
44.146 0.092 0.094 0.002 0.092 0.008 1
44.24 0.094 0.094 0 0.094 0 1
44.33 0.094 0.09 0.002 0.088 0.006 1
44.426 0.09 0.096 0.002 0.094 0.012 1
44.516 0.096 0.09 0.004 0.086 0.01 1
44.612 0.09 0.096 0.002 0.094 0 1
44.738 0.134 0.088 0.002 0.086 0.01 1
44.836 0.09 0.096 0.002 0.092 0.01 1
44.93 0.096 0.094 0.002 0.092 0.012 1
45.054 0.124 0.094 0.004 0.09 0.01 1
45.146 0.094 0.092 0.004 0.088 0.012 1
45.264 0.122 0.088 0.002 0.086 0.008 1
45.354 0.088 0.09 0.004 0.086 0.008 1
45.446 0.09 0.092 0.002 0.09 0.008 1
45.536 0.092 0.09 0.004 0.086 0.012 1
45.66 0.12 0.094 0.002 0.092 0.01 1
45.746 0.094 0.086 0.004 0.082 0.01 1
45.834 0.086 0.088 0.004 0.084 0.01 1
45.924 0.088 0.09 0.002 0.088 0.008 1
46.022 0.092 0.096 0.002 0.092 0.01 1
46.11 0.096 0.088 0.002 0.086 0.006 1
46.206 0.088 0.096 0.002 0.094 0.008 1
46.29 0.096 0.084 0.002 0.082 0.014 1
46.378 0.084 0.088 0.002 0.086 0.01 1
46.48 0.088 0.102 0.004 0.098 0.012 1
46.62 0.14 0.102 0.004 0.096 0.012 1
46.718 0.102 0.098 0.002 0.096 0.01 1
46.81 0.098 0.092 0.002 0.09 0.012 1
46.942 0.124 0.1 0.01 0.09 0.018 2
47.044 0.102 0.1 0.006 0.094 0.016 2
47.146 0.1 0.102 0.006 0.094 0.014 2
47.276 0.132 0.1 0.002 0.098 0.01 2
47.374 0.1 0.098 0.004 0.094 0.012 2
47.468 0.098 0.094 0 0.094 0.012 2
47.574 0.094 0.106 0.006 0.098 0.014 2
47.67 0.106 0.096 0.004 0.092 0.012 2
47.766 0.096 0.096 0.006 0.09 0.012 2
47.878 0.096 0.112 0.006 0.106 0.014 2
47.966 0.112 0.088 0.006 0.082 0.012 2
48.072 0.088 0.106 0.006 0.1 0.014 2
48.224 0.152 0.106 0.006 0.1 0.014 2
48.326 0.108 0.1 0.004 0.096 0.012 2
48.428 0.1 0.102 0.006 0.096 0.014 2
48.57 0.14 0.104 0.006 0.096 0.012 2
48.658 0.104 0.088 0 0.088 0.008 2
48.752 0.088 0.094 0.006 0.088 0.01 2
48.852 0.094 0.1 0.006 0.094 0.012 2
48.946 0.1 0.094 0.004 0.09 0.014 2
49.036 0.094 0.09 0.004 0.086 0.012 2
49.124 0.09 0.088 0.004 0.084 0.01 2
49.212 0.088 0.088 0.004 0.082 0.01 2
49.31 0.088 0.098 0.006 0.092 0.012 2
49.44 0.136 0.092 0.006 0.086 0.012 2
49.524 0.092 0.084 0.004 0.08 0.01 2
49.626 0.084 0.102 0.006 0.096 0.016 2
49.748 0.134 0.09 0.006 0.084 0.012 2
49.844 0.09 0.096 0.006 0.09 0.012 2
49.976 0.132 0.096 0.006 0.09 0.012 2
50.076 0.096 0.1 0.006 0.094 0.014 2
50.18 0.1 0.104 0.008 0.094 0.012 2
50.276 0.104 0.096 0.006 0.09 0.014 2
50.378 0.096 0.102 0.006 0.096 0.012 2
50.474 0.102 0.096 0.004 0.092 0.014 2
50.568 0.096 0.094 0.002 0.092 0.012 2
50.658 0.094 0.09 0.006 0.084 0.014 2
50.752 0.09 0.094 0.008 0.086 0.012 2
50.834 0.094 0.082 0.004 0.078 0.012 2
50.98 0.124 0.104 0.008 0.096 0.014 2
51.072 0.104 0.092 0.006 0.086 0.014 2
51.158 0.092 0.086 0.008 0.078 0.012 2
51.292 0.12 0.1 0.008 0.092 0.012 2
51.386 0.1 0.094 0.006 0.088 0.012 2
51.472 0.094 0.086 0.004 0.082 0.01 2
51.566 0.088 0.092 0.006 0.086 0.014 2
51.7 0.124 0.102 0.006 0.096 0.012 2
51.786 0.102 0.086 0.008 0.076 0.01 2
51.934 0.128 0.106 0.008 0.098 0.014 2
52.04 0.106 0.106 0.006 0.1 0.014 2
52.14 0.106 0.1 0.006 0.094 0.014 2
52.23 0.1 0.09 0.006 0.084 0.012 2
52.32 0.09 0.09 0.006 0.084 0.012 2
52.418 0.09 0.098 0.006 0.092 0.012 2
52.502 0.098 0.084 0.004 0.08 0.014 2
52.604 0.084 0.102 0.006 0.094 0.012 2
52.704 0.102 0.1 0.006 0.094 0.014 2
52.854 0.144 0.106 0.008 0.098 0.014 2
52.954 0.106 0.1 0.006 0.094 0.014 2
53.036 0.1 0.082 0.006 0.076 0.004 2
53.174 0.128 0.092 0.004 0.088 0.014 2
53.254 0.092 0.08 0.004 0.076 0.014 2
53.34 0.08 0.086 0 0.086 0.016 2
53.47 0.12 0.096 0.006 0.09 0.016 2
53.566 0.096 0.096 0.008 0.088 0.016 2
53.644 0.096 0.078 0.006 0.072 0.014 2
53.736 0.078 0.092 0.002 0.09 0.014 2
53.886 0.142 0.1 0.008 0.092 0.01 2
53.99 0.1 0.104 0.008 0.096 0.016 2
54.092 0.104 0.102 0.006 0.096 0.012 2
54.228 0.138 0.1 0.006 0.094 0.014 2
54.316 0.1 0.088 0.006 0.082 0.012 2
54.414 0.088 0.098 0.006 0.09 0.016 2
54.516 0.098 0.102 0.008 0.094 0.01 2
54.672 0.154 0.104 0.006 0.098 0.014 2
54.776 0.104 0.104 0.008 0.096 0.016 2
54.92 0.148 0.1 0.004 0.096 0.014 2
55.024 0.1 0.104 0.008 0.096 0.014 2
55.116 0.104 0.092 0.004 0.088 0.01 2
55.264 0.136 0.104 0.004 0.098 0.014 2
55.362 0.104 0.098 0.008 0.09 0.014 2
55.458 0.098 0.096 0.006 0.09 0.014 2
55.592 0.13 0.1 0.006 0.094 0.012 2
55.686 0.1 0.094 0.008 0.086 0.014 2
55.782 0.094 0.096 0.008 0.088 0.014 2
55.876 0.096 0.094 0.008 0.086 0.014 2
56.024 0.142 0.1 0.006 0.092 0.016 2
56.126 0.1 0.102 0.008 0.094 0.014 2
56.216 0.102 0.09 0.006 0.084 0.012 2
56.318 0.09 0.102 0.01 0.092 0.014 2
56.42 0.102 0.102 0.008 0.094 0.014 2
56.51 0.102 0.09 0.008 0.082 0.014 2
56.594 0.09 0.084 0.006 0.078 0.012 2
56.684 0.084 0.09 0.006 0.082 0.014 2
56.852 0.128 0.13 0.03 0.098 0.016 8
56.958 0.13 0.106 0.004 0.102 0.014 2
57.064 0.106 0.106 0.01 0.094 0.012 2
57.162 0.106 0.098 0.01 0.088 0.016 2
57.262 0.098 0.1 0.008 0.09 0.014 2
57.366 0.1 0.104 0.006 0.098 0.01 2
57.466 0.104 0.1 0.01 0.09 0.014 2
57.574 0.1 0.108 0.01 0.098 0.016 2
57.728 0.15 0.112 0.008 0.104 0.012 2
57.848 0.112 0.12 0.008 0.11 0.016 2
57.99 0.168 0.094 0.008 0.086 0.014 2
58.108 0.094 0.118 0.026 0.092 0.014 2
58.208 0.118 0.1 0.004 0.096 0.016 2
58.314 0.1 0.106 0.01 0.096 0.01 2
58.426 0.106 0.112 0.006 0.106 0.018 2
58.532 0.112 0.106 0.008 0.098 0.016 2
58.622 0.106 0.09 0.01 0.08 0.016 2
58.75 0.126 0.092 0.008 0.082 0.014 2
58.844 0.092 0.094 0.004 0.09 0.014 2
58.94 0.094 0.096 0.004 0.092 0.01 2
59.072 0.132 0.096 0.004 0.092 0.014 2
59.178 0.098 0.104 0.006 0.098 0.018 2
59.278 0.104 0.1 0.006 0.094 0.014 2
59.38 0.1 0.102 0.008 0.094 0.014 2
59.528 0.14 0.11 0.006 0.104 0.016 2
59.626 0.11 0.098 0.008 0.09 0.016 2
59.728 0.1 0.1 0.008 0.09 0.014 2
59.826 0.1 0.098 0.008 0.088 0.018 2
59.97 0.134 0.108 0.008 0.098 0.014 2
60.068 0.108 0.098 0 0.096 0.014 2
60.162 0.098 0.094 0.004 0.09 0.016 2
60.288 0.134 0.086 0.008 0.078 0.014 2
60.4 0.088 0.11 0.006 0.104 0.016 2
60.516 0.11 0.116 0.008 0.106 0.016 2
60.62 0.116 0.104 0.008 0.096 0.006 2
60.768 0.156 0.096 0.008 0.088 0.012 2
60.88 0.096 0.112 0.01 0.102 0.016 2
60.976 0.112 0.096 0.006 0.09 0.014 2
61.066 0.096 0.09 0.008 0.082 0.014 2
61.172 0.09 0.106 0.01 0.096 0.016 2
61.302 0.14 0.096 0.008 0.088 0.014 2
61.378 0.096 0.076 0.008 0.068 0.014 2
61.478 0.076 0.1 0.006 0.094 0.018 2
61.622 0.138 0.106 0.006 0.1 0.018 2
61.704 0.106 0.082 0.008 0.074 0.016 2
61.848 0.122 0.104 0.008 0.094 0.018 2
61.952 0.104 0.104 0.006 0.098 0.018 2
62.06 0.104 0.108 0.01 0.098 0.022 2
62.148 0.108 0.088 0.006 0.082 0.014 2
62.284 0.134 0.09 0.008 0.082 0.022 2
62.396 0.09 0.112 0.012 0.1 0.02 2
62.492 0.112 0.096 0.004 0.092 0.02 2
62.648 0.144 0.108 0.008 0.1 0.022 2
62.752 0.108 0.104 0.004 0.1 0.02 2
62.854 0.104 0.102 0.006 0.094 0.016 2
63.012 0.15 0.11 0.008 0.102 0.018 2
63.128 0.112 0.114 0.008 0.106 0.026 2
63.242 0.114 0.114 0.008 0.106 0.022 2
63.366 0.114 0.124 0.01 0.114 0.026 2
63.478 0.124 0.112 0.01 0.1 0.024 2
63.634 0.154 0.114 0.008 0.106 0.022 2
63.758 0.116 0.122 0.008 0.114 0.042 2
63.878 0.122 0.12 0.01 0.11 0.036 2
64.044 0.158 0.128 0.004 0.124 0.04 2
64.172 0.13 0.126 0.004 0.12 0.036 2
64.296 0.126 0.124 0.006 0.118 0.032 2
64.464 0.168 0.124 0.006 0.118 0.032 2
64.594 0.124 0.13 0.008 0.12 0.032 2
64.72 0.13 0.126 0.008 0.118 0.03 2
64.842 0.126 0.122 0.01 0.112 0.032 2
64.994 0.16 0.114 0.008 0.106 0.024 2
65.114 0.114 0.12 0.006 0.114 0.042 2
65.258 0.12 0.144 0.004 0.138 0.048 2
65.392 0.144 0.134 0.008 0.126 0.048 2
65.518 0.134 0.126 0.006 0.12 0.036 2
65.704 0.178 0.134 0.004 0.13 0.05 2
65.862 0.134 0.158 0.008 0.15 0.068 2
66.006 0.158 0.144 0.006 0.138 0.06 2
66.202 0.192 0.148 0.008 0.14 0.062 2
66.384 0.148 0.182 0.006 0.176 0.094 2
66.562 0.182 0.178 0.006 0.172 0.09 2
66.746 0.178 0.184 0.008 0.176 0.09 2
66.982 0.234 0.186 0.01 0.176 0.098 2
67.17 0.186 0.188 0.006 0.182 0.104 2
67.376 0.188 0.206 0.006 0.2 0.112 2
67.58 0.206 0.204 0.006 0.198 0.122 2
67.848 0.244 0.228 0.002 0.222 0.14 2
68.1 0.228 0.252 0.006 0.246 0.166 2
68.362 0.252 0.262 0.004 0.258 0.172 2
68.688 0.31 0.278 0.004 0.274 0.192 2
69.01 0.324 0.276 0.004 0.272 0.194 2
69.322 0.276 0.312 0.004 0.308 0.234 2
69.674 0.35 0.314 0.004 0.31 0.23 2
70.016 0.314 0.342 0.006 0.336 0.254 2
70.358 0.39 0.294 0.002 0.292 0.228 2
70.676 0.294 0.318 0.004 0.314 0.234 2
71.028 0.374 0.296 0.006 0.29 0.224 2
71.35 0.338 0.28 0.006 0.274 0.212 2
71.63 0.28 0.28 0.004 0.276 0.204 2
71.94 0.332 0.258 0 0.256 0.19 2
72.188 0.258 0.248 0.004 0.244 0.18 2
72.442 0.248 0.254 0.006 0.248 0.188 2
72.732 0.304 0.24 0.006 0.234 0.176 2
72.96 0.24 0.228 0.006 0.222 0.172 2
73.212 0.282 0.198 0.004 0.194 0.148 2
73.43 0.2 0.216 0.004 0.212 0.164 2
73.728 0.282 0.232 0.026 0.206 0.154 16
73.968 0.232 0.24 0.026 0.214 0.158 16
74.088 0.308 0.052 0.004 0.048 0.03 2
74.14 0.052 0.052 0.006 0.046 0.03 2
74.18 0.052 0.04 0.004 0.036 0.026 2
74.308 0.106 0.062 0.006 0.056 0.036 2
74.588 0.062 0.28 0.002 0.278 0.218 1
74.846 0.28 0.258 0.004 0.254 0.202 1
75.104 0.258 0.258 0.002 0.256 0.194 1
75.42 0.336 0.238 0.002 0.236 0.184 1
75.732 0.308 0.242 0.002 0.24 0.184 1
75.938 0.242 0.206 0 0.206 0.142 1
76.228 0.286 0.21 0 0.21 0.146 1
76.392 0.21 0.164 0.004 0.16 0.114 1
76.56 0.164 0.168 0 0.168 0.104 1
76.812 0.248 0.172 0.004 0.168 0.11 1
76.944 0.172 0.132 0.004 0.128 0.074 1
77.07 0.132 0.126 0.002 0.124 0.066 1
77.192 0.126 0.122 0.002 0.12 0.066 1
77.39 0.198 0.122 0.002 0.12 0.07 1
77.528 0.122 0.138 0.004 0.134 0.09 1
77.664 0.138 0.136 0.004 0.132 0.08 1
77.9 0.224 0.148 0.004 0.142 0.09 1
78.064 0.148 0.164 0.002 0.162 0.11 1
78.23 0.164 0.166 0.002 0.162 0.116 1
78.408 0.166 0.178 0.002 0.174 0.118 1
78.576 0.178 0.168 0.002 0.166 0.112 1
78.738 0.168 0.162 0.002 0.158 0.108 1
78.9 0.162 0.162 0 0.162 0.11 1
79.05 0.162 0.15 0 0.15 0.098 1
79.296 0.23 0.166 0.002 0.164 0.11 1
79.456 0.168 0.158 0.002 0.156 0.102 1
79.6 0.158 0.144 0.002 0.142 0.092 1
79.748 0.144 0.148 0.002 0.146 0.094 1
79.908 0.148 0.16 0.002 0.158 0.108 1
80.146 0.256 0.142 0.004 0.138 0.09 1
80.302 0.142 0.156 0.006 0.148 0.104 1
80.46 0.156 0.158 0.004 0.152 0.102 1
80.722 0.258 0.162 0.004 0.158 0.108 1
80.86 0.162 0.138 0.004 0.134 0.092 1
80.992 0.138 0.132 0.002 0.13 0.086 1
81.13 0.132 0.138 0.002 0.136 0.088 1
81.258 0.138 0.128 0.004 0.124 0.08 1
81.484 0.21 0.144 0.002 0.142 0.094 1
81.606 0.146 0.12 0.002 0.118 0.076 1
81.738 0.12 0.132 0.004 0.128 0.084 1
81.866 0.132 0.128 0.004 0.124 0.078 1
81.984 0.128 0.118 0.002 0.114 0.072 1
82.206 0.208 0.132 0.002 0.13 0.086 1
82.422 0.132 0.216 0.008 0.206 0.166 1
82.632 0.216 0.21 0.002 0.208 0.154 1
82.826 0.21 0.194 0.002 0.192 0.14 1
83.036 0.194 0.21 0.006 0.204 0.158 1
83.212 0.298 0.088 0.002 0.086 0.048 1
83.308 0.088 0.096 0.004 0.092 0.054 1
83.396 0.096 0.088 0 0.088 0.058 1
83.48 0.088 0.084 0.002 0.082 0.05 1
83.568 0.084 0.088 0.002 0.086 0.05 1
83.654 0.088 0.086 0.002 0.084 0.05 1
83.738 0.086 0.084 0.002 0.082 0.052 1
83.832 0.084 0.094 0.002 0.092 0.058 1
83.916 0.094 0.084 0.002 0.082 0.05 1
83.998 0.084 0.082 0.002 0.08 0.048 1
84.084 0.082 0.086 0 0.086 0.052 1
84.162 0.086 0.078 0.004 0.074 0.048 1
84.242 0.078 0.08 0.002 0.078 0.05 1
84.428 0.176 0.09 0.004 0.086 0.052 1
84.624 0.09 0.196 0.002 0.194 0.152 1
84.82 0.196 0.196 0.002 0.194 0.154 1
85.018 0.196 0.198 0.002 0.196 0.15 1
85.208 0.198 0.19 0 0.19 0.148 1
85.502 0.28 0.204 0.002 0.202 0.156 1
85.69 0.204 0.188 0 0.188 0.146 1
85.852 0.188 0.162 0.002 0.16 0.132 1
86.026 0.162 0.174 0 0.174 0.134 1
86.318 0.286 0.18 0.002 0.178 0.142 1
86.486 0.18 0.168 0.002 0.166 0.13 1
86.646 0.168 0.16 0.002 0.158 0.124 1
86.81 0.16 0.164 0 0.164 0.13 1
87.094 0.272 0.176 0.002 0.174 0.134 1
87.098 0.178 0.002 0 0.002 0 1
87.132 0.034 0.002 0 0.002 0 1
87.182 0.05 0.002 0.002 0 0 1
87.304 0.12 0.004 0 0.004 0 1
87.328 0.026 0.002 0 0.002 0 1
87.37 0.044 0 0 0 0 1
87.414 0.044 0 0 0 0 1
87.466 0.05 0.002 0.002 0 0 1
87.516 0.052 0 0 0 0 1
87.566 0.048 0.002 0 0.002 0 1
87.616 0.05 0.002 0.002 0 0 1
87.668 0.052 0.002 0 0.002 0 1
87.718 0.05 0.002 0 0 0 1
87.768 0.05 0.002 0.002 0 0 1
87.818 0.05 0.002 0.002 0 0 1
87.868 0.05 0.002 0.002 0 0 1
87.962 0.096 0 0 0 0 1
88.01 0.046 0.002 0 0.002 0 1
88.056 0.044 0.004 0.004 0 0 1
88.108 0.054 0.002 0 0.002 0 1
88.156 0.05 0 0 0 0 1
88.208 0.052 0 0 0 0 1
88.258 0.05 0 0 0 0 1
88.308 0.05 0 0 0 0 1
88.358 0.05 0 0 0 0 1
88.408 0.05 0 0 0 0 1
88.458 0.05 0 0 0 0 1
88.58 0.12 0.002 0 0.002 0 1
88.6 0.008 0.014 0.012 0.002 0 1
88.64 0.054 0 0 0 0 1
88.684 0.044 0 0 0 0 1
