21.782 21.586 0.196 0 0.196 0.012 1
21.972 0.196 0.19 0 0.19 0.012 1
22.166 0.19 0.194 0 0.194 0.012 1
22.372 0.228 0.172 0 0.172 0.01 1
22.562 0.172 0.19 0 0.19 0.01 1
22.744 0.19 0.182 0 0.182 0.012 1
22.934 0.214 0.158 0 0.158 0.014 1
23.088 0.158 0.154 0 0.154 0.01 1
23.246 0.154 0.158 0 0.156 0.012 1
23.394 0.158 0.148 0 0.148 0.01 1
23.546 0.148 0.152 0 0.152 0.012 1
23.642 0.174 0.074 0 0.074 0.008 1
23.726 0.074 0.084 0.002 0.082 0.008 1
23.876 0.112 0.122 0 0.122 0.008 1
24.004 0.122 0.128 0 0.128 0.006 1
24.138 0.128 0.134 0 0.134 0.008 1
24.264 0.134 0.126 0 0.124 0.008 1
24.396 0.126 0.132 0 0.132 0.008 1
24.518 0.132 0.122 0 0.122 0.01 1
24.63 0.152 0.082 0 0.082 0.012 1
24.714 0.082 0.084 0 0.084 0.012 1
24.842 0.118 0.094 0 0.094 0.032 1
24.942 0.094 0.1 0 0.1 0.034 1
25.04 0.1 0.098 0 0.098 0.032 1
25.162 0.122 0.098 0.002 0.096 0.032 1
25.32 0.098 0.158 0 0.158 0.092 1
25.482 0.158 0.162 0 0.162 0.094 1
25.616 0.162 0.134 0 0.134 0.084 1
25.812 0.166 0.164 0.002 0.162 0.102 1
25.984 0.164 0.172 0.002 0.17 0.108 1
26.16 0.172 0.176 0 0.176 0.114 1
26.332 0.176 0.172 0 0.172 0.108 1
26.502 0.172 0.17 0.002 0.168 0.106 1
26.654 0.17 0.152 0 0.152 0.096 1
26.838 0.184 0.152 0.002 0.15 0.094 1
27.008 0.152 0.17 0.002 0.168 0.102 1
27.194 0.198 0.158 0 0.156 0.098 1
27.358 0.158 0.164 0 0.164 0.104 1
27.55 0.194 0.162 0 0.162 0.102 1
27.73 0.162 0.18 0 0.18 0.118 1
27.94 0.216 0.174 0.002 0.172 0.122 1
28.112 0.174 0.172 0 0.172 0.118 1
28.28 0.172 0.168 0 0.168 0.112 1
28.464 0.168 0.184 0 0.184 0.124 1
28.632 0.184 0.168 0 0.168 0.106 1
28.81 0.168 0.178 0 0.178 0.12 1
29.078 0.214 0.232 0.002 0.23 0.148 1
29.32 0.232 0.242 0.002 0.24 0.138 1
29.564 0.242 0.244 0 0.244 0.148 1
29.808 0.244 0.244 0 0.244 0.148 1
30.064 0.244 0.256 0 0.256 0.166 1
30.354 0.286 0.26 0 0.26 0.174 1
30.634 0.26 0.28 0 0.28 0.188 1
30.992 0.328 0.31 0 0.31 0.214 1
31.294 0.31 0.302 0 0.3 0.206 1
31.6 0.302 0.306 0 0.304 0.212 1
31.908 0.306 0.308 0 0.308 0.214 1
32.216 0.308 0.308 0 0.308 0.22 1
32.466 0.35 0.208 0 0.208 0.144 1
32.672 0.21 0.204 0 0.204 0.146 1
32.89 0.204 0.218 0 0.218 0.152 1
32.978 0.256 0.05 0 0.05 0.032 1
33.03 0.05 0.052 0 0.05 0.032 1
33.074 0.052 0.044 0 0.044 0.036 1
33.168 0.088 0.05 0 0.05 0.032 1
33.17 0.05 0.002 0.002 0 0 1
33.172 0.002 0.002 0 0 0 1
33.226 0.054 0.002 0 0.002 0 1
33.276 0.05 0.002 0 0.002 0 1
33.326 0.052 0 0 0 0 1
33.378 0.052 0 0 0 0 1
33.43 0.052 0 0 0 0 1
33.506 0.074 0.002 0 0 0 1
33.522 0.016 0.002 0.002 0 0 1
33.574 0.054 0 0 0 0 1
33.626 0.052 0 0 0 0 1
33.678 0.052 0 0 0 0 1
33.728 0.05 0 0 0 0 1
33.78 0.05 0.002 0 0.002 0 1
33.83 0.05 0.002 0.002 0 0 1
33.88 0.052 0 0 0 0 1
33.97 0.09 0 0 0 0 1
33.976 0.006 0 0 0 0 1
34.028 0.05 0.002 0 0.002 0 1
34.078 0.05 0.002 0 0.002 0 1
34.128 0.05 0.002 0.002 0 0 1
34.178 0.05 0.002 0.002 0 0 1
34.228 0.052 0 0 0 0 1
34.276 0.048 0 0 0 0 1
34.328 0.05 0.002 0 0.002 0 1
34.376 0.05 0 0 0 0 1
34.428 0.052 0 0 0 0 1
34.512 0.084 0 0 0 0 1
34.528 0.016 0 0 0 0 1
34.578 0.048 0.002 0 0 0 1
34.628 0.052 0 0 0 0 1
34.672 0.042 0.002 0 0.002 0 1
34.72 0.048 0.002 0.002 0 0 1
34.77 0.052 0 0 0 0 1
34.818 0.048 0 0 0 0 1
34.87 0.052 0 0 0 0 1
34.918 0.048 0 0 0 0 1
35.048 0.128 0.002 0 0.002 0 1
35.062 0.016 0 0 0 0 1
35.11 0.046 0.002 0 0 0 1
35.16 0.052 0 0 0 0 1
35.206 0.046 0 0 0 0 1
35.256 0.048 0.002 0 0.002 0 1
35.302 0.048 0 0 0 0 1
35.394 0.09 0.002 0 0.002 0 1
35.396 0.004 0 0 0 0 1
35.448 0.052 0 0 0 0 1
35.498 0.05 0 0 0 0 1
35.55 0.05 0.002 0 0 0 1
35.596 0.048 0 0 0 0 1
35.646 0.05 0 0 0 0 1
35.696 0.05 0 0 0 0 1
35.784 0.086 0.002 0.002 0 0 1
35.792 0.01 0 0 0 0 1
35.834 0.042 0 0 0 0 1
35.886 0.05 0.002 0 0 0 1
35.934 0.05 0 0 0 0 1
35.986 0.052 0 0 0 0 1
36.038 0.05 0.002 0 0.002 0 1
36.086 0.05 0 0 0 0 1
36.136 0.048 0.002 0 0.002 0 1
36.202 0.066 0.002 0 0 0 1
36.226 0.026 0 0 0 0 1
36.278 0.05 0.002 0 0.002 0 1
36.326 0.05 0 0 0 0 1
36.378 0.052 0 0 0 0 1
36.43 0.05 0.002 0 0.002 0 1
36.478 0.05 0 0 0 0 1
36.528 0.05 0 0 0 0 1
36.576 0.048 0 0 0 0 1
36.626 0.05 0 0 0 0 1
36.726 0.098 0.002 0 0.002 0 1
36.762 0.036 0.002 0 0.002 0 1
36.812 0.052 0 0 0 0 1
36.862 0.05 0 0 0 0 1
36.914 0.05 0.002 0 0.002 0 1
36.964 0.05 0.002 0 0.002 0 1
37.014 0.048 0.004 0.004 0 0 1
37.062 0.05 0.002 0.002 0 0 1
37.146 0.086 0 0 0 0 1
37.148 0.002 0 0 0 0 1
37.202 0.052 0.002 0 0.002 0 1
37.254 0.052 0.002 0 0 0 1
37.306 0.052 0.002 0 0 0 1
37.358 0.052 0.002 0 0.002 0 1
37.408 0.05 0.002 0 0.002 0 1
37.458 0.05 0.002 0.002 0 0 1
37.51 0.052 0.002 0 0 0 1
37.556 0.048 0 0 0 0 1
37.664 0.106 0.002 0 0.002 0 1
37.686 0.022 0.002 0.002 0 0 1
37.742 0.056 0.002 0 0.002 0 1
37.794 0.054 0 0 0 0 1
37.846 0.052 0 0 0 0 1
37.898 0.052 0 0 0 0 1
37.95 0.052 0 0 0 0 1
38.002 0.052 0 0 0 0 1
38.052 0.05 0 0 0 0 1
38.102 0.05 0 0 0 0 1
38.154 0.05 0.002 0.002 0 0 1
38.25 0.094 0.004 0 0 0 1
38.296 0.048 0.002 0 0.002 0 1
38.346 0.052 0 0 0 0 1
38.398 0.052 0 0 0 0 1
38.45 0.052 0 0 0 0 1
38.496 0.046 0 0 0 0 1
38.548 0.052 0 0 0 0 1
38.596 0.048 0 0 0 0 1
38.648 0.05 0.002 0 0.002 0 1
38.698 0.052 0 0 0 0 1
38.75 0.05 0.002 0 0.002 0 1
38.798 0.05 0 0 0 0 1
38.848 0.05 0 0 0 0 1
38.926 0.078 0 0 0 0 1
38.934 0.008 0 0 0 0 1
38.986 0.052 0 0 0 0 1
39.038 0.052 0 0 0 0 1
39.09 0.052 0 0 0 0 1
39.138 0.048 0 0 0 0 1
39.19 0.052 0 0 0 0 1
39.238 0.048 0 0 0 0 1
39.29 0.052 0 0 0 0 1
39.338 0.046 0.002 0.002 0 0 1
39.386 0.05 0 0 0 0 1
39.436 0.05 0 0 0 0 1
39.488 0.05 0.002 0 0.002 0 1
39.536 0.05 0 0 0 0 1
39.65 0.112 0.002 0 0.002 0 1
39.682 0.034 0 0 0 0 1
39.734 0.052 0 0 0 0 1
39.786 0.05 0.002 0 0.002 0 1
39.834 0.05 0 0 0 0 1
39.886 0.05 0.002 0 0.002 0 1
39.936 0.05 0.002 0 0.002 0 1
39.986 0.05 0.002 0.002 0 0 1
40.036 0.052 0 0 0 0 1
40.086 0.05 0 0 0 0 1
40.136 0.05 0 0 0 0 1
40.186 0.048 0.002 0.002 0 0 1
40.236 0.052 0 0 0 0 1
40.32 0.082 0.002 0 0 0 1
40.324 0.004 0.002 0 0.002 0 1
40.376 0.054 0 0 0 0 1
40.428 0.05 0.002 0 0.002 0 1
40.478 0.052 0 0 0 0 1
40.53 0.052 0 0 0 0 1
40.582 0.05 0.002 0 0.002 0 1
40.63 0.05 0 0 0 0 1
40.682 0.052 0 0 0 0 1
40.732 0.05 0 0 0 0 1
40.782 0.05 0 0 0 0 1
40.872 0.088 0.002 0 0.002 0 1
40.916 0.046 0 0 0 0 1
40.966 0.05 0 0 0 0 1
41.014 0.048 0 0 0 0 1
41.066 0.052 0 0 0 0 1
41.118 0.05 0.002 0 0.002 0 1
41.16 0.044 0 0 0 0 1
41.21 0.05 0 0 0 0 1
41.26 0.05 0 0 0 0 1
41.314 0.052 0.002 0 0.002 0 1
41.362 0.05 0 0 0 0 1
41.414 0.052 0 0 0 0 1
41.462 0.048 0 0 0 0 1
41.51 0.046 0.002 0 0 0 1
41.558 0.05 0 0 0 0 1
41.608 0.05 0 0 0 0 1
41.658 0.05 0 0 0 0 1
41.708 0.05 0 0 0 0 1
41.758 0.048 0.002 0.002 0 0 1
41.808 0.05 0.002 0.002 0 0 1
41.858 0.05 0.002 0 0.002 0 1
41.908 0.05 0.002 0 0.002 0 1
41.956 0.05 0 0 0 0 1
42.006 0.05 0 0 0 0 1
42.05 0.042 0.002 0 0 0 1
42.154 0.106 0 0 0 0 1
42.192 0.038 0 0 0 0 1
42.242 0.048 0.002 0 0.002 0 1
42.292 0.052 0 0 0 0 1
42.342 0.048 0.002 0 0 0 1
42.394 0.052 0.002 0 0.002 0 1
42.444 0.052 0 0 0 0 1
42.492 0.048 0 0 0 0 1
42.542 0.05 0 0 0 0 1
42.592 0.05 0 0 0 0 1
42.644 0.05 0.002 0 0.002 0 1
42.694 0.05 0.002 0 0.002 0 1
42.812 0.118 0.002 0 0.002 0 1
42.83 0.02 0 0 0 0 1
42.88 0.048 0.002 0 0.002 0 1
42.93 0.05 0.002 0 0.002 0 1
42.98 0.052 0 0 0 0 1
43.032 0.05 0.002 0.002 0 0 1
43.084 0.052 0.002 0 0.002 0 1
43.134 0.05 0.002 0.002 0 0 1
43.186 0.052 0.002 0 0 0 1
43.234 0.048 0.002 0 0 0 1
43.274 0.04 0.002 0.002 0 0 1
43.326 0.052 0.002 0 0.002 0 1
43.374 0.05 0 0 0 0 1
43.492 0.116 0.002 0.002 0 0 1
43.522 0.032 0 0 0 0 1
43.57 0.048 0 0 0 0 1
43.622 0.052 0 0 0 0 1
43.672 0.048 0.002 0 0.002 0 1
43.722 0.05 0.002 0 0.002 0 1
43.772 0.052 0 0 0 0 1
43.822 0.05 0 0 0 0 1
43.874 0.052 0 0 0 0 1
43.924 0.05 0 0 0 0 1
43.974 0.05 0 0 0 0 1
44.024 0.05 0 0 0 0 1
44.074 0.05 0 0 0 0 1
44.122 0.048 0 0 0 0 1
44.246 0.122 0.002 0 0 0 1
44.266 0.022 0 0 0 0 1
44.318 0.052 0 0 0 0 1
44.368 0.05 0 0 0 0 1
44.42 0.052 0 0 0 0 1
44.47 0.05 0 0 0 0 1
44.52 0.05 0 0 0 0 1
44.568 0.048 0 0 0 0 1
44.62 0.052 0 0 0 0 1
44.672 0.05 0.002 0 0 0 1
44.72 0.05 0 0 0 0 1
44.77 0.05 0 0 0 0 1
44.818 0.048 0 0 0 0 1
44.87 0.052 0 0 0 0 1
44.918 0.046 0.002 0 0 0 1
44.966 0.05 0 0 0 0 1
45.01 0.044 0 0 0 0 1
45.058 0.048 0 0 0 0 1
45.11 0.052 0 0 0 0 1
45.162 0.05 0.002 0 0.002 0 1
45.208 0.048 0 0 0 0 1
45.258 0.05 0 0 0 0 1
45.3 0.04 0.002 0 0.002 0 1
45.352 0.052 0.002 0 0.002 0 1
45.406 0.054 0.002 0 0 0 1
45.456 0.052 0 0 0 0 1
45.508 0.05 0.002 0.002 0 0 1
45.632 0.124 0.002 0 0.002 0 1
45.642 0.012 0 0 0 0 1
45.696 0.052 0.002 0 0.002 0 1
45.748 0.052 0.002 0 0.002 0 1
45.794 0.048 0 0 0 0 1
45.848 0.052 0.002 0 0.002 0 1
45.898 0.05 0.002 0 0.002 0 1
45.948 0.052 0 0 0 0 1
46 0.05 0.002 0 0.002 0 1
46.05 0.052 0 0 0 0 1
46.166 0.114 0.002 0 0.002 0 1
46.196 0.03 0.002 0 0.002 0 1
46.246 0.052 0 0 0 0 1
46.298 0.05 0.002 0 0.002 0 1
46.348 0.05 0.002 0.002 0 0 1
46.398 0.052 0 0 0 0 1
46.45 0.05 0.002 0 0.002 0 1
46.5 0.052 0 0 0 0 1
46.55 0.05 0 0 0 0 1
46.594 0.044 0 0 0 0 1
46.646 0.052 0 0 0 0 1
46.698 0.05 0.002 0 0.002 0 1
46.748 0.05 0.002 0 0.002 0 1
46.88 0.132 0.002 0.002 0 0 1
46.884 0.006 0 0 0 0 1
46.938 0.054 0 0 0 0 1
46.99 0.052 0 0 0 0 1
47.034 0.042 0.002 0 0.002 0 1
47.086 0.054 0 0 0 0 1
47.14 0.052 0.002 0 0.002 0 1
47.192 0.052 0.002 0 0.002 0 1
47.242 0.05 0.002 0 0 0 1
47.29 0.05 0 0 0 0 1
47.33 0.04 0 0 0 0 1
47.382 0.052 0 0 0 0 1
47.432 0.05 0 0 0 0 1
47.476 0.044 0 0 0 0 1
47.582 0.106 0 0 0 0 1
47.618 0.036 0 0 0 0 1
47.668 0.05 0 0 0 0 1
47.72 0.052 0 0 0 0 1
47.77 0.048 0.002 0 0.002 0 1
47.818 0.05 0 0 0 0 1
47.87 0.052 0 0 0 0 1
47.92 0.05 0 0 0 0 1
47.974 0.052 0.002 0 0.002 0 1
48.022 0.05 0 0 0 0 1
48.074 0.05 0.002 0 0.002 0 1
48.204 0.13 0.002 0 0 0 1
48.222 0.016 0.004 0 0.002 0 1
48.266 0.048 0 0 0 0 1
48.316 0.05 0 0 0 0 1
53.162 4.606 0.24 0 0.24 0.186 1
53.398 0.24 0.236 0.002 0.232 0.178 1
53.71 0.316 0.232 0 0.232 0.176 1
53.938 0.232 0.228 0.002 0.226 0.174 1
54.258 0.306 0.242 0.002 0.24 0.184 1
54.5 0.242 0.242 0.002 0.24 0.184 1
54.732 0.242 0.232 0.002 0.23 0.17 1
54.954 0.232 0.222 0 0.222 0.166 1
55.178 0.222 0.224 0 0.222 0.168 1
55.424 0.224 0.246 0.002 0.244 0.196 1
55.76 0.328 0.254 0.002 0.252 0.192 1
56.006 0.254 0.246 0 0.246 0.186 1
56.35 0.342 0.248 0.002 0.246 0.186 1
56.584 0.248 0.234 0.002 0.232 0.178 1
56.84 0.234 0.256 0 0.256 0.198 1
57.176 0.35 0.242 0 0.242 0.186 1
57.41 0.242 0.234 0.002 0.232 0.176 1
57.746 0.334 0.236 0 0.234 0.174 1
57.964 0.236 0.218 0.002 0.216 0.166 1
58.208 0.218 0.244 0.002 0.24 0.182 1
58.518 0.326 0.228 0 0.228 0.17 1
58.754 0.228 0.236 0.002 0.234 0.17 1
58.994 0.236 0.24 0 0.24 0.176 1
59.332 0.326 0.252 0 0.252 0.192 1
59.562 0.252 0.23 0.002 0.228 0.17 1
59.884 0.31 0.242 0.002 0.24 0.182 1
60.128 0.242 0.244 0.002 0.242 0.182 1
60.374 0.244 0.246 0.002 0.244 0.184 1
60.692 0.332 0.232 0.002 0.23 0.174 1
60.924 0.232 0.232 0.004 0.228 0.172 1
61.17 0.232 0.246 0.002 0.244 0.182 1
61.4 0.246 0.23 0.002 0.228 0.17 1
61.64 0.23 0.24 0 0.24 0.18 1
61.89 0.24 0.25 0.002 0.246 0.184 1
62.254 0.364 0.25 0.002 0.248 0.188 1
62.482 0.25 0.228 0 0.228 0.166 1
62.708 0.228 0.226 0.004 0.222 0.168 1
63.03 0.31 0.238 0.002 0.236 0.176 1
63.26 0.238 0.23 0 0.23 0.164 1
63.504 0.23 0.244 0 0.244 0.186 1
63.818 0.33 0.228 0 0.228 0.17 1
64.066 0.228 0.248 0 0.248 0.188 1
64.398 0.332 0.248 0 0.248 0.186 1
64.628 0.248 0.23 0.002 0.228 0.168 1
64.962 0.314 0.25 0.002 0.248 0.184 1
65.194 0.25 0.232 0.002 0.23 0.174 1
65.426 0.232 0.232 0 0.232 0.176 1
65.668 0.232 0.242 0.002 0.24 0.176 1
65.972 0.33 0.216 0.002 0.214 0.164 1
66.202 0.216 0.23 0.002 0.228 0.178 1
66.552 0.34 0.24 0 0.24 0.18 1
66.772 0.24 0.22 0 0.22 0.164 1
66.994 0.22 0.222 0 0.222 0.17 1
67.228 0.222 0.234 0.002 0.232 0.172 1
67.47 0.234 0.242 0 0.242 0.182 1
67.698 0.242 0.228 0.002 0.226 0.174 1
68.028 0.316 0.242 0.002 0.238 0.18 1
68.234 0.242 0.206 0 0.206 0.16 1
68.434 0.206 0.2 0 0.2 0.154 1
68.632 0.2 0.198 0 0.198 0.154 1
68.726 0.29 0.002 0.002 0 0 1
68.766 0.042 0 0 0 0 1
68.818 0.05 0.002 0 0 0 1
68.866 0.05 0 0 0 0 1
68.918 0.052 0 0 0 0 1
69.008 0.086 0.004 0 0.004 0 1
69.058 0.052 0.002 0 0.002 0 1
69.108 0.052 0 0 0 0 1
69.156 0.048 0 0 0 0 1
69.206 0.048 0.002 0.002 0 0 1
69.256 0.052 0 0 0 0 1
69.308 0.05 0.002 0 0.002 0 1
69.358 0.052 0 0 0 0 1
69.408 0.048 0.002 0.002 0 0 1
69.458 0.05 0.002 0 0 0 1
69.508 0.052 0 0 0 0 1
69.558 0.05 0 0 0 0 1
69.604 0.046 0 0 0 0 1
69.728 0.12 0.004 0 0.002 0 1
69.748 0.024 0 0 0 0 1
69.798 0.048 0.002 0.002 0 0 1
69.848 0.052 0 0 0 0 1
69.896 0.046 0.002 0 0.002 0 1
69.944 0.05 0 0 0 0 1
69.994 0.05 0 0 0 0 1
70.044 0.05 0 0 0 0 1
70.094 0.05 0 0 0 0 1
70.146 0.05 0.002 0 0.002 0 1
70.194 0.05 0 0 0 0 1
70.244 0.05 0 0 0 0 1
70.29 0.044 0.002 0 0.002 0 1
70.338 0.05 0 0 0 0 1
70.39 0.05 0.002 0 0.002 0 1
70.438 0.05 0 0 0 0 1
70.486 0.046 0.002 0.002 0 0 1
70.594 0.106 0.004 0.004 0 0 1
70.626 0.036 0 0 0 0 1
70.678 0.05 0.002 0.002 0 0 1
70.728 0.052 0 0 0 0 1
70.782 0.052 0.002 0 0.002 0 1
70.832 0.05 0.002 0.002 0 0 1
70.882 0.05 0.002 0.002 0 0 1
70.932 0.05 0.002 0.002 0 0 1
70.982 0.052 0 0 0 0 1
71.034 0.05 0.002 0 0.002 0 1
71.08 0.048 0 0 0 0 1
71.13 0.05 0 0 0 0 1
71.182 0.052 0 0 0 0 1
71.228 0.046 0 0 0 0 1
71.272 0.044 0 0 0 0 1
71.322 0.05 0 0 0 0 1
71.452 0.128 0.002 0 0.002 0 1
71.46 0.01 0 0 0 0 1
71.514 0.052 0.002 0 0.002 0 1
71.566 0.052 0.002 0 0.002 0 1
71.614 0.05 0 0 0 0 1
71.666 0.05 0.002 0 0 0 1
71.718 0.052 0.002 0.002 0 0 1
71.768 0.05 0.002 0.002 0 0 1
71.816 0.048 0.002 0.002 0 0 1
71.866 0.052 0 0 0 0 1
71.918 0.05 0.002 0 0 0 1
71.968 0.05 0.002 0 0 0 1
72.018 0.05 0.002 0 0.002 0 1
72.128 0.112 0 0 0 0 1
72.15 0.022 0 0 0 0 1
72.2 0.05 0 0 0 0 1
72.25 0.048 0.002 0.002 0 0 1
72.298 0.05 0 0 0 0 1
72.35 0.052 0 0 0 0 1
72.4 0.05 0 0 0 0 1
72.452 0.05 0.002 0 0.002 0 1
72.502 0.052 0 0 0 0 1
72.552 0.05 0 0 0 0 1
72.602 0.048 0.002 0 0.002 0 1
72.652 0.05 0.002 0.002 0 0 1
72.7 0.05 0 0 0 0 1
72.844 0.14 0.004 0.004 0 0 1
72.854 0.01 0.004 0 0.002 0 1
72.896 0.046 0 0 0 0 1
72.94 0.044 0 0 0 0 1
72.988 0.046 0.002 0.002 0 0 1
73.04 0.052 0.002 0 0.002 0 1
73.09 0.05 0.002 0.002 0 0 1
73.138 0.05 0 0 0 0 1
73.19 0.052 0 0 0 0 1
73.234 0.042 0.002 0 0.002 0 1
73.282 0.05 0 0 0 0 1
73.332 0.05 0 0 0 0 1
73.382 0.048 0.002 0.002 0 0 1
73.432 0.05 0.002 0 0.002 0 1
73.482 0.05 0.002 0 0.002 0 1
73.532 0.05 0.002 0 0.002 0 1
73.582 0.05 0.002 0 0.002 0 1
73.63 0.048 0.002 0 0.002 0 1
73.676 0.046 0.002 0 0.002 0 1
73.726 0.052 0 0 0 0 1
73.778 0.05 0.002 0 0 0 1
73.824 0.046 0.002 0 0.002 0 1
73.874 0.05 0.002 0 0 0 1
73.924 0.05 0.002 0 0.002 0 1
73.972 0.05 0 0 0 0 1
74.018 0.046 0 0 0 0 1
74.07 0.052 0 0 0 0 1
74.118 0.048 0 0 0 0 1
74.17 0.052 0 0 0 0 1
74.218 0.048 0 0 0 0 1
74.27 0.05 0.002 0.002 0 0 1
74.408 0.138 0.002 0 0.002 0 1
74.41 0.004 0 0 0 0 1
74.458 0.048 0 0 0 0 1
74.506 0.046 0.002 0.002 0 0 1
74.548 0.044 0 0 0 0 1
74.6 0.05 0.002 0 0.002 0 1
74.648 0.05 0 0 0 0 1
74.7 0.05 0.002 0.002 0 0 1
74.75 0.052 0 0 0 0 1
74.8 0.05 0 0 0 0 1
74.85 0.05 0 0 0 0 1
74.9 0.048 0.002 0.002 0 0 1
74.95 0.052 0 0 0 0 1
75 0.05 0 0 0 0 1
75.052 0.05 0.002 0 0.002 0 1
75.176 0.126 0 0 0 0 1
75.186 0.01 0 0 0 0 1
75.238 0.052 0 0 0 0 1
75.29 0.05 0.002 0 0.002 0 1
75.338 0.05 0 0 0 0 1
75.39 0.05 0.002 0 0.002 0 1
75.438 0.05 0 0 0 0 1
75.49 0.05 0.002 0.002 0 0 1
75.54 0.05 0.002 0 0.002 0 1
75.59 0.052 0 0 0 0 1
75.64 0.05 0 0 0 0 1
75.692 0.05 0.002 0 0.002 0 1
75.74 0.05 0 0 0 0 1
75.788 0.048 0 0 0 0 1
75.838 0.05 0 0 0 0 1
75.888 0.048 0.002 0 0.002 0 1
76.03 0.142 0.002 0.002 0 0 1
76.066 0.036 0.002 0.002 0 0 1
76.118 0.052 0.002 0 0 0 1
76.17 0.052 0.002 0 0.002 0 1
76.214 0.046 0 0 0 0 1
76.266 0.052 0 0 0 0 1
76.318 0.052 0 0 0 0 1
76.37 0.052 0 0 0 0 1
76.422 0.05 0.002 0.002 0 0 1
76.468 0.048 0 0 0 0 1
76.518 0.05 0 0 0 0 1
76.568 0.05 0 0 0 0 1
76.62 0.05 0.002 0 0.002 0 1
76.748 0.128 0.002 0 0.002 0 1
76.756 0.01 0 0 0 0 1
76.806 0.048 0.002 0 0.002 0 1
76.858 0.052 0.002 0 0.002 0 1
76.906 0.048 0.002 0 0.002 0 1
76.954 0.05 0 0 0 0 1
77 0.044 0.002 0 0 0 1
77.044 0.044 0.002 0 0.002 0 1
77.094 0.05 0.002 0.002 0 0 1
77.146 0.052 0.002 0 0 0 1
77.194 0.05 0 0 0 0 1
77.244 0.048 0.002 0 0 0 1
77.294 0.052 0 0 0 0 1
77.422 0.128 0 0 0 0 1
77.47 0.048 0 0 0 0 1
77.522 0.052 0 0 0 0 1
77.574 0.05 0.002 0 0.002 0 1
77.626 0.052 0.002 0 0 0 1
77.676 0.05 0.002 0.002 0 0 1
77.726 0.052 0 0 0 0 1
77.778 0.05 0.002 0 0 0 1
77.828 0.05 0.002 0 0.002 0 1
77.878 0.05 0.002 0 0.002 0 1
77.928 0.05 0.002 0 0.002 0 1
77.978 0.05 0.002 0 0.002 0 1
78.028 0.05 0.002 0 0.002 0 1
78.076 0.05 0 0 0 0 1
78.126 0.05 0 0 0 0 1
78.234 0.108 0 0 0 0 1
78.256 0.022 0 0 0 0 1
78.31 0.054 0 0 0 0 1
78.36 0.05 0 0 0 0 1
78.402 0.04 0.002 0 0.002 0 1
78.452 0.05 0.002 0 0 0 1
78.504 0.052 0.002 0 0.002 0 1
78.556 0.052 0.002 0 0.002 0 1
78.606 0.05 0.002 0.002 0 0 1
78.656 0.052 0 0 0 0 1
78.708 0.05 0.002 0 0.002 0 1
78.756 0.05 0 0 0 0 1
78.806 0.05 0 0 0 0 1
78.856 0.05 0 0 0 0 1
78.908 0.05 0.002 0 0.002 0 1
78.958 0.05 0.002 0 0.002 0 1
79.108 0.15 0.002 0.002 0 0 1
79.146 0.04 0 0 0 0 1
79.194 0.048 0 0 0 0 1
79.248 0.052 0.002 0 0.002 0 1
79.294 0.046 0.002 0 0.002 0 1
79.346 0.052 0.002 0 0.002 0 1
79.396 0.052 0 0 0 0 1
79.45 0.052 0.002 0 0.002 0 1
79.5 0.05 0.002 0 0.002 0 1
79.55 0.05 0.002 0.002 0 0 1
79.598 0.048 0.002 0 0.002 0 1
79.65 0.052 0.002 0 0.002 0 1
79.698 0.05 0 0 0 0 1
79.746 0.048 0 0 0 0 1
79.796 0.05 0 0 0 0 1
79.848 0.05 0.002 0 0.002 0.002 1
79.896 0.05 0 0 0 0 1
79.946 0.05 0 0 0 0 1
79.996 0.05 0 0 0 0 1
80.046 0.05 0 0 0 0 1
80.094 0.048 0 0 0 0 1
80.146 0.052 0 0 0 0 1
80.19 0.042 0.002 0 0.002 0 1
80.238 0.05 0 0 0 0 1
80.288 0.05 0 0 0 0 1
80.334 0.046 0 0 0 0 1
80.384 0.05 0 0 0 0 1
80.43 0.046 0 0 0 0 1
80.48 0.05 0 0 0 0 1
80.608 0.124 0.004 0.002 0 0 1
80.622 0.016 0.002 0.002 0 0 1
80.67 0.048 0.002 0.002 0 0 1
80.722 0.052 0.002 0.002 0 0 1
80.768 0.048 0 0 0 0 1
80.818 0.048 0.002 0.002 0 0 1
80.87 0.052 0.002 0.002 0 0 1
80.922 0.052 0.002 0 0.002 0 1
80.972 0.052 0 0 0 0 1
81.024 0.05 0.002 0 0.002 0 1
81.074 0.052 0 0 0 0 1
81.126 0.05 0.002 0 0.002 0 1
81.174 0.05 0 0 0 0 1
81.224 0.05 0 0 0 0 1
81.274 0.05 0 0 0 0 1
81.324 0.05 0 0 0 0 1
81.376 0.05 0.002 0 0.002 0 1
81.426 0.05 0.002 0 0.002 0 1
81.476 0.05 0.002 0 0.002 0 1
81.524 0.05 0 0 0 0 1
81.576 0.05 0.002 0.002 0 0 1
81.624 0.05 0 0 0 0 1
81.676 0.05 0.002 0.002 0 0 1
81.728 0.054 0 0 0 0 1
81.776 0.048 0 0 0 0 1
81.82 0.044 0 0 0 0 1
81.872 0.05 0.002 0 0.002 0 1
81.92 0.05 0 0 0 0 1
81.97 0.05 0 0 0 0 1
82.022 0.05 0.002 0 0 0 1
82.07 0.048 0.002 0 0.002 0 1
82.25 0.18 0.002 0.002 0 0 1
82.264 0.016 0 0 0 0 1
82.312 0.048 0 0 0 0 1
82.364 0.052 0 0 0 0 1
82.414 0.048 0.002 0.002 0 0 1
82.464 0.052 0 0 0 0 1
82.518 0.05 0.004 0.002 0.002 0 1
82.568 0.052 0.002 0 0.002 0 1
82.61 0.044 0 0 0 0 1
82.662 0.052 0 0 0 0 1
82.712 0.05 0 0 0 0 1
82.762 0.05 0 0 0 0 1
82.812 0.05 0 0 0 0 1
82.932 0.114 0.006 0.004 0.002 0 1
82.94 0.01 0.004 0.002 0 0 1
82.99 0.052 0.002 0.002 0 0 1
83.042 0.054 0 0 0 0 1
83.098 0.05 0.006 0.004 0.002 0 1
83.146 0.052 0.002 0 0.002 0 1
83.196 0.05 0.002 0 0 0 1
83.244 0.048 0.002 0 0.002 0 1
83.292 0.048 0.002 0 0.002 0 1
83.34 0.048 0.002 0 0 0 1
83.392 0.052 0.002 0 0.002 0 1
83.44 0.048 0.002 0 0.002 0 1
83.492 0.052 0.002 0 0.002 0 1
83.62 0.13 0 0 0 0 1
83.632 0.012 0 0 0 0 1
83.682 0.05 0 0 0 0 1
83.734 0.05 0.002 0.002 0 0 1
83.784 0.052 0 0 0 0 1
83.834 0.05 0 0 0 0 1
83.882 0.048 0 0 0 0 1
83.93 0.048 0 0 0 0 1
83.982 0.052 0 0 0 0 1
84.032 0.05 0 0 0 0 1
84.082 0.05 0 0 0 0 1
84.126 0.042 0.002 0 0.002 0 1
84.174 0.05 0 0 0 0 1
84.226 0.05 0.002 0.002 0 0 1
84.344 0.12 0 0 0 0 1
84.364 0.02 0 0 0 0 1
84.416 0.052 0 0 0 0 1
84.462 0.046 0 0 0 0 1
84.51 0.048 0 0 0 0 1
84.564 0.052 0.002 0 0.002 0 1
84.614 0.052 0 0 0 0 1
84.666 0.05 0.002 0.002 0 0 1
84.716 0.052 0 0 0 0 1
84.766 0.05 0 0 0 0 1
84.816 0.05 0 0 0 0 1
84.864 0.048 0 0 0 0 1
84.916 0.052 0 0 0 0 1
84.968 0.05 0.002 0 0.002 0 1
85.018 0.05 0.002 0 0.002 0 1
85.068 0.05 0.002 0 0.002 0 1
85.116 0.05 0 0 0 0 1
85.158 0.042 0 0 0 0 1
85.208 0.048 0.002 0.002 0 0 1
85.256 0.05 0 0 0 0 1
85.306 0.05 0 0 0 0 1
85.358 0.05 0.002 0.002 0 0 1
85.406 0.05 0 0 0 0 1
85.454 0.046 0.002 0.002 0 0 1
85.504 0.052 0 0 0 0 1
85.554 0.05 0 0 0 0 1
85.602 0.046 0.002 0 0.002 0 1
85.65 0.05 0 0 0 0 1
85.698 0.048 0 0 0 0 1
