7.434 7.434 0 0 0 0 1
7.488 0.052 0.002 0.002 0 0 1
7.536 0.048 0.002 0.002 0 0 1
7.59 0.054 0.002 0.002 0 0 1
7.632 0.036 0.008 0 0.008 0.004 1
7.684 0.05 0.01 0 0.01 0.004 1
7.734 0.052 0.008 0 0.008 0.002 1
7.784 0.05 0.008 0 0.008 0.002 1
7.834 0.05 0.008 0 0.008 0.004 1
7.886 0.05 0.01 0 0.01 0.006 1
7.93 0.048 0.006 0 0.006 0.004 1
7.982 0.05 0.008 0 0.008 0.004 1
8.034 0.05 0.01 0 0.01 0.004 1
8.08 0.048 0.008 0 0.008 0.004 1
8.13 0.048 0.01 0 0.008 0.004 1
8.186 0.058 0.008 0 0.008 0.004 1
8.228 0.042 0.008 0 0.008 0.004 1
8.276 0.046 0.01 0 0.01 0.004 1
8.326 0.05 0.01 0 0.01 0.004 1
8.374 0.048 0.01 0 0.008 0.002 1
8.418 0.042 0.012 0 0.012 0.004 1
8.472 0.052 0.014 0 0.014 0.006 1
8.516 0.052 0.006 0 0.006 0.004 1
8.57 0.046 0.014 0 0.012 0.004 1
8.616 0.05 0.01 0 0.01 0.006 1
8.666 0.048 0.012 0.002 0.01 0.004 1
8.716 0.05 0.012 0.002 0.01 0.004 1
8.768 0.052 0.012 0 0.012 0.004 1
8.816 0.048 0.012 0 0.012 0.006 1
8.868 0.05 0.014 0 0.014 0.006 1
8.92 0.052 0.014 0 0.014 0.006 1
8.968 0.048 0.014 0 0.014 0.006 1
9.004 0.038 0.012 0 0.012 0.006 1
9.056 0.052 0.012 0 0.012 0.004 1
9.1 0.052 0.004 0 0.004 0.004 1
9.152 0.042 0.014 0 0.014 0.004 1
9.204 0.05 0.016 0 0.016 0.008 1
9.254 0.054 0.012 0.002 0.01 0.006 1
9.314 0.052 0.02 0 0.02 0.014 1
9.376 0.05 0.032 0 0.032 0.014 1
9.424 0.05 0.03 0 0.03 0.014 1
9.474 0.05 0.03 0.002 0.028 0.012 1
9.524 0.05 0.03 0 0.03 0.014 1
9.578 0.058 0.026 0 0.026 0.012 1
9.622 0.04 0.03 0 0.03 0.014 1
9.672 0.052 0.028 0 0.028 0.014 1
9.726 0.05 0.032 0 0.032 0.016 1
9.774 0.05 0.03 0 0.03 0.014 1
9.814 0.05 0.02 0.002 0.018 0.01 1
9.856 0.038 0.024 0.002 0.022 0.008 1
9.892 0.032 0.028 0 0.028 0.014 1
9.948 0.05 0.034 0.002 0.032 0.018 1
10 0.05 0.036 0.002 0.034 0.016 1
10.05 0.054 0.032 0 0.032 0.016 1
10.096 0.048 0.03 0 0.03 0.02 1
10.14 0.05 0.024 0 0.024 0.01 1
10.196 0.05 0.03 0.002 0.028 0.012 1
10.242 0.048 0.028 0 0.028 0.014 1
10.292 0.05 0.028 0 0.028 0.014 1
10.344 0.048 0.032 0 0.032 0.014 1
10.382 0.052 0.018 0.002 0.016 0.014 1
10.446 0.054 0.028 0 0.028 0.014 1
10.494 0.044 0.032 0.002 0.03 0.014 1
10.552 0.054 0.036 0 0.034 0.016 1
10.6 0.048 0.036 0.002 0.032 0.016 1
10.646 0.052 0.03 0 0.03 0.018 1
10.706 0.056 0.034 0.002 0.03 0.016 1
10.742 0.042 0.028 0 0.028 0.014 1
10.79 0.046 0.03 0 0.03 0.014 1
10.842 0.052 0.03 0 0.03 0.012 1
10.892 0.052 0.028 0 0.028 0.012 1
10.94 0.05 0.026 0 0.026 0.014 1
11.006 0.06 0.032 0 0.032 0.016 1
11.04 0.036 0.03 0.002 0.028 0.012 1
11.096 0.052 0.034 0 0.034 0.016 1
11.144 0.05 0.032 0 0.03 0.014 1
11.192 0.05 0.03 0 0.03 0.014 1
11.238 0.048 0.028 0 0.028 0.016 1
11.282 0.044 0.028 0 0.028 0.01 1
11.336 0.05 0.032 0 0.032 0.014 1
11.388 0.052 0.032 0 0.03 0.012 1
11.438 0.048 0.034 0 0.034 0.016 1
11.486 0.05 0.032 0 0.028 0.01 1
11.536 0.05 0.032 0.002 0.03 0.014 1
11.584 0.052 0.028 0 0.028 0.01 1
11.642 0.05 0.036 0 0.036 0.016 1
11.692 0.05 0.036 0 0.034 0.018 1
11.74 0.05 0.034 0 0.034 0.014 1
11.786 0.05 0.03 0 0.03 0.014 1
11.838 0.052 0.03 0 0.03 0.012 1
11.89 0.04 0.042 0.006 0.036 0.006 1
11.936 0.046 0.042 0 0.042 0.006 1
11.99 0.052 0.044 0 0.044 0.004 1
12.046 0.052 0.048 0 0.048 0.004 1
12.094 0.048 0.048 0.002 0.044 0.006 1
12.168 0.076 0.046 0 0.046 0.006 1
12.202 0.046 0.034 0 0.034 0.006 1
12.248 0.034 0.046 0 0.044 0.002 1
12.296 0.046 0.048 0.002 0.046 0.004 1
12.342 0.048 0.046 0 0.046 0.004 1
12.382 0.046 0.04 0.002 0.036 0.004 1
12.464 0.076 0.046 0 0.046 0.006 1
12.508 0.046 0.044 0 0.044 0.002 1
12.554 0.044 0.046 0 0.046 0.004 1
12.596 0.046 0.042 0 0.042 0.004 1
12.638 0.042 0.042 0 0.042 0.002 1
12.678 0.042 0.04 0.002 0.038 0.004 1
12.718 0.042 0.038 0.002 0.036 0.004 1
12.796 0.072 0.044 0 0.044 0.004 1
12.834 0.044 0.038 0 0.038 0.004 1
12.876 0.038 0.042 0 0.04 0.002 1
12.916 0.042 0.04 0 0.04 0.004 1
12.96 0.046 0.038 0 0.038 0.004 1
13.006 0.044 0.04 0 0.04 0.004 1
13.058 0.05 0.042 0.002 0.04 0.004 1
13.132 0.076 0.04 0.002 0.038 0.004 1
13.178 0.04 0.046 0 0.046 0.004 1
13.222 0.046 0.044 0 0.044 0.004 1
13.266 0.044 0.044 0 0.044 0.004 1
13.31 0.044 0.044 0 0.044 0.004 1
13.358 0.048 0.044 0.002 0.04 0.004 1
13.432 0.076 0.042 0 0.042 0.002 1
13.466 0.042 0.034 0 0.034 0.014 1
13.494 0.034 0.028 0 0.028 0.01 1
13.542 0.036 0.04 0.012 0.028 0.012 1
13.59 0.052 0.036 0 0.036 0.016 1
13.636 0.052 0.03 0 0.03 0.014 1
13.72 0.08 0.034 0.002 0.032 0.014 1
13.74 0.034 0.02 0 0.02 0.01 1
13.766 0.02 0.026 0 0.026 0.012 1
13.818 0.048 0.03 0.002 0.028 0.014 1
13.868 0.054 0.026 0 0.026 0.012 1
13.918 0.05 0.026 0 0.026 0.014 1
13.968 0.05 0.026 0 0.026 0.012 1
14.054 0.08 0.032 0 0.032 0.014 1
14.1 0.032 0.046 0 0.044 0.006 1
14.142 0.046 0.042 0 0.042 0.006 1
14.192 0.042 0.05 0.002 0.048 0.004 1
14.234 0.052 0.04 0 0.04 0.002 1
14.312 0.078 0.04 0 0.04 0.006 1
14.356 0.04 0.044 0.002 0.042 0.004 1
14.402 0.044 0.046 0 0.046 0.004 1
14.446 0.046 0.044 0 0.044 0.004 1
14.486 0.044 0.04 0 0.04 0.004 1
14.53 0.04 0.044 0 0.044 0.006 1
14.578 0.046 0.046 0 0.046 0.004 1
14.658 0.084 0.042 0 0.042 0.004 1
14.706 0.042 0.048 0 0.048 0.006 1
14.752 0.048 0.046 0 0.046 0.004 1
14.796 0.046 0.044 0 0.044 0.004 1
14.834 0.044 0.038 0 0.038 0.004 1
14.92 0.08 0.044 0 0.044 0.006 1
14.966 0.044 0.046 0.002 0.044 0.004 1
15.012 0.046 0.046 0.002 0.042 0.004 1
15.066 0.05 0.05 0 0.05 0.006 1
15.11 0.052 0.042 0.002 0.04 0.004 1
15.152 0.048 0.036 0 0.036 0 1
15.23 0.07 0.044 0 0.044 0.004 1
15.266 0.046 0.034 0.002 0.032 0.014 1
15.298 0.034 0.032 0 0.032 0.016 1
15.34 0.046 0.028 0 0.028 0.008 1
15.388 0.048 0.028 0 0.026 0.01 1
15.44 0.05 0.03 0 0.03 0.014 1
15.492 0.052 0.03 0 0.03 0.012 1
15.536 0.052 0.022 0 0.022 0.014 1
15.594 0.046 0.034 0 0.034 0.016 1
15.646 0.052 0.034 0 0.034 0.014 1
15.698 0.052 0.034 0.002 0.03 0.016 1
15.748 0.048 0.036 0 0.036 0.02 1
15.796 0.054 0.03 0 0.03 0.014 1
15.846 0.05 0.03 0 0.03 0.014 1
15.894 0.048 0.03 0 0.028 0.014 1
15.944 0.052 0.028 0 0.028 0.012 1
15.994 0.048 0.03 0 0.03 0.014 1
16.046 0.05 0.032 0 0.032 0.014 1
16.094 0.05 0.03 0.002 0.026 0.012 1
16.162 0.066 0.032 0 0.032 0.016 1
16.194 0.032 0.032 0 0.032 0.004 1
16.236 0.048 0.026 0 0.026 0.004 1
16.286 0.044 0.032 0 0.03 0.002 1
16.336 0.05 0.032 0 0.03 0.004 1
16.38 0.048 0.028 0 0.028 0.004 1
16.43 0.042 0.036 0 0.036 0.006 1
16.516 0.086 0.036 0 0.036 0.006 1
16.55 0.036 0.034 0 0.034 0.004 1
16.59 0.034 0.04 0.002 0.038 0.004 1
16.626 0.042 0.034 0 0.034 0.004 1
16.676 0.046 0.038 0 0.038 0.004 1
16.718 0.052 0.028 0 0.028 0.004 1
16.806 0.076 0.04 0 0.04 0.004 1
16.842 0.04 0.036 0.002 0.034 0.002 1
16.884 0.036 0.042 0 0.042 0.008 1
16.922 0.042 0.038 0 0.038 0.004 1
16.962 0.046 0.032 0 0.032 0.002 1
17.014 0.05 0.034 0 0.034 0.004 1
17.068 0.052 0.036 0 0.036 0.004 1
17.122 0.05 0.04 0 0.04 0.004 1
17.166 0.052 0.032 0 0.032 0.004 1
17.212 0.05 0.028 0 0.028 0.002 1
17.256 0.04 0.032 0.002 0.03 0.004 1
17.308 0.05 0.034 0 0.034 0.004 1
17.362 0.052 0.036 0 0.034 0.006 1
17.408 0.05 0.032 0 0.032 0 1
17.46 0.048 0.036 0 0.036 0.002 1
17.506 0.048 0.034 0 0.034 0.002 1
17.55 0.046 0.032 0 0.032 0.004 1
17.602 0.046 0.038 0 0.038 0.004 1
17.654 0.05 0.04 0 0.04 0.004 1
17.704 0.054 0.036 0 0.036 0.004 1
17.786 0.082 0.036 0 0.036 0.004 1
17.822 0.036 0.036 0 0.036 0.004 1
17.86 0.036 0.038 0 0.038 0.018 1
17.918 0.05 0.046 0.002 0.044 0.018 1
17.966 0.052 0.042 0 0.04 0.018 1
18.018 0.05 0.044 0 0.044 0.016 1
18.098 0.078 0.046 0.002 0.044 0.018 1
18.144 0.046 0.046 0 0.046 0.02 1
18.186 0.046 0.042 0 0.042 0.016 1
18.232 0.042 0.046 0 0.046 0.02 1
18.274 0.046 0.042 0 0.042 0.02 1
18.314 0.042 0.04 0 0.04 0.016 1
18.354 0.04 0.04 0 0.04 0.016 1
18.402 0.046 0.042 0 0.042 0.02 1
18.454 0.05 0.044 0 0.044 0.02 1
18.508 0.05 0.048 0 0.048 0.018 1
18.552 0.052 0.04 0 0.04 0.016 1
18.602 0.05 0.04 0 0.04 0.016 1
18.648 0.05 0.036 0 0.036 0.016 1
18.702 0.048 0.042 0 0.042 0.018 1
18.752 0.052 0.04 0 0.04 0.02 1
18.796 0.05 0.034 0 0.034 0.016 1
18.842 0.044 0.036 0 0.036 0.014 1
18.896 0.046 0.044 0.002 0.042 0.018 1
18.944 0.052 0.04 0 0.04 0.016 1
18.988 0.05 0.034 0 0.034 0.014 1
19.048 0.044 0.05 0 0.048 0.02 1
19.096 0.052 0.046 0 0.042 0.016 1
19.18 0.092 0.038 0 0.038 0.016 1
19.214 0.038 0.034 0 0.034 0.006 1
19.25 0.034 0.036 0 0.034 0.006 1
19.284 0.036 0.034 0 0.034 0.008 1
19.336 0.046 0.04 0 0.038 0.01 1
19.364 0.05 0.018 0 0.018 0.004 1
19.444 0.058 0.04 0 0.038 0.004 1
19.49 0.04 0.046 0 0.046 0.02 1
19.534 0.046 0.044 0 0.044 0.018 1
19.58 0.044 0.046 0 0.046 0.02 1
19.636 0.052 0.05 0 0.048 0.022 1
19.68 0.05 0.044 0 0.044 0.016 1
19.732 0.05 0.046 0 0.046 0.02 1
19.78 0.05 0.044 0 0.044 0.02 1
19.83 0.048 0.046 0 0.046 0.018 1
19.916 0.088 0.044 0 0.044 0.018 1
19.958 0.044 0.042 0 0.042 0.018 1
20.014 0.042 0.056 0.002 0.054 0.024 1
20.07 0.056 0.056 0 0.054 0.02 1
20.122 0.056 0.052 0 0.052 0.02 1
20.174 0.052 0.052 0 0.052 0.024 1
20.296 0.106 0.068 0 0.068 0.024 1
20.334 0.068 0.038 0 0.038 0.006 1
20.372 0.038 0.038 0 0.038 0.006 1
20.412 0.038 0.04 0 0.04 0.006 1
20.46 0.05 0.038 0 0.038 0.006 1
20.508 0.05 0.036 0 0.036 0.006 1
20.554 0.048 0.034 0 0.034 0.006 1
20.608 0.046 0.042 0 0.042 0.01 1
20.656 0.05 0.04 0.002 0.038 0.01 1
20.708 0.048 0.044 0.002 0.042 0.008 1
20.75 0.052 0.034 0 0.034 0.008 1
20.806 0.05 0.04 0.002 0.038 0.006 1
20.852 0.05 0.036 0 0.036 0.008 1
20.908 0.052 0.04 0 0.038 0.008 1
20.958 0.05 0.04 0 0.04 0.008 1
21.008 0.05 0.04 0 0.04 0.008 1
21.058 0.05 0.04 0 0.04 0.008 1
21.11 0.05 0.042 0 0.042 0.01 1
21.148 0.05 0.03 0.002 0.028 0.006 1
21.228 0.074 0.036 0 0.036 0.006 1
21.262 0.036 0.034 0 0.034 0.006 1
21.296 0.034 0.034 0 0.032 0.008 1
21.338 0.038 0.038 0 0.038 0.008 1
21.384 0.05 0.034 0 0.034 0.002 1
21.434 0.044 0.04 0.002 0.038 0.008 1
21.484 0.052 0.038 0 0.038 0.008 1
21.534 0.052 0.036 0 0.036 0.008 1
21.588 0.052 0.038 0 0.038 0.008 1
21.642 0.052 0.04 0.002 0.038 0.008 1
21.678 0.05 0.026 0 0.024 0.004 1
21.73 0.042 0.036 0 0.036 0.008 1
21.772 0.05 0.028 0 0.028 0.006 1
21.826 0.044 0.038 0 0.038 0.006 1
21.878 0.052 0.038 0 0.038 0.01 1
21.93 0.05 0.04 0 0.04 0.008 1
21.982 0.052 0.04 0 0.04 0.008 1
22.034 0.05 0.042 0 0.042 0.008 1
22.078 0.05 0.036 0 0.036 0.008 1
22.134 0.05 0.042 0.002 0.04 0.01 1
22.184 0.052 0.04 0 0.04 0.008 1
22.23 0.05 0.036 0 0.036 0.008 1
22.292 0.062 0.036 0 0.036 0.008 1
22.332 0.036 0.04 0.002 0.038 0.008 1
22.37 0.04 0.038 0 0.038 0.008 1
22.418 0.05 0.036 0 0.036 0.01 1
22.47 0.052 0.036 0 0.036 0.008 1
22.522 0.052 0.036 0.002 0.032 0.008 1
22.576 0.052 0.038 0 0.038 0.008 1
22.65 0.086 0.026 0 0.026 0.008 1
22.686 0.026 0.036 0.002 0.034 0.008 1
22.714 0.036 0.028 0 0.028 0.006 1
22.76 0.042 0.032 0 0.032 0.012 1
22.81 0.054 0.028 0 0.028 0 1
22.858 0.048 0.028 0 0.028 0.008 1
22.914 0.052 0.032 0 0.032 0.006 1
22.954 0.048 0.024 0.002 0.022 0.01 1
23 0.052 0.018 0 0.018 0 1
23.054 0.044 0.028 0 0.028 0.008 1
23.108 0.05 0.032 0 0.032 0.008 1
23.162 0.054 0.032 0 0.03 0.01 1
23.204 0.048 0.026 0 0.026 0.008 1
23.258 0.052 0.028 0 0.028 0.008 1
23.312 0.05 0.032 0.002 0.03 0.01 1
23.362 0.052 0.03 0 0.03 0.008 1
23.406 0.048 0.026 0 0.026 0.012 1
23.452 0.044 0.028 0 0.028 0.008 1
23.49 0.05 0.016 0 0.016 0.008 1
23.546 0.04 0.032 0 0.032 0.008 1
23.592 0.05 0.028 0 0.028 0.008 1
23.644 0.048 0.032 0.002 0.028 0.008 1
23.694 0.058 0.024 0 0.024 0.004 1
23.724 0.024 0.03 0 0.03 0.01 1
23.772 0.052 0.026 0.002 0.024 0.006 1
23.824 0.052 0.026 0 0.026 0.008 1
23.882 0.052 0.032 0 0.032 0.008 1
23.93 0.052 0.028 0 0.028 0.008 1
23.986 0.052 0.032 0.002 0.028 0.01 1
24.034 0.05 0.03 0 0.03 0.01 1
24.082 0.052 0.026 0 0.026 0.01 1
24.17 0.088 0.026 0.002 0.024 0.008 1
24.202 0.026 0.032 0 0.03 0.008 1
24.226 0.032 0.024 0 0.024 0.008 1
24.276 0.05 0.024 0 0.024 0.01 1
24.322 0.05 0.02 0 0.02 0.006 1
24.372 0.048 0.022 0 0.022 0.008 1
24.42 0.044 0.026 0 0.026 0.012 1
24.51 0.092 0.024 0 0.024 0.01 1
24.538 0.024 0.028 0 0.028 0.01 1
24.578 0.028 0.04 0 0.038 0.018 1
24.622 0.048 0.036 0 0.036 0.014 1
24.67 0.05 0.034 0 0.034 0.014 1
24.724 0.05 0.038 0.002 0.036 0.014 1
24.774 0.052 0.036 0 0.036 0.014 1
24.822 0.05 0.034 0 0.034 0.018 1
24.926 0.1 0.038 0 0.038 0.016 1
24.97 0.048 0.034 0 0.034 0.016 1
25.018 0.048 0.034 0.002 0.032 0.014 1
25.074 0.052 0.038 0 0.032 0.016 1
25.118 0.048 0.034 0.002 0.032 0.012 1
25.164 0.052 0.028 0.002 0.026 0.012 1
25.234 0.068 0.03 0 0.03 0.014 1
25.27 0.03 0.036 0.002 0.034 0.014 1
25.306 0.038 0.034 0 0.032 0.014 1
25.358 0.052 0.034 0 0.034 0.014 1
25.406 0.052 0.03 0 0.03 0.016 1
25.464 0.05 0.038 0 0.038 0.016 1
25.514 0.05 0.038 0 0.038 0.018 1
25.564 0.052 0.036 0 0.036 0.016 1
25.612 0.048 0.036 0.002 0.034 0.018 1
25.66 0.052 0.032 0 0.032 0.014 1
25.708 0.046 0.034 0 0.034 0.014 1
25.804 0.096 0.034 0 0.034 0.016 1
25.854 0.046 0.038 0 0.038 0.016 1
25.906 0.052 0.038 0 0.038 0.018 1
25.95 0.052 0.03 0 0.03 0.016 1
26.002 0.046 0.036 0.002 0.034 0.016 1
26.056 0.052 0.038 0 0.038 0.018 1
26.104 0.05 0.036 0 0.036 0.018 1
26.16 0.05 0.042 0 0.042 0.022 1
26.25 0.096 0.036 0 0.036 0.02 1
26.29 0.044 0.032 0 0.03 0.014 1
26.344 0.052 0.034 0 0.032 0.018 1
26.392 0.048 0.034 0 0.032 0.016 1
26.434 0.04 0.036 0.002 0.034 0.016 1
26.49 0.054 0.038 0 0.038 0.02 1
26.54 0.052 0.036 0 0.036 0.014 1
26.586 0.052 0.03 0 0.03 0.016 1
26.636 0.05 0.03 0 0.03 0.01 1
26.692 0.046 0.04 0 0.04 0.018 1
26.74 0.05 0.038 0.002 0.036 0.018 1
26.786 0.052 0.032 0 0.032 0.016 1
26.838 0.048 0.036 0 0.036 0.018 1
26.88 0.05 0.028 0 0.028 0.016 1
26.928 0.046 0.03 0 0.03 0.016 1
26.978 0.052 0.028 0 0.028 0.012 1
27.024 0.044 0.03 0.002 0.028 0.012 1
27.076 0.048 0.032 0 0.032 0.016 1
27.13 0.052 0.034 0 0.034 0.018 1
27.182 0.052 0.034 0 0.034 0.018 1
27.232 0.05 0.034 0.002 0.032 0.016 1
27.282 0.052 0.032 0 0.032 0.014 1
27.332 0.046 0.036 0 0.036 0.018 1
27.424 0.098 0.03 0 0.03 0.016 1
27.462 0.044 0.024 0 0.024 0.018 1
27.512 0.044 0.03 0 0.03 0.014 1
27.556 0.048 0.026 0 0.026 0.012 1
27.604 0.044 0.03 0 0.03 0.016 1
27.654 0.05 0.03 0.002 0.028 0.012 1
27.698 0.048 0.026 0 0.026 0.012 1
27.75 0.046 0.032 0 0.032 0.016 1
27.8 0.052 0.03 0 0.03 0.012 1
27.848 0.05 0.028 0 0.028 0.014 1
27.938 0.086 0.032 0 0.032 0.016 1
27.97 0.032 0.032 0 0.032 0.016 1
28.006 0.032 0.036 0.002 0.034 0.018 1
28.042 0.042 0.03 0.002 0.028 0.016 1
28.096 0.05 0.034 0.002 0.032 0.016 1
28.146 0.054 0.03 0 0.03 0.016 1
28.198 0.052 0.03 0 0.03 0.016 1
28.242 0.046 0.028 0 0.028 0.016 1
28.3 0.05 0.036 0 0.036 0.02 1
28.386 0.09 0.032 0 0.032 0.016 1
28.434 0.05 0.03 0 0.03 0.018 1
28.488 0.05 0.034 0 0.034 0.022 1
28.538 0.052 0.032 0 0.03 0.018 1
28.578 0.052 0.02 0 0.02 0.01 1
28.63 0.042 0.03 0 0.03 0.016 1
28.704 0.076 0.028 0 0.028 0.016 1
28.734 0.028 0.03 0 0.03 0.018 1
28.776 0.032 0.04 0 0.04 0.026 1
28.832 0.052 0.044 0 0.044 0.028 1
28.884 0.052 0.044 0 0.044 0.026 1
28.932 0.052 0.04 0 0.04 0.026 1
28.98 0.048 0.04 0.002 0.038 0.026 1
29.03 0.048 0.042 0 0.042 0.026 1
29.116 0.084 0.044 0 0.042 0.028 1
29.152 0.044 0.036 0 0.036 0.026 1
29.19 0.036 0.038 0 0.038 0.026 1
29.232 0.038 0.042 0.002 0.04 0.024 1
29.272 0.042 0.04 0 0.04 0.028 1
29.314 0.042 0.04 0 0.04 0.026 1
29.368 0.052 0.042 0 0.04 0.028 1
29.42 0.052 0.042 0 0.042 0.026 1
29.478 0.05 0.05 0.002 0.048 0.034 1
29.522 0.052 0.042 0 0.042 0.028 1
29.566 0.05 0.036 0 0.036 0.022 1
29.668 0.096 0.042 0 0.042 0.024 1
29.71 0.042 0.042 0 0.042 0.026 1
29.712 0.042 0.002 0 0.002 0 1
29.726 0.014 0.002 0 0.002 0 1
29.776 0.052 0 0 0 0 1
29.828 0.052 0 0 0 0 1
29.878 0.05 0 0 0 0 1
29.928 0.05 0 0 0 0 1
29.98 0.05 0.002 0 0.002 0 1
30.03 0.05 0.002 0.002 0 0 1
30.08 0.052 0 0 0 0 1
30.136 0.054 0.002 0.002 0 0 1
30.168 0.034 0 0 0 0 1
30.218 0.044 0.006 0.006 0 0 1
30.27 0.056 0.002 0 0.002 0 1
30.322 0.052 0.002 0 0 0 1
30.372 0.052 0 0 0 0 1
30.42 0.048 0 0 0 0 1
30.472 0.052 0 0 0 0 1
30.524 0.05 0.002 0 0.002 0 1
30.634 0.11 0.002 0 0.002 0 1
30.66 0.028 0 0 0 0 1
30.71 0.05 0 0 0 0 1
30.764 0.052 0.002 0 0.002 0 1
30.812 0.05 0 0 0 0 1
30.864 0.052 0 0 0 0 1
30.916 0.05 0.002 0 0.002 0 1
30.966 0.05 0.002 0 0.002 0 1
31.014 0.05 0 0 0 0 1
31.094 0.078 0.002 0 0.002 0 1
31.112 0.02 0 0 0 0 1
31.158 0.046 0 0 0 0 1
31.21 0.052 0 0 0 0 1
31.256 0.046 0 0 0 0 1
31.308 0.052 0 0 0 0 1
31.358 0.05 0 0 0 0 1
31.41 0.052 0 0 0 0 1
31.46 0.05 0 0 0 0 1
31.512 0.052 0 0 0 0 1
31.562 0.05 0 0 0 0 1
31.65 0.086 0.002 0 0.002 0 1
31.652 0.002 0.002 0 0.002 0 1
31.702 0.05 0.002 0 0 0 1
31.75 0.05 0 0 0 0 1
31.802 0.05 0.002 0 0.002 0 1
31.844 0.042 0.002 0.002 0 0 1
31.896 0.052 0.002 0 0 0 1
31.946 0.05 0.002 0 0.002 0 1
31.994 0.05 0 0 0 0 1
32.04 0.046 0 0 0 0 1
32.092 0.05 0.002 0 0.002 0 1
32.14 0.048 0.002 0.002 0 0 1
32.256 0.114 0.004 0.002 0 0 1
32.272 0.02 0 0 0 0 1
32.324 0.052 0 0 0 0 1
32.368 0.044 0 0 0 0 1
32.422 0.052 0.002 0.002 0 0 1
32.47 0.05 0 0 0 0 1
32.524 0.052 0.002 0 0.002 0 1
32.574 0.052 0 0 0 0 1
32.626 0.052 0 0 0 0 1
32.666 0.038 0.002 0 0 0 1
32.776 0.11 0.002 0 0 0 1
32.812 0.038 0 0 0 0 1
32.864 0.052 0 0 0 0 1
32.914 0.048 0.002 0.002 0 0 1
32.96 0.048 0 0 0 0 1
33.012 0.052 0 0 0 0 1
33.064 0.052 0 0 0 0 1
33.112 0.048 0 0 0 0 1
33.164 0.05 0.002 0.002 0 0 1
33.214 0.05 0.002 0.002 0 0 1
33.264 0.052 0 0 0 0 1
33.342 0.076 0.002 0.002 0 0 1
33.358 0.018 0 0 0 0 1
33.408 0.05 0 0 0 0 1
33.456 0.044 0.004 0 0.002 0 1
33.502 0.05 0 0 0 0 1
33.552 0.05 0 0 0 0 1
33.606 0.052 0.002 0 0.002 0 1
33.656 0.05 0.002 0.002 0 0 1
33.708 0.052 0.002 0 0.002 0 1
33.756 0.05 0 0 0 0 1
33.806 0.05 0 0 0 0 1
33.856 0.05 0 0 0 0 1
33.906 0.048 0.002 0.002 0 0 1
33.996 0.09 0.002 0.002 0 0 1
34.036 0.04 0.002 0.002 0 0 1
34.09 0.056 0 0 0 0 1
34.144 0.052 0.002 0 0 0 1
34.196 0.052 0.002 0 0.002 0 1
34.248 0.052 0.002 0 0.002 0 1
34.298 0.05 0.002 0 0.002 0 1
34.346 0.048 0.002 0 0.002 0 1
34.394 0.05 0 0 0 0 1
34.446 0.052 0 0 0 0 1
34.496 0.05 0 0 0 0 1
34.548 0.05 0.002 0 0.002 0 1
34.598 0.05 0.002 0 0.002 0 1
34.714 0.116 0.002 0 0.002 0 1
34.744 0.032 0 0 0 0 1
34.792 0.046 0.002 0 0.002 0 1
34.842 0.052 0 0 0 0 1
34.894 0.052 0 0 0 0 1
34.944 0.05 0 0 0 0 1
34.996 0.05 0.002 0 0.002 0 1
35.04 0.046 0 0 0 0 1
35.088 0.048 0 0 0 0 1
35.138 0.05 0 0 0 0 1
35.188 0.05 0 0 0 0 1
35.238 0.05 0 0 0 0 1
35.286 0.046 0.002 0 0 0 1
35.338 0.052 0.002 0 0.002 0 1
35.388 0.052 0 0 0 0 1
35.436 0.048 0 0 0 0 1
35.476 0.04 0 0 0 0 1
35.526 0.048 0.002 0.002 0 0 1
35.57 0.044 0.002 0 0.002 0 1
35.62 0.052 0 0 0 0 1
35.672 0.05 0.002 0 0.002 0 1
35.72 0.05 0 0 0 0 1
35.77 0.048 0.002 0 0.002 0 1
35.82 0.05 0.002 0 0.002 0 1
35.87 0.05 0.002 0 0 0 1
35.918 0.05 0 0 0 0 1
35.968 0.05 0 0 0 0 1
36.108 0.14 0 0 0 0 1
36.112 0.002 0.002 0 0.002 0 1
36.162 0.052 0 0 0 0 1
36.206 0.042 0.002 0 0 0 1
36.258 0.052 0.002 0 0 0 1
36.306 0.05 0 0 0 0 1
36.358 0.052 0 0 0 0 1
36.408 0.048 0.002 0 0.002 0 1
36.454 0.048 0 0 0 0 1
36.504 0.05 0 0 0 0 1
36.554 0.05 0 0 0 0 1
36.606 0.052 0 0 0 0 1
36.658 0.05 0.002 0 0.002 0 1
36.79 0.134 0 0 0 0 1
36.806 0.016 0 0 0 0 1
36.856 0.05 0 0 0 0 1
36.906 0.05 0 0 0 0 1
36.948 0.04 0.002 0.002 0 0 1
36.998 0.052 0 0 0 0 1
37.046 0.046 0.002 0 0.002 0 1
37.096 0.052 0 0 0 0 1
37.148 0.05 0.002 0 0.002 0 1
37.196 0.05 0 0 0 0 1
37.246 0.05 0 0 0 0 1
37.362 0.114 0.002 0.002 0 0 1
37.39 0.03 0 0 0 0 1
37.442 0.05 0.002 0 0.002 0 1
37.492 0.05 0.002 0.002 0 0 1
37.542 0.052 0 0 0 0 1
37.592 0.05 0 0 0 0 1
37.644 0.05 0.002 0 0.002 0 1
37.694 0.05 0.002 0 0.002 0 1
37.744 0.05 0.002 0 0.002 0 1
37.792 0.048 0.002 0 0.002 0 1
37.842 0.05 0.002 0 0 0 1
37.892 0.052 0 0 0 0 1
37.942 0.05 0 0 0 0 1
37.992 0.05 0 0 0 0 1
38.044 0.05 0.002 0 0.002 0 1
38.092 0.048 0.002 0 0.002 0 1
38.142 0.052 0 0 0 0 1
38.19 0.048 0 0 0 0 1
38.24 0.05 0 0 0 0 1
38.292 0.052 0 0 0 0 1
38.342 0.048 0.002 0 0.002 0 1
38.39 0.05 0 0 0 0 1
38.442 0.05 0.002 0 0.002 0 1
38.492 0.05 0.002 0 0.002 0 1
38.542 0.05 0.002 0 0.002 0 1
38.59 0.05 0 0 0 0 1
38.64 0.048 0.002 0 0.002 0 1
38.69 0.05 0.002 0 0.002 0 1
38.81 0.122 0 0 0 0 1
38.862 0.052 0 0 0 0 1
38.914 0.052 0 0 0 0 1
38.966 0.052 0 0 0 0 1
39.018 0.052 0 0 0 0 1
39.07 0.05 0.002 0.002 0 0 1
39.12 0.052 0 0 0 0 1
39.166 0.046 0 0 0 0 1
39.216 0.05 0 0 0 0 1
39.266 0.048 0.002 0 0.002 0 1
39.312 0.048 0 0 0 0 1
39.362 0.05 0 0 0 0 1
39.51 0.148 0 0 0 0 1
39.554 0.042 0.002 0 0.002 0 1
39.604 0.052 0 0 0 0 1
39.654 0.05 0 0 0 0 1
39.706 0.05 0.002 0 0.002 0 1
39.756 0.05 0.002 0 0.002 0 1
39.806 0.05 0.002 0 0.002 0 1
39.854 0.05 0 0 0 0 1
39.904 0.05 0 0 0 0 1
39.954 0.05 0 0 0 0 1
40.004 0.05 0 0 0 0 1
40.052 0.048 0 0 0 0 1
40.192 0.138 0.002 0 0.002 0 1
40.24 0.05 0 0 0 0 1
40.29 0.05 0 0 0 0 1
40.342 0.052 0 0 0 0 1
40.394 0.052 0 0 0 0 1
40.444 0.05 0 0 0 0 1
40.494 0.05 0 0 0 0 1
40.546 0.052 0 0 0 0 1
40.598 0.05 0.002 0 0.002 0 1
40.646 0.05 0 0 0 0 1
40.696 0.05 0 0 0 0 1
40.736 0.04 0 0 0 0 1
40.788 0.052 0 0 0 0 1
40.84 0.052 0 0 0 0 1
40.89 0.05 0 0 0 0 1
40.936 0.044 0.002 0.002 0 0 1
40.988 0.052 0.002 0 0.002 0 1
41.04 0.052 0.002 0 0.002 0 1
41.092 0.052 0.002 0 0 0 1
41.134 0.044 0 0 0 0 1
41.188 0.052 0.002 0 0.002 0 1
41.236 0.05 0 0 0 0 1
41.288 0.052 0 0 0 0 1
41.338 0.05 0 0 0 0 1
41.386 0.048 0 0 0 0 1
41.432 0.046 0 0 0 0 1
41.482 0.048 0.002 0 0.002 0.002 1
41.582 0.1 0.002 0 0 0 1
41.618 0.038 0 0 0 0 1
41.672 0.052 0.002 0 0.002 0 1
41.724 0.054 0 0 0 0 1
41.776 0.05 0.002 0.002 0 0 1
41.826 0.052 0 0 0 0 1
41.878 0.048 0.004 0 0.004 0 1
41.928 0.054 0 0 0 0 1
41.978 0.05 0 0 0 0 1
42.028 0.05 0 0 0 0 1
42.076 0.048 0 0 0 0 1
42.126 0.05 0 0 0 0 1
42.178 0.05 0.002 0 0.002 0 1
42.266 0.088 0.002 0 0.002 0 1
42.314 0.05 0 0 0 0 1
42.366 0.052 0 0 0 0 1
42.414 0.046 0.002 0 0 0 1
42.464 0.052 0 0 0 0 1
42.514 0.05 0 0 0 0 1
42.556 0.042 0 0 0 0 1
42.608 0.052 0 0 0 0 1
42.658 0.05 0 0 0 0 1
42.704 0.046 0 0 0 0 1
42.752 0.048 0 0 0 0 1
42.804 0.05 0.002 0 0.002 0 1
42.846 0.044 0 0 0 0 1
42.896 0.05 0 0 0 0 1
42.948 0.05 0.002 0 0.002 0 1
42.998 0.05 0.002 0 0 0 1
43.046 0.05 0 0 0 0 1
43.092 0.046 0 0 0 0 1
43.142 0.05 0 0 0 0 1
43.194 0.05 0.002 0.002 0 0 1
43.244 0.052 0 0 0 0 1
43.292 0.048 0 0 0 0 1
43.338 0.044 0.002 0 0.002 0 1
43.388 0.052 0 0 0 0 1
43.44 0.05 0.002 0 0 0 1
43.49 0.05 0.002 0 0.002 0 1
43.538 0.05 0 0 0 0 1
43.588 0.05 0 0 0 0 1
43.728 0.14 0 0 0 0 1
43.772 0.044 0 0 0 0 1
43.824 0.052 0 0 0 0 1
43.874 0.05 0 0 0 0 1
43.926 0.052 0 0 0 0 1
43.978 0.052 0 0 0 0 1
44.026 0.048 0 0 0 0 1
44.078 0.05 0.002 0 0.002 0 1
44.126 0.048 0.002 0 0 0 1
44.174 0.05 0 0 0 0 1
44.226 0.05 0.002 0 0.002 0 1
44.272 0.048 0 0 0 0 1
44.322 0.05 0 0 0 0 1
44.372 0.05 0 0 0 0 1
44.422 0.05 0 0 0 0 1
44.472 0.05 0 0 0 0 1
44.522 0.05 0 0 0 0 1
44.572 0.05 0 0 0 0 1
44.62 0.048 0 0 0 0 1
44.67 0.05 0 0 0 0 1
44.722 0.05 0.002 0 0.002 0 1
44.772 0.052 0 0 0 0 1
44.814 0.042 0 0 0 0 1
44.86 0.044 0.002 0 0.002 0 1
44.908 0.05 0 0 0 0 1
44.96 0.05 0.002 0 0.002 0 1
45.074 0.114 0.002 0.002 0 0 1
45.09 0.016 0.002 0.002 0 0 1
45.142 0.052 0.002 0 0.002 0 1
45.192 0.052 0 0 0 0 1
45.244 0.05 0.002 0 0.002 0 1
45.292 0.05 0 0 0 0 1
45.34 0.048 0 0 0 0 1
45.39 0.05 0 0 0 0 1
45.438 0.048 0 0 0 0 1
45.486 0.046 0.002 0 0.002 0 1
45.538 0.054 0 0 0 0 1
45.59 0.05 0.002 0 0.002 0 1
45.738 0.148 0.002 0 0.002 0 1
45.786 0.048 0.002 0 0.002 0 1
45.836 0.052 0 0 0 0 1
45.888 0.05 0.002 0 0.002 0 1
45.936 0.048 0.002 0.002 0 0 1
45.986 0.052 0 0 0 0 1
46.038 0.05 0.002 0 0.002 0 1
46.088 0.05 0.002 0.002 0 0 1
46.136 0.05 0 0 0 0 1
46.188 0.05 0.002 0 0 0 1
46.238 0.052 0 0 0 0 1
46.288 0.05 0 0 0 0 1
46.422 0.132 0.002 0 0.002 0 1
46.434 0.014 0 0 0 0 1
46.484 0.05 0 0 0 0 1
46.536 0.05 0.002 0 0.002 0 1
46.584 0.05 0 0 0 0 1
46.632 0.048 0 0 0 0 1
46.684 0.05 0.002 0.002 0 0 1
46.734 0.052 0 0 0 0 1
46.786 0.05 0.002 0 0.002 0 1
46.834 0.05 0 0 0 0 1
46.886 0.052 0 0 0 0 1
46.936 0.05 0 0 0 0 1
46.986 0.05 0 0 0 0 1
47.034 0.048 0 0 0 0 1
47.082 0.048 0 0 0 0 1
47.218 0.134 0.002 0.002 0 0 1
47.228 0.01 0.002 0 0.002 0 1
47.278 0.052 0 0 0 0 1
47.328 0.05 0 0 0 0 1
47.378 0.05 0 0 0 0 1
47.43 0.05 0.002 0 0.002 0 1
47.48 0.05 0.002 0.002 0 0 1
47.522 0.044 0 0 0 0 1
47.576 0.052 0.002 0 0.002 0 1
47.622 0.046 0.002 0 0.002 0 1
47.67 0.05 0 0 0 0 1
47.722 0.05 0.002 0 0.002 0 1
47.822 0.1 0.002 0 0.002 0 1
47.854 0.032 0.002 0 0.002 0 1
47.906 0.054 0 0 0 0 1
47.958 0.052 0 0 0 0 1
48.012 0.048 0.006 0.006 0 0 1
48.064 0.056 0.002 0 0.002 0 1
48.116 0.052 0.002 0 0.002 0 1
48.166 0.05 0.002 0 0.002 0 1
48.216 0.05 0.002 0.002 0 0 1
48.266 0.052 0 0 0 0 1
48.318 0.05 0.002 0 0.002 0 1
48.368 0.05 0.002 0 0.002 0 1
48.418 0.05 0.002 0 0.002 0 1
48.568 0.152 0 0 0 0 1
48.612 0.042 0.002 0 0 0 1
48.662 0.052 0 0 0 0 1
48.712 0.048 0.002 0.002 0 0 1
48.764 0.052 0.002 0 0.002 0 1
48.814 0.052 0 0 0 0 1
48.864 0.048 0.002 0 0 0 1
48.912 0.05 0 0 0 0 1
48.964 0.05 0.002 0 0.002 0 1
49.012 0.05 0 0 0 0 1
49.064 0.052 0 0 0 0 1
49.112 0.048 0 0 0 0 1
49.162 0.05 0 0 0 0 1
49.276 0.114 0 0 0 0 1
49.308 0.03 0.002 0 0.002 0 1
49.358 0.052 0 0 0 0 1
49.406 0.046 0.002 0 0.002 0 1
49.456 0.052 0 0 0 0 1
49.506 0.05 0 0 0 0 1
49.556 0.05 0 0 0 0 1
49.608 0.05 0.002 0 0.002 0 1
49.658 0.05 0.002 0.002 0 0 1
49.704 0.048 0 0 0 0 1
49.754 0.05 0 0 0 0 1
49.804 0.05 0 0 0 0 1
49.854 0.046 0.004 0.002 0.002 0 1
49.958 0.106 0.002 0 0.002 0 1
50 0.042 0.002 0.002 0 0 1
50.052 0.052 0.002 0.002 0 0 1
50.102 0.052 0 0 0 0 1
50.152 0.05 0 0 0 0 1
50.204 0.05 0.002 0 0.002 0 1
50.254 0.05 0.002 0 0.002 0 1
50.302 0.05 0 0 0 0 1
50.35 0.048 0 0 0 0 1
50.4 0.05 0 0 0 0 1
50.452 0.052 0 0 0 0 1
50.57 0.116 0.002 0 0.002 0 1
50.602 0.034 0 0 0 0 1
50.654 0.05 0.002 0 0.002 0 1
50.704 0.05 0.002 0 0.002 0 1
50.75 0.046 0.002 0 0.002 0 1
50.798 0.048 0.002 0 0.002 0 1
50.844 0.048 0 0 0 0 1
50.89 0.046 0 0 0 0 1
50.944 0.052 0.002 0 0.002 0 1
50.996 0.052 0.002 0 0.002 0 1
51.046 0.052 0 0 0 0 1
51.1 0.052 0.002 0 0.002 0 1
51.216 0.116 0.002 0 0.002 0 1
51.238 0.022 0.002 0.002 0 0 1
51.292 0.054 0.002 0 0.002 0 1
51.344 0.054 0 0 0 0 1
51.396 0.05 0.002 0.002 0 0 1
51.448 0.052 0.002 0 0.002 0 1
51.498 0.052 0 0 0 0 1
51.55 0.05 0.002 0 0.002 0 1
51.6 0.052 0 0 0 0 1
51.65 0.05 0 0 0 0 1
51.702 0.05 0.002 0 0 0 1
51.828 0.126 0.002 0.002 0 0 1
51.84 0.014 0 0 0 0 1
51.892 0.052 0 0 0 0 1
51.942 0.05 0 0 0 0 1
51.994 0.052 0 0 0 0 1
52.044 0.05 0 0 0 0 1
52.092 0.046 0.002 0.002 0 0 1
52.142 0.052 0 0 0 0 1
52.192 0.05 0 0 0 0 1
52.242 0.048 0.002 0.002 0 0 1
52.29 0.05 0 0 0 0 1
52.398 0.108 0 0 0 0 1
52.436 0.038 0 0 0 0 1
52.488 0.052 0 0 0 0 1
52.536 0.048 0 0 0 0 1
52.582 0.044 0.002 0.002 0 0 1
52.632 0.048 0.004 0.002 0.002 0 1
52.682 0.054 0 0 0 0 1
52.736 0.052 0.002 0 0.002 0 1
52.784 0.05 0 0 0 0 1
52.836 0.052 0 0 0 0 1
52.886 0.05 0 0 0 0 1
53.024 0.136 0.002 0.002 0 0 1
53.072 0.05 0 0 0 0 1
53.124 0.052 0 0 0 0 1
53.17 0.046 0 0 0 0 1
53.228 0.056 0.002 0 0.002 0 1
53.276 0.05 0 0 0 0 1
53.324 0.048 0 0 0 0 1
53.376 0.052 0 0 0 0 1
53.428 0.05 0.002 0 0.002 0 1
53.474 0.046 0.002 0.002 0 0 1
53.608 0.134 0.002 0 0.002 0 1
53.622 0.014 0.002 0.002 0 0 1
53.672 0.05 0.002 0.002 0 0 1
53.722 0.052 0 0 0 0 1
53.772 0.05 0 0 0 0 1
53.822 0.044 0.006 0 0.006 0 1
53.872 0.056 0 0 0 0 1
53.92 0.048 0 0 0 0 1
53.97 0.05 0 0 0 0 1
54.02 0.05 0 0 0 0 1
54.074 0.052 0.002 0 0.002 0 1
54.124 0.05 0.002 0 0.002 0 1
54.172 0.05 0 0 0 0 1
54.224 0.052 0 0 0 0 1
54.274 0.05 0 0 0 0 1
54.326 0.05 0.002 0 0.002 0 1
54.456 0.13 0.002 0 0.002 0 1
54.464 0.008 0.002 0 0 0 1
54.514 0.05 0.002 0 0.002 0 1
54.566 0.052 0.002 0 0.002 0 1
54.616 0.052 0 0 0 0 1
54.666 0.048 0.002 0 0.002 0 1
54.716 0.05 0.002 0 0 0 1
54.766 0.052 0 0 0 0 1
54.816 0.05 0 0 0 0 1
54.864 0.046 0.002 0.002 0 0 1
54.916 0.046 0.008 0.008 0 0 1
54.962 0.054 0 0 0 0 1
55.012 0.05 0 0 0 0 1
55.06 0.048 0 0 0 0 1
55.102 0.042 0 0 0 0 1
55.154 0.05 0.002 0 0.002 0 1
55.204 0.05 0.002 0 0.002 0 1
55.332 0.128 0.002 0 0.002 0 1
55.346 0.016 0 0 0 0 1
55.396 0.05 0 0 0 0 1
55.446 0.048 0.002 0 0.002 0 1
55.496 0.05 0.002 0 0.002 0 1
55.546 0.05 0.002 0 0 0 1
55.596 0.05 0.002 0 0 0 1
55.642 0.048 0 0 0 0 1
55.69 0.046 0.002 0 0 0 1
55.74 0.052 0 0 0 0 1
55.788 0.048 0 0 0 0 1
55.84 0.052 0 0 0 0 1
55.89 0.05 0 0 0 0 1
55.978 0.086 0.002 0 0 0 1
55.984 0.006 0.002 0 0 0 1
56.034 0.05 0.002 0 0.002 0 1
56.084 0.052 0 0 0 0 1
56.132 0.048 0 0 0 0 1
56.182 0.05 0 0 0 0 1
56.228 0.046 0 0 0 0 1
56.28 0.05 0.002 0 0.002 0 1
56.328 0.048 0.002 0.002 0 0 1
56.378 0.052 0 0 0 0 1
56.428 0.048 0.002 0 0.002 0 1
56.476 0.05 0 0 0 0 1
56.526 0.05 0 0 0 0 1
56.668 0.14 0.002 0 0.002 0 1
56.72 0.052 0.002 0 0.002 0 1
56.768 0.048 0.002 0 0.002 0 1
56.82 0.052 0.002 0 0.002 0 1
56.864 0.046 0 0 0 0 1
56.916 0.052 0 0 0 0 1
56.968 0.05 0.002 0 0.002 0 1
57.018 0.052 0 0 0 0 1
57.07 0.052 0 0 0 0 1
57.122 0.05 0.002 0 0.002 0 1
57.172 0.05 0.002 0 0.002 0 1
57.302 0.13 0.002 0 0 0 1
57.312 0.012 0 0 0 0 1
57.362 0.05 0 0 0 0 1
57.416 0.054 0 0 0 0 1
57.468 0.05 0.002 0.002 0 0 1
57.52 0.052 0.002 0 0.002 0 1
57.57 0.052 0 0 0 0 1
57.618 0.048 0 0 0 0 1
57.67 0.05 0.002 0 0.002 0 1
57.72 0.05 0.002 0 0.002 0 1
57.77 0.05 0.002 0 0.002 0 1
57.82 0.052 0 0 0 0 1
57.942 0.12 0.002 0 0.002 0 1
57.966 0.026 0 0 0 0 1
58.016 0.05 0 0 0 0 1
58.064 0.048 0 0 0 0 1
58.116 0.052 0 0 0 0 1
58.162 0.046 0 0 0 0 1
58.214 0.05 0.002 0.002 0 0 1
58.262 0.05 0 0 0 0 1
58.308 0.046 0 0 0 0 1
58.348 0.04 0 0 0 0 1
58.402 0.054 0 0 0 0 1
58.538 0.136 0 0 0 0 1
58.546 0.006 0.002 0 0 0 1
58.592 0.048 0 0 0 0 1
58.644 0.052 0 0 0 0 1
58.696 0.052 0 0 0 0 1
58.746 0.05 0 0 0 0 1
58.794 0.048 0 0 0 0 1
58.846 0.052 0 0 0 0 1
58.898 0.05 0.002 0 0.002 0 1
58.938 0.042 0 0 0 0 1
58.99 0.052 0 0 0 0 1
59.042 0.05 0.002 0 0.002 0 1
59.092 0.05 0.002 0 0.002 0 1
59.214 0.122 0.002 0 0 0 1
59.224 0.012 0 0 0 0 1
59.278 0.052 0.002 0 0.002 0 1
59.33 0.054 0 0 0 0 1
59.38 0.05 0 0 0 0 1
59.432 0.05 0.002 0 0.002 0 1
59.478 0.046 0.002 0 0.002 0 1
59.528 0.052 0 0 0 0 1
59.58 0.05 0.002 0.002 0 0 1
59.632 0.052 0.002 0 0.002 0 1
59.682 0.05 0.002 0 0.002 0 1
59.732 0.05 0.002 0 0.002 0 1
59.78 0.05 0 0 0 0 1
59.832 0.05 0.002 0 0 0 1
59.88 0.048 0.002 0 0 0 1
59.93 0.052 0 0 0 0 1
60.042 0.11 0.002 0 0.002 0 1
60.07 0.03 0 0 0 0 1
60.122 0.052 0 0 0 0 1
60.174 0.05 0.002 0 0 0 1
60.226 0.052 0.002 0 0.002 0 1
60.274 0.048 0.002 0.002 0 0 1
60.326 0.052 0.002 0 0.002 0 1
60.374 0.05 0 0 0 0 1
60.424 0.05 0 0 0 0 1
60.476 0.05 0.002 0 0.002 0 1
60.526 0.05 0.002 0.002 0 0 1
60.638 0.114 0 0 0 0 1
60.672 0.032 0.002 0 0.002 0 1
60.722 0.052 0 0 0 0 1
60.774 0.05 0.002 0 0.002 0 1
60.82 0.048 0 0 0 0 1
60.874 0.052 0.002 0 0.002 0.002 1
60.92 0.048 0 0 0 0 1
60.968 0.048 0 0 0 0 1
61.018 0.05 0 0 0 0 1
61.072 0.052 0.002 0 0 0 1
61.118 0.048 0 0 0 0 1
61.244 0.124 0.002 0 0 0 1
61.256 0.014 0 0 0 0 1
61.31 0.052 0.002 0 0.002 0 1
61.362 0.054 0 0 0 0 1
61.416 0.054 0 0 0 0 1
61.462 0.046 0 0 0 0 1
61.516 0.052 0.002 0 0.002 0 1
61.568 0.052 0.002 0 0.002 0 1
61.618 0.052 0 0 0 0 1
61.668 0.046 0.004 0 0.004 0 1
61.72 0.054 0.002 0 0.002 0 1
61.77 0.05 0.002 0.002 0 0 1
61.818 0.048 0.002 0.002 0 0 1
61.87 0.052 0.002 0 0.002 0 1
61.92 0.048 0.004 0.004 0 0 1
62.032 0.114 0.002 0 0 0 1
62.062 0.032 0 0 0 0 1
62.108 0.046 0 0 0 0 1
62.156 0.048 0 0 0 0 1
62.206 0.048 0.002 0.002 0 0 1
62.258 0.052 0.002 0 0.002 0 1
62.308 0.052 0 0 0 0 1
62.358 0.05 0 0 0 0 1
62.41 0.05 0.002 0 0.002 0 1
62.458 0.05 0 0 0 0 1
62.51 0.052 0 0 0 0 1
62.636 0.126 0 0 0 0 1
62.65 0.012 0.002 0 0 0 1
62.698 0.05 0 0 0 0 1
62.752 0.052 0.002 0 0.002 0 1
62.802 0.052 0 0 0 0 1
62.852 0.048 0.002 0 0.002 0 1
62.904 0.052 0.002 0 0.002 0 1
62.954 0.052 0 0 0 0 1
63.008 0.048 0.006 0.004 0 0 1
63.054 0.052 0 0 0 0 1
63.106 0.052 0 0 0 0 1
63.158 0.05 0.002 0 0.002 0 1
63.206 0.05 0 0 0 0 1
63.258 0.05 0.002 0 0 0 1
63.306 0.05 0 0 0 0 1
63.35 0.044 0 0 0 0 1
63.39 0.04 0 0 0 0 1
63.442 0.052 0 0 0 0 1
63.492 0.048 0.002 0 0.002 0 1
63.54 0.05 0 0 0 0 1
63.592 0.05 0.002 0 0.002 0 1
63.642 0.05 0.002 0 0.002 0 1
63.684 0.044 0 0 0 0 1
63.734 0.05 0 0 0 0 1
63.78 0.046 0 0 0 0 1
63.83 0.05 0 0 0 0 1
63.88 0.05 0 0 0 0 1
64 0.12 0 0 0 0 1
64.01 0.008 0.002 0.002 0 0 1
64.058 0.05 0 0 0 0 1
64.108 0.05 0 0 0 0 1
64.16 0.052 0 0 0 0 1
64.212 0.05 0.002 0.002 0 0 1
64.264 0.052 0.002 0 0.002 0 1
64.314 0.052 0 0 0 0 1
64.366 0.05 0.002 0 0.002 0 1
64.414 0.048 0.002 0 0.002 0 1
64.464 0.052 0 0 0 0 1
64.514 0.05 0 0 0 0 1
64.598 0.084 0 0 0 0 1
64.6 0.002 0 0 0 0 1
64.654 0.054 0 0 0 0 1
64.706 0.052 0 0 0 0 1
64.758 0.05 0.002 0.002 0 0 1
64.808 0.052 0 0 0 0 1
64.86 0.05 0.002 0 0.002 0 1
64.908 0.05 0 0 0 0 1
64.96 0.05 0.002 0 0.002 0 1
65.014 0.048 0.008 0.006 0.002 0 1
65.06 0.052 0.002 0 0.002 0 1
65.104 0.044 0.002 0.002 0 0 1
65.152 0.05 0 0 0 0 1
65.282 0.128 0.002 0 0.002 0 1
65.292 0.01 0.002 0 0.002 0 1
65.34 0.05 0 0 0 0 1
65.392 0.052 0 0 0 0 1
65.438 0.046 0 0 0 0 1
65.488 0.05 0 0 0 0 1
65.536 0.048 0 0 0 0 1
65.586 0.048 0.002 0 0.002 0 1
65.638 0.052 0.002 0 0.002 0 1
65.68 0.044 0 0 0 0 1
65.732 0.052 0 0 0 0 1
65.784 0.052 0 0 0 0 1
65.836 0.05 0.002 0 0 0 1
65.886 0.052 0 0 0 0 1
66.014 0.128 0 0 0 0 1
66.026 0.01 0.002 0 0.002 0 1
66.078 0.052 0.002 0 0.002 0 1
66.13 0.052 0.002 0 0.002 0 1
66.178 0.05 0 0 0 0 1
66.23 0.052 0 0 0 0 1
66.282 0.05 0.002 0 0.002 0 1
66.33 0.048 0.002 0 0 0 1
66.378 0.05 0 0 0 0 1
66.428 0.05 0 0 0 0 1
66.476 0.048 0 0 0 0 1
66.622 0.144 0.002 0.002 0 0 1
66.668 0.046 0.002 0 0.002 0 1
66.716 0.048 0.002 0 0.002 0 1
66.766 0.052 0 0 0 0 1
66.816 0.048 0.002 0.002 0 0 1
66.866 0.052 0 0 0 0 1
66.916 0.05 0 0 0 0 1
66.968 0.05 0.002 0 0.002 0 1
67.018 0.05 0.002 0.002 0 0 1
67.068 0.052 0 0 0 0 1
67.116 0.048 0 0 0 0 1
67.166 0.048 0.002 0 0.002 0 1
67.216 0.05 0.002 0 0.002 0 1
67.264 0.05 0 0 0 0 1
67.356 0.09 0.002 0 0 0 1
67.358 0.002 0.002 0 0 0 1
67.408 0.052 0 0 0 0 1
67.46 0.05 0.002 0 0.002 0 1
67.512 0.052 0.002 0 0.002 0 1
67.562 0.05 0.002 0 0.002 0 1
67.612 0.052 0 0 0 0 1
67.662 0.05 0 0 0 0 1
67.712 0.05 0 0 0 0 1
67.76 0.048 0 0 0 0 1
67.81 0.05 0 0 0 0 1
67.86 0.05 0 0 0 0 1
67.972 0.11 0.002 0 0.002 0 1
68.004 0.034 0 0 0 0 1
68.054 0.05 0 0 0 0 1
68.104 0.05 0 0 0 0 1
68.154 0.048 0.002 0 0.002 0 1
68.204 0.05 0.002 0.002 0 0 1
68.254 0.05 0.002 0.002 0 0 1
68.302 0.048 0.002 0 0.002 0 1
68.348 0.048 0 0 0 0 1
68.398 0.05 0 0 0 0 1
68.45 0.05 0.002 0 0.002 0 1
68.496 0.044 0.004 0 0 0 1
68.544 0.052 0 0 0 0 1
68.592 0.048 0 0 0 0 1
68.642 0.05 0 0 0 0 1
68.752 0.108 0.002 0 0.002 0 1
68.784 0.032 0.002 0 0.002 0 1
68.834 0.052 0 0 0 0 1
68.882 0.046 0.002 0 0.002 0 1
68.936 0.054 0.002 0 0.002 0 1
68.982 0.048 0 0 0 0 1
69.034 0.05 0.002 0 0.002 0 1
69.082 0.05 0 0 0 0 1
69.134 0.05 0.002 0.002 0 0 1
69.184 0.05 0.002 0 0.002 0 1
69.234 0.05 0.002 0 0.002 0 1
69.284 0.052 0 0 0 0 1
69.332 0.048 0 0 0 0 1
69.382 0.05 0 0 0 0 1
69.528 0.144 0.002 0 0.002 0 1
69.53 0.004 0 0 0 0 1
69.582 0.05 0.002 0 0.002 0 1
69.632 0.052 0 0 0 0 1
69.68 0.048 0 0 0 0 1
69.732 0.05 0.002 0 0.002 0 1
69.776 0.044 0.002 0 0.002 0 1
69.826 0.052 0 0 0 0 1
69.876 0.05 0 0 0 0 1
69.926 0.05 0 0 0 0 1
69.978 0.05 0.002 0 0.002 0 1
70.026 0.05 0 0 0 0 1
70.072 0.046 0 0 0 0 1
70.122 0.05 0 0 0 0 1
70.256 0.13 0.004 0 0 0 1
70.264 0.01 0.002 0 0.002 0 1
70.316 0.052 0.002 0 0.002 0 1
70.368 0.052 0.002 0 0.002 0 1
70.418 0.052 0 0 0 0 1
70.47 0.05 0.002 0 0.002 0 1
70.518 0.05 0 0 0 0 1
70.57 0.05 0.002 0.002 0 0 1
70.62 0.052 0 0 0 0 1
70.664 0.044 0 0 0 0 1
70.716 0.052 0 0 0 0 1
70.768 0.05 0.002 0 0.002 0 1
70.814 0.048 0 0 0 0 1
70.866 0.052 0 0 0 0 1
70.918 0.05 0.002 0 0.002 0 1
70.968 0.05 0.002 0.002 0 0 1
71.018 0.052 0 0 0 0 1
71.066 0.048 0 0 0 0 1
71.116 0.05 0 0 0 0 1
71.168 0.05 0.002 0 0.002 0 1
71.216 0.05 0 0 0 0 1
71.266 0.05 0 0 0 0 1
71.312 0.044 0.002 0.002 0 0 1
71.362 0.052 0 0 0 0 1
71.412 0.05 0 0 0 0 1
71.462 0.05 0 0 0 0 1
71.508 0.046 0 0 0 0 1
71.558 0.05 0 0 0 0 1
71.674 0.114 0.002 0 0.002 0 1
71.706 0.034 0 0 0 0 1
71.758 0.052 0 0 0 0 1
71.81 0.05 0.002 0 0.002 0 1
71.858 0.05 0 0 0 0 1
71.91 0.052 0 0 0 0 1
71.96 0.05 0 0 0 0 1
72.01 0.048 0.002 0 0.002 0 1
72.058 0.05 0 0 0 0 1
72.106 0.048 0 0 0 0 1
72.156 0.05 0 0 0 0 1
72.252 0.096 0 0 0 0 1
72.298 0.046 0 0 0 0 1
72.348 0.05 0 0 0 0 1
72.402 0.052 0.002 0 0.002 0 1
72.45 0.048 0.002 0 0 0 1
72.5 0.05 0.002 0.002 0 0 1
72.552 0.052 0.002 0 0.002 0 1
72.6 0.05 0 0 0 0 1
72.65 0.05 0 0 0 0 1
72.694 0.044 0 0 0 0 1
72.748 0.052 0.002 0 0.002 0 1
72.8 0.052 0.002 0 0.002 0 1
72.944 0.144 0.002 0 0.002 0 1
72.95 0.006 0.002 0 0.002 0 1
73 0.052 0 0 0 0 1
73.048 0.048 0 0 0 0 1
73.096 0.048 0 0 0 0 1
73.148 0.052 0 0 0 0 1
73.198 0.05 0 0 0 0 1
73.25 0.052 0 0 0 0 1
73.302 0.05 0.002 0 0.002 0 1
73.352 0.05 0.002 0.002 0 0 1
73.4 0.05 0 0 0 0 1
73.446 0.044 0.002 0 0.002 0 1
73.552 0.106 0.002 0.002 0 0 1
73.588 0.038 0 0 0 0 1
73.64 0.05 0.002 0.002 0 0 1
73.69 0.052 0 0 0 0 1
73.74 0.05 0 0 0 0 1
73.79 0.05 0 0 0 0 1
73.838 0.048 0 0 0 0 1
73.888 0.05 0 0 0 0 1
73.94 0.052 0 0 0 0 1
73.99 0.05 0 0 0 0 1
74.04 0.05 0 0 0 0 1
74.088 0.048 0 0 0 0 1
74.14 0.052 0 0 0 0 1
74.184 0.044 0 0 0 0 1
74.234 0.05 0 0 0 0 1
74.284 0.05 0 0 0 0 1
74.336 0.05 0.002 0 0.002 0 1
74.382 0.048 0 0 0 0 1
74.434 0.052 0 0 0 0 1
74.486 0.05 0.002 0 0 0 1
74.536 0.05 0.002 0 0.002 0 1
74.582 0.048 0 0 0 0 1
74.634 0.05 0.002 0 0.002 0 1
74.684 0.05 0.002 0 0.002 0 1
74.732 0.05 0 0 0 0 1
74.868 0.136 0 0 0 0 1
74.876 0.006 0.002 0 0.002 0 1
74.928 0.052 0.002 0 0 0 1
74.978 0.05 0.002 0 0.002 0 1
75.028 0.052 0 0 0 0 1
75.08 0.048 0.004 0 0 0 1
75.128 0.052 0 0 0 0 1
75.178 0.05 0 0 0 0 1
75.23 0.05 0.002 0 0.002 0 1
75.278 0.05 0 0 0 0 1
75.326 0.048 0 0 0 0 1
75.47 0.142 0.002 0.002 0 0 1
75.514 0.046 0 0 0 0 1
75.564 0.05 0 0 0 0 1
75.616 0.052 0 0 0 0 1
75.664 0.048 0 0 0 0 1
75.714 0.05 0 0 0 0 1
75.764 0.048 0.002 0 0.002 0 1
75.814 0.052 0 0 0 0 1
75.866 0.05 0.002 0 0.002 0 1
75.914 0.048 0.002 0 0.002 0 1
75.964 0.05 0.002 0 0.002 0 1
76.014 0.05 0.002 0 0.002 0 1
76.132 0.118 0.002 0 0.002 0 1
76.154 0.024 0 0 0 0 1
76.204 0.05 0 0 0 0 1
76.254 0.05 0 0 0 0 1
76.304 0.05 0 0 0 0 1
76.354 0.05 0 0 0 0 1
76.406 0.048 0.004 0.002 0 0 1
76.454 0.052 0 0 0 0 1
76.502 0.048 0 0 0 0 1
76.55 0.048 0 0 0 0 1
76.602 0.05 0.002 0.002 0 0 1
76.65 0.05 0 0 0 0 1
76.7 0.048 0.002 0 0.002 0 1
76.816 0.118 0 0 0 0 1
76.844 0.028 0 0 0 0 1
76.898 0.052 0.002 0 0.002 0 1
76.948 0.05 0.002 0 0.002 0 1
76.998 0.052 0 0 0 0 1
77.048 0.05 0 0 0 0 1
77.098 0.05 0 0 0 0 1
77.148 0.05 0 0 0 0 1
77.196 0.042 0.006 0 0.006 0 1
77.246 0.054 0.002 0 0.002 0 1
77.294 0.05 0 0 0 0 1
77.344 0.05 0 0 0 0 1
77.48 0.134 0.002 0 0.002 0 1
77.488 0.008 0.002 0.002 0 0 1
77.538 0.05 0.002 0 0.002 0 1
77.588 0.052 0 0 0 0 1
77.64 0.052 0 0 0 0 1
77.692 0.05 0.002 0 0.002 0 1
77.742 0.05 0.002 0 0.002 0 1
77.784 0.042 0.002 0 0.002 0 1
77.834 0.05 0.002 0 0.002 0 1
77.884 0.05 0.002 0 0.002 0 1
77.932 0.05 0 0 0 0 1
78.044 0.112 0 0 0 0 1
78.066 0.02 0.002 0.002 0 0 1
78.12 0.054 0.002 0 0.002 0 1
78.172 0.052 0.002 0.002 0 0 1
78.216 0.046 0 0 0 0 1
78.272 0.054 0.002 0 0.002 0 1
78.324 0.052 0.002 0 0.002 0 1
