27.872 27.78 0.092 0 0.092 0.008 1
27.958 0.092 0.086 0 0.086 0.006 1
28.058 0.086 0.1 0.002 0.098 0.008 1
28.156 0.1 0.098 0.002 0.096 0.006 1
28.248 0.098 0.092 0.002 0.09 0.008 1
28.33 0.092 0.082 0.002 0.08 0.008 1
28.422 0.082 0.092 0.002 0.09 0.008 1
28.52 0.092 0.098 0.002 0.096 0.008 1
28.676 0.116 0.138 0.004 0.134 0.008 1
28.822 0.138 0.146 0.002 0.144 0.01 1
28.97 0.146 0.148 0.002 0.146 0.01 1
29.102 0.148 0.132 0 0.132 0.012 1
29.254 0.132 0.152 0.002 0.15 0.01 1
29.452 0.182 0.168 0 0.168 0.01 1
29.62 0.168 0.168 0.002 0.166 0.01 1
29.806 0.192 0.162 0.002 0.16 0.008 1
29.968 0.176 0.148 0.002 0.144 0.008 1
30.106 0.148 0.138 0 0.138 0.01 1
30.236 0.138 0.13 0 0.13 0.01 1
30.392 0.13 0.156 0.014 0.142 0.01 1
30.546 0.156 0.154 0.002 0.15 0.01 1
30.664 0.174 0.098 0 0.098 0.012 1
30.79 0.126 0.098 0.002 0.096 0.006 1
30.88 0.098 0.09 0.002 0.088 0.008 1
30.962 0.09 0.082 0.002 0.08 0.006 1
31.046 0.082 0.084 0 0.084 0.012 1
31.166 0.114 0.09 0 0.088 0.008 1
31.252 0.09 0.086 0 0.086 0.008 1
31.34 0.086 0.088 0.002 0.086 0.008 1
31.442 0.116 0.074 0 0.074 0.008 1
31.522 0.074 0.08 0.002 0.076 0.008 1
31.616 0.1 0.074 0.002 0.07 0.008 1
31.688 0.074 0.072 0 0.07 0.008 1
31.774 0.084 0.074 0 0.074 0.008 1
31.852 0.074 0.078 0.002 0.076 0.008 1
31.926 0.078 0.074 0 0.074 0.004 1
32.04 0.096 0.092 0 0.092 0.018 1
32.154 0.116 0.09 0.002 0.088 0.018 1
32.244 0.09 0.09 0 0.09 0.012 1
32.35 0.116 0.08 0 0.08 0.016 1
32.43 0.08 0.08 0.006 0.074 0.016 1
32.52 0.08 0.09 0 0.09 0.02 1
32.628 0.114 0.084 0.002 0.082 0.018 1
32.712 0.084 0.084 0 0.084 0.012 1
32.79 0.084 0.078 0 0.076 0.008 1
32.874 0.078 0.084 0 0.082 0.012 1
32.96 0.084 0.086 0 0.086 0.014 1
33.052 0.086 0.092 0.002 0.09 0.014 1
33.134 0.092 0.082 0 0.082 0.014 1
33.228 0.082 0.094 0 0.092 0.016 1
33.306 0.094 0.078 0 0.078 0.016 1
33.398 0.078 0.092 0.004 0.088 0.014 1
33.506 0.112 0.088 0 0.088 0.018 1
33.592 0.088 0.086 0.002 0.084 0.012 1
33.672 0.086 0.08 0 0.08 0.01 1
33.758 0.08 0.086 0.002 0.084 0.012 1
33.878 0.124 0.082 0.002 0.08 0.012 1
33.962 0.082 0.084 0.002 0.082 0.012 1
34.046 0.084 0.084 0 0.084 0.01 1
34.148 0.114 0.072 0 0.072 0.01 1
34.222 0.074 0.072 0 0.072 0.01 1
34.296 0.072 0.074 0.002 0.072 0.012 1
34.372 0.074 0.076 0.002 0.072 0.012 1
34.474 0.104 0.074 0 0.074 0.008 1
34.556 0.074 0.082 0 0.082 0.01 1
34.624 0.082 0.068 0 0.068 0.008 1
34.702 0.068 0.078 0.002 0.076 0.012 1
34.822 0.122 0.076 0.002 0.074 0.012 1
34.908 0.076 0.086 0 0.086 0.01 1
34.978 0.086 0.07 0 0.07 0.008 1
35.082 0.106 0.068 0 0.068 0.008 1
35.16 0.068 0.078 0 0.076 0.012 1
35.236 0.078 0.076 0 0.076 0.004 1
35.342 0.112 0.07 0 0.07 0.008 1
35.416 0.07 0.074 0 0.074 0.008 1
35.488 0.074 0.072 0 0.072 0.01 1
35.592 0.1 0.076 0.002 0.074 0.01 1
35.672 0.076 0.08 0.002 0.078 0.008 1
35.734 0.08 0.062 0 0.062 0.004 1
35.806 0.062 0.072 0 0.072 0.012 1
35.882 0.072 0.076 0 0.076 0.008 1
35.982 0.1 0.076 0 0.076 0.008 1
36.06 0.076 0.078 0.002 0.074 0.008 1
36.136 0.078 0.076 0 0.076 0.008 1
36.216 0.076 0.08 0.002 0.078 0 1
36.294 0.08 0.078 0 0.078 0.008 1
36.378 0.078 0.084 0.002 0.082 0.008 1
36.456 0.084 0.078 0.002 0.076 0.008 1
36.532 0.078 0.076 0 0.076 0.01 1
36.608 0.076 0.076 0.002 0.074 0.008 1
36.686 0.076 0.078 0.002 0.074 0.008 1
36.766 0.078 0.08 0 0.08 0.008 1
36.832 0.08 0.066 0 0.066 0 1
36.942 0.098 0.078 0 0.078 0.008 1
37.09 0.078 0.148 0 0.148 0.008 1
37.244 0.148 0.154 0 0.154 0.008 1
37.422 0.184 0.148 0.002 0.146 0.008 1
37.568 0.148 0.146 0.002 0.144 0.008 1
37.718 0.146 0.15 0.002 0.148 0.008 1
37.876 0.18 0.128 0 0.128 0.006 1
38.052 0.158 0.146 0.002 0.144 0.008 1
38.186 0.146 0.134 0.002 0.132 0.008 1
38.33 0.134 0.144 0.002 0.142 0.008 1
38.51 0.184 0.14 0.002 0.138 0.008 1
38.652 0.14 0.142 0 0.142 0.012 1
38.79 0.178 0.102 0.002 0.1 0.008 1
38.9 0.102 0.11 0.002 0.106 0.006 1
39.04 0.146 0.104 0.002 0.102 0.008 1
39.114 0.104 0.074 0 0.074 0.008 1
39.184 0.074 0.07 0.002 0.068 0.004 1
39.266 0.07 0.082 0.002 0.08 0.008 1
39.396 0.13 0.082 0 0.082 0.01 1
39.472 0.082 0.076 0 0.076 0.008 1
39.55 0.076 0.078 0.002 0.076 0.01 1
39.636 0.078 0.086 0 0.086 0.01 1
39.714 0.086 0.078 0 0.078 0.012 1
39.778 0.078 0.064 0 0.062 0.008 1
39.85 0.064 0.072 0 0.072 0.01 1
39.924 0.072 0.074 0.002 0.072 0.008 1
39.998 0.074 0.074 0.002 0.072 0.008 1
40.072 0.074 0.074 0 0.074 0.008 1
40.144 0.074 0.072 0 0.07 0.006 1
40.228 0.072 0.084 0 0.084 0.006 1
40.338 0.12 0.074 0.002 0.072 0.01 1
40.404 0.074 0.066 0.002 0.064 0.008 1
40.478 0.066 0.074 0.002 0.072 0.01 1
40.606 0.124 0.078 0 0.076 0.01 1
40.678 0.078 0.072 0 0.072 0.012 1
40.748 0.072 0.07 0 0.07 0.01 1
40.812 0.07 0.064 0 0.064 0.01 1
40.882 0.064 0.07 0 0.07 0.006 1
40.952 0.07 0.07 0 0.07 0.01 1
41.024 0.072 0.07 0 0.07 0.008 1
41.158 0.116 0.088 0.002 0.084 0.014 1
41.236 0.088 0.078 0 0.078 0.012 1
41.312 0.078 0.076 0 0.076 0.012 1
41.396 0.076 0.084 0 0.084 0.012 1
41.462 0.084 0.066 0.004 0.062 0.002 1
41.598 0.114 0.088 0.002 0.086 0.014 1
41.666 0.088 0.068 0 0.066 0.008 1
41.742 0.068 0.076 0 0.076 0.014 1
41.822 0.076 0.08 0 0.08 0.012 1
41.9 0.08 0.078 0.002 0.076 0.014 1
42.026 0.132 0.072 0.002 0.07 0.012 1
42.102 0.074 0.074 0 0.072 0.016 1
42.176 0.074 0.074 0 0.074 0.016 1
42.25 0.074 0.074 0 0.074 0.016 1
42.318 0.074 0.068 0 0.068 0.014 1
42.392 0.068 0.074 0.002 0.072 0.014 1
42.474 0.074 0.082 0.002 0.08 0.018 1
42.55 0.082 0.076 0 0.076 0.018 1
42.63 0.076 0.08 0.002 0.076 0.018 1
42.7 0.08 0.07 0 0.07 0.016 1
42.768 0.07 0.068 0 0.068 0.01 1
42.844 0.068 0.076 0 0.074 0.014 1
42.908 0.076 0.064 0 0.064 0.016 1
43.022 0.106 0.072 0 0.072 0.016 1
43.084 0.072 0.062 0 0.06 0.012 1
43.152 0.062 0.068 0 0.068 0.008 1
43.224 0.068 0.072 0 0.072 0.012 1
43.298 0.072 0.074 0.002 0.072 0.01 1
43.366 0.074 0.068 0.002 0.064 0.01 1
43.436 0.068 0.07 0 0.07 0.008 1
43.564 0.124 0.074 0 0.074 0.012 1
43.638 0.074 0.074 0 0.074 0.012 1
43.71 0.074 0.072 0.002 0.07 0.012 1
43.774 0.072 0.064 0 0.064 0.01 1
43.9 0.122 0.068 0.002 0.066 0.01 1
43.968 0.068 0.068 0.002 0.064 0.01 1
44.032 0.068 0.064 0 0.064 0.01 1
44.098 0.064 0.066 0 0.066 0.01 1
44.166 0.066 0.068 0 0.068 0.01 1
44.238 0.068 0.072 0 0.07 0.01 1
44.302 0.072 0.064 0 0.064 0.01 1
44.366 0.064 0.064 0.002 0.062 0.008 1
44.434 0.064 0.068 0.002 0.066 0.008 1
44.5 0.068 0.066 0 0.066 0.01 1
44.562 0.066 0.062 0.002 0.06 0.008 1
44.632 0.062 0.07 0.002 0.068 0.008 1
44.702 0.07 0.07 0 0.07 0.01 1
44.766 0.07 0.064 0 0.064 0.01 1
44.824 0.064 0.058 0.002 0.054 0.01 1
44.926 0.094 0.066 0 0.066 0.01 1
45.004 0.068 0.076 0 0.076 0.01 1
45.072 0.076 0.068 0 0.068 0.01 1
45.14 0.068 0.068 0.002 0.066 0.01 1
45.202 0.068 0.062 0 0.062 0.01 1
45.278 0.062 0.076 0 0.076 0.018 1
45.394 0.126 0.066 0 0.066 0.01 1
45.462 0.066 0.068 0.002 0.066 0.01 1
45.532 0.068 0.07 0.002 0.066 0.01 1
45.6 0.07 0.068 0.002 0.066 0.01 1
45.678 0.068 0.078 0.002 0.076 0.012 1
45.792 0.128 0.064 0 0.064 0.01 1
45.868 0.066 0.074 0 0.074 0.014 1
45.942 0.074 0.074 0 0.074 0.016 1
46.016 0.074 0.074 0.002 0.072 0.012 1
46.084 0.074 0.068 0.002 0.066 0.012 1
46.158 0.068 0.074 0 0.072 0.012 1
46.236 0.074 0.078 0 0.078 0.01 1
46.31 0.078 0.074 0 0.074 0.012 1
46.392 0.074 0.082 0.002 0.08 0.016 1
46.47 0.082 0.078 0 0.078 0.016 1
46.54 0.078 0.07 0 0.07 0.014 1
46.612 0.07 0.072 0 0.072 0.012 1
46.674 0.072 0.062 0.002 0.06 0.012 1
46.804 0.102 0.09 0 0.09 0.014 1
46.894 0.092 0.088 0 0.088 0.02 1
46.978 0.088 0.084 0.002 0.082 0.02 1
47.06 0.084 0.082 0 0.082 0.018 1
47.128 0.082 0.068 0 0.068 0.01 1
47.258 0.118 0.08 0 0.08 0.018 1
47.348 0.08 0.09 0 0.09 0.028 1
47.444 0.09 0.096 0 0.096 0.026 1
47.54 0.096 0.096 0 0.096 0.03 1
47.636 0.096 0.096 0 0.094 0.026 1
47.77 0.148 0.082 0 0.082 0.022 1
47.854 0.082 0.084 0 0.084 0.022 1
47.934 0.084 0.08 0 0.08 0.028 1
48.034 0.08 0.1 0 0.098 0.032 1
48.132 0.1 0.098 0 0.098 0.034 1
48.232 0.098 0.1 0.002 0.098 0.032 1
48.388 0.16 0.096 0.002 0.094 0.036 1
48.47 0.096 0.082 0.002 0.08 0.022 1
48.562 0.082 0.092 0.002 0.09 0.028 1
48.648 0.092 0.086 0 0.086 0.03 1
48.734 0.086 0.086 0 0.084 0.03 1
48.818 0.086 0.084 0.002 0.082 0.026 1
48.908 0.084 0.09 0.002 0.088 0.032 1
48.992 0.09 0.084 0 0.084 0.026 1
49.076 0.084 0.084 0.002 0.082 0.03 1
49.164 0.084 0.088 0.002 0.086 0.024 1
49.264 0.088 0.1 0.002 0.098 0.034 1
49.354 0.1 0.09 0 0.088 0.032 1
49.442 0.09 0.088 0 0.088 0.03 1
49.586 0.14 0.092 0 0.092 0.032 1
49.712 0.092 0.126 0.002 0.124 0.064 1
49.82 0.126 0.108 0.002 0.104 0.054 1
49.942 0.108 0.122 0 0.122 0.062 1
50.122 0.182 0.12 0.002 0.118 0.064 1
50.256 0.12 0.134 0 0.132 0.074 1
50.388 0.134 0.132 0 0.13 0.076 1
50.518 0.132 0.13 0 0.13 0.074 1
50.708 0.176 0.144 0 0.144 0.09 1
50.85 0.144 0.142 0 0.142 0.088 1
50.986 0.142 0.136 0.002 0.134 0.088 1
51.186 0.19 0.146 0 0.146 0.092 1
51.324 0.146 0.138 0.002 0.136 0.096 1
51.472 0.138 0.148 0.002 0.146 0.094 1
51.688 0.21 0.154 0 0.154 0.1 1
51.836 0.154 0.148 0 0.148 0.098 1
52.05 0.204 0.158 0 0.158 0.112 1
52.222 0.158 0.172 0.002 0.17 0.122 1
52.4 0.172 0.178 0 0.178 0.122 1
52.578 0.178 0.178 0 0.178 0.12 1
52.798 0.226 0.172 0 0.172 0.12 1
52.982 0.174 0.182 0 0.18 0.13 1
53.168 0.182 0.186 0 0.186 0.136 1
53.432 0.248 0.202 0 0.202 0.16 1
53.638 0.202 0.206 0 0.206 0.16 1
53.85 0.206 0.212 0.002 0.208 0.156 1
54.13 0.276 0.216 0 0.214 0.168 1
54.402 0.272 0.216 0 0.214 0.17 1
54.584 0.216 0.182 0 0.182 0.148 1
54.788 0.182 0.204 0 0.204 0.158 1
55.074 0.29 0.2 0 0.2 0.164 1
55.284 0.2 0.21 0 0.21 0.17 1
55.586 0.29 0.222 0.002 0.22 0.184 1
55.768 0.222 0.182 0 0.182 0.154 1
56.058 0.26 0.212 0 0.21 0.182 1
56.214 0.212 0.156 0 0.154 0.128 1
56.372 0.156 0.158 0 0.158 0.126 1
56.63 0.248 0.168 0 0.168 0.14 1
56.666 0.168 0.036 0 0.036 0.024 1
56.712 0.036 0.046 0 0.046 0.034 1
56.76 0.046 0.048 0 0.048 0.034 1
56.802 0.048 0.042 0 0.042 0.028 1
56.852 0.046 0.046 0 0.046 0.034 1
56.906 0.05 0.05 0 0.05 0.038 1
56.948 0.052 0.04 0 0.04 0.028 1
57.088 0.132 0.048 0 0.048 0.034 1
57.136 0.048 0.048 0 0.048 0.036 1
57.136 0.048 0 0 0 0 1
57.154 0.018 0 0 0 0 1
57.204 0.05 0 0 0 0 1
57.256 0.052 0 0 0 0 1
57.304 0.048 0 0 0 0 1
57.356 0.05 0.002 0 0.002 0 1
57.404 0.05 0 0 0 0 1
57.454 0.05 0 0 0 0 1
57.506 0.052 0 0 0 0 1
57.556 0.048 0.002 0.002 0 0 1
57.688 0.134 0 0 0 0 1
57.702 0.01 0.004 0 0 0 1
57.75 0.05 0.002 0.002 0 0 1
57.798 0.05 0 0 0 0 1
57.85 0.05 0.002 0 0.002 0 1
57.9 0.05 0.002 0 0.002 0 1
57.944 0.044 0.002 0.002 0 0 1
57.992 0.05 0 0 0 0 1
58.044 0.052 0 0 0 0 1
58.094 0.05 0 0 0 0 1
58.18 0.086 0 0 0 0 1
58.23 0.048 0.002 0.002 0 0 1
58.28 0.05 0.002 0.002 0 0 1
58.33 0.052 0 0 0 0 1
58.38 0.048 0.002 0.002 0 0 1
58.43 0.052 0 0 0 0 1
58.48 0.05 0 0 0 0 1
58.53 0.05 0 0 0 0 1
58.58 0.048 0.002 0 0.002 0 1
58.63 0.052 0 0 0 0 1
58.68 0.05 0 0 0 0 1
58.726 0.046 0 0 0 0 1
58.778 0.052 0 0 0 0 1
58.828 0.048 0.002 0 0 0 1
58.878 0.052 0 0 0 0 1
58.928 0.048 0.002 0 0.002 0 1
58.976 0.05 0 0 0 0 1
59.026 0.05 0 0 0 0 1
59.076 0.05 0 0 0 0 1
59.126 0.048 0.002 0 0.002 0 1
59.176 0.05 0.002 0 0.002 0 1
59.226 0.05 0.002 0 0.002 0 1
59.276 0.05 0.002 0 0.002 0 1
59.32 0.046 0 0 0 0 1
59.37 0.05 0 0 0 0 1
59.42 0.048 0.002 0 0.002 0 1
59.47 0.052 0 0 0 0 1
59.52 0.05 0 0 0 0 1
59.644 0.124 0 0 0 0 1
59.664 0.018 0.002 0 0.002 0 1
59.714 0.052 0 0 0 0 1
59.766 0.05 0.002 0.002 0 0 1
59.816 0.052 0 0 0 0 1
59.868 0.05 0.002 0 0.002 0 1
59.914 0.048 0 0 0 0 1
59.968 0.054 0 0 0 0 1
60.018 0.05 0 0 0 0 1
60.068 0.05 0 0 0 0 1
60.17 0.1 0.002 0.002 0 0 1
60.206 0.038 0 0 0 0 1
60.256 0.048 0.002 0 0.002 0 1
60.308 0.052 0.002 0 0.002 0 1
60.36 0.052 0.002 0 0.002 0 1
60.408 0.05 0 0 0 0 1
60.46 0.05 0.002 0 0.002 0 1
60.51 0.052 0 0 0 0 1
60.562 0.05 0.002 0 0.002 0 1
60.61 0.05 0 0 0 0 1
60.66 0.05 0 0 0 0 1
60.784 0.124 0 0 0 0 1
60.804 0.018 0.002 0 0.002 0 1
60.854 0.05 0.002 0 0.002 0 1
60.902 0.05 0 0 0 0 1
60.952 0.05 0 0 0 0 1
61.004 0.05 0.002 0 0.002 0 1
61.054 0.052 0 0 0 0 1
61.106 0.05 0.002 0 0.002 0 1
61.15 0.044 0.002 0 0.002 0 1
61.198 0.048 0.002 0 0.002 0 1
61.24 0.044 0 0 0 0 1
61.292 0.052 0 0 0 0 1
61.344 0.052 0 0 0 0 1
61.392 0.048 0 0 0 0 1
61.446 0.052 0.002 0 0.002 0 1
61.494 0.05 0 0 0 0 1
61.544 0.05 0 0 0 0 1
61.592 0.048 0 0 0 0 1
61.644 0.052 0 0 0 0 1
61.694 0.05 0 0 0 0 1
61.744 0.05 0 0 0 0 1
61.794 0.05 0 0 0 0 1
61.844 0.05 0 0 0 0 1
61.896 0.05 0.002 0 0.002 0 1
61.944 0.05 0 0 0 0 1
61.994 0.05 0 0 0 0 1
62.044 0.048 0.002 0 0.002 0 1
62.092 0.05 0 0 0 0 1
62.19 0.096 0.002 0 0 0 1
62.234 0.046 0 0 0 0 1
62.286 0.052 0 0 0 0 1
62.338 0.05 0.002 0 0.002 0 1
62.388 0.05 0.002 0 0.002 0 1
62.438 0.05 0.002 0 0.002 0 1
62.488 0.052 0 0 0 0 1
62.538 0.05 0 0 0 0 1
62.59 0.05 0.002 0 0.002 0 1
62.64 0.05 0.002 0 0.002 0 1
62.69 0.05 0.002 0 0.002 0 1
62.74 0.05 0.002 0 0.002 0 1
62.864 0.126 0 0 0 0 1
62.872 0.008 0 0 0 0 1
62.922 0.05 0 0 0 0 1
62.972 0.048 0.002 0 0.002 0 1
63.024 0.054 0 0 0 0 1
63.076 0.05 0.002 0.002 0 0 1
63.126 0.052 0 0 0 0 1
63.176 0.05 0 0 0 0 1
63.228 0.052 0 0 0 0 1
63.278 0.05 0 0 0 0 1
63.328 0.05 0 0 0 0 1
63.38 0.05 0.002 0 0.002 0 1
63.428 0.05 0 0 0 0 1
63.48 0.05 0.002 0 0.002 0 1
63.53 0.05 0.002 0 0.002 0 1
63.648 0.118 0.002 0 0.002 0 1
63.668 0.022 0 0 0 0 1
63.718 0.048 0.002 0 0.002 0 1
63.768 0.05 0.002 0.002 0 0 1
63.82 0.052 0.002 0 0.002 0 1
63.868 0.05 0 0 0 0 1
63.918 0.05 0 0 0 0 1
63.97 0.05 0.002 0 0.002 0 1
64.02 0.05 0.002 0 0.002 0 1
64.062 0.044 0 0 0 0 1
64.112 0.05 0 0 0 0 1
64.162 0.05 0 0 0 0 1
64.284 0.12 0.002 0 0 0 1
64.298 0.016 0 0 0 0 1
64.35 0.05 0.002 0 0.002 0 1
64.404 0.056 0 0 0 0 1
64.452 0.046 0.002 0.002 0 0 1
64.504 0.052 0.002 0 0.002 0 1
64.554 0.05 0.002 0 0.002 0 1
64.604 0.052 0 0 0 0 1
64.656 0.05 0.002 0 0.002 0 1
64.698 0.044 0 0 0 0 1
64.846 0.148 0 0 0 0 1
64.886 0.04 0 0 0 0 1
64.938 0.05 0.002 0.002 0 0 1
64.986 0.05 0 0 0 0 1
65.036 0.05 0 0 0 0 1
65.088 0.052 0 0 0 0 1
65.14 0.05 0.002 0 0.002 0 1
65.19 0.052 0 0 0 0 1
65.234 0.044 0 0 0 0 1
65.282 0.048 0 0 0 0 1
65.332 0.05 0 0 0 0 1
65.382 0.05 0 0 0 0 1
65.432 0.05 0 0 0 0 1
65.526 0.092 0.002 0 0 0 1
65.53 0.006 0 0 0 0 1
65.57 0.04 0 0 0 0 1
65.626 0.056 0 0 0 0 1
65.674 0.048 0 0 0 0 1
65.722 0.046 0.002 0 0.002 0 1
65.77 0.05 0 0 0 0 1
65.822 0.052 0 0 0 0 1
65.872 0.048 0.002 0 0.002 0 1
65.92 0.05 0 0 0 0 1
65.968 0.046 0.002 0 0.002 0 1
66.018 0.052 0 0 0 0 1
66.07 0.052 0 0 0 0 1
66.2 0.128 0.002 0.002 0 0 1
66.216 0.016 0.002 0 0 0 1
66.266 0.05 0.002 0 0.002 0 1
66.318 0.05 0.004 0 0.002 0 1
66.368 0.052 0.002 0 0.002 0 1
66.418 0.052 0 0 0 0 1
66.47 0.05 0.002 0 0.002 0.002 1
66.518 0.05 0 0 0 0 1
66.568 0.048 0.002 0 0.002 0 1
66.618 0.05 0.002 0 0.002 0 1
66.668 0.05 0.002 0 0.002 0 1
66.718 0.05 0.002 0 0.002 0 1
66.768 0.05 0.002 0 0.002 0 1
66.818 0.052 0 0 0 0 1
66.868 0.048 0.002 0 0.002 0 1
66.914 0.048 0 0 0 0 1
67.024 0.106 0.004 0.002 0 0 1
67.048 0.028 0 0 0 0 1
67.1 0.052 0 0 0 0 1
67.152 0.052 0 0 0 0 1
67.206 0.052 0.002 0 0.002 0 1
67.254 0.05 0 0 0 0 1
67.308 0.052 0.002 0 0.002 0 1
67.354 0.048 0 0 0 0 1
67.4 0.046 0 0 0 0 1
67.452 0.052 0 0 0 0 1
67.504 0.05 0.002 0.002 0 0 1
67.634 0.13 0.002 0 0.002 0 1
67.684 0.05 0.002 0 0.002 0 1
67.736 0.054 0 0 0 0 1
67.79 0.052 0.002 0 0.002 0 1
67.842 0.052 0.002 0 0.002 0 1
67.894 0.052 0.002 0 0.002 0 1
67.944 0.052 0 0 0 0 1
67.994 0.05 0 0 0 0 1
68.044 0.05 0 0 0 0 1
68.096 0.05 0.002 0 0.002 0 1
68.142 0.048 0 0 0 0 1
68.196 0.054 0 0 0 0 1
68.248 0.05 0.002 0 0 0 1
68.382 0.134 0.002 0 0.002 0 1
68.388 0.008 0 0 0 0 1
68.434 0.046 0 0 0 0 1
68.488 0.054 0 0 0 0 1
68.538 0.05 0 0 0 0 1
68.586 0.048 0 0 0 0 1
68.632 0.046 0 0 0 0 1
68.682 0.048 0.002 0 0.002 0 1
68.73 0.05 0 0 0 0 1
68.782 0.052 0 0 0 0 1
68.832 0.05 0 0 0 0 1
68.884 0.05 0.002 0 0.002 0 1
68.934 0.05 0.002 0 0.002 0 1
68.982 0.05 0 0 0 0 1
69.114 0.13 0.002 0.002 0 0 1
69.118 0.004 0.002 0 0.002 0 1
69.17 0.054 0 0 0 0 1
69.224 0.052 0.002 0 0.002 0 1
69.276 0.052 0.002 0 0 0 1
69.326 0.05 0.002 0 0.002 0 1
69.378 0.052 0.002 0 0.002 0 1
69.428 0.052 0 0 0 0 1
69.48 0.05 0.002 0 0.002 0 1
69.526 0.048 0 0 0 0 1
69.578 0.05 0.002 0 0.002 0 1
69.628 0.05 0.002 0 0.002 0 1
69.676 0.05 0 0 0 0 1
69.726 0.05 0 0 0 0 1
69.778 0.052 0 0 0 0 1
69.884 0.106 0 0 0 0 1
69.91 0.026 0 0 0 0 1
69.966 0.054 0.002 0 0.002 0 1
70.012 0.048 0 0 0 0 1
70.064 0.05 0.002 0 0.002 0 1
70.116 0.052 0.002 0 0.002 0 1
70.166 0.05 0.002 0 0.002 0 1
70.214 0.05 0 0 0 0 1
70.264 0.05 0 0 0 0 1
70.316 0.052 0 0 0 0 1
70.364 0.046 0.002 0.002 0 0 1
70.41 0.048 0 0 0 0 1
70.462 0.052 0 0 0 0 1
70.61 0.146 0.002 0 0.002 0 1
70.642 0.034 0 0 0 0 1
70.68 0.038 0 0 0 0 1
70.736 0.054 0.002 0 0.002 0 1
70.79 0.054 0.002 0 0.002 0 1
70.844 0.054 0.002 0 0.002 0 1
70.896 0.054 0 0 0 0 1
70.942 0.046 0 0 0 0 1
70.994 0.05 0.002 0.002 0 0 1
71.042 0.05 0 0 0 0 1
71.092 0.05 0 0 0 0 1
71.142 0.048 0.002 0.002 0 0 1
71.25 0.108 0.002 0.002 0 0 1
71.282 0.032 0.002 0.002 0 0 1
71.332 0.052 0 0 0 0 1
71.382 0.05 0 0 0 0 1
71.436 0.052 0.002 0 0.002 0 1
71.484 0.05 0 0 0 0 1
71.536 0.048 0.004 0.002 0.002 0 1
71.58 0.046 0.002 0 0.002 0 1
71.63 0.052 0 0 0 0 1
71.68 0.05 0 0 0 0 1
71.722 0.04 0.002 0.002 0 0 1
71.772 0.052 0 0 0 0 1
71.886 0.112 0.002 0 0.002 0 1
71.908 0.022 0.002 0 0 0 1
71.958 0.05 0.002 0 0.002 0 1
72.008 0.052 0 0 0 0 1
72.05 0.04 0.002 0.002 0 0 1
72.102 0.052 0.002 0 0.002 0 1
72.148 0.046 0.002 0 0 0 1
72.194 0.048 0 0 0 0 1
72.246 0.05 0.002 0 0.002 0 1
72.298 0.052 0.002 0 0.002 0 1
72.348 0.052 0 0 0 0 1
72.4 0.05 0.002 0 0.002 0 1
72.446 0.048 0 0 0 0 1
72.498 0.052 0 0 0 0 1
72.544 0.046 0 0 0 0 1
72.6 0.056 0 0 0 0 1
72.69 0.09 0 0 0 0 1
72.692 0 0.002 0 0.002 0 1
72.742 0.05 0.002 0 0.002 0 1
72.788 0.048 0 0 0 0 1
72.838 0.05 0 0 0 0 1
72.89 0.052 0 0 0 0 1
72.94 0.048 0.002 0 0.002 0 1
72.988 0.05 0 0 0 0 1
73.04 0.052 0 0 0 0 1
73.088 0.048 0 0 0 0 1
73.138 0.05 0 0 0 0 1
73.19 0.052 0 0 0 0 1
73.24 0.05 0 0 0 0 1
73.292 0.05 0.002 0 0 0 1
73.34 0.05 0 0 0 0 1
73.436 0.094 0.002 0.002 0 0 1
73.466 0.032 0 0 0 0 1
73.514 0.046 0.002 0 0.002 0 1
73.564 0.052 0 0 0 0 1
73.616 0.05 0.002 0 0.002 0 1
73.664 0.05 0 0 0 0 1
73.716 0.052 0 0 0 0 1
73.76 0.044 0 0 0 0 1
73.808 0.048 0 0 0 0 1
73.862 0.054 0 0 0 0 1
73.914 0.05 0.002 0 0.002 0 1
73.962 0.05 0 0 0 0 1
74.014 0.05 0.002 0 0.002 0 1
74.058 0.046 0 0 0 0 1
74.196 0.138 0 0 0 0 1
74.248 0.05 0.002 0.002 0 0 1
74.3 0.054 0 0 0 0 1
74.352 0.052 0 0 0 0 1
74.404 0.052 0 0 0 0 1
74.45 0.046 0 0 0 0 1
74.502 0.05 0.002 0 0.002 0 1
74.552 0.052 0 0 0 0 1
74.602 0.05 0 0 0 0 1
74.65 0.048 0 0 0 0 1
74.7 0.048 0.002 0 0.002 0 1
74.75 0.052 0 0 0 0 1
74.796 0.046 0 0 0 0 1
74.85 0.052 0.002 0 0.002 0 1
74.9 0.052 0 0 0 0 1
74.95 0.05 0 0 0 0 1
75 0.05 0 0 0 0 1
75.05 0.05 0 0 0 0 1
75.102 0.052 0 0 0 0 1
75.15 0.048 0 0 0 0 1
75.202 0.05 0.002 0 0.002 0 1
75.248 0.048 0 0 0 0 1
75.296 0.048 0 0 0 0 1
75.338 0.042 0 0 0 0 1
75.38 0.042 0 0 0 0 1
75.438 0.056 0.002 0 0.002 0 1
75.49 0.052 0.002 0 0 0 1
75.54 0.052 0 0 0 0 1
75.588 0.048 0 0 0 0 1
75.71 0.122 0 0 0 0 1
75.722 0.01 0.002 0 0.002 0 1
75.774 0.054 0 0 0 0 1
75.828 0.052 0.002 0 0.002 0 1
75.878 0.052 0 0 0 0 1
75.926 0.046 0.002 0.002 0 0 1
75.978 0.052 0.002 0 0.002 0 1
76.028 0.052 0 0 0 0 1
76.078 0.05 0 0 0 0 1
76.13 0.05 0.002 0 0.002 0 1
76.178 0.05 0 0 0 0 1
76.228 0.05 0 0 0 0 1
76.278 0.05 0 0 0 0 1
76.394 0.114 0.002 0 0.002 0 1
76.422 0.03 0 0 0 0 1
76.476 0.052 0.002 0 0.002 0 1
76.526 0.052 0 0 0 0 1
76.568 0.042 0 0 0 0 1
76.622 0.052 0.002 0 0.002 0 1
76.67 0.05 0 0 0 0 1
76.722 0.052 0 0 0 0 1
76.774 0.05 0.002 0 0.002 0 1
76.824 0.05 0.002 0.002 0 0 1
76.876 0.052 0.002 0 0 0 1
76.922 0.046 0.002 0.002 0 0 1
76.97 0.05 0 0 0 0 1
77.02 0.05 0 0 0 0 1
77.17 0.148 0.002 0.002 0 0 1
77.216 0.048 0 0 0 0 1
77.268 0.052 0 0 0 0 1
77.314 0.044 0.002 0.002 0 0 1
77.366 0.052 0.002 0.002 0 0 1
77.418 0.052 0.002 0 0.002 0 1
77.468 0.052 0 0 0 0 1
77.52 0.05 0.002 0 0.002 0 1
77.568 0.048 0.002 0 0 0 1
77.618 0.05 0.002 0 0.002 0 1
77.666 0.05 0 0 0 0 1
77.718 0.05 0.002 0 0.002 0 1
77.768 0.05 0.002 0.002 0 0 1
77.818 0.052 0 0 0 0 1
77.868 0.048 0.002 0 0.002 0 1
77.91 0.044 0 0 0 0 1
77.962 0.05 0.002 0.002 0 0 1
78.012 0.052 0 0 0 0 1
78.066 0.052 0.002 0 0.002 0 1
78.116 0.052 0 0 0 0 1
78.166 0.05 0 0 0 0 1
78.218 0.05 0.002 0 0.002 0 1
78.268 0.052 0 0 0 0 1
78.318 0.05 0 0 0 0 1
78.366 0.048 0 0 0 0 1
78.416 0.05 0 0 0 0 1
78.466 0.05 0 0 0 0 1
78.516 0.05 0 0 0 0 1
78.602 0.082 0.004 0 0.004 0 1
78.604 0.004 0.002 0 0.002 0 1
78.652 0.05 0 0 0 0 1
78.708 0.054 0.002 0 0.002 0 1
78.756 0.048 0.002 0.002 0 0 1
78.808 0.052 0.002 0 0 0 1
78.856 0.05 0 0 0 0 1
78.908 0.05 0.002 0 0.002 0 1
78.958 0.052 0 0 0 0 1
79.006 0.048 0 0 0 0 1
79.058 0.05 0.002 0 0 0 1
79.106 0.05 0 0 0 0 1
79.224 0.118 0 0 0 0 1
79.238 0.012 0.002 0 0.002 0 1
79.284 0.048 0 0 0 0 1
79.336 0.052 0 0 0 0 1
79.39 0.052 0.002 0 0.002 0 1
79.44 0.052 0 0 0 0 1
79.49 0.05 0 0 0 0 1
79.542 0.052 0 0 0 0 1
79.594 0.05 0.002 0 0 0 1
79.636 0.044 0 0 0 0 1
79.688 0.05 0.002 0 0 0 1
79.736 0.05 0 0 0 0 1
79.846 0.11 0 0 0 0 1
79.87 0.024 0 0 0 0 1
79.922 0.052 0 0 0 0 1
79.966 0.044 0 0 0 0 1
80.018 0.05 0.002 0 0.002 0 1
80.068 0.052 0 0 0 0 1
80.114 0.046 0 0 0 0 1
80.166 0.05 0.002 0 0.002 0 1
80.216 0.05 0.002 0 0.002 0 1
80.264 0.05 0 0 0 0 1
80.314 0.05 0 0 0 0 1
80.356 0.04 0.002 0 0.002 0 1
80.404 0.05 0 0 0 0 1
80.456 0.052 0 0 0 0 1
80.548 0.092 0 0 0 0 1
80.574 0.026 0 0 0 0 1
80.63 0.056 0 0 0 0 1
80.678 0.048 0 0 0 0 1
80.73 0.05 0.002 0 0.002 0 1
80.78 0.052 0 0 0 0 1
80.828 0.048 0 0 0 0 1
80.878 0.048 0.002 0 0.002 0 1
80.926 0.048 0.002 0 0.002 0 1
80.974 0.05 0 0 0 0 1
81.024 0.05 0 0 0 0 1
81.072 0.048 0 0 0 0 1
81.2 0.128 0 0 0 0 1
81.206 0.004 0.002 0 0.002 0 1
81.254 0.05 0 0 0 0 1
81.308 0.054 0 0 0 0 1
81.36 0.052 0 0 0 0 1
81.412 0.052 0 0 0 0 1
81.464 0.05 0.002 0 0.002 0 1
81.512 0.05 0 0 0 0 1
81.564 0.05 0.002 0.002 0 0 1
81.614 0.052 0 0 0 0 1
81.662 0.046 0.002 0 0.002 0 1
81.714 0.052 0.002 0 0.002 0 1
81.764 0.052 0 0 0 0 1
81.866 0.1 0.002 0 0 0 1
81.902 0.038 0 0 0 0 1
81.944 0.042 0 0 0 0 1
81.99 0.044 0.002 0 0.002 0 1
82.04 0.052 0 0 0 0 1
82.09 0.05 0 0 0 0 1
82.136 0.046 0 0 0 0 1
82.184 0.048 0 0 0 0 1
82.232 0.048 0 0 0 0 1
82.284 0.052 0 0 0 0 1
82.334 0.05 0 0 0 0 1
82.38 0.046 0 0 0 0 1
82.432 0.052 0 0 0 0 1
82.482 0.05 0 0 0 0 1
82.526 0.044 0 0 0 0 1
82.574 0.046 0.002 0.002 0 0 1
82.682 0.11 0 0 0 0 1
82.726 0.044 0 0 0 0 1
82.778 0.052 0 0 0 0 1
82.828 0.05 0 0 0 0 1
82.882 0.052 0.002 0 0.002 0 1
82.924 0.044 0 0 0 0 1
82.974 0.05 0 0 0 0 1
83.024 0.05 0 0 0 0 1
83.072 0.048 0 0 0 0 1
83.116 0.042 0.002 0 0.002 0 1
83.164 0.05 0 0 0 0 1
83.216 0.052 0 0 0 0 1
83.358 0.14 0.002 0 0 0 1
83.366 0.008 0.002 0 0.002 0 1
83.414 0.048 0.002 0 0.002 0 1
83.464 0.052 0 0 0 0 1
83.512 0.048 0 0 0 0 1
83.554 0.042 0 0 0 0 1
83.608 0.052 0.002 0 0.002 0 1
83.658 0.052 0 0 0 0 1
83.704 0.046 0 0 0 0 1
83.75 0.046 0 0 0 0 1
83.8 0.05 0 0 0 0 1
83.85 0.05 0 0 0 0 1
83.902 0.052 0 0 0 0 1
83.954 0.05 0.002 0 0.002 0 1
84.064 0.112 0 0 0 0 1
84.066 0 0.002 0 0.002 0 1
84.116 0.052 0 0 0 0 1
84.17 0.052 0.002 0.002 0 0 1
84.222 0.054 0 0 0 0 1
84.276 0.054 0 0 0 0 1
84.328 0.05 0.002 0.002 0 0 1
84.38 0.052 0.002 0 0.002 0 1
84.43 0.052 0 0 0 0 1
84.484 0.054 0 0 0 0 1
84.534 0.05 0 0 0 0 1
84.584 0.05 0 0 0 0 1
84.634 0.05 0 0 0 0 1
84.724 0.09 0 0 0 0 1
84.728 0.004 0 0 0 0 1
84.778 0.05 0 0 0 0 1
84.83 0.052 0 0 0 0 1
84.88 0.05 0 0 0 0 1
84.93 0.05 0 0 0 0 1
84.982 0.05 0.002 0 0.002 0 1
85.032 0.05 0.002 0 0.002 0 1
85.078 0.048 0 0 0 0 1
85.118 0.04 0 0 0 0 1
85.168 0.048 0.002 0 0.002 0 1
85.216 0.048 0.002 0 0.002 0 1
85.262 0.048 0 0 0 0 1
85.308 0.046 0 0 0 0 1
85.36 0.052 0 0 0 0 1
85.488 0.128 0 0 0 0 1
85.498 0 0.01 0.008 0.002 0 1
85.548 0.06 0 0 0 0 1
85.6 0.05 0.002 0.002 0 0 1
85.65 0.052 0 0 0 0 1
85.7 0.05 0 0 0 0 1
85.75 0.05 0 0 0 0 1
85.804 0.052 0.002 0 0 0 1
85.854 0.05 0.002 0 0.002 0 1
85.904 0.05 0.002 0 0.002 0 1
85.954 0.05 0.002 0 0.002 0 1
86.004 0.052 0 0 0 0 1
86.046 0.042 0 0 0 0 1
86.096 0.05 0 0 0 0 1
86.214 0.118 0 0 0 0 1
86.24 0.024 0.002 0 0.002 0.002 1
86.29 0.052 0 0 0 0 1
86.342 0.052 0 0 0 0 1
86.394 0.05 0.002 0 0.002 0 1
86.44 0.046 0.002 0.002 0 0 1
86.488 0.05 0 0 0 0 1
86.538 0.05 0 0 0 0 1
86.59 0.052 0 0 0 0 1
86.642 0.05 0.002 0 0.002 0 1
86.688 0.048 0 0 0 0 1
86.808 0.118 0.002 0.002 0 0 1
86.826 0.02 0 0 0 0 1
86.878 0.052 0 0 0 0 1
86.932 0.052 0.002 0 0.002 0 1
86.98 0.05 0 0 0 0 1
87.028 0.048 0 0 0 0 1
87.084 0.056 0 0 0 0 1
87.132 0.046 0.002 0 0 0 1
87.182 0.052 0 0 0 0 1
87.232 0.05 0 0 0 0 1
87.28 0.048 0 0 0 0 1
87.332 0.05 0.002 0 0.002 0 1
87.38 0.05 0 0 0 0 1
87.43 0.05 0 0 0 0 1
87.48 0.05 0 0 0 0 1
87.53 0.05 0 0 0 0 1
87.582 0.05 0.002 0 0.002 0 1
87.63 0.05 0 0 0 0 1
87.68 0.05 0 0 0 0 1
87.73 0.05 0 0 0 0 1
87.778 0.048 0 0 0 0 1
87.828 0.05 0 0 0 0 1
87.874 0.046 0 0 0 0 1
87.918 0.042 0.002 0 0 0 1
87.968 0.05 0.002 0 0.002 0 1
88.014 0.048 0 0 0 0 1
88.066 0.05 0.002 0 0.002 0 1
88.12 0.054 0.002 0 0.002 0 1
88.252 0.134 0 0 0 0 1
88.296 0.042 0.002 0 0.002 0 1
88.348 0.054 0 0 0 0 1
88.4 0.05 0.002 0.002 0 0 1
88.452 0.052 0.002 0 0.002 0 1
88.504 0.052 0.002 0 0.002 0 1
88.548 0.046 0 0 0 0 1
88.6 0.05 0.002 0 0.002 0 1
88.646 0.048 0 0 0 0 1
88.7 0.052 0.002 0 0.002 0 1
88.75 0.052 0 0 0 0 1
88.8 0.05 0 0 0 0 1
88.852 0.05 0.002 0 0.002 0 1
88.992 0.142 0 0 0 0 1
88.996 0.004 0 0 0 0 1
89.04 0.044 0 0 0 0 1
89.088 0.048 0 0 0 0 1
89.138 0.05 0 0 0 0 1
89.19 0.052 0 0 0 0 1
89.242 0.05 0.002 0 0.002 0 1
89.292 0.052 0 0 0 0 1
89.344 0.052 0 0 0 0 1
89.392 0.048 0 0 0 0 1
89.44 0.046 0.002 0 0.002 0 1
89.49 0.052 0 0 0 0 1
89.536 0.046 0 0 0 0 1
89.584 0.048 0 0 0 0 1
89.636 0.05 0.002 0 0.002 0 1
89.684 0.05 0 0 0 0 1
89.734 0.05 0 0 0 0 1
89.784 0.05 0 0 0 0 1
89.834 0.05 0 0 0 0 1
89.886 0.05 0.002 0 0.002 0 1
89.936 0.05 0.002 0 0.002 0 1
89.978 0.044 0 0 0 0 1
90.028 0.05 0 0 0 0 1
90.072 0.044 0 0 0 0 1
90.124 0.052 0 0 0 0 1
90.172 0.048 0 0 0 0 1
90.222 0.05 0 0 0 0 1
90.274 0.05 0.002 0 0.002 0 1
90.426 0.152 0.002 0 0.002 0 1
90.47 0.046 0 0 0 0 1
90.52 0.05 0 0 0 0 1
90.57 0.05 0 0 0 0 1
90.62 0.048 0.002 0.002 0 0 1
90.67 0.052 0 0 0 0 1
90.72 0.05 0 0 0 0 1
90.77 0.05 0 0 0 0 1
90.82 0.05 0 0 0 0 1
90.87 0.05 0 0 0 0 1
90.92 0.048 0.002 0 0.002 0 1
90.97 0.05 0.002 0 0 0 1
91.02 0.05 0.002 0 0.002 0 1
91.158 0.138 0.002 0 0.002 0 1
91.166 0.01 0 0 0 0 1
91.214 0.046 0.002 0 0.002 0 1
91.262 0.05 0 0 0 0 1
91.314 0.052 0 0 0 0 1
91.364 0.05 0 0 0 0 1
91.408 0.044 0 0 0 0 1
91.464 0.054 0.002 0 0.002 0 1
91.508 0.046 0 0 0 0 1
91.558 0.048 0.002 0 0.002 0 1
91.606 0.05 0 0 0 0 1
91.656 0.05 0 0 0 0 1
91.706 0.05 0 0 0 0 1
91.758 0.052 0 0 0 0 1
91.808 0.048 0.002 0.002 0 0 1
91.912 0.104 0.002 0 0.002 0 1
91.948 0.036 0.002 0 0.002 0 1
91.99 0.044 0 0 0 0 1
92.042 0.052 0 0 0 0 1
92.096 0.052 0.002 0 0.002 0 1
92.148 0.052 0.002 0 0.002 0 1
92.194 0.048 0 0 0 0 1
92.246 0.052 0 0 0 0 1
92.292 0.046 0 0 0 0 1
92.344 0.05 0.002 0 0.002 0 1
92.394 0.05 0.002 0 0.002 0 1
92.44 0.048 0 0 0 0 1
92.488 0.048 0 0 0 0 1
92.542 0.048 0.006 0.006 0 0 1
92.59 0.054 0 0 0 0 1
92.634 0.044 0 0 0 0 1
92.774 0.138 0.002 0 0 0 1
92.784 0.01 0.002 0 0 0 1
92.84 0.056 0.002 0 0.002 0 1
92.876 0.038 0 0 0 0 1
92.924 0.048 0 0 0 0 1
92.972 0.048 0 0 0 0 1
93.022 0.05 0 0 0 0 1
93.076 0.052 0.002 0 0.002 0 1
93.126 0.052 0 0 0 0 1
93.168 0.042 0 0 0 0 1
93.218 0.048 0.002 0 0 0 1
93.262 0.046 0 0 0 0 1
93.312 0.048 0.002 0 0 0 1
93.434 0.122 0.002 0 0.002 0 1
93.46 0.028 0 0 0 0 1
93.51 0.05 0 0 0 0 1
93.562 0.05 0.002 0 0.002 0 1
93.612 0.052 0 0 0 0 1
93.664 0.05 0.002 0 0.002 0 1
93.712 0.05 0 0 0 0 1
93.764 0.052 0 0 0 0 1
93.814 0.05 0 0 0 0 1
93.864 0.05 0 0 0 0 1
93.914 0.05 0 0 0 0 1
93.96 0.046 0 0 0 0 1
94.008 0.046 0.002 0 0.002 0 1
94.134 0.126 0.002 0 0 0 1
94.14 0.008 0 0 0 0 1
94.192 0.05 0.002 0 0.002 0 1
94.236 0.044 0.002 0 0 0 1
94.288 0.054 0 0 0 0 1
94.334 0.046 0 0 0 0 1
94.386 0.052 0 0 0 0 1
94.43 0.044 0 0 0 0 1
94.482 0.052 0 0 0 0 1
94.536 0.052 0.002 0 0.002 0 1
94.586 0.052 0 0 0 0 1
94.638 0.052 0 0 0 0 1
94.69 0.05 0.002 0 0.002 0 1
94.74 0.052 0 0 0 0 1
94.844 0.104 0 0 0 0 1
94.87 0.026 0 0 0 0 1
94.922 0.052 0 0 0 0 1
94.972 0.05 0 0 0 0 1
95.026 0.054 0 0 0 0 1
95.078 0.052 0 0 0 0 1
95.126 0.048 0 0 0 0 1
95.178 0.052 0 0 0 0 1
95.226 0.048 0 0 0 0 1
95.276 0.05 0 0 0 0 1
95.33 0.052 0.002 0 0.002 0 1
95.374 0.046 0 0 0 0 1
95.508 0.132 0.002 0 0.002 0 1
95.512 0.006 0 0 0 0 1
95.566 0.054 0 0 0 0 1
95.62 0.052 0.002 0 0 0 1
95.672 0.052 0.002 0 0.002 0 1
95.722 0.052 0 0 0 0 1
95.774 0.052 0 0 0 0 1
95.826 0.05 0.002 0 0.002 0 1
95.876 0.052 0 0 0 0 1
95.928 0.05 0.002 0 0 0 1
95.978 0.05 0.002 0 0.002 0 1
96.112 0.136 0 0 0 0 1
96.12 0.006 0.002 0 0.002 0 1
96.168 0.05 0 0 0 0 1
96.22 0.05 0.002 0 0.002 0 1
96.27 0.05 0.002 0 0.002 0 1
96.32 0.05 0.002 0.002 0 0 1
96.37 0.05 0.002 0 0.002 0 1
96.42 0.05 0.002 0 0 0 1
96.47 0.05 0.002 0.002 0 0 1
96.518 0.048 0.002 0 0.002 0 1
96.568 0.05 0.002 0.002 0 0 1
96.616 0.05 0 0 0 0 1
96.766 0.148 0.002 0 0 0 1
96.81 0.046 0 0 0 0 1
96.862 0.05 0.002 0 0.002 0 1
96.912 0.052 0 0 0 0 1
96.96 0.048 0 0 0 0 1
97.01 0.05 0 0 0 0 1
97.062 0.05 0.002 0 0.002 0 1
97.11 0.05 0 0 0 0 1
97.156 0.046 0 0 0 0 1
97.21 0.052 0.002 0 0.002 0 1
97.26 0.05 0.002 0 0 0 1
97.382 0.122 0.002 0.002 0 0 1
97.404 0.022 0.002 0 0.002 0 1
97.452 0.05 0 0 0 0 1
97.504 0.05 0.002 0 0.002 0 1
97.55 0.048 0 0 0 0 1
97.604 0.054 0 0 0 0 1
97.654 0.05 0 0 0 0 1
97.704 0.05 0 0 0 0 1
97.756 0.052 0 0 0 0 1
97.806 0.05 0 0 0 0 1
97.854 0.046 0.002 0 0.002 0 1
98.012 0.158 0.002 0 0 0 1
98.044 0.034 0 0 0 0 1
98.086 0.042 0 0 0 0 1
98.138 0.05 0.002 0 0.002 0 1
98.188 0.052 0 0 0 0 1
98.238 0.05 0 0 0 0 1
98.288 0.05 0 0 0 0 1
98.338 0.05 0 0 0 0 1
98.388 0.05 0 0 0 0 1
98.438 0.05 0 0 0 0 1
98.488 0.05 0 0 0 0 1
98.538 0.05 0 0 0 0 1
98.586 0.046 0.002 0 0 0 1
98.634 0.05 0 0 0 0 1
98.684 0.05 0 0 0 0 1
98.734 0.05 0 0 0 0 1
98.776 0.04 0.002 0.002 0 0 1
98.824 0.05 0 0 0 0 1
98.876 0.05 0.002 0 0.002 0 1
98.924 0.05 0 0 0 0 1
98.976 0.05 0.002 0 0.002 0 1
99.026 0.05 0.002 0 0.002 0 1
99.076 0.05 0.002 0 0.002 0 1
99.116 0.042 0 0 0 0 1
99.166 0.05 0 0 0 0 1
99.304 0.136 0.002 0 0 0 1
99.306 0.002 0.002 0 0.002 0 1
99.356 0.052 0 0 0 0 1
99.406 0.05 0 0 0 0 1
99.456 0.05 0 0 0 0 1
99.506 0.05 0 0 0 0 1
99.556 0.05 0 0 0 0 1
99.606 0.05 0 0 0 0 1
99.656 0.048 0.002 0 0.002 0 1
99.704 0.048 0.002 0 0.002 0 1
99.754 0.05 0.002 0 0.002 0 1
99.802 0.05 0 0 0 0 1
99.852 0.05 0 0 0 0 1
99.992 0.14 0 0 0 0 1
99.998 0.006 0 0 0 0 1
100.052 0.054 0 0 0 0 1
100.1 0.046 0.002 0 0.002 0 1
100.15 0.052 0 0 0 0 1
100.202 0.05 0.002 0 0.002 0 1
100.25 0.05 0 0 0 0 1
100.296 0.046 0 0 0 0 1
100.344 0.048 0 0 0 0 1
100.396 0.05 0.002 0 0.002 0 1
100.44 0.044 0.002 0.002 0 0 1
100.488 0.05 0 0 0 0 1
100.538 0.05 0 0 0 0 1
100.588 0.05 0 0 0 0 1
100.75 0.16 0.002 0 0.002 0 1
100.782 0.034 0 0 0 0 1
100.832 0.05 0 0 0 0 1
100.884 0.052 0 0 0 0 1
100.934 0.05 0 0 0 0 1
100.984 0.05 0 0 0 0 1
101.036 0.052 0 0 0 0 1
101.086 0.05 0 0 0 0 1
101.138 0.05 0.002 0 0.002 0 1
101.188 0.05 0.002 0 0.002 0 1
101.238 0.05 0.002 0.002 0 0 1
101.288 0.052 0 0 0 0 1
101.338 0.05 0 0 0 0 1
101.454 0.114 0.002 0 0 0 1
101.478 0.026 0 0 0 0 1
101.53 0.05 0.002 0.002 0 0 1
101.58 0.052 0 0 0 0 1
101.632 0.05 0.002 0 0.002 0 1
101.682 0.052 0 0 0 0 1
101.732 0.05 0 0 0 0 1
101.782 0.05 0 0 0 0 1
101.834 0.05 0.002 0 0.002 0 1
101.882 0.05 0 0 0 0 1
101.932 0.048 0.002 0 0.002 0 1
101.98 0.048 0.002 0 0.002 0 1
102.088 0.108 0.002 0.002 0 0 1
102.118 0.03 0.002 0.002 0 0 1
102.17 0.054 0 0 0 0 1
102.222 0.052 0 0 0 0 1
102.274 0.05 0.002 0 0.002 0 1
102.324 0.052 0 0 0 0 1
102.368 0.044 0 0 0 0 1
102.422 0.054 0 0 0 0 1
102.474 0.05 0.002 0 0.002 0 1
102.522 0.05 0 0 0 0 1
102.574 0.052 0 0 0 0 1
102.622 0.048 0 0 0 0 1
102.674 0.05 0.002 0 0.002 0 1
102.724 0.05 0.002 0 0.002 0 1
102.846 0.124 0 0 0 0 1
102.866 0.018 0.002 0 0.002 0 1
102.916 0.05 0.002 0.002 0 0 1
102.966 0.052 0 0 0 0 1
103.02 0.052 0.002 0 0.002 0 1
103.068 0.048 0.002 0 0.002 0 1
103.116 0.05 0 0 0 0 1
103.166 0.05 0 0 0 0 1
103.22 0.052 0.002 0 0.002 0 1
103.268 0.05 0 0 0 0 1
103.32 0.052 0 0 0 0 1
103.43 0.108 0.002 0 0.002 0 1
103.458 0.028 0.002 0 0 0 1
103.506 0.05 0 0 0 0 1
103.552 0.046 0 0 0 0 1
103.606 0.052 0.002 0 0.002 0 1
103.656 0.05 0.002 0 0.002 0 1
103.706 0.052 0 0 0 0 1
103.758 0.052 0 0 0 0 1
103.81 0.05 0.002 0 0.002 0 1
103.86 0.052 0 0 0 0 1
103.912 0.05 0.002 0 0.002 0 1
103.962 0.05 0.002 0 0 0 1
104.01 0.05 0 0 0 0 1
104.062 0.05 0.002 0.002 0 0 1
104.164 0.102 0.002 0 0 0 1
104.184 0.02 0.002 0.002 0 0 1
104.234 0.052 0 0 0 0 1
104.286 0.052 0 0 0 0 1
104.338 0.05 0.002 0 0.002 0 1
104.386 0.05 0 0 0 0 1
104.438 0.052 0 0 0 0 1
104.49 0.052 0 0 0 0 1
104.53 0.04 0 0 0 0 1
104.578 0.046 0.002 0 0.002 0 1
104.628 0.052 0 0 0 0 1
104.68 0.052 0 0 0 0 1
104.82 0.138 0.002 0 0.002 0 1
104.822 0.002 0.002 0 0 0 1
104.872 0.05 0.002 0 0.002 0 1
104.924 0.052 0.002 0 0.002 0 1
104.976 0.052 0.002 0 0.002 0 1
105.018 0.044 0 0 0 0 1
105.066 0.048 0 0 0 0 1
105.116 0.05 0 0 0 0 1
105.166 0.05 0 0 0 0 1
105.218 0.052 0 0 0 0 1
105.27 0.05 0.002 0 0.002 0 1
105.32 0.05 0.002 0 0.002 0 1
105.37 0.05 0.002 0 0.002 0 1
105.492 0.122 0.002 0 0.002 0 1
105.506 0.014 0.002 0.002 0 0 1
105.56 0.054 0.002 0 0.002 0 1
105.61 0.052 0 0 0 0 1
105.662 0.052 0 0 0 0 1
105.712 0.05 0 0 0 0 1
105.764 0.05 0.002 0 0.002 0 1
105.816 0.052 0.002 0 0.002 0 1
105.864 0.05 0 0 0 0 1
105.908 0.044 0 0 0 0 1
105.958 0.05 0 0 0 0 1
106.002 0.044 0 0 0 0 1
106.054 0.052 0 0 0 0 1
106.138 0.08 0.004 0 0.004 0 1
106.15 0.012 0.004 0 0.002 0 1
106.192 0.046 0 0 0 0 1
106.24 0.046 0.002 0 0.002 0 1
106.292 0.052 0.002 0 0.002 0 1
106.348 0.058 0 0 0 0 1
106.39 0.042 0 0 0 0 1
106.446 0.056 0 0 0 0 1
106.498 0.05 0.002 0 0.002 0 1
106.548 0.052 0 0 0 0 1
106.598 0.05 0 0 0 0 1
106.64 0.042 0 0 0 0 1
106.692 0.052 0 0 0 0 1
106.742 0.05 0 0 0 0 1
106.794 0.052 0 0 0 0 1
106.89 0.094 0.002 0 0.002 0 1
106.932 0.042 0.002 0.002 0 0 1
106.982 0.052 0 0 0 0 1
107.032 0.05 0 0 0 0 1
107.084 0.052 0 0 0 0 1
107.128 0.044 0 0 0 0 1
107.176 0.048 0 0 0 0 1
107.226 0.05 0 0 0 0 1
107.276 0.05 0 0 0 0 1
107.326 0.05 0 0 0 0 1
107.374 0.048 0 0 0 0 1
107.49 0.116 0 0 0 0 1
107.512 0.022 0 0 0 0 1
107.564 0.052 0 0 0 0 1
107.618 0.054 0 0 0 0 1
107.67 0.05 0.002 0.002 0 0 1
107.72 0.052 0 0 0 0 1
107.772 0.052 0 0 0 0 1
107.822 0.05 0 0 0 0 1
107.872 0.048 0.002 0 0.002 0 1
107.922 0.052 0 0 0 0 1
107.972 0.048 0.002 0 0.002 0 1
108.02 0.05 0 0 0 0 1
108.174 0.152 0.002 0 0 0 1
108.216 0.044 0 0 0 0 1
108.27 0.054 0 0 0 0 1
108.318 0.046 0.002 0 0.002 0 1
108.368 0.052 0 0 0 0 1
108.42 0.05 0.002 0 0.002 0 1
108.47 0.052 0 0 0 0 1
108.52 0.05 0 0 0 0 1
108.572 0.052 0 0 0 0 1
108.62 0.048 0 0 0 0 1
108.67 0.05 0 0 0 0 1
108.72 0.05 0 0 0 0 1
108.818 0.096 0.002 0 0 0 1
108.852 0.036 0 0 0 0 1
108.906 0.054 0 0 0 0 1
108.96 0.052 0.002 0 0.002 0.002 1
109.006 0.048 0 0 0 0 1
109.058 0.052 0 0 0 0 1
109.11 0.052 0 0 0 0 1
109.164 0.052 0.002 0 0.002 0 1
109.212 0.05 0 0 0 0 1
109.262 0.05 0 0 0 0 1
109.312 0.05 0 0 0 0 1
109.424 0.11 0.002 0.002 0 0 1
109.454 0.026 0.006 0.004 0 0 1
109.504 0.054 0.002 0 0.002 0 1
109.556 0.052 0.002 0 0.002 0 1
109.604 0.05 0 0 0 0 1
109.656 0.052 0 0 0 0 1
109.706 0.05 0 0 0 0 1
109.756 0.05 0 0 0 0 1
109.808 0.048 0.004 0.004 0 0 1
109.858 0.054 0 0 0 0 1
109.91 0.05 0.002 0 0.002 0 1
109.96 0.05 0.002 0.002 0 0 1
110.01 0.052 0 0 0 0 1
110.058 0.046 0.002 0.002 0 0 1
110.108 0.052 0 0 0 0 1
110.236 0.128 0 0 0 0 1
110.24 0.002 0.002 0.002 0 0 1
110.294 0.054 0.002 0 0.002 0 1
110.346 0.052 0.002 0 0 0 1
110.398 0.052 0.002 0 0.002 0 1
110.448 0.052 0 0 0 0 1
110.498 0.05 0 0 0 0 1
110.548 0.05 0 0 0 0 1
110.598 0.05 0 0 0 0 1
110.65 0.052 0 0 0 0 1
110.7 0.05 0 0 0 0 1
110.75 0.048 0.002 0.002 0 0 1
110.8 0.052 0 0 0 0 1
110.85 0.05 0 0 0 0 1
110.9 0.05 0 0 0 0 1
110.982 0.082 0 0 0 0 1
110.99 0.008 0 0 0 0 1
111.038 0.046 0.002 0 0.002 0 1
111.088 0.052 0 0 0 0 1
111.134 0.046 0 0 0 0 1
111.184 0.05 0 0 0 0 1
111.232 0.048 0 0 0 0 1
111.284 0.052 0 0 0 0 1
111.336 0.052 0 0 0 0 1
111.388 0.05 0.002 0 0.002 0 1
111.438 0.052 0 0 0 0 1
111.49 0.05 0.002 0 0 0 1
111.54 0.05 0.002 0 0.002 0 1
111.686 0.146 0.002 0 0.002 0 1
111.688 0.004 0 0 0 0 1
111.728 0.04 0 0 0 0 1
111.78 0.052 0 0 0 0 1
111.832 0.052 0 0 0 0 1
111.882 0.05 0 0 0 0 1
111.936 0.052 0.002 0 0.002 0 1
111.986 0.052 0 0 0 0 1
112.038 0.05 0.002 0 0 0 1
112.086 0.048 0.002 0 0.002 0 1
112.136 0.052 0 0 0 0 1
112.188 0.052 0 0 0 0 1
112.29 0.1 0.002 0.002 0 0 1
112.324 0.034 0.002 0 0.002 0 1
112.374 0.052 0 0 0 0 1
112.424 0.05 0 0 0 0 1
112.476 0.05 0.002 0 0.002 0 1
112.526 0.05 0.002 0.002 0 0 1
112.576 0.05 0.002 0 0.002 0 1
112.626 0.052 0 0 0 0 1
112.672 0.044 0.002 0 0.002 0 1
112.722 0.05 0.002 0 0.002 0 1
112.772 0.05 0.002 0 0.002 0 1
112.822 0.05 0.002 0 0.002 0 1
112.872 0.05 0.002 0 0.002 0 1
112.92 0.05 0 0 0 0 1
112.97 0.05 0 0 0 0 1
113.096 0.126 0 0 0 0 1
113.114 0.018 0 0 0 0 1
113.158 0.044 0 0 0 0 1
113.21 0.052 0 0 0 0 1
113.26 0.048 0.002 0 0.002 0 1
113.3 0.042 0 0 0 0 1
113.35 0.048 0.002 0.002 0 0 1
113.4 0.052 0 0 0 0 1
113.452 0.05 0.002 0 0.002 0 1
113.498 0.048 0 0 0 0 1
113.548 0.05 0 0 0 0 1
113.598 0.05 0 0 0 0 1
113.648 0.05 0 0 0 0 1
113.7 0.05 0.002 0 0.002 0 1
113.816 0.118 0 0 0 0 1
113.82 0.002 0.002 0.002 0 0 1
113.87 0.05 0.002 0.002 0 0 1
113.922 0.054 0 0 0 0 1
113.974 0.052 0 0 0 0 1
114.026 0.052 0 0 0 0 1
114.076 0.05 0 0 0 0 1
114.128 0.052 0 0 0 0 1
114.176 0.046 0.002 0 0.002 0 1
114.226 0.052 0 0 0 0 1
114.278 0.052 0 0 0 0 1
114.33 0.05 0.002 0 0.002 0 1
114.38 0.05 0.002 0 0.002 0 1
114.428 0.05 0 0 0 0 1
114.48 0.052 0 0 0 0 1
114.528 0.048 0 0 0 0 1
114.578 0.05 0 0 0 0 1
114.628 0.05 0 0 0 0 1
114.68 0.052 0 0 0 0 1
114.728 0.048 0 0 0 0 1
114.778 0.05 0 0 0 0 1
114.828 0.05 0 0 0 0 1
114.878 0.048 0.002 0 0.002 0 1
114.926 0.05 0 0 0 0 1
114.97 0.044 0 0 0 0 1
115.022 0.05 0.002 0.002 0 0 1
115.072 0.05 0.002 0.002 0 0 1
115.122 0.05 0.002 0.002 0 0 1
115.172 0.052 0 0 0 0 1
115.218 0.046 0 0 0 0 1
115.324 0.106 0 0 0 0 1
115.342 0.016 0.002 0 0 0 1
115.394 0.052 0.002 0 0.002 0 1
115.446 0.052 0.002 0 0 0 1
115.496 0.052 0 0 0 0 1
115.546 0.05 0 0 0 0 1
115.598 0.052 0 0 0 0 1
115.648 0.05 0 0 0 0 1
115.7 0.05 0.002 0 0.002 0 1
115.75 0.05 0.002 0 0.002 0 1
115.8 0.052 0 0 0 0 1
115.848 0.048 0 0 0 0 1
115.898 0.05 0 0 0 0 1
115.99 0.09 0.002 0 0.002 0 1
116.032 0.042 0.002 0 0.002 0 1
116.082 0.052 0 0 0 0 1
116.134 0.05 0.002 0 0.002 0 1
116.184 0.05 0.002 0 0 0 1
116.234 0.052 0 0 0 0 1
116.286 0.052 0 0 0 0 1
116.33 0.044 0 0 0 0 1
116.382 0.052 0 0 0 0 1
116.426 0.044 0 0 0 0 1
116.478 0.052 0 0 0 0 1
116.53 0.05 0.002 0.002 0 0 1
116.58 0.052 0 0 0 0 1
116.63 0.05 0 0 0 0 1
116.774 0.142 0.002 0.002 0 0 1
116.82 0.048 0 0 0 0 1
116.872 0.052 0 0 0 0 1
116.924 0.052 0 0 0 0 1
116.974 0.05 0 0 0 0 1
117.026 0.052 0 0 0 0 1
117.078 0.05 0.002 0.002 0 0 1
117.128 0.052 0 0 0 0 1
117.178 0.048 0.002 0 0.002 0 1
117.226 0.05 0 0 0 0 1
117.278 0.05 0.002 0 0.002 0 1
117.328 0.05 0.002 0.002 0 0 1
117.378 0.052 0 0 0 0 1
117.43 0.05 0.002 0 0.002 0 1
117.478 0.05 0 0 0 0 1
117.582 0.104 0 0 0 0 1
117.612 0.03 0 0 0 0 1
117.664 0.052 0 0 0 0 1
117.714 0.05 0 0 0 0 1
117.768 0.052 0.002 0 0.002 0 1
117.82 0.052 0.002 0 0.002 0 1
117.87 0.05 0.002 0 0.002 0 1
117.92 0.05 0.002 0 0.002 0 1
117.97 0.052 0 0 0 0 1
118.012 0.042 0 0 0 0 1
118.054 0.042 0 0 0 0 1
118.104 0.048 0 0 0 0 1
118.156 0.052 0.002 0 0.002 0 1
118.206 0.052 0 0 0 0 1
118.338 0.13 0.002 0 0 0 1
118.34 0.004 0 0 0 0 1
118.392 0.05 0.002 0.002 0 0 1
118.446 0.054 0.002 0 0.002 0 1
118.492 0.046 0.002 0 0 0 1
118.54 0.05 0 0 0 0 1
118.592 0.05 0.002 0.002 0 0 1
118.642 0.052 0 0 0 0 1
118.694 0.05 0.002 0 0.002 0 1
118.744 0.052 0 0 0 0 1
118.794 0.05 0 0 0 0 1
118.84 0.044 0.002 0 0 0 1
118.89 0.052 0 0 0 0 1
118.94 0.05 0 0 0 0 1
118.99 0.048 0.002 0 0.002 0 1
119.12 0.132 0 0 0 0 1
119.136 0.016 0 0 0 0 1
119.186 0.05 0 0 0 0 1
119.236 0.05 0 0 0 0 1
119.288 0.05 0.002 0 0.002 0 1
119.334 0.048 0 0 0 0 1
119.386 0.052 0 0 0 0 1
119.436 0.05 0 0 0 0 1
119.486 0.05 0 0 0 0 1
119.534 0.048 0 0 0 0 1
119.584 0.05 0 0 0 0 1
119.634 0.05 0 0 0 0 1
119.774 0.138 0.002 0.002 0 0 1
119.776 0.004 0 0 0 0 1
119.828 0.052 0 0 0 0 1
119.878 0.05 0 0 0 0 1
119.93 0.05 0.002 0 0.002 0 1
119.982 0.052 0.002 0 0.002 0 1
120.03 0.05 0 0 0 0 1
120.082 0.05 0.002 0 0.002 0 1
120.132 0.052 0 0 0 0 1
120.182 0.05 0 0 0 0 1
120.212 0.03 0 0 0 0 1
120.266 0.054 0 0 0 0 1
120.322 0.054 0.002 0 0.002 0 1
120.454 0.132 0.002 0 0.002 0 1
120.47 0.016 0.002 0 0.002 0 1
120.52 0.052 0 0 0 0 1
120.568 0.048 0 0 0 0 1
120.62 0.052 0 0 0 0 1
120.672 0.05 0.002 0 0.002 0 1
120.722 0.048 0.004 0 0.004 0 1
120.77 0.052 0 0 0 0 1
120.82 0.05 0 0 0 0 1
120.872 0.05 0.002 0.002 0 0 1
120.92 0.05 0 0 0 0 1
120.968 0.048 0 0 0 0 1
121.014 0.046 0 0 0 0 1
121.068 0.054 0 0 0 0 1
121.118 0.048 0.002 0 0.002 0 1
121.226 0.108 0.002 0 0.002 0 1
121.258 0.032 0.002 0 0 0 1
121.308 0.052 0 0 0 0 1
121.362 0.05 0.004 0 0.004 0 1
121.412 0.054 0 0 0 0 1
121.464 0.05 0.002 0 0.002 0 1
121.512 0.05 0 0 0 0 1
121.566 0.054 0 0 0 0 1
121.606 0.04 0 0 0 0 1
121.658 0.052 0 0 0 0 1
121.708 0.048 0.002 0 0.002 0 1
121.752 0.046 0 0 0 0 1
121.802 0.05 0 0 0 0 1
121.848 0.046 0 0 0 0 1
121.9 0.05 0.002 0 0.002 0 1
122.016 0.116 0.002 0 0.002 0 1
122.042 0.028 0 0 0 0 1
122.096 0.052 0.002 0 0.002 0 1
122.146 0.052 0 0 0 0 1
122.198 0.05 0.002 0 0.002 0 1
122.248 0.052 0 0 0 0 1
122.298 0.05 0 0 0 0 1
122.346 0.048 0 0 0 0 1
122.396 0.05 0 0 0 0 1
122.448 0.052 0 0 0 0 1
122.496 0.048 0 0 0 0 1
122.548 0.05 0.002 0 0.002 0 1
122.596 0.05 0 0 0 0 1
122.648 0.052 0 0 0 0 1
122.768 0.116 0.004 0 0.004 0 1
122.79 0.024 0.002 0 0.002 0 1
122.84 0.052 0 0 0 0 1
122.892 0.05 0.002 0 0.002 0 1
122.942 0.052 0 0 0 0 1
122.992 0.05 0 0 0 0 1
123.044 0.052 0 0 0 0 1
123.094 0.05 0 0 0 0 1
123.146 0.05 0.002 0 0.002 0 1
123.194 0.05 0 0 0 0 1
123.246 0.05 0.002 0 0.002 0 1
123.296 0.05 0.002 0.002 0 0 1
123.406 0.11 0.002 0 0 0 1
123.436 0.032 0 0 0 0 1
123.484 0.048 0 0 0 0 1
123.536 0.05 0.002 0 0.002 0 1
123.586 0.052 0 0 0 0 1
123.64 0.052 0.002 0 0.002 0 1
123.69 0.052 0 0 0 0 1
123.74 0.048 0.002 0.002 0 0 1
123.79 0.052 0 0 0 0 1
123.84 0.05 0 0 0 0 1
123.89 0.05 0 0 0 0 1
123.94 0.048 0.002 0.002 0 0 1
124.03 0.09 0.002 0 0.002 0 1
124.034 0.004 0.002 0 0 0 1
124.082 0.05 0 0 0 0 1
124.134 0.05 0.002 0 0.002 0 1
124.18 0.046 0.002 0.002 0 0 1
124.232 0.052 0.002 0.002 0 0 1
124.284 0.052 0.002 0 0.002 0 1
124.332 0.05 0 0 0 0 1
124.386 0.052 0.002 0 0.002 0 1
124.434 0.048 0.002 0 0 0 1
137.216 12.51 0.274 0 0.274 0.184 1
137.506 0.274 0.29 0.002 0.288 0.184 1
137.858 0.366 0.276 0.002 0.274 0.182 1
138.124 0.276 0.266 0.002 0.264 0.178 1
138.486 0.344 0.284 0 0.284 0.182 1
138.744 0.284 0.258 0.002 0.256 0.178 1
139 0.258 0.256 0.002 0.254 0.18 1
139.344 0.33 0.27 0 0.27 0.198 1
139.588 0.27 0.244 0.002 0.242 0.174 1
139.84 0.244 0.252 0 0.252 0.19 1
140.106 0.252 0.266 0 0.264 0.194 1
140.354 0.266 0.248 0 0.248 0.178 1
140.682 0.328 0.248 0 0.248 0.186 1
140.928 0.248 0.246 0 0.246 0.178 1
141.27 0.338 0.25 0.002 0.248 0.19 1
141.528 0.25 0.258 0 0.258 0.194 1
141.786 0.258 0.258 0 0.258 0.198 1
142.128 0.346 0.254 0.002 0.252 0.188 1
142.38 0.256 0.25 0 0.25 0.182 1
142.714 0.334 0.25 0.002 0.248 0.19 1
142.966 0.25 0.252 0.002 0.25 0.188 1
143.206 0.252 0.24 0.002 0.238 0.184 1
143.546 0.332 0.248 0.002 0.246 0.184 1
143.804 0.248 0.258 0.002 0.254 0.194 1
144.058 0.258 0.254 0.002 0.252 0.188 1
144.298 0.254 0.24 0 0.24 0.176 1
144.646 0.336 0.252 0.002 0.25 0.19 1
144.912 0.252 0.266 0.002 0.264 0.194 1
145.15 0.266 0.238 0.002 0.236 0.18 1
145.398 0.238 0.248 0.002 0.246 0.192 1
145.656 0.248 0.258 0 0.258 0.19 1
145.994 0.354 0.242 0.002 0.24 0.178 1
146.236 0.242 0.242 0 0.242 0.182 1
146.492 0.244 0.254 0 0.252 0.194 1
146.836 0.342 0.256 0.002 0.252 0.19 1
147.082 0.256 0.246 0 0.246 0.192 1
147.324 0.246 0.242 0 0.242 0.182 1
147.678 0.332 0.264 0 0.264 0.194 1
147.93 0.264 0.252 0 0.252 0.19 1
148.186 0.252 0.256 0 0.256 0.188 1
148.524 0.346 0.248 0.002 0.246 0.182 1
148.774 0.252 0.246 0 0.246 0.186 1
149.024 0.246 0.25 0 0.25 0.19 1
149.26 0.25 0.236 0.002 0.232 0.174 1
149.508 0.236 0.248 0 0.248 0.196 1
149.774 0.25 0.264 0 0.264 0.2 1
150.13 0.372 0.248 0.002 0.244 0.182 1
150.376 0.248 0.246 0.002 0.244 0.182 1
150.65 0.246 0.274 0.006 0.268 0.2 1
150.986 0.368 0.242 0.002 0.24 0.182 1
151.224 0.242 0.238 0.002 0.236 0.176 1
151.462 0.238 0.238 0.002 0.236 0.182 1
151.718 0.24 0.254 0 0.254 0.188 1
151.958 0.254 0.24 0.002 0.238 0.182 1
152.204 0.24 0.246 0.002 0.242 0.176 1
152.48 0.246 0.276 0.002 0.274 0.204 1
152.828 0.39 0.234 0.002 0.232 0.168 1
153.078 0.234 0.25 0.002 0.248 0.19 1
153.41 0.34 0.242 0.002 0.24 0.178 1
153.636 0.242 0.226 0.002 0.224 0.17 1
153.882 0.226 0.246 0.002 0.244 0.186 1
154.214 0.35 0.228 0.002 0.224 0.174 1
154.448 0.228 0.234 0 0.234 0.182 1
154.804 0.334 0.256 0.002 0.254 0.186 1
155.052 0.256 0.248 0 0.248 0.182 1
155.312 0.248 0.26 0 0.26 0.194 1
155.562 0.26 0.25 0 0.25 0.186 1
155.9 0.356 0.232 0.002 0.23 0.18 1
156.138 0.232 0.238 0.002 0.236 0.182 1
156.498 0.338 0.26 0.004 0.254 0.194 1
156.73 0.26 0.232 0.002 0.23 0.174 1
156.968 0.232 0.238 0.002 0.236 0.172 1
157.34 0.372 0.238 0.002 0.236 0.18 1
157.532 0.238 0.192 0.002 0.19 0.148 1
157.714 0.192 0.182 0.002 0.18 0.14 1
157.904 0.182 0.19 0 0.19 0.152 1
158.222 0.308 0.2 0.002 0.198 0.158 1
158.226 0.2 0.004 0.004 0 0 1
158.266 0.044 0 0 0 0 1
158.32 0.052 0.002 0 0.002 0 1
158.37 0.05 0.002 0 0.002 0 1
158.42 0.05 0.002 0 0.002 0 1
158.47 0.05 0.002 0.002 0 0 1
158.52 0.05 0.002 0 0.002 0 1
158.666 0.146 0.002 0.002 0 0 1
158.71 0.044 0.002 0 0.002 0 1
158.758 0.05 0 0 0 0 1
158.812 0.052 0.002 0 0.002 0 1
158.862 0.05 0.002 0 0.002 0 1
158.91 0.048 0.002 0.002 0 0 1
158.958 0.05 0 0 0 0 1
159.01 0.05 0.002 0.002 0 0 1
159.058 0.048 0.002 0 0.002 0.002 1
159.108 0.05 0.002 0 0.002 0 1
159.158 0.05 0.002 0.002 0 0 1
159.208 0.05 0.002 0 0.002 0 1
159.256 0.05 0 0 0 0 1
159.306 0.05 0 0 0 0 1
159.35 0.042 0.002 0.002 0 0 1
159.392 0.042 0.002 0 0.002 0 1
159.546 0.154 0.002 0.002 0 0 1
159.582 0.036 0.002 0 0.002 0 1
159.632 0.052 0 0 0 0 1
159.682 0.05 0 0 0 0 1
159.732 0.05 0 0 0 0 1
159.782 0.05 0 0 0 0 1
159.834 0.05 0.002 0.002 0 0 1
159.884 0.05 0.002 0 0.002 0 1
159.932 0.05 0 0 0 0 1
159.984 0.05 0.002 0.002 0 0 1
160.034 0.052 0 0 0 0 1
160.086 0.048 0.004 0 0.004 0 1
160.136 0.052 0.002 0 0.002 0 1
160.186 0.048 0.004 0 0.004 0 1
160.236 0.052 0.002 0 0.002 0 1
160.372 0.138 0 0 0 0 1
160.424 0.05 0.002 0 0.002 0 1
160.474 0.05 0.002 0 0.002 0 1
160.526 0.052 0.002 0 0.002 0 1
160.576 0.05 0.002 0 0.002 0 1
160.622 0.048 0 0 0 0 1
160.674 0.05 0.002 0 0 0 1
160.722 0.05 0 0 0 0 1
160.772 0.048 0.002 0 0.002 0 1
160.82 0.05 0 0 0 0 1
160.872 0.05 0.002 0 0.002 0 1
160.92 0.05 0 0 0 0 1
160.97 0.05 0 0 0 0 1
161.022 0.05 0.002 0 0.002 0 1
161.072 0.05 0.002 0 0.002 0 1
161.116 0.046 0 0 0 0 1
161.264 0.148 0 0 0 0 1
161.302 0.036 0.002 0 0.002 0 1
161.35 0.05 0 0 0 0 1
161.4 0.05 0 0 0 0 1
161.448 0.048 0 0 0 0 1
161.5 0.05 0.002 0.002 0 0 1
161.552 0.052 0.002 0 0.002 0 1
161.6 0.048 0.002 0 0.002 0 1
161.65 0.05 0.002 0.002 0 0 1
161.702 0.052 0.002 0 0.002 0 1
161.752 0.05 0.002 0 0 0 1
161.8 0.048 0.002 0 0.002 0 1
161.848 0.05 0 0 0 0 1
161.898 0.05 0 0 0 0 1
162.064 0.162 0.004 0.002 0 0 1
162.088 0.028 0 0 0 0 1
162.14 0.052 0 0 0 0 1
162.192 0.052 0 0 0 0 1
162.244 0.052 0 0 0 0 1
162.296 0.05 0.002 0 0.002 0 1
162.344 0.05 0 0 0 0 1
162.398 0.052 0.002 0 0.002 0 1
162.446 0.048 0.002 0 0.002 0 1
162.494 0.05 0 0 0 0 1
162.546 0.052 0 0 0 0 1
162.596 0.048 0.002 0.002 0 0 1
162.646 0.052 0 0 0 0 1
162.694 0.046 0.002 0.002 0 0 1
162.744 0.052 0 0 0 0 1
162.794 0.05 0 0 0 0 1
162.844 0.05 0 0 0 0 1
162.984 0.138 0.002 0 0.002 0 1
162.99 0.008 0 0 0 0 1
163.038 0.048 0 0 0 0 1
163.088 0.05 0 0 0 0 1
163.14 0.05 0.002 0 0.002 0 1
163.19 0.05 0.002 0.002 0 0 1
163.24 0.05 0.002 0.002 0 0 1
163.292 0.052 0.002 0 0.002 0 1
163.342 0.05 0.002 0 0.002 0 1
163.388 0.048 0 0 0 0 1
163.44 0.05 0.002 0.002 0 0 1
163.488 0.05 0 0 0 0 1
163.54 0.05 0.002 0.002 0 0 1
163.588 0.05 0 0 0 0 1
163.738 0.148 0.002 0.002 0 0 1
163.772 0.03 0.006 0.004 0.002 0 1
163.822 0.054 0.002 0.002 0 0 1
163.874 0.052 0.002 0 0.002 0 1
163.924 0.052 0 0 0 0 1
163.974 0.05 0 0 0 0 1
164.024 0.048 0.002 0.002 0 0 1
164.076 0.054 0 0 0 0 1
164.122 0.044 0.002 0 0.002 0 1
164.174 0.052 0.002 0 0 0 1
164.224 0.05 0.002 0 0.002 0 1
164.266 0.044 0 0 0 0 1
164.316 0.048 0.002 0 0.002 0 1
164.368 0.052 0.002 0.002 0 0 1
164.498 0.132 0 0 0 0 1
164.532 0.034 0 0 0 0 1
164.592 0.058 0.002 0.002 0 0 1
164.642 0.05 0.002 0.002 0 0 1
164.698 0.056 0.002 0 0.002 0 1
164.75 0.052 0.002 0.002 0 0 1
164.802 0.054 0 0 0 0 1
164.854 0.052 0 0 0 0 1
164.906 0.052 0 0 0 0 1
164.956 0.05 0 0 0 0 1
165.004 0.048 0 0 0 0 1
165.054 0.05 0 0 0 0 1
165.108 0.052 0.002 0 0.002 0 1
165.156 0.05 0 0 0 0 1
165.21 0.052 0.002 0 0.002 0 1
165.258 0.05 0 0 0 0 1
165.3 0.042 0 0 0 0 1
165.35 0.05 0 0 0 0 1
165.394 0.044 0 0 0 0 1
165.442 0.048 0 0 0 0 1
165.49 0.048 0 0 0 0 1
165.542 0.05 0.002 0.002 0 0 1
165.592 0.05 0.002 0 0.002 0 1
165.64 0.05 0 0 0 0 1
165.688 0.046 0.002 0 0.002 0 1
165.738 0.05 0.002 0.002 0 0 1
165.782 0.044 0.002 0 0.002 0 1
165.83 0.05 0 0 0 0 1
165.882 0.05 0.002 0 0.002 0 1
165.932 0.05 0.002 0.002 0 0 1
165.982 0.052 0 0 0 0 1
166.092 0.104 0.006 0 0.006 0 1
166.104 0.016 0.002 0 0.002 0 1
166.152 0.048 0.002 0.002 0 0 1
166.208 0.056 0.002 0 0.002 0 1
166.26 0.054 0 0 0 0 1
166.31 0.05 0 0 0 0 1
166.364 0.052 0.002 0 0.002 0 1
166.416 0.052 0.002 0 0.002 0 1
166.462 0.046 0.002 0.002 0 0 1
166.514 0.052 0.002 0.002 0 0 1
166.562 0.048 0.002 0 0.002 0 1
166.612 0.052 0 0 0 0 1
166.664 0.052 0 0 0 0 1
166.71 0.046 0 0 0 0 1
166.764 0.052 0.002 0 0.002 0 1
166.814 0.05 0.002 0 0.002 0 1
166.946 0.132 0.002 0 0.002 0 1
166.95 0.004 0.002 0.002 0 0 1
167.002 0.052 0.002 0.002 0 0 1
167.052 0.052 0 0 0 0 1
167.104 0.05 0.002 0.002 0 0 1
167.156 0.052 0.002 0.002 0 0 1
167.206 0.052 0 0 0 0 1
167.258 0.05 0.002 0 0.002 0 1
167.308 0.05 0.002 0 0.002 0 1
167.358 0.05 0.002 0.002 0 0 1
167.408 0.05 0.002 0 0.002 0 1
167.456 0.048 0.002 0 0.002 0 1
167.506 0.05 0.002 0 0.002 0 1
167.556 0.05 0.002 0.002 0 0 1
167.604 0.048 0.002 0 0.002 0 1
167.792 0.19 0 0 0 0 1
167.842 0.048 0.002 0 0.002 0 1
167.894 0.054 0 0 0 0 1
167.946 0.05 0.002 0.002 0 0 1
167.994 0.048 0.002 0 0.002 0 1
168.044 0.05 0.002 0.002 0 0 1
168.094 0.05 0.002 0 0.002 0 1
168.146 0.052 0.002 0 0.002 0 1
168.194 0.05 0 0 0 0 1
168.24 0.046 0 0 0 0 1
168.29 0.05 0 0 0 0 1
168.344 0.052 0.002 0.002 0 0 1
168.394 0.052 0 0 0 0 1
168.558 0.162 0.002 0.002 0 0 1
168.59 0.032 0.002 0.002 0 0 1
168.64 0.05 0.002 0.002 0 0 1
168.69 0.05 0.002 0.002 0 0 1
168.74 0.052 0 0 0 0 1
168.79 0.048 0.002 0.002 0 0 1
168.84 0.05 0.002 0 0.002 0 1
168.89 0.05 0.002 0.002 0 0 1
168.93 0.042 0 0 0 0 1
168.98 0.048 0.002 0 0.002 0 1
169.028 0.048 0.002 0 0.002 0 1
169.08 0.052 0.002 0 0.002 0 1
169.13 0.05 0.002 0 0.002 0 1
169.18 0.05 0.002 0 0.002 0 1
169.23 0.052 0 0 0 0 1
169.28 0.048 0.002 0 0.002 0 1
169.33 0.052 0 0 0 0 1
169.38 0.05 0 0 0 0 1
169.432 0.05 0.002 0 0 0 1
169.482 0.05 0.002 0.002 0 0 1
169.532 0.052 0 0 0 0 1
169.58 0.048 0 0 0 0 1
169.632 0.05 0.002 0.002 0 0 1
169.682 0.05 0.002 0.002 0 0 1
169.732 0.052 0 0 0 0 1
169.78 0.046 0.002 0 0.002 0 1
169.83 0.05 0.002 0.002 0 0 1
169.88 0.05 0.002 0.002 0 0 1
169.928 0.05 0 0 0 0 1
169.98 0.052 0 0 0 0 1
170.03 0.05 0 0 0 0 1
170.082 0.05 0.002 0 0 0 1
170.13 0.05 0 0 0 0 1
170.284 0.152 0.002 0.002 0 0 1
170.314 0.032 0 0 0 0 1
170.368 0.052 0.002 0 0 0 1
170.418 0.05 0.002 0.002 0 0 1
170.47 0.052 0.002 0.002 0 0 1
170.518 0.05 0 0 0 0 1
170.568 0.05 0 0 0 0 1
170.62 0.05 0.002 0 0.002 0 1
170.668 0.05 0 0 0 0 1
170.72 0.052 0 0 0 0 1
170.77 0.05 0 0 0 0 1
170.82 0.05 0 0 0 0 1
170.872 0.05 0.002 0.002 0 0 1
170.922 0.05 0.002 0.002 0 0 1
170.972 0.05 0.002 0 0.002 0 1
171.022 0.05 0.002 0 0.002 0 1
171.072 0.05 0.002 0.002 0 0 1
171.122 0.052 0 0 0 0 1
171.172 0.05 0 0 0 0 1
171.222 0.048 0.002 0.002 0 0 1
171.272 0.05 0.002 0 0.002 0 1
171.32 0.05 0 0 0 0 1
171.366 0.046 0 0 0 0 1
171.42 0.052 0.002 0.002 0 0 1
171.47 0.052 0 0 0 0 1
171.522 0.05 0.002 0 0.002 0 1
171.57 0.05 0 0 0 0 1
171.62 0.05 0 0 0 0 1
171.668 0.046 0.002 0 0.002 0 1
171.716 0.05 0 0 0 0 1
171.768 0.052 0 0 0 0 1
171.912 0.142 0.002 0 0.002 0 1
171.956 0.044 0.002 0.002 0 0 1
172.008 0.054 0 0 0 0 1
172.06 0.05 0.002 0.002 0 0 1
172.112 0.05 0.004 0.004 0 0 1
172.164 0.054 0.002 0.002 0 0 1
172.214 0.05 0.002 0 0.002 0 1
172.264 0.05 0.002 0.002 0 0 1
172.31 0.046 0.002 0 0.002 0 1
172.358 0.048 0.002 0.002 0 0 1
172.406 0.048 0.002 0 0.002 0 1
172.448 0.044 0 0 0 0 1
172.498 0.05 0 0 0 0 1
172.646 0.148 0 0 0 0 1
172.658 0.008 0.004 0.004 0 0 1
172.708 0.052 0.002 0.002 0 0 1
172.758 0.052 0 0 0 0 1
172.812 0.052 0.002 0.002 0 0 1
172.864 0.054 0 0 0 0 1
172.91 0.044 0.002 0.002 0 0 1
172.96 0.052 0 0 0 0 1
173.012 0.05 0.002 0 0.002 0 1
173.064 0.05 0.004 0 0.002 0 1
173.114 0.052 0.002 0.002 0 0 1
173.164 0.048 0.004 0 0.004 0 1
173.21 0.048 0.002 0 0.002 0 1
173.26 0.052 0 0 0 0 1
173.308 0.046 0.002 0 0.002 0 1
173.358 0.046 0.006 0.006 0 0 1
173.41 0.058 0 0 0 0 1
173.462 0.05 0.002 0 0.002 0 1
173.512 0.05 0.002 0.002 0 0 1
173.562 0.052 0 0 0 0 1
173.612 0.05 0 0 0 0 1
173.662 0.048 0.002 0.002 0 0 1
173.71 0.05 0 0 0 0 1
173.76 0.048 0.002 0 0.002 0 1
173.808 0.05 0 0 0 0 1
173.858 0.05 0 0 0 0 1
173.912 0.052 0.002 0 0.002 0 1
173.962 0.052 0 0 0 0 1
174.012 0.05 0 0 0 0 1
174.06 0.048 0 0 0 0 1
174.2 0.14 0 0 0 0 1
174.232 0.028 0.004 0.002 0.002 0 1
174.282 0.054 0 0 0 0 1
174.336 0.052 0.002 0 0.002 0 1
174.386 0.052 0 0 0 0 1
174.438 0.052 0 0 0 0 1
174.488 0.05 0 0 0 0 1
174.54 0.052 0 0 0 0 1
174.59 0.048 0.002 0 0.002 0 1
174.64 0.05 0.002 0.002 0 0 1
174.688 0.05 0 0 0 0 1
174.736 0.048 0 0 0 0 1
174.786 0.048 0.002 0 0.002 0 1
174.834 0.05 0 0 0 0 1
174.886 0.05 0.002 0 0.002 0 1
174.93 0.046 0 0 0 0 1
174.982 0.05 0.002 0 0 0 1
175.032 0.05 0.002 0 0.002 0 1
175.19 0.158 0.002 0.002 0 0 1
175.228 0.038 0.002 0 0.002 0 1
175.276 0.05 0 0 0 0 1
175.33 0.052 0.002 0 0 0 1
175.374 0.046 0 0 0 0 1
175.426 0.05 0.002 0 0.002 0 1
175.476 0.052 0 0 0 0 1
175.528 0.052 0 0 0 0 1
175.578 0.05 0 0 0 0 1
175.63 0.05 0.002 0 0.002 0 1
175.678 0.05 0 0 0 0 1
175.73 0.05 0.002 0 0.002 0 1
175.78 0.05 0.002 0.002 0 0 1
175.828 0.05 0 0 0 0 1
175.88 0.05 0.002 0 0.002 0 1
175.928 0.048 0.002 0.002 0 0 1
175.976 0.05 0 0 0 0 1
176.106 0.128 0.002 0 0.002 0 1
176.108 0.002 0.002 0 0.002 0 1
176.15 0.044 0 0 0 0 1
176.204 0.052 0.002 0 0.002 0 1
176.256 0.054 0 0 0 0 1
176.31 0.054 0 0 0 0 1
176.362 0.052 0 0 0 0 1
176.414 0.052 0 0 0 0 1
176.468 0.052 0.002 0.002 0 0 1
176.52 0.052 0.002 0 0.002 0 1
176.568 0.048 0.002 0.002 0 0 1
176.618 0.052 0 0 0 0 1
176.67 0.048 0.004 0.002 0 0 1
176.72 0.052 0.002 0 0.002 0 1
