21.762 21.562 0.2 0 0.2 0.012 1
21.934 0.2 0.172 0 0.172 0.01 1
22.15 0.206 0.182 0.002 0.18 0.01 1
22.348 0.214 0.166 0 0.166 0.01 1
22.504 0.166 0.156 0 0.156 0.006 1
22.694 0.188 0.158 0 0.158 0.01 1
22.862 0.158 0.168 0 0.168 0.008 1
23.04 0.204 0.142 0 0.142 0.01 1
23.224 0.178 0.148 0 0.148 0.008 1
23.33 0.148 0.106 0 0.104 0.008 1
23.466 0.142 0.1 0 0.098 0.01 1
23.554 0.1 0.088 0 0.088 0.008 1
23.652 0.088 0.098 0.002 0.096 0.008 1
23.774 0.13 0.09 0 0.09 0.008 1
23.868 0.09 0.094 0 0.094 0.008 1
23.95 0.094 0.082 0 0.08 0 1
24.082 0.108 0.106 0 0.106 0.012 1
24.174 0.106 0.092 0 0.092 0.012 1
24.302 0.128 0.092 0 0.092 0.008 1
24.39 0.092 0.088 0 0.088 0.012 1
24.474 0.088 0.084 0 0.084 0.008 1
24.554 0.084 0.08 0 0.08 0.008 1
24.67 0.114 0.082 0.002 0.08 0.008 1
24.752 0.082 0.082 0.002 0.08 0.01 1
24.838 0.082 0.086 0.002 0.084 0.01 1
24.964 0.128 0.084 0 0.084 0.008 1
25.05 0.084 0.086 0 0.086 0.014 1
25.132 0.086 0.082 0 0.082 0.016 1
25.204 0.082 0.072 0 0.072 0.012 1
25.28 0.072 0.076 0 0.076 0.012 1
25.36 0.076 0.08 0.002 0.078 0.012 1
25.44 0.08 0.08 0 0.08 0.012 1
25.52 0.08 0.08 0.002 0.078 0.014 1
25.596 0.08 0.076 0 0.074 0.01 1
25.666 0.076 0.07 0.002 0.068 0.012 1
25.75 0.07 0.084 0 0.084 0.012 1
25.872 0.126 0.08 0 0.08 0.01 1
25.994 0.08 0.122 0 0.122 0.05 1
26.11 0.122 0.116 0.002 0.114 0.048 1
26.272 0.164 0.114 0 0.114 0.046 1
26.358 0.114 0.086 0 0.086 0.024 1
26.444 0.086 0.086 0 0.086 0.024 1
26.538 0.086 0.094 0.002 0.092 0.028 1
26.668 0.138 0.086 0 0.086 0.024 1
26.744 0.088 0.074 0 0.074 0.014 1
26.826 0.074 0.082 0.002 0.08 0.016 1
26.906 0.082 0.08 0 0.08 0.016 1
26.994 0.08 0.088 0 0.088 0.018 1
27.084 0.088 0.09 0 0.09 0.018 1
27.172 0.09 0.088 0 0.088 0.014 1
27.252 0.088 0.08 0 0.08 0.016 1
27.334 0.08 0.082 0 0.082 0.018 1
27.426 0.082 0.092 0 0.092 0.02 1
27.552 0.134 0.084 0 0.084 0.018 1
27.632 0.084 0.08 0 0.08 0.016 1
27.712 0.08 0.08 0.002 0.078 0.016 1
27.79 0.08 0.078 0 0.078 0.016 1
27.912 0.12 0.08 0.002 0.076 0.016 1
27.986 0.08 0.074 0 0.074 0.014 1
28.064 0.074 0.078 0 0.078 0.014 1
28.148 0.078 0.084 0 0.084 0.008 1
28.224 0.084 0.076 0 0.076 0.01 1
28.376 0.14 0.088 0 0.088 0.014 1
28.466 0.088 0.09 0.002 0.088 0.012 1
28.548 0.09 0.082 0 0.082 0.012 1
28.666 0.124 0.076 0.002 0.074 0.01 1
28.756 0.076 0.09 0 0.09 0.01 1
28.844 0.09 0.088 0 0.088 0.01 1
28.928 0.088 0.084 0 0.084 0.01 1
29.01 0.084 0.082 0.004 0.078 0.01 1
29.094 0.082 0.084 0.002 0.082 0.01 1
29.174 0.084 0.08 0.002 0.078 0.008 1
29.254 0.08 0.08 0 0.08 0.01 1
29.332 0.08 0.078 0.002 0.076 0.01 1
29.412 0.078 0.08 0 0.08 0.008 1
29.488 0.08 0.076 0 0.076 0.008 1
29.568 0.076 0.08 0 0.08 0.01 1
29.686 0.122 0.076 0 0.076 0.01 1
29.79 0.076 0.104 0 0.104 0.014 1
29.896 0.104 0.106 0 0.104 0.01 1
29.996 0.106 0.1 0 0.1 0.012 1
30.096 0.1 0.1 0 0.1 0.01 1
30.216 0.1 0.12 0.002 0.118 0.014 1
30.322 0.12 0.106 0 0.106 0.008 1
30.43 0.106 0.108 0 0.108 0.012 1
30.54 0.108 0.11 0 0.11 0.018 1
30.694 0.156 0.108 0.002 0.106 0.012 1
30.766 0.108 0.072 0 0.072 0.008 1
30.832 0.072 0.066 0 0.066 0.004 1
30.956 0.116 0.074 0.002 0.072 0.01 1
31.03 0.074 0.074 0 0.074 0.01 1
31.106 0.074 0.076 0 0.074 0.012 1
31.174 0.076 0.068 0 0.068 0.01 1
31.244 0.07 0.068 0 0.068 0.01 1
31.318 0.068 0.074 0.002 0.072 0.008 1
31.396 0.074 0.078 0.002 0.076 0.01 1
31.524 0.13 0.076 0 0.076 0.012 1
31.592 0.076 0.068 0 0.068 0.008 1
31.658 0.068 0.066 0 0.066 0.006 1
31.726 0.066 0.068 0 0.068 0.008 1
31.792 0.068 0.066 0 0.066 0.01 1
31.858 0.066 0.066 0 0.066 0.01 1
31.992 0.128 0.072 0 0.072 0.012 1
32.064 0.072 0.072 0 0.072 0.006 1
32.146 0.072 0.082 0 0.082 0.008 1
32.226 0.082 0.08 0 0.08 0.008 1
32.3 0.08 0.074 0 0.074 0.01 1
32.424 0.12 0.078 0.002 0.076 0.008 1
32.496 0.08 0.07 0 0.07 0.008 1
32.562 0.07 0.066 0 0.066 0.008 1
32.636 0.066 0.074 0.002 0.072 0.008 1
32.692 0.074 0.056 0.002 0.054 0.008 1
32.844 0.124 0.084 0 0.084 0.01 1
32.926 0.084 0.082 0.002 0.08 0.01 1
33.004 0.082 0.078 0 0.078 0.01 1
33.084 0.08 0.078 0 0.078 0.008 1
33.148 0.078 0.064 0.002 0.062 0.006 1
33.22 0.064 0.072 0 0.072 0.008 1
33.344 0.122 0.074 0 0.074 0.01 1
33.418 0.074 0.074 0 0.074 0.008 1
33.49 0.074 0.072 0.002 0.07 0.01 1
33.556 0.072 0.066 0 0.066 0.006 1
33.634 0.066 0.078 0.002 0.074 0.008 1
33.708 0.078 0.074 0 0.074 0.01 1
33.834 0.132 0.068 0 0.068 0.008 1
33.906 0.068 0.072 0 0.072 0.006 1
33.982 0.074 0.074 0 0.074 0.01 1
34.058 0.074 0.076 0 0.074 0.008 1
34.134 0.078 0.074 0 0.074 0.01 1
34.212 0.074 0.078 0.002 0.076 0.01 1
34.284 0.078 0.072 0 0.07 0.006 1
34.436 0.138 0.086 0 0.084 0.01 1
34.518 0.086 0.082 0 0.082 0.01 1
34.59 0.082 0.072 0 0.072 0.01 1
34.66 0.072 0.07 0.002 0.068 0.004 1
34.778 0.118 0.07 0 0.07 0.008 1
34.848 0.07 0.07 0.002 0.068 0.01 1
34.918 0.072 0.068 0 0.066 0.01 1
34.988 0.068 0.07 0 0.07 0.01 1
35.062 0.07 0.074 0.002 0.072 0.008 1
35.182 0.122 0.072 0 0.072 0.01 1
35.254 0.074 0.07 0 0.07 0.008 1
35.318 0.07 0.064 0 0.064 0.006 1
35.388 0.064 0.07 0 0.07 0.012 1
35.464 0.07 0.076 0 0.076 0.01 1
35.542 0.076 0.078 0 0.078 0.01 1
35.608 0.078 0.066 0 0.066 0.01 1
35.682 0.066 0.074 0 0.074 0.012 1
35.76 0.074 0.078 0.002 0.074 0.012 1
35.828 0.078 0.068 0 0.068 0.01 1
35.896 0.068 0.068 0 0.068 0.01 1
35.966 0.068 0.07 0 0.07 0.01 1
36.038 0.07 0.072 0 0.072 0.01 1
36.116 0.072 0.078 0 0.078 0.008 1
36.252 0.138 0.076 0 0.076 0.012 1
36.332 0.076 0.08 0.002 0.078 0.016 1
36.42 0.08 0.088 0 0.088 0.02 1
36.498 0.088 0.078 0.002 0.074 0.014 1
36.57 0.078 0.072 0.002 0.07 0.016 1
36.652 0.072 0.082 0 0.082 0.02 1
36.782 0.134 0.078 0 0.078 0.016 1
36.864 0.078 0.082 0 0.082 0.018 1
36.948 0.082 0.084 0.002 0.082 0.018 1
37.028 0.086 0.078 0 0.078 0.02 1
37.106 0.078 0.078 0 0.078 0.02 1
37.184 0.078 0.078 0.002 0.076 0.018 1
37.316 0.124 0.086 0 0.086 0.02 1
37.402 0.086 0.086 0.002 0.084 0.014 1
37.488 0.086 0.086 0 0.086 0.014 1
37.574 0.086 0.086 0.002 0.084 0.016 1
37.662 0.086 0.088 0 0.088 0.018 1
37.748 0.088 0.086 0 0.086 0.02 1
37.834 0.086 0.086 0.002 0.084 0.016 1
37.92 0.086 0.086 0 0.086 0.014 1
38.004 0.086 0.084 0.002 0.082 0.018 1
38.084 0.084 0.08 0 0.08 0.016 1
38.162 0.08 0.078 0 0.078 0.016 1
38.242 0.078 0.08 0 0.08 0.016 1
38.322 0.08 0.08 0 0.08 0.018 1
38.462 0.138 0.082 0 0.082 0.016 1
38.574 0.082 0.112 0 0.112 0.046 1
38.682 0.114 0.106 0 0.106 0.044 1
38.796 0.106 0.114 0.002 0.112 0.048 1
38.904 0.114 0.108 0 0.108 0.044 1
39.074 0.156 0.122 0.004 0.116 0.046 1
39.198 0.122 0.124 0 0.124 0.058 1
39.318 0.124 0.12 0 0.12 0.062 1
39.444 0.12 0.126 0 0.126 0.058 1
39.628 0.184 0.126 0.002 0.124 0.062 1
39.756 0.126 0.128 0.002 0.126 0.064 1
39.884 0.128 0.128 0 0.128 0.07 1
40.072 0.18 0.136 0 0.136 0.078 1
40.208 0.136 0.136 0.002 0.134 0.08 1
40.342 0.136 0.134 0.002 0.132 0.078 1
40.486 0.134 0.144 0.002 0.142 0.086 1
40.678 0.202 0.134 0 0.134 0.08 1
40.812 0.134 0.134 0 0.134 0.082 1
40.96 0.134 0.148 0 0.148 0.092 1
41.196 0.222 0.162 0 0.162 0.104 1
41.35 0.162 0.154 0.002 0.152 0.102 1
41.566 0.21 0.16 0 0.16 0.11 1
41.728 0.16 0.162 0 0.162 0.11 1
41.888 0.162 0.16 0.002 0.158 0.11 1
42.12 0.222 0.17 0 0.17 0.12 1
42.298 0.17 0.178 0 0.178 0.128 1
42.538 0.238 0.18 0 0.18 0.126 1
42.75 0.18 0.212 0 0.212 0.158 1
42.962 0.212 0.212 0 0.212 0.16 1
43.252 0.286 0.216 0 0.216 0.17 1
43.454 0.216 0.202 0 0.202 0.154 1
43.726 0.26 0.214 0 0.214 0.172 1
43.95 0.214 0.224 0 0.224 0.178 1
44.208 0.298 0.184 0 0.184 0.142 1
44.468 0.246 0.198 0 0.196 0.15 1
44.664 0.198 0.196 0 0.196 0.158 1
44.87 0.196 0.206 0 0.206 0.168 1
45.128 0.284 0.18 0 0.18 0.15 1
45.304 0.18 0.176 0 0.176 0.144 1
45.564 0.256 0.18 0 0.18 0.146 1
45.686 0.18 0.122 0 0.122 0.098 1
45.818 0.122 0.132 0 0.132 0.102 1
45.944 0.132 0.126 0 0.126 0.1 1
46.136 0.192 0.126 0 0.126 0.098 1
46.184 0.126 0.048 0 0.048 0.034 1
46.23 0.048 0.046 0 0.046 0.032 1
46.276 0.046 0.046 0 0.046 0.032 1
46.336 0.046 0.06 0 0.06 0.044 1
46.46 0.13 0.054 0 0.054 0.038 1
46.462 0.056 0 0 0 0 1
46.472 0.008 0.002 0.002 0 0 1
46.522 0.052 0 0 0 0 1
46.574 0.052 0 0 0 0 1
46.624 0.046 0.004 0.002 0.002 0.002 1
46.674 0.052 0.002 0 0.002 0 1
46.724 0.052 0 0 0 0 1
46.774 0.05 0 0 0 0 1
46.826 0.05 0.002 0 0.002 0 1
46.876 0.05 0.002 0.002 0 0 1
46.926 0.052 0 0 0 0 1
47.024 0.096 0.002 0 0.002 0 1
47.07 0.048 0 0 0 0 1
47.122 0.05 0.002 0 0.002 0 1
47.17 0.05 0 0 0 0 1
47.218 0.048 0 0 0 0 1
47.27 0.05 0.002 0 0.002 0 1
47.32 0.05 0.002 0 0.002 0 1
47.37 0.05 0.002 0.002 0 0 1
47.418 0.048 0.002 0 0.002 0 1
47.49 0.074 0 0 0 0 1
47.516 0.02 0.006 0 0.004 0 1
47.56 0.048 0.002 0 0.002 0 1
47.608 0.05 0 0 0 0 1
47.66 0.052 0 0 0 0 1
47.712 0.05 0.002 0 0.002 0 1
47.762 0.05 0.002 0 0.002 0 1
47.81 0.05 0 0 0 0 1
47.928 0.118 0 0 0 0 1
47.954 0.026 0 0 0 0 1
48.006 0.05 0.002 0 0.002 0 1
48.056 0.05 0.002 0 0.002 0 1
48.106 0.052 0 0 0 0 1
48.156 0.05 0 0 0 0 1
48.204 0.048 0 0 0 0 1
48.256 0.052 0 0 0 0 1
48.302 0.046 0 0 0 0 1
48.352 0.05 0 0 0 0 1
48.402 0.048 0.002 0 0.002 0 1
48.454 0.052 0.002 0 0.002 0 1
48.504 0.05 0.002 0 0.002 0 1
48.592 0.09 0 0 0 0 1
48.598 0.004 0.002 0 0.002 0 1
48.646 0.05 0 0 0 0 1
48.698 0.05 0.002 0 0.002 0 1
48.748 0.052 0 0 0 0 1
48.796 0.046 0.002 0 0.002 0 1
48.846 0.05 0.002 0 0 0 1
48.896 0.05 0.002 0.002 0 0 1
48.946 0.052 0 0 0 0 1
48.998 0.05 0.002 0 0.002 0 1
49.048 0.05 0.002 0 0.002 0 1
49.098 0.05 0.002 0.002 0 0 1
49.146 0.05 0 0 0 0 1
49.198 0.05 0.002 0 0.002 0 1
49.248 0.05 0.002 0 0.002 0 1
49.298 0.05 0.002 0 0.002 0 1
49.346 0.05 0 0 0 0 1
49.398 0.05 0.002 0 0.002 0 1
49.446 0.048 0.002 0 0.002 0 1
49.494 0.05 0 0 0 0 1
49.546 0.052 0 0 0 0 1
49.596 0.05 0 0 0 0 1
49.646 0.05 0 0 0 0 1
49.694 0.048 0 0 0 0 1
49.748 0.052 0.002 0 0 0 1
49.798 0.05 0.002 0 0.002 0 1
49.848 0.05 0.002 0 0.002 0 1
49.964 0.116 0.002 0 0.002 0 1
49.988 0.024 0.002 0 0.002 0 1
50.04 0.052 0.002 0 0.002 0 1
50.09 0.052 0 0 0 0 1
50.14 0.05 0 0 0 0 1
50.19 0.05 0 0 0 0 1
50.238 0.048 0 0 0 0 1
50.29 0.05 0.002 0 0.002 0 1
50.34 0.05 0.002 0 0.002 0 1
50.422 0.084 0 0 0 0 1
50.438 0.014 0.002 0 0 0 1
50.486 0.05 0 0 0 0 1
50.538 0.052 0 0 0 0 1
50.59 0.052 0 0 0 0 1
50.638 0.048 0 0 0 0 1
50.688 0.05 0 0 0 0 1
50.74 0.05 0.002 0 0.002 0 1
50.79 0.05 0.002 0.002 0 0 1
50.84 0.05 0.002 0.002 0 0 1
50.89 0.052 0 0 0 0 1
50.94 0.048 0.002 0 0 0 1
50.99 0.052 0 0 0 0 1
51.038 0.048 0 0 0 0 1
51.138 0.098 0.002 0 0.002 0 1
51.178 0.04 0.002 0 0.002 0 1
51.228 0.05 0.002 0.002 0 0 1
51.278 0.052 0 0 0 0 1
51.328 0.05 0 0 0 0 1
51.378 0.05 0 0 0 0 1
51.43 0.05 0.002 0 0.002 0 1
51.478 0.05 0 0 0 0 1
51.528 0.048 0.002 0 0.002 0 1
51.576 0.05 0 0 0 0 1
51.628 0.052 0 0 0 0 1
51.776 0.148 0 0 0 0 1
51.822 0.046 0 0 0 0 1
51.874 0.052 0 0 0 0 1
51.926 0.05 0.002 0 0.002 0 1
51.976 0.052 0 0 0 0 1
52.026 0.048 0.002 0 0.002 0 1
52.076 0.052 0 0 0 0 1
52.128 0.05 0.002 0 0 0 1
52.176 0.048 0.002 0.002 0 0 1
52.226 0.05 0.002 0 0.002 0 1
52.276 0.05 0.002 0 0.002 0 1
52.326 0.05 0.002 0 0.002 0 1
52.432 0.106 0.002 0.002 0 0 1
52.454 0.022 0.002 0 0.002 0 1
52.506 0.052 0.002 0 0.002 0 1
52.556 0.052 0 0 0 0 1
52.604 0.046 0.002 0 0.002 0 1
52.652 0.05 0 0 0 0 1
52.702 0.05 0 0 0 0 1
52.738 0.034 0.002 0 0.002 0 1
52.79 0.052 0.002 0 0 0 1
52.844 0.054 0.002 0 0.002 0 1
52.896 0.052 0.002 0 0.002 0 1
52.948 0.052 0.002 0 0.002 0 1
53.088 0.142 0 0 0 0 1
53.09 0 0.002 0 0.002 0 1
53.14 0.05 0.002 0 0 0 1
53.192 0.052 0.002 0 0.002 0 1
53.244 0.052 0.002 0 0.002 0 1
53.294 0.05 0.002 0 0.002 0 1
53.344 0.052 0 0 0 0 1
53.394 0.05 0 0 0 0 1
53.444 0.048 0.002 0.002 0 0 1
53.492 0.05 0 0 0 0 1
53.544 0.05 0.002 0 0.002 0 1
53.594 0.05 0.002 0.002 0 0 1
53.644 0.052 0 0 0 0 1
53.766 0.122 0 0 0 0 1
53.788 0.02 0.002 0 0.002 0 1
53.84 0.052 0.002 0 0.002 0 1
53.89 0.052 0 0 0 0 1
53.942 0.05 0.002 0 0.002 0 1
53.992 0.052 0 0 0 0 1
54.044 0.05 0.002 0 0 0 1
54.094 0.05 0.002 0 0.002 0 1
54.144 0.05 0.002 0 0.002 0 1
54.196 0.052 0.002 0 0.002 0 1
54.244 0.048 0.002 0.002 0 0 1
54.394 0.15 0.002 0 0.002 0 1
54.434 0.042 0 0 0 0 1
54.484 0.05 0 0 0 0 1
54.536 0.05 0.002 0 0.002 0 1
54.586 0.05 0.002 0 0.002 0 1
54.636 0.052 0 0 0 0 1
54.686 0.048 0.002 0 0.002 0 1
54.736 0.05 0.002 0 0.002 0 1
54.786 0.05 0.002 0 0.002 0 1
54.93 0.144 0.002 0 0.002 0 1
54.976 0.046 0.002 0 0.002 0 1
55.028 0.052 0.002 0 0 0 1
55.078 0.052 0 0 0 0 1
55.13 0.05 0.002 0.002 0 0 1
55.18 0.05 0.002 0 0.002 0 1
55.23 0.052 0 0 0 0 1
55.28 0.05 0 0 0 0 1
55.33 0.05 0 0 0 0 1
55.376 0.046 0 0 0 0 1
55.428 0.05 0.002 0 0.002 0 1
55.478 0.052 0 0 0 0 1
55.53 0.05 0.002 0.002 0 0 1
55.67 0.142 0 0 0 0 1
55.678 0.004 0.004 0 0.004 0 1
55.722 0.048 0 0 0 0 1
55.776 0.052 0.002 0 0.002 0 1
55.824 0.05 0 0 0 0 1
55.876 0.05 0.002 0 0.002 0 1
55.926 0.052 0 0 0 0 1
55.974 0.048 0 0 0 0 1
56.026 0.05 0.002 0 0.002 0 1
56.074 0.048 0.002 0 0.002 0 1
56.124 0.052 0 0 0 0 1
56.176 0.05 0.002 0 0.002 0 1
56.226 0.05 0.002 0 0.002 0 1
56.352 0.126 0.002 0 0.002 0 1
56.372 0.02 0.002 0 0.002 0 1
56.422 0.052 0 0 0 0 1
56.472 0.05 0 0 0 0 1
56.524 0.05 0.002 0 0.002 0 1
56.574 0.05 0.002 0 0.002 0 1
56.624 0.05 0.002 0.002 0 0 1
56.674 0.05 0.002 0.002 0 0 1
56.724 0.052 0 0 0 0 1
56.774 0.05 0 0 0 0 1
56.824 0.05 0 0 0 0 1
56.91 0.086 0 0 0 0 1
56.912 0.002 0 0 0 0 1
56.966 0.052 0.002 0 0.002 0 1
57.01 0.044 0.002 0 0.002 0 1
57.06 0.052 0 0 0 0 1
57.112 0.05 0.002 0.002 0 0 1
57.164 0.052 0.002 0 0.002 0 1
57.214 0.05 0.002 0.002 0 0 1
57.266 0.052 0.002 0 0.002 0 1
57.314 0.05 0 0 0 0 1
57.362 0.048 0 0 0 0 1
57.414 0.05 0.002 0 0.002 0 1
57.464 0.05 0.002 0 0.002 0 1
57.512 0.05 0 0 0 0 1
57.564 0.05 0.002 0 0.002 0 1
57.612 0.05 0 0 0 0 1
57.662 0.05 0 0 0 0 1
57.714 0.05 0.002 0 0.002 0 1
57.764 0.05 0.002 0 0.002 0 1
57.814 0.05 0.002 0 0.002 0 1
57.864 0.05 0.002 0.002 0 0 1
57.912 0.05 0 0 0 0 1
57.964 0.05 0.002 0 0.002 0 1
58.014 0.05 0.002 0 0.002 0 1
58.062 0.05 0 0 0 0 1
58.112 0.05 0 0 0 0 1
58.164 0.05 0.002 0 0.002 0 1
58.318 0.152 0.004 0.002 0.002 0 1
58.356 0.04 0.002 0 0.002 0 1
58.406 0.052 0 0 0 0 1
58.456 0.05 0 0 0 0 1
58.504 0.048 0 0 0 0 1
58.554 0.05 0 0 0 0 1
58.606 0.05 0.002 0 0.002 0.002 1
58.656 0.05 0.002 0 0.002 0 1
58.706 0.05 0.002 0 0.002 0 1
58.756 0.052 0 0 0 0 1
58.804 0.048 0 0 0 0 1
58.854 0.05 0 0 0 0 1
59.006 0.152 0 0 0 0 1
59.052 0.046 0 0 0 0 1
59.104 0.052 0 0 0 0 1
59.154 0.048 0.002 0.002 0 0 1
59.204 0.052 0 0 0 0 1
59.248 0.044 0 0 0 0 1
59.298 0.05 0 0 0 0 1
59.348 0.05 0 0 0 0 1
59.394 0.046 0 0 0 0 1
59.444 0.05 0 0 0 0 1
59.496 0.05 0.002 0 0.002 0 1
59.6 0.104 0.002 0.002 0 0 1
59.63 0.032 0 0 0 0 1
59.682 0.05 0.002 0 0 0 1
59.734 0.052 0.002 0 0.002 0 1
59.784 0.052 0 0 0 0 1
59.836 0.05 0.002 0 0 0 1
59.888 0.052 0.002 0 0.002 0 1
59.938 0.052 0 0 0 0 1
59.988 0.05 0 0 0 0 1
60.04 0.05 0.002 0 0.002 0 1
60.088 0.05 0 0 0 0 1
60.14 0.05 0.002 0 0.002 0 1
60.188 0.05 0 0 0 0 1
60.24 0.052 0 0 0 0 1
60.29 0.05 0 0 0 0 1
60.34 0.05 0 0 0 0 1
60.388 0.046 0.002 0 0 0 1
60.438 0.05 0.002 0 0.002 0 1
60.484 0.048 0 0 0 0 1
60.53 0.046 0 0 0 0 1
60.582 0.052 0 0 0 0 1
60.634 0.052 0 0 0 0 1
60.682 0.048 0 0 0 0 1
60.734 0.05 0.002 0 0.002 0 1
60.784 0.052 0 0 0 0 1
60.834 0.048 0.002 0 0.002 0 1
60.882 0.048 0.002 0 0.002 0 1
60.932 0.05 0.002 0.002 0 0 1
61.074 0.142 0.002 0 0.002 0 1
61.074 0.002 0 0 0 0 1
61.124 0.05 0 0 0 0 1
61.176 0.05 0.002 0 0.002 0 1
61.226 0.05 0.002 0 0.002 0 1
61.276 0.05 0.002 0 0.002 0 1
61.324 0.05 0 0 0 0 1
61.376 0.052 0 0 0 0 1
61.426 0.05 0 0 0 0 1
61.476 0.05 0 0 0 0 1
61.526 0.048 0.002 0 0.002 0 1
61.576 0.05 0.002 0 0.002 0 1
61.624 0.05 0 0 0 0 1
61.728 0.102 0.002 0 0.002 0 1
61.756 0.03 0 0 0 0 1
61.808 0.052 0 0 0 0 1
61.86 0.052 0 0 0 0 1
61.914 0.054 0 0 0 0 1
61.962 0.048 0 0 0 0 1
62.014 0.052 0 0 0 0 1
62.064 0.05 0 0 0 0 1
62.116 0.05 0.002 0.002 0 0 1
62.166 0.05 0.002 0 0.002 0 1
62.216 0.052 0 0 0 0 1
62.268 0.05 0.002 0 0.002 0 1
62.354 0.088 0 0 0 0 1
62.396 0.042 0 0 0 0 1
62.446 0.05 0 0 0 0 1
62.498 0.052 0 0 0 0 1
62.55 0.05 0.002 0 0.002 0 1
62.6 0.05 0.002 0 0.002 0 1
62.65 0.052 0 0 0 0 1
62.702 0.048 0.004 0 0.002 0 1
62.75 0.052 0 0 0 0 1
62.8 0.05 0 0 0 0 1
62.85 0.05 0 0 0 0 1
62.9 0.05 0 0 0 0 1
62.988 0.088 0 0 0 0 1
63.04 0.05 0.002 0 0.002 0 1
63.092 0.052 0.002 0 0.002 0 1
63.142 0.05 0.002 0.002 0 0 1
63.194 0.052 0.002 0 0.002 0 1
63.242 0.048 0.002 0.002 0 0 1
63.292 0.052 0 0 0 0 1
63.342 0.05 0 0 0 0 1
63.394 0.052 0 0 0 0 1
63.446 0.048 0.004 0 0.002 0 1
63.55 0.108 0 0 0 0 1
63.584 0.034 0 0 0 0 1
63.634 0.05 0 0 0 0 1
63.684 0.05 0 0 0 0 1
63.736 0.052 0 0 0 0 1
63.788 0.05 0.002 0 0.002 0 1
63.836 0.048 0.002 0 0.002 0 1
63.886 0.05 0.002 0 0.002 0 1
63.936 0.052 0 0 0 0 1
63.988 0.05 0.002 0 0.002 0 1
64.038 0.05 0.002 0 0.002 0 1
64.088 0.05 0.002 0 0.002 0 1
64.176 0.09 0 0 0 0 1
64.228 0.05 0.002 0 0.002 0 1
64.276 0.048 0.002 0.002 0 0 1
64.324 0.05 0 0 0 0 1
64.376 0.05 0.002 0 0.002 0 1
64.426 0.052 0 0 0 0 1
64.478 0.05 0.002 0 0.002 0 1
64.528 0.052 0 0 0 0 1
64.58 0.05 0.002 0 0.002 0 1
64.63 0.05 0.002 0 0.002 0 1
64.68 0.05 0.002 0.002 0 0 1
64.79 0.112 0 0 0 0 1
64.824 0.034 0 0 0 0 1
64.874 0.05 0 0 0 0 1
64.926 0.05 0.002 0 0.002 0 1
64.976 0.05 0.002 0 0.002 0 1
65.026 0.052 0 0 0 0 1
65.076 0.05 0 0 0 0 1
65.126 0.048 0.002 0 0.002 0 1
65.178 0.052 0.002 0 0.002 0 1
65.226 0.05 0 0 0 0 1
65.276 0.05 0 0 0 0 1
65.326 0.05 0 0 0 0 1
65.376 0.048 0.002 0 0.002 0 1
65.424 0.05 0 0 0 0 1
65.53 0.104 0.002 0 0.002 0 1
65.572 0.042 0.002 0 0.002 0 1
65.622 0.052 0 0 0 0 1
65.674 0.05 0.002 0 0.002 0 1
65.724 0.05 0.002 0 0.002 0 1
65.774 0.052 0 0 0 0 1
65.822 0.048 0 0 0 0 1
65.872 0.05 0 0 0 0 1
65.924 0.05 0.002 0 0.002 0 1
65.974 0.05 0.002 0 0.002 0 1
66.114 0.142 0 0 0 0 1
66.116 0 0.002 0 0.002 0 1
66.164 0.05 0 0 0 0 1
66.216 0.05 0.002 0 0.002 0 1
66.266 0.052 0 0 0 0 1
66.316 0.048 0.002 0 0.002 0 1
66.368 0.052 0.002 0 0.002 0 1
66.416 0.05 0 0 0 0 1
66.468 0.05 0.002 0 0.002 0 1
66.518 0.05 0.002 0 0.002 0 1
66.568 0.05 0.002 0 0.002 0 1
66.616 0.05 0 0 0 0 1
66.668 0.05 0.002 0 0.002 0 1
66.716 0.05 0 0 0 0 1
66.842 0.124 0.002 0 0.002 0 1
66.858 0.018 0 0 0 0 1
66.91 0.05 0.002 0 0.002 0 1
66.96 0.05 0.002 0.002 0 0 1
67.008 0.05 0 0 0 0 1
67.06 0.05 0.002 0 0.002 0 1
67.11 0.05 0.002 0 0.002 0 1
67.16 0.052 0 0 0 0 1
67.212 0.05 0.002 0 0.002 0 1
67.256 0.044 0.002 0 0.002 0 1
67.304 0.05 0 0 0 0 1
67.356 0.05 0.002 0 0.002 0 1
67.406 0.052 0 0 0 0 1
67.534 0.128 0 0 0 0 1
67.552 0.018 0 0 0 0 1
67.602 0.05 0 0 0 0 1
67.654 0.052 0 0 0 0 1
67.702 0.048 0 0 0 0 1
67.754 0.052 0 0 0 0 1
67.806 0.05 0.002 0 0.002 0 1
67.856 0.052 0 0 0 0 1
67.9 0.044 0 0 0 0 1
67.954 0.052 0.002 0 0 0 1
68.006 0.052 0.002 0 0.002 0 1
68.112 0.106 0.002 0 0.002 0 1
68.15 0.04 0 0 0 0 1
68.2 0.048 0.002 0 0 0 1
68.25 0.052 0 0 0 0 1
68.302 0.05 0.002 0 0.002 0 1
68.352 0.052 0 0 0 0 1
68.402 0.05 0 0 0 0 1
68.454 0.052 0 0 0 0 1
68.504 0.048 0.002 0 0.002 0 1
68.552 0.05 0 0 0 0 1
68.604 0.05 0.002 0 0 0 1
68.654 0.052 0 0 0 0 1
68.704 0.05 0 0 0 0 1
82.404 13.426 0.274 0 0.274 0.204 1
82.664 0.274 0.26 0.004 0.256 0.192 1
82.912 0.26 0.248 0.004 0.24 0.186 1
83.242 0.326 0.252 0.002 0.25 0.19 1
83.492 0.252 0.25 0.004 0.246 0.188 1
83.818 0.33 0.246 0.004 0.242 0.18 1
84.046 0.246 0.228 0.004 0.222 0.166 1
84.286 0.228 0.24 0.002 0.238 0.176 1
84.652 0.352 0.254 0.002 0.252 0.192 1
84.902 0.254 0.25 0.002 0.248 0.184 1
85.254 0.354 0.248 0.004 0.244 0.188 1
85.506 0.248 0.252 0.002 0.25 0.194 1
85.874 0.358 0.262 0.004 0.258 0.194 1
86.13 0.262 0.256 0.002 0.254 0.19 1
86.388 0.256 0.258 0.004 0.254 0.19 1
86.628 0.258 0.24 0 0.24 0.184 1
86.862 0.24 0.234 0.004 0.23 0.172 1
87.198 0.318 0.252 0.002 0.25 0.194 1
87.428 0.252 0.23 0.006 0.224 0.168 1
87.676 0.23 0.248 0.004 0.244 0.188 1
87.916 0.248 0.24 0.004 0.236 0.174 1
88.156 0.24 0.24 0.002 0.238 0.174 1
88.482 0.328 0.238 0.004 0.234 0.178 1
88.716 0.24 0.232 0.002 0.23 0.172 1
88.974 0.232 0.258 0.004 0.254 0.192 1
89.302 0.342 0.244 0.004 0.24 0.182 1
89.546 0.244 0.244 0.002 0.242 0.186 1
89.888 0.356 0.23 0.004 0.226 0.176 1
90.142 0.232 0.252 0.004 0.248 0.19 1
90.406 0.252 0.264 0.004 0.26 0.194 1
90.784 0.386 0.256 0.002 0.254 0.186 1
91.024 0.256 0.24 0.004 0.236 0.174 1
91.274 0.24 0.25 0.002 0.248 0.188 1
91.516 0.25 0.242 0.004 0.238 0.182 1
91.768 0.242 0.252 0.002 0.25 0.184 1
92.11 0.356 0.238 0.002 0.236 0.178 1
92.342 0.238 0.232 0.002 0.23 0.174 1
92.594 0.232 0.252 0.004 0.248 0.188 1
92.942 0.342 0.258 0.002 0.256 0.19 1
93.18 0.258 0.238 0 0.238 0.178 1
93.422 0.238 0.242 0.004 0.238 0.18 1
93.746 0.332 0.234 0.004 0.23 0.188 1
93.982 0.234 0.236 0.008 0.228 0.166 1
94.334 0.332 0.256 0.004 0.252 0.186 1
94.586 0.256 0.252 0.004 0.248 0.188 1
94.842 0.252 0.256 0.002 0.254 0.192 1
95.11 0.256 0.268 0.004 0.264 0.198 1
95.378 0.268 0.268 0.004 0.264 0.196 1
95.642 0.268 0.264 0.004 0.26 0.198 1
96.004 0.37 0.256 0.006 0.25 0.184 1
96.254 0.256 0.25 0.006 0.242 0.186 1
96.498 0.25 0.244 0.002 0.242 0.172 1
96.758 0.244 0.26 0.006 0.254 0.192 1
96.992 0.26 0.234 0.004 0.23 0.17 1
97.34 0.332 0.25 0.004 0.244 0.186 1
97.598 0.25 0.258 0.004 0.254 0.194 1
97.832 0.258 0.234 0.004 0.23 0.184 1
98.192 0.336 0.258 0.004 0.254 0.188 1
98.458 0.258 0.266 0.004 0.262 0.198 1
98.698 0.266 0.24 0.004 0.236 0.166 1
99.05 0.336 0.256 0.006 0.25 0.188 1
99.292 0.256 0.242 0.004 0.238 0.176 1
99.556 0.242 0.264 0.006 0.258 0.194 1
99.912 0.37 0.25 0.004 0.246 0.184 1
100.178 0.25 0.266 0.004 0.262 0.192 1
100.436 0.266 0.258 0.004 0.254 0.196 1
100.694 0.258 0.258 0.004 0.254 0.192 1
100.924 0.258 0.23 0.002 0.228 0.168 1
101.196 0.23 0.272 0.004 0.268 0.2 1
101.534 0.366 0.244 0.002 0.242 0.184 1
101.778 0.244 0.244 0.002 0.242 0.178 1
102.02 0.244 0.242 0.004 0.238 0.178 1
102.366 0.34 0.248 0.002 0.246 0.178 1
102.618 0.248 0.252 0.004 0.248 0.19 1
102.878 0.252 0.26 0.004 0.256 0.198 1
103.244 0.382 0.244 0.004 0.24 0.18 1
103.466 0.244 0.222 0.004 0.218 0.16 1
103.696 0.222 0.23 0.004 0.226 0.17 1
103.93 0.23 0.234 0.002 0.232 0.17 1
104.154 0.234 0.224 0.004 0.22 0.168 1
104.386 0.224 0.232 0.006 0.224 0.162 1
104.736 0.35 0.232 0.002 0.23 0.176 1
104.948 0.232 0.212 0.004 0.208 0.152 1
105.144 0.212 0.196 0.004 0.192 0.138 1
105.336 0.196 0.192 0.002 0.19 0.136 1
105.642 0.286 0.212 0.002 0.21 0.152 1
105.802 0.212 0.16 0.004 0.156 0.104 1
105.948 0.16 0.146 0.004 0.142 0.092 1
106.102 0.146 0.154 0.002 0.152 0.106 1
106.366 0.284 0.134 0.002 0.132 0.086 1
106.5 0.134 0.134 0.004 0.13 0.088 1
106.626 0.134 0.126 0.004 0.122 0.082 1
106.762 0.126 0.136 0.004 0.132 0.086 1
106.886 0.136 0.124 0.002 0.122 0.076 1
107.124 0.23 0.132 0.002 0.13 0.084 1
107.232 0.132 0.108 0.004 0.104 0.068 1
107.332 0.108 0.1 0.004 0.096 0.058 1
107.436 0.1 0.104 0.002 0.102 0.064 1
107.532 0.104 0.096 0.004 0.092 0.06 1
107.62 0.096 0.088 0 0.088 0.062 1
107.714 0.088 0.094 0.002 0.092 0.06 1
107.906 0.184 0.102 0.004 0.098 0.064 1
107.978 0.102 0.072 0.004 0.068 0.038 1
108.046 0.072 0.068 0.002 0.066 0.034 1
108.122 0.068 0.076 0.004 0.072 0.044 1
108.19 0.076 0.068 0.004 0.064 0.036 1
108.258 0.068 0.068 0.004 0.064 0.04 1
108.334 0.068 0.076 0.004 0.072 0.042 1
108.408 0.076 0.074 0.002 0.072 0.044 1
108.476 0.074 0.068 0.004 0.064 0.036 1
108.66 0.18 0.072 0.002 0.068 0.04 1
108.71 0.072 0.05 0.004 0.046 0.024 1
108.748 0.05 0.038 0.004 0.034 0.012 1
108.804 0.038 0.056 0.004 0.052 0.028 1
108.856 0.056 0.052 0.004 0.048 0.028 1
108.91 0.052 0.054 0.004 0.05 0.028 1
108.962 0.054 0.052 0.002 0.05 0.028 1
109.01 0.054 0.046 0.002 0.044 0.026 1
109.064 0.046 0.054 0.004 0.05 0.026 1
109.118 0.054 0.054 0.004 0.05 0.024 1
109.158 0.054 0.04 0.002 0.038 0.02 1
109.208 0.04 0.05 0.004 0.046 0.022 1
109.254 0.05 0.046 0.004 0.042 0.026 1
109.302 0.046 0.048 0.002 0.046 0.02 1
109.352 0.048 0.05 0.004 0.046 0.026 1
109.402 0.05 0.05 0.004 0.046 0.022 1
109.442 0.05 0.04 0.002 0.038 0.02 1
109.488 0.04 0.046 0.002 0.044 0.024 1
109.542 0.046 0.054 0.004 0.05 0.026 1
109.588 0.054 0.046 0.002 0.044 0.022 1
109.64 0.046 0.052 0.004 0.048 0.024 1
109.688 0.052 0.048 0.002 0.046 0.024 1
109.73 0.048 0.042 0.002 0.04 0.018 1
109.78 0.044 0.048 0.002 0.046 0.026 1
109.834 0.05 0.052 0.004 0.048 0.026 1
109.888 0.052 0.054 0.004 0.05 0.028 1
109.94 0.054 0.052 0.002 0.05 0.028 1
109.992 0.052 0.052 0.004 0.046 0.026 1
110.044 0.052 0.052 0.002 0.05 0.026 1
110.092 0.052 0.048 0.004 0.044 0.024 1
110.268 0.172 0.052 0.002 0.05 0.026 1
110.322 0.052 0.054 0.004 0.05 0.026 1
110.352 0.054 0.03 0.004 0.026 0.012 1
110.382 0.03 0.03 0.002 0.028 0.01 1
110.412 0.03 0.03 0.004 0.026 0.012 1
110.462 0.048 0.032 0.004 0.028 0.014 1
110.508 0.05 0.028 0.002 0.026 0.01 1
110.556 0.05 0.026 0.004 0.022 0.008 1
110.606 0.048 0.028 0.002 0.026 0.01 1
110.656 0.05 0.028 0.002 0.026 0.01 1
110.708 0.05 0.03 0.002 0.028 0.012 1
110.754 0.048 0.028 0.006 0.022 0.012 1
110.8 0.048 0.026 0.004 0.022 0.008 1
110.842 0.05 0.018 0 0.018 0.006 1
110.898 0.044 0.03 0.004 0.026 0.012 1
110.95 0.052 0.03 0.004 0.026 0.012 1
111.004 0.052 0.032 0.004 0.028 0.012 1
111.054 0.054 0.028 0 0.028 0.014 1
111.106 0.048 0.032 0 0.032 0.012 1
111.154 0.054 0.026 0.004 0.022 0.008 1
111.206 0.048 0.03 0.004 0.026 0.012 1
111.258 0.05 0.032 0.004 0.028 0.006 1
111.308 0.05 0.032 0.004 0.028 0.012 1
111.356 0.052 0.028 0.002 0.026 0.014 1
111.406 0.05 0.028 0.004 0.024 0.01 1
111.448 0.048 0.022 0 0.022 0.01 1
111.494 0.046 0.022 0.002 0.02 0.002 1
111.55 0.044 0.034 0.006 0.028 0.012 1
111.6 0.052 0.032 0.004 0.028 0.01 1
111.648 0.05 0.03 0.004 0.026 0.012 1
111.71 0.048 0.044 0.004 0.04 0.018 1
111.746 0.05 0.03 0.004 0.026 0.01 1
111.898 0.152 0.03 0.004 0.026 0.012 1
111.92 0.034 0.018 0.002 0.016 0 1
111.966 0.038 0.026 0.002 0.024 0.008 1
112.016 0.054 0.022 0.004 0.018 0.008 1
112.076 0.052 0.03 0.002 0.028 0.008 1
112.112 0.048 0.018 0.004 0.014 0 1
112.166 0.048 0.024 0.004 0.02 0.008 1
112.22 0.052 0.026 0.004 0.022 0.008 1
112.27 0.054 0.022 0.004 0.018 0.008 1
112.318 0.05 0.02 0.002 0.018 0.008 1
112.37 0.05 0.022 0.004 0.018 0.008 1
112.412 0.048 0.016 0.004 0.012 0.008 1
112.466 0.048 0.022 0.004 0.018 0.008 1
112.516 0.052 0.02 0.002 0.018 0.006 1
112.682 0.162 0.024 0.002 0.022 0.006 1
112.706 0.024 0.024 0.004 0.02 0.008 1
112.754 0.05 0.022 0.006 0.016 0.008 1
112.802 0.05 0.02 0.004 0.016 0.008 1
112.852 0.05 0.02 0.004 0.016 0.004 1
112.902 0.052 0.018 0.004 0.014 0.004 1
112.952 0.048 0.02 0.004 0.016 0.006 1
113.004 0.05 0.022 0.002 0.02 0.01 1
113.052 0.048 0.022 0.004 0.018 0.006 1
113.102 0.054 0.018 0 0.018 0.01 1
113.15 0.048 0.018 0.004 0.014 0.004 1
113.2 0.05 0.018 0.004 0.014 0.004 1
113.25 0.05 0.018 0.004 0.014 0.006 1
113.302 0.05 0.02 0.004 0.016 0.008 1
113.444 0.144 0.018 0.002 0.016 0.004 1
113.49 0.048 0.016 0.002 0.014 0.004 1
113.538 0.05 0.014 0.004 0.01 0.004 1
113.59 0.05 0.016 0.004 0.012 0.004 1
113.64 0.052 0.014 0.004 0.01 0.004 1
113.688 0.046 0.016 0 0.016 0.01 1
113.73 0.052 0.006 0 0.006 0 1
113.786 0.044 0.018 0.004 0.014 0.006 1
113.836 0.048 0.02 0.004 0.016 0.006 1
113.876 0.046 0.014 0.004 0.01 0.004 1
113.926 0.052 0.012 0.002 0.008 0.004 1
113.982 0.05 0.018 0.002 0.016 0.006 1
114.032 0.05 0.018 0.006 0.012 0.004 1
114.082 0.052 0.016 0.004 0.012 0.004 1
114.22 0.138 0.016 0.002 0.014 0.004 1
114.236 0.016 0.016 0.004 0.012 0.004 1
114.272 0.038 0.014 0.004 0.01 0.002 1
114.324 0.052 0.014 0.004 0.01 0.004 1
114.372 0.048 0.014 0.002 0.012 0.002 1
114.418 0.052 0.008 0 0.008 0.004 1
114.472 0.048 0.014 0.002 0.012 0.004 1
114.522 0.05 0.014 0.002 0.012 0.004 1
114.57 0.05 0.012 0.004 0.008 0.002 1
114.622 0.05 0.014 0.002 0.012 0.004 1
114.672 0.05 0.014 0.002 0.012 0.004 1
114.718 0.052 0.008 0.002 0.002 0 1
114.77 0.046 0.014 0.004 0.008 0.004 1
114.82 0.05 0.014 0.004 0.01 0.002 1
114.872 0.05 0.016 0.004 0.012 0.006 1
114.922 0.052 0.014 0.004 0.01 0.002 1
114.972 0.05 0.014 0.002 0.01 0.004 1
115.136 0.164 0.014 0.004 0.01 0.004 1
115.15 0.014 0.014 0.002 0.012 0.004 1
115.194 0.044 0.014 0.004 0.01 0.004 1
115.24 0.05 0.01 0.002 0.008 0.002 1
115.282 0.05 0.002 0 0.002 0 1
115.342 0.048 0.014 0 0.014 0.008 1
115.392 0.054 0.01 0.002 0.008 0.004 1
115.446 0.052 0.012 0.004 0.008 0.002 1
115.498 0.054 0.01 0.002 0.008 0.002 1
115.55 0.05 0.012 0.004 0.008 0.002 1
115.602 0.052 0.012 0.004 0.006 0.002 1
115.652 0.052 0.01 0.002 0.008 0.002 1
115.704 0.05 0.012 0.004 0.008 0.004 1
115.754 0.052 0.01 0.002 0.006 0.002 1
115.808 0.052 0.012 0.002 0.008 0.002 1
115.856 0.048 0.012 0.002 0.01 0.002 1
115.994 0.142 0.008 0.002 0.006 0.004 1
116.026 0.04 0 0 0 0 1
116.08 0.048 0.006 0 0.006 0.004 1
116.128 0.054 0 0 0 0 1
116.176 0.044 0.004 0.002 0.002 0.002 1
116.23 0.048 0.01 0 0.01 0 1
116.284 0.054 0.01 0.004 0.004 0.002 1
116.334 0.052 0.008 0.002 0.006 0.004 1
116.384 0.048 0.01 0 0.008 0.002 1
116.434 0.052 0.008 0.002 0.006 0.002 1
116.482 0.05 0.006 0 0.006 0.002 1
116.53 0.048 0.006 0.002 0.004 0.002 1
116.582 0.05 0.008 0.002 0.006 0 1
116.632 0.05 0.008 0.004 0.004 0.002 1
116.682 0.052 0.006 0 0.006 0.004 1
116.726 0.05 0 0 0 0 1
116.848 0.118 0.004 0 0.004 0.002 1
116.868 0.016 0.008 0.002 0.006 0 1
116.916 0.05 0.006 0.004 0.002 0 1
116.964 0.052 0.002 0 0.002 0 1
117.014 0.046 0.006 0.004 0.002 0 1
117.06 0.052 0 0 0 0 1
117.112 0.046 0.006 0.004 0.002 0 1
117.158 0.05 0.002 0 0.002 0 1
117.208 0.048 0.004 0.002 0.002 0 1
117.258 0.05 0.004 0.002 0.002 0 1
117.308 0.05 0.004 0.002 0.002 0 1
117.358 0.048 0.006 0.002 0.004 0 1
117.408 0.052 0.004 0.002 0.002 0.002 1
117.458 0.05 0.004 0.002 0.002 0 1
117.508 0.05 0.004 0.002 0.002 0 1
117.558 0.05 0.004 0.002 0.002 0 1
117.608 0.05 0.004 0 0.004 0.004 1
117.654 0.05 0 0 0 0 1
117.706 0.046 0.006 0.004 0.002 0 1
117.756 0.052 0.004 0.002 0.002 0 1
117.806 0.05 0.004 0.002 0.002 0 1
117.854 0.05 0.002 0.002 0 0 1
117.904 0.048 0.004 0.002 0.002 0 1
117.954 0.05 0.004 0.002 0.002 0 1
118.004 0.05 0.004 0.002 0.002 0 1
118.05 0.05 0 0 0 0 1
118.104 0.05 0.004 0.002 0.002 0 1
118.15 0.05 0 0 0 0 1
118.204 0.05 0.004 0.002 0.002 0 1
118.254 0.05 0.004 0.002 0.002 0 1
118.296 0.042 0.004 0.004 0 0 1
118.348 0.05 0.006 0.004 0.002 0 1
118.494 0.148 0.004 0.002 0.002 0 1
118.528 0.038 0 0 0 0 1
118.584 0.052 0.004 0.004 0 0 1
118.634 0.052 0.002 0.002 0 0 1
118.686 0.05 0.004 0.002 0.002 0 1
118.732 0.05 0 0 0 0 1
118.788 0.052 0.004 0.004 0 0 1
118.838 0.05 0.004 0.004 0 0 1
118.888 0.05 0.004 0.002 0.002 0 1
118.938 0.05 0.004 0.002 0.002 0 1
118.988 0.05 0.004 0.002 0.002 0 1
119.036 0.048 0.004 0 0.004 0 1
119.086 0.05 0.004 0.004 0 0 1
119.138 0.05 0.006 0.004 0.002 0 1
119.186 0.05 0.004 0 0.004 0 1
119.236 0.05 0.004 0.002 0.002 0 1
119.286 0.05 0.004 0.004 0 0 1
119.476 0.19 0.004 0.002 0.002 0 1
119.48 0.004 0.004 0.002 0.002 0 1
119.526 0.046 0.004 0.004 0 0 1
119.576 0.052 0.002 0.002 0 0 1
119.628 0.05 0.004 0.002 0.002 0 1
119.678 0.05 0.004 0.004 0 0 1
119.728 0.052 0.002 0.002 0 0 1
119.78 0.05 0.004 0.004 0 0 1
119.83 0.05 0.004 0.002 0.002 0 1
119.88 0.05 0.004 0.004 0 0 1
119.928 0.048 0.004 0.004 0 0 1
119.98 0.052 0.004 0.002 0.002 0 1
120.028 0.05 0.002 0.002 0 0 1
120.078 0.05 0.002 0.002 0 0 1
120.13 0.05 0.004 0.002 0.002 0 1
120.18 0.05 0.004 0 0.004 0 1
120.228 0.048 0.004 0.004 0 0 1
120.278 0.052 0.002 0.002 0 0 1
120.328 0.048 0.004 0.004 0 0 1
120.376 0.05 0.002 0.002 0 0 1
120.428 0.05 0.004 0.002 0.002 0 1
120.48 0.05 0.006 0.004 0.002 0 1
120.528 0.052 0.002 0.002 0 0 1
120.578 0.05 0.002 0.002 0 0 1
120.628 0.05 0.002 0.002 0 0 1
120.674 0.048 0 0 0 0 1
120.724 0.05 0 0 0 0 1
120.776 0.05 0.002 0 0 0 1
120.824 0.048 0.002 0.002 0 0 1
120.87 0.048 0 0 0 0 1
120.92 0.048 0.002 0.002 0 0 1
120.972 0.05 0.004 0.004 0 0 1
121.02 0.052 0 0 0 0 1
121.164 0.14 0.004 0.004 0 0 1
121.214 0.052 0.002 0.002 0 0 1
121.268 0.052 0.004 0.002 0.002 0 1
121.316 0.048 0.004 0.002 0.002 0 1
121.368 0.052 0.004 0.004 0 0 1
121.418 0.052 0.002 0.002 0 0 1
121.474 0.05 0.008 0.004 0.004 0 1
121.522 0.052 0.004 0.002 0.002 0 1
121.574 0.05 0.006 0.004 0.002 0 1
121.624 0.052 0.004 0.002 0.002 0 1
121.674 0.05 0.004 0.004 0 0 1
121.726 0.05 0.006 0.004 0.002 0 1
121.772 0.05 0.002 0.002 0 0 1
121.824 0.05 0.004 0.002 0.002 0 1
121.872 0.05 0.002 0.002 0 0 1
121.92 0.048 0.002 0 0 0 1
121.972 0.05 0.004 0.002 0.002 0 1
122.162 0.19 0.004 0.004 0 0 1
122.208 0.048 0.002 0.002 0 0 1
122.256 0.05 0 0 0 0 1
122.31 0.048 0.006 0.004 0.002 0 1
122.36 0.054 0.002 0.002 0 0 1
122.412 0.048 0.006 0.004 0.002 0 1
122.462 0.054 0.002 0.002 0 0 1
122.514 0.05 0.004 0.004 0 0 1
122.564 0.05 0.004 0.004 0 0 1
122.614 0.052 0.002 0.002 0 0 1
122.664 0.05 0.002 0.002 0 0 1
122.716 0.05 0.004 0 0.004 0.004 1
122.764 0.05 0.002 0.002 0 0 1
122.812 0.05 0 0 0 0 1
122.866 0.05 0.004 0.004 0 0 1
122.912 0.05 0 0 0 0 1
122.96 0.048 0 0 0 0 1
123.164 0.2 0.004 0.002 0 0 1
123.204 0.04 0.004 0.004 0 0 1
123.252 0.048 0.004 0.002 0.002 0 1
123.302 0.052 0.002 0.002 0 0 1
123.348 0.044 0.004 0 0.004 0 1
123.398 0.052 0.002 0.002 0 0 1
123.446 0.05 0 0 0 0 1
123.494 0.048 0 0 0 0 1
123.544 0.048 0.002 0 0.002 0 1
123.596 0.05 0.004 0.002 0.002 0 1
123.646 0.052 0.002 0.002 0 0 1
123.698 0.05 0.004 0.002 0.002 0 1
123.75 0.052 0.004 0.002 0.002 0 1
123.8 0.05 0.004 0.004 0 0 1
123.848 0.05 0.002 0.002 0 0 1
123.898 0.05 0.002 0.002 0 0 1
123.95 0.05 0.004 0.002 0.002 0 1
123.998 0.05 0.002 0.002 0 0 1
124.05 0.05 0.004 0.002 0.002 0 1
124.2 0.152 0.002 0 0.002 0 1
124.234 0.034 0.002 0.002 0 0 1
124.28 0.048 0 0 0 0 1
124.336 0.054 0.002 0.002 0 0 1
124.376 0.042 0 0 0 0 1
124.428 0.05 0.002 0.002 0 0 1
124.484 0.05 0.008 0.006 0.002 0 1
124.532 0.054 0.002 0.002 0 0 1
124.584 0.05 0.004 0.002 0.002 0 1
124.634 0.052 0.002 0.002 0 0 1
124.686 0.05 0.004 0.002 0.002 0 1
124.734 0.05 0.002 0.002 0 0 1
124.786 0.05 0.004 0.004 0 0 1
124.836 0.052 0.002 0.002 0 0 1
124.886 0.05 0.002 0.002 0 0 1
124.936 0.05 0.002 0.002 0 0 1
124.98 0.046 0 0 0 0 1
125.034 0.05 0.004 0.002 0.002 0 1
125.08 0.05 0 0 0 0 1
125.132 0.05 0.002 0.002 0 0 1
125.18 0.05 0 0 0 0 1
125.234 0.052 0.002 0.002 0 0 1
125.282 0.05 0 0 0 0 1
125.332 0.05 0 0 0 0 1
125.384 0.048 0.004 0.002 0.002 0 1
125.434 0.05 0.004 0.002 0.002 0 1
125.484 0.052 0.002 0.002 0 0 1
125.536 0.05 0.004 0.002 0.002 0 1
125.584 0.05 0.002 0.002 0 0 1
125.626 0.044 0 0 0 0 1
125.678 0.052 0 0 0 0 1
125.732 0.05 0.004 0.004 0 0 1
125.784 0.052 0.004 0.002 0.002 0 1
125.834 0.052 0.002 0.002 0 0 1
125.882 0.05 0 0 0 0 1
125.928 0.044 0.002 0.002 0 0 1
126.064 0.13 0.008 0.006 0.002 0 1
126.074 0.012 0.006 0.004 0.002 0 1
126.122 0.05 0.004 0.002 0.002 0 1
126.172 0.052 0.002 0.002 0 0 1
126.214 0.04 0.004 0.002 0.002 0 1
126.266 0.052 0.004 0 0.004 0 1
126.316 0.05 0.004 0.004 0 0 1
126.368 0.05 0.006 0.004 0.002 0 1
126.416 0.052 0.002 0 0.002 0 1
126.468 0.05 0.004 0.002 0.002 0 1
126.514 0.05 0 0 0 0 1
126.562 0.048 0 0 0 0 1
126.614 0.052 0 0 0 0 1
126.666 0.05 0.002 0.002 0 0 1
126.716 0.05 0.002 0.002 0 0 1
126.768 0.05 0.004 0.002 0.002 0 1
126.816 0.05 0.002 0.002 0 0 1
126.864 0.05 0 0 0 0 1
126.918 0.05 0.004 0.002 0.002 0 1
127.094 0.176 0.004 0.004 0 0 1
127.094 0.004 0 0 0 0 1
127.138 0.04 0.004 0.002 0.002 0 1
127.194 0.058 0.002 0.002 0 0 1
127.25 0.054 0.004 0.002 0.002 0 1
127.302 0.052 0.004 0 0.004 0 1
127.354 0.054 0.002 0 0.002 0 1
127.406 0.052 0.002 0 0.002 0 1
127.458 0.052 0.002 0 0.002 0 1
127.51 0.05 0.004 0.002 0.002 0 1
127.558 0.052 0 0 0 0 1
127.612 0.05 0.004 0.002 0.002 0 1
127.658 0.05 0 0 0 0 1
127.71 0.05 0.002 0 0.002 0 1
127.756 0.048 0 0 0 0 1
127.806 0.048 0.002 0.002 0 0 1
127.858 0.05 0.004 0.002 0 0 1
127.902 0.048 0 0 0 0 1
127.954 0.048 0.004 0.002 0.002 0 1
128.138 0.184 0.004 0.002 0.002 0 1
128.14 0.004 0.002 0.002 0 0 1
128.192 0.05 0.004 0.002 0.002 0 1
128.244 0.054 0.002 0 0.002 0 1
128.294 0.052 0 0 0 0 1
128.348 0.05 0.004 0.002 0.002 0 1
128.396 0.05 0.002 0.002 0 0 1
128.446 0.05 0.002 0.002 0 0 1
128.498 0.052 0.002 0 0.002 0 1
128.55 0.05 0.004 0.002 0 0 1
128.6 0.052 0.002 0 0.002 0 1
128.65 0.05 0.002 0.002 0 0 1
128.698 0.05 0 0 0 0 1
128.75 0.052 0 0 0 0 1
128.802 0.05 0.002 0 0.002 0 1
128.852 0.05 0.002 0.002 0 0 1
128.888 0.036 0.002 0 0 0 1
128.94 0.05 0.004 0.002 0.002 0 1
128.986 0.048 0.002 0 0.002 0 1
129.168 0.18 0.004 0.004 0 0 1
129.208 0.044 0 0 0 0 1
129.266 0.056 0.002 0 0.002 0 1
129.318 0.052 0.002 0.002 0 0 1
129.37 0.052 0.002 0.002 0 0 1
129.424 0.052 0.004 0.002 0.002 0 1
129.476 0.052 0.004 0.002 0 0 1
129.526 0.052 0.002 0 0.002 0 1
129.574 0.05 0 0 0 0 1
129.62 0.046 0 0 0 0 1
129.672 0.05 0.002 0.002 0 0 1
129.722 0.05 0.002 0.002 0 0 1
129.772 0.048 0.004 0.002 0.002 0 1
129.824 0.054 0.002 0 0.002 0 1
129.874 0.05 0.002 0.002 0 0 1
129.924 0.05 0.002 0.002 0 0 1
129.974 0.05 0.002 0.002 0 0 1
130.026 0.05 0.004 0.002 0 0 1
130.072 0.048 0.002 0.002 0 0 1
130.12 0.05 0 0 0 0 1
130.17 0.048 0.002 0.002 0 0 1
130.222 0.05 0.004 0.002 0 0 1
130.268 0.05 0 0 0 0 1
130.432 0.164 0 0 0 0 1
130.448 0.008 0.008 0.006 0.002 0 1
130.49 0.048 0.002 0.002 0 0 1
130.542 0.052 0.002 0 0.002 0 1
130.592 0.052 0 0 0 0 1
130.642 0.05 0 0 0 0 1
130.688 0.046 0 0 0 0 1
130.742 0.052 0.002 0.002 0 0 1
130.79 0.05 0 0 0 0 1
130.844 0.054 0 0 0 0 1
130.896 0.048 0.004 0.002 0.002 0 1
130.946 0.052 0.002 0.002 0 0 1
130.992 0.046 0.002 0.002 0 0 1
131.042 0.05 0.002 0 0.002 0 1
131.092 0.05 0.002 0 0.002 0 1
131.138 0.048 0 0 0 0 1
131.188 0.05 0 0 0 0 1
131.242 0.052 0.002 0 0.002 0 1
131.286 0.044 0.002 0.002 0 0 1
131.338 0.052 0.002 0.002 0 0 1
131.386 0.05 0 0 0 0 1
131.546 0.158 0.002 0.002 0 0 1
131.574 0.026 0.004 0 0.004 0 1
131.626 0.054 0.002 0.002 0 0 1
131.674 0.05 0 0 0 0 1
131.724 0.05 0 0 0 0 1
131.774 0.05 0 0 0 0 1
131.826 0.052 0 0 0 0 1
131.878 0.046 0.006 0.006 0 0 1
131.93 0.054 0.004 0.002 0.002 0 1
131.98 0.05 0.004 0.002 0 0 1
132.03 0.052 0.002 0 0.002 0 1
132.08 0.048 0.004 0.002 0.002 0 1
132.128 0.052 0 0 0 0 1
132.178 0.05 0 0 0 0 1
132.23 0.05 0.002 0 0.002 0 1
132.272 0.044 0 0 0 0 1
132.328 0.054 0.002 0.002 0 0 1
132.376 0.05 0 0 0 0 1
132.43 0.052 0.002 0 0.002 0 1
132.48 0.05 0.002 0 0.002 0 1
132.662 0.182 0.002 0.002 0 0 1
132.708 0.046 0.002 0.002 0 0 1
132.758 0.05 0.002 0 0.002 0 1
132.808 0.05 0.002 0 0.002 0 1
132.858 0.05 0.002 0.002 0 0 1
132.91 0.048 0.006 0.004 0 0 1
132.958 0.054 0 0 0 0 1
133.008 0.05 0 0 0 0 1
133.058 0.05 0 0 0 0 1
133.112 0.052 0.002 0 0.002 0 1
133.156 0.046 0 0 0 0 1
133.21 0.05 0.004 0.004 0 0 1
133.258 0.052 0 0 0 0 1
133.308 0.048 0.002 0.002 0 0 1
133.358 0.05 0.002 0 0.002 0 1
133.404 0.048 0 0 0 0 1
133.458 0.054 0 0 0 0 1
133.51 0.05 0.002 0.002 0 0 1
133.56 0.05 0.002 0.002 0 0 1
133.738 0.178 0.002 0.002 0 0 1
133.744 0.006 0.002 0.002 0 0 1
133.798 0.054 0.002 0 0.002 0 1
133.85 0.052 0.002 0.002 0 0 1
133.898 0.048 0.002 0 0.002 0 1
133.95 0.052 0.002 0 0.002 0 1
134 0.052 0 0 0 0 1
134.05 0.048 0.002 0 0.002 0 1
134.102 0.052 0.002 0 0.002 0 1
134.15 0.05 0 0 0 0 1
134.204 0.052 0.002 0 0.002 0 1
134.25 0.048 0 0 0 0 1
134.296 0.042 0.004 0 0.004 0 1
134.342 0.05 0 0 0 0 1
134.392 0.048 0.002 0 0.002 0 1
134.442 0.05 0.002 0.002 0 0 1
134.494 0.052 0.002 0 0.002 0 1
134.542 0.05 0 0 0 0 1
134.596 0.052 0.002 0 0.002 0 1
134.644 0.048 0.002 0 0 0 1
134.806 0.162 0.002 0 0.002 0 1
134.822 0.016 0.002 0.002 0 0 1
134.876 0.054 0.002 0 0.002 0 1
134.93 0.054 0.002 0 0.002 0 1
134.982 0.052 0.002 0.002 0 0 1
135.034 0.052 0.002 0.002 0 0 1
135.084 0.052 0 0 0 0 1
135.132 0.046 0.002 0.002 0 0 1
135.184 0.052 0.002 0 0.002 0 1
135.234 0.052 0 0 0 0 1
135.278 0.044 0 0 0 0 1
135.338 0.058 0.002 0.002 0 0 1
135.384 0.046 0.002 0 0.002 0 1
135.432 0.05 0 0 0 0 1
135.484 0.05 0.002 0.002 0 0 1
135.534 0.052 0 0 0 0 1
135.586 0.05 0.002 0 0.002 0 1
135.634 0.05 0 0 0 0 1
135.686 0.052 0 0 0 0 1
135.734 0.046 0.002 0 0.002 0 1
135.772 0.04 0 0 0 0 1
135.826 0.052 0.002 0.002 0 0 1
135.878 0.052 0.002 0 0.002 0 1
136.054 0.176 0.002 0.002 0 0 1
136.07 0.016 0.002 0.002 0 0 1
136.12 0.05 0.002 0.002 0 0 1
136.174 0.054 0.002 0 0.002 0 1
136.224 0.052 0 0 0 0 1
136.276 0.05 0.002 0 0.002 0 1
136.326 0.052 0 0 0 0 1
136.376 0.048 0.002 0.002 0 0 1
136.428 0.052 0.002 0 0.002 0 1
136.478 0.05 0.002 0 0.002 0 1
136.528 0.05 0.002 0.002 0 0 1
136.58 0.052 0.002 0.002 0 0 1
136.626 0.048 0 0 0 0 1
136.678 0.05 0.002 0.002 0 0 1
136.724 0.046 0.002 0.002 0 0 1
136.776 0.052 0.002 0 0.002 0 1
136.826 0.05 0.002 0 0.002 0 1
136.876 0.05 0.002 0.002 0 0 1
136.924 0.05 0 0 0 0 1
136.974 0.048 0.002 0.002 0 0 1
137.018 0.044 0.002 0 0.002 0 1
137.07 0.052 0.002 0 0.002 0 1
137.12 0.05 0.002 0 0.002 0 1
137.312 0.192 0.002 0.002 0 0 1
137.354 0.042 0.002 0 0.002 0 1
137.406 0.052 0.002 0.002 0 0 1
137.454 0.048 0.002 0 0.002 0 1
137.504 0.05 0.002 0 0.002 0 1
137.55 0.046 0.002 0.002 0 0 1
137.604 0.054 0.002 0 0.002 0 1
137.656 0.052 0.002 0.002 0 0 1
137.706 0.05 0.002 0 0.002 0 1
137.756 0.05 0.002 0.002 0 0 1
137.808 0.052 0.002 0 0.002 0 1
137.858 0.05 0.002 0.002 0 0 1
137.91 0.052 0.002 0 0.002 0 1
137.96 0.05 0.002 0.002 0 0 1
138.01 0.05 0.002 0.002 0 0 1
138.06 0.052 0 0 0 0 1
138.108 0.046 0.002 0.002 0 0 1
138.152 0.046 0 0 0 0 1
138.206 0.052 0.002 0.002 0 0 1
138.254 0.05 0 0 0 0 1
138.306 0.05 0.002 0 0.002 0 1
138.49 0.184 0.002 0.002 0 0 1
138.494 0.006 0 0 0 0 1
138.54 0.044 0.002 0 0.002 0 1
138.594 0.054 0.002 0 0.002 0 1
138.646 0.054 0 0 0 0 1
138.694 0.046 0.002 0.002 0 0 1
138.746 0.052 0.002 0.002 0 0 1
138.798 0.052 0.002 0.002 0 0 1
138.848 0.052 0 0 0 0 1
138.9 0.05 0.002 0 0.002 0 1
138.95 0.05 0.002 0.002 0 0 1
139 0.05 0.002 0.002 0 0 1
139.05 0.05 0.002 0.002 0 0 1
139.102 0.052 0.002 0 0.002 0 1
139.15 0.048 0.002 0.002 0 0 1
139.202 0.052 0.002 0 0.002 0 1
139.252 0.05 0.002 0.002 0 0 1
139.302 0.048 0.004 0.002 0.002 0 1
139.352 0.05 0.004 0.002 0.002 0 1
139.402 0.052 0.002 0 0.002 0 1
139.45 0.05 0 0 0 0 1
139.502 0.05 0.002 0.002 0 0 1
139.672 0.168 0.004 0.002 0.002 0 1
139.694 0.024 0.002 0.002 0 0 1
139.74 0.048 0 0 0 0 1
139.784 0.042 0.002 0.002 0 0 1
139.83 0.046 0.002 0.002 0 0 1
139.884 0.054 0.002 0.002 0 0 1
139.932 0.048 0.002 0 0.002 0 1
139.986 0.052 0.004 0.002 0.002 0 1
140.036 0.052 0.002 0.002 0 0 1
140.086 0.052 0 0 0 0 1
140.14 0.052 0.002 0 0.002 0 1
140.192 0.052 0.002 0 0.002 0 1
140.242 0.05 0.002 0 0.002 0 1
140.292 0.05 0.002 0.002 0 0 1
140.342 0.052 0 0 0 0 1
140.392 0.05 0 0 0 0 1
140.442 0.048 0.002 0.002 0 0 1
140.492 0.05 0.002 0.002 0 0 1
140.536 0.046 0 0 0 0 1
140.588 0.05 0.002 0.002 0 0 1
140.638 0.05 0.002 0.002 0 0 1
140.686 0.05 0 0 0 0 1
140.732 0.046 0 0 0 0 1
140.78 0.046 0.002 0 0.002 0 1
140.832 0.052 0.002 0 0.002 0 1
140.884 0.052 0.002 0 0.002 0 1
140.932 0.05 0 0 0 0 1
140.986 0.052 0.002 0 0.002 0 1
141.03 0.046 0 0 0 0 1
141.08 0.05 0 0 0 0 1
141.13 0.048 0.002 0 0.002 0 1
141.182 0.052 0.002 0 0.002 0 1
141.23 0.05 0 0 0 0 1
141.282 0.052 0 0 0 0 1
141.334 0.052 0 0 0 0 1
141.382 0.048 0 0 0 0 1
141.584 0.2 0.002 0 0.002 0 1
141.626 0.04 0.004 0.002 0.002 0 1
141.676 0.052 0.002 0.002 0 0 1
141.728 0.052 0.002 0 0.002 0 1
141.778 0.052 0 0 0 0 1
141.824 0.044 0.002 0 0.002 0 1
141.874 0.05 0.002 0.002 0 0 1
141.92 0.044 0.004 0.002 0.002 0 1
141.97 0.052 0.002 0.002 0 0 1
142.022 0.052 0.002 0 0.002 0 1
142.072 0.05 0.002 0 0.002 0 1
142.12 0.05 0 0 0 0 1
142.172 0.05 0.002 0 0.002 0 1
142.224 0.05 0.004 0.002 0.002 0 1
142.274 0.05 0.004 0.002 0.002 0 1
142.322 0.052 0 0 0 0 1
142.372 0.048 0.002 0.002 0 0 1
142.42 0.05 0 0 0 0 1
142.47 0.048 0.002 0.002 0 0 1
142.522 0.052 0.002 0 0.002 0 1
142.572 0.05 0.002 0.002 0 0 1
142.62 0.05 0 0 0 0 1
142.672 0.05 0.002 0.002 0 0 1
142.722 0.05 0.002 0.002 0 0 1
142.774 0.052 0.002 0 0.002 0 1
142.822 0.048 0.002 0 0.002 0 1
142.872 0.05 0.002 0.002 0 0 1
142.922 0.05 0.002 0.002 0 0 1
142.968 0.048 0 0 0 0 1
143.022 0.052 0.002 0.002 0 0 1
143.07 0.05 0 0 0 0 1
143.12 0.048 0.002 0.002 0 0 1
143.34 0.22 0.002 0 0.002 0 1
143.362 0.02 0.004 0.004 0 0 1
143.412 0.052 0.002 0 0.002 0 1
143.462 0.05 0.002 0.002 0 0 1
143.514 0.052 0.002 0 0.002 0 1
143.56 0.048 0 0 0 0 1
143.614 0.052 0.002 0.002 0 0 1
143.664 0.05 0.002 0.002 0 0 1
143.714 0.05 0.002 0 0.002 0 1
143.764 0.05 0.002 0 0.002 0 1
143.814 0.05 0.002 0 0.002 0 1
143.864 0.05 0.002 0 0.002 0 1
143.914 0.05 0.002 0.002 0 0 1
143.964 0.05 0.002 0.002 0 0 1
144.014 0.05 0.002 0.002 0 0 1
144.064 0.05 0.002 0.002 0 0 1
144.112 0.05 0 0 0 0 1
144.166 0.05 0.004 0.002 0.002 0 1
144.212 0.05 0 0 0 0 1
144.262 0.048 0.002 0.002 0 0 1
144.314 0.05 0.004 0.002 0.002 0 1
144.364 0.052 0.002 0 0.002 0 1
144.528 0.164 0.002 0.002 0 0 1
144.554 0.028 0 0 0 0 1
144.604 0.05 0 0 0 0 1
144.656 0.05 0.002 0.002 0 0 1
144.708 0.052 0.002 0 0.002 0 1
144.756 0.05 0 0 0 0 1
144.804 0.048 0 0 0 0 1
144.848 0.042 0.002 0.002 0 0 1
144.9 0.052 0.002 0.002 0 0 1
144.952 0.052 0.002 0 0.002 0 1
144.998 0.048 0 0 0 0 1
145.052 0.052 0.002 0 0.002 0 1
145.104 0.05 0.004 0.002 0.002 0 1
145.15 0.05 0 0 0 0 1
145.198 0.044 0.004 0.004 0 0 1
145.244 0.048 0.002 0.002 0 0 1
145.29 0.048 0 0 0 0 1
145.488 0.196 0.002 0 0.002 0 1
145.528 0.04 0.002 0 0.002 0 1
145.578 0.05 0.002 0 0.002 0 1
145.624 0.046 0.002 0.002 0 0 1
145.68 0.054 0.004 0.002 0.002 0 1
145.724 0.048 0 0 0 0 1
145.776 0.052 0 0 0 0 1
145.834 0.054 0.004 0 0.002 0 1
145.886 0.054 0.002 0.002 0 0 1
145.936 0.052 0 0 0 0 1
145.99 0.052 0.002 0 0.002 0 1
146.034 0.046 0 0 0 0 1
146.09 0.056 0 0 0 0 1
146.138 0.048 0 0 0 0 1
146.188 0.048 0.002 0 0.002 0 1
146.24 0.052 0.002 0.002 0 0 1
146.29 0.052 0 0 0 0 1
146.342 0.05 0.002 0 0.002 0 1
146.394 0.052 0.002 0.002 0 0 1
146.438 0.044 0.002 0 0.002 0 1
146.488 0.05 0.002 0 0.002 0 1
146.538 0.05 0.002 0.002 0 0 1
146.586 0.048 0.002 0.002 0 0 1
146.636 0.05 0.002 0.002 0 0 1
146.688 0.052 0.002 0 0.002 0 1
146.734 0.048 0 0 0 0 1
146.788 0.052 0.002 0 0 0 1
146.838 0.05 0.002 0 0.002 0 1
146.888 0.05 0.002 0.002 0 0 1
146.938 0.05 0.002 0.002 0 0 1
146.988 0.05 0.002 0.002 0 0 1
147.036 0.05 0 0 0 0 1
147.086 0.05 0 0 0 0 1
147.284 0.196 0.002 0.002 0 0 1
147.314 0.03 0.002 0 0.002 0 1
147.364 0.05 0.002 0 0.002 0 1
147.414 0.05 0.002 0.002 0 0 1
147.464 0.052 0 0 0 0 1
147.514 0.05 0 0 0 0 1
147.566 0.05 0.002 0.002 0 0 1
147.614 0.05 0 0 0 0 1
147.668 0.052 0.002 0 0.002 0 1
147.718 0.05 0.002 0 0.002 0 1
147.768 0.05 0.002 0.002 0 0 1
147.812 0.046 0 0 0 0 1
147.866 0.052 0.002 0 0.002 0 1
147.914 0.05 0 0 0 0 1
147.956 0.04 0.002 0 0.002 0 1
148.01 0.05 0.006 0.004 0.002 0 1
148.056 0.052 0 0 0 0 1
148.108 0.05 0.002 0.002 0 0 1
148.16 0.052 0.002 0.002 0 0 1
148.21 0.05 0.002 0.002 0 0 1
148.262 0.05 0.004 0.002 0.002 0 1
148.426 0.166 0.002 0 0.002 0 1
148.448 0.022 0.002 0.002 0 0 1
148.488 0.042 0 0 0 0 1
148.544 0.054 0.002 0 0.002 0 1
148.596 0.052 0.002 0.002 0 0 1
148.648 0.052 0.002 0 0.002 0 1
148.698 0.05 0.002 0.002 0 0 1
148.75 0.052 0.002 0 0.002 0 1
148.8 0.05 0.002 0 0.002 0 1
148.848 0.05 0 0 0 0 1
148.898 0.048 0.002 0.002 0 0 1
148.948 0.052 0 0 0 0 1
148.998 0.048 0.002 0.002 0 0 1
149.05 0.052 0.002 0 0.002 0 1
149.1 0.05 0.002 0.002 0 0 1
149.15 0.05 0.002 0.002 0 0 1
149.202 0.05 0.004 0.002 0.002 0 1
149.25 0.052 0 0 0 0 1
149.298 0.046 0.002 0 0.002 0 1
149.348 0.05 0.002 0.002 0 0 1
149.4 0.052 0.002 0 0.002 0 1
149.45 0.05 0.002 0.002 0 0 1
149.644 0.194 0.002 0 0.002 0 1
149.646 0.002 0.002 0.002 0 0 1
149.696 0.05 0.002 0.002 0 0 1
149.746 0.05 0.002 0.002 0 0 1
149.798 0.052 0.002 0 0.002 0 1
149.848 0.05 0.002 0 0.002 0 1
149.898 0.05 0.002 0.002 0 0 1
149.95 0.05 0.004 0.002 0.002 0 1
149.996 0.05 0 0 0 0 1
150.042 0.046 0 0 0 0 1
150.09 0.046 0.002 0.002 0 0 1
150.138 0.048 0.002 0.002 0 0 1
150.186 0.05 0 0 0 0 1
150.238 0.05 0.002 0 0.002 0 1
150.288 0.05 0.002 0 0.002 0 1
150.338 0.05 0.002 0 0.002 0 1
150.388 0.05 0.002 0 0.002 0 1
150.438 0.05 0.002 0 0 0 1
150.488 0.05 0.002 0.002 0 0 1
150.536 0.048 0.002 0 0.002 0 1
150.586 0.05 0.002 0.002 0 0 1
150.758 0.17 0.004 0.002 0 0 1
150.768 0.012 0.002 0 0.002 0 1
150.82 0.052 0.002 0.002 0 0 1
150.872 0.052 0.002 0.002 0 0 1
150.924 0.052 0.002 0 0.002 0 1
150.976 0.052 0.002 0 0.002 0 1
151.026 0.05 0.002 0.002 0 0 1
151.078 0.052 0.002 0 0.002 0 1
151.126 0.05 0 0 0 0 1
151.178 0.05 0.002 0 0.002 0 1
151.228 0.05 0.002 0.002 0 0 1
151.278 0.05 0.002 0.002 0 0 1
151.33 0.052 0.002 0 0 0 1
151.38 0.05 0.002 0 0.002 0 1
151.43 0.05 0.002 0 0.002 0 1
151.48 0.05 0.002 0.002 0 0 1
151.528 0.05 0 0 0 0 1
151.578 0.05 0 0 0 0 1
151.628 0.05 0 0 0 0 1
151.678 0.048 0.002 0.002 0 0 1
151.728 0.05 0.002 0.002 0 0 1
151.778 0.05 0.002 0.002 0 0 1
151.828 0.05 0.002 0.002 0 0 1
151.876 0.05 0 0 0 0 1
151.926 0.05 0 0 0 0 1
151.978 0.05 0.002 0 0.002 0 1
152.026 0.048 0.002 0.002 0 0 1
152.07 0.044 0.002 0.002 0 0 1
152.12 0.052 0 0 0 0 1
152.172 0.05 0.002 0 0.002 0 1
152.222 0.05 0.002 0.002 0 0 1
152.274 0.052 0.002 0 0.002 0 1
152.324 0.05 0.002 0.002 0 0 1
152.374 0.05 0.002 0.002 0 0 1
152.424 0.05 0.002 0.002 0 0 1
152.476 0.052 0.002 0 0.002 0 1
152.526 0.048 0.004 0.002 0 0 1
152.574 0.046 0.006 0.006 0 0 1
152.732 0.162 0.002 0 0.002 0 1
152.754 0.02 0.004 0.004 0 0 1
152.808 0.056 0.002 0 0.002 0 1
152.86 0.052 0.002 0.002 0 0 1
152.914 0.054 0.002 0.002 0 0 1
152.964 0.052 0 0 0 0 1
153.014 0.05 0 0 0 0 1
153.058 0.044 0 0 0 0 1
153.116 0.056 0.002 0.002 0 0 1
153.166 0.05 0.002 0.002 0 0 1
153.216 0.052 0 0 0 0 1
153.268 0.052 0 0 0 0 1
153.32 0.048 0.004 0.004 0 0 1
153.36 0.044 0 0 0 0 1
153.408 0.046 0.002 0 0.002 0 1
153.46 0.052 0.002 0.002 0 0 1
153.508 0.05 0 0 0 0 1
153.56 0.052 0 0 0 0 1
153.61 0.05 0 0 0 0 1
153.66 0.05 0 0 0 0 1
153.714 0.054 0 0 0 0 1
153.878 0.162 0.002 0 0 0 1
153.916 0.04 0 0 0 0 1
153.94 0.022 0.002 0 0 0 1
153.984 0.046 0 0 0 0 1
154.032 0.048 0 0 0 0 1
154.09 0.056 0.002 0.002 0 0 1
154.144 0.054 0.002 0.002 0 0 1
154.192 0.046 0.004 0.002 0.002 0 1
154.238 0.05 0 0 0 0 1
154.294 0.056 0 0 0 0 1
154.338 0.044 0 0 0 0 1
154.392 0.052 0.002 0.002 0 0 1
154.44 0.048 0.002 0.002 0 0 1
154.492 0.052 0.002 0 0.002 0 1
154.542 0.05 0.002 0.002 0 0 1
154.594 0.052 0.002 0 0.002 0 1
154.646 0.05 0.004 0.002 0.002 0 1
154.696 0.052 0.002 0 0.002 0 1
154.746 0.05 0.002 0.002 0 0 1
154.794 0.05 0 0 0 0 1
154.842 0.044 0.004 0.002 0 0 1
154.894 0.054 0.002 0 0.002 0 1
155.096 0.202 0.002 0.002 0 0 1
155.132 0.036 0.002 0.002 0 0 1
155.178 0.048 0 0 0 0 1
155.23 0.052 0 0 0 0 1
155.28 0.05 0 0 0 0 1
155.334 0.052 0.002 0 0.002 0 1
155.384 0.052 0 0 0 0 1
155.434 0.05 0 0 0 0 1
155.486 0.05 0.002 0.002 0 0 1
155.538 0.052 0.002 0.002 0 0 1
155.59 0.052 0.002 0 0.002 0 1
155.64 0.05 0.002 0.002 0 0 1
155.682 0.042 0.002 0.002 0 0 1
155.734 0.052 0.002 0 0 0 1
155.784 0.05 0.002 0 0.002 0 1
155.834 0.05 0.002 0.002 0 0 1
155.884 0.052 0 0 0 0 1
155.932 0.048 0 0 0 0 1
155.986 0.05 0.004 0.002 0.002 0 1
156.036 0.052 0.002 0 0.002 0 1
156.188 0.148 0.006 0.004 0.002 0 1
156.22 0.034 0.004 0.002 0.002 0 1
156.272 0.054 0.002 0.002 0 0 1
156.322 0.046 0.006 0.006 0 0 1
156.372 0.054 0.002 0 0.002 0 1
156.418 0.048 0 0 0 0 1
156.472 0.052 0.002 0.002 0 0 1
156.524 0.052 0.002 0.002 0 0 1
156.574 0.05 0.002 0.002 0 0 1
156.624 0.05 0.002 0.002 0 0 1
156.676 0.052 0.002 0 0.002 0 1
156.724 0.05 0 0 0 0 1
156.774 0.048 0.002 0.002 0 0 1
156.826 0.052 0.002 0 0.002 0 1
156.87 0.046 0 0 0 0 1
156.92 0.05 0 0 0 0 1
156.972 0.052 0 0 0 0 1
157.02 0.046 0.002 0.002 0 0 1
157.072 0.052 0.002 0 0.002 0 1
157.122 0.05 0.002 0.002 0 0 1
157.17 0.048 0.002 0.002 0 0 1
157.22 0.052 0 0 0 0 1
157.272 0.05 0.002 0 0.002 0 1
157.48 0.21 0 0 0 0 1
157.506 0.024 0.002 0 0.002 0 1
157.55 0.046 0 0 0 0 1
157.602 0.05 0.002 0.002 0 0 1
157.652 0.05 0.002 0 0.002 0 1
157.7 0.05 0 0 0 0 1
157.752 0.052 0 0 0 0 1
157.802 0.048 0.002 0.002 0 0 1
157.854 0.052 0.002 0.002 0 0 1
157.904 0.052 0 0 0 0 1
157.956 0.05 0.002 0.002 0 0 1
158.008 0.052 0.002 0 0.002 0 1
158.058 0.05 0.002 0.002 0 0 1
158.108 0.05 0.002 0 0.002 0 1
158.156 0.046 0.004 0.002 0 0 1
158.204 0.05 0.002 0.002 0 0 1
158.25 0.048 0 0 0 0 1
158.304 0.052 0.002 0.002 0 0 1
158.352 0.046 0.004 0 0.004 0 1
158.396 0.046 0.002 0.002 0 0 1
158.44 0.044 0.002 0.002 0 0 1
158.492 0.052 0.002 0 0.002 0 1
158.632 0.142 0 0 0 0 1
158.67 0.038 0 0 0 0 1
158.722 0.052 0 0 0 0 1
158.774 0.052 0 0 0 0 1
158.824 0.05 0 0 0 0 1
158.878 0.052 0.002 0.002 0 0 1
158.93 0.052 0.002 0 0.002 0 1
158.982 0.052 0.002 0 0.002 0 1
159.032 0.05 0.002 0.002 0 0 1
159.082 0.05 0.002 0.002 0 0 1
159.132 0.052 0 0 0 0 1
159.18 0.048 0 0 0 0 1
159.234 0.052 0.002 0 0.002 0 1
159.282 0.048 0.002 0.002 0 0 1
159.328 0.048 0 0 0 0 1
159.372 0.044 0 0 0 0 1
159.428 0.05 0.006 0 0.006 0 1
159.48 0.054 0.004 0.002 0 0 1
159.528 0.052 0 0 0 0 1
159.578 0.048 0.002 0 0 0 1
159.628 0.052 0 0 0 0 1
159.678 0.05 0 0 0 0 1
159.732 0.052 0.002 0 0.002 0 1
159.78 0.05 0 0 0 0 1
159.83 0.05 0 0 0 0 1
159.882 0.05 0.002 0.002 0 0 1
159.932 0.05 0.002 0 0.002 0 1
159.982 0.052 0 0 0 0 1
160.032 0.048 0.002 0.002 0 0 1
160.082 0.05 0.002 0.002 0 0 1
160.132 0.052 0 0 0 0 1
160.18 0.048 0 0 0 0 1
160.228 0.046 0.002 0 0.002 0 1
160.278 0.046 0.006 0.006 0 0 1
160.33 0.056 0.002 0.002 0 0 1
160.382 0.052 0.002 0 0.002 0 1
160.432 0.05 0.002 0.002 0 0 1
160.48 0.05 0 0 0 0 1
160.53 0.048 0.002 0 0.002 0 1
160.69 0.16 0.002 0.002 0 0 1
160.704 0.014 0.002 0.002 0 0 1
160.748 0.044 0.002 0 0.002 0 1
160.8 0.052 0.002 0.002 0 0 1
160.848 0.048 0.002 0.002 0 0 1
160.896 0.05 0 0 0 0 1
160.948 0.052 0 0 0 0 1
161.002 0.052 0.002 0 0.002 0 1
161.054 0.05 0.004 0 0.002 0 1
161.102 0.05 0.002 0.002 0 0 1
161.148 0.048 0 0 0 0 1
161.202 0.052 0.002 0.002 0 0 1
161.254 0.052 0.002 0.002 0 0 1
161.306 0.052 0.002 0.002 0 0 1
161.356 0.052 0 0 0 0 1
161.406 0.05 0 0 0 0 1
161.454 0.042 0.006 0.006 0 0 1
161.504 0.056 0 0 0 0 1
161.556 0.05 0.002 0 0.002 0 1
161.606 0.05 0.002 0 0.002 0 1
161.654 0.05 0 0 0 0 1
161.698 0.044 0 0 0 0 1
161.922 0.222 0.002 0.002 0 0 1
161.934 0.012 0.002 0 0.002 0 1
161.984 0.052 0 0 0 0 1
162.036 0.052 0 0 0 0 1
162.092 0.054 0.002 0 0.002 0 1
162.142 0.05 0.002 0 0.002 0 1
162.194 0.052 0.002 0 0.002 0.002 1
162.24 0.048 0 0 0 0 1
162.296 0.052 0.004 0.002 0.002 0 1
162.336 0.044 0 0 0 0 1
162.39 0.054 0 0 0 0 1
162.444 0.052 0.002 0 0.002 0 1
162.496 0.052 0.002 0 0.002 0 1
162.546 0.05 0.002 0.002 0 0 1
162.598 0.052 0.002 0 0.002 0 1
162.648 0.05 0.002 0 0.002 0 1
162.698 0.05 0.002 0.002 0 0 1
162.748 0.052 0 0 0 0 1
162.798 0.048 0.002 0.002 0 0 1
162.85 0.052 0.002 0.002 0 0 1
162.9 0.05 0.002 0 0.002 0 1
163.098 0.192 0.008 0.008 0 0 1
163.11 0.02 0 0 0 0 1
163.154 0.042 0.002 0 0.002 0 1
163.208 0.054 0.002 0.002 0 0 1
163.262 0.054 0.002 0.002 0 0 1
163.314 0.052 0.002 0.002 0 0 1
163.362 0.048 0.002 0 0.002 0 1
163.41 0.05 0 0 0 0 1
163.464 0.048 0.006 0.004 0.002 0 1
163.514 0.052 0.004 0.004 0 0 1
163.566 0.054 0.002 0 0.002 0 1
163.614 0.05 0 0 0 0 1
163.666 0.05 0.002 0 0.002 0 1
163.712 0.048 0 0 0 0 1
163.762 0.05 0 0 0 0 1
163.814 0.05 0.002 0 0.002 0 1
163.864 0.046 0.006 0 0.006 0 1
163.914 0.054 0.002 0 0.002 0 1
163.962 0.05 0 0 0 0 1
164.014 0.048 0.004 0.002 0.002 0 1
164.062 0.05 0.002 0 0.002 0 1
164.2 0.138 0.002 0.002 0 0 1
164.232 0.034 0 0 0 0 1
164.286 0.05 0.004 0 0.002 0 1
164.332 0.05 0 0 0 0 1
164.388 0.054 0.002 0 0.002 0 1
164.438 0.052 0 0 0 0 1
164.49 0.05 0.002 0.002 0 0 1
164.542 0.052 0.002 0 0.002 0 1
164.592 0.05 0.002 0.002 0 0 1
164.642 0.05 0.002 0 0.002 0 1
164.692 0.05 0.002 0.002 0 0 1
164.74 0.048 0.002 0 0.002 0 1
164.788 0.05 0 0 0 0 1
164.838 0.048 0.002 0.002 0 0 1
164.89 0.052 0.002 0.002 0 0 1
164.94 0.05 0.002 0.002 0 0 1
164.988 0.05 0 0 0 0 1
165.032 0.042 0.002 0 0 0 1
165.08 0.05 0 0 0 0 1
165.12 0.04 0 0 0 0 1
165.184 0.062 0.002 0 0.002 0 1
165.232 0.05 0 0 0 0 1
165.4 0.166 0.002 0 0.002 0 1
165.418 0.016 0.004 0.002 0.002 0 1
165.47 0.054 0.002 0 0.002 0 1
165.522 0.052 0.002 0 0.002 0 1
165.576 0.054 0.002 0 0.002 0 1
165.628 0.052 0.002 0.002 0 0 1
165.682 0.052 0.004 0.002 0 0 1
165.732 0.05 0.004 0.002 0.002 0 1
165.784 0.052 0.004 0.002 0.002 0 1
165.834 0.052 0.002 0 0.002 0 1
165.88 0.046 0.002 0 0.002 0 1
165.926 0.048 0 0 0 0 1
165.976 0.048 0.002 0 0.002 0 1
166.028 0.05 0.004 0.002 0 0 1
166.07 0.046 0 0 0 0 1
166.122 0.05 0.002 0.002 0 0 1
166.17 0.05 0 0 0 0 1
166.218 0.048 0 0 0 0 1
166.272 0.054 0 0 0 0 1
166.44 0.166 0.002 0.002 0 0 1
166.458 0.018 0.002 0.002 0 0 1
166.506 0.048 0.002 0.002 0 0 1
166.554 0.05 0 0 0 0 1
166.61 0.054 0.002 0 0.002 0 1
166.66 0.05 0.002 0 0.002 0 1
166.71 0.05 0.002 0.002 0 0 1
166.762 0.052 0.002 0 0.002 0 1
166.812 0.05 0.002 0 0.002 0 1
166.862 0.05 0.002 0 0.002 0 1
166.906 0.046 0 0 0 0 1
166.956 0.05 0 0 0 0 1
167.008 0.05 0.002 0 0.002 0 1
167.06 0.052 0.002 0 0.002 0 1
167.11 0.05 0.002 0 0.002 0 1
167.158 0.048 0.002 0.002 0 0 1
167.21 0.052 0.002 0 0.002 0 1
167.26 0.05 0.002 0 0.002 0 1
167.402 0.144 0 0 0 0 1
167.44 0.034 0.004 0.002 0.002 0 1
167.484 0.046 0.002 0.002 0 0 1
167.53 0.048 0 0 0 0 1
167.584 0.052 0.002 0 0.002 0 1
167.63 0.046 0.002 0 0.002 0 1
167.678 0.05 0 0 0 0 1
167.73 0.05 0.002 0 0.002 0 1
167.778 0.05 0 0 0 0 1
167.832 0.05 0.004 0.002 0.002 0 1
167.882 0.052 0.002 0 0.002 0 1
167.932 0.05 0.002 0.002 0 0 1
167.984 0.05 0.004 0.002 0.002 0 1
168.032 0.052 0 0 0 0 1
168.082 0.05 0 0 0 0 1
168.126 0.044 0 0 0 0 1
168.176 0.048 0.002 0.002 0 0 1
168.226 0.048 0.004 0.004 0 0 1
168.278 0.054 0.002 0.002 0 0 1
168.33 0.054 0 0 0 0 1
168.378 0.048 0 0 0 0 1
168.43 0.052 0 0 0 0 1
168.482 0.05 0.002 0 0.002 0 1
168.532 0.05 0.002 0 0 0 1
168.578 0.048 0 0 0 0 1
168.63 0.05 0.002 0 0.002 0 1
168.68 0.05 0.002 0.002 0 0 1
168.73 0.05 0.002 0.002 0 0 1
168.776 0.048 0 0 0 0 1
168.826 0.048 0.002 0.002 0 0 1
168.878 0.052 0.002 0 0.002 0 1
168.926 0.05 0 0 0 0 1
168.98 0.05 0.004 0.002 0.002 0 1
169.028 0.05 0.002 0.002 0 0 1
169.078 0.05 0.002 0.002 0 0 1
169.252 0.176 0 0 0 0 1
