25.28 25.19 0.09 0 0.09 0.008 1
25.372 0.09 0.092 0.002 0.09 0.008 1
25.464 0.092 0.092 0 0.092 0.008 1
25.556 0.092 0.092 0 0.092 0.008 1
25.672 0.116 0.092 0 0.092 0.008 1
25.774 0.092 0.102 0 0.102 0.006 1
25.866 0.102 0.092 0.002 0.09 0.008 1
25.98 0.112 0.094 0 0.094 0.006 1
26.066 0.094 0.086 0 0.086 0.008 1
26.17 0.086 0.104 0.002 0.102 0.008 1
26.302 0.132 0.104 0 0.104 0.002 1
26.432 0.132 0.102 0.002 0.1 0.008 1
26.546 0.102 0.114 0 0.114 0.016 1
26.662 0.132 0.098 0.002 0.096 0.008 1
26.756 0.1 0.092 0 0.092 0 1
26.892 0.124 0.104 0.002 0.102 0.01 1
26.988 0.106 0.094 0 0.094 0.006 1
27.08 0.094 0.092 0.002 0.09 0.008 1
27.172 0.092 0.092 0.002 0.09 0.008 1
27.266 0.092 0.094 0.002 0.092 0.008 1
27.364 0.094 0.098 0.002 0.096 0.008 1
27.456 0.098 0.092 0.002 0.09 0.01 1
27.57 0.112 0.094 0 0.094 0.006 1
27.702 0.122 0.104 0.002 0.102 0.002 1
27.808 0.104 0.106 0.002 0.104 0.01 1
27.908 0.106 0.1 0.002 0.098 0.006 1
28.01 0.1 0.102 0 0.102 0.008 1
28.114 0.102 0.104 0.002 0.102 0.01 1
28.218 0.104 0.104 0 0.104 0.008 1
28.32 0.104 0.102 0 0.102 0.006 1
28.432 0.122 0.092 0.002 0.09 0.008 1
28.52 0.092 0.088 0 0.088 0 1
28.638 0.108 0.098 0.002 0.096 0.01 1
28.73 0.098 0.092 0.002 0.09 0.008 1
28.816 0.092 0.086 0 0.086 0.01 1
28.944 0.114 0.1 0 0.1 0.01 1
29.016 0.1 0.072 0 0.072 0.002 1
29.14 0.1 0.096 0 0.094 0.008 1
29.222 0.096 0.082 0 0.082 0.006 1
29.304 0.082 0.082 0 0.082 0 1
29.422 0.102 0.098 0 0.098 0.01 1
29.506 0.098 0.084 0 0.084 0.008 1
29.59 0.084 0.084 0.004 0.08 0.008 1
29.68 0.084 0.09 0 0.09 0.006 1
29.77 0.09 0.09 0 0.09 0.008 1
29.854 0.09 0.084 0.002 0.082 0.008 1
29.936 0.084 0.082 0.002 0.08 0.006 1
30.022 0.082 0.086 0 0.086 0.008 1
30.128 0.114 0.078 0 0.078 0.01 1
30.22 0.106 0.064 0.002 0.062 0.008 1
30.326 0.09 0.08 0 0.08 0.008 1
30.404 0.08 0.078 0 0.078 0.006 1
30.48 0.078 0.076 0.002 0.074 0.006 1
30.552 0.076 0.072 0 0.072 0.006 1
30.63 0.072 0.078 0.002 0.076 0.008 1
30.74 0.112 0.076 0.002 0.074 0.008 1
30.814 0.076 0.074 0.002 0.072 0.004 1
30.916 0.104 0.072 0 0.072 0.006 1
30.996 0.072 0.08 0.002 0.076 0.01 1
31.068 0.08 0.072 0 0.072 0.008 1
31.168 0.1 0.072 0 0.072 0.006 1
31.248 0.072 0.08 0 0.08 0.008 1
31.326 0.08 0.078 0.002 0.076 0.008 1
31.404 0.078 0.078 0.002 0.076 0.008 1
31.48 0.078 0.076 0.002 0.074 0.008 1
31.552 0.076 0.072 0.002 0.07 0.006 1
31.618 0.072 0.066 0 0.066 0.004 1
31.688 0.066 0.07 0 0.07 0.008 1
31.758 0.07 0.07 0.002 0.068 0.006 1
31.838 0.07 0.08 0 0.08 0.012 1
31.906 0.08 0.068 0.002 0.066 0.002 1
32.008 0.1 0.07 0 0.07 0.008 1
32.08 0.072 0.07 0 0.07 0.008 1
32.152 0.072 0.07 0.002 0.068 0.006 1
32.222 0.07 0.07 0.002 0.066 0.008 1
32.294 0.07 0.072 0 0.07 0.006 1
32.364 0.072 0.07 0 0.07 0.008 1
32.436 0.07 0.072 0.002 0.07 0.008 1
32.504 0.072 0.068 0.002 0.066 0.006 1
32.582 0.068 0.078 0 0.078 0.01 1
32.66 0.078 0.078 0 0.078 0.008 1
32.73 0.078 0.07 0 0.07 0.004 1
32.836 0.098 0.078 0 0.078 0.01 1
32.914 0.078 0.078 0.002 0.076 0.008 1
32.974 0.078 0.06 0.002 0.058 0.008 1
33.054 0.06 0.08 0.002 0.078 0.006 1
33.18 0.122 0.084 0.002 0.082 0.008 1
33.264 0.084 0.084 0.002 0.082 0.01 1
33.332 0.084 0.068 0 0.068 0.004 1
33.45 0.108 0.078 0 0.078 0.006 1
33.52 0.078 0.07 0 0.07 0.008 1
33.596 0.07 0.076 0.002 0.072 0.008 1
33.708 0.118 0.07 0 0.07 0.008 1
33.786 0.07 0.078 0.002 0.076 0.008 1
33.864 0.078 0.078 0.004 0.074 0.008 1
33.936 0.078 0.072 0.002 0.07 0.004 1
34.044 0.104 0.076 0 0.076 0.008 1
34.126 0.076 0.082 0 0.082 0.008 1
34.204 0.082 0.078 0.002 0.074 0.006 1
34.282 0.078 0.078 0.002 0.074 0.002 1
34.408 0.12 0.084 0.002 0.082 0.008 1
34.482 0.084 0.074 0.002 0.072 0.008 1
34.556 0.074 0.074 0.002 0.072 0.006 1
34.662 0.108 0.072 0.002 0.07 0.006 1
34.734 0.072 0.072 0 0.072 0.006 1
34.81 0.072 0.076 0.002 0.074 0.008 1
34.884 0.076 0.074 0 0.074 0 1
34.992 0.106 0.076 0.002 0.074 0.008 1
35.072 0.078 0.078 0 0.078 0.006 1
35.146 0.078 0.074 0.002 0.072 0.008 1
35.226 0.074 0.08 0 0.08 0.006 1
35.302 0.08 0.076 0 0.076 0.006 1
35.376 0.076 0.074 0.002 0.072 0.008 1
35.45 0.074 0.074 0 0.074 0.004 1
35.524 0.074 0.074 0 0.074 0.008 1
35.6 0.074 0.076 0 0.076 0.008 1
35.674 0.076 0.074 0 0.074 0.006 1
35.75 0.074 0.076 0.002 0.074 0.008 1
35.824 0.076 0.074 0 0.074 0.01 1
35.94 0.108 0.082 0.004 0.078 0.01 1
36.056 0.082 0.116 0.002 0.114 0.006 1
36.174 0.116 0.118 0.002 0.114 0.01 1
36.294 0.118 0.12 0 0.12 0.008 1
36.464 0.164 0.126 0.002 0.124 0.01 1
36.572 0.126 0.108 0 0.108 0.01 1
36.696 0.108 0.124 0.002 0.122 0.008 1
36.85 0.166 0.112 0 0.112 0.01 1
36.974 0.112 0.124 0.002 0.122 0.008 1
37.1 0.124 0.126 0.002 0.124 0.01 1
37.224 0.126 0.124 0 0.124 0.012 1
37.354 0.124 0.13 0.002 0.128 0.008 1
37.48 0.13 0.126 0.002 0.124 0.01 1
37.632 0.162 0.116 0 0.116 0.008 1
37.75 0.116 0.118 0 0.118 0.014 1
37.91 0.156 0.122 0.002 0.12 0.008 1
38.026 0.122 0.116 0 0.116 0.008 1
38.134 0.116 0.108 0 0.108 0.008 1
38.26 0.11 0.124 0 0.124 0.012 1
38.408 0.154 0.118 0.002 0.116 0.008 1
38.538 0.118 0.13 0.002 0.128 0.01 1
38.694 0.166 0.12 0 0.12 0.008 1
38.836 0.12 0.142 0.002 0.14 0.01 1
39.008 0.188 0.126 0.002 0.124 0.01 1
39.138 0.126 0.13 0.002 0.126 0.01 1
39.266 0.13 0.128 0 0.128 0.004 1
39.428 0.162 0.128 0 0.128 0.01 1
39.568 0.128 0.14 0 0.14 0.01 1
39.75 0.182 0.14 0 0.14 0.01 1
39.888 0.14 0.138 0.002 0.136 0.008 1
40.026 0.138 0.138 0 0.138 0.006 1
40.172 0.138 0.146 0 0.146 0.006 1
40.314 0.146 0.142 0.002 0.14 0.01 1
40.454 0.142 0.14 0 0.14 0.006 1
40.628 0.168 0.146 0.002 0.144 0.01 1
40.782 0.146 0.154 0 0.154 0.008 1
40.962 0.188 0.146 0.002 0.144 0.01 1
41.112 0.146 0.15 0.002 0.148 0.01 1
41.312 0.192 0.158 0 0.158 0.01 1
41.458 0.16 0.144 0 0.144 0.012 1
41.6 0.144 0.142 0.002 0.14 0.012 1
41.778 0.178 0.142 0 0.14 0.012 1
41.926 0.142 0.148 0 0.146 0.008 1
42.126 0.184 0.164 0.002 0.162 0.012 1
42.284 0.164 0.158 0.002 0.156 0.016 1
42.44 0.158 0.156 0.002 0.154 0.014 1
42.598 0.156 0.158 0 0.158 0.014 1
42.756 0.158 0.158 0.002 0.156 0.014 1
42.958 0.204 0.156 0.002 0.154 0.016 1
43.108 0.158 0.148 0 0.148 0.016 1
43.29 0.186 0.144 0.002 0.142 0.018 1
43.446 0.144 0.156 0.002 0.154 0.016 1
43.658 0.206 0.162 0 0.16 0.014 1
43.818 0.162 0.16 0 0.16 0.016 1
44.008 0.2 0.15 0 0.15 0.008 1
44.156 0.15 0.148 0 0.148 0.008 1
44.336 0.188 0.14 0 0.14 0.008 1
44.482 0.14 0.146 0 0.146 0.008 1
44.62 0.146 0.138 0 0.138 0.01 1
44.806 0.182 0.142 0.002 0.14 0.008 1
44.946 0.142 0.14 0.002 0.138 0.008 1
45.14 0.186 0.148 0 0.148 0.008 1
45.284 0.148 0.144 0 0.144 0.01 1
45.422 0.148 0.134 0.002 0.132 0.008 1
45.606 0.182 0.136 0.002 0.134 0.008 1
45.758 0.138 0.15 0 0.15 0.024 1
45.912 0.15 0.154 0.002 0.15 0.026 1
46.104 0.2 0.146 0 0.146 0.02 1
46.272 0.146 0.168 0.002 0.166 0.03 1
46.488 0.224 0.16 0 0.16 0.032 1
46.642 0.162 0.152 0 0.152 0.03 1
46.8 0.152 0.158 0.002 0.156 0.03 1
46.966 0.158 0.166 0 0.166 0.032 1
47.128 0.166 0.162 0.002 0.16 0.034 1
47.334 0.218 0.15 0.002 0.146 0.03 1
47.502 0.15 0.168 0 0.166 0.034 1
47.66 0.168 0.158 0 0.158 0.042 1
47.814 0.158 0.154 0 0.154 0.036 1
47.97 0.154 0.156 0.002 0.154 0.036 1
48.128 0.156 0.158 0 0.158 0.036 1
48.348 0.21 0.168 0.004 0.164 0.04 1
48.514 0.168 0.166 0 0.166 0.048 1
48.688 0.166 0.174 0 0.174 0.05 1
48.924 0.232 0.178 0.002 0.176 0.052 1
49.086 0.178 0.162 0 0.162 0.046 1
49.292 0.208 0.16 0 0.16 0.042 1
49.448 0.16 0.156 0.002 0.154 0.054 1
49.622 0.156 0.174 0 0.174 0.05 1
49.862 0.234 0.18 0.002 0.178 0.056 1
50.032 0.182 0.168 0 0.168 0.044 1
50.192 0.168 0.16 0.002 0.156 0.054 1
50.404 0.204 0.168 0 0.168 0.064 1
50.568 0.168 0.164 0 0.164 0.062 1
50.79 0.21 0.176 0 0.176 0.08 1
51.014 0.226 0.174 0 0.172 0.072 1
51.184 0.174 0.17 0 0.17 0.07 1
51.37 0.17 0.186 0 0.186 0.08 1
51.542 0.186 0.172 0 0.172 0.07 1
51.716 0.172 0.174 0 0.174 0.076 1
51.906 0.174 0.19 0 0.19 0.074 1
52.156 0.246 0.194 0.002 0.192 0.084 1
52.342 0.196 0.184 0 0.184 0.084 1
52.536 0.184 0.194 0.002 0.192 0.086 1
52.784 0.242 0.2 0 0.2 0.092 1
52.986 0.2 0.202 0 0.202 0.094 1
53.238 0.248 0.206 0.002 0.204 0.1 1
53.452 0.206 0.214 0 0.214 0.104 1
53.662 0.214 0.21 0.002 0.208 0.104 1
53.952 0.264 0.236 0 0.234 0.126 1
54.194 0.236 0.242 0 0.242 0.134 1
54.484 0.296 0.236 0 0.236 0.136 1
54.772 0.286 0.238 0 0.238 0.138 1
55.032 0.238 0.26 0 0.26 0.15 1
55.304 0.26 0.272 0 0.272 0.162 1
55.648 0.338 0.278 0 0.278 0.178 1
55.964 0.332 0.262 0 0.262 0.16 1
56.242 0.262 0.278 0 0.278 0.172 1
56.588 0.352 0.272 0 0.272 0.178 1
56.89 0.274 0.3 0 0.3 0.206 1
57.17 0.3 0.28 0 0.278 0.19 1
57.464 0.28 0.294 0 0.294 0.2 1
57.812 0.37 0.272 0 0.272 0.184 1
58.012 0.272 0.2 0 0.2 0.136 1
58.216 0.2 0.204 0 0.204 0.142 1
58.42 0.204 0.204 0 0.204 0.142 1
58.624 0.204 0.204 0.002 0.202 0.136 1
58.908 0.27 0.218 0 0.218 0.146 1
58.91 0.218 0.002 0.002 0 0 1
58.932 0.022 0.002 0 0.002 0 1
58.982 0.052 0 0 0 0 1
59.032 0.048 0.002 0 0.002 0 1
59.104 0.072 0.002 0 0.002 0 1
59.122 0.02 0 0 0 0 1
59.168 0.044 0.002 0 0.002 0 1
59.218 0.05 0.002 0 0.002 0 1
59.268 0.052 0 0 0 0 1
59.32 0.05 0.002 0 0.002 0 1
59.366 0.048 0 0 0 0 1
59.416 0.05 0 0 0 0 1
59.466 0.05 0 0 0 0 1
59.516 0.048 0.002 0 0 0 1
59.604 0.088 0.002 0.002 0 0 1
59.656 0.054 0 0 0 0 1
59.708 0.05 0.002 0 0.002 0 1
59.76 0.052 0.002 0 0.002 0 1
59.812 0.052 0.002 0 0.002 0 1
59.86 0.05 0 0 0 0 1
59.91 0.05 0 0 0 0 1
59.962 0.052 0 0 0 0 1
60.014 0.05 0.002 0 0.002 0 1
60.062 0.05 0 0 0 0 1
60.112 0.05 0 0 0 0 1
60.22 0.106 0.002 0.002 0 0 1
60.252 0.032 0.002 0 0.002 0 1
60.3 0.05 0 0 0 0 1
60.352 0.05 0.002 0 0.002 0 1
60.4 0.048 0.002 0 0 0 1
60.45 0.052 0 0 0 0 1
60.5 0.05 0 0 0 0 1
60.55 0.05 0 0 0 0 1
60.6 0.048 0.002 0.002 0 0 1
60.652 0.052 0.002 0 0.002 0 1
60.702 0.05 0.002 0 0.002 0 1
60.822 0.12 0.002 0 0.002 0 1
60.846 0.026 0 0 0 0 1
60.896 0.048 0.002 0.002 0 0 1
60.946 0.052 0 0 0 0 1
60.998 0.05 0.002 0 0.002 0 1
61.046 0.05 0 0 0 0 1
61.098 0.052 0 0 0 0 1
61.15 0.05 0.002 0 0 0 1
61.2 0.05 0.002 0 0.002 0 1
61.248 0.05 0 0 0 0 1
61.298 0.05 0 0 0 0 1
61.35 0.05 0.002 0.002 0 0 1
61.4 0.05 0.002 0.002 0 0 1
61.45 0.05 0.002 0.002 0 0 1
61.5 0.05 0.002 0 0.002 0 1
61.55 0.052 0 0 0 0 1
61.6 0.05 0 0 0 0 1
61.65 0.05 0 0 0 0 1
61.7 0.05 0 0 0 0 1
61.75 0.05 0 0 0 0 1
61.8 0.05 0 0 0 0 1
61.85 0.05 0 0 0 0 1
61.9 0.05 0 0 0 0 1
61.952 0.05 0.002 0 0 0 1
62 0.05 0 0 0 0 1
62.052 0.05 0.002 0 0 0 1
62.136 0.084 0.002 0 0.002 0 1
62.138 0.004 0 0 0 0 1
62.19 0.052 0 0 0 0 1
62.238 0.048 0 0 0 0 1
62.29 0.05 0.002 0 0.002 0 1
62.338 0.05 0 0 0 0 1
62.39 0.05 0.002 0 0.002 0 1
62.438 0.05 0 0 0 0 1
62.488 0.05 0 0 0 0 1
62.538 0.05 0 0 0 0 1
62.584 0.046 0 0 0 0 1
62.638 0.054 0 0 0 0 1
62.688 0.05 0 0 0 0 1
62.804 0.116 0 0 0 0 1
62.834 0.03 0 0 0 0 1
62.886 0.05 0.002 0 0.002 0 1
62.936 0.05 0.002 0 0.002 0 1
62.986 0.052 0 0 0 0 1
63.036 0.05 0 0 0 0 1
63.086 0.05 0 0 0 0 1
63.136 0.05 0 0 0 0 1
63.186 0.05 0 0 0 0 1
63.238 0.052 0 0 0 0 1
63.346 0.108 0 0 0 0 1
63.374 0.028 0 0 0 0 1
63.422 0.048 0 0 0 0 1
63.474 0.052 0 0 0 0 1
63.524 0.05 0 0 0 0 1
63.578 0.052 0.002 0 0 0 1
63.626 0.05 0 0 0 0 1
63.678 0.052 0 0 0 0 1
63.728 0.05 0 0 0 0 1
63.778 0.05 0 0 0 0 1
63.83 0.05 0.002 0 0.002 0 1
63.878 0.05 0 0 0 0 1
63.928 0.05 0 0 0 0 1
63.978 0.05 0 0 0 0 1
64.106 0.128 0 0 0 0 1
64.122 0.014 0.002 0 0 0 1
64.17 0.05 0 0 0 0 1
64.224 0.052 0.002 0 0.002 0 1
64.274 0.05 0.002 0 0 0 1
64.324 0.052 0 0 0 0 1
64.368 0.044 0 0 0 0 1
64.422 0.052 0.002 0.002 0 0 1
64.472 0.052 0 0 0 0 1
64.524 0.05 0.002 0.002 0 0 1
64.574 0.052 0 0 0 0 1
64.624 0.05 0 0 0 0 1
64.732 0.106 0.002 0 0.002 0 1
64.766 0.034 0.002 0 0.002 0 1
64.818 0.052 0.002 0 0.002 0 1
64.87 0.052 0.002 0 0.002 0 1
64.92 0.052 0 0 0 0 1
64.97 0.05 0 0 0 0 1
65.02 0.046 0.004 0 0.002 0 1
65.07 0.054 0 0 0 0 1
65.122 0.052 0 0 0 0 1
65.172 0.05 0 0 0 0 1
65.22 0.048 0 0 0 0 1
65.328 0.108 0 0 0 0 1
65.362 0.034 0 0 0 0 1
65.416 0.054 0 0 0 0 1
65.468 0.052 0 0 0 0 1
65.52 0.05 0.002 0 0.002 0 1
65.568 0.05 0 0 0 0 1
65.62 0.052 0 0 0 0 1
65.672 0.05 0.002 0 0.002 0 1
65.722 0.052 0 0 0 0 1
65.772 0.05 0 0 0 0 1
65.822 0.05 0 0 0 0 1
65.956 0.132 0.002 0 0.002 0 1
65.966 0.012 0 0 0 0 1
66.012 0.046 0 0 0 0 1
66.064 0.052 0 0 0 0 1
66.114 0.05 0 0 0 0 1
66.166 0.05 0.002 0 0.002 0 1
66.214 0.05 0 0 0 0 1
66.266 0.05 0.002 0 0.002 0 1
66.316 0.052 0 0 0 0 1
66.368 0.05 0.002 0 0.002 0 1
66.416 0.05 0 0 0 0 1
66.468 0.048 0.004 0 0.004 0 1
66.516 0.052 0 0 0 0 1
66.568 0.052 0 0 0 0 1
66.616 0.048 0 0 0 0 1
66.742 0.126 0 0 0 0 1
66.754 0.008 0.004 0.004 0 0 1
66.806 0.054 0.002 0 0.002 0 1
66.856 0.052 0 0 0 0 1
66.908 0.052 0 0 0 0 1
66.956 0.048 0 0 0 0 1
67.008 0.052 0 0 0 0 1
67.06 0.05 0.002 0 0.002 0 1
67.11 0.05 0.002 0.002 0 0 1
67.156 0.046 0.002 0 0 0 1
67.206 0.05 0.002 0 0.002 0 1
67.258 0.052 0.002 0 0.002 0 1
67.306 0.05 0 0 0 0 1
67.358 0.05 0.002 0.002 0 0 1
67.488 0.132 0 0 0 0 1
67.488 0 0 0 0 0 1
67.522 0.034 0 0 0 0 1
67.576 0.052 0.002 0 0.002 0 1
67.628 0.052 0.002 0 0.002 0 1
67.678 0.052 0 0 0 0 1
67.728 0.05 0 0 0 0 1
67.78 0.05 0.002 0 0.002 0 1
67.828 0.05 0 0 0 0 1
67.88 0.05 0.002 0.002 0 0 1
67.93 0.052 0 0 0 0 1
67.982 0.05 0.002 0 0.002 0 1
68.032 0.05 0.002 0 0.002 0 1
68.082 0.052 0 0 0 0 1
68.132 0.05 0 0 0 0 1
68.236 0.104 0 0 0 0 1
68.274 0.038 0 0 0 0 1
68.326 0.05 0.002 0 0 0 1
68.374 0.05 0 0 0 0 1
68.424 0.05 0 0 0 0 1
68.476 0.05 0.002 0 0.002 0 1
68.526 0.052 0 0 0 0 1
68.576 0.05 0 0 0 0 1
68.626 0.05 0 0 0 0 1
68.676 0.05 0 0 0 0 1
68.726 0.05 0 0 0 0 1
68.776 0.05 0 0 0 0 1
68.828 0.05 0.002 0 0.002 0 1
68.878 0.05 0.002 0 0.002 0 1
69.014 0.136 0.002 0 0.002 0 1
69.022 0.008 0.002 0 0 0 1
69.07 0.05 0 0 0 0 1
69.118 0.048 0 0 0 0 1
69.17 0.052 0 0 0 0 1
69.22 0.05 0 0 0 0 1
69.272 0.052 0 0 0 0 1
69.32 0.048 0 0 0 0 1
69.372 0.052 0 0 0 0 1
69.422 0.048 0.002 0 0.002 0 1
69.472 0.05 0.002 0.002 0 0 1
69.522 0.052 0 0 0 0 1
69.572 0.05 0 0 0 0 1
69.624 0.05 0.002 0 0.002 0 1
69.674 0.05 0.002 0 0.002 0 1
69.82 0.148 0 0 0 0 1
69.86 0.04 0 0 0 0 1
69.912 0.05 0.002 0 0.002 0 1
69.962 0.05 0.002 0 0.002 0 1
70.012 0.052 0 0 0 0 1
70.064 0.05 0.002 0 0 0 1
70.114 0.05 0.002 0 0.002 0 1
70.164 0.05 0.002 0 0.002 0 1
70.212 0.05 0 0 0 0 1
70.264 0.052 0 0 0 0 1
70.312 0.048 0 0 0 0 1
70.364 0.05 0.002 0 0.002 0 1
70.412 0.05 0 0 0 0 1
70.462 0.05 0 0 0 0 1
70.6 0.136 0.002 0 0.002 0 1
70.606 0.008 0 0 0 0 1
70.654 0.048 0 0 0 0 1
70.708 0.052 0.002 0 0.002 0 1
70.756 0.05 0 0 0 0 1
70.808 0.052 0 0 0 0 1
70.86 0.05 0.002 0.002 0 0 1
70.91 0.052 0 0 0 0 1
70.962 0.05 0.002 0 0.002 0 1
71.012 0.05 0.002 0 0.002 0 1
71.06 0.05 0 0 0 0 1
71.11 0.046 0.004 0.002 0.002 0 1
71.22 0.114 0 0 0 0 1
71.238 0.018 0 0 0 0 1
71.294 0.054 0.002 0 0 0 1
71.342 0.05 0 0 0 0 1
71.394 0.052 0 0 0 0 1
71.446 0.052 0 0 0 0 1
71.498 0.052 0 0 0 0 1
71.55 0.05 0.002 0.002 0 0 1
71.6 0.05 0.002 0 0.002 0 1
71.65 0.052 0 0 0 0 1
71.702 0.05 0.002 0 0.002 0 1
71.752 0.052 0 0 0 0 1
71.802 0.05 0 0 0 0 1
71.854 0.052 0 0 0 0 1
71.902 0.048 0 0 0 0 1
71.952 0.05 0 0 0 0 1
72.044 0.092 0 0 0 0 1
72.088 0.044 0 0 0 0 1
72.14 0.052 0 0 0 0 1
72.192 0.052 0 0 0 0 1
72.244 0.052 0 0 0 0 1
72.296 0.05 0.002 0.002 0 0 1
72.348 0.052 0.002 0 0.002 0 1
72.398 0.046 0.006 0 0 0 1
72.448 0.056 0 0 0 0 1
72.496 0.046 0.002 0 0.002 0 1
72.546 0.052 0 0 0 0 1
72.598 0.05 0.002 0 0.002 0 1
72.648 0.052 0 0 0 0 1
72.698 0.05 0 0 0 0 1
72.75 0.05 0.002 0 0.002 0 1
72.798 0.05 0 0 0 0 1
72.93 0.132 0 0 0 0 1
72.936 0.006 0 0 0 0 1
72.988 0.05 0.002 0.002 0 0 1
73.04 0.054 0 0 0 0 1
73.092 0.052 0 0 0 0 1
73.14 0.048 0 0 0 0 1
73.192 0.052 0 0 0 0 1
73.236 0.044 0 0 0 0 1
73.284 0.048 0 0 0 0 1
73.336 0.052 0 0 0 0 1
73.388 0.05 0.002 0 0.002 0 1
73.436 0.05 0 0 0 0 1
73.49 0.052 0.002 0 0 0 1
73.54 0.05 0.002 0.002 0 0 1
73.59 0.052 0 0 0 0 1
73.642 0.052 0 0 0 0 1
73.694 0.05 0.002 0 0.002 0 1
73.744 0.052 0 0 0 0 1
73.796 0.05 0.002 0 0.002 0 1
73.846 0.05 0.002 0 0.002 0 1
73.892 0.048 0 0 0 0 1
73.944 0.05 0.002 0.002 0 0 1
73.994 0.052 0 0 0 0 1
74.046 0.05 0.002 0 0.002 0 1
74.094 0.05 0 0 0 0 1
74.146 0.052 0 0 0 0 1
74.196 0.05 0 0 0 0 1
74.246 0.05 0 0 0 0 1
74.296 0.05 0 0 0 0 1
74.47 0.172 0.002 0 0.002 0 1
74.494 0.024 0.002 0 0.002 0 1
74.544 0.05 0.002 0 0.002 0 1
86.33 11.552 0.236 0.002 0.234 0.17 1
86.57 0.236 0.24 0.002 0.238 0.174 1
86.814 0.24 0.244 0.004 0.24 0.178 1
87.056 0.244 0.242 0.002 0.24 0.178 1
87.288 0.242 0.232 0.002 0.23 0.168 1
87.542 0.232 0.254 0.004 0.25 0.19 1
87.89 0.356 0.246 0.002 0.244 0.18 1
88.146 0.246 0.256 0.002 0.254 0.194 1
88.418 0.256 0.272 0.004 0.268 0.202 1
88.776 0.382 0.248 0.004 0.244 0.182 1
89.018 0.248 0.242 0.002 0.24 0.172 1
89.382 0.362 0.244 0.004 0.24 0.18 1
89.64 0.244 0.258 0.004 0.254 0.192 1
89.888 0.258 0.248 0.004 0.244 0.18 1
90.274 0.37 0.264 0.004 0.26 0.194 1
90.514 0.264 0.24 0.002 0.238 0.182 1
90.912 0.37 0.268 0.002 0.266 0.2 1
91.156 0.268 0.244 0.004 0.24 0.182 1
91.384 0.244 0.228 0 0.228 0.172 1
91.712 0.312 0.244 0.004 0.24 0.186 1
91.962 0.244 0.25 0.004 0.246 0.186 1
92.308 0.356 0.24 0.002 0.238 0.18 1
92.546 0.242 0.236 0 0.236 0.184 1
92.794 0.236 0.248 0.002 0.246 0.18 1
93.066 0.248 0.272 0.004 0.268 0.2 1
93.42 0.386 0.24 0.004 0.236 0.178 1
93.666 0.24 0.246 0.002 0.244 0.178 1
94.018 0.342 0.256 0.008 0.248 0.19 1
94.268 0.258 0.248 0.002 0.246 0.184 1
94.508 0.248 0.24 0.002 0.238 0.168 1
94.86 0.354 0.238 0.002 0.236 0.18 1
95.108 0.238 0.248 0.002 0.246 0.186 1
95.344 0.248 0.236 0.002 0.234 0.17 1
95.59 0.236 0.246 0 0.246 0.186 1
95.948 0.348 0.256 0.002 0.254 0.186 1
96.174 0.256 0.226 0.002 0.224 0.158 1
96.412 0.226 0.238 0.002 0.236 0.176 1
96.8 0.36 0.266 0.004 0.262 0.192 1
97.05 0.268 0.248 0.002 0.246 0.18 1
97.3 0.248 0.25 0.002 0.248 0.18 1
97.692 0.386 0.256 0.004 0.252 0.19 1
97.938 0.256 0.246 0.002 0.244 0.182 1
98.336 0.382 0.262 0.004 0.258 0.196 1
98.608 0.262 0.272 0.004 0.268 0.206 1
98.864 0.272 0.256 0.002 0.254 0.19 1
99.118 0.256 0.254 0 0.254 0.192 1
99.372 0.254 0.254 0.004 0.25 0.19 1
99.634 0.254 0.262 0.002 0.26 0.192 1
100.042 0.396 0.274 0.004 0.27 0.204 1
100.322 0.274 0.28 0.004 0.276 0.206 1
100.69 0.39 0.258 0.002 0.256 0.19 1
100.956 0.26 0.264 0.004 0.26 0.188 1
101.216 0.264 0.26 0.006 0.254 0.192 1
101.57 0.36 0.254 0.004 0.25 0.186 1
101.818 0.254 0.248 0.004 0.244 0.178 1
102.178 0.352 0.256 0.002 0.254 0.194 1
102.436 0.256 0.258 0.004 0.254 0.186 1
102.71 0.258 0.274 0.002 0.272 0.204 1
102.986 0.274 0.276 0 0.276 0.212 1
103.352 0.384 0.258 0.004 0.254 0.186 1
103.592 0.258 0.24 0.004 0.236 0.172 1
103.838 0.24 0.246 0.004 0.242 0.18 1
104.206 0.376 0.238 0.004 0.234 0.18 1
104.438 0.238 0.232 0.004 0.228 0.166 1
104.804 0.34 0.258 0.004 0.254 0.188 1
105.062 0.258 0.258 0.004 0.254 0.186 1
105.316 0.258 0.254 0 0.254 0.184 1
105.578 0.254 0.262 0.004 0.258 0.19 1
105.836 0.262 0.258 0.004 0.254 0.194 1
106.082 0.258 0.246 0.004 0.242 0.184 1
106.36 0.246 0.278 0.004 0.274 0.21 1
106.698 0.388 0.228 0.002 0.226 0.166 1
106.92 0.228 0.222 0.004 0.218 0.168 1
107.156 0.222 0.236 0.004 0.232 0.174 1
107.494 0.338 0.236 0.004 0.232 0.166 1
107.708 0.236 0.214 0.004 0.21 0.158 1
107.944 0.214 0.236 0.01 0.226 0.16 1
108.18 0.236 0.236 0.004 0.232 0.176 1
108.398 0.236 0.218 0.002 0.216 0.16 1
108.636 0.218 0.238 0.002 0.236 0.172 1
108.86 0.238 0.224 0.002 0.222 0.16 1
109.192 0.342 0.214 0.002 0.212 0.156 1
109.338 0.214 0.146 0.004 0.142 0.096 1
109.482 0.146 0.144 0.004 0.14 0.096 1
109.63 0.144 0.148 0.004 0.144 0.094 1
109.77 0.148 0.14 0 0.14 0.09 1
110.05 0.28 0.14 0.004 0.136 0.086 1
110.166 0.14 0.116 0.004 0.112 0.074 1
110.278 0.116 0.112 0 0.112 0.068 1
110.402 0.112 0.124 0.004 0.12 0.076 1
110.522 0.124 0.12 0.004 0.114 0.076 1
110.638 0.12 0.116 0.002 0.114 0.074 1
110.894 0.246 0.126 0.002 0.124 0.082 1
110.976 0.126 0.082 0.002 0.08 0.054 1
111.056 0.084 0.078 0.002 0.076 0.05 1
111.134 0.078 0.078 0 0.078 0.054 1
111.206 0.078 0.072 0.002 0.07 0.044 1
111.284 0.072 0.078 0.002 0.076 0.048 1
111.358 0.078 0.074 0.002 0.072 0.05 1
111.568 0.2 0.084 0.002 0.082 0.052 1
111.626 0.084 0.058 0.002 0.056 0.036 1
111.69 0.058 0.064 0.002 0.062 0.04 1
111.752 0.064 0.062 0.002 0.06 0.04 1
111.812 0.062 0.06 0 0.06 0.038 1
111.874 0.06 0.062 0.002 0.06 0.038 1
111.94 0.062 0.066 0.002 0.064 0.04 1
112.01 0.066 0.07 0.004 0.066 0.044 1
112.074 0.07 0.064 0.002 0.062 0.04 1
112.138 0.064 0.064 0.004 0.058 0.04 1
112.31 0.176 0.06 0.004 0.056 0.038 1
112.342 0.06 0.032 0.002 0.03 0.02 1
112.378 0.032 0.036 0.004 0.032 0.02 1
112.408 0.036 0.03 0.002 0.028 0.016 1
112.45 0.036 0.036 0.002 0.034 0.022 1
112.506 0.054 0.038 0.002 0.036 0.022 1
112.558 0.054 0.036 0.002 0.034 0.022 1
112.608 0.05 0.036 0.002 0.034 0.022 1
112.656 0.05 0.034 0.002 0.032 0.02 1
112.71 0.05 0.038 0.004 0.034 0.022 1
112.776 0.052 0.052 0.002 0.05 0.036 1
112.812 0.052 0.036 0 0.036 0.022 1
112.856 0.048 0.032 0.002 0.03 0.016 1
113.024 0.162 0.038 0.004 0.034 0.02 1
113.054 0.038 0.03 0.002 0.028 0.022 1
113.096 0.032 0.04 0 0.04 0.028 1
113.148 0.052 0.04 0.004 0.036 0.026 1
113.2 0.052 0.04 0.004 0.036 0.024 1
113.252 0.052 0.04 0.002 0.038 0.024 1
113.296 0.05 0.034 0.002 0.032 0.024 1
113.346 0.052 0.032 0.004 0.028 0.016 1
113.392 0.038 0.04 0.002 0.038 0.024 1
113.438 0.05 0.036 0.002 0.034 0.024 1
113.488 0.052 0.034 0.002 0.032 0.022 1
113.536 0.042 0.04 0.004 0.036 0.02 1
113.582 0.052 0.034 0.002 0.032 0.022 1
113.632 0.046 0.038 0.002 0.036 0.024 1
113.682 0.052 0.036 0 0.036 0.026 1
113.732 0.048 0.038 0.002 0.036 0.024 1
113.778 0.05 0.034 0.002 0.032 0.02 1
113.832 0.048 0.04 0.002 0.036 0.024 1
113.87 0.048 0.03 0.002 0.028 0.022 1
114.036 0.164 0.032 0 0.032 0.022 1
114.078 0.032 0.042 0.004 0.038 0.024 1
114.134 0.042 0.056 0.002 0.054 0.036 1
114.19 0.058 0.054 0.002 0.052 0.036 1
114.246 0.054 0.056 0.002 0.054 0.04 1
114.3 0.056 0.054 0.002 0.052 0.036 1
114.354 0.054 0.054 0.002 0.052 0.038 1
114.412 0.054 0.058 0.004 0.054 0.038 1
114.468 0.058 0.056 0.002 0.054 0.04 1
114.524 0.056 0.056 0.002 0.054 0.038 1
114.576 0.056 0.052 0.002 0.05 0.036 1
114.626 0.052 0.05 0.002 0.048 0.034 1
114.672 0.05 0.046 0.002 0.044 0.03 1
114.726 0.046 0.054 0.002 0.052 0.036 1
114.78 0.054 0.054 0.002 0.052 0.038 1
114.926 0.146 0.054 0.002 0.052 0.036 1
114.998 0.054 0.072 0.002 0.07 0.05 1
115.068 0.072 0.07 0.002 0.068 0.048 1
115.138 0.07 0.07 0.002 0.068 0.044 1
115.202 0.07 0.064 0.002 0.062 0.048 1
115.272 0.064 0.07 0 0.07 0.046 1
115.338 0.07 0.066 0.002 0.064 0.046 1
115.406 0.066 0.068 0.002 0.066 0.046 1
115.462 0.068 0.056 0.002 0.054 0.032 1
115.532 0.056 0.07 0.002 0.068 0.044 1
115.604 0.07 0.072 0.002 0.07 0.05 1
115.672 0.072 0.068 0.002 0.066 0.05 1
115.726 0.068 0.054 0.004 0.05 0.034 1
115.9 0.164 0.064 0 0.064 0.046 1
115.974 0.064 0.074 0.002 0.072 0.05 1
116.052 0.074 0.078 0.002 0.076 0.056 1
116.132 0.078 0.08 0.002 0.078 0.056 1
116.202 0.08 0.07 0 0.07 0.054 1
116.29 0.07 0.088 0.01 0.078 0.058 1
116.366 0.088 0.076 0.002 0.074 0.054 1
116.438 0.076 0.072 0.002 0.07 0.054 1
116.52 0.072 0.082 0.002 0.08 0.058 1
116.718 0.2 0.08 0.002 0.078 0.056 1
116.814 0.08 0.096 0.002 0.094 0.07 1
116.916 0.096 0.102 0.002 0.1 0.074 1
117.002 0.102 0.086 0.002 0.084 0.052 1
117.1 0.086 0.098 0.002 0.096 0.074 1
117.18 0.098 0.08 0.002 0.078 0.058 1
117.272 0.08 0.092 0.004 0.088 0.062 1
117.364 0.092 0.092 0.002 0.09 0.064 1
117.58 0.206 0.102 0.002 0.098 0.074 1
117.654 0.102 0.074 0 0.074 0.054 1
117.718 0.074 0.064 0 0.064 0.048 1
117.79 0.064 0.072 0.002 0.07 0.052 1
117.854 0.072 0.064 0.002 0.062 0.044 1
117.92 0.064 0.066 0 0.066 0.05 1
117.986 0.066 0.066 0.002 0.064 0.046 1
118.056 0.066 0.07 0 0.07 0.054 1
118.13 0.07 0.074 0.004 0.07 0.05 1
118.196 0.074 0.066 0.002 0.064 0.048 1
118.268 0.066 0.072 0.004 0.068 0.052 1
118.34 0.072 0.072 0.004 0.068 0.052 1
118.414 0.074 0.072 0.002 0.07 0.052 1
118.486 0.072 0.072 0.002 0.07 0.052 1
118.552 0.072 0.066 0.002 0.064 0.048 1
118.618 0.066 0.066 0.002 0.064 0.048 1
118.684 0.068 0.064 0 0.064 0.046 1
118.746 0.064 0.062 0 0.062 0.044 1
118.812 0.062 0.066 0 0.066 0.048 1
118.87 0.066 0.058 0.002 0.056 0.046 1
118.938 0.058 0.068 0.002 0.066 0.048 1
119.008 0.068 0.07 0.002 0.068 0.048 1
119.076 0.07 0.068 0 0.068 0.05 1
119.146 0.068 0.07 0.002 0.068 0.052 1
119.35 0.21 0.064 0.002 0.062 0.048 1
119.354 0.066 0.002 0 0.002 0 1
119.392 0.036 0.004 0 0.002 0 1
119.444 0.052 0.004 0.002 0.002 0 1
119.492 0.05 0.002 0.002 0 0 1
119.542 0.052 0 0 0 0 1
119.592 0.05 0 0 0 0 1
119.644 0.048 0.004 0.002 0.002 0 1
119.694 0.052 0.002 0 0 0 1
119.744 0.05 0.002 0.002 0 0 1
119.782 0.038 0.002 0 0.002 0 1
119.834 0.052 0.002 0.002 0 0 1
119.994 0.162 0 0 0 0 1
120.018 0.02 0.004 0.002 0.002 0 1
120.072 0.054 0.004 0.002 0.002 0 1
120.122 0.054 0 0 0 0 1
120.178 0.054 0.002 0 0.002 0 1
120.226 0.048 0.002 0.002 0 0 1
120.278 0.052 0.002 0 0.002 0 1
120.326 0.05 0 0 0 0 1
120.38 0.052 0.002 0 0.002 0 1
120.432 0.052 0.002 0 0.002 0 1
120.482 0.05 0.002 0.002 0 0 1
120.534 0.052 0.002 0 0.002 0 1
120.584 0.05 0.002 0 0.002 0 1
120.636 0.05 0.004 0.002 0.002 0 1
120.684 0.05 0.002 0.002 0 0 1
120.732 0.05 0 0 0 0 1
120.786 0.05 0.004 0.002 0.002 0 1
120.832 0.05 0 0 0 0 1
120.988 0.154 0.002 0.002 0 0 1
121.024 0.036 0.002 0 0.002 0 1
121.076 0.052 0.002 0 0.002 0 1
121.128 0.052 0.002 0.002 0 0 1
121.182 0.052 0.004 0.002 0.002 0 1
121.23 0.05 0.002 0.002 0 0 1
121.282 0.05 0.004 0 0.002 0 1
121.332 0.052 0.002 0.002 0 0 1
121.382 0.05 0.002 0.002 0 0 1
121.432 0.05 0.002 0.002 0 0 1
121.484 0.052 0.002 0 0.002 0 1
121.536 0.052 0.002 0.002 0 0 1
121.584 0.048 0.002 0 0.002 0 1
121.632 0.05 0 0 0 0 1
121.684 0.05 0.002 0 0.002 0 1
121.732 0.05 0 0 0 0 1
121.782 0.05 0 0 0 0 1
121.83 0.048 0 0 0 0 1
121.88 0.046 0.004 0 0.004 0 1
121.934 0.056 0.002 0 0.002 0 1
122.124 0.19 0.002 0 0.002 0 1
122.168 0.042 0.004 0.004 0 0 1
122.214 0.048 0.002 0.002 0 0 1
122.264 0.05 0.002 0.002 0 0 1
122.314 0.05 0.002 0 0.002 0 1
122.362 0.05 0 0 0 0 1
122.414 0.05 0.002 0 0.002 0 1
122.462 0.046 0.004 0.002 0 0 1
122.512 0.052 0.002 0.002 0 0 1
122.564 0.052 0.002 0 0.002 0 1
122.614 0.05 0.002 0.002 0 0 1
122.664 0.052 0 0 0 0 1
122.716 0.05 0.002 0.002 0 0 1
122.766 0.046 0.006 0.006 0 0 1
122.926 0.164 0.002 0 0 0 1
122.928 0.002 0.002 0.002 0 0 1
122.966 0.04 0 0 0 0 1
123.022 0.054 0.002 0 0.002 0 1
123.064 0.044 0 0 0 0 1
123.124 0.058 0.002 0 0.002 0 1
123.174 0.052 0 0 0 0 1
123.228 0.052 0.002 0.002 0 0 1
123.278 0.052 0 0 0 0 1
123.332 0.05 0.004 0.004 0 0 1
123.384 0.052 0.004 0.002 0.002 0 1
123.432 0.052 0 0 0 0 1
123.482 0.05 0 0 0 0 1
123.532 0.05 0 0 0 0 1
123.582 0.048 0.002 0.002 0 0 1
123.634 0.05 0.004 0 0.004 0 1
123.682 0.052 0 0 0 0 1
123.858 0.174 0.002 0.002 0 0 1
123.866 0.01 0 0 0 0 1
123.916 0.048 0.002 0.002 0 0 1
123.966 0.052 0 0 0 0 1
124.018 0.05 0.002 0 0.002 0 1
124.066 0.048 0.002 0.002 0 0 1
124.118 0.052 0.002 0 0.002 0 1
124.168 0.05 0.002 0 0.002 0 1
124.22 0.05 0.004 0.002 0 0 1
124.268 0.05 0.002 0.002 0 0 1
124.318 0.05 0.002 0 0.002 0 1
124.368 0.05 0.002 0 0.002 0 1
124.418 0.05 0.002 0 0.002 0 1
124.468 0.05 0.002 0 0.002 0 1
124.518 0.05 0.002 0 0.002 0 1
124.568 0.05 0.002 0 0.002 0 1
124.75 0.18 0.004 0.002 0.002 0.002 1
124.758 0.012 0 0 0 0 1
124.808 0.048 0.002 0 0.002 0 1
124.86 0.05 0.004 0.002 0 0 1
124.908 0.052 0 0 0 0 1
124.96 0.05 0.002 0 0.002 0 1
125.01 0.05 0.002 0.002 0 0 1
125.058 0.05 0 0 0 0 1
125.11 0.046 0.006 0.006 0 0 1
125.162 0.056 0.002 0 0.002 0 1
125.212 0.05 0.002 0 0.002 0 1
125.262 0.05 0.002 0 0.002 0 1
125.308 0.046 0.002 0.002 0 0 1
125.358 0.05 0.002 0 0.002 0 1
125.4 0.044 0 0 0 0 1
125.454 0.052 0.002 0.002 0 0 1
125.498 0.046 0 0 0 0 1
125.552 0.052 0.002 0 0.002 0.002 1
125.604 0.05 0.004 0 0.002 0 1
125.786 0.186 0 0 0 0 1
125.786 0 0 0 0 0 1
125.838 0.05 0.002 0 0.002 0 1
125.888 0.052 0 0 0 0 1
125.94 0.05 0.002 0 0.002 0 1
125.988 0.05 0 0 0 0 1
126.04 0.05 0.002 0 0.002 0 1
126.09 0.05 0.002 0.002 0 0 1
126.142 0.052 0.002 0 0.002 0 1
126.192 0.05 0.002 0 0.002 0 1
126.24 0.05 0 0 0 0 1
126.29 0.048 0.002 0 0.002 0 1
126.34 0.052 0 0 0 0 1
126.392 0.05 0.002 0.002 0 0 1
126.442 0.05 0.002 0.002 0 0 1
126.492 0.048 0.004 0 0.004 0 1
126.684 0.194 0.002 0.002 0 0 1
126.688 0.004 0.002 0 0.002 0 1
126.736 0.046 0.004 0 0.004 0 1
126.786 0.052 0.002 0.002 0 0 1
126.838 0.052 0.002 0 0.002 0 1
126.888 0.05 0.002 0 0.002 0 1
126.938 0.05 0.002 0.002 0 0 1
126.988 0.05 0.002 0.002 0 0 1
127.038 0.052 0 0 0 0 1
127.09 0.05 0.002 0.002 0 0 1
127.142 0.05 0.004 0.002 0 0 1
127.19 0.05 0.002 0.002 0 0 1
127.24 0.05 0.002 0.002 0 0 1
127.29 0.05 0.002 0.002 0 0 1
127.34 0.05 0.002 0 0.002 0 1
127.386 0.048 0 0 0 0 1
127.436 0.05 0 0 0 0 1
127.486 0.048 0.002 0 0.002 0 1
127.646 0.158 0.004 0.002 0.002 0 1
127.67 0.026 0.002 0 0.002 0 1
127.718 0.048 0.002 0.002 0 0 1
127.77 0.052 0.002 0.002 0 0 1
127.822 0.054 0 0 0 0 1
127.876 0.052 0.002 0.002 0 0 1
127.928 0.052 0.002 0 0.002 0 1
127.978 0.05 0.002 0.002 0 0 1
128.03 0.052 0.002 0 0.002 0 1
128.078 0.05 0 0 0 0 1
128.13 0.05 0.002 0 0.002 0 1
128.18 0.05 0.002 0.002 0 0 1
128.23 0.05 0.002 0.002 0 0 1
128.286 0.056 0.002 0.002 0 0 1
128.332 0.046 0.002 0 0.002 0 1
128.378 0.048 0 0 0 0 1
128.428 0.048 0.002 0.002 0 0 1
128.476 0.05 0 0 0 0 1
128.648 0.17 0.002 0.002 0 0 1
128.674 0.026 0.002 0 0.002 0.002 1
128.724 0.05 0.002 0.002 0 0 1
128.772 0.05 0 0 0 0 1
128.824 0.052 0 0 0 0 1
128.876 0.05 0.002 0.002 0 0 1
128.924 0.05 0 0 0 0 1
128.974 0.05 0 0 0 0 1
129.028 0.052 0.002 0 0.002 0 1
129.078 0.05 0.002 0 0.002 0 1
129.128 0.05 0.002 0 0.002 0 1
129.178 0.048 0.004 0.002 0.002 0 1
129.228 0.052 0.002 0 0.002 0 1
129.278 0.05 0.002 0 0.002 0 1
129.328 0.05 0.002 0 0.002 0 1
129.378 0.048 0.004 0.002 0 0 1
129.42 0.046 0 0 0 0 1
129.464 0.044 0 0 0 0 1
129.516 0.052 0 0 0 0 1
129.692 0.174 0.002 0.002 0 0 1
129.694 0.002 0.002 0.002 0 0 1
129.744 0.05 0.002 0.002 0 0 1
129.784 0.04 0.002 0.002 0 0 1
129.836 0.052 0.002 0.002 0 0 1
129.888 0.052 0.002 0.002 0 0 1
129.94 0.052 0.002 0 0.002 0 1
129.992 0.052 0.002 0 0.002 0 1
130.04 0.048 0.002 0.002 0 0 1
130.092 0.052 0.002 0 0.002 0 1
130.142 0.05 0.002 0.002 0 0 1
130.188 0.046 0.002 0 0.002 0 1
130.236 0.05 0 0 0 0 1
130.288 0.05 0.002 0 0.002 0 1
130.336 0.048 0.002 0 0.002 0 1
130.388 0.052 0.002 0 0.002 0 1
130.438 0.05 0.002 0.002 0 0 1
130.596 0.158 0.002 0.002 0 0 1
130.63 0.032 0.004 0.002 0.002 0 1
130.678 0.05 0.002 0.002 0 0 1
130.73 0.052 0.002 0.002 0 0 1
130.782 0.05 0.004 0.002 0.002 0 1
130.83 0.052 0 0 0 0 1
130.882 0.05 0.002 0.002 0 0 1
130.93 0.05 0 0 0 0 1
130.98 0.05 0 0 0 0 1
131.03 0.048 0.002 0 0.002 0 1
131.08 0.05 0.002 0.002 0 0 1
131.132 0.052 0.002 0 0.002 0 1
131.182 0.05 0.002 0.002 0 0 1
131.23 0.05 0 0 0 0 1
131.282 0.05 0.002 0 0.002 0 1
131.33 0.05 0 0 0 0 1
131.382 0.05 0.002 0.002 0 0 1
131.432 0.05 0.002 0 0.002 0 1
131.482 0.048 0.004 0.002 0.002 0 1
131.532 0.052 0.002 0.002 0 0 1
131.688 0.156 0.002 0.002 0 0 1
131.71 0.022 0.002 0 0.002 0 1
131.76 0.052 0 0 0 0 1
131.812 0.052 0 0 0 0 1
131.866 0.052 0.002 0.002 0 0 1
131.912 0.046 0.002 0.002 0 0 1
131.964 0.052 0.002 0.002 0 0 1
132.016 0.052 0.002 0.002 0 0 1
132.064 0.048 0.002 0 0.002 0 1
132.112 0.05 0 0 0 0 1
132.166 0.052 0.002 0.002 0 0 1
132.22 0.048 0.008 0.008 0 0 1
132.27 0.056 0.002 0 0.002 0 1
132.318 0.05 0 0 0 0 1
132.372 0.052 0.002 0 0.002 0 1
132.422 0.05 0.002 0.002 0 0 1
132.472 0.05 0.002 0.002 0 0 1
132.522 0.05 0.002 0.002 0 0 1
132.574 0.05 0.004 0.002 0.002 0 1
132.62 0.048 0.002 0 0.002 0 1
132.67 0.05 0.002 0.002 0 0 1
132.714 0.044 0.002 0.002 0 0 1
132.764 0.05 0.002 0 0.002 0 1
132.816 0.052 0.002 0 0.002 0 1
132.866 0.05 0.002 0.002 0 0 1
132.918 0.052 0.002 0.002 0 0 1
132.968 0.052 0 0 0 0 1
133.018 0.048 0.002 0 0.002 0 1
133.068 0.052 0 0 0 0 1
133.12 0.05 0.002 0.002 0 0 1
133.168 0.05 0 0 0 0 1
133.222 0.052 0.002 0 0.002 0 1
133.378 0.158 0 0 0 0 1
133.41 0.03 0.002 0 0.002 0 1
133.462 0.052 0.002 0.002 0 0 1
133.514 0.052 0.002 0.002 0 0 1
133.566 0.052 0.002 0.002 0 0 1
133.616 0.052 0 0 0 0 1
133.666 0.05 0 0 0 0 1
133.718 0.05 0.002 0.002 0 0 1
133.77 0.05 0.004 0 0.004 0 1
133.816 0.05 0 0 0 0 1
133.866 0.05 0 0 0 0 1
133.914 0.048 0 0 0 0 1
133.968 0.052 0.002 0 0.002 0 1
134.018 0.05 0.002 0 0.002 0 1
134.066 0.05 0 0 0 0 1
134.118 0.05 0.002 0.002 0 0 1
134.314 0.196 0.002 0.002 0 0 1
134.358 0.044 0.002 0.002 0 0 1
134.408 0.05 0.002 0.002 0 0 1
134.46 0.05 0.004 0.002 0.002 0 1
134.51 0.05 0.004 0.002 0.002 0 1
134.558 0.052 0 0 0 0 1
134.61 0.05 0.002 0 0.002 0 1
134.66 0.05 0.002 0 0.002 0 1
134.71 0.05 0.002 0 0.002 0 1
134.758 0.05 0 0 0 0 1
134.81 0.05 0.002 0 0.002 0 1
134.858 0.048 0.002 0 0.002 0 1
134.908 0.05 0.002 0 0.002 0 1
134.958 0.048 0.004 0 0.004 0 1
135.008 0.052 0.002 0 0.002 0 1
135.054 0.048 0 0 0 0 1
135.232 0.176 0.002 0.002 0 0 1
135.25 0.018 0.002 0 0.002 0 1
135.298 0.048 0.002 0.002 0 0 1
135.348 0.05 0.002 0 0.002 0 1
135.4 0.052 0.002 0 0.002 0.002 1
135.45 0.05 0.002 0.002 0 0 1
135.502 0.052 0.002 0 0.002 0 1
135.552 0.05 0.002 0.002 0 0 1
135.604 0.05 0.004 0 0.004 0 1
135.654 0.052 0.002 0 0.002 0 1
135.702 0.048 0.002 0.002 0 0 1
135.756 0.054 0.002 0 0.002 0 1
135.802 0.046 0.002 0.002 0 0 1
135.852 0.05 0.002 0.002 0 0 1
135.904 0.052 0.002 0 0.002 0 1
135.952 0.05 0 0 0 0 1
136.002 0.048 0.002 0.002 0 0 1
136.052 0.05 0.002 0.002 0 0 1
136.248 0.194 0.004 0.002 0.002 0 1
136.296 0.048 0.004 0.002 0.002 0 1
136.344 0.052 0 0 0 0 1
136.392 0.046 0.002 0.002 0 0 1
136.444 0.052 0.002 0.002 0 0 1
136.494 0.05 0.002 0.002 0 0 1
136.546 0.05 0.004 0.002 0.002 0 1
136.596 0.052 0.002 0.002 0 0 1
136.644 0.05 0 0 0 0 1
136.698 0.052 0.002 0 0.002 0 1
136.748 0.05 0.002 0.002 0 0 1
136.798 0.048 0.004 0.004 0 0 1
136.848 0.052 0.002 0 0.002 0 1
136.896 0.05 0 0 0 0 1
136.948 0.05 0.002 0.002 0 0 1
136.996 0.05 0 0 0 0 1
137.138 0.142 0 0 0 0 1
137.182 0.04 0.004 0.004 0 0 1
137.234 0.054 0.002 0 0.002 0 1
137.28 0.048 0 0 0 0 1
137.332 0.05 0.002 0.002 0 0 1
137.384 0.052 0.002 0.002 0 0 1
137.434 0.052 0 0 0 0 1
137.486 0.05 0.002 0.002 0 0 1
137.538 0.05 0.004 0 0.004 0 1
137.588 0.052 0.002 0.002 0 0 1
137.638 0.05 0.002 0.002 0 0 1
137.69 0.05 0.004 0.002 0.002 0 1
137.738 0.05 0.002 0.002 0 0 1
137.79 0.052 0.002 0.002 0 0 1
137.836 0.048 0 0 0 0 1
137.886 0.048 0.002 0.002 0 0 1
137.936 0.052 0 0 0 0 1
137.988 0.05 0.002 0 0.002 0 1
138.038 0.05 0.002 0.002 0 0 1
138.218 0.182 0 0 0 0 1
138.218 0 0 0 0 0 1
138.268 0.05 0 0 0 0 1
138.316 0.048 0 0 0 0 1
138.374 0.054 0.004 0.002 0.002 0 1
138.428 0.054 0.004 0.002 0.002 0 1
138.48 0.054 0.002 0 0.002 0 1
138.532 0.05 0.004 0.002 0.002 0 1
138.582 0.054 0 0 0 0 1
138.634 0.05 0.002 0 0.002 0 1
138.682 0.048 0.002 0 0.002 0 1
138.728 0.048 0 0 0 0 1
138.782 0.052 0.002 0 0.002 0 1
138.832 0.05 0.002 0.002 0 0 1
138.882 0.05 0.002 0.002 0 0 1
138.934 0.054 0 0 0 0 1
138.982 0.046 0.002 0.002 0 0 1
139.16 0.178 0.002 0.002 0 0 1
139.168 0.008 0.002 0 0.002 0 1
139.22 0.052 0.002 0.002 0 0 1
139.268 0.048 0.002 0.002 0 0 1
139.322 0.052 0.004 0.002 0.002 0 1
139.374 0.054 0.002 0 0.002 0 1
139.424 0.05 0.002 0 0.002 0 1
139.476 0.052 0.002 0 0.002 0 1
139.526 0.05 0.002 0.002 0 0 1
139.578 0.052 0.002 0 0.002 0 1
139.63 0.054 0 0 0 0 1
139.678 0.046 0.002 0.002 0 0 1
139.724 0.048 0 0 0 0 1
139.778 0.052 0.002 0 0.002 0 1
139.828 0.05 0.002 0.002 0 0 1
139.876 0.05 0 0 0 0 1
139.928 0.05 0.002 0.002 0 0 1
139.978 0.05 0.002 0.002 0 0 1
140.164 0.186 0.002 0.002 0 0 1
140.176 0.012 0.002 0.002 0 0 1
140.222 0.046 0.002 0.002 0 0 1
140.274 0.052 0.002 0 0.002 0 1
140.324 0.048 0.004 0 0.002 0 1
140.374 0.052 0.002 0.002 0 0 1
140.424 0.05 0.002 0.002 0 0 1
140.476 0.052 0.002 0 0.002 0 1
140.526 0.05 0.002 0 0.002 0 1
140.574 0.048 0.002 0.002 0 0 1
140.626 0.052 0.002 0 0.002 0 1
140.676 0.05 0.002 0.002 0 0 1
140.726 0.052 0 0 0 0 1
140.778 0.05 0.002 0 0.002 0 1
140.828 0.05 0.002 0 0.002 0 1
140.878 0.05 0.002 0 0.002 0 1
140.926 0.05 0 0 0 0 1
140.976 0.05 0 0 0 0 1
141.024 0.048 0 0 0 0 1
141.178 0.154 0 0 0 0 1
141.204 0.024 0.002 0.002 0 0 1
141.256 0.052 0.002 0.002 0 0 1
141.306 0.05 0.002 0 0.002 0 1
141.356 0.05 0.002 0 0.002 0 1
141.402 0.046 0.002 0 0.002 0 1
141.454 0.052 0.002 0 0.002 0 1
141.506 0.052 0.002 0 0.002 0 1
141.554 0.05 0 0 0 0 1
141.606 0.048 0.004 0 0.002 0 1
141.654 0.052 0 0 0 0 1
141.706 0.052 0 0 0 0 1
141.754 0.048 0 0 0 0 1
141.804 0.05 0 0 0 0 1
141.858 0.052 0.002 0 0.002 0 1
141.906 0.048 0.002 0 0.002 0 1
142.066 0.16 0.002 0.002 0 0 1
142.084 0.014 0.006 0.004 0.002 0 1
142.13 0.05 0.002 0.002 0 0 1
142.182 0.052 0.002 0.002 0 0 1
142.234 0.052 0.002 0.002 0 0 1
142.286 0.052 0.002 0 0.002 0 1
142.336 0.05 0.002 0.002 0 0 1
142.388 0.052 0.002 0 0.002 0 1
142.438 0.05 0.002 0 0.002 0 1
142.488 0.048 0.004 0.002 0.002 0 1
142.536 0.05 0.002 0 0.002 0 1
142.586 0.052 0 0 0 0 1
142.636 0.05 0 0 0 0 1
142.688 0.05 0.002 0.002 0 0 1
142.738 0.05 0.002 0.002 0 0 1
142.788 0.05 0.002 0.002 0 0 1
142.838 0.05 0.002 0.002 0 0 1
142.886 0.05 0 0 0 0 1
142.938 0.05 0.002 0.002 0 0 1
142.99 0.05 0.004 0 0.004 0 1
143.186 0.2 0 0 0 0 1
143.224 0.038 0 0 0 0 1
143.278 0.052 0.002 0.002 0 0 1
143.326 0.048 0.002 0.002 0 0 1
143.378 0.052 0.002 0.002 0 0 1
143.426 0.048 0.002 0.002 0 0 1
143.476 0.05 0.002 0 0.002 0 1
143.528 0.052 0.002 0 0.002 0 1
143.578 0.05 0.002 0.002 0 0 1
143.63 0.052 0.002 0.002 0 0 1
143.676 0.048 0 0 0 0 1
143.73 0.052 0.002 0 0.002 0 1
143.778 0.05 0 0 0 0 1
143.83 0.05 0.002 0 0.002 0 1
143.878 0.048 0.002 0 0 0 1
143.928 0.05 0.002 0.002 0 0 1
143.98 0.052 0.002 0 0.002 0 1
144.148 0.17 0 0 0 0 1
144.172 0.022 0.002 0 0.002 0 1
144.224 0.05 0.004 0.004 0 0 1
144.276 0.052 0.004 0.002 0.002 0 1
144.326 0.052 0.002 0.002 0 0 1
144.378 0.05 0.004 0 0.004 0 1
144.428 0.052 0.002 0 0.002 0 1
144.474 0.048 0 0 0 0 1
144.528 0.052 0.002 0 0 0 1
144.578 0.048 0.004 0.002 0.002 0 1
144.628 0.052 0.002 0.002 0 0 1
144.678 0.05 0.002 0.002 0 0 1
144.728 0.05 0.002 0.002 0 0 1
144.78 0.052 0.002 0 0.002 0 1
144.828 0.05 0 0 0 0 1
144.878 0.048 0.002 0.002 0 0 1
144.928 0.05 0.002 0 0.002 0 1
144.978 0.05 0.002 0.002 0 0 1
145.028 0.05 0.002 0 0.002 0 1
145.078 0.05 0.002 0 0.002 0 1
145.25 0.17 0.004 0.002 0 0 1
145.266 0.016 0.004 0.002 0.002 0 1
145.316 0.052 0.002 0 0.002 0 1
145.368 0.052 0.002 0.002 0 0 1
145.42 0.052 0.002 0.002 0 0 1
145.47 0.052 0 0 0 0 1
145.52 0.048 0.002 0.002 0 0 1
145.572 0.052 0.002 0 0.002 0 1
145.622 0.052 0 0 0 0 1
145.674 0.05 0.002 0.002 0 0 1
145.722 0.048 0.002 0 0.002 0 1
145.772 0.05 0.002 0.002 0 0 1
145.82 0.05 0 0 0 0 1
145.87 0.05 0 0 0 0 1
145.92 0.05 0 0 0 0 1
145.97 0.048 0.002 0.002 0 0 1
146.022 0.05 0.004 0.002 0.002 0 1
146.19 0.17 0.002 0.002 0 0 1
146.198 0.01 0 0 0 0 1
146.25 0.05 0.002 0.002 0 0 1
146.3 0.05 0.002 0.002 0 0 1
146.354 0.052 0.004 0.002 0.002 0 1
146.404 0.052 0.002 0.002 0 0 1
146.456 0.052 0.002 0 0.002 0 1
146.508 0.05 0.004 0.002 0 0 1
146.558 0.052 0.002 0.002 0 0 1
146.608 0.052 0 0 0 0 1
146.66 0.05 0.002 0 0.002 0 1
146.708 0.05 0 0 0 0 1
146.754 0.044 0.002 0 0.002 0 1
146.806 0.052 0.002 0 0.002 0 1
146.856 0.05 0.002 0.002 0 0 1
146.908 0.052 0.002 0 0.002 0 1
147.088 0.178 0.004 0.002 0.002 0 1
147.138 0.05 0.004 0.002 0.002 0 1
147.192 0.054 0.004 0.002 0.002 0 1
147.244 0.054 0.002 0.002 0 0 1
147.298 0.054 0.002 0 0.002 0 1
147.348 0.05 0.002 0.002 0 0 1
147.396 0.048 0.002 0 0.002 0 1
147.442 0.046 0.002 0 0.002 0 1
147.496 0.054 0.002 0 0 0 1
147.548 0.052 0.002 0 0.002 0 1
147.6 0.052 0.002 0 0.002 0 1
147.646 0.046 0.002 0.002 0 0 1
147.698 0.052 0.002 0.002 0 0 1
147.75 0.052 0.002 0 0.002 0 1
147.802 0.05 0.004 0.002 0.002 0 1
147.85 0.05 0.002 0.002 0 0 1
147.902 0.052 0.002 0 0.002 0 1
147.948 0.048 0 0 0 0 1
148.11 0.158 0.004 0.002 0.002 0 1
148.132 0.022 0.004 0.002 0.002 0 1
148.184 0.054 0.002 0 0.002 0 1
148.234 0.052 0 0 0 0 1
148.286 0.05 0.002 0.002 0 0 1
148.336 0.052 0 0 0 0 1
148.388 0.05 0.002 0.002 0 0 1
148.44 0.052 0.002 0 0.002 0 1
148.488 0.05 0 0 0 0 1
148.54 0.05 0.002 0 0.002 0 1
148.59 0.05 0.002 0.002 0 0 1
148.64 0.05 0.002 0.002 0 0 1
148.69 0.05 0.002 0.002 0 0 1
148.74 0.05 0.002 0 0.002 0 1
148.788 0.05 0 0 0 0 1
148.84 0.05 0.002 0 0.002 0 1
148.888 0.05 0 0 0 0 1
148.938 0.05 0 0 0 0 1
148.988 0.048 0.002 0.002 0 0 1
149.038 0.05 0.002 0.002 0 0 1
149.09 0.052 0.002 0 0.002 0 1
149.138 0.05 0 0 0 0 1
149.256 0.118 0 0 0 0 1
149.268 0 0.012 0 0.012 0 1
149.322 0.064 0.002 0 0.002 0 1
149.376 0.054 0.002 0 0.002 0 1
149.428 0.052 0.002 0.002 0 0 1
149.48 0.052 0.002 0.002 0 0 1
149.532 0.052 0.002 0.002 0 0 1
149.584 0.052 0.002 0 0.002 0 1
149.634 0.05 0.002 0 0.002 0 1
149.684 0.05 0.002 0.002 0 0 1
149.732 0.05 0 0 0 0 1
149.784 0.05 0.002 0.002 0 0 1
149.834 0.05 0.002 0 0.002 0 1
149.882 0.05 0 0 0 0 1
149.93 0.046 0.002 0.002 0 0 1
149.982 0.052 0.002 0.002 0 0 1
150.034 0.052 0.002 0 0.002 0 1
150.08 0.046 0.002 0.002 0 0 1
150.132 0.052 0.002 0 0.002 0 1
150.184 0.05 0.004 0.002 0.002 0 1
150.234 0.052 0.002 0.002 0 0 1
150.284 0.05 0.002 0.002 0 0 1
150.328 0.046 0 0 0 0 1
150.382 0.052 0.002 0 0.002 0 1
150.432 0.05 0.002 0.002 0 0 1
150.484 0.052 0.002 0 0.002 0 1
150.532 0.05 0 0 0 0 1
150.582 0.05 0 0 0 0 1
150.634 0.05 0.002 0 0.002 0 1
150.682 0.05 0 0 0 0 1
150.734 0.05 0.002 0.002 0 0 1
150.784 0.052 0 0 0 0 1
150.834 0.048 0.002 0.002 0 0 1
150.884 0.05 0.002 0.002 0 0 1
150.934 0.05 0.002 0.002 0 0 1
151.128 0.194 0.002 0 0.002 0 1
151.132 0.006 0 0 0 0 1
151.182 0.048 0.002 0.002 0 0 1
151.232 0.05 0.002 0.002 0 0 1
151.282 0.05 0.002 0.002 0 0 1
151.334 0.05 0.004 0.002 0 0 1
151.382 0.052 0 0 0 0 1
151.434 0.05 0.002 0 0.002 0 1
151.484 0.05 0.002 0 0.002 0 1
151.534 0.05 0.002 0.002 0 0 1
151.582 0.05 0 0 0 0 1
151.634 0.05 0.002 0.002 0 0 1
151.684 0.05 0.002 0 0.002 0 1
151.734 0.05 0.002 0.002 0 0 1
151.784 0.05 0.002 0.002 0 0 1
151.832 0.05 0 0 0 0 1
151.884 0.05 0.002 0.002 0 0 1
151.934 0.05 0.002 0.002 0 0 1
151.984 0.05 0.002 0 0.002 0 1
152.174 0.19 0.002 0 0.002 0 1
152.174 0.002 0 0 0 0 1
152.224 0.048 0.002 0 0.002 0 1
152.274 0.05 0.002 0 0.002 0 1
152.324 0.05 0.002 0.002 0 0 1
152.374 0.05 0.002 0.002 0 0 1
152.424 0.05 0.002 0.002 0 0 1
152.472 0.05 0 0 0 0 1
152.522 0.05 0 0 0 0 1
152.574 0.048 0.004 0.002 0 0 1
152.624 0.052 0.002 0 0.002 0 1
152.672 0.048 0.002 0.002 0 0 1
152.72 0.05 0 0 0 0 1
152.77 0.048 0.002 0 0.002 0 1
152.818 0.048 0.002 0.002 0 0 1
152.87 0.052 0.002 0 0.002 0 1
152.918 0.05 0 0 0 0 1
152.97 0.05 0.002 0.002 0 0 1
153.02 0.052 0 0 0 0 1
153.068 0.048 0 0 0 0 1
153.12 0.05 0.002 0.002 0 0 1
153.17 0.05 0.002 0.002 0 0 1
153.22 0.052 0 0 0 0 1
153.268 0.046 0.002 0 0.002 0 1
153.318 0.05 0.002 0.002 0 0 1
153.368 0.052 0 0 0 0 1
153.42 0.05 0.002 0 0.002 0 1
153.47 0.05 0.002 0 0.002 0 1
153.518 0.05 0 0 0 0 1
153.57 0.05 0.002 0.002 0 0 1
153.62 0.05 0.002 0.002 0 0 1
153.804 0.176 0.01 0.01 0 0 1
153.806 0.01 0.002 0.002 0 0 1
153.854 0.05 0 0 0 0 1
153.904 0.048 0.002 0 0.002 0 1
153.954 0.05 0.002 0.002 0 0 1
154.006 0.052 0.002 0.002 0 0 1
154.056 0.052 0 0 0 0 1
154.108 0.05 0.002 0.002 0 0 1
154.16 0.05 0.004 0 0.002 0 1
154.21 0.052 0.002 0 0.002 0 1
154.26 0.05 0.002 0.002 0 0 1
154.306 0.048 0 0 0 0 1
154.356 0.048 0.002 0.002 0 0 1
154.406 0.05 0.002 0.002 0 0 1
154.458 0.052 0.002 0 0.002 0 1
154.512 0.05 0.006 0.006 0 0 1
154.558 0.05 0.002 0.002 0 0 1
154.608 0.05 0.002 0.002 0 0 1
154.66 0.052 0.002 0 0.002 0 1
154.71 0.05 0.002 0 0.002 0 1
154.76 0.05 0.002 0 0.002 0 1
154.81 0.05 0.002 0 0.002 0 1
154.858 0.048 0.002 0 0 0 1
154.91 0.052 0.002 0 0 0 1
154.96 0.05 0.002 0 0.002 0 1
155.008 0.05 0 0 0 0 1
155.06 0.05 0.002 0 0.002 0 1
155.108 0.048 0.002 0.002 0 0 1
155.158 0.05 0.002 0.002 0 0 1
155.206 0.048 0.002 0.002 0 0 1
155.258 0.052 0.002 0 0.002 0 1
155.306 0.048 0.002 0.002 0 0 1
155.354 0.05 0 0 0 0 1
155.536 0.182 0 0 0 0 1
155.54 0 0.004 0.004 0 0 1
155.588 0.05 0.002 0 0.002 0 1
155.64 0.048 0.006 0.006 0 0 1
155.692 0.058 0 0 0 0 1
155.744 0.05 0.002 0.002 0 0 1
155.796 0.052 0.002 0 0.002 0 1
155.846 0.05 0.002 0.002 0 0 1
155.898 0.052 0.002 0 0.002 0 1
155.948 0.05 0.002 0 0.002 0 1
155.996 0.05 0 0 0 0 1
156.048 0.05 0.002 0 0 0 1
156.098 0.05 0.002 0 0.002 0 1
156.148 0.05 0.002 0 0.002 0 1
156.198 0.05 0.002 0.002 0 0 1
156.246 0.05 0 0 0 0 1
156.296 0.048 0.002 0.002 0 0 1
156.346 0.052 0 0 0 0 1
156.398 0.05 0.002 0 0.002 0 1
156.448 0.05 0.002 0 0.002 0 1
156.498 0.05 0.002 0.002 0 0 1
156.548 0.048 0.004 0.002 0.002 0 1
156.596 0.052 0 0 0 0 1
156.648 0.05 0.002 0 0.002 0 1
156.694 0.048 0 0 0 0 1
156.746 0.05 0.002 0 0 0 1
156.796 0.05 0.002 0 0.002 0 1
156.848 0.05 0.004 0.002 0.002 0 1
156.898 0.052 0.002 0 0.002 0 1
156.948 0.048 0.004 0.002 0.002 0 1
156.998 0.052 0.002 0 0.002 0 1
157.046 0.05 0 0 0 0 1
157.098 0.05 0.002 0.002 0 0 1
157.148 0.05 0.002 0 0.002 0 1
157.308 0.16 0.002 0.002 0 0 1
157.328 0.022 0 0 0 0 1
157.38 0.05 0.002 0.002 0 0 1
157.434 0.054 0.002 0.002 0 0 1
157.488 0.052 0.004 0.002 0.002 0 1
157.538 0.052 0.002 0.002 0 0 1
157.59 0.052 0.002 0.002 0 0 1
157.642 0.052 0.002 0 0.002 0 1
157.692 0.05 0.002 0.002 0 0 1
157.744 0.052 0.002 0 0.002 0 1
157.794 0.05 0.002 0.002 0 0 1
157.842 0.05 0 0 0 0 1
157.894 0.05 0.002 0.002 0 0 1
157.94 0.048 0 0 0 0 1
157.988 0.048 0 0 0 0 1
158.042 0.052 0.002 0 0.002 0 1
158.09 0.048 0.002 0.002 0 0 1
158.138 0.05 0 0 0 0 1
158.19 0.05 0.002 0.002 0 0 1
158.24 0.05 0.002 0.002 0 0 1
158.404 0.166 0 0 0 0 1
158.43 0.024 0.002 0.002 0 0 1
158.48 0.052 0 0 0 0 1
158.534 0.052 0.002 0 0.002 0 1
158.582 0.05 0 0 0 0 1
158.632 0.05 0 0 0 0 1
158.682 0.05 0 0 0 0 1
158.734 0.052 0 0 0 0 1
158.786 0.05 0.002 0 0.002 0 1
158.836 0.05 0.002 0.002 0 0 1
158.884 0.05 0 0 0 0 1
158.934 0.05 0 0 0 0 1
158.984 0.048 0.002 0 0.002 0 1
159.034 0.05 0.002 0.002 0 0 1
159.082 0.05 0 0 0 0 1
159.208 0.124 0.002 0.002 0 0 1
159.256 0.05 0 0 0 0 1
159.312 0.054 0.002 0.002 0 0 1
159.366 0.054 0.002 0 0.002 0 1
159.418 0.052 0.002 0.002 0 0 1
159.47 0.05 0.004 0.002 0 0 1
159.52 0.054 0 0 0 0 1
159.574 0.052 0.002 0 0 0 1
159.624 0.05 0.002 0 0.002 0 1
159.672 0.05 0 0 0 0 1
159.724 0.052 0 0 0 0 1
159.774 0.05 0 0 0 0 1
159.822 0.046 0.002 0 0.002 0 1
159.872 0.05 0.002 0.002 0 0 1
159.924 0.052 0.002 0 0.002 0 1
159.974 0.05 0.002 0.002 0 0 1
160.024 0.048 0.004 0 0.004 0 1
160.074 0.052 0.002 0.002 0 0 1
160.238 0.166 0 0 0 0 1
160.258 0.018 0.002 0 0.002 0 1
160.31 0.052 0.002 0 0.002 0 1
160.36 0.052 0 0 0 0 1
160.412 0.046 0.006 0 0.006 0 1
160.462 0.056 0 0 0 0 1
160.514 0.05 0.002 0.002 0 0 1
160.566 0.052 0.002 0 0.002 0 1
160.612 0.048 0 0 0 0 1
160.664 0.05 0.002 0.002 0 0 1
160.706 0.044 0 0 0 0 1
160.762 0.052 0.004 0.002 0.002 0 1
160.812 0.052 0.002 0 0.002 0 1
160.864 0.054 0 0 0 0 1
160.914 0.046 0.004 0 0.004 0 1
160.966 0.054 0.002 0 0.002 0 1
161.016 0.05 0.002 0.002 0 0 1
161.066 0.05 0.002 0.002 0 0 1
161.114 0.048 0.002 0.002 0 0 1
161.292 0.18 0 0 0 0 1
161.304 0.008 0.004 0.002 0.002 0 1
161.356 0.054 0.002 0 0.002 0 1
161.408 0.052 0.002 0.002 0 0 1
161.456 0.05 0 0 0 0 1
161.512 0.054 0.002 0 0.002 0 1
161.56 0.05 0 0 0 0 1
161.614 0.052 0.002 0 0.002 0 1
161.664 0.05 0.002 0.002 0 0 1
161.714 0.05 0.002 0.002 0 0 1
161.764 0.05 0.002 0.002 0 0 1
161.816 0.052 0.002 0 0.002 0 1
161.866 0.05 0.002 0 0.002 0 1
161.914 0.048 0.002 0 0.002 0 1
161.966 0.05 0.004 0.002 0.002 0 1
162.014 0.052 0 0 0 0 1
162.152 0.136 0.002 0 0.002 0 1
162.192 0.04 0.002 0 0.002 0 1
162.242 0.052 0 0 0 0 1
162.298 0.054 0.002 0.002 0 0 1
162.352 0.054 0.002 0 0 0 1
162.404 0.05 0.004 0.002 0.002 0 1
162.456 0.052 0.004 0.002 0.002 0 1
162.506 0.052 0.002 0 0.002 0 1
162.558 0.05 0.004 0.002 0.002 0 1
162.608 0.052 0.002 0 0.002 0 1
162.658 0.05 0.002 0.002 0 0 1
162.708 0.05 0.002 0.002 0 0 1
162.758 0.052 0 0 0 0 1
162.81 0.05 0.002 0 0.002 0 1
162.86 0.05 0.002 0 0.002 0 1
162.91 0.046 0.006 0.004 0.002 0 1
162.96 0.054 0.002 0 0.002 0 1
163.01 0.05 0.002 0 0.002 0 1
163.06 0.05 0.002 0 0.002 0 1
163.11 0.05 0.002 0 0.002 0 1
163.16 0.05 0.002 0 0 0 1
163.206 0.048 0 0 0 0 1
163.258 0.05 0.002 0.002 0 0 1
163.31 0.052 0.002 0 0.002 0 1
163.36 0.05 0.002 0 0.002 0 1
163.408 0.05 0 0 0 0 1
163.458 0.048 0.002 0 0.002 0 1
163.508 0.05 0.002 0 0.002 0 1
163.554 0.048 0 0 0 0 1
163.608 0.052 0.002 0.002 0 0 1
163.656 0.05 0 0 0 0 1
163.706 0.05 0 0 0 0 1
163.75 0.044 0 0 0 0 1
163.924 0.172 0.002 0.002 0 0 1
163.936 0.012 0.002 0 0.002 0 1
163.988 0.052 0.002 0 0.002 0 1
164.04 0.052 0.002 0.002 0 0 1
164.092 0.052 0.002 0.002 0 0 1
164.144 0.052 0.002 0 0.002 0 1
164.194 0.05 0.002 0.002 0 0 1
164.246 0.052 0.002 0 0.002 0 1
164.296 0.05 0.002 0 0.002 0 1
164.346 0.05 0.002 0.002 0 0 1
164.398 0.05 0.004 0.002 0.002 0 1
164.432 0.038 0 0 0 0 1
164.492 0.058 0.002 0.002 0 0 1
164.542 0.05 0.002 0.002 0 0 1
164.59 0.048 0.002 0.002 0 0 1
164.64 0.052 0 0 0 0 1
164.69 0.05 0 0 0 0 1
164.882 0.19 0.002 0 0.002 0 1
164.908 0.026 0.002 0 0.002 0 1
164.962 0.054 0.002 0 0.002 0 1
165.014 0.052 0.002 0.002 0 0 1
165.064 0.05 0.002 0.002 0 0 1
165.116 0.052 0.002 0 0.002 0 1
165.168 0.052 0.002 0 0.002 0 1
165.214 0.046 0.002 0.002 0 0 1
165.266 0.052 0.002 0.002 0 0 1
165.314 0.05 0 0 0 0 1
165.366 0.05 0.002 0 0.002 0 1
165.412 0.048 0 0 0 0 1
165.46 0.048 0 0 0 0 1
165.512 0.05 0.002 0.002 0 0 1
165.56 0.05 0 0 0 0 1
165.61 0.048 0.002 0 0.002 0 1
165.656 0.048 0 0 0 0 1
165.826 0.17 0 0 0 0 1
165.826 0 0 0 0 0 1
165.882 0.052 0.004 0.002 0.002 0 1
165.934 0.056 0 0 0 0 1
165.986 0.05 0.002 0 0.002 0 1
166.038 0.052 0.002 0 0.002 0 1
166.09 0.052 0.002 0 0.002 0 1
166.138 0.05 0 0 0 0 1
166.19 0.052 0 0 0 0 1
166.238 0.046 0.002 0 0.002 0 1
166.288 0.052 0 0 0 0 1
166.34 0.048 0.004 0.002 0.002 0 1
166.388 0.052 0 0 0 0 1
166.438 0.05 0 0 0 0 1
166.492 0.052 0.002 0.002 0 0 1
166.54 0.05 0 0 0 0 1
166.594 0.052 0.002 0 0.002 0 1
166.644 0.05 0.002 0 0.002 0 1
166.692 0.048 0.002 0.002 0 0 1
166.742 0.05 0.002 0 0.002 0 1
166.794 0.052 0.002 0 0.002 0 1
166.948 0.156 0 0 0 0 1
166.976 0.028 0 0 0 0 1
167.026 0.05 0 0 0 0 1
167.074 0.048 0 0 0 0 1
167.13 0.054 0.002 0 0.002 0 1
167.182 0.05 0.004 0.002 0 0 1
167.232 0.052 0.002 0.002 0 0 1
167.282 0.052 0 0 0 0 1
167.334 0.05 0.002 0 0.002 0 1
167.382 0.05 0 0 0 0 1
167.434 0.048 0.004 0.004 0 0 1
167.486 0.054 0.002 0 0.002 0 1
167.532 0.046 0.002 0 0.002 0 1
167.582 0.052 0 0 0 0 1
167.632 0.05 0 0 0 0 1
167.682 0.05 0 0 0 0 1
167.84 0.156 0.002 0.002 0 0 1
167.866 0.028 0 0 0 0 1
167.912 0.046 0 0 0 0 1
167.964 0.052 0 0 0 0 1
168.016 0.05 0.002 0.002 0 0 1
168.068 0.052 0.002 0 0.002 0 1
168.116 0.05 0 0 0 0 1
168.168 0.05 0.002 0.002 0 0 1
168.218 0.05 0.002 0.002 0 0 1
168.268 0.05 0.002 0 0 0 1
168.318 0.05 0.002 0 0.002 0 1
168.368 0.05 0.002 0 0.002 0 1
168.418 0.05 0.002 0 0.002 0 1
168.468 0.05 0.002 0.002 0 0 1
168.518 0.05 0.002 0.002 0 0 1
168.564 0.048 0 0 0 0 1
168.618 0.052 0.002 0 0.002 0 1
168.786 0.168 0.002 0.002 0 0 1
168.796 0.012 0 0 0 0 1
168.852 0.054 0.002 0 0.002 0 1
168.902 0.052 0 0 0 0 1
168.948 0.044 0.002 0.002 0 0 1
169.002 0.054 0.002 0 0.002 0 1
169.052 0.05 0.002 0 0.002 0 1
169.104 0.052 0.002 0 0.002 0 1
169.152 0.05 0 0 0 0 1
169.206 0.052 0.002 0.002 0 0 1
169.254 0.05 0 0 0 0 1
169.306 0.05 0.002 0.002 0 0 1
169.346 0.042 0 0 0 0 1
169.398 0.05 0.002 0 0 0 1
169.448 0.05 0.002 0 0.002 0 1
169.498 0.05 0.002 0 0.002 0 1
169.542 0.046 0 0 0 0 1
169.594 0.05 0.002 0.002 0 0 1
169.646 0.052 0.002 0.002 0 0 1
169.698 0.052 0.002 0 0.002 0 1
169.744 0.046 0.002 0.002 0 0 1
169.794 0.052 0 0 0 0 1
169.846 0.05 0.002 0.002 0 0 1
169.894 0.05 0 0 0 0 1
169.948 0.052 0.002 0 0.002 0 1
169.998 0.05 0.002 0.002 0 0 1
170.046 0.05 0 0 0 0 1
170.086 0.038 0.002 0.002 0 0 1
170.136 0.05 0.002 0.002 0 0 1
170.186 0.05 0.002 0 0.002 0 1
170.23 0.046 0 0 0 0 1
170.282 0.052 0 0 0 0 1
170.334 0.05 0.002 0.002 0 0 1
170.384 0.05 0.002 0.002 0 0 1
170.546 0.162 0.002 0.002 0 0 1
170.576 0.032 0 0 0 0 1
170.626 0.048 0.002 0 0.002 0 1
170.676 0.052 0 0 0 0 1
170.728 0.05 0.002 0 0.002 0 1
170.778 0.052 0 0 0 0 1
170.826 0.048 0 0 0 0 1
170.87 0.044 0 0 0 0 1
170.924 0.054 0 0 0 0 1
170.964 0.038 0.002 0 0 0 1
171.008 0.046 0 0 0 0 1
171.054 0.046 0 0 0 0 1
171.106 0.05 0.002 0 0.002 0 1
171.158 0.054 0 0 0 0 1
171.204 0.044 0.002 0.002 0 0 1
171.258 0.056 0 0 0 0 1
171.314 0.054 0.002 0.002 0 0 1
171.368 0.05 0.006 0 0.006 0 1
171.418 0.056 0 0 0 0 1
171.596 0.178 0 0 0 0 1
171.634 0.038 0 0 0 0 1
171.684 0.05 0 0 0 0 1
171.74 0.054 0.002 0.002 0 0 1
171.788 0.048 0.002 0.002 0 0 1
171.84 0.052 0.002 0.002 0 0 1
171.892 0.05 0.004 0.002 0.002 0 1
171.944 0.054 0.002 0.002 0 0 1
171.996 0.052 0.002 0 0.002 0.002 1
172.048 0.052 0.002 0 0.002 0 1
172.096 0.048 0.002 0 0 0 1
172.148 0.052 0.002 0.002 0 0 1
172.2 0.052 0.002 0 0.002 0 1
172.246 0.046 0.002 0 0.002 0 1
172.294 0.048 0.002 0.002 0 0 1
172.336 0.044 0 0 0 0 1
172.388 0.05 0.002 0.002 0 0 1
172.438 0.048 0.004 0.004 0 0 1
172.59 0.152 0.004 0.002 0.002 0 1
172.616 0.03 0 0 0 0 1
172.668 0.046 0.006 0 0.004 0 1
172.716 0.054 0 0 0 0 1
172.766 0.048 0.002 0 0.002 0 1
172.816 0.052 0 0 0 0 1
172.87 0.052 0.002 0 0.002 0 1
172.914 0.046 0 0 0 0 1
172.964 0.048 0.002 0.002 0 0 1
173.016 0.05 0.004 0.002 0.002 0 1
173.066 0.054 0 0 0 0 1
173.114 0.046 0.002 0.002 0 0 1
173.162 0.048 0.002 0 0.002 0 1
173.212 0.05 0.002 0 0.002 0 1
173.264 0.05 0.004 0.002 0.002 0 1
173.312 0.052 0 0 0 0 1
173.466 0.152 0.002 0.002 0 0 1
173.496 0.03 0.002 0 0.002 0 1
173.548 0.05 0.004 0.002 0.002 0 1
173.598 0.052 0.002 0.002 0 0 1
173.648 0.05 0.002 0 0.002 0 1
173.7 0.052 0.002 0 0.002 0 1
173.746 0.048 0 0 0 0 1
173.796 0.048 0.002 0.002 0 0 1
173.846 0.052 0 0 0 0 1
173.896 0.05 0 0 0 0 1
173.948 0.05 0.002 0.002 0 0 1
173.994 0.046 0.002 0.002 0 0 1
174.046 0.052 0.002 0 0.002 0 1
174.094 0.05 0 0 0 0 1
174.144 0.05 0 0 0 0 1
174.196 0.05 0.002 0 0.002 0 1
174.246 0.05 0.002 0.002 0 0 1
174.298 0.052 0.002 0 0.002 0 1
174.34 0.042 0.002 0 0.002 0 1
174.498 0.154 0.006 0 0.006 0 1
174.51 0.014 0.004 0.002 0.002 0 1
174.546 0.04 0 0 0 0 1
174.604 0.056 0.002 0.002 0 0 1
174.658 0.054 0.002 0.002 0 0 1
174.706 0.046 0.004 0.002 0.002 0 1
174.76 0.056 0.002 0.002 0 0 1
174.814 0.054 0.002 0.002 0 0 1
174.864 0.05 0.002 0 0.002 0 1
174.916 0.052 0.002 0 0.002 0 1
174.968 0.052 0.002 0 0.002 0 1
175.016 0.05 0 0 0 0 1
175.07 0.052 0.002 0.002 0 0 1
175.118 0.05 0 0 0 0 1
175.17 0.05 0.002 0 0.002 0 1
175.22 0.05 0.002 0.002 0 0 1
175.272 0.052 0.002 0 0.002 0 1
175.32 0.05 0 0 0 0 1
175.372 0.05 0.002 0 0.002 0 1
175.422 0.05 0.002 0.002 0 0 1
175.466 0.044 0.002 0.002 0 0 1
175.516 0.05 0.002 0.002 0 0 1
175.57 0.054 0.002 0 0.002 0 1
175.616 0.046 0.002 0.002 0 0 1
175.668 0.052 0.002 0 0.002 0 1
175.716 0.05 0 0 0 0 1
175.766 0.048 0.002 0.002 0 0 1
175.816 0.052 0 0 0 0 1
175.866 0.048 0.002 0 0.002 0 1
175.916 0.05 0.002 0.002 0 0 1
176.108 0.19 0.004 0 0.004 0 1
176.15 0.042 0.004 0 0.002 0 1
176.198 0.05 0.002 0.002 0 0 1
176.252 0.054 0.002 0 0.002 0 1
176.304 0.052 0.002 0.002 0 0 1
176.356 0.052 0.002 0 0.002 0 1
176.404 0.05 0 0 0 0 1
176.454 0.05 0 0 0 0 1
176.506 0.052 0 0 0 0 1
176.558 0.05 0.002 0 0.002 0 1
176.606 0.05 0 0 0 0 1
176.658 0.05 0.002 0 0 0 1
176.706 0.05 0 0 0 0 1
176.758 0.05 0.002 0.002 0 0 1
176.808 0.05 0.002 0.002 0 0 1
176.86 0.048 0.006 0 0.006 0 1
176.91 0.054 0.002 0 0.002 0 1
176.956 0.048 0 0 0 0 1
177.006 0.05 0 0 0 0 1
177.058 0.05 0.002 0 0.002 0 1
177.106 0.05 0 0 0 0 1
177.156 0.046 0.004 0.002 0.002 0 1
177.206 0.05 0.004 0.004 0 0 1
177.256 0.052 0.002 0.002 0 0 1
177.306 0.052 0 0 0 0 1
177.356 0.05 0 0 0 0 1
177.408 0.05 0.002 0 0.002 0 1
177.458 0.05 0.002 0 0.002 0 1
177.508 0.05 0.002 0.002 0 0 1
177.558 0.05 0.002 0 0.002 0 1
177.606 0.05 0 0 0 0 1
177.658 0.048 0.004 0.004 0 0 1
177.842 0.186 0.002 0.002 0 0 1
177.848 0.006 0.002 0 0.002 0 1
177.898 0.05 0.002 0.002 0 0 1
177.948 0.052 0 0 0 0 1
178.004 0.054 0.002 0 0.002 0 1
178.05 0.046 0.002 0 0.002 0 1
178.1 0.052 0 0 0 0 1
178.152 0.05 0.002 0.002 0 0 1
178.202 0.05 0.002 0 0.002 0 1
178.254 0.05 0.004 0.002 0.002 0.002 1
178.304 0.052 0.002 0 0.002 0 1
178.352 0.05 0 0 0 0 1
178.404 0.05 0.002 0 0 0 1
178.454 0.05 0.002 0 0.002 0 1
178.504 0.05 0.002 0 0.002 0 1
178.554 0.048 0.004 0.002 0.002 0 1
178.602 0.05 0.002 0.002 0 0 1
178.652 0.05 0.002 0 0.002 0 1
178.806 0.154 0.002 0.002 0 0 1
178.84 0.034 0.002 0 0.002 0 1
178.884 0.046 0 0 0 0 1
178.93 0.044 0.002 0 0.002 0 1
178.98 0.05 0.002 0.002 0 0 1
179.032 0.052 0.002 0.002 0 0 1
179.084 0.052 0.002 0 0.002 0 1
179.134 0.052 0 0 0 0 1
179.186 0.05 0.002 0.002 0 0 1
179.236 0.05 0.002 0.002 0 0 1
179.288 0.052 0.002 0 0.002 0 1
179.336 0.05 0 0 0 0 1
179.386 0.048 0.002 0.002 0 0 1
179.438 0.052 0.002 0 0.002 0 1
179.488 0.05 0.002 0 0.002 0 1
179.536 0.05 0 0 0 0 1
179.586 0.05 0 0 0 0 1
179.636 0.048 0.002 0.002 0 0 1
179.686 0.05 0.002 0.002 0 0 1
179.736 0.05 0.002 0 0.002 0 1
179.784 0.05 0 0 0 0 1
179.836 0.05 0.002 0 0.002 0 1
179.996 0.16 0.002 0.002 0 0 1
180.028 0.032 0.002 0.002 0 0 1
180.078 0.05 0.002 0.002 0 0 1
180.128 0.05 0.002 0.002 0 0 1
180.18 0.052 0.002 0 0.002 0 1
180.23 0.05 0.002 0 0.002 0 1
180.28 0.05 0.002 0.002 0 0 1
180.33 0.05 0.002 0 0.002 0 1
180.378 0.05 0 0 0 0 1
180.428 0.05 0 0 0 0 1
180.478 0.05 0 0 0 0 1
180.53 0.048 0.004 0.004 0 0 1
180.576 0.05 0 0 0 0 1
180.628 0.05 0.002 0.002 0 0 1
180.676 0.05 0 0 0 0 1
180.794 0.116 0.002 0 0.002 0 1
180.794 0.002 0 0 0 0 1
180.846 0.052 0 0 0 0 1
180.902 0.054 0.002 0 0.002 0 1
180.956 0.052 0.004 0 0.004 0 1
181.008 0.054 0.002 0 0.002 0 1
181.06 0.052 0.002 0 0.002 0 1
181.112 0.052 0.002 0 0.002 0 1
181.162 0.05 0.002 0 0.002 0 1
181.21 0.05 0 0 0 0 1
181.262 0.052 0 0 0 0 1
181.312 0.05 0 0 0 0 1
181.362 0.05 0 0 0 0 1
181.41 0.046 0.002 0 0.002 0 1
181.46 0.05 0.002 0.002 0 0 1
181.504 0.046 0 0 0 0 1
181.556 0.05 0.002 0 0.002 0 1
181.604 0.05 0 0 0 0 1
181.756 0.152 0 0 0 0 1
181.788 0.028 0.004 0.002 0.002 0 1
181.84 0.052 0.004 0.002 0.002 0 1
181.89 0.054 0 0 0 0 1
181.94 0.048 0.002 0.002 0 0 1
181.992 0.052 0.002 0.002 0 0 1
182.042 0.052 0 0 0 0 1
182.094 0.05 0.002 0.002 0 0 1
182.144 0.05 0.002 0 0.002 0 1
182.196 0.052 0.002 0 0.002 0 1
182.244 0.048 0.002 0.002 0 0 1
182.296 0.052 0.002 0 0.002 0 1
182.344 0.05 0 0 0 0 1
182.396 0.05 0.002 0 0.002 0 1
182.444 0.048 0.002 0.002 0 0 1
182.496 0.052 0.002 0 0.002 0 1
182.636 0.142 0 0 0 0 1
182.68 0.042 0.002 0 0.002 0 1
182.728 0.05 0 0 0 0 1
182.774 0.046 0 0 0 0 1
182.822 0.048 0 0 0 0 1
182.874 0.05 0.002 0 0.002 0 1
182.92 0.046 0.002 0.002 0 0 1
182.968 0.048 0.002 0.002 0 0 1
183.018 0.052 0 0 0 0 1
183.072 0.052 0.002 0 0.002 0 1
183.124 0.052 0.002 0 0.002 0 1
183.172 0.05 0 0 0 0 1
183.224 0.05 0.002 0.002 0 0 1
183.268 0.044 0.002 0 0.002 0 1
183.322 0.052 0.004 0 0.004 0 1
183.362 0.042 0.002 0 0.002 0 1
183.414 0.052 0.002 0.002 0 0 1
183.464 0.052 0 0 0 0 1
183.512 0.048 0 0 0 0 1
183.564 0.05 0.002 0 0.002 0 1
183.728 0.164 0.002 0.002 0 0 1
183.742 0.014 0.002 0 0.002 0 1
183.794 0.052 0.002 0.002 0 0 1
183.846 0.052 0.002 0.002 0 0 1
183.894 0.05 0 0 0 0 1
183.954 0.056 0.004 0.002 0.002 0 1
184 0.048 0.002 0.002 0 0 1
184.052 0.052 0.002 0.002 0 0 1
184.096 0.044 0.002 0.002 0 0 1
184.142 0.046 0.002 0.002 0 0 1
184.194 0.052 0.002 0.002 0 0 1
184.244 0.052 0 0 0 0 1
184.282 0.038 0 0 0 0 1
184.334 0.05 0.002 0.002 0 0 1
184.388 0.054 0.002 0 0.002 0 1
184.436 0.048 0.002 0 0.002 0 1
184.486 0.052 0 0 0 0 1
184.54 0.052 0.002 0.002 0 0 1
184.592 0.052 0.002 0.002 0 0 1
184.742 0.15 0.002 0 0.002 0 1
184.778 0.036 0.002 0 0.002 0 1
184.828 0.052 0 0 0 0 1
184.88 0.052 0 0 0 0 1
184.932 0.05 0.002 0 0.002 0 1
184.982 0.05 0.002 0.002 0 0 1
185.032 0.05 0.002 0.002 0 0 1
185.084 0.05 0.004 0.002 0.002 0 1
185.134 0.052 0.002 0 0.002 0 1
185.182 0.05 0 0 0 0 1
185.234 0.05 0.002 0 0.002 0 1
185.284 0.05 0.002 0.002 0 0 1
185.332 0.05 0 0 0 0 1
185.384 0.05 0.002 0 0.002 0 1
185.432 0.05 0 0 0 0 1
185.478 0.044 0.002 0 0.002 0 1
185.652 0.174 0.002 0.002 0 0 1
185.674 0.02 0.004 0.002 0.002 0 1
185.72 0.05 0 0 0 0 1
185.774 0.052 0.002 0 0.002 0 1
185.824 0.05 0.002 0 0 0 1
185.874 0.05 0.002 0.002 0 0 1
185.924 0.05 0.002 0 0.002 0 1
185.976 0.054 0 0 0 0 1
186.026 0.048 0.002 0.002 0 0 1
186.074 0.05 0 0 0 0 1
186.126 0.05 0.002 0.002 0 0 1
186.174 0.05 0 0 0 0 1
186.222 0.048 0 0 0 0 1
186.276 0.052 0.002 0 0.002 0 1
186.32 0.046 0 0 0 0 1
186.374 0.052 0.002 0.002 0 0 1
186.422 0.05 0 0 0 0 1
186.468 0.046 0 0 0 0 1
186.512 0.044 0 0 0 0 1
186.702 0.188 0.002 0 0.002 0 1
186.752 0.05 0.002 0.002 0 0 1
186.8 0.05 0 0 0 0 1
186.852 0.052 0 0 0 0 1
186.9 0.048 0 0 0 0 1
186.956 0.052 0.004 0.002 0.002 0 1
187.006 0.052 0.002 0 0.002 0 1
187.05 0.046 0 0 0 0 1
187.1 0.05 0 0 0 0 1
187.154 0.052 0.002 0.002 0 0 1
187.206 0.052 0.002 0.002 0 0 1
187.256 0.05 0.002 0.002 0 0 1
187.308 0.052 0.002 0 0.002 0 1
187.358 0.05 0.002 0.002 0 0 1
187.408 0.05 0.002 0.002 0 0 1
187.456 0.05 0 0 0 0 1
187.508 0.05 0.002 0.002 0 0 1
187.696 0.188 0.002 0.002 0 0 1
187.698 0.002 0.002 0.002 0 0 1
187.75 0.052 0.002 0.002 0 0 1
187.8 0.052 0 0 0 0 1
187.854 0.052 0.002 0 0.002 0 1
187.904 0.052 0 0 0 0 1
187.954 0.048 0.002 0 0 0 1
188.006 0.052 0.002 0 0.002 0 1
188.056 0.05 0.002 0.002 0 0 1
188.106 0.05 0.002 0.002 0 0 1
188.156 0.05 0.002 0.002 0 0 1
188.206 0.05 0.002 0.002 0 0 1
188.248 0.044 0 0 0 0 1
188.302 0.05 0.004 0.002 0.002 0 1
188.35 0.052 0 0 0 0 1
188.402 0.05 0.002 0 0.002 0 1
188.452 0.052 0 0 0 0 1
188.626 0.174 0 0 0 0 1
188.648 0.02 0.002 0 0.002 0 1
188.694 0.048 0 0 0 0 1
188.746 0.05 0.002 0.002 0 0 1
188.798 0.052 0.002 0.002 0 0 1
188.848 0.052 0 0 0 0 1
188.894 0.042 0.004 0.002 0.002 0 1
188.946 0.054 0.002 0 0.002 0 1
188.99 0.046 0 0 0 0 1
189.044 0.05 0.004 0.002 0 0 1
189.096 0.054 0.002 0.002 0 0 1
189.148 0.052 0.002 0.002 0 0 1
189.196 0.048 0.002 0 0.002 0 1
189.246 0.05 0.002 0 0 0 1
189.296 0.052 0 0 0 0 1
189.346 0.05 0 0 0 0 1
189.52 0.172 0.002 0 0.002 0 1
189.524 0.004 0.002 0 0.002 0 1
189.576 0.052 0.002 0 0.002 0 1
189.628 0.052 0.002 0 0.002 0 1
189.678 0.052 0 0 0 0 1
189.728 0.048 0.002 0 0.002 0 1
189.78 0.052 0.002 0.002 0 0 1
189.828 0.048 0.002 0.002 0 0 1
189.878 0.05 0.002 0.002 0 0 1
189.928 0.052 0 0 0 0 1
189.98 0.05 0.002 0 0.002 0 1
190.03 0.05 0.002 0.002 0 0 1
190.08 0.05 0.002 0.002 0 0 1
190.13 0.05 0.002 0.002 0 0 1
190.18 0.05 0.002 0.002 0 0 1
190.228 0.05 0 0 0 0 1
190.278 0.05 0 0 0 0 1
190.33 0.052 0 0 0 0 1
190.382 0.05 0.002 0 0.002 0 1
190.43 0.048 0.002 0.002 0 0 1
190.48 0.052 0 0 0 0 1
190.53 0.05 0 0 0 0 1
190.688 0.156 0.002 0.002 0 0 1
190.71 0.024 0 0 0 0 1
190.762 0.05 0.002 0 0.002 0 1
190.808 0.048 0 0 0 0 1
190.862 0.052 0.002 0 0.002 0 1
190.912 0.05 0.002 0.002 0 0 1
190.964 0.052 0.002 0 0.002 0 1
191.014 0.05 0.002 0.002 0 0 1
191.066 0.052 0.002 0 0.002 0 1
191.108 0.044 0 0 0 0 1
191.154 0.046 0 0 0 0 1
191.206 0.05 0.002 0.002 0 0 1
191.258 0.052 0.002 0 0.002 0 1
191.306 0.05 0 0 0 0 1
191.356 0.05 0 0 0 0 1
191.408 0.05 0.002 0 0.002 0 1
191.458 0.05 0.002 0.002 0 0 1
191.582 0.126 0 0 0 0 1
191.59 0.006 0.002 0 0.002 0 1
191.642 0.052 0.002 0.002 0 0 1
191.694 0.052 0.002 0.002 0 0 1
191.746 0.052 0.002 0 0.002 0 1
191.792 0.048 0 0 0 0 1
191.842 0.05 0 0 0 0 1
191.896 0.052 0.002 0 0.002 0 1
191.948 0.052 0.002 0 0.002 0 1
191.998 0.05 0.002 0.002 0 0 1
192.048 0.05 0.002 0 0.002 0 1
192.098 0.052 0 0 0 0 1
192.15 0.05 0.002 0 0.002 0 1
192.2 0.048 0.004 0.004 0 0 1
192.25 0.052 0.002 0 0.002 0 1
192.298 0.05 0 0 0 0 1
192.504 0.202 0.004 0.002 0 0 1
