48.226 47.526 0.7 0.002 0.698 0 1
48.916 0.702 0.688 0 0.688 0 1
49.63 0.71 0.692 0.002 0.688 0 1
50.386 0.714 0.734 0.002 0.732 0 1
51.096 0.736 0.708 0.002 0.706 0 1
51.846 0.73 0.728 0.002 0.726 0 1
52.442 0.73 0.594 0.002 0.592 0 1
53.062 0.616 0.598 0.002 0.596 0 1
53.644 0.598 0.582 0 0.582 0 1
54.266 0.582 0.622 0.002 0.62 0 1
54.968 0.648 0.676 0.004 0.672 0 2
55.634 0.676 0.666 0.008 0.658 0 2
56.368 0.698 0.702 0.008 0.694 0 2
57.046 0.702 0.678 0.006 0.672 0 2
57.768 0.712 0.688 0.008 0.68 0 2
58.46 0.688 0.692 0.008 0.682 0.002 2
59.158 0.72 0.67 0.008 0.662 0 2
59.8 0.67 0.642 0.008 0.634 0 2
60.43 0.67 0.602 0.006 0.596 0 2
61.11 0.636 0.646 0.006 0.64 0 2
61.75 0.646 0.64 0.008 0.632 0 2
62.386 0.64 0.636 0.01 0.626 0 2
63.032 0.674 0.608 0.008 0.6 0 2
63.668 0.608 0.636 0.006 0.63 0 2
64.304 0.66 0.612 0.006 0.606 0 2
64.936 0.612 0.632 0.008 0.624 0 2
65.558 0.664 0.59 0.008 0.582 0 2
66.138 0.592 0.578 0.008 0.57 0 2
66.786 0.612 0.614 0.01 0.604 0 2
67.382 0.614 0.596 0.008 0.588 0 2
68.032 0.638 0.608 0.004 0.604 0 2
68.632 0.61 0.598 0.006 0.592 0 2
69.256 0.64 0.582 0.006 0.576 0 2
69.882 0.582 0.626 0.01 0.616 0 2
70.538 0.668 0.614 0.01 0.604 0 2
71.168 0.614 0.63 0.008 0.622 0 2
71.728 0.63 0.56 0.006 0.554 0 2
