18.934 18.926 0.008 0.008 0 0 1
18.984 0.05 0.008 0.008 0 0 1
19.036 0.05 0.01 0.01 0 0 1
19.086 0.052 0.008 0.006 0 0 1
19.136 0.048 0.01 0.008 0 0 1
19.172 0.04 0.006 0.006 0 0 1
19.22 0.05 0.004 0.004 0 0 1
19.282 0.058 0.008 0.008 0 0 1
19.312 0.03 0.008 0.008 0 0 1
19.364 0.052 0.008 0.008 0 0 1
19.41 0.046 0.008 0.008 0 0 1
19.462 0.048 0.012 0.012 0 0 1
19.514 0.054 0.01 0.01 0 0 1
19.564 0.052 0.008 0.008 0 0 1
19.616 0.052 0.008 0.008 0 0 1
19.666 0.052 0.006 0.006 0 0 1
19.714 0.048 0.006 0.006 0 0 1
19.766 0.052 0.006 0.006 0 0 1
19.814 0.05 0.004 0.004 0 0 1
19.864 0.046 0.008 0.008 0 0 1
19.916 0.052 0.008 0.008 0 0 1
19.958 0.044 0.006 0.006 0 0 1
20.012 0.052 0.008 0.008 0 0 1
20.06 0.05 0.006 0.006 0 0 1
20.114 0.05 0.01 0.01 0 0 1
20.146 0.038 0.004 0.004 0 0 1
20.184 0.034 0.008 0.008 0 0 1
20.24 0.054 0.01 0.01 0 0 1
20.29 0.054 0.006 0.006 0 0 1
20.34 0.048 0.008 0.008 0 0 1
20.392 0.052 0.008 0.008 0 0 1
20.432 0.048 0 0 0 0 1
20.496 0.056 0.008 0.008 0 0 1
20.546 0.052 0.006 0.006 0 0 1
20.598 0.05 0.008 0.008 0 0 1
20.65 0.052 0.008 0.008 0 0 1
20.698 0.05 0.006 0.006 0 0 1
20.75 0.05 0.008 0.008 0 0 1
20.796 0.052 0.002 0.002 0 0 1
20.846 0.044 0.008 0.008 0 0 1
20.896 0.05 0.008 0.008 0 0 1
20.946 0.05 0.008 0.008 0 0 1
20.996 0.05 0.008 0.008 0 0 1
21.046 0.052 0.006 0.006 0 0 1
21.098 0.05 0.008 0.008 0 0 1
21.146 0.05 0.006 0.006 0 0 1
21.196 0.05 0.006 0.006 0 0 1
21.246 0.05 0.006 0.006 0 0 1
21.298 0.054 0.004 0.004 0 0 1
22.008 0.042 0.672 0.002 0.67 0 1
22.666 0.672 0.658 0.002 0.656 0 1
23.172 0.686 0.478 0.002 0.476 0 1
23.68 0.478 0.508 0 0.508 0 1
24.256 0.546 0.538 0.004 0.532 0.002 2
24.762 0.538 0.506 0.004 0.502 0 2
25.322 0.542 0.524 0.012 0.512 0 4
25.84 0.524 0.518 0.004 0.514 0 2
26.384 0.546 0.516 0.006 0.51 0 2
26.922 0.548 0.506 0.004 0.502 0 2
27.416 0.506 0.494 0.004 0.49 0 2
27.978 0.536 0.52 0.006 0.514 0 2
28.514 0.52 0.536 0.006 0.528 0.002 2
29.054 0.568 0.508 0.004 0.502 0 2
29.596 0.508 0.542 0.008 0.534 0 2
30.132 0.566 0.512 0.006 0.506 0 2
30.638 0.512 0.506 0.006 0.5 0 2
31.194 0.546 0.516 0.008 0.508 0 3
31.74 0.552 0.51 0.01 0.5 0 3
32.244 0.51 0.504 0.006 0.498 0 2
32.826 0.544 0.542 0.008 0.534 0 2
33.352 0.544 0.524 0.006 0.516 0.002 2
33.91 0.572 0.51 0.006 0.504 0 2
34.418 0.51 0.508 0.004 0.504 0 2
34.898 0.508 0.48 0.006 0.474 0 2
35.434 0.514 0.502 0.006 0.496 0 2
35.952 0.502 0.518 0.004 0.512 0.002 2
36.458 0.564 0.46 0.006 0.454 0 2
36.924 0.46 0.466 0.004 0.462 0 2
37.416 0.506 0.452 0.004 0.448 0 2
37.868 0.452 0.452 0.006 0.446 0 2
38.36 0.496 0.448 0.006 0.442 0 2
38.78 0.448 0.42 0.004 0.416 0 2
39.154 0.42 0.374 0.004 0.37 0 2
39.58 0.426 0.374 0.004 0.37 0 2
39.946 0.374 0.366 0.006 0.36 0 2
40.3 0.366 0.354 0.006 0.348 0 2
40.686 0.396 0.344 0 0.344 0 2
41.066 0.392 0.332 0.006 0.326 0 2
41.352 0.332 0.286 0.008 0.278 0 2
41.696 0.346 0.284 0.006 0.278 0 2
41.984 0.284 0.288 0.008 0.28 0 2
42.3 0.352 0.252 0.006 0.244 0 2
42.62 0.306 0.266 0.006 0.26 0 2
42.924 0.268 0.302 0.014 0.286 0.002 8
43.258 0.358 0.278 0.016 0.262 0 8
43.54 0.278 0.282 0.016 0.266 0 8
43.816 0.282 0.276 0.008 0.268 0 2
44.16 0.34 0.28 0.008 0.272 0 2
44.42 0.28 0.26 0.008 0.252 0 2
44.688 0.26 0.268 0.008 0.258 0 2
45.022 0.328 0.274 0.022 0.252 0 10
45.298 0.274 0.276 0.022 0.254 0 10
45.554 0.276 0.256 0.024 0.232 0 10
45.828 0.312 0.218 0.006 0.212 0 2
46.072 0.218 0.244 0.008 0.236 0 2
46.434 0.308 0.298 0.012 0.286 0 3
46.79 0.362 0.292 0.012 0.278 0 3
47.074 0.292 0.284 0.002 0.28 0 2
47.35 0.284 0.276 0.006 0.27 0 2
47.632 0.276 0.282 0.01 0.27 0.002 2
48.058 0.366 0.342 0.002 0.34 0 2
48.406 0.344 0.346 0.008 0.338 0 2
48.858 0.422 0.376 0.014 0.362 0 3
49.248 0.376 0.39 0.014 0.376 0 3
49.612 0.39 0.364 0.012 0.352 0 3
50.076 0.432 0.396 0.008 0.388 0 2
50.486 0.396 0.41 0.008 0.402 0 2
50.928 0.48 0.372 0.01 0.362 0 2
51.336 0.374 0.406 0.004 0.402 0 2
51.804 0.488 0.386 0.006 0.38 0 2
52.266 0.456 0.392 0.006 0.386 0 2
52.648 0.392 0.382 0 0.382 0 1
53.01 0.382 0.362 0 0.36 0.002 1
53.412 0.362 0.402 0.004 0.398 0 1
53.864 0.478 0.376 0.006 0.37 0 1
54.31 0.46 0.362 0.002 0.358 0.002 1
54.672 0.362 0.362 0.006 0.354 0.002 1
55.034 0.362 0.362 0.006 0.356 0 1
55.396 0.362 0.362 0.006 0.356 0 1
55.84 0.438 0.368 0.006 0.362 0 1
56.192 0.368 0.352 0.004 0.348 0 1
56.552 0.352 0.36 0.004 0.356 0 1
56.914 0.36 0.362 0.004 0.358 0 1
57.356 0.442 0.362 0.008 0.354 0 1
57.714 0.362 0.358 0.004 0.354 0 1
58.118 0.45 0.312 0.006 0.306 0 1
58.55 0.408 0.336 0.008 0.328 0 1
58.874 0.336 0.324 0.004 0.32 0 1
59.192 0.324 0.318 0.006 0.312 0 1
59.494 0.318 0.302 0.006 0.296 0 1
59.814 0.302 0.32 0.006 0.314 0 1
60.242 0.416 0.332 0.006 0.326 0 1
60.536 0.332 0.294 0.002 0.292 0 1
60.928 0.392 0.294 0.006 0.286 0.002 1
61.204 0.294 0.276 0.004 0.272 0 1
61.56 0.392 0.24 0.01 0.23 0 1
61.816 0.24 0.256 0 0.256 0 1
62.128 0.344 0.224 0 0.224 0 1
62.336 0.224 0.208 0.002 0.206 0 1
62.556 0.208 0.22 0 0.22 0 1
62.874 0.32 0.218 0.004 0.214 0 1
63.08 0.218 0.206 0.004 0.202 0 1
63.402 0.312 0.216 0.006 0.208 0.002 1
63.606 0.216 0.204 0.004 0.2 0 1
63.816 0.204 0.21 0.004 0.206 0 1
64.026 0.21 0.21 0.006 0.204 0 1
64.336 0.322 0.198 0.004 0.194 0 1
64.65 0.198 0.314 0.004 0.31 0 1
64.938 0.314 0.288 0.004 0.284 0 1
65.232 0.288 0.294 0 0.294 0 1
65.514 0.294 0.282 0.004 0.278 0 1
65.79 0.282 0.276 0 0.274 0.002 1
66.196 0.384 0.298 0.004 0.294 0 1
66.352 0.298 0.156 0.006 0.15 0 1
66.498 0.156 0.146 0.004 0.14 0.002 1
66.65 0.146 0.152 0.004 0.148 0 1
66.906 0.258 0.15 0.004 0.146 0 1
67.034 0.15 0.128 0.002 0.126 0 1
67.156 0.128 0.122 0.004 0.118 0 1
67.268 0.122 0.112 0.004 0.108 0 1
67.358 0.112 0.09 0.002 0.088 0 1
67.604 0.212 0.124 0.002 0.122 0 1
67.714 0.124 0.11 0 0.11 0 1
67.826 0.11 0.112 0.006 0.106 0 1
67.94 0.112 0.114 0.002 0.112 0 1
68.056 0.114 0.116 0.004 0.112 0 1
68.15 0.116 0.094 0.004 0.09 0 1
68.266 0.094 0.116 0.002 0.114 0 1
68.498 0.228 0.12 0.004 0.108 0.008 1
68.786 0.12 0.288 0.004 0.284 0 1
69.078 0.288 0.292 0.004 0.288 0 1
69.358 0.292 0.28 0.006 0.274 0 1
69.762 0.39 0.294 0.004 0.29 0 1
70.05 0.294 0.288 0 0.288 0 1
70.31 0.288 0.26 0.004 0.256 0 1
70.598 0.26 0.288 0 0.288 0 1
70.854 0.288 0.256 0.002 0.254 0 1
71.14 0.256 0.286 0.002 0.284 0 1
71.518 0.398 0.266 0.004 0.262 0 1
71.768 0.266 0.25 0 0.25 0 1
72.002 0.25 0.234 0.002 0.23 0.002 1
72.376 0.368 0.24 0.004 0.236 0 1
72.618 0.24 0.242 0.002 0.236 0.004 1
72.832 0.242 0.214 0.004 0.21 0 1
73.082 0.214 0.25 0 0.25 0 1
73.442 0.366 0.244 0.002 0.242 0 1
73.652 0.244 0.21 0.004 0.206 0 1
74 0.324 0.234 0.006 0.228 0 1
74.234 0.234 0.234 0.004 0.23 0 1
74.46 0.234 0.226 0.002 0.224 0 1
74.828 0.374 0.22 0.004 0.214 0 1
75.064 0.22 0.236 0.002 0.234 0 1
75.276 0.236 0.212 0.002 0.21 0 1
75.478 0.212 0.202 0 0.2 0.002 1
75.87 0.352 0.242 0.004 0.238 0 1
76.078 0.242 0.208 0.002 0.206 0 1
76.316 0.208 0.238 0.002 0.236 0 1
76.668 0.38 0.21 0.002 0.208 0 1
76.672 0.21 0.004 0.002 0.002 0 1
76.676 0.006 0.002 0.002 0 0 1
76.728 0.052 0.002 0 0.002 0 1
76.774 0.046 0.002 0.002 0 0 1
76.828 0.054 0.002 0.002 0 0 1
76.878 0.052 0 0 0 0 1
76.926 0.046 0.002 0.002 0 0 1
76.98 0.054 0.002 0 0.002 0 1
77.03 0.048 0.004 0.002 0.002 0 1
77.078 0.048 0.004 0.002 0.002 0 1
77.196 0.122 0 0 0 0 1
77.246 0.048 0.002 0.002 0 0 1
77.464 0.056 0.164 0 0.164 0 1
77.632 0.166 0.166 0 0.166 0 1
77.79 0.166 0.158 0.002 0.156 0 1
77.958 0.158 0.168 0 0.168 0 1
78.132 0.168 0.174 0.002 0.172 0 1
78.274 0.174 0.142 0.002 0.14 0 1
78.586 0.296 0.158 0 0.158 0 1
78.76 0.164 0.168 0 0.168 0 1
78.92 0.168 0.16 0 0.158 0.002 1
79.084 0.16 0.164 0.002 0.162 0 1
79.248 0.164 0.164 0.002 0.16 0 1
79.562 0.318 0.16 0.002 0.158 0 1
79.734 0.162 0.17 0 0.17 0 1
79.908 0.17 0.174 0 0.174 0 1
80.076 0.174 0.168 0.002 0.166 0 1
80.224 0.168 0.148 0.002 0.146 0 1
80.398 0.148 0.174 0 0.174 0 1
80.708 0.296 0.188 0.002 0.186 0 1
80.71 0.188 0.002 0.002 0 0 1
80.732 0.022 0.002 0.002 0 0 1
80.786 0.054 0.002 0.002 0 0 1
80.83 0.044 0.002 0.002 0 0 1
80.88 0.05 0.002 0.002 0 0 1
80.93 0.05 0.002 0.002 0 0 1
80.978 0.05 0 0 0 0 1
81.028 0.05 0 0 0 0 1
81.08 0.05 0.002 0.002 0 0 1
81.126 0.044 0.004 0.002 0.002 0 1
81.176 0.052 0.002 0 0.002 0 1
81.32 0.144 0.002 0.002 0 0 1
81.33 0.012 0 0 0 0 1
81.372 0.042 0 0 0 0 1
81.42 0.048 0 0 0 0 1
81.476 0.052 0.004 0.002 0.002 0 1
81.528 0.054 0.002 0 0.002 0 1
81.582 0.054 0.002 0 0.002 0 1
81.632 0.05 0.002 0.002 0 0 1
81.684 0.052 0.002 0 0.002 0 1
81.736 0.052 0.002 0.002 0 0 1
81.786 0.05 0.002 0 0.002 0 1
81.838 0.052 0.002 0 0.002 0 1
81.886 0.05 0 0 0 0 1
81.93 0.044 0 0 0 0 1
81.98 0.05 0 0 0 0 1
82.03 0.05 0 0 0 0 1
82.08 0.048 0.002 0 0.002 0 1
82.286 0.204 0.004 0 0.002 0 1
82.318 0.034 0.002 0.002 0 0 1
82.368 0.052 0 0 0 0 1
82.42 0.05 0.002 0.002 0 0 1
82.472 0.052 0.002 0.002 0 0 1
82.518 0.046 0.002 0 0.002 0 1
82.564 0.044 0.004 0.004 0 0 1
82.614 0.052 0.002 0 0.002 0 1
82.668 0.054 0.002 0 0.002 0 1
82.718 0.05 0.002 0.002 0 0 1
82.768 0.052 0 0 0 0 1
82.82 0.05 0.002 0.002 0 0 1
82.866 0.048 0 0 0 0 1
82.918 0.052 0 0 0 0 1
82.966 0.048 0 0 0 0 1
83.016 0.05 0 0 0 0 1
83.064 0.046 0.002 0.002 0 0 1
83.11 0.048 0 0 0 0 1
83.162 0.052 0 0 0 0 1
83.356 0.192 0.002 0.002 0 0 1
83.388 0.034 0 0 0 0 1
83.44 0.05 0.002 0.002 0 0 1
83.488 0.048 0.002 0.002 0 0 1
83.542 0.054 0.002 0 0.002 0 1
83.592 0.052 0 0 0 0 1
83.644 0.05 0.002 0 0.002 0 1
83.694 0.05 0.002 0 0.002 0 1
83.742 0.048 0.002 0.002 0 0 1
83.788 0.048 0 0 0 0 1
83.842 0.052 0.002 0 0.002 0 1
83.89 0.05 0 0 0 0 1
83.936 0.046 0 0 0 0 1
83.98 0.044 0 0 0 0 1
84.032 0.05 0.002 0.002 0 0 1
84.08 0.048 0.002 0.002 0 0 1
84.128 0.048 0.002 0 0.002 0 1
84.268 0.14 0.002 0 0.002 0 1
84.286 0.02 0 0 0 0 1
84.342 0.056 0 0 0 0 1
84.39 0.048 0 0 0 0 1
84.446 0.054 0.002 0 0.002 0 1
84.494 0.048 0.002 0 0.002 0 1
84.544 0.052 0 0 0 0 1
84.59 0.044 0.002 0 0.002 0 1
84.642 0.05 0.004 0.002 0.002 0 1
84.694 0.054 0.002 0 0.002 0 1
84.744 0.05 0.002 0 0.002 0 1
84.794 0.052 0 0 0 0 1
84.844 0.05 0 0 0 0 1
84.896 0.052 0 0 0 0 1
84.942 0.044 0.002 0.002 0 0 1
84.992 0.052 0 0 0 0 1
85.044 0.05 0.002 0.002 0 0 1
85.086 0.042 0.002 0 0.002 0 1
85.136 0.052 0 0 0 0 1
85.184 0.048 0 0 0 0 1
85.232 0.048 0 0 0 0 1
85.282 0.048 0.002 0 0.002 0 1
85.328 0.046 0.002 0.002 0 0 1
85.378 0.052 0 0 0 0 1
85.43 0.052 0 0 0 0 1
85.484 0.046 0.008 0.008 0 0 1
85.536 0.058 0.002 0 0.002 0 1
85.586 0.052 0 0 0 0 1
85.636 0.05 0 0 0 0 1
85.686 0.05 0 0 0 0 1
85.736 0.048 0.002 0.002 0 0 1
85.78 0.046 0 0 0 0 1
85.832 0.05 0.002 0 0.002 0 1
85.874 0.044 0 0 0 0 1
85.928 0.052 0.002 0 0.002 0 1
86.094 0.166 0.002 0.002 0 0 1
86.108 0.012 0.004 0.002 0 0.002 1
86.154 0.048 0.002 0 0.002 0 1
86.206 0.052 0.002 0 0.002 0 1
86.254 0.048 0.002 0.002 0 0 1
86.304 0.05 0.002 0.002 0 0 1
86.358 0.054 0.002 0 0.002 0 1
86.398 0.042 0 0 0 0 1
86.452 0.054 0 0 0 0 1
86.504 0.048 0.004 0.002 0.002 0 1
86.554 0.048 0.006 0.004 0.002 0 1
86.604 0.054 0.002 0.002 0 0 1
86.65 0.046 0.002 0 0 0 1
86.7 0.05 0.002 0.002 0 0 1
86.752 0.052 0.002 0.002 0 0 1
86.8 0.05 0 0 0 0 1
86.848 0.048 0 0 0 0 1
86.898 0.048 0.002 0.002 0 0 1
86.946 0.048 0.002 0 0.002 0 1
86.996 0.052 0 0 0 0 1
87.046 0.044 0.006 0.006 0 0 1
87.096 0.054 0.002 0 0.002 0 1
87.148 0.052 0.002 0 0.002 0 1
87.332 0.186 0 0 0 0 1
87.36 0.024 0.004 0.002 0.002 0 1
87.408 0.052 0 0 0 0 1
87.458 0.05 0 0 0 0 1
87.514 0.054 0.002 0 0.002 0 1
87.564 0.052 0 0 0 0 1
87.61 0.046 0 0 0 0 1
87.658 0.048 0 0 0 0 1
87.704 0.042 0.004 0.002 0.002 0 1
87.75 0.048 0.002 0.002 0 0 1
87.796 0.048 0 0 0 0 1
87.846 0.05 0 0 0 0 1
87.898 0.05 0.002 0.002 0 0 1
87.948 0.052 0 0 0 0 1
87.994 0.046 0 0 0 0 1
88.046 0.05 0.002 0 0.002 0 1
88.096 0.048 0.004 0.002 0.002 0 1
88.146 0.052 0.002 0.002 0 0 1
88.196 0.05 0.002 0.002 0 0 1
88.248 0.052 0.002 0.002 0 0 1
88.296 0.05 0 0 0 0 1
88.348 0.05 0.002 0 0 0 1
88.396 0.05 0 0 0 0 1
88.446 0.05 0 0 0 0 1
88.498 0.05 0.002 0 0.002 0 1
88.54 0.044 0 0 0 0 1
88.59 0.048 0.002 0 0.002 0 1
88.638 0.048 0.002 0.002 0 0 1
88.68 0.044 0 0 0 0 1
88.73 0.05 0 0 0 0 1
88.774 0.042 0.002 0.002 0 0 1
88.822 0.048 0.002 0 0.002 0 1
88.868 0.048 0 0 0 0 1
88.914 0.044 0.002 0.002 0 0 1
88.968 0.056 0 0 0 0 1
89.168 0.198 0.002 0.002 0 0 1
89.21 0.044 0 0 0 0 1
89.26 0.05 0 0 0 0 1
89.314 0.052 0.002 0.002 0 0 1
89.366 0.052 0.002 0.002 0 0 1
89.418 0.054 0 0 0 0 1
89.468 0.05 0 0 0 0 1
89.518 0.05 0 0 0 0 1
89.57 0.05 0.002 0 0.002 0 1
89.62 0.05 0.002 0 0.002 0 1
89.67 0.052 0 0 0 0 1
89.712 0.042 0 0 0 0 1
89.768 0.056 0 0 0 0 1
89.802 0.034 0 0 0 0 1
89.856 0.052 0.002 0.002 0 0 1
89.906 0.052 0 0 0 0 1
89.96 0.054 0 0 0 0 1
90.008 0.048 0 0 0 0 1
90.058 0.048 0.002 0.002 0 0 1
90.11 0.052 0.002 0.002 0 0 1
90.16 0.05 0.002 0.002 0 0 1
90.336 0.176 0.002 0.002 0 0 1
90.376 0.04 0.002 0 0.002 0 1
90.424 0.048 0.002 0.002 0 0 1
90.476 0.052 0.002 0 0.002 0 1
90.528 0.05 0.004 0.002 0.002 0 1
90.574 0.046 0.004 0.004 0 0 1
90.614 0.044 0 0 0 0 1
90.668 0.054 0 0 0 0 1
90.712 0.04 0.004 0.002 0.002 0 1
90.762 0.054 0 0 0 0 1
90.818 0.054 0.002 0 0.002 0 1
90.868 0.052 0 0 0 0 1
90.92 0.05 0.002 0.002 0 0 1
90.972 0.052 0.002 0.002 0 0 1
91.022 0.052 0 0 0 0 1
91.072 0.048 0.002 0 0.002 0 1
91.12 0.048 0.002 0.002 0 0 1
91.166 0.048 0 0 0 0 1
91.218 0.05 0.002 0.002 0 0 1
91.266 0.05 0 0 0 0 1
91.402 0.136 0 0 0 0 1
91.422 0.02 0 0 0 0 1
91.466 0.044 0 0 0 0 1
91.518 0.05 0.002 0 0.002 0 1
91.568 0.052 0 0 0 0 1
91.62 0.052 0 0 0 0 1
91.668 0.048 0 0 0 0 1
91.722 0.052 0.002 0 0.002 0 1
91.772 0.052 0 0 0 0 1
91.822 0.05 0 0 0 0 1
91.876 0.05 0.004 0 0.004 0 1
91.928 0.054 0.002 0 0.002 0 1
91.98 0.052 0.002 0 0.002 0 1
92.03 0.05 0.002 0.002 0 0 1
92.074 0.044 0.002 0.002 0 0 1
92.126 0.052 0.002 0.002 0 0 1
92.176 0.052 0 0 0 0 1
92.224 0.046 0.002 0 0.002 0 1
92.276 0.052 0.002 0 0.002 0 1
92.324 0.05 0 0 0 0 1
92.374 0.044 0.006 0.006 0 0 1
92.51 0.14 0.002 0 0.002 0 1
92.524 0.016 0 0 0 0 1
92.57 0.044 0.002 0.002 0 0 1
92.622 0.052 0.002 0 0.002 0 1
92.672 0.05 0.002 0 0.002 0 1
92.726 0.052 0.004 0.002 0 0 1
92.778 0.054 0.002 0 0.002 0 1
92.828 0.05 0.002 0.002 0 0 1
92.88 0.052 0.002 0.002 0 0 1
92.922 0.044 0 0 0 0 1
92.974 0.05 0.002 0.002 0 0 1
93.02 0.048 0 0 0 0 1
93.072 0.05 0.002 0 0.002 0 1
93.122 0.052 0 0 0 0 1
93.17 0.048 0 0 0 0 1
93.222 0.052 0 0 0 0 1
93.274 0.05 0.002 0.002 0 0 1
93.318 0.046 0 0 0 0 1
93.368 0.05 0 0 0 0 1
93.424 0.054 0.002 0 0.002 0 1
93.47 0.048 0 0 0 0 1
93.65 0.18 0 0 0 0 1
93.65 0 0 0 0 0 1
93.7 0.048 0.002 0 0.002 0 1
93.752 0.052 0.002 0.002 0 0 1
93.804 0.054 0 0 0 0 1
93.854 0.048 0.002 0.002 0 0 1
93.9 0.046 0.002 0.002 0 0 1
93.946 0.046 0.002 0 0.002 0 1
93.994 0.05 0 0 0 0 1
94.04 0.044 0.002 0.002 0 0 1
94.088 0.048 0.002 0 0.002 0 1
94.134 0.048 0 0 0 0 1
94.184 0.05 0 0 0 0 1
94.236 0.05 0.002 0.002 0 0 1
94.288 0.052 0.002 0.002 0 0 1
94.33 0.044 0 0 0 0 1
94.38 0.05 0 0 0 0 1
94.428 0.048 0 0 0 0 1
94.48 0.048 0.004 0.002 0.002 0 1
94.532 0.054 0.002 0 0.002 0 1
94.696 0.164 0.002 0 0.002 0 1
94.746 0.048 0.004 0.002 0 0 1
94.798 0.054 0.002 0.002 0 0 1
94.846 0.048 0.002 0 0.002 0 1
94.896 0.052 0 0 0 0 1
94.948 0.048 0.004 0.002 0 0 1
94.998 0.052 0.002 0 0.002 0 1
95.038 0.04 0.002 0.002 0 0 1
95.09 0.052 0.002 0.002 0 0 1
95.14 0.05 0.002 0.002 0 0 1
95.192 0.052 0.002 0 0.002 0 1
95.242 0.05 0.002 0 0.002 0 1
95.29 0.05 0 0 0 0 1
95.342 0.05 0.002 0.002 0 0 1
95.39 0.05 0 0 0 0 1
95.446 0.054 0.002 0 0.002 0 1
95.492 0.046 0.002 0 0.002 0 1
95.654 0.162 0.002 0 0 0.002 1
95.674 0.02 0.002 0 0.002 0 1
95.726 0.054 0 0 0 0 1
95.78 0.052 0.002 0.002 0 0 1
95.83 0.048 0.004 0 0.004 0 1
95.882 0.054 0.002 0 0.002 0 1
95.934 0.05 0.004 0.002 0.002 0 1
95.984 0.052 0.002 0.002 0 0 1
96.034 0.052 0 0 0 0 1
96.086 0.05 0.002 0.002 0 0 1
96.134 0.048 0.002 0.002 0 0 1
96.184 0.05 0.002 0.002 0 0 1
96.234 0.052 0 0 0 0 1
96.286 0.05 0.002 0 0.002 0 1
96.336 0.05 0.002 0 0.002 0 1
96.386 0.05 0.002 0.002 0 0 1
96.428 0.044 0 0 0 0 1
96.614 0.184 0.002 0.002 0 0 1
96.664 0.05 0.002 0.002 0 0 1
96.718 0.052 0.004 0.004 0 0 1
96.77 0.054 0.002 0.002 0 0 1
96.82 0.05 0.002 0.002 0 0 1
96.872 0.052 0.002 0 0.002 0 1
96.922 0.05 0.002 0.002 0 0 1
96.974 0.05 0.004 0.004 0 0 1
97.024 0.052 0.002 0.002 0 0 1
97.066 0.04 0.004 0.002 0 0 1
97.116 0.052 0.002 0.002 0 0 1
97.166 0.05 0.002 0.002 0 0 1
97.216 0.05 0.002 0 0.002 0 1
97.256 0.04 0.002 0.002 0 0 1
97.296 0.042 0 0 0 0 1
97.35 0.052 0.002 0 0.002 0 1
97.39 0.042 0 0 0 0 1
97.442 0.05 0.002 0 0.002 0 1
97.49 0.048 0.002 0 0.002 0 1
97.538 0.05 0 0 0 0 1
97.718 0.178 0.002 0.002 0 0 1
97.72 0.002 0.002 0 0 0.002 1
97.766 0.048 0 0 0 0 1
97.814 0.048 0 0 0 0 1
97.868 0.052 0.002 0 0.002 0 1
97.918 0.052 0 0 0 0 1
97.972 0.052 0.002 0 0.002 0 1
98.014 0.044 0 0 0 0 1
98.068 0.052 0.002 0 0.002 0 1
98.106 0.04 0 0 0 0 1
98.158 0.05 0.002 0.002 0 0 1
98.21 0.052 0.002 0 0.002 0 1
98.26 0.05 0.002 0 0.002 0 1
98.31 0.05 0.002 0.002 0 0 1
98.358 0.05 0 0 0 0 1
98.408 0.05 0 0 0 0 1
98.448 0.04 0 0 0 0 1
98.5 0.05 0.002 0.002 0 0 1
98.552 0.052 0.002 0 0.002 0 1
98.598 0.046 0.002 0.002 0 0 1
98.648 0.05 0.002 0.002 0 0 1
98.7 0.052 0.002 0 0.002 0 1
98.748 0.05 0 0 0 0 1
98.798 0.05 0 0 0 0 1
98.848 0.05 0 0 0 0 1
98.898 0.05 0 0 0 0 1
98.948 0.05 0 0 0 0 1
99 0.05 0.002 0.002 0 0 1
99.048 0.048 0.002 0 0.002 0 1
99.096 0.05 0 0 0 0 1
99.146 0.05 0 0 0 0 1
99.198 0.05 0.002 0 0.002 0 1
99.246 0.05 0 0 0 0 1
99.296 0.05 0 0 0 0 1
99.468 0.172 0 0 0 0 1
99.486 0.018 0 0 0 0 1
99.528 0.042 0 0 0 0 1
99.578 0.048 0.002 0.002 0 0 1
99.628 0.052 0 0 0 0 1
99.68 0.05 0.002 0 0.002 0 1
99.73 0.05 0.002 0 0.002 0 1
99.78 0.05 0.002 0.002 0 0 1
99.83 0.052 0 0 0 0 1
99.882 0.05 0.002 0.002 0 0 1
99.932 0.05 0.002 0.002 0 0 1
99.98 0.05 0 0 0 0 1
100.03 0.048 0.002 0.002 0 0 1
100.08 0.052 0 0 0 0 1
100.132 0.05 0.002 0.002 0 0 1
100.18 0.05 0 0 0 0 1
100.232 0.05 0.002 0 0.002 0 1
100.282 0.05 0.002 0.002 0 0 1
100.33 0.05 0 0 0 0 1
100.38 0.05 0 0 0 0 1
100.432 0.05 0.002 0 0.002 0 1
100.592 0.16 0.002 0.002 0 0 1
100.612 0.02 0.002 0 0.002 0 1
100.664 0.052 0.002 0.002 0 0 1
100.714 0.05 0.002 0.002 0 0 1
100.768 0.052 0.004 0.002 0.002 0 1
100.818 0.054 0 0 0 0 1
100.87 0.052 0 0 0 0 1
100.92 0.05 0 0 0 0 1
100.972 0.05 0.002 0.002 0 0 1
101.02 0.048 0.002 0.002 0 0 1
101.068 0.05 0 0 0 0 1
101.12 0.05 0.002 0.002 0 0 1
101.17 0.052 0 0 0 0 1
101.22 0.05 0 0 0 0 1
101.268 0.046 0.002 0.002 0 0 1
101.318 0.05 0.002 0.002 0 0 1
101.36 0.044 0 0 0 0 1
101.54 0.178 0.002 0 0.002 0 1
101.548 0.01 0 0 0 0 1
101.59 0.04 0.002 0.002 0 0 1
101.644 0.054 0.002 0 0.002 0 1
101.692 0.05 0 0 0 0 1
101.744 0.05 0.002 0 0.002 0 1
101.792 0.048 0.002 0.002 0 0 1
101.84 0.05 0 0 0 0 1
101.89 0.05 0 0 0 0 1
101.94 0.048 0.002 0.002 0 0 1
101.986 0.048 0 0 0 0 1
102.04 0.052 0.002 0 0.002 0 1
102.09 0.05 0.002 0.002 0 0 1
102.138 0.048 0.002 0.002 0 0 1
102.184 0.048 0 0 0 0 1
102.236 0.052 0 0 0 0 1
102.288 0.046 0.006 0.004 0.002 0 1
102.334 0.052 0 0 0 0 1
102.386 0.052 0 0 0 0 1
102.436 0.05 0 0 0 0 1
102.484 0.048 0 0 0 0 1
102.534 0.048 0.002 0.002 0 0 1
102.728 0.194 0.002 0 0.002 0 1
102.76 0.032 0.002 0.002 0 0 1
102.816 0.056 0.002 0 0.002 0 1
102.87 0.054 0.002 0 0.002 0 1
102.922 0.052 0.002 0.002 0 0 1
102.974 0.052 0.002 0.002 0 0 1
103.026 0.052 0.002 0.002 0 0 1
103.072 0.046 0.002 0.002 0 0 1
103.122 0.052 0 0 0 0 1
103.172 0.05 0 0 0 0 1
103.222 0.05 0 0 0 0 1
103.274 0.048 0.004 0.002 0.002 0 1
103.324 0.052 0.002 0 0.002 0 1
103.374 0.05 0.002 0.002 0 0 1
103.426 0.05 0.004 0.002 0.002 0 1
103.474 0.052 0 0 0 0 1
103.52 0.044 0.002 0.002 0 0 1
103.568 0.05 0 0 0 0 1
103.62 0.05 0.002 0 0.002 0 1
103.668 0.048 0.002 0 0.002 0 1
103.856 0.19 0 0 0 0 1
103.862 0.002 0.004 0.002 0.002 0 1
103.908 0.05 0 0 0 0 1
103.96 0.05 0.002 0.002 0 0 1
104.012 0.052 0.002 0.002 0 0 1
104.064 0.052 0.002 0.002 0 0 1
104.114 0.05 0.002 0 0.002 0 1
104.164 0.05 0.002 0.002 0 0 1
104.216 0.05 0.004 0.002 0.002 0 1
104.264 0.052 0 0 0 0 1
104.312 0.046 0.002 0.002 0 0 1
104.364 0.052 0.002 0 0.002 0 1
104.414 0.05 0.002 0 0.002 0 1
104.462 0.048 0.002 0.002 0 0 1
104.512 0.05 0.002 0.002 0 0 1
104.56 0.048 0.002 0 0.002 0 1
104.61 0.05 0.002 0.002 0 0 1
104.766 0.156 0.002 0 0.002 0 1
104.806 0.04 0.002 0.002 0 0 1
104.856 0.052 0 0 0 0 1
104.902 0.044 0.002 0 0.002 0 1
104.952 0.05 0.002 0.002 0 0 1
105.004 0.05 0.004 0.002 0 0.002 1
105.05 0.05 0 0 0 0 1
105.104 0.052 0.002 0 0.002 0 1
105.152 0.05 0 0 0 0 1
105.202 0.048 0.002 0.002 0 0 1
105.25 0.05 0 0 0 0 1
105.304 0.05 0.004 0.002 0.002 0 1
105.352 0.05 0.002 0.002 0 0 1
105.404 0.052 0.002 0 0.002 0 1
105.454 0.05 0.002 0 0.002 0 1
105.504 0.05 0.002 0.002 0 0 1
105.552 0.048 0.002 0.002 0 0 1
105.706 0.154 0.002 0 0.002 0 1
105.744 0.038 0.002 0 0.002 0 1
105.794 0.05 0.002 0.002 0 0 1
105.848 0.054 0.002 0.002 0 0 1
105.896 0.048 0.002 0 0.002 0 1
105.942 0.048 0 0 0 0 1
105.99 0.048 0 0 0 0 1
106.042 0.052 0 0 0 0 1
106.092 0.048 0.002 0.002 0 0 1
106.144 0.052 0.002 0 0.002 0 1
106.194 0.05 0.002 0.002 0 0 1
106.242 0.05 0 0 0 0 1
106.296 0.052 0.002 0 0.002 0 1
106.346 0.05 0.002 0 0.002 0 1
106.394 0.048 0.002 0.002 0 0 1
106.442 0.05 0 0 0 0 1
106.492 0.05 0 0 0 0 1
106.54 0.046 0.002 0.002 0 0 1
106.59 0.05 0.002 0.002 0 0 1
106.638 0.05 0 0 0 0 1
106.692 0.052 0.002 0 0.002 0 1
106.742 0.05 0.002 0 0.002 0 1
106.792 0.05 0.002 0 0.002 0 1
106.84 0.05 0 0 0 0 1
106.892 0.05 0.002 0 0.002 0 1
106.94 0.048 0.002 0.002 0 0 1
106.986 0.048 0 0 0 0 1
107.034 0.048 0 0 0 0 1
107.082 0.048 0 0 0 0 1
107.134 0.05 0.002 0.002 0 0 1
107.182 0.05 0 0 0 0 1
107.234 0.05 0.002 0.002 0 0 1
107.282 0.05 0 0 0 0 1
107.462 0.178 0.002 0 0.002 0 1
107.464 0.004 0 0 0 0 1
107.518 0.046 0.008 0.006 0.002 0 1
107.562 0.05 0.002 0 0.002 0 1
107.616 0.054 0.002 0.002 0 0 1
107.67 0.054 0.002 0 0.002 0 1
107.722 0.052 0.002 0 0.002 0 1
107.774 0.052 0.002 0 0.002 0 1
107.824 0.052 0 0 0 0 1
107.876 0.05 0.002 0.002 0 0 1
107.926 0.05 0.002 0.002 0 0 1
107.974 0.05 0 0 0 0 1
108.024 0.05 0 0 0 0 1
108.068 0.042 0.002 0.002 0 0 1
108.12 0.052 0.002 0 0 0 1
108.168 0.05 0 0 0 0 1
108.22 0.05 0.002 0.002 0 0 1
108.268 0.05 0 0 0 0 1
108.438 0.168 0.002 0.002 0 0 1
108.446 0.01 0 0 0 0 1
108.496 0.048 0.002 0.002 0 0 1
108.548 0.054 0 0 0 0 1
108.604 0.054 0.002 0.002 0 0 1
108.656 0.052 0.002 0.002 0 0 1
108.706 0.05 0.002 0.002 0 0 1
108.756 0.052 0 0 0 0 1
108.808 0.05 0.002 0.002 0 0 1
108.86 0.052 0.002 0 0.002 0 1
108.908 0.048 0.002 0.002 0 0 1
108.956 0.05 0 0 0 0 1
109.008 0.05 0.002 0 0.002 0 1
109.058 0.05 0.002 0.002 0 0 1
109.108 0.05 0.002 0.002 0 0 1
109.158 0.05 0.002 0 0.002 0 1
109.206 0.048 0.002 0 0.002 0 1
109.256 0.05 0.002 0.002 0 0 1
109.298 0.044 0 0 0 0 1
109.508 0.208 0.002 0 0.002 0 1
109.53 0.022 0.002 0.002 0 0 1
109.582 0.052 0.002 0 0.002 0 1
109.628 0.046 0.002 0.002 0 0 1
109.68 0.052 0.002 0.002 0 0 1
109.732 0.052 0.002 0 0.002 0 1
109.782 0.05 0.002 0.002 0 0 1
109.832 0.05 0.002 0.002 0 0 1
109.882 0.052 0 0 0 0 1
109.932 0.048 0.002 0.002 0 0 1
109.98 0.05 0 0 0 0 1
110.034 0.052 0.002 0 0 0 1
110.084 0.05 0.002 0.002 0 0 1
110.134 0.05 0.002 0.002 0 0 1
110.184 0.05 0.002 0.002 0 0 1
110.23 0.048 0 0 0 0 1
110.28 0.048 0.002 0 0.002 0 1
110.328 0.05 0 0 0 0 1
110.378 0.048 0.002 0.002 0 0 1
110.566 0.188 0.002 0 0.002 0 1
110.566 0.002 0 0 0 0 1
110.618 0.05 0.002 0.002 0 0 1
110.668 0.052 0 0 0 0 1
110.722 0.052 0.002 0.002 0 0 1
110.772 0.052 0 0 0 0 1
110.824 0.05 0.002 0 0.002 0 1
110.872 0.05 0 0 0 0 1
110.924 0.05 0.002 0.002 0 0 1
110.976 0.052 0.002 0 0.002 0 1
111.022 0.048 0 0 0 0 1
111.072 0.048 0.002 0.002 0 0 1
111.118 0.048 0 0 0 0 1
111.168 0.05 0 0 0 0 1
111.22 0.05 0.002 0 0.002 0 1
111.27 0.05 0.002 0 0.002 0 1
111.318 0.05 0 0 0 0 1
111.368 0.05 0 0 0 0 1
111.414 0.044 0.002 0 0.002 0 1
111.452 0.04 0 0 0 0 1
111.502 0.048 0.002 0 0.002 0 1
111.552 0.05 0.002 0 0.002 0 1
111.728 0.174 0.004 0.002 0.002 0 1
111.74 0.012 0.004 0.002 0.002 0 1
111.786 0.048 0.002 0.002 0 0 1
111.83 0.044 0.002 0.002 0 0 1
111.882 0.052 0.002 0 0.002 0 1
111.93 0.048 0.002 0.002 0 0 1
111.982 0.052 0.002 0 0.002 0 1
112.032 0.05 0.002 0 0.002 0 1
112.082 0.05 0.002 0 0.002 0 1
112.132 0.05 0.002 0.002 0 0 1
112.182 0.05 0.002 0.002 0 0 1
112.232 0.05 0.002 0 0.002 0 1
112.282 0.05 0.002 0 0.002 0 1
112.328 0.048 0 0 0 0 1
112.378 0.05 0 0 0 0 1
112.424 0.046 0 0 0 0 1
112.476 0.052 0 0 0 0 1
112.522 0.046 0 0 0 0 1
112.574 0.052 0 0 0 0 1
112.624 0.05 0 0 0 0 1
112.676 0.052 0 0 0 0 1
112.872 0.192 0.004 0.002 0 0.002 1
112.884 0.014 0.002 0 0.002 0 1
112.932 0.048 0.002 0.002 0 0 1
112.964 0.032 0.002 0.002 0 0 1
113.02 0.058 0 0 0 0 1
113.074 0.054 0 0 0 0 1
113.13 0.054 0.002 0 0.002 0 1
113.18 0.052 0 0 0 0 1
113.232 0.052 0 0 0 0 1
113.286 0.052 0.002 0 0.002 0 1
113.334 0.05 0 0 0 0 1
113.388 0.052 0.002 0 0.002 0 1
113.436 0.05 0 0 0 0 1
113.488 0.05 0.002 0 0.002 0 1
113.54 0.052 0.002 0 0.002 0 1
113.59 0.05 0.002 0 0.002 0 1
113.636 0.048 0 0 0 0 1
113.688 0.052 0 0 0 0 1
113.732 0.044 0 0 0 0 1
113.906 0.172 0.002 0 0.002 0 1
113.918 0.012 0.002 0 0.002 0 1
113.968 0.05 0.002 0 0.002 0 1
114.018 0.05 0.002 0.002 0 0 1
114.06 0.042 0.002 0.002 0 0 1
114.11 0.05 0.002 0 0.002 0 1
114.158 0.048 0.002 0.002 0 0 1
114.208 0.05 0.002 0.002 0 0 1
114.258 0.05 0.002 0.002 0 0 1
114.308 0.05 0.002 0.002 0 0 1
114.358 0.05 0.002 0.002 0 0 1
114.406 0.05 0 0 0 0 1
114.46 0.052 0.002 0.002 0 0 1
114.508 0.048 0.002 0 0.002 0 1
114.556 0.048 0.002 0.002 0 0 1
114.606 0.048 0.004 0.002 0.002 0 1
114.656 0.052 0.002 0.002 0 0 1
114.706 0.05 0.002 0 0.002 0 1
114.756 0.05 0.002 0.002 0 0 1
114.928 0.174 0 0 0 0 1
114.934 0.004 0.002 0 0.002 0 1
114.978 0.044 0.002 0.002 0 0 1
115.03 0.052 0.002 0 0.002 0 1
115.078 0.05 0 0 0 0 1
115.126 0.046 0.002 0 0.002 0 1
115.176 0.05 0.002 0.002 0 0 1
115.224 0.05 0 0 0 0 1
115.274 0.048 0.002 0.002 0 0 1
115.324 0.052 0 0 0 0 1
115.376 0.05 0.002 0.002 0 0 1
115.426 0.05 0.002 0.002 0 0 1
115.476 0.05 0.002 0.002 0 0 1
115.522 0.046 0.002 0 0.002 0 1
115.572 0.05 0.002 0.002 0 0 1
115.624 0.052 0.002 0 0.002 0 1
115.672 0.05 0 0 0 0 1
115.724 0.05 0.002 0.002 0 0 1
115.774 0.048 0.004 0.002 0.002 0 1
115.824 0.052 0.002 0 0.002 0 1
115.874 0.05 0.002 0 0.002 0 1
115.924 0.05 0.002 0.002 0 0 1
115.974 0.05 0.002 0.002 0 0 1
116.022 0.05 0 0 0 0 1
116.074 0.05 0.002 0.002 0 0 1
116.122 0.05 0 0 0 0 1
116.174 0.05 0.002 0.002 0 0 1
116.22 0.048 0 0 0 0 1
116.266 0.044 0.002 0.002 0 0 1
116.318 0.052 0.002 0.002 0 0 1
116.368 0.05 0.002 0 0.002 0 1
116.42 0.052 0.002 0 0 0.002 1
116.472 0.052 0.002 0 0.002 0 1
116.516 0.044 0.002 0.002 0 0 1
116.672 0.158 0 0 0 0 1
116.696 0.022 0.002 0.002 0 0 1
116.742 0.046 0.002 0.002 0 0 1
116.794 0.052 0.002 0 0.002 0 1
116.842 0.048 0.002 0.002 0 0 1
116.894 0.05 0.004 0.002 0 0.002 1
116.944 0.052 0.002 0 0.002 0 1
116.992 0.05 0 0 0 0 1
117.044 0.05 0.002 0 0 0.002 1
117.094 0.05 0.002 0 0.002 0 1
117.144 0.05 0.002 0.002 0 0 1
117.186 0.042 0.002 0.002 0 0 1
117.234 0.05 0 0 0 0 1
117.286 0.05 0.002 0.002 0 0 1
117.334 0.05 0 0 0 0 1
117.384 0.048 0.002 0.002 0 0 1
117.434 0.05 0.002 0.002 0 0 1
117.592 0.16 0 0 0 0 1
117.618 0.026 0 0 0 0 1
117.668 0.05 0 0 0 0 1
117.722 0.052 0.002 0.002 0 0 1
117.774 0.052 0.002 0 0.002 0 1
117.822 0.05 0 0 0 0 1
117.874 0.05 0.002 0.002 0 0 1
117.922 0.05 0 0 0 0 1
117.976 0.052 0.002 0 0.002 0 1
118.024 0.05 0 0 0 0 1
118.074 0.05 0 0 0 0 1
118.124 0.05 0 0 0 0 1
118.178 0.052 0.002 0 0.002 0 1
118.226 0.044 0.006 0.006 0 0 1
118.276 0.056 0 0 0 0 1
118.326 0.048 0.002 0 0.002 0 1
118.37 0.046 0 0 0 0 1
118.422 0.05 0.002 0.002 0 0 1
118.472 0.05 0.002 0.002 0 0 1
118.522 0.05 0.002 0 0.002 0 1
118.57 0.048 0.002 0.002 0 0 1
118.73 0.16 0.002 0 0.002 0 1
118.76 0.032 0 0 0 0 1
118.812 0.05 0.002 0.002 0 0 1
118.862 0.05 0.002 0.002 0 0 1
118.916 0.054 0.002 0 0.002 0 1
118.964 0.048 0.002 0 0.002 0 1
119.012 0.05 0 0 0 0 1
119.064 0.05 0.002 0.002 0 0 1
119.114 0.05 0.002 0.002 0 0 1
119.162 0.05 0 0 0 0 1
119.214 0.05 0.002 0.002 0 0 1
119.26 0.048 0 0 0 0 1
119.31 0.05 0 0 0 0 1
119.36 0.05 0 0 0 0 1
119.414 0.052 0.002 0 0.002 0 1
119.462 0.05 0 0 0 0 1
119.514 0.05 0.002 0 0.002 0 1
119.562 0.048 0.002 0.002 0 0 1
119.612 0.052 0 0 0 0 1
119.812 0.198 0.002 0 0.002 0 1
119.848 0.036 0.002 0.002 0 0 1
119.9 0.052 0.002 0.002 0 0 1
119.952 0.052 0.002 0 0.002 0 1
119.996 0.044 0.002 0 0.002 0 1
120.048 0.05 0.004 0.002 0.002 0 1
120.098 0.048 0.006 0.006 0 0 1
120.14 0.046 0.002 0 0.002 0 1
120.19 0.05 0.002 0 0.002 0 1
120.234 0.046 0 0 0 0 1
120.286 0.05 0.002 0.002 0 0 1
120.336 0.05 0.002 0.002 0 0 1
120.384 0.048 0.002 0 0.002 0 1
120.434 0.05 0.002 0.002 0 0 1
120.484 0.052 0 0 0 0 1
120.532 0.048 0 0 0 0 1
120.584 0.052 0 0 0 0 1
120.636 0.048 0.004 0 0.004 0 1
120.686 0.052 0.002 0 0.002 0 1
120.836 0.15 0.002 0.002 0 0 1
120.848 0.014 0 0 0 0 1
120.896 0.046 0.002 0.002 0 0 1
120.946 0.05 0.002 0.002 0 0 1
120.998 0.052 0.002 0.002 0 0 1
121.05 0.052 0.002 0.002 0 0 1
121.098 0.048 0.002 0.002 0 0 1
121.15 0.052 0.002 0 0.002 0 1
121.198 0.05 0 0 0 0 1
121.25 0.05 0.002 0 0.002 0 1
121.3 0.05 0.002 0 0.002 0 1
121.348 0.05 0 0 0 0 1
121.4 0.05 0.002 0.002 0 0 1
121.45 0.052 0 0 0 0 1
121.498 0.048 0 0 0 0 1
121.55 0.05 0.002 0 0.002 0 1
121.598 0.05 0 0 0 0 1
121.65 0.05 0.002 0 0.002 0 1
121.7 0.05 0.002 0.002 0 0 1
121.748 0.05 0 0 0 0 1
121.8 0.046 0.006 0.004 0.002 0 1
121.994 0.198 0.002 0 0.002 0 1
122.034 0.04 0.002 0.002 0 0 1
122.086 0.052 0.002 0 0.002 0 1
122.138 0.052 0.002 0 0.002 0 1
122.186 0.05 0 0 0 0 1
122.24 0.052 0.002 0 0.002 0 1
122.284 0.046 0 0 0 0 1
122.336 0.05 0.002 0 0.002 0 1
122.386 0.052 0 0 0 0 1
122.434 0.048 0 0 0 0 1
122.488 0.052 0.002 0 0.002 0 1
122.538 0.05 0.002 0.002 0 0 1
122.59 0.052 0.002 0 0.002 0 1
122.64 0.05 0.002 0 0.002 0 1
122.688 0.05 0 0 0 0 1
122.894 0.202 0.004 0.002 0.002 0 1
122.91 0.02 0 0 0 0 1
122.97 0.058 0.002 0 0.002 0 1
123.018 0.05 0 0 0 0 1
123.072 0.054 0 0 0 0 1
123.124 0.052 0 0 0 0 1
123.18 0.054 0.002 0 0.002 0 1
123.232 0.052 0.002 0.002 0 0 1
123.284 0.052 0.002 0.002 0 0 1
123.334 0.052 0 0 0 0 1
123.386 0.05 0.002 0.002 0 0 1
123.438 0.052 0.002 0 0.002 0 1
123.486 0.048 0.002 0.002 0 0 1
123.538 0.05 0.004 0.002 0.002 0 1
123.586 0.052 0 0 0 0 1
123.636 0.05 0 0 0 0 1
123.684 0.048 0 0 0 0 1
123.732 0.048 0 0 0 0 1
123.782 0.05 0 0 0 0 1
123.834 0.05 0.002 0 0.002 0 1
123.998 0.166 0 0 0 0 1
124.012 0.012 0.002 0 0.002 0 1
124.06 0.05 0 0 0 0 1
124.114 0.052 0.002 0.002 0 0 1
124.162 0.048 0.002 0.002 0 0 1
124.214 0.052 0.002 0.002 0 0 1
124.264 0.048 0.004 0.002 0 0 1
124.31 0.05 0 0 0 0 1
124.364 0.052 0.002 0.002 0 0 1
124.41 0.048 0 0 0 0 1
124.464 0.052 0.002 0.002 0 0 1
124.514 0.05 0.002 0.002 0 0 1
124.564 0.05 0.002 0 0.002 0 1
124.614 0.05 0.002 0 0.002 0 1
124.662 0.05 0 0 0 0 1
124.714 0.05 0.002 0.002 0 0 1
124.764 0.05 0.002 0.002 0 0 1
124.814 0.05 0.002 0.002 0 0 1
124.86 0.046 0.002 0.002 0 0 1
125.058 0.2 0 0 0 0 1
125.1 0.034 0.008 0.006 0.002 0 1
125.148 0.054 0.002 0.002 0 0 1
125.194 0.048 0 0 0 0 1
125.25 0.054 0.002 0 0.002 0 1
125.302 0.052 0.002 0 0.002 0 1
125.352 0.05 0.002 0.002 0 0 1
125.4 0.048 0.002 0.002 0 0 1
125.45 0.052 0 0 0 0 1
125.502 0.05 0.002 0 0.002 0 1
125.55 0.05 0 0 0 0 1
125.6 0.05 0 0 0 0 1
125.65 0.05 0 0 0 0 1
125.702 0.05 0.002 0.002 0 0 1
125.752 0.05 0.002 0.002 0 0 1
125.792 0.04 0.002 0.002 0 0 1
125.842 0.05 0.002 0 0.002 0 1
125.888 0.048 0 0 0 0 1
125.942 0.052 0.002 0.002 0 0 1
126.096 0.152 0.004 0.002 0.002 0 1
126.126 0.032 0.002 0.002 0 0 1
126.176 0.052 0 0 0 0 1
126.23 0.054 0 0 0 0 1
126.282 0.052 0 0 0 0 1
126.334 0.05 0.002 0.002 0 0 1
126.386 0.052 0.002 0 0.002 0 1
126.434 0.05 0 0 0 0 1
126.484 0.05 0 0 0 0 1
126.538 0.052 0.002 0 0.002 0 1
126.588 0.05 0.002 0.002 0 0 1
126.638 0.05 0.002 0.002 0 0 1
126.686 0.05 0 0 0 0 1
126.736 0.05 0 0 0 0 1
126.786 0.05 0 0 0 0 1
126.836 0.048 0.002 0 0.002 0 1
126.884 0.05 0 0 0 0 1
126.936 0.05 0.002 0.002 0 0 1
126.986 0.05 0.002 0.002 0 0 1
127.038 0.052 0.002 0 0.002 0 1
127.088 0.05 0.002 0 0.002 0 1
127.256 0.166 0.004 0.002 0 0 1
127.274 0.02 0.002 0 0.002 0 1
127.326 0.052 0.002 0.002 0 0 1
127.378 0.052 0.002 0.002 0 0 1
127.426 0.048 0.002 0.002 0 0 1
127.476 0.052 0 0 0 0 1
127.528 0.05 0.002 0 0.002 0 1
127.578 0.05 0.002 0.002 0 0 1
127.63 0.052 0.002 0 0.002 0 1
127.68 0.046 0.006 0.004 0.002 0 1
127.73 0.054 0.002 0 0.002 0 1
127.78 0.05 0.002 0.002 0 0 1
127.828 0.05 0 0 0 0 1
127.88 0.05 0.002 0.002 0 0 1
127.928 0.05 0 0 0 0 1
127.98 0.05 0.002 0.002 0 0 1
128.028 0.05 0 0 0 0 1
128.08 0.05 0.002 0.002 0 0 1
128.128 0.048 0.002 0 0.002 0 1
128.304 0.176 0.002 0.002 0 0 1
128.316 0.014 0 0 0 0 1
128.364 0.044 0.004 0.002 0.002 0 1
128.416 0.054 0.002 0 0.002 0 1
128.466 0.052 0 0 0 0 1
128.52 0.052 0.002 0 0.002 0 1
128.57 0.05 0.002 0.002 0 0 1
128.622 0.052 0.002 0.002 0 0 1
128.668 0.046 0.002 0 0.002 0 1
128.72 0.052 0.002 0 0.002 0 1
128.768 0.048 0.002 0 0.002 0 1
128.818 0.052 0 0 0 0 1
128.87 0.05 0.002 0.002 0 0 1
128.92 0.05 0.002 0.002 0 0 1
128.97 0.052 0 0 0 0 1
129.02 0.05 0 0 0 0 1
129.066 0.046 0 0 0 0 1
129.114 0.046 0.002 0.002 0 0 1
129.16 0.048 0 0 0 0 1
129.21 0.05 0 0 0 0 1
129.262 0.05 0.002 0.002 0 0 1
129.394 0.132 0.002 0.002 0 0 1
129.432 0.038 0.002 0 0.002 0 1
129.484 0.052 0.002 0.002 0 0 1
129.538 0.052 0.004 0.002 0.002 0 1
129.586 0.05 0.002 0.002 0 0 1
129.638 0.052 0.002 0.002 0 0 1
129.688 0.05 0.002 0.002 0 0 1
129.738 0.052 0 0 0 0 1
129.79 0.05 0.002 0 0.002 0 1
129.84 0.05 0.002 0.002 0 0 1
129.89 0.05 0.002 0.002 0 0 1
129.942 0.052 0.002 0 0.002 0 1
129.99 0.05 0 0 0 0 1
130.038 0.048 0 0 0 0 1
130.09 0.05 0.002 0.002 0 0 1
130.14 0.05 0.002 0.002 0 0 1
130.184 0.044 0.002 0.002 0 0 1
130.232 0.05 0 0 0 0 1
130.282 0.05 0 0 0 0 1
130.334 0.05 0.002 0.002 0 0 1
130.528 0.194 0.002 0.002 0 0 1
130.564 0.036 0.002 0.002 0 0 1
130.614 0.05 0.002 0.002 0 0 1
130.666 0.052 0.002 0.002 0 0 1
130.714 0.05 0 0 0 0 1
130.766 0.05 0.002 0.002 0 0 1
130.816 0.05 0.002 0.002 0 0 1
130.866 0.05 0.002 0 0.002 0 1
130.916 0.05 0.002 0.002 0 0 1
130.964 0.048 0.002 0.002 0 0 1
131.014 0.05 0.002 0.002 0 0 1
131.066 0.052 0.002 0 0 0 1
131.116 0.05 0.002 0 0.002 0 1
131.162 0.046 0.002 0 0.002 0 1
131.212 0.052 0 0 0 0 1
131.262 0.05 0 0 0 0 1
131.452 0.188 0.002 0 0.002 0 1
131.454 0.004 0 0 0 0 1
131.506 0.05 0.002 0.002 0 0 1
131.558 0.052 0.002 0.002 0 0 1
131.608 0.052 0 0 0 0 1
131.66 0.05 0.002 0.002 0 0 1
131.71 0.05 0.002 0 0.002 0 1
131.758 0.05 0 0 0 0 1
131.808 0.05 0 0 0 0 1
131.856 0.048 0 0 0 0 1
131.906 0.05 0 0 0 0 1
131.956 0.048 0.002 0 0.002 0 1
132.006 0.05 0.002 0.002 0 0 1
132.058 0.052 0.002 0 0.002 0 1
132.108 0.05 0.002 0.002 0 0 1
132.16 0.052 0.002 0 0.002 0 1
132.374 0.214 0.002 0.002 0 0 1
132.388 0.014 0.002 0.002 0 0 1
132.442 0.052 0.004 0.002 0.002 0 1
132.492 0.054 0 0 0 0 1
132.546 0.05 0.004 0.002 0.002 0 1
132.596 0.052 0.002 0.002 0 0 1
132.648 0.052 0.002 0 0.002 0 1
132.698 0.05 0.002 0 0.002 0 1
132.748 0.05 0.002 0.002 0 0 1
132.8 0.052 0.002 0 0.002 0 1
132.85 0.05 0.002 0 0.002 0 1
132.898 0.05 0 0 0 0 1
132.948 0.05 0 0 0 0 1
133 0.05 0.002 0 0.002 0 1
133.048 0.05 0 0 0 0 1
133.1 0.05 0.002 0.002 0 0 1
133.282 0.184 0 0 0 0 1
133.288 0.004 0.002 0 0.002 0 1
133.338 0.052 0 0 0 0 1
133.392 0.054 0 0 0 0 1
133.442 0.05 0 0 0 0 1
133.496 0.052 0.002 0 0.002 0 1
133.544 0.05 0 0 0 0 1
133.598 0.052 0.002 0 0.002 0 1
133.646 0.05 0 0 0 0 1
133.696 0.05 0 0 0 0 1
133.746 0.048 0.002 0 0.002 0 1
133.794 0.048 0.002 0.002 0 0 1
133.844 0.05 0.002 0.002 0 0 1
133.894 0.05 0.002 0 0.002 0 1
133.942 0.05 0 0 0 0 1
133.992 0.05 0 0 0 0 1
134.044 0.05 0.002 0.002 0 0 1
134.092 0.048 0.002 0 0.002 0 1
134.242 0.15 0.002 0 0.002 0 1
134.272 0.032 0 0 0 0 1
134.324 0.048 0.004 0.002 0.002 0 1
134.374 0.054 0 0 0 0 1
134.426 0.05 0.002 0 0.002 0 1
134.476 0.05 0.002 0.002 0 0 1
134.526 0.05 0.002 0.002 0 0 1
134.574 0.048 0.002 0.002 0 0 1
134.622 0.048 0.002 0 0.002 0 1
134.67 0.05 0 0 0 0 1
134.72 0.05 0 0 0 0 1
134.774 0.052 0.002 0 0.002 0 1
134.824 0.05 0.002 0 0.002 0 1
134.872 0.048 0.002 0.002 0 0 1
134.92 0.046 0.004 0 0.004 0 1
134.97 0.052 0.002 0 0.002 0 1
135.018 0.05 0 0 0 0 1
135.068 0.048 0.002 0.002 0 0 1
135.116 0.05 0 0 0 0 1
135.29 0.172 0.002 0 0.002 0 1
135.304 0.016 0 0 0 0 1
135.346 0.042 0 0 0 0 1
135.396 0.048 0.002 0.002 0 0 1
135.446 0.05 0.002 0.002 0 0 1
135.498 0.052 0.002 0 0.002 0 1
135.548 0.05 0.002 0.002 0 0 1
135.598 0.052 0 0 0 0 1
135.65 0.05 0.002 0 0.002 0 1
135.696 0.046 0.002 0.002 0 0 1
135.746 0.05 0.002 0.002 0 0 1
135.794 0.05 0 0 0 0 1
135.846 0.05 0.002 0 0.002 0 1
135.896 0.05 0.002 0 0.002 0 1
135.946 0.05 0.002 0 0.002 0 1
135.996 0.05 0.002 0 0.002 0 1
136.138 0.142 0.002 0.002 0 0 1
136.18 0.044 0 0 0 0 1
136.228 0.048 0 0 0 0 1
136.28 0.052 0 0 0 0 1
136.332 0.052 0 0 0 0 1
136.384 0.05 0.002 0 0.002 0 1
136.434 0.052 0 0 0 0 1
136.482 0.046 0.002 0.002 0 0 1
136.532 0.05 0.002 0 0.002 0 1
136.582 0.05 0.002 0.002 0 0 1
136.632 0.05 0.002 0.002 0 0 1
136.68 0.048 0.002 0.002 0 0 1
136.726 0.048 0 0 0 0 1
136.778 0.05 0.002 0.002 0 0 1
136.828 0.05 0.002 0.002 0 0 1
136.876 0.05 0 0 0 0 1
137.078 0.2 0.002 0.002 0 0 1
137.114 0.036 0.002 0 0.002 0 1
137.166 0.052 0.002 0.002 0 0 1
137.22 0.052 0.004 0.002 0.002 0 1
137.268 0.052 0 0 0 0 1
137.32 0.052 0 0 0 0 1
137.372 0.05 0.002 0 0.002 0 1
137.422 0.05 0.002 0.002 0 0 1
137.474 0.052 0.002 0 0.002 0 1
137.522 0.05 0 0 0 0 1
137.574 0.05 0.002 0.002 0 0 1
137.624 0.05 0.002 0.002 0 0 1
137.674 0.05 0.002 0.002 0 0 1
137.72 0.048 0 0 0 0 1
137.77 0.05 0 0 0 0 1
137.82 0.048 0.002 0.002 0 0 1
137.866 0.046 0.002 0.002 0 0 1
137.918 0.052 0.002 0 0.002 0 1
137.966 0.05 0 0 0 0 1
138.012 0.046 0 0 0 0 1
138.066 0.05 0.004 0.002 0 0 1
138.116 0.052 0.002 0 0.002 0 1
138.166 0.05 0.002 0 0.002 0 1
138.214 0.05 0 0 0 0 1
138.264 0.05 0 0 0 0 1
138.316 0.05 0.002 0.002 0 0 1
138.362 0.048 0 0 0 0 1
138.408 0.044 0.002 0 0.002 0 1
138.458 0.05 0.002 0.002 0 0 1
138.506 0.05 0 0 0 0 1
138.556 0.05 0 0 0 0 1
138.602 0.046 0 0 0 0 1
138.656 0.05 0.004 0.002 0.002 0 1
138.706 0.052 0.002 0 0.002 0 1
138.876 0.172 0 0 0 0 1
138.896 0.018 0.002 0.002 0 0 1
138.944 0.048 0.002 0.002 0 0 1
138.994 0.052 0 0 0 0 1
139.046 0.05 0.002 0 0.002 0 1
139.092 0.046 0.002 0.002 0 0 1
139.142 0.05 0.002 0 0.002 0 1
139.192 0.05 0.002 0.002 0 0 1
139.242 0.05 0.002 0.002 0 0 1
139.292 0.05 0.002 0.002 0 0 1
139.344 0.052 0.002 0 0.002 0 1
139.394 0.05 0.002 0 0.002 0 1
139.444 0.05 0.002 0 0.002 0 1
139.488 0.044 0.002 0.002 0 0 1
139.536 0.048 0.002 0.002 0 0 1
139.586 0.05 0.002 0.002 0 0 1
139.636 0.044 0.008 0.006 0.002 0 1
139.684 0.054 0.002 0.002 0 0 1
139.736 0.052 0.002 0 0.002 0 1
139.784 0.048 0.002 0.002 0 0 1
139.818 0.036 0 0 0 0 1
140.036 0.216 0.002 0 0 0.002 1
140.06 0.026 0 0 0 0 1
140.116 0.054 0.002 0 0.002 0 1
140.166 0.052 0 0 0 0 1
140.22 0.052 0.002 0 0.002 0 1
140.27 0.05 0.002 0.002 0 0 1
140.32 0.052 0 0 0 0 1
140.372 0.048 0.004 0.002 0.002 0 1
140.42 0.052 0 0 0 0 1
140.47 0.05 0 0 0 0 1
140.522 0.05 0.002 0.002 0 0 1
140.57 0.05 0 0 0 0 1
140.622 0.05 0.002 0 0.002 0 1
140.666 0.046 0 0 0 0 1
140.718 0.05 0.002 0.002 0 0 1
140.77 0.052 0.002 0 0.002 0 1
140.82 0.05 0.002 0 0.002 0 1
140.996 0.176 0.002 0 0.002 0 1
141 0.006 0 0 0 0 1
141.054 0.052 0.002 0 0.002 0 1
141.098 0.046 0 0 0 0 1
141.15 0.05 0.002 0.002 0 0 1
141.2 0.052 0 0 0 0 1
141.252 0.05 0.002 0.002 0 0 1
141.3 0.05 0 0 0 0 1
141.352 0.05 0.002 0.002 0 0 1
141.402 0.05 0.002 0.002 0 0 1
141.452 0.05 0.002 0.002 0 0 1
141.504 0.05 0.004 0.002 0.002 0 1
141.552 0.052 0 0 0 0 1
141.602 0.048 0.002 0.002 0 0 1
141.648 0.048 0 0 0 0 1
141.698 0.05 0 0 0 0 1
141.746 0.046 0.002 0.002 0 0 1
141.95 0.204 0.002 0.002 0 0 1
141.98 0.032 0 0 0 0 1
142.032 0.05 0.002 0 0.002 0 1
142.08 0.05 0 0 0 0 1
142.13 0.048 0.002 0 0.002 0 1
142.18 0.05 0.002 0.002 0 0 1
142.232 0.052 0.002 0 0.002 0 1
142.28 0.05 0 0 0 0 1
142.332 0.05 0.002 0 0.002 0 1
142.378 0.048 0 0 0 0 1
142.428 0.05 0 0 0 0 1
142.478 0.048 0.002 0.002 0 0 1
142.524 0.048 0 0 0 0 1
142.576 0.05 0.002 0.002 0 0 1
142.626 0.052 0 0 0 0 1
142.672 0.044 0.002 0.002 0 0 1
142.72 0.05 0 0 0 0 1
142.772 0.05 0.002 0.002 0 0 1
142.824 0.052 0.002 0 0.002 0 1
142.874 0.05 0.002 0 0.002 0 1
142.922 0.05 0 0 0 0 1
142.972 0.05 0 0 0 0 1
143.018 0.046 0 0 0 0 1
143.068 0.048 0.002 0 0.002 0 1
143.118 0.05 0.002 0 0 0.002 1
143.158 0.042 0 0 0 0 1
143.21 0.05 0.002 0.002 0 0 1
143.258 0.05 0 0 0 0 1
143.31 0.05 0.002 0 0.002 0 1
143.358 0.05 0 0 0 0 1
143.41 0.05 0.002 0.002 0 0 1
143.46 0.05 0.002 0.002 0 0 1
143.508 0.05 0 0 0 0 1
143.56 0.05 0.002 0.002 0 0 1
143.768 0.208 0.002 0.002 0 0 1
143.798 0.03 0.002 0.002 0 0 1
143.85 0.054 0 0 0 0 1
143.902 0.05 0.002 0.002 0 0 1
143.95 0.046 0.004 0.002 0.002 0 1
144.002 0.054 0.002 0 0.002 0 1
144.05 0.048 0.002 0.002 0 0 1
144.092 0.044 0 0 0 0 1
144.144 0.05 0.002 0.002 0 0 1
144.198 0.054 0.002 0 0.002 0 1
144.248 0.052 0 0 0 0 1
144.3 0.05 0.002 0.002 0 0 1
144.348 0.05 0 0 0 0 1
144.4 0.052 0 0 0 0 1
144.45 0.05 0 0 0 0 1
144.5 0.048 0.002 0.002 0 0 1
144.552 0.052 0.002 0 0.002 0 1
144.602 0.048 0.004 0.002 0 0.002 1
144.652 0.052 0.002 0 0.002 0 1
144.702 0.05 0.002 0 0.002 0 1
144.906 0.204 0.002 0 0.002 0 1
144.946 0.04 0.002 0.002 0 0 1
144.994 0.048 0.002 0.002 0 0 1
145.046 0.052 0.002 0.002 0 0 1
145.092 0.046 0.002 0.002 0 0 1
145.144 0.052 0.002 0.002 0 0 1
145.194 0.052 0 0 0 0 1
145.246 0.052 0 0 0 0 1
145.298 0.05 0.002 0 0.002 0 1
145.348 0.05 0.002 0.002 0 0 1
145.394 0.046 0.002 0.002 0 0 1
145.442 0.05 0 0 0 0 1
145.492 0.05 0 0 0 0 1
145.542 0.048 0.002 0.002 0 0 1
145.59 0.05 0 0 0 0 1
145.64 0.05 0 0 0 0 1
145.69 0.05 0 0 0 0 1
145.74 0.048 0.002 0.002 0 0 1
145.788 0.048 0.002 0.002 0 0 1
145.836 0.05 0 0 0 0 1
145.996 0.158 0.002 0.002 0 0 1
146.006 0.004 0.008 0 0.008 0 1
146.058 0.058 0.002 0.002 0 0 1
146.11 0.052 0.002 0 0.002 0 1
146.158 0.048 0.002 0.002 0 0 1
146.208 0.052 0 0 0 0 1
146.26 0.052 0 0 0 0 1
146.308 0.048 0 0 0 0 1
146.354 0.046 0 0 0 0 1
146.406 0.05 0.002 0.002 0 0 1
146.448 0.044 0 0 0 0 1
146.496 0.046 0.002 0 0.002 0 1
146.544 0.05 0 0 0 0 1
146.594 0.05 0 0 0 0 1
146.65 0.054 0.002 0 0.002 0 1
146.694 0.046 0 0 0 0 1
146.746 0.05 0.002 0.002 0 0 1
146.896 0.152 0 0 0 0 1
146.926 0.03 0 0 0 0 1
146.976 0.048 0.002 0.002 0 0 1
147.024 0.05 0 0 0 0 1
147.074 0.05 0 0 0 0 1
147.126 0.052 0 0 0 0 1
147.178 0.052 0 0 0 0 1
147.228 0.05 0 0 0 0 1
147.28 0.05 0.002 0.002 0 0 1
147.332 0.052 0.002 0 0.002 0 1
147.38 0.05 0 0 0 0 1
147.432 0.05 0.002 0 0.002 0 1
147.48 0.048 0.002 0 0.002 0 1
147.53 0.05 0.002 0.002 0 0 1
147.58 0.05 0.002 0.002 0 0 1
147.63 0.05 0.002 0.002 0 0 1
147.68 0.05 0.002 0 0.002 0 1
147.73 0.05 0.002 0.002 0 0 1
147.78 0.05 0.002 0.002 0 0 1
147.958 0.178 0.002 0.002 0 0 1
147.97 0.012 0.002 0 0.002 0 1
148.02 0.05 0.002 0.002 0 0 1
148.072 0.052 0.002 0 0.002 0 1
148.12 0.046 0.004 0.002 0.002 0 1
148.17 0.052 0.002 0 0.002 0 1
148.22 0.05 0.002 0.002 0 0 1
148.272 0.052 0.002 0 0.002 0 1
148.322 0.05 0.002 0 0.002 0 1
148.372 0.05 0.002 0 0.002 0 1
148.422 0.05 0.002 0.002 0 0 1
148.472 0.05 0.002 0.002 0 0 1
148.522 0.05 0.002 0 0.002 0 1
148.566 0.044 0.002 0 0 0.002 1
148.616 0.05 0.002 0.002 0 0 1
148.668 0.052 0.002 0 0.002 0 1
148.716 0.048 0.002 0.002 0 0 1
148.912 0.19 0.008 0.006 0.002 0 1
148.962 0.056 0.002 0.002 0 0 1
149.012 0.052 0 0 0 0 1
149.064 0.05 0.002 0 0 0.002 1
149.114 0.05 0.002 0 0.002 0 1
149.158 0.042 0.004 0.002 0.002 0 1
149.208 0.052 0.002 0 0.002 0 1
149.258 0.05 0.002 0.002 0 0 1
149.31 0.052 0.002 0.002 0 0 1
149.358 0.048 0.002 0.002 0 0 1
149.406 0.05 0 0 0 0 1
149.458 0.05 0.002 0 0.002 0 1
149.506 0.05 0 0 0 0 1
149.554 0.046 0.002 0.002 0 0 1
149.604 0.05 0.002 0.002 0 0 1
149.654 0.05 0.002 0.002 0 0 1
149.704 0.05 0.002 0.002 0 0 1
149.754 0.05 0.002 0.002 0 0 1
149.804 0.05 0.002 0.002 0 0 1
149.85 0.048 0 0 0 0 1
149.904 0.052 0.002 0 0.002 0 1
149.948 0.044 0.002 0 0.002 0 1
149.998 0.05 0.002 0 0.002 0 1
150.048 0.05 0.002 0.002 0 0 1
150.098 0.05 0.002 0.002 0 0 1
150.148 0.05 0.002 0.002 0 0 1
150.196 0.05 0 0 0 0 1
150.242 0.044 0.002 0 0.002 0 1
150.29 0.05 0 0 0 0 1
150.34 0.05 0 0 0 0 1
150.39 0.05 0 0 0 0 1
150.442 0.05 0.002 0.002 0 0 1
150.488 0.046 0.002 0 0.002 0 1
150.696 0.208 0.002 0 0.002 0 1
150.724 0.03 0 0 0 0 1
150.778 0.052 0.002 0 0.002 0 1
150.826 0.048 0.002 0.002 0 0 1
150.878 0.052 0.002 0 0.002 0 1
150.922 0.046 0 0 0 0 1
150.974 0.052 0 0 0 0 1
151.026 0.05 0.002 0 0.002 0 1
151.07 0.046 0 0 0 0 1
151.12 0.05 0 0 0 0 1
151.17 0.05 0 0 0 0 1
151.222 0.052 0 0 0 0 1
151.274 0.05 0.002 0 0.002 0 1
151.322 0.048 0.002 0 0.002 0 1
151.364 0.042 0.002 0 0.002 0 1
151.412 0.05 0 0 0 0 1
151.462 0.048 0.002 0 0.002 0 1
151.514 0.052 0.002 0.002 0 0 1
151.564 0.05 0.002 0.002 0 0 1
151.612 0.05 0 0 0 0 1
151.662 0.05 0 0 0 0 1
151.8 0.136 0.002 0.002 0 0 1
151.844 0.044 0.002 0 0 0.002 1
151.886 0.042 0.002 0.002 0 0 1
151.938 0.052 0.002 0.002 0 0 1
151.99 0.052 0.002 0 0.002 0 1
152.04 0.05 0.002 0.002 0 0 1
152.09 0.052 0 0 0 0 1
152.136 0.044 0.002 0 0.002 0 1
152.184 0.05 0 0 0 0 1
152.236 0.05 0.002 0 0.002 0 1
152.286 0.05 0.002 0.002 0 0 1
152.332 0.046 0.002 0.002 0 0 1
152.382 0.052 0 0 0 0 1
152.436 0.052 0.002 0 0.002 0 1
152.486 0.05 0.002 0 0.002 0 1
152.536 0.05 0.002 0.002 0 0 1
152.584 0.05 0 0 0 0 1
152.634 0.05 0 0 0 0 1
152.686 0.05 0.002 0 0.002 0 1
152.73 0.046 0 0 0 0 1
152.784 0.052 0.002 0 0.002 0 1
152.928 0.144 0.002 0.002 0 0 1
152.974 0.044 0.004 0.002 0.002 0 1
153.024 0.052 0.002 0 0.002 0 1
153.074 0.052 0 0 0 0 1
153.124 0.05 0 0 0 0 1
153.176 0.05 0.002 0 0.002 0 1
153.226 0.05 0.002 0 0.002 0 1
153.272 0.046 0.002 0 0.002 0 1
153.322 0.052 0 0 0 0 1
153.374 0.05 0.002 0 0.002 0 1
153.424 0.05 0.002 0.002 0 0 1
153.47 0.048 0 0 0 0 1
153.516 0.046 0 0 0 0 1
153.568 0.05 0.002 0 0.002 0 1
153.616 0.05 0 0 0 0 1
153.666 0.048 0.002 0.002 0 0 1
153.712 0.046 0.002 0 0.002 0 1
153.76 0.05 0 0 0 0 1
153.812 0.05 0.002 0.002 0 0 1
153.862 0.052 0 0 0 0 1
153.91 0.046 0.002 0.002 0 0 1
153.96 0.05 0.002 0.002 0 0 1
154.006 0.046 0.002 0.002 0 0 1
154.046 0.04 0.002 0.002 0 0 1
154.096 0.05 0.002 0 0.002 0 1
154.146 0.05 0.002 0 0.002 0 1
154.196 0.05 0.002 0 0.002 0 1
154.246 0.05 0.002 0 0.002 0 1
154.296 0.05 0.002 0 0.002 0 1
154.346 0.05 0.002 0 0.002 0 1
154.394 0.05 0 0 0 0 1
154.446 0.05 0.002 0.002 0 0 1
154.496 0.05 0.002 0 0.002 0 1
154.544 0.05 0 0 0 0 1
154.588 0.044 0 0 0 0 1
154.638 0.05 0 0 0 0 1
154.808 0.168 0.002 0 0.002 0 1
154.818 0.01 0.002 0.002 0 0 1
154.87 0.05 0.004 0.002 0.002 0 1
154.922 0.054 0.002 0 0.002 0 1
154.972 0.05 0.002 0.002 0 0 1
155.016 0.046 0 0 0 0 1
155.068 0.05 0.002 0.002 0 0 1
155.12 0.052 0.002 0 0.002 0 1
155.17 0.05 0.002 0.002 0 0 1
155.22 0.05 0.002 0.002 0 0 1
155.272 0.05 0.004 0.002 0.002 0 1
155.32 0.052 0 0 0 0 1
155.37 0.05 0 0 0 0 1
155.412 0.042 0 0 0 0 1
155.462 0.05 0 0 0 0 1
155.516 0.052 0.002 0 0.002 0 1
155.738 0.222 0.002 0.002 0 0 1
155.742 0.004 0.002 0 0.002 0 1
155.796 0.056 0 0 0 0 1
155.85 0.052 0.002 0 0.002 0 1
155.902 0.054 0 0 0 0 1
155.954 0.05 0.002 0.002 0 0 1
156.006 0.052 0.002 0 0.002 0 1
156.058 0.052 0.002 0 0.002 0 1
156.106 0.05 0 0 0 0 1
156.154 0.048 0 0 0 0 1
156.208 0.052 0.002 0 0.002 0 1
156.258 0.05 0.002 0 0.002 0 1
156.302 0.046 0 0 0 0 1
156.356 0.052 0.002 0.002 0 0 1
156.404 0.05 0 0 0 0 1
156.452 0.046 0.002 0 0.002 0 1
156.498 0.048 0 0 0 0 1
156.544 0.046 0 0 0 0 1
156.592 0.046 0.002 0.002 0 0 1
156.642 0.052 0 0 0 0 1
156.814 0.17 0.002 0.002 0 0 1
156.826 0.01 0.004 0.002 0.002 0 1
156.876 0.054 0 0 0 0 1
156.926 0.05 0 0 0 0 1
156.978 0.052 0 0 0 0 1
157.03 0.052 0 0 0 0 1
157.078 0.048 0 0 0 0 1
157.13 0.05 0.002 0 0.002 0 1
157.178 0.05 0 0 0 0 1
157.23 0.052 0 0 0 0 1
157.282 0.05 0.002 0.002 0 0 1
157.332 0.052 0 0 0 0 1
157.382 0.048 0.002 0 0.002 0 1
157.43 0.05 0 0 0 0 1
157.482 0.05 0.002 0.002 0 0 1
157.528 0.046 0.002 0 0.002 0 1
157.572 0.046 0 0 0 0 1
157.622 0.05 0 0 0 0 1
157.674 0.05 0.002 0 0.002 0 1
157.724 0.05 0.002 0 0.002 0 1
157.766 0.042 0.002 0.002 0 0 1
157.814 0.05 0 0 0 0 1
157.864 0.05 0 0 0 0 1
157.916 0.05 0.002 0.002 0 0 1
157.964 0.05 0 0 0 0 1
158.016 0.05 0.002 0 0.002 0 1
158.066 0.05 0.002 0.002 0 0 1
158.114 0.05 0 0 0 0 1
158.162 0.046 0.002 0.002 0 0 1
158.212 0.05 0.002 0.002 0 0 1
158.26 0.05 0 0 0 0 1
158.312 0.05 0.002 0.002 0 0 1
158.362 0.05 0.002 0.002 0 0 1
158.41 0.048 0.002 0 0.002 0 1
158.562 0.152 0.002 0 0 0.002 1
158.576 0.014 0.002 0 0.002 0 1
158.624 0.048 0.002 0.002 0 0 1
158.674 0.052 0 0 0 0 1
158.728 0.052 0.002 0.002 0 0 1
158.772 0.046 0 0 0 0 1
158.824 0.052 0 0 0 0 1
158.87 0.046 0 0 0 0 1
158.922 0.052 0 0 0 0 1
158.976 0.052 0.002 0 0.002 0 1
159.022 0.046 0.002 0.002 0 0 1
159.074 0.052 0.002 0.002 0 0 1
159.114 0.04 0.002 0.002 0 0 1
159.164 0.052 0 0 0 0 1
159.218 0.05 0.004 0.002 0.002 0 1
159.266 0.05 0.002 0.002 0 0 1
159.314 0.05 0 0 0 0 1
159.366 0.052 0 0 0 0 1
159.416 0.05 0 0 0 0 1
159.466 0.048 0.002 0.002 0 0 1
159.516 0.05 0.002 0.002 0 0 1
159.566 0.05 0.002 0 0.002 0 1
159.616 0.05 0.002 0.002 0 0 1
159.666 0.05 0.002 0.002 0 0 1
159.716 0.05 0.002 0.002 0 0 1
159.766 0.05 0.002 0.002 0 0 1
159.816 0.05 0.002 0.002 0 0 1
159.866 0.05 0.002 0.002 0 0 1
159.914 0.05 0 0 0 0 1
159.966 0.05 0.002 0.002 0 0 1
160.01 0.046 0 0 0 0 1
160.062 0.05 0.002 0.002 0 0 1
160.112 0.05 0.002 0.002 0 0 1
160.16 0.048 0.002 0 0.002 0 1
160.308 0.148 0.002 0 0.002 0 1
160.318 0.012 0 0 0 0 1
160.374 0.054 0.002 0 0.002 0 1
160.428 0.054 0.002 0 0.002 0 1
160.482 0.054 0.002 0 0.002 0 1
160.532 0.052 0 0 0 0 1
160.584 0.05 0.002 0.002 0 0 1
160.634 0.052 0 0 0 0 1
160.686 0.05 0.002 0.002 0 0 1
160.736 0.05 0.002 0.002 0 0 1
160.786 0.05 0.002 0.002 0 0 1
160.838 0.052 0.002 0 0.002 0 1
160.888 0.05 0.002 0.002 0 0 1
160.936 0.05 0 0 0 0 1
160.984 0.048 0 0 0 0 1
161.034 0.05 0 0 0 0 1
161.084 0.05 0 0 0 0 1
161.136 0.05 0.002 0.002 0 0 1
161.186 0.052 0 0 0 0 1
161.372 0.184 0.002 0 0 0.002 1
161.386 0.014 0.002 0 0.002 0 1
161.43 0.046 0 0 0 0 1
161.484 0.052 0.002 0 0.002 0 1
161.534 0.05 0.002 0.002 0 0 1
161.584 0.052 0 0 0 0 1
161.632 0.048 0 0 0 0 1
161.682 0.05 0 0 0 0 1
161.732 0.05 0 0 0 0 1
161.78 0.048 0 0 0 0 1
161.83 0.05 0 0 0 0 1
161.882 0.052 0 0 0 0 1
161.932 0.05 0 0 0 0 1
161.98 0.048 0 0 0 0 1
162.028 0.048 0 0 0 0 1
162.074 0.044 0.002 0 0.002 0 1
162.118 0.046 0 0 0 0 1
162.3 0.18 0.002 0.002 0 0 1
162.302 0.002 0.002 0.002 0 0 1
162.352 0.052 0 0 0 0 1
162.404 0.052 0 0 0 0 1
162.458 0.052 0.002 0.002 0 0 1
162.512 0.054 0.002 0 0.002 0 1
162.56 0.048 0.002 0 0.002 0 1
162.61 0.052 0 0 0 0 1
162.66 0.05 0 0 0 0 1
162.71 0.05 0 0 0 0 1
162.76 0.05 0 0 0 0 1
162.81 0.05 0 0 0 0 1
162.856 0.046 0 0 0 0 1
162.904 0.046 0.002 0 0.002 0 1
162.946 0.044 0 0 0 0 1
162.998 0.05 0.002 0.002 0 0 1
163.044 0.048 0 0 0 0 1
163.098 0.05 0.004 0.002 0.002 0 1
163.144 0.05 0 0 0 0 1
163.186 0.042 0 0 0 0 1
163.244 0.054 0.004 0.002 0 0.002 1
163.292 0.05 0.002 0.002 0 0 1
163.342 0.05 0.002 0 0.002 0 1
163.388 0.048 0 0 0 0 1
163.438 0.05 0 0 0 0 1
163.486 0.046 0.002 0.002 0 0 1
163.538 0.052 0.002 0.002 0 0 1
163.586 0.05 0 0 0 0 1
163.638 0.052 0 0 0 0 1
163.69 0.05 0.002 0 0.002 0 1
163.738 0.048 0.002 0.002 0 0 1
163.79 0.052 0.002 0 0.002 0 1
163.84 0.05 0.002 0 0.002 0 1
163.888 0.048 0.002 0 0 0 1
163.934 0.048 0 0 0 0 1
164.108 0.172 0.002 0.002 0 0 1
164.116 0.008 0.002 0 0.002 0 1
164.166 0.052 0 0 0 0 1
164.22 0.05 0.004 0.002 0 0 1
164.27 0.052 0.002 0.002 0 0 1
164.318 0.05 0 0 0 0 1
164.364 0.044 0.002 0.002 0 0 1
164.416 0.052 0.002 0 0.002 0 1
164.466 0.052 0 0 0 0 1
164.512 0.044 0.002 0.002 0 0 1
164.564 0.052 0.002 0 0.002 0 1
164.614 0.05 0.002 0.002 0 0 1
164.664 0.05 0.002 0.002 0 0 1
164.71 0.042 0.006 0.006 0 0 1
164.758 0.054 0 0 0 0 1
164.814 0.056 0 0 0 0 1
164.862 0.046 0.002 0.002 0 0 1
164.914 0.052 0.002 0 0.002 0 1
164.962 0.05 0 0 0 0 1
165.012 0.048 0.002 0.002 0 0 1
165.064 0.052 0.002 0 0.002 0 1
165.114 0.05 0.002 0.002 0 0 1
165.164 0.05 0.002 0.002 0 0 1
165.214 0.052 0 0 0 0 1
165.26 0.046 0 0 0 0 1
165.312 0.05 0.002 0.002 0 0 1
165.356 0.046 0 0 0 0 1
165.406 0.048 0.002 0.002 0 0 1
165.456 0.05 0.002 0 0.002 0 1
165.504 0.05 0 0 0 0 1
165.554 0.05 0 0 0 0 1
165.602 0.048 0 0 0 0 1
165.656 0.052 0.002 0 0.002 0 1
165.704 0.05 0 0 0 0 1
165.754 0.05 0 0 0 0 1
165.804 0.048 0.002 0.002 0 0 1
165.96 0.158 0 0 0 0 1
165.99 0.028 0.002 0 0.002 0 1
166.04 0.05 0.002 0 0.002 0 1
166.088 0.048 0.002 0.002 0 0 1
166.138 0.052 0 0 0 0 1
166.188 0.05 0 0 0 0 1
166.238 0.048 0.002 0.002 0 0 1
166.29 0.052 0.002 0 0.002 0 1
166.34 0.05 0.002 0.002 0 0 1
166.388 0.048 0.002 0 0.002 0 1
166.438 0.05 0.002 0.002 0 0 1
166.486 0.048 0.002 0.002 0 0 1
166.536 0.052 0 0 0 0 1
166.586 0.048 0.002 0.002 0 0 1
166.636 0.052 0 0 0 0 1
166.686 0.048 0.002 0.002 0 0 1
166.736 0.052 0 0 0 0 1
166.784 0.048 0 0 0 0 1
166.832 0.046 0.002 0 0.002 0 1
167.02 0.19 0 0 0 0 1
167.062 0.04 0.002 0 0.002 0 1
167.11 0.048 0.002 0.002 0 0 1
167.16 0.05 0.002 0.002 0 0 1
167.21 0.05 0.002 0.002 0 0 1
167.262 0.052 0.002 0 0.002 0 1
167.3 0.04 0 0 0 0 1
167.356 0.054 0.002 0.002 0 0 1
167.406 0.05 0.002 0.002 0 0 1
167.448 0.042 0.002 0 0 0.002 1
167.49 0.044 0 0 0 0 1
167.54 0.048 0.002 0.002 0 0 1
167.59 0.052 0 0 0 0 1
167.638 0.048 0 0 0 0 1
167.682 0.044 0 0 0 0 1
167.736 0.052 0.002 0.002 0 0 1
167.788 0.052 0.002 0.002 0 0 1
167.834 0.048 0 0 0 0 1
167.886 0.05 0.002 0.002 0 0 1
167.938 0.052 0.002 0.002 0 0 1
168.078 0.142 0 0 0 0 1
168.12 0.042 0 0 0 0 1
168.17 0.048 0.002 0.002 0 0 1
168.22 0.05 0.002 0.002 0 0 1
168.27 0.05 0.002 0.002 0 0 1
168.322 0.052 0.002 0 0.002 0 1
168.374 0.052 0.002 0 0.002 0 1
168.422 0.05 0 0 0 0 1
168.474 0.05 0.002 0.002 0 0 1
168.522 0.05 0 0 0 0 1
168.574 0.052 0 0 0 0 1
168.626 0.05 0.002 0 0.002 0 1
168.674 0.05 0 0 0 0 1
168.726 0.05 0.002 0 0.002 0 1
168.766 0.042 0 0 0 0 1
168.818 0.05 0.002 0.002 0 0 1
168.866 0.05 0 0 0 0 1
168.918 0.048 0.004 0.002 0.002 0 1
168.966 0.052 0 0 0 0 1
169.016 0.048 0.002 0 0.002 0 1
169.174 0.158 0.002 0.002 0 0 1
169.2 0.024 0.004 0.002 0.002 0 1
169.248 0.05 0.002 0.002 0 0 1
169.294 0.046 0.002 0.002 0 0 1
169.346 0.052 0.002 0.002 0 0 1
169.398 0.052 0.002 0 0.002 0 1
169.448 0.05 0.002 0 0.002 0 1
169.49 0.044 0 0 0 0 1
169.548 0.058 0 0 0 0 1
169.596 0.048 0 0 0 0 1
169.646 0.05 0 0 0 0 1
169.696 0.048 0.002 0 0.002 0 1
169.744 0.048 0.002 0.002 0 0 1
169.794 0.05 0.002 0.002 0 0 1
169.844 0.05 0.002 0.002 0 0 1
169.894 0.052 0 0 0 0 1
169.94 0.046 0 0 0 0 1
169.992 0.05 0.002 0.002 0 0 1
170.042 0.052 0 0 0 0 1
170.088 0.044 0.002 0 0 0 1
170.136 0.05 0 0 0 0 1
170.19 0.052 0.002 0 0.002 0 1
170.234 0.044 0.002 0 0.002 0 1
170.28 0.048 0 0 0 0 1
170.334 0.052 0.002 0 0.002 0 1
170.382 0.05 0 0 0 0 1
170.432 0.048 0.002 0 0.002 0 1
170.48 0.05 0 0 0 0 1
170.53 0.05 0 0 0 0 1
170.582 0.05 0.002 0.002 0 0 1
170.632 0.05 0.002 0 0.002 0 1
170.676 0.044 0.002 0.002 0 0 1
170.72 0.046 0 0 0 0 1
170.772 0.052 0 0 0 0 1
170.92 0.146 0.002 0.002 0 0 1
170.948 0.03 0 0 0 0 1
171 0.052 0 0 0 0 1
171.05 0.048 0.002 0.002 0 0 1
171.104 0.052 0.004 0 0.004 0 1
171.154 0.054 0 0 0 0 1
171.206 0.05 0.002 0.002 0 0 1
171.252 0.048 0 0 0 0 1
171.304 0.05 0.002 0.002 0 0 1
171.352 0.048 0.002 0 0.002 0 1
171.402 0.05 0.002 0.002 0 0 1
171.452 0.052 0 0 0 0 1
171.502 0.05 0 0 0 0 1
171.554 0.05 0.002 0 0.002 0 1
171.604 0.05 0.002 0 0.002 0 1
171.65 0.048 0 0 0 0 1
171.696 0.046 0 0 0 0 1
171.748 0.052 0 0 0 0 1
171.8 0.05 0.002 0 0.002 0 1
171.85 0.05 0.002 0.002 0 0 1
171.902 0.052 0.002 0 0.002 0 1
172.108 0.208 0 0 0 0 1
172.124 0.016 0 0 0 0 1
172.182 0.056 0.002 0 0.002 0 1
172.236 0.054 0.002 0 0.002 0 1
172.288 0.052 0.002 0 0.002 0 1
172.34 0.052 0.002 0 0.002 0 1
172.386 0.046 0.002 0.002 0 0 1
172.44 0.056 0 0 0 0 1
172.49 0.05 0 0 0 0 1
172.54 0.05 0 0 0 0 1
172.592 0.05 0.002 0.002 0 0 1
172.644 0.05 0.004 0.002 0.002 0 1
172.692 0.052 0 0 0 0 1
172.746 0.05 0.004 0.002 0.002 0 1
172.794 0.05 0.002 0.002 0 0 1
173.014 0.22 0.002 0 0 0.002 1
173.038 0.024 0.002 0.002 0 0 1
173.086 0.05 0 0 0 0 1
173.138 0.05 0.002 0.002 0 0 1
173.186 0.05 0 0 0 0 1
173.236 0.05 0 0 0 0 1
173.284 0.046 0.002 0.002 0 0 1
173.334 0.052 0 0 0 0 1
173.382 0.046 0.002 0.002 0 0 1
173.432 0.05 0.002 0 0.002 0 1
173.482 0.05 0.002 0.002 0 0 1
173.53 0.048 0.002 0.002 0 0 1
173.578 0.05 0 0 0 0 1
173.63 0.05 0.002 0.002 0 0 1
173.68 0.05 0.002 0.002 0 0 1
173.726 0.046 0.002 0.002 0 0 1
173.774 0.05 0 0 0 0 1
173.826 0.05 0.002 0.002 0 0 1
174.032 0.206 0.002 0 0.002 0 1
174.062 0.03 0.002 0 0 0.002 1
174.108 0.048 0 0 0 0 1
174.158 0.048 0.002 0.002 0 0 1
174.21 0.052 0.002 0.002 0 0 1
174.262 0.052 0.002 0 0.002 0 1
174.308 0.048 0 0 0 0 1
174.356 0.046 0.002 0.002 0 0 1
174.402 0.046 0.002 0.002 0 0 1
174.452 0.052 0 0 0 0 1
174.506 0.05 0.004 0 0.004 0 1
174.554 0.052 0 0 0 0 1
174.604 0.05 0 0 0 0 1
174.656 0.052 0 0 0 0 1
174.708 0.05 0.002 0 0.002 0 1
174.758 0.05 0.002 0 0.002 0 1
174.81 0.05 0.004 0.002 0.002 0 1
174.858 0.05 0.002 0 0.002 0 1
174.9 0.044 0 0 0 0 1
174.952 0.05 0.002 0 0.002 0 1
175 0.05 0 0 0 0 1
175.05 0.05 0 0 0 0 1
175.102 0.052 0 0 0 0 1
175.154 0.05 0.002 0 0.002 0 1
175.194 0.042 0 0 0 0 1
175.244 0.05 0 0 0 0 1
175.296 0.05 0.002 0.002 0 0 1
175.344 0.05 0 0 0 0 1
175.394 0.05 0 0 0 0 1
175.444 0.048 0.002 0.002 0 0 1
175.496 0.052 0.002 0 0 0.002 1
175.546 0.05 0.002 0 0.002 0 1
175.592 0.048 0 0 0 0 1
175.646 0.052 0.002 0 0.002 0 1
175.82 0.174 0.002 0 0.002 0 1
175.832 0.012 0.002 0.002 0 0 1
175.882 0.05 0.002 0.002 0 0 1
175.932 0.05 0.002 0.002 0 0 1
175.976 0.044 0.002 0 0.002 0 1
176.028 0.046 0.008 0.002 0.002 0 1
176.076 0.054 0.002 0.002 0 0 1
176.122 0.046 0.002 0 0.002 0 1
176.172 0.05 0.002 0.002 0 0 1
176.214 0.042 0.002 0 0 0 1
176.264 0.05 0.002 0 0.002 0 1
176.316 0.05 0.004 0.002 0.002 0 1
176.364 0.052 0 0 0 0 1
176.414 0.048 0.002 0.002 0 0 1
176.46 0.046 0.002 0.002 0 0 1
176.512 0.052 0.002 0 0.002 0 1
176.564 0.052 0.002 0 0 0 1
176.614 0.05 0.002 0.002 0 0 1
176.66 0.048 0 0 0 0 1
176.714 0.052 0.002 0 0.002 0 1
176.908 0.194 0.002 0 0 0.002 1
176.952 0.044 0.002 0.002 0 0 1
177 0.05 0 0 0 0 1
177.048 0.048 0 0 0 0 1
177.1 0.05 0.002 0.002 0 0 1
177.152 0.052 0.002 0 0.002 0 1
177.202 0.05 0.002 0.002 0 0 1
177.25 0.05 0 0 0 0 1
177.302 0.052 0 0 0 0 1
177.354 0.05 0.002 0 0.002 0 1
177.404 0.05 0.002 0 0.002 0 1
177.452 0.05 0 0 0 0 1
177.504 0.05 0.002 0 0.002 0 1
177.554 0.05 0.002 0.002 0 0 1
177.606 0.052 0.002 0 0.002 0 1
177.654 0.048 0.002 0.002 0 0 1
177.702 0.05 0 0 0 0 1
177.75 0.046 0.002 0.002 0 0 1
177.798 0.05 0 0 0 0 1
177.842 0.044 0 0 0 0 1
178.008 0.164 0.002 0.002 0 0 1
178.014 0.008 0 0 0 0 1
178.064 0.05 0 0 0 0 1
178.114 0.05 0 0 0 0 1
178.16 0.044 0.002 0.002 0 0 1
178.21 0.05 0.002 0.002 0 0 1
178.262 0.05 0.004 0 0.002 0 1
178.304 0.044 0.002 0.002 0 0 1
178.342 0.038 0.002 0 0 0 1
178.394 0.052 0.002 0.002 0 0 1
178.442 0.048 0.002 0 0.002 0 1
178.494 0.052 0.002 0 0.002 0 1
178.544 0.05 0.002 0.002 0 0 1
178.596 0.05 0.004 0.002 0.002 0 1
178.648 0.054 0.002 0 0.002 0 1
178.696 0.05 0 0 0 0 1
178.748 0.05 0.002 0 0.002 0 1
178.798 0.05 0.002 0 0.002 0 1
178.846 0.05 0 0 0 0 1
179.058 0.212 0 0 0 0 1
179.084 0.024 0.002 0.002 0 0 1
179.134 0.05 0.002 0.002 0 0 1
179.184 0.05 0.002 0 0.002 0 1
179.234 0.052 0 0 0 0 1
179.286 0.05 0.002 0.002 0 0 1
179.332 0.048 0 0 0 0 1
179.386 0.052 0.002 0 0.002 0 1
179.434 0.048 0.002 0.002 0 0 1
179.484 0.052 0 0 0 0 1
179.534 0.05 0 0 0 0 1
179.584 0.05 0 0 0 0 1
179.638 0.052 0.002 0 0.002 0 1
179.686 0.05 0 0 0 0 1
179.736 0.05 0 0 0 0 1
179.786 0.05 0 0 0 0 1
179.834 0.048 0 0 0 0 1
179.888 0.052 0.002 0 0.002 0 1
179.922 0.036 0 0 0 0 1
179.97 0.048 0 0 0 0 1
180.01 0.038 0.002 0.002 0 0 1
180.064 0.056 0 0 0 0 1
180.114 0.05 0 0 0 0 1
180.164 0.05 0 0 0 0 1
180.222 0.054 0.004 0 0.004 0 1
180.274 0.054 0.002 0.002 0 0 1
180.326 0.054 0 0 0 0 1
180.376 0.05 0 0 0 0 1
180.43 0.052 0.002 0.002 0 0 1
180.48 0.052 0 0 0 0 1
180.532 0.05 0.002 0.002 0 0 1
180.578 0.046 0.002 0.002 0 0 1
180.628 0.052 0 0 0 0 1
180.836 0.206 0.002 0.002 0 0 1
180.866 0.03 0.002 0 0.002 0 1
180.912 0.046 0.002 0.002 0 0 1
180.964 0.052 0.002 0 0.002 0 1
181.012 0.05 0 0 0 0 1
181.062 0.05 0 0 0 0 1
181.112 0.05 0 0 0 0 1
181.158 0.046 0 0 0 0 1
181.21 0.05 0.002 0 0.002 0 1
181.26 0.05 0.002 0 0.002 0 1
181.31 0.05 0.002 0 0.002 0 1
181.356 0.048 0 0 0 0 1
181.408 0.05 0.002 0.002 0 0 1
181.458 0.05 0.002 0.002 0 0 1
181.508 0.05 0.002 0.002 0 0 1
181.554 0.048 0 0 0 0 1
181.604 0.05 0 0 0 0 1
181.652 0.048 0 0 0 0 1
181.702 0.05 0 0 0 0 1
181.754 0.05 0.002 0 0.002 0 1
181.932 0.178 0.002 0.002 0 0 1
181.934 0.002 0.002 0 0 0.002 1
181.986 0.054 0 0 0 0 1
182.038 0.05 0.002 0 0.002 0 1
182.086 0.05 0 0 0 0 1
182.142 0.054 0.002 0 0.002 0 1
182.192 0.05 0.002 0 0.002 0 1
182.24 0.05 0 0 0 0 1
182.292 0.05 0.002 0.002 0 0 1
182.342 0.052 0 0 0 0 1
182.394 0.052 0 0 0 0 1
182.446 0.05 0.002 0 0.002 0 1
182.494 0.05 0 0 0 0 1
182.54 0.046 0 0 0 0 1
182.59 0.048 0.002 0.002 0 0 1
182.638 0.05 0 0 0 0 1
182.846 0.204 0.004 0.002 0 0.002 1
182.872 0.03 0 0 0 0 1
182.924 0.05 0.002 0.002 0 0 1
182.972 0.048 0.002 0.002 0 0 1
183.022 0.052 0 0 0 0 1
183.074 0.05 0.002 0.002 0 0 1
183.124 0.05 0.002 0 0.002 0 1
183.174 0.05 0.002 0 0.002 0 1
183.216 0.042 0.002 0.002 0 0 1
183.266 0.05 0.002 0.002 0 0 1
183.318 0.052 0.002 0.002 0 0 1
183.37 0.052 0.002 0 0.002 0 1
183.422 0.052 0.002 0 0.002 0 1
183.472 0.05 0.002 0.002 0 0 1
183.524 0.052 0.002 0 0 0 1
183.572 0.048 0.002 0.002 0 0 1
183.624 0.052 0.002 0 0.002 0 1
183.67 0.046 0.002 0 0.002 0 1
183.72 0.05 0.002 0 0.002 0 1
183.77 0.05 0.002 0 0.002 0 1
183.82 0.05 0.002 0 0.002 0 1
183.87 0.05 0.002 0.002 0 0 1
183.918 0.05 0 0 0 0 1
183.966 0.046 0.002 0.002 0 0 1
184.016 0.05 0.002 0 0.002 0 1
184.066 0.05 0.002 0.002 0 0 1
184.116 0.05 0.002 0 0.002 0 1
184.166 0.05 0.002 0 0.002 0 1
184.208 0.044 0 0 0 0 1
184.258 0.05 0 0 0 0 1
184.308 0.048 0.002 0 0.002 0 1
184.356 0.048 0.002 0.002 0 0 1
184.408 0.052 0.002 0 0.002 0 1
184.592 0.184 0.002 0 0.002 0 1
184.64 0.048 0.002 0.002 0 0 1
184.694 0.054 0.002 0 0.002 0 1
184.746 0.052 0.002 0 0.002 0 1
184.796 0.05 0.002 0.002 0 0 1
184.848 0.052 0.002 0 0.002 0 1
184.896 0.05 0 0 0 0 1
184.942 0.046 0 0 0 0 1
184.996 0.052 0.002 0.002 0 0 1
185.046 0.05 0.002 0.002 0 0 1
185.096 0.052 0 0 0 0 1
185.148 0.05 0.002 0.002 0 0 1
185.198 0.052 0 0 0 0 1
185.25 0.05 0.002 0 0.002 0 1
185.3 0.05 0.002 0 0.002 0 1
185.344 0.044 0.002 0.002 0 0 1
185.394 0.05 0.002 0.002 0 0 1
185.444 0.05 0.002 0 0.002 0 1
185.494 0.05 0.002 0 0.002 0 1
185.67 0.176 0.002 0 0.002 0 1
185.674 0.004 0.002 0 0.002 0 1
185.722 0.05 0 0 0 0 1
185.772 0.048 0.002 0 0.002 0 1
185.816 0.044 0.002 0.002 0 0 1
185.868 0.052 0.002 0 0.002 0 1
185.918 0.05 0.002 0 0.002 0 1
185.964 0.048 0 0 0 0 1
186.016 0.05 0.002 0.002 0 0 1
186.066 0.05 0.002 0.002 0 0 1
186.11 0.044 0.002 0.002 0 0 1
186.16 0.05 0.002 0.002 0 0 1
186.21 0.05 0.002 0.002 0 0 1
186.26 0.05 0.002 0 0.002 0 1
186.306 0.046 0.002 0.002 0 0 1
186.354 0.05 0 0 0 0 1
186.408 0.052 0.002 0 0.002 0 1
186.62 0.212 0.002 0 0.002 0 1
186.638 0.02 0 0 0 0 1
186.692 0.052 0.002 0.002 0 0 1
186.75 0.058 0.002 0 0.002 0 1
186.794 0.044 0.002 0 0.002 0 1
186.842 0.048 0.002 0 0.002 0 1
186.894 0.052 0.002 0.002 0 0 1
186.946 0.05 0.004 0.002 0.002 0 1
186.996 0.052 0.002 0.002 0 0 1
187.044 0.048 0.002 0.002 0 0 1
187.094 0.05 0.002 0.002 0 0 1
187.146 0.052 0.002 0 0.002 0 1
187.194 0.05 0 0 0 0 1
187.244 0.05 0 0 0 0 1
187.296 0.05 0.002 0 0.002 0 1
187.344 0.048 0.002 0.002 0 0 1
187.498 0.154 0.002 0.002 0 0 1
187.52 0.024 0 0 0 0 1
187.568 0.044 0.004 0 0.004 0 1
187.612 0.048 0 0 0 0 1
187.668 0.052 0.004 0.002 0.002 0 1
187.718 0.052 0.002 0 0.002 0 1
187.768 0.052 0 0 0 0 1
187.822 0.052 0.002 0 0.002 0 1
187.874 0.05 0.004 0.002 0.002 0 1
187.922 0.052 0 0 0 0 1
187.976 0.052 0.002 0 0.002 0 1
188.026 0.05 0.002 0 0.002 0 1
188.07 0.044 0.002 0.002 0 0 1
188.122 0.052 0.002 0 0.002 0 1
188.172 0.05 0.002 0.002 0 0 1
188.224 0.052 0.002 0 0.002 0 1
188.272 0.05 0 0 0 0 1
188.44 0.166 0.002 0.002 0 0 1
188.448 0.008 0.002 0.002 0 0 1
188.502 0.054 0.002 0 0.002 0 1
188.554 0.052 0.002 0 0.002 0 1
188.606 0.052 0.002 0 0.002 0 1
188.648 0.042 0.002 0 0.002 0 1
188.698 0.05 0.002 0 0.002 0 1
188.75 0.052 0.002 0.002 0 0 1
188.798 0.048 0.002 0.002 0 0 1
188.848 0.052 0 0 0 0 1
188.9 0.05 0.002 0 0.002 0 1
188.95 0.05 0.002 0 0.002 0 1
189 0.05 0.002 0.002 0 0 1
189.05 0.05 0.002 0.002 0 0 1
189.098 0.05 0 0 0 0 1
189.15 0.05 0.002 0.002 0 0 1
189.342 0.188 0.006 0 0.006 0 1
189.384 0.048 0 0 0 0 1
189.434 0.05 0 0 0 0 1
189.484 0.048 0.002 0.002 0 0 1
189.536 0.052 0.002 0.002 0 0 1
189.588 0.052 0.002 0 0.002 0 1
189.638 0.05 0.002 0.002 0 0 1
189.686 0.048 0.002 0.002 0 0 1
189.734 0.048 0.002 0 0.002 0 1
189.784 0.05 0.002 0.002 0 0 1
189.836 0.052 0.002 0 0.002 0 1
189.884 0.05 0 0 0 0 1
189.938 0.052 0.002 0 0.002 0 1
189.984 0.048 0 0 0 0 1
190.032 0.046 0.002 0.002 0 0 1
190.084 0.052 0.002 0 0.002 0 1
190.128 0.044 0.002 0.002 0 0 1
190.18 0.052 0.002 0.002 0 0 1
190.232 0.052 0.002 0 0.002 0 1
190.282 0.05 0.002 0.002 0 0 1
190.332 0.052 0 0 0 0 1
190.384 0.05 0.002 0 0.002 0 1
190.434 0.05 0.002 0 0.002 0 1
190.484 0.05 0.002 0 0.002 0 1
190.532 0.048 0.002 0 0.002 0 1
190.582 0.05 0.002 0 0.002 0 1
190.632 0.05 0.002 0.002 0 0 1
190.678 0.048 0 0 0 0 1
190.73 0.05 0.002 0.002 0 0 1
190.782 0.052 0.002 0 0.002 0 1
190.832 0.048 0.004 0.002 0.002 0 1
190.88 0.052 0 0 0 0 1
190.932 0.05 0.002 0 0.002 0 1
190.98 0.048 0.002 0 0.002 0 1
191.204 0.226 0 0 0 0 1
191.22 0.012 0.004 0.002 0 0.002 1
191.27 0.054 0 0 0 0 1
191.322 0.052 0 0 0 0 1
191.374 0.05 0.002 0.002 0 0 1
191.424 0.052 0 0 0 0 1
191.474 0.05 0 0 0 0 1
191.526 0.05 0.002 0 0.002 0 1
191.576 0.05 0.002 0.002 0 0 1
191.624 0.05 0 0 0 0 1
191.674 0.05 0 0 0 0 1
191.728 0.052 0.002 0 0.002 0 1
191.774 0.046 0.002 0.002 0 0 1
191.824 0.05 0.002 0.002 0 0 1
191.876 0.052 0.002 0 0.002 0 1
191.924 0.05 0 0 0 0 1
191.976 0.05 0.002 0 0.002 0 1
192.02 0.046 0 0 0 0 1
192.07 0.048 0.002 0.002 0 0 1
192.122 0.052 0.002 0.002 0 0 1
192.33 0.206 0.004 0.004 0 0 1
192.348 0.022 0 0 0 0 1
192.402 0.052 0.002 0 0.002 0 1
192.45 0.048 0.002 0 0.002 0 1
192.5 0.052 0 0 0 0 1
192.552 0.052 0 0 0 0 1
192.604 0.052 0 0 0 0 1
192.656 0.05 0.002 0.002 0 0 1
192.706 0.05 0.002 0.002 0 0 1
192.748 0.042 0.002 0.002 0 0 1
192.796 0.05 0 0 0 0 1
192.848 0.05 0.002 0.002 0 0 1
192.898 0.052 0 0 0 0 1
192.948 0.05 0 0 0 0 1
192.998 0.05 0 0 0 0 1
193.048 0.05 0 0 0 0 1
193.098 0.048 0.002 0.002 0 0 1
193.148 0.05 0.002 0 0.002 0 1
193.198 0.05 0.002 0.002 0 0 1
193.248 0.05 0.002 0.002 0 0 1
193.296 0.048 0.002 0.002 0 0 1
193.346 0.05 0.002 0 0.002 0 1
193.396 0.05 0.002 0.002 0 0 1
193.446 0.05 0.002 0 0.002 0 1
193.494 0.05 0 0 0 0 1
193.546 0.05 0.002 0 0.002 0 1
193.594 0.05 0 0 0 0 1
193.646 0.05 0.002 0 0.002 0 1
193.694 0.05 0 0 0 0 1
193.746 0.05 0.002 0 0.002 0 1
193.784 0.04 0 0 0 0 1
193.832 0.048 0 0 0 0 1
193.88 0.048 0 0 0 0 1
194.05 0.17 0 0 0 0 1
194.094 0.042 0.002 0.002 0 0 1
194.146 0.054 0 0 0 0 1
194.196 0.05 0 0 0 0 1
194.248 0.052 0 0 0 0 1
194.3 0.05 0.002 0 0.002 0 1
194.35 0.052 0 0 0 0 1
194.404 0.052 0.002 0 0.002 0 1
194.452 0.05 0 0 0 0 1
194.504 0.05 0.002 0.002 0 0 1
194.556 0.052 0.002 0 0.002 0 1
194.606 0.05 0.002 0 0.002 0 1
194.656 0.05 0.002 0 0.002 0 1
194.706 0.05 0.002 0 0.002 0 1
194.756 0.05 0.002 0 0.002 0 1
194.804 0.05 0 0 0 0 1
194.956 0.148 0.004 0 0 0.004 1
194.984 0.03 0.002 0 0.002 0 1
195.036 0.052 0.002 0 0.002 0 1
195.086 0.05 0.002 0.002 0 0 1
195.136 0.052 0 0 0 0 1
195.186 0.05 0 0 0 0 1
195.234 0.048 0 0 0 0 1
195.278 0.042 0.002 0 0.002 0 1
195.324 0.048 0 0 0 0 1
195.376 0.05 0.002 0 0.002 0 1
195.424 0.05 0 0 0 0 1
195.474 0.05 0 0 0 0 1
195.524 0.05 0 0 0 0 1
195.576 0.05 0.002 0.002 0 0 1
195.624 0.05 0 0 0 0 1
195.676 0.05 0.002 0.002 0 0 1
195.726 0.05 0.002 0 0.002 0 1
195.768 0.044 0 0 0 0 1
195.818 0.05 0 0 0 0 1
196.01 0.19 0.002 0.002 0 0 1
196.048 0.038 0.002 0 0.002 0 1
196.096 0.05 0 0 0 0 1
196.15 0.052 0.002 0 0.002 0 1
196.2 0.05 0.002 0.002 0 0 1
196.252 0.052 0.002 0 0.002 0 1
196.302 0.05 0.002 0.002 0 0 1
196.354 0.052 0.002 0 0.002 0 1
196.404 0.05 0.002 0.002 0 0 1
196.454 0.05 0.002 0.002 0 0 1
196.504 0.052 0 0 0 0 1
196.554 0.048 0.002 0 0.002 0 1
196.604 0.048 0.004 0.004 0 0 1
196.654 0.052 0.002 0.002 0 0 1
196.704 0.05 0.002 0.002 0 0 1
196.752 0.048 0.002 0.002 0 0 1
196.93 0.178 0.002 0.002 0 0 1
196.934 0.006 0 0 0 0 1
196.98 0.044 0.002 0.002 0 0 1
197.03 0.052 0 0 0 0 1
197.082 0.05 0.002 0.002 0 0 1
197.13 0.048 0.002 0.002 0 0 1
197.18 0.05 0.002 0.002 0 0 1
197.228 0.05 0 0 0 0 1
197.28 0.05 0.002 0 0.002 0 1
197.33 0.05 0.002 0.002 0 0 1
197.38 0.052 0 0 0 0 1
197.43 0.048 0.002 0.002 0 0 1
197.478 0.05 0 0 0 0 1
197.528 0.048 0.002 0 0.002 0 1
197.576 0.05 0 0 0 0 1
197.628 0.052 0 0 0 0 1
197.68 0.05 0.002 0 0.002 0 1
197.73 0.05 0.002 0.002 0 0 1
197.78 0.052 0 0 0 0 1
197.956 0.172 0.004 0 0.004 0 1
197.962 0.006 0.004 0.002 0 0 1
198.014 0.054 0.002 0 0 0 1
198.066 0.052 0.002 0.002 0 0 1
198.12 0.052 0.004 0.002 0.002 0 1
198.17 0.05 0.004 0.004 0 0 1
198.222 0.054 0.002 0.002 0 0 1
198.274 0.052 0.002 0 0.002 0 1
198.32 0.046 0.002 0.002 0 0 1
198.37 0.052 0 0 0 0 1
198.416 0.046 0 0 0 0 1
198.47 0.05 0.004 0.002 0.002 0 1
198.518 0.052 0 0 0 0 1
198.57 0.05 0.002 0.002 0 0 1
198.62 0.05 0.002 0.002 0 0 1
198.662 0.044 0 0 0 0 1
198.712 0.05 0 0 0 0 1
198.756 0.042 0.002 0.002 0 0 1
198.81 0.054 0.002 0.002 0 0 1
198.86 0.052 0 0 0 0 1
199.012 0.15 0.002 0 0.002 0 1
199.054 0.044 0 0 0 0 1
199.108 0.052 0.002 0.002 0 0 1
199.16 0.054 0 0 0 0 1
199.212 0.05 0.002 0.002 0 0 1
199.264 0.052 0.002 0 0.002 0 1
199.308 0.046 0 0 0 0 1
199.358 0.048 0.002 0.002 0 0 1
199.404 0.048 0 0 0 0 1
199.456 0.052 0 0 0 0 1
199.498 0.042 0 0 0 0 1
199.552 0.05 0.004 0.002 0.002 0 1
199.602 0.052 0.002 0.002 0 0 1
199.65 0.05 0 0 0 0 1
199.69 0.04 0 0 0 0 1
199.744 0.052 0.002 0 0.002 0 1
199.786 0.044 0 0 0 0 1
199.838 0.052 0 0 0 0 1
199.888 0.05 0 0 0 0 1
199.938 0.05 0 0 0 0 1
200.108 0.166 0.004 0 0.004 0 1
200.12 0.014 0.002 0.002 0 0 1
200.17 0.05 0.002 0.002 0 0 1
200.222 0.052 0.002 0.002 0 0 1
200.274 0.052 0.002 0 0.002 0 1
200.324 0.05 0.002 0.002 0 0 1
200.376 0.05 0.004 0.002 0 0.002 1
200.426 0.052 0.002 0 0.002 0 1
200.476 0.05 0.002 0 0.002 0 1
200.524 0.05 0 0 0 0 1
200.574 0.05 0 0 0 0 1
200.624 0.048 0.002 0.002 0 0 1
200.674 0.05 0.002 0.002 0 0 1
200.72 0.048 0 0 0 0 1
200.77 0.048 0.002 0.002 0 0 1
200.814 0.046 0 0 0 0 1
200.86 0.044 0.002 0 0.002 0 1
200.906 0.048 0 0 0 0 1
200.956 0.05 0 0 0 0 1
201.004 0.046 0.002 0 0.002 0 1
201.058 0.054 0.002 0.002 0 0 1
201.25 0.192 0.002 0.002 0 0 1
201.288 0.04 0 0 0 0 1
201.342 0.054 0 0 0 0 1
201.388 0.046 0 0 0 0 1
201.438 0.048 0.002 0 0.002 0 1
201.488 0.052 0 0 0 0 1
201.538 0.05 0 0 0 0 1
201.592 0.052 0.002 0 0.002 0 1
201.644 0.052 0.002 0 0.002 0 1
201.694 0.05 0.002 0.002 0 0 1
201.744 0.05 0.002 0.002 0 0 1
201.792 0.05 0 0 0 0 1
201.846 0.052 0.002 0 0.002 0 1
201.89 0.046 0 0 0 0 1
201.94 0.05 0 0 0 0 1
201.994 0.05 0.004 0.002 0.002 0 1
202.044 0.052 0.002 0 0.002 0 1
202.094 0.05 0.002 0 0.002 0 1
202.14 0.046 0.002 0.002 0 0 1
202.322 0.184 0 0 0 0 1
202.33 0.008 0 0 0 0 1
202.38 0.05 0 0 0 0 1
202.432 0.05 0.002 0.002 0 0 1
202.482 0.05 0.002 0 0.002 0 1
202.528 0.046 0.002 0 0.002 0 1
202.58 0.052 0.002 0.002 0 0 1
202.632 0.052 0.002 0.002 0 0 1
202.684 0.052 0.002 0 0.002 0 1
202.734 0.05 0.002 0.002 0 0 1
202.784 0.052 0 0 0 0 1
202.836 0.05 0.002 0 0.002 0 1
202.876 0.042 0 0 0 0 1
202.928 0.05 0.002 0.002 0 0 1
202.978 0.05 0.002 0 0.002 0 1
203.026 0.05 0 0 0 0 1
203.072 0.044 0.002 0.002 0 0 1
203.12 0.05 0 0 0 0 1
203.17 0.05 0 0 0 0 1
203.216 0.044 0.002 0 0.002 0 1
203.378 0.162 0.002 0 0 0.002 1
203.388 0.01 0.002 0.002 0 0 1
203.44 0.052 0.002 0.002 0 0 1
203.492 0.052 0.002 0.002 0 0 1
203.544 0.052 0.002 0 0.002 0 1
203.588 0.044 0.002 0.002 0 0 1
203.64 0.05 0.004 0.002 0.002 0 1
203.69 0.054 0 0 0 0 1
203.74 0.05 0 0 0 0 1
203.79 0.05 0 0 0 0 1
203.84 0.05 0 0 0 0 1
203.89 0.05 0 0 0 0 1
203.942 0.05 0.002 0.002 0 0 1
203.992 0.05 0.002 0.002 0 0 1
204.042 0.05 0.002 0.002 0 0 1
204.092 0.05 0.002 0.002 0 0 1
204.142 0.052 0 0 0 0 1
204.192 0.048 0.002 0.002 0 0 1
204.24 0.046 0.004 0 0.004 0 1
204.434 0.196 0.002 0 0 0.002 1
204.474 0.042 0 0 0 0 1
204.526 0.052 0 0 0 0 1
204.58 0.052 0.002 0 0 0.002 1
204.632 0.052 0.002 0 0.002 0 1
204.68 0.05 0 0 0 0 1
204.734 0.052 0.002 0.002 0 0 1
204.782 0.05 0 0 0 0 1
204.834 0.05 0.002 0.002 0 0 1
204.882 0.05 0 0 0 0 1
204.936 0.052 0.002 0 0.002 0 1
204.982 0.046 0.002 0.002 0 0 1
205.03 0.05 0 0 0 0 1
205.082 0.05 0.002 0 0.002 0 1
205.13 0.05 0 0 0 0 1
205.18 0.05 0 0 0 0 1
205.23 0.05 0 0 0 0 1
205.284 0.05 0.004 0.002 0.002 0 1
205.33 0.046 0.004 0.004 0 0 1
205.38 0.054 0 0 0 0 1
205.432 0.05 0.002 0.002 0 0 1
205.62 0.188 0.002 0.002 0 0 1
205.664 0.044 0.002 0.002 0 0 1
205.716 0.052 0.002 0.002 0 0 1
205.766 0.05 0.002 0.002 0 0 1
205.818 0.052 0.002 0.002 0 0 1
205.87 0.052 0.002 0 0.002 0 1
205.92 0.05 0.002 0 0.002 0 1
205.97 0.05 0.002 0.002 0 0 1
206.02 0.05 0.002 0.002 0 0 1
206.07 0.052 0 0 0 0 1
206.12 0.048 0.002 0.002 0 0 1
206.168 0.05 0 0 0 0 1
206.22 0.05 0.002 0 0.002 0 1
206.262 0.044 0 0 0 0 1
206.314 0.05 0.002 0.002 0 0 1
206.358 0.044 0.002 0 0.002 0 1
206.406 0.05 0 0 0 0 1
206.456 0.048 0.002 0 0.002 0 1
206.504 0.048 0.002 0 0.002 0 1
206.668 0.164 0.002 0 0.002 0 1
206.68 0.008 0.006 0 0.002 0.002 1
206.722 0.048 0 0 0 0 1
206.772 0.05 0 0 0 0 1
206.824 0.05 0.002 0 0.002 0 1
206.872 0.05 0 0 0 0 1
206.924 0.052 0 0 0 0 1
206.974 0.05 0 0 0 0 1
207.026 0.05 0.002 0 0.002 0 1
207.076 0.05 0.002 0.002 0 0 1
207.126 0.052 0 0 0 0 1
207.178 0.05 0.002 0.002 0 0 1
207.228 0.05 0.002 0 0 0.002 1
207.278 0.05 0.002 0 0.002 0 1
207.328 0.05 0.002 0.002 0 0 1
207.378 0.05 0.002 0.002 0 0 1
207.428 0.05 0.002 0 0.002 0 1
207.478 0.05 0.002 0.002 0 0 1
207.526 0.048 0.002 0.002 0 0 1
207.578 0.052 0.002 0 0.002 0 1
207.628 0.05 0.002 0 0.002 0 1
207.676 0.05 0 0 0 0 1
207.812 0.132 0.004 0.002 0 0.002 1
207.824 0.016 0 0 0 0 1
207.876 0.05 0.002 0.002 0 0 1
207.93 0.054 0.002 0.002 0 0 1
207.982 0.052 0.002 0.002 0 0 1
208.028 0.046 0.002 0 0.002 0 1
208.078 0.052 0 0 0 0 1
208.13 0.05 0.002 0.002 0 0 1
208.18 0.05 0.002 0.002 0 0 1
208.224 0.044 0.002 0 0.002 0 1
208.27 0.048 0 0 0 0 1
208.324 0.052 0.002 0 0.002 0 1
208.372 0.05 0 0 0 0 1
208.424 0.052 0 0 0 0 1
208.472 0.046 0.002 0 0.002 0 1
208.52 0.048 0.002 0 0.002 0 1
208.57 0.05 0.002 0 0.002 0 1
208.616 0.048 0 0 0 0 1
208.668 0.052 0 0 0 0 1
208.716 0.048 0 0 0 0 1
208.876 0.158 0.002 0 0 0.002 1
208.898 0.022 0.002 0.002 0 0 1
208.948 0.052 0 0 0 0 1
208.998 0.05 0 0 0 0 1
209.05 0.052 0 0 0 0 1
209.1 0.05 0 0 0 0 1
209.148 0.046 0.002 0.002 0 0 1
209.194 0.048 0 0 0 0 1
209.248 0.052 0.002 0 0.002 0 1
209.288 0.042 0 0 0 0 1
209.334 0.044 0.002 0 0.002 0 1
209.388 0.054 0.002 0.002 0 0 1
209.44 0.054 0 0 0 0 1
209.494 0.052 0.002 0 0.002 0 1
209.544 0.052 0 0 0 0 1
209.596 0.05 0.002 0.002 0 0 1
209.644 0.05 0 0 0 0 1
209.696 0.052 0 0 0 0 1
209.746 0.05 0 0 0 0 1
209.798 0.05 0.002 0.002 0 0 1
209.846 0.048 0.002 0.002 0 0 1
209.896 0.052 0 0 0 0 1
209.948 0.05 0.002 0.002 0 0 1
209.998 0.05 0.002 0.002 0 0 1
210.048 0.05 0.002 0.002 0 0 1
210.098 0.052 0 0 0 0 1
210.15 0.05 0.002 0 0 0.002 1
210.2 0.048 0.004 0.002 0.002 0 1
210.25 0.052 0.002 0 0.002 0 1
210.298 0.05 0 0 0 0 1
210.344 0.046 0 0 0 0 1
210.396 0.05 0.002 0 0.002 0 1
210.444 0.05 0 0 0 0 1
210.65 0.204 0.002 0.002 0 0 1
210.704 0.054 0.002 0 0.002 0 1
210.754 0.052 0 0 0 0 1
210.806 0.052 0 0 0 0 1
210.858 0.05 0.002 0 0.002 0 1
210.908 0.05 0.002 0 0.002 0 1
210.958 0.05 0.002 0.002 0 0 1
211.01 0.052 0.002 0 0.002 0 1
211.05 0.04 0.002 0.002 0 0 1
211.102 0.052 0.002 0 0.002 0 1
211.15 0.05 0 0 0 0 1
211.198 0.048 0 0 0 0 1
211.248 0.048 0.002 0.002 0 0 1
211.296 0.048 0.002 0.002 0 0 1
211.346 0.05 0.002 0 0.002 0 1
211.394 0.05 0 0 0 0 1
211.444 0.048 0.002 0.002 0 0 1
211.496 0.052 0.002 0 0.002 0 1
211.542 0.046 0.002 0 0.002 0 1
211.59 0.05 0 0 0 0 1
211.64 0.05 0 0 0 0 1
211.688 0.046 0.002 0.002 0 0 1
211.74 0.052 0.002 0 0.002 0 1
211.79 0.05 0.002 0.002 0 0 1
211.842 0.052 0.002 0 0.002 0 1
211.892 0.05 0.002 0 0.002 0 1
211.942 0.05 0.002 0 0 0.002 1
211.992 0.05 0.002 0.002 0 0 1
212.04 0.046 0.004 0 0 0 1
212.08 0.044 0 0 0 0 1
212.134 0.054 0 0 0 0 1
212.186 0.05 0.002 0.002 0 0 1
212.236 0.05 0.002 0.002 0 0 1
212.452 0.216 0.002 0.002 0 0 1
212.454 0.002 0.002 0 0.002 0 1
212.474 0.02 0.002 0 0.002 0 1
212.53 0.058 0 0 0 0 1
212.58 0.048 0.002 0.002 0 0 1
212.632 0.054 0 0 0 0 1
212.684 0.052 0 0 0 0 1
212.73 0.046 0 0 0 0 1
212.78 0.046 0.004 0 0.002 0 1
212.828 0.052 0 0 0 0 1
212.88 0.05 0.002 0.002 0 0 1
212.93 0.048 0.004 0.002 0.002 0 1
212.978 0.052 0 0 0 0 1
213.03 0.05 0.002 0.002 0 0 1
213.082 0.052 0.002 0 0.002 0 1
213.264 0.184 0 0 0 0 1
213.268 0.004 0 0 0 0 1
213.32 0.05 0.002 0 0 0.002 1
213.372 0.054 0 0 0 0 1
213.428 0.052 0.004 0.002 0.002 0 1
213.478 0.052 0.002 0.002 0 0 1
213.53 0.052 0.002 0.002 0 0 1
