23.862 23.072 0.79 0.002 0.786 0 1
24.634 0.79 0.772 0 0.77 0.002 1
25.486 0.806 0.818 0.002 0.816 0 1
26.27 0.818 0.784 0.002 0.778 0.004 1
26.83 0.826 0.518 0 0.518 0 1
27.37 0.518 0.54 0 0.54 0 1
27.92 0.576 0.514 0.002 0.512 0 1
28.44 0.514 0.52 0.002 0.518 0 1
28.964 0.554 0.49 0 0.49 0 1
29.484 0.49 0.52 0.002 0.518 0 1
30.032 0.554 0.514 0.002 0.512 0 1
30.526 0.514 0.494 0.002 0.492 0 1
31.062 0.532 0.498 0 0.496 0.002 2
31.57 0.498 0.508 0.004 0.504 0 2
32.114 0.548 0.504 0.004 0.5 0 2
32.67 0.546 0.514 0.014 0.5 0 5
33.176 0.514 0.506 0.006 0.5 0 2
33.692 0.506 0.516 0.008 0.508 0 2
34.23 0.556 0.498 0.006 0.492 0 2
34.77 0.498 0.54 0.008 0.532 0 2
35.336 0.58 0.526 0.004 0.522 0 2
35.852 0.526 0.516 0.006 0.508 0.002 2
36.378 0.548 0.494 0.004 0.49 0 2
36.864 0.494 0.486 0.004 0.48 0.002 2
37.406 0.526 0.502 0.006 0.496 0 2
37.924 0.502 0.518 0.004 0.514 0 2
38.452 0.568 0.478 0.004 0.474 0 2
38.966 0.478 0.514 0.006 0.508 0 2
39.544 0.572 0.52 0.004 0.516 0 2
40.034 0.52 0.49 0.006 0.484 0 2
40.594 0.538 0.512 0.002 0.51 0 2
41.112 0.512 0.518 0.004 0.514 0 2
41.636 0.518 0.524 0.006 0.518 0 2
42.178 0.574 0.492 0.004 0.488 0 2
42.668 0.492 0.49 0.006 0.484 0 2
43.194 0.542 0.474 0.006 0.468 0 2
43.676 0.474 0.482 0.008 0.474 0 2
44.182 0.534 0.454 0.006 0.448 0 2
44.59 0.454 0.408 0.01 0.398 0 2
45.056 0.464 0.41 0.008 0.402 0 2
45.448 0.41 0.392 0.006 0.386 0 2
45.9 0.45 0.394 0.006 0.388 0 2
46.25 0.394 0.35 0.006 0.344 0 2
46.658 0.41 0.348 0.004 0.344 0 2
47 0.348 0.342 0.006 0.336 0 2
47.364 0.342 0.364 0.006 0.358 0 2
47.94 0.428 0.512 0.004 0.508 0 2
48.444 0.512 0.504 0.002 0.502 0 2
49 0.56 0.5 0.006 0.492 0.002 2
49.472 0.5 0.472 0.006 0.466 0 2
50.028 0.528 0.5 0.004 0.496 0 2
50.51 0.5 0.482 0.008 0.474 0 2
50.98 0.482 0.47 0.004 0.466 0 2
51.536 0.536 0.49 0.008 0.482 0 2
51.818 0.49 0.282 0.01 0.272 0 9
52.17 0.336 0.298 0.014 0.284 0 9
52.656 0.298 0.486 0.002 0.484 0 2
53.148 0.486 0.492 0.004 0.488 0 2
53.722 0.542 0.524 0.006 0.518 0 3
54.236 0.524 0.514 0.004 0.51 0 3
54.736 0.514 0.5 0.006 0.494 0 3
55.454 0.564 0.654 0 0.654 0 1
56.118 0.654 0.664 0.004 0.66 0 1
56.854 0.746 0.654 0.002 0.652 0 1
57.512 0.654 0.658 0 0.658 0 1
58.264 0.728 0.682 0 0.68 0 1
59.022 0.754 0.686 0.002 0.684 0 1
59.742 0.688 0.718 0.002 0.716 0 1
60.532 0.784 0.724 0.004 0.72 0 1
61.278 0.726 0.744 0.002 0.742 0 1
62.082 0.796 0.752 0.002 0.75 0 1
62.796 0.752 0.714 0.004 0.71 0 1
63.61 0.796 0.732 0.002 0.73 0 1
64.296 0.732 0.686 0.004 0.68 0.002 1
65.078 0.746 0.722 0.004 0.718 0 1
65.8 0.722 0.722 0.004 0.716 0.002 1
66.514 0.722 0.714 0.002 0.71 0.002 1
67.29 0.798 0.692 0.004 0.688 0 1
68 0.692 0.71 0.002 0.708 0 1
68.774 0.784 0.7 0 0.7 0 1
69.528 0.764 0.69 0.002 0.688 0 1
70.232 0.692 0.702 0.002 0.7 0 1
71.03 0.778 0.722 0.002 0.72 0 1
71.724 0.722 0.694 0.002 0.692 0 1
72.292 0.768 0.494 0 0.494 0 1
72.97 0.496 0.676 0.004 0.672 0 1
73.678 0.676 0.708 0.004 0.704 0 1
74.374 0.708 0.696 0.002 0.694 0 1
74.928 0.758 0.492 0.002 0.49 0 1
75.438 0.492 0.51 0.002 0.506 0.002 1
76.2 0.582 0.69 0.002 0.688 0 1
76.862 0.69 0.662 0.002 0.66 0 1
77.658 0.736 0.722 0.004 0.718 0 1
78.454 0.79 0.728 0.004 0.724 0 1
79.136 0.728 0.682 0 0.682 0 1
79.902 0.76 0.688 0.002 0.686 0 1
80.522 0.688 0.62 0.002 0.618 0 1
81.326 0.702 0.722 0.004 0.718 0 1
82.018 0.722 0.692 0.004 0.688 0 1
82.806 0.78 0.7 0.002 0.698 0 1
83.48 0.7 0.674 0.002 0.672 0 1
84.17 0.674 0.69 0.002 0.688 0 1
84.932 0.766 0.686 0.002 0.684 0 1
85.616 0.686 0.684 0.002 0.682 0 1
86.26 0.684 0.644 0.002 0.642 0 1
86.776 0.716 0.444 0 0.444 0 1
87.214 0.444 0.438 0.002 0.436 0 1
87.696 0.518 0.402 0.002 0.4 0 1
88.104 0.402 0.408 0 0.408 0 1
88.488 0.408 0.384 0 0.384 0 1
88.886 0.384 0.398 0 0.398 0 1
89.25 0.472 0.29 0 0.29 0 1
89.55 0.29 0.3 0 0.3 0 1
89.942 0.384 0.308 0 0.308 0 1
90.192 0.308 0.25 0.002 0.248 0 1
90.556 0.324 0.29 0.002 0.288 0 1
90.788 0.29 0.232 0 0.232 0 1
91.114 0.31 0.248 0 0.248 0 1
91.332 0.248 0.218 0 0.218 0 1
91.628 0.3 0.214 0 0.214 0 1
91.826 0.214 0.198 0 0.198 0 1
91.996 0.198 0.17 0 0.17 0 1
92.248 0.248 0.174 0.002 0.172 0 1
92.412 0.174 0.164 0 0.164 0 1
92.562 0.164 0.15 0 0.15 0 1
92.718 0.15 0.156 0 0.156 0 1
92.882 0.156 0.164 0 0.164 0 1
93.042 0.164 0.16 0 0.16 0 1
93.212 0.16 0.17 0.002 0.166 0.002 1
93.38 0.17 0.168 0 0.168 0 1
93.526 0.168 0.146 0 0.146 0 1
93.786 0.23 0.176 0 0.176 0 1
93.83 0.176 0.044 0 0.042 0.002 1
93.884 0.044 0.054 0 0.054 0 1
93.936 0.054 0.052 0 0.052 0 1
93.982 0.052 0.046 0 0.046 0 1
94.018 0.046 0.036 0.002 0.034 0 1
94.13 0.112 0.036 0.002 0.034 0 1
94.134 0.038 0.002 0.002 0 0 1
94.158 0.024 0.002 0 0.002 0 1
94.214 0.056 0.002 0 0.002 0 1
94.256 0.044 0 0 0 0 1
94.31 0.054 0 0 0 0 1
94.36 0.05 0 0 0 0 1
94.402 0.04 0.002 0 0.002 0 1
94.45 0.05 0 0 0 0 1
94.498 0.046 0.002 0 0.002 0 1
94.546 0.048 0.002 0 0.002 0 1
94.594 0.05 0 0 0 0 1
94.648 0.05 0.004 0.002 0 0.002 1
94.754 0.11 0 0 0 0 1
94.778 0.022 0.002 0.002 0 0 1
94.832 0.054 0.002 0 0.002 0 1
94.884 0.052 0.002 0 0.002 0 1
94.928 0.044 0.002 0 0.002 0 1
94.976 0.05 0 0 0 0 1
95.03 0.052 0.002 0 0.002 0 1
95.076 0.048 0 0 0 0 1
95.13 0.052 0.002 0 0 0.002 1
95.174 0.046 0 0 0 0 1
95.226 0.05 0.002 0.002 0 0 1
95.278 0.052 0.002 0.002 0 0 1
95.326 0.05 0 0 0 0 1
95.372 0.046 0 0 0 0 1
95.466 0.092 0.002 0 0.002 0 1
95.504 0.038 0.002 0.002 0 0 1
95.552 0.05 0 0 0 0 1
95.606 0.052 0.002 0 0.002 0 1
95.66 0.054 0.002 0 0.002 0 1
95.71 0.05 0.002 0 0.002 0 1
95.756 0.046 0.002 0 0.002 0 1
95.808 0.052 0.002 0 0.002 0 1
95.854 0.048 0 0 0 0 1
95.908 0.052 0.002 0 0.002 0 1
95.956 0.048 0.002 0.002 0 0 1
96 0.046 0 0 0 0 1
96.048 0.048 0 0 0 0 1
96.1 0.052 0 0 0 0 1
96.164 0.064 0 0 0 0 1
96.194 0.03 0 0 0 0 1
96.248 0.054 0 0 0 0 1
96.288 0.038 0.002 0 0.002 0 1
96.336 0.05 0 0 0 0 1
96.37 0.034 0 0 0 0 1
96.418 0.048 0 0 0 0 1
96.47 0.052 0 0 0 0 1
96.518 0.048 0 0 0 0 1
96.566 0.048 0 0 0 0 1
96.608 0.042 0 0 0 0 1
96.662 0.054 0 0 0 0 1
96.714 0.052 0 0 0 0 1
96.76 0.046 0 0 0 0 1
96.868 0.106 0.002 0 0.002 0 1
96.884 0.018 0 0 0 0 1
96.932 0.048 0 0 0 0 1
96.976 0.042 0.002 0.002 0 0 1
97.03 0.056 0 0 0 0 1
97.08 0.048 0.002 0 0.002 0 1
97.132 0.052 0.002 0.002 0 0 1
97.184 0.052 0.002 0.002 0 0 1
97.234 0.052 0 0 0 0 1
97.286 0.052 0 0 0 0 1
97.338 0.05 0.002 0 0.002 0 1
97.382 0.046 0 0 0 0 1
97.426 0.044 0 0 0 0 1
97.476 0.05 0 0 0 0 1
97.528 0.05 0.002 0 0.002 0 1
97.576 0.05 0 0 0 0 1
97.7 0.122 0.002 0 0 0.002 1
97.718 0.02 0 0 0 0 1
97.77 0.048 0.004 0.002 0 0.002 1
97.818 0.052 0 0 0 0 1
97.872 0.052 0.002 0 0.002 0 1
97.922 0.05 0.002 0 0.002 0 1
97.962 0.042 0 0 0 0 1
98.014 0.052 0 0 0 0 1
98.066 0.05 0.002 0 0.002 0 1
98.118 0.052 0.002 0 0.002 0 1
98.164 0.048 0 0 0 0 1
98.214 0.05 0 0 0 0 1
98.266 0.05 0.002 0 0 0 1
98.318 0.052 0.002 0 0 0.002 1
98.366 0.05 0 0 0 0 1
98.412 0.046 0 0 0 0 1
98.462 0.05 0 0 0 0 1
98.514 0.052 0 0 0 0 1
98.56 0.046 0 0 0 0 1
98.612 0.05 0.002 0 0.002 0 1
98.66 0.05 0 0 0 0 1
98.71 0.05 0 0 0 0 1
98.758 0.048 0 0 0 0 1
98.808 0.048 0.002 0 0.002 0 1
98.854 0.048 0 0 0 0 1
98.902 0.046 0.002 0 0.002 0 1
98.95 0.05 0 0 0 0 1
99 0.05 0 0 0 0 1
99.052 0.05 0.002 0 0.002 0 1
99.1 0.05 0 0 0 0 1
99.15 0.048 0.002 0 0.002 0 1
99.192 0.044 0 0 0 0 1
99.284 0.09 0.002 0 0 0.002 1
99.284 0.002 0 0 0 0 1
99.33 0.046 0 0 0 0 1
99.384 0.054 0 0 0 0 1
99.436 0.052 0 0 0 0 1
99.484 0.046 0.002 0 0.002 0 1
99.534 0.052 0 0 0 0 1
99.586 0.052 0 0 0 0 1
99.63 0.042 0.002 0 0.002 0 1
99.678 0.05 0 0 0 0 1
99.726 0.048 0 0 0 0 1
99.778 0.05 0.002 0 0.002 0 1
99.828 0.052 0 0 0 0 1
99.878 0.048 0.002 0.002 0 0 1
99.922 0.046 0 0 0 0 1
99.972 0.05 0 0 0 0 1
100.024 0.05 0.002 0 0.002 0 1
100.074 0.05 0.002 0 0.002 0 1
100.122 0.05 0 0 0 0 1
100.176 0.054 0 0 0 0 1
100.226 0.048 0.002 0 0.002 0 1
100.276 0.052 0 0 0 0 1
100.32 0.044 0 0 0 0 1
100.372 0.052 0 0 0 0 1
100.42 0.048 0 0 0 0 1
100.468 0.046 0.002 0.002 0 0 1
100.514 0.048 0 0 0 0 1
100.56 0.044 0.002 0 0.002 0 1
100.604 0.046 0 0 0 0 1
100.654 0.05 0 0 0 0 1
100.708 0.052 0.002 0 0.002 0 1
100.752 0.046 0 0 0 0 1
100.866 0.11 0.004 0.004 0 0 1
100.886 0.024 0 0 0 0 1
100.936 0.05 0 0 0 0 1
100.988 0.05 0.002 0 0.002 0 1
101.038 0.052 0 0 0 0 1
101.086 0.048 0 0 0 0 1
101.134 0.048 0 0 0 0 1
101.184 0.048 0.002 0 0.002 0 1
101.234 0.052 0 0 0 0 1
101.282 0.048 0 0 0 0 1
101.332 0.05 0 0 0 0 1
101.384 0.05 0.002 0.002 0 0 1
101.434 0.052 0 0 0 0 1
101.484 0.05 0 0 0 0 1
101.618 0.134 0 0 0 0 1
101.63 0.012 0 0 0 0 1
101.682 0.05 0.002 0 0.002 0 1
101.732 0.05 0.002 0 0.002 0 1
101.782 0.05 0.002 0 0.002 0 1
101.834 0.052 0.002 0 0.002 0 1
101.882 0.05 0 0 0 0 1
101.934 0.052 0 0 0 0 1
101.986 0.05 0.002 0 0.002 0 1
102.034 0.048 0.002 0 0.002 0 1
102.084 0.05 0.002 0 0.002 0 1
102.134 0.05 0.002 0 0.002 0 1
102.184 0.05 0.002 0 0 0.002 1
102.23 0.048 0 0 0 0 1
102.28 0.05 0 0 0 0 1
102.324 0.044 0 0 0 0 1
102.374 0.05 0 0 0 0 1
102.426 0.052 0 0 0 0 1
102.478 0.052 0 0 0 0 1
102.528 0.05 0 0 0 0 1
102.576 0.048 0 0 0 0 1
102.626 0.05 0 0 0 0 1
102.678 0.05 0.002 0 0.002 0 1
102.728 0.052 0 0 0 0 1
102.78 0.05 0.002 0 0.002 0 1
102.824 0.046 0 0 0 0 1
102.872 0.048 0 0 0 0 1
102.92 0.044 0.004 0.004 0 0 1
102.97 0.054 0 0 0 0 1
103.112 0.14 0.002 0 0 0 1
103.142 0.032 0 0 0 0 1
103.196 0.052 0.002 0 0.002 0 1
103.246 0.05 0.002 0 0.002 0 1
103.3 0.054 0.002 0 0 0.002 1
103.346 0.048 0 0 0 0 1
103.398 0.05 0.002 0.002 0 0 1
103.444 0.046 0.002 0.002 0 0 1
103.49 0.046 0.002 0.002 0 0 1
103.538 0.05 0 0 0 0 1
103.59 0.05 0.002 0 0.002 0 1
103.644 0.056 0 0 0 0 1
103.682 0.038 0 0 0 0 1
103.732 0.05 0 0 0 0 1
103.786 0.054 0 0 0 0 1
103.932 0.144 0.002 0.002 0 0 1
103.972 0.04 0.002 0 0.002 0 1
104.016 0.046 0 0 0 0 1
104.074 0.058 0 0 0 0 1
104.126 0.05 0.002 0 0.002 0 1
104.17 0.046 0 0 0 0 1
104.226 0.054 0.002 0 0.002 0 1
104.272 0.048 0 0 0 0 1
104.326 0.052 0.002 0 0.002 0 1
104.372 0.046 0.002 0 0.002 0 1
104.412 0.042 0 0 0 0 1
104.464 0.052 0 0 0 0 1
104.516 0.052 0 0 0 0 1
104.568 0.05 0.002 0 0.002 0 1
104.652 0.086 0 0 0 0 1
104.656 0.002 0.002 0 0.002 0 1
104.692 0.038 0 0 0 0 1
104.736 0.042 0.002 0 0.002 0 1
104.788 0.052 0.002 0 0.002 0 1
104.838 0.052 0 0 0 0 1
104.892 0.052 0.002 0 0.002 0 1
104.942 0.052 0 0 0 0 1
104.992 0.048 0.002 0 0.002 0 1
105.042 0.044 0.008 0 0 0 1
105.092 0.058 0 0 0 0 1
105.138 0.044 0.002 0 0.002 0 1
105.228 0.092 0 0 0 0 1
105.272 0.042 0.002 0 0.002 0 1
105.326 0.054 0.002 0 0.002 0 1
105.38 0.054 0.002 0 0.002 0 1
105.43 0.052 0 0 0 0 1
105.482 0.05 0.002 0.002 0 0 1
105.524 0.044 0 0 0 0 1
105.576 0.05 0.002 0 0.002 0 1
105.618 0.044 0 0 0 0 1
105.67 0.052 0 0 0 0 1
105.718 0.048 0 0 0 0 1
105.77 0.052 0 0 0 0 1
105.82 0.05 0 0 0 0 1
105.872 0.05 0.002 0 0.002 0 1
105.984 0.114 0 0 0 0 1
105.99 0.006 0 0 0 0 1
106.042 0.052 0 0 0 0 1
106.094 0.05 0.002 0 0.002 0 1
106.144 0.052 0 0 0 0 1
106.186 0.042 0 0 0 0 1
106.23 0.044 0 0 0 0 1
106.286 0.056 0 0 0 0 1
106.338 0.052 0 0 0 0 1
106.39 0.048 0.004 0.004 0 0 1
106.44 0.054 0 0 0 0 1
106.492 0.05 0.002 0 0.002 0 1
106.598 0.108 0 0 0 0 1
106.632 0.034 0 0 0 0 1
106.682 0.05 0 0 0 0 1
106.73 0.046 0.002 0.002 0 0 1
106.778 0.05 0 0 0 0 1
106.826 0.048 0 0 0 0 1
106.878 0.052 0 0 0 0 1
106.928 0.05 0 0 0 0 1
106.98 0.05 0.002 0 0.002 0 1
107.022 0.044 0 0 0 0 1
107.076 0.054 0 0 0 0 1
107.128 0.052 0 0 0 0 1
107.172 0.044 0 0 0 0 1
107.22 0.048 0 0 0 0 1
107.268 0.048 0 0 0 0 1
107.324 0.056 0 0 0 0 1
107.374 0.05 0 0 0 0 1
107.426 0.052 0 0 0 0 1
107.476 0.05 0 0 0 0 1
107.526 0.05 0 0 0 0 1
107.576 0.05 0 0 0 0 1
107.628 0.05 0.002 0 0.002 0 1
107.676 0.05 0 0 0 0 1
107.728 0.052 0 0 0 0 1
107.778 0.05 0 0 0 0 1
107.83 0.05 0.002 0 0.002 0 1
107.878 0.05 0 0 0 0 1
107.93 0.052 0 0 0 0 1
107.98 0.05 0 0 0 0 1
108.024 0.044 0 0 0 0 1
108.066 0.042 0 0 0 0 1
108.166 0.098 0.002 0.002 0 0 1
108.2 0.036 0 0 0 0 1
108.244 0.044 0 0 0 0 1
108.302 0.058 0 0 0 0 1
108.358 0.054 0.002 0 0.002 0 1
108.408 0.052 0 0 0 0 1
108.456 0.046 0.002 0.002 0 0 1
108.508 0.054 0 0 0 0 1
108.56 0.052 0 0 0 0 1
108.61 0.048 0.002 0 0.002 0 1
108.662 0.054 0 0 0 0 1
108.714 0.05 0.002 0 0.002 0 1
108.766 0.05 0.004 0 0.004 0 1
108.816 0.052 0.002 0 0.002 0 1
108.858 0.044 0 0 0 0 1
108.91 0.052 0 0 0 0 1
108.96 0.05 0 0 0 0 1
109.01 0.05 0 0 0 0 1
109.06 0.05 0 0 0 0 1
109.11 0.05 0 0 0 0 1
109.16 0.05 0 0 0 0 1
109.21 0.046 0.004 0 0.004 0 1
109.262 0.054 0.002 0 0 0.002 1
109.31 0.05 0 0 0 0 1
109.36 0.05 0 0 0 0 1
109.4 0.04 0 0 0 0 1
109.448 0.048 0 0 0 0 1
109.502 0.052 0.002 0 0.002 0 1
109.552 0.048 0.004 0.004 0 0 1
109.6 0.052 0 0 0 0 1
109.696 0.096 0 0 0 0 1
109.736 0.038 0.002 0 0.002 0 1
109.788 0.052 0.002 0 0.002 0 1
109.838 0.052 0 0 0 0 1
109.89 0.05 0.002 0 0.002 0 1
109.938 0.048 0.002 0 0.002 0 1
109.986 0.048 0.002 0 0.002 0 1
110.038 0.052 0.002 0 0.002 0 1
110.084 0.046 0.002 0.002 0 0 1
110.132 0.05 0 0 0 0 1
110.186 0.052 0.002 0 0.002 0 1
110.236 0.052 0 0 0 0 1
110.288 0.052 0 0 0 0 1
110.34 0.05 0.002 0 0.002 0 1
110.452 0.112 0.002 0 0.002 0 1
110.482 0.03 0.002 0 0.002 0 1
110.534 0.052 0.002 0 0 0.002 1
110.584 0.052 0 0 0 0 1
110.634 0.05 0 0 0 0 1
110.686 0.05 0.002 0 0.002 0 1
110.734 0.05 0 0 0 0 1
110.78 0.046 0 0 0 0 1
110.832 0.052 0 0 0 0 1
110.884 0.05 0.002 0 0.002 0 1
110.934 0.052 0 0 0 0 1
111.066 0.132 0 0 0 0 1
111.078 0.012 0 0 0 0 1
111.13 0.05 0.002 0 0.002 0 1
111.174 0.046 0 0 0 0 1
111.22 0.046 0 0 0 0 1
111.276 0.054 0.002 0 0.002 0 1
111.326 0.05 0.002 0.002 0 0 1
111.376 0.052 0 0 0 0 1
111.426 0.05 0 0 0 0 1
111.478 0.05 0.002 0 0 0 1
111.524 0.048 0 0 0 0 1
111.576 0.05 0.002 0 0.002 0 1
111.626 0.05 0.002 0 0.002 0 1
111.728 0.102 0.002 0 0 0.002 1
111.772 0.046 0 0 0 0 1
111.824 0.05 0.002 0 0.002 0 1
111.874 0.05 0.002 0 0.002 0 1
111.92 0.048 0 0 0 0 1
111.966 0.046 0 0 0 0 1
112.016 0.05 0 0 0 0 1
112.066 0.05 0 0 0 0 1
112.118 0.052 0 0 0 0 1
112.168 0.05 0 0 0 0 1
112.22 0.05 0.002 0 0.002 0 1
112.268 0.05 0 0 0 0 1
112.314 0.046 0 0 0 0 1
112.366 0.052 0 0 0 0 1
112.414 0.048 0 0 0 0 1
112.468 0.05 0.004 0.002 0.002 0 1
112.516 0.052 0 0 0 0 1
112.564 0.048 0 0 0 0 1
112.616 0.05 0.002 0 0.002 0 1
112.664 0.05 0 0 0 0 1
112.716 0.042 0.01 0.008 0.002 0 1
112.756 0.05 0 0 0 0 1
112.8 0.044 0 0 0 0 1
112.854 0.052 0.002 0 0.002 0 1
112.908 0.054 0.002 0.002 0 0 1
112.96 0.052 0.002 0 0 0 1
113.008 0.05 0 0 0 0 1
113.06 0.052 0 0 0 0 1
113.112 0.05 0.002 0 0.002 0 1
113.222 0.112 0 0 0 0 1
113.24 0.018 0 0 0 0 1
113.292 0.052 0 0 0 0 1
113.344 0.05 0.002 0 0.002 0 1
113.394 0.052 0 0 0 0 1
113.446 0.05 0.002 0 0.002 0 1
113.494 0.05 0 0 0 0 1
113.54 0.046 0 0 0 0 1
113.59 0.05 0 0 0 0 1
113.64 0.05 0 0 0 0 1
113.692 0.05 0.002 0.002 0 0 1
113.742 0.052 0 0 0 0 1
113.79 0.048 0 0 0 0 1
113.884 0.092 0.002 0 0.002 0 1
113.906 0.024 0 0 0 0 1
113.964 0.056 0.002 0 0.002 0 1
114.01 0.046 0.002 0.002 0 0 1
114.06 0.052 0 0 0 0 1
114.112 0.05 0.002 0.002 0 0 1
114.16 0.05 0 0 0 0 1
114.208 0.048 0 0 0 0 1
114.258 0.05 0 0 0 0 1
114.312 0.052 0.002 0 0.002 0 1
114.36 0.05 0 0 0 0 1
114.412 0.052 0 0 0 0 1
114.464 0.05 0.002 0 0.002 0 1
114.514 0.05 0.002 0 0.002 0 1
114.632 0.12 0 0 0 0 1
114.662 0.028 0.002 0 0.002 0 1
114.71 0.05 0 0 0 0 1
114.76 0.05 0 0 0 0 1
114.812 0.05 0.002 0 0.002 0 1
114.862 0.05 0.002 0 0.002 0 1
114.912 0.05 0.002 0 0.002 0 1
114.962 0.05 0.002 0 0.002 0 1
115.012 0.05 0.002 0 0.002 0 1
115.062 0.05 0.002 0 0.002 0 1
115.112 0.05 0.002 0 0.002 0 1
115.162 0.05 0.002 0 0.002 0 1
115.21 0.048 0.002 0 0 0 1
115.258 0.05 0 0 0 0 1
115.308 0.05 0 0 0 0 1
115.418 0.108 0.002 0 0.002 0 1
115.452 0.034 0.002 0 0.002 0 1
115.502 0.052 0 0 0 0 1
115.554 0.05 0.002 0 0.002 0 1
115.604 0.05 0.002 0 0.002 0 1
115.654 0.052 0 0 0 0 1
115.702 0.048 0 0 0 0 1
115.754 0.05 0.002 0 0.002 0 1
115.804 0.052 0 0 0 0 1
115.858 0.052 0.002 0.002 0 0 1
115.902 0.046 0 0 0 0 1
115.95 0.046 0.002 0 0.002 0 1
116 0.05 0.002 0 0.002 0 1
116.048 0.05 0 0 0 0 1
116.098 0.05 0 0 0 0 1
116.22 0.12 0.002 0 0.002 0 1
116.238 0.018 0.002 0 0.002 0 1
116.288 0.052 0 0 0 0 1
116.342 0.052 0.002 0 0.002 0 1
116.388 0.048 0 0 0 0 1
116.442 0.054 0 0 0 0 1
116.496 0.052 0.002 0 0.002 0 1
116.542 0.048 0 0 0 0 1
116.594 0.052 0 0 0 0 1
116.646 0.048 0.004 0 0.004 0 1
116.694 0.052 0 0 0 0 1
116.744 0.05 0 0 0 0 1
116.83 0.084 0.002 0 0 0.002 1
116.872 0.044 0 0 0 0 1
116.928 0.054 0.002 0.002 0 0 1
116.98 0.052 0.002 0.002 0 0 1
117.03 0.052 0 0 0 0 1
117.082 0.052 0 0 0 0 1
117.134 0.05 0.002 0 0.002 0 1
117.184 0.052 0 0 0 0 1
117.234 0.05 0 0 0 0 1
117.282 0.048 0 0 0 0 1
117.334 0.05 0.002 0 0.002 0 1
117.382 0.05 0 0 0 0 1
117.432 0.05 0 0 0 0 1
117.482 0.05 0 0 0 0 1
117.602 0.118 0.002 0 0.002 0 1
117.616 0.014 0.002 0 0.002 0 1
117.664 0.048 0.002 0 0.002 0 1
117.714 0.052 0 0 0 0 1
117.766 0.052 0 0 0 0 1
117.816 0.05 0 0 0 0 1
117.868 0.052 0 0 0 0 1
117.916 0.048 0 0 0 0 1
117.964 0.048 0 0 0 0 1
118.014 0.05 0 0 0 0 1
118.064 0.05 0 0 0 0 1
118.168 0.102 0.002 0 0.002 0 1
118.21 0.042 0.002 0.002 0 0 1
118.262 0.052 0.002 0 0.002 0 1
118.31 0.05 0 0 0 0 1
118.354 0.044 0 0 0 0 1
118.404 0.05 0 0 0 0 1
118.454 0.05 0 0 0 0 1
118.506 0.05 0.002 0 0.002 0 1
118.556 0.05 0.002 0 0.002 0 1
118.604 0.05 0 0 0 0 1
118.654 0.05 0 0 0 0 1
118.736 0.082 0 0 0 0 1
118.74 0.004 0 0 0 0 1
118.788 0.048 0 0 0 0 1
118.838 0.05 0 0 0 0 1
118.89 0.052 0 0 0 0 1
118.94 0.05 0 0 0 0 1
118.99 0.05 0 0 0 0 1
119.044 0.052 0.002 0 0.002 0 1
119.094 0.052 0 0 0 0 1
119.142 0.048 0 0 0 0 1
119.19 0.048 0 0 0 0 1
119.306 0.112 0.004 0 0.004 0 1
119.334 0.03 0.002 0.002 0 0 1
119.386 0.052 0.002 0 0.002 0 1
119.434 0.05 0 0 0 0 1
119.486 0.052 0 0 0 0 1
119.536 0.048 0.002 0 0.002 0 1
119.586 0.052 0 0 0 0 1
119.636 0.05 0 0 0 0 1
119.688 0.05 0.002 0 0.002 0 1
119.738 0.05 0.002 0 0.002 0 1
119.788 0.05 0.002 0.002 0 0 1
119.838 0.052 0 0 0 0 1
119.888 0.05 0 0 0 0 1
119.938 0.048 0.002 0 0.002 0 1
119.986 0.048 0.002 0.002 0 0 1
120.124 0.14 0 0 0 0 1
120.162 0.038 0 0 0 0 1
120.214 0.052 0 0 0 0 1
120.266 0.052 0 0 0 0 1
120.318 0.05 0.002 0 0.002 0 1
120.368 0.052 0 0 0 0 1
120.418 0.05 0 0 0 0 1
120.466 0.048 0 0 0 0 1
120.518 0.05 0.002 0.002 0 0 1
120.566 0.05 0 0 0 0 1
120.616 0.05 0 0 0 0 1
120.666 0.05 0 0 0 0 1
120.71 0.044 0 0 0 0 1
120.762 0.05 0.002 0 0.002 0 1
120.812 0.05 0.002 0.002 0 0 1
120.862 0.052 0 0 0 0 1
120.912 0.05 0 0 0 0 1
120.962 0.05 0 0 0 0 1
121.012 0.05 0 0 0 0 1
121.064 0.05 0.002 0 0.002 0 1
121.114 0.05 0.002 0 0.002 0 1
121.162 0.05 0 0 0 0 1
121.214 0.05 0.002 0 0.002 0 1
121.264 0.05 0.002 0 0.002 0 1
121.314 0.05 0.002 0 0.002 0 1
121.364 0.05 0.002 0 0.002 0 1
121.412 0.048 0.002 0 0.002 0 1
121.458 0.048 0 0 0 0 1
121.508 0.05 0 0 0 0 1
121.596 0.088 0 0 0 0 1
121.6 0.002 0.002 0 0.002 0 1
121.646 0.046 0.002 0.002 0 0 1
121.698 0.052 0.002 0 0.002 0 1
121.748 0.052 0 0 0 0 1
121.798 0.05 0 0 0 0 1
121.85 0.05 0.002 0 0.002 0 1
121.898 0.05 0 0 0 0 1
121.946 0.046 0.002 0 0.002 0 1
121.996 0.052 0 0 0 0 1
122.036 0.04 0 0 0 0 1
122.074 0.038 0 0 0 0 1
122.126 0.052 0 0 0 0 1
122.178 0.048 0.004 0 0.004 0 1
122.23 0.054 0.002 0 0.002 0 1
122.276 0.048 0 0 0 0 1
122.33 0.052 0.002 0 0.002 0 1
122.38 0.05 0.002 0.002 0 0 1
122.432 0.052 0.002 0 0 0.002 1
122.482 0.05 0.002 0 0.002 0 1
122.528 0.048 0 0 0 0 1
122.584 0.056 0 0 0 0 1
122.626 0.042 0 0 0 0 1
122.674 0.048 0 0 0 0 1
122.726 0.05 0.002 0 0.002 0 1
122.778 0.052 0.002 0 0.002 0 1
122.824 0.048 0 0 0 0 1
122.872 0.046 0.002 0 0.002 0 1
122.922 0.052 0 0 0 0 1
123.048 0.126 0 0 0 0 1
123.066 0.016 0.002 0 0.002 0 1
123.116 0.05 0.002 0 0.002 0 1
123.166 0.052 0 0 0 0 1
123.218 0.05 0.002 0 0.002 0 1
123.268 0.052 0 0 0 0 1
123.318 0.05 0 0 0 0 1
123.368 0.048 0.002 0 0.002 0 1
123.414 0.046 0.002 0 0.002 0 1
123.464 0.052 0 0 0 0 1
123.516 0.05 0.002 0 0.002 0 1
123.606 0.09 0.002 0 0 0.002 1
123.648 0.042 0.002 0 0.002 0 1
123.698 0.05 0.002 0 0.002 0 1
123.75 0.052 0.002 0 0.002 0 1
123.804 0.054 0.002 0 0.002 0 1
123.854 0.05 0.002 0.002 0 0 1
123.904 0.052 0 0 0 0 1
123.956 0.052 0 0 0 0 1
124.006 0.05 0 0 0 0 1
124.05 0.044 0 0 0 0 1
124.102 0.052 0 0 0 0 1
124.154 0.052 0 0 0 0 1
124.204 0.048 0.002 0 0.002 0 1
124.254 0.05 0.002 0 0.002 0 1
124.302 0.05 0 0 0 0 1
124.352 0.05 0 0 0 0 1
124.402 0.05 0 0 0 0 1
124.454 0.05 0.002 0 0.002 0 1
124.502 0.048 0.002 0 0.002 0 1
124.55 0.05 0 0 0 0 1
124.596 0.046 0 0 0 0 1
124.648 0.052 0 0 0 0 1
124.694 0.046 0 0 0 0 1
124.746 0.052 0 0 0 0 1
124.794 0.046 0.002 0 0.002 0 1
124.846 0.052 0.002 0 0.002 0 1
124.896 0.052 0 0 0 0 1
124.948 0.05 0.002 0 0.002 0 1
125.08 0.134 0 0 0 0 1
125.132 0.052 0 0 0 0 1
125.186 0.054 0 0 0 0 1
125.238 0.052 0 0 0 0 1
125.29 0.052 0 0 0 0 1
125.334 0.042 0.002 0.002 0 0 1
125.384 0.052 0 0 0 0 1
125.436 0.052 0 0 0 0 1
125.486 0.05 0 0 0 0 1
125.536 0.05 0 0 0 0 1
125.588 0.052 0 0 0 0 1
125.632 0.044 0 0 0 0 1
125.68 0.048 0 0 0 0 1
125.782 0.1 0.002 0 0.002 0 1
125.83 0.048 0.002 0.002 0 0 1
125.88 0.052 0 0 0 0 1
125.93 0.05 0 0 0 0 1
125.982 0.05 0.002 0 0.002 0 1
126.032 0.05 0.002 0 0.002 0 1
126.08 0.05 0 0 0 0 1
126.13 0.05 0 0 0 0 1
126.178 0.048 0 0 0 0 1
126.222 0.042 0.002 0.002 0 0 1
126.266 0.044 0.002 0 0.002 0 1
126.372 0.108 0 0 0 0 1
126.404 0.032 0 0 0 0 1
126.456 0.05 0.002 0.002 0 0 1
126.504 0.048 0.002 0.002 0 0 1
126.552 0.05 0 0 0 0 1
126.606 0.052 0.002 0 0 0 1
126.656 0.052 0 0 0 0 1
126.704 0.048 0 0 0 0 1
126.756 0.052 0 0 0 0 1
126.808 0.05 0.002 0 0.002 0 1
126.862 0.054 0.002 0 0.002 0 1
126.91 0.048 0.002 0 0.002 0 1
126.958 0.05 0 0 0 0 1
127.058 0.098 0.002 0.002 0 0 1
127.1 0.044 0 0 0 0 1
127.154 0.052 0.002 0 0.002 0 1
127.206 0.052 0.002 0 0.002 0 1
127.256 0.052 0 0 0 0 1
127.306 0.048 0.002 0 0.002 0 1
127.354 0.048 0.002 0 0.002 0 1
127.404 0.052 0 0 0 0 1
127.456 0.05 0.002 0 0.002 0 1
127.506 0.052 0 0 0 0 1
127.556 0.05 0 0 0 0 1
127.658 0.1 0.002 0 0.002 0 1
127.688 0.03 0.002 0 0.002 0 1
127.738 0.05 0.002 0 0.002 0 1
127.788 0.052 0 0 0 0 1
127.836 0.048 0 0 0 0 1
127.888 0.05 0.002 0 0.002 0 1
127.938 0.052 0 0 0 0 1
127.988 0.05 0 0 0 0 1
128.038 0.05 0 0 0 0 1
128.088 0.05 0 0 0 0 1
128.138 0.048 0.002 0.002 0 0 1
128.186 0.05 0 0 0 0 1
128.236 0.05 0 0 0 0 1
128.288 0.052 0 0 0 0 1
128.39 0.1 0.002 0.002 0 0 1
128.43 0.042 0 0 0 0 1
128.48 0.05 0 0 0 0 1
128.53 0.05 0 0 0 0 1
128.582 0.05 0.002 0 0.002 0 1
128.632 0.052 0 0 0 0 1
128.682 0.044 0.006 0 0.006 0 1
128.734 0.056 0.002 0 0 0 1
128.782 0.05 0 0 0 0 1
128.832 0.05 0 0 0 0 1
128.884 0.05 0.002 0 0.002 0 1
128.932 0.05 0 0 0 0 1
128.984 0.052 0 0 0 0 1
129.03 0.046 0 0 0 0 1
129.12 0.09 0 0 0 0 1
129.164 0.044 0 0 0 0 1
129.216 0.052 0 0 0 0 1
129.264 0.048 0 0 0 0 1
129.316 0.052 0 0 0 0 1
129.366 0.05 0 0 0 0 1
129.418 0.05 0.002 0 0.002 0 1
129.468 0.052 0 0 0 0 1
129.518 0.05 0 0 0 0 1
129.568 0.05 0 0 0 0 1
129.618 0.05 0 0 0 0 1
129.662 0.042 0.002 0 0.002 0 1
129.774 0.112 0.002 0 0.002 0 1
129.79 0.014 0.004 0.002 0.002 0 1
129.842 0.054 0.002 0 0.002 0 1
129.894 0.054 0 0 0 0 1
129.948 0.052 0.002 0 0.002 0 1
129.998 0.052 0 0 0 0 1
130.048 0.048 0.002 0 0.002 0 1
130.096 0.05 0 0 0 0 1
130.15 0.052 0.002 0 0 0.002 1
130.196 0.048 0 0 0 0 1
130.244 0.048 0 0 0 0 1
130.348 0.102 0.002 0 0 0.002 1
130.384 0.036 0.002 0.002 0 0 1
130.434 0.052 0 0 0 0 1
130.488 0.052 0.002 0 0.002 0 1
130.538 0.05 0.002 0.002 0 0 1
130.59 0.052 0.002 0 0 0 1
130.638 0.05 0 0 0 0 1
130.688 0.05 0 0 0 0 1
130.738 0.05 0 0 0 0 1
130.786 0.048 0 0 0 0 1
130.836 0.048 0.002 0 0.002 0 1
130.886 0.052 0 0 0 0 1
130.938 0.05 0.002 0 0.002 0 1
130.988 0.05 0.002 0 0.002 0 1
131.114 0.126 0.002 0 0.002 0 1
131.128 0.016 0 0 0 0 1
131.178 0.05 0 0 0 0 1
131.23 0.05 0.002 0.002 0 0 1
131.28 0.052 0 0 0 0 1
131.332 0.05 0.002 0 0.002 0 1
131.382 0.05 0.002 0.002 0 0 1
131.432 0.052 0 0 0 0 1
131.482 0.05 0 0 0 0 1
131.526 0.042 0.002 0.002 0 0 1
131.574 0.048 0.002 0 0.002 0 1
131.68 0.108 0 0 0 0 1
131.706 0.026 0 0 0 0 1
131.758 0.052 0 0 0 0 1
131.812 0.052 0.002 0 0.002 0 1
131.864 0.052 0.002 0 0.002 0 1
131.914 0.05 0.002 0 0.002 0 1
131.966 0.052 0.002 0 0.002 0 1
132.012 0.048 0 0 0 0 1
132.068 0.054 0.002 0 0.002 0 1
132.118 0.052 0 0 0 0 1
132.17 0.05 0.002 0 0.002 0 1
132.22 0.05 0.002 0 0.002 0 1
132.27 0.05 0.002 0 0.002 0 1
132.318 0.05 0 0 0 0 1
132.358 0.04 0 0 0 0 1
132.41 0.05 0.002 0 0.002 0 1
132.546 0.138 0 0 0 0 1
132.546 0 0 0 0 0 1
132.594 0.046 0.002 0.002 0 0 1
132.646 0.054 0 0 0 0 1
132.698 0.052 0 0 0 0 1
132.75 0.05 0.002 0.002 0 0 1
132.802 0.052 0.002 0 0.002 0 1
132.852 0.052 0 0 0 0 1
132.9 0.048 0 0 0 0 1
132.952 0.052 0 0 0 0 1
133.002 0.05 0 0 0 0 1
133.112 0.11 0 0 0 0 1
133.146 0.034 0 0 0 0 1
133.198 0.05 0.002 0 0.002 0 1
133.244 0.048 0 0 0 0 1
133.296 0.05 0.002 0 0.002 0 1
133.348 0.052 0.002 0 0.002 0 1
133.398 0.052 0 0 0 0 1
133.448 0.05 0 0 0 0 1
133.5 0.05 0.002 0 0.002 0 1
133.548 0.05 0 0 0 0 1
133.6 0.05 0.002 0 0.002 0 1
133.648 0.048 0.002 0 0.002 0 1
133.696 0.05 0 0 0 0 1
133.748 0.052 0 0 0 0 1
133.796 0.048 0 0 0 0 1
133.846 0.05 0 0 0 0 1
133.892 0.046 0 0 0 0 1
133.944 0.052 0 0 0 0 1
133.994 0.05 0 0 0 0 1
134.042 0.048 0 0 0 0 1
134.094 0.05 0.002 0 0.002 0 1
134.142 0.05 0 0 0 0 1
134.194 0.052 0 0 0 0 1
134.244 0.05 0 0 0 0 1
134.294 0.05 0 0 0 0 1
134.344 0.05 0 0 0 0 1
134.394 0.05 0 0 0 0 1
134.444 0.05 0 0 0 0 1
134.522 0.076 0.002 0.002 0 0 1
134.53 0.008 0.002 0 0.002 0 1
134.574 0.046 0 0 0 0 1
134.628 0.052 0.002 0 0.002 0 1
134.68 0.052 0.002 0 0.002 0 1
134.728 0.05 0 0 0 0 1
134.78 0.052 0 0 0 0 1
134.83 0.05 0 0 0 0 1
134.878 0.048 0 0 0 0 1
134.918 0.04 0 0 0 0 1
134.964 0.046 0 0 0 0 1
135.016 0.052 0 0 0 0 1
135.066 0.05 0 0 0 0 1
135.118 0.052 0 0 0 0 1
135.166 0.046 0.002 0 0.002 0 1
135.288 0.124 0 0 0 0 1
135.3 0.01 0.002 0 0.002 0 1
135.354 0.054 0.002 0 0.002 0 1
135.406 0.054 0 0 0 0 1
135.46 0.052 0.002 0 0.002 0 1
135.506 0.048 0 0 0 0 1
135.554 0.046 0.002 0 0.002 0 1
135.606 0.054 0 0 0 0 1
135.66 0.052 0.002 0 0.002 0 1
135.712 0.052 0.002 0 0.002 0 1
135.762 0.05 0.002 0.002 0 0 1
135.812 0.052 0 0 0 0 1
135.862 0.05 0 0 0 0 1
135.976 0.114 0 0 0 0 1
135.998 0.022 0 0 0 0 1
136.052 0.054 0 0 0 0 1
136.106 0.052 0.002 0 0.002 0 1
136.158 0.052 0.002 0 0.002 0 1
136.21 0.052 0.002 0 0.002 0 1
136.258 0.05 0 0 0 0 1
136.31 0.048 0.004 0.002 0.002 0 1
136.36 0.054 0 0 0 0 1
136.41 0.05 0 0 0 0 1
136.462 0.052 0 0 0 0 1
136.51 0.048 0 0 0 0 1
136.556 0.046 0 0 0 0 1
136.66 0.102 0.002 0.002 0 0 1
136.696 0.036 0.002 0 0 0.002 1
136.746 0.046 0.006 0 0.002 0.004 1
136.796 0.056 0 0 0 0 1
136.848 0.05 0.002 0.002 0 0 1
136.9 0.052 0.002 0 0.002 0 1
136.948 0.05 0 0 0 0 1
136.998 0.048 0.002 0 0.002 0 1
137.048 0.05 0.002 0.002 0 0 1
137.098 0.052 0 0 0 0 1
137.148 0.05 0 0 0 0 1
137.198 0.044 0.006 0.004 0.002 0 1
137.248 0.054 0.002 0 0.002 0 1
137.298 0.05 0.002 0 0.002 0 1
137.41 0.112 0.002 0 0.002 0 1
137.432 0.024 0 0 0 0 1
137.484 0.05 0.002 0 0.002 0 1
137.536 0.052 0.002 0 0 0.002 1
137.582 0.048 0 0 0 0 1
137.63 0.048 0 0 0 0 1
137.684 0.052 0.002 0 0.002 0 1
137.734 0.052 0 0 0 0 1
137.786 0.05 0.002 0 0.002 0 1
137.836 0.052 0 0 0 0 1
137.886 0.05 0 0 0 0 1
137.936 0.05 0 0 0 0 1
137.984 0.048 0 0 0 0 1
138.036 0.052 0 0 0 0 1
138.086 0.05 0 0 0 0 1
138.138 0.05 0.002 0 0.002 0 1
138.186 0.05 0 0 0 0 1
138.238 0.05 0.002 0 0.002 0 1
138.288 0.05 0.002 0.002 0 0 1
138.336 0.05 0 0 0 0 1
138.388 0.05 0.002 0 0.002 0 1
138.434 0.048 0 0 0 0 1
138.484 0.05 0 0 0 0 1
138.534 0.05 0 0 0 0 1
138.584 0.05 0 0 0 0 1
138.636 0.052 0 0 0 0 1
138.68 0.044 0 0 0 0 1
138.73 0.05 0 0 0 0 1
138.784 0.052 0.002 0 0.002 0 1
138.904 0.118 0.004 0 0.004 0 1
138.918 0.018 0 0 0 0 1
138.97 0.052 0 0 0 0 1
139.024 0.052 0.002 0 0.002 0 1
139.076 0.052 0.002 0 0.002 0 1
139.126 0.052 0 0 0 0 1
139.178 0.05 0.002 0 0.002 0 1
139.23 0.052 0.002 0 0.002 0 1
139.28 0.05 0.002 0 0.002 0 1
139.33 0.05 0.002 0 0.002 0 1
139.378 0.05 0 0 0 0 1
139.43 0.052 0 0 0 0 1
139.544 0.112 0.002 0 0 0.002 1
139.55 0.008 0 0 0 0 1
139.602 0.048 0.004 0.004 0 0 1
139.65 0.052 0 0 0 0 1
139.702 0.052 0 0 0 0 1
139.754 0.05 0.002 0 0.002 0 1
139.804 0.05 0.002 0 0 0.002 1
139.852 0.05 0 0 0 0 1
139.904 0.052 0 0 0 0 1
139.954 0.048 0.002 0 0.002 0 1
140.002 0.05 0 0 0 0 1
140.09 0.088 0 0 0 0 1
140.124 0.034 0 0 0 0 1
140.158 0.034 0 0 0 0 1
140.222 0.064 0 0 0 0 1
140.274 0.052 0 0 0 0 1
140.324 0.05 0 0 0 0 1
140.378 0.054 0 0 0 0 1
140.432 0.054 0 0 0 0 1
140.484 0.052 0 0 0 0 1
140.536 0.052 0 0 0 0 1
140.588 0.052 0 0 0 0 1
140.712 0.122 0.002 0 0.002 0 1
140.732 0.02 0.002 0 0.002 0 1
140.784 0.052 0.002 0 0.002 0 1
140.836 0.052 0.002 0 0.002 0 1
140.886 0.052 0 0 0 0 1
140.938 0.05 0.002 0 0.002 0 1
140.99 0.05 0.004 0 0.002 0 1
141.036 0.05 0 0 0 0 1
141.086 0.05 0 0 0 0 1
141.136 0.05 0 0 0 0 1
141.188 0.052 0 0 0 0 1
141.312 0.124 0 0 0 0 1
141.322 0.01 0 0 0 0 1
141.372 0.05 0 0 0 0 1
141.424 0.052 0 0 0 0 1
141.48 0.056 0 0 0 0 1
141.528 0.046 0.002 0 0.002 0 1
141.578 0.052 0 0 0 0 1
141.628 0.05 0 0 0 0 1
141.678 0.05 0 0 0 0 1
141.728 0.05 0 0 0 0 1
141.778 0.05 0 0 0 0 1
141.828 0.05 0 0 0 0 1
141.88 0.052 0 0 0 0 1
141.93 0.05 0 0 0 0 1
141.98 0.05 0 0 0 0 1
142.094 0.112 0.002 0.002 0 0 1
142.122 0.03 0 0 0 0 1
142.174 0.052 0 0 0 0 1
142.226 0.05 0.002 0 0.002 0 1
142.276 0.052 0 0 0 0 1
142.318 0.04 0.002 0.002 0 0 1
142.368 0.052 0 0 0 0 1
142.42 0.05 0.002 0 0.002 0 1
142.47 0.05 0.002 0 0.002 0 1
142.518 0.05 0 0 0 0 1
142.568 0.048 0.002 0 0.002 0 1
142.69 0.124 0 0 0 0 1
142.712 0.022 0 0 0 0 1
142.762 0.05 0 0 0 0 1
142.814 0.05 0.002 0 0.002 0 1
142.862 0.05 0 0 0 0 1
142.912 0.05 0 0 0 0 1
142.962 0.05 0 0 0 0 1
143.014 0.05 0.002 0 0.002 0 1
143.062 0.05 0 0 0 0 1
143.114 0.05 0.002 0 0.002 0 1
143.164 0.05 0.002 0 0.002 0 1
143.212 0.05 0 0 0 0 1
143.262 0.05 0 0 0 0 1
143.312 0.05 0 0 0 0 1
143.36 0.048 0 0 0 0 1
143.406 0.046 0 0 0 0 1
143.46 0.052 0.002 0 0.002 0 1
143.506 0.046 0.002 0 0.002 0 1
143.548 0.044 0 0 0 0 1
143.6 0.05 0.002 0 0.002 0 1
143.65 0.05 0.002 0 0.002 0 1
143.698 0.05 0 0 0 0 1
143.744 0.046 0 0 0 0 1
143.796 0.05 0.002 0.002 0 0 1
143.846 0.052 0 0 0 0 1
143.896 0.048 0.002 0 0.002 0 1
143.944 0.05 0 0 0 0 1
143.996 0.05 0.002 0 0.002 0 1
144.09 0.096 0 0 0 0 1
144.128 0.038 0 0 0 0 1
144.182 0.052 0.002 0 0.002 0 1
144.226 0.046 0 0 0 0 1
144.286 0.058 0.002 0 0.002 0 1
144.334 0.05 0 0 0 0 1
144.382 0.048 0 0 0 0 1
144.438 0.056 0 0 0 0 1
144.48 0.042 0 0 0 0 1
144.534 0.05 0.004 0.002 0.002 0 1
144.584 0.052 0.002 0 0.002 0 1
144.682 0.098 0.002 0 0.002 0 1
144.718 0.036 0.002 0.002 0 0 1
144.77 0.054 0 0 0 0 1
144.822 0.052 0 0 0 0 1
144.872 0.05 0 0 0 0 1
144.926 0.054 0 0 0 0 1
144.976 0.048 0.002 0 0.002 0 1
145.026 0.05 0.002 0 0.002 0 1
145.076 0.052 0 0 0 0 1
145.126 0.05 0 0 0 0 1
145.176 0.05 0 0 0 0 1
145.226 0.05 0 0 0 0 1
145.276 0.05 0 0 0 0 1
145.326 0.05 0 0 0 0 1
145.418 0.092 0 0 0 0 1
145.424 0 0.006 0 0.006 0 1
145.47 0.05 0.002 0.002 0 0 1
145.52 0.052 0 0 0 0 1
145.568 0.048 0 0 0 0 1
145.618 0.048 0.002 0 0.002 0 1
145.668 0.05 0.002 0 0.002 0 1
145.718 0.05 0.002 0 0.002 0 1
145.764 0.048 0 0 0 0 1
145.816 0.05 0.002 0 0.002 0 1
145.86 0.044 0.002 0.002 0 0 1
145.912 0.054 0 0 0 0 1
145.964 0.05 0.002 0 0.002 0 1
146.014 0.052 0 0 0 0 1
146.16 0.146 0 0 0 0 1
146.162 0 0.002 0.002 0 0 1
146.214 0.054 0 0 0 0 1
146.266 0.05 0.002 0 0.002 0 1
146.316 0.05 0.002 0 0.002 0 1
146.366 0.052 0 0 0 0 1
146.416 0.05 0 0 0 0 1
146.466 0.05 0 0 0 0 1
146.516 0.05 0 0 0 0 1
146.568 0.05 0.002 0 0.002 0 1
146.614 0.046 0.002 0 0.002 0 1
146.662 0.048 0.002 0.002 0 0 1
146.744 0.082 0.002 0 0 0.002 1
146.79 0.048 0 0 0 0 1
146.846 0.054 0.002 0 0.002 0 1
146.9 0.054 0.002 0 0.002 0 1
146.952 0.052 0.002 0 0.002 0 1
147.004 0.052 0.002 0 0.002 0 1
147.054 0.052 0 0 0 0 1
147.104 0.05 0 0 0 0 1
147.158 0.052 0.002 0 0.002 0 1
147.208 0.05 0.002 0 0.002 0 1
147.254 0.048 0 0 0 0 1
147.304 0.05 0 0 0 0 1
147.446 0.14 0.002 0.002 0 0 1
147.488 0.044 0 0 0 0 1
147.542 0.052 0.002 0 0.002 0 1
147.59 0.048 0.002 0 0.002 0 1
147.64 0.052 0 0 0 0 1
147.688 0.048 0 0 0 0 1
147.74 0.052 0 0 0 0 1
147.79 0.048 0.002 0 0.002 0 1
147.84 0.052 0 0 0 0 1
147.892 0.052 0 0 0 0 1
147.946 0.054 0 0 0 0 1
147.994 0.046 0.002 0 0.002 0 1
148.04 0.048 0 0 0 0 1
148.128 0.086 0.002 0 0 0.002 1
148.158 0.032 0 0 0 0 1
148.204 0.046 0 0 0 0 1
148.254 0.05 0 0 0 0 1
148.31 0.054 0.002 0 0.002 0 1
148.364 0.056 0 0 0 0 1
148.416 0.05 0.002 0 0.002 0 1
148.47 0.054 0.002 0 0.002 0 1
148.522 0.052 0.002 0.002 0 0 1
148.574 0.052 0.002 0 0.002 0 1
148.622 0.05 0 0 0 0 1
148.674 0.052 0 0 0 0 1
148.724 0.05 0 0 0 0 1
148.84 0.116 0 0 0 0 1
148.854 0.014 0 0 0 0 1
148.904 0.048 0.002 0 0.002 0 1
148.956 0.052 0.002 0 0.002 0 1
149.008 0.052 0.002 0 0 0.002 1
149.058 0.052 0 0 0 0 1
149.11 0.05 0.002 0 0.002 0 1
149.158 0.048 0.002 0 0.002 0 1
149.208 0.052 0 0 0 0 1
149.256 0.048 0 0 0 0 1
149.306 0.048 0.002 0 0.002 0 1
149.356 0.052 0 0 0 0 1
149.408 0.05 0.002 0 0.002 0 1
149.458 0.05 0.002 0 0.002 0 1
149.506 0.05 0 0 0 0 1
149.558 0.05 0.002 0 0.002 0 1
149.608 0.052 0 0 0 0 1
149.658 0.05 0 0 0 0 1
149.708 0.05 0 0 0 0 1
149.76 0.05 0.002 0 0.002 0 1
149.81 0.05 0.002 0 0.002 0 1
149.856 0.048 0 0 0 0 1
149.906 0.05 0 0 0 0 1
149.958 0.05 0.002 0 0.002 0 1
150.002 0.044 0.002 0 0.002 0 1
150.052 0.052 0 0 0 0 1
150.1 0.048 0 0 0 0 1
150.152 0.052 0 0 0 0 1
150.204 0.05 0.002 0 0.002 0 1
150.328 0.124 0.002 0 0.002 0 1
150.348 0.022 0 0 0 0 1
150.396 0.048 0 0 0 0 1
150.444 0.046 0.002 0.002 0 0 1
150.496 0.052 0.002 0.002 0 0 1
150.546 0.052 0 0 0 0 1
150.598 0.05 0.002 0 0.002 0 1
150.648 0.05 0.002 0 0.002 0 1
150.698 0.052 0 0 0 0 1
150.744 0.046 0 0 0 0 1
150.794 0.05 0 0 0 0 1
150.844 0.05 0 0 0 0 1
150.888 0.044 0 0 0 0 1
150.938 0.05 0 0 0 0 1
151.048 0.108 0.002 0 0 0.002 1
151.086 0.038 0.002 0.002 0 0 1
151.136 0.052 0 0 0 0 1
151.188 0.052 0 0 0 0 1
151.24 0.052 0 0 0 0 1
151.29 0.048 0.002 0 0.002 0 1
151.34 0.05 0.002 0 0.002 0 1
151.39 0.05 0.002 0.002 0 0 1
151.442 0.052 0.002 0.002 0 0 1
151.488 0.048 0 0 0 0 1
151.538 0.05 0 0 0 0 1
151.582 0.044 0 0 0 0 1
151.636 0.052 0.002 0 0.002 0 1
151.686 0.052 0 0 0 0 1
151.732 0.046 0 0 0 0 1
151.788 0.054 0.002 0 0.002 0 1
151.838 0.052 0 0 0 0 1
151.888 0.05 0 0 0 0 1
151.94 0.05 0.002 0 0.002 0 1
151.988 0.05 0 0 0 0 1
152.038 0.05 0 0 0 0 1
152.09 0.052 0 0 0 0 1
152.14 0.048 0.002 0.002 0 0 1
152.19 0.05 0.002 0.002 0 0 1
152.236 0.048 0 0 0 0 1
152.286 0.05 0 0 0 0 1
152.33 0.044 0 0 0 0 1
152.436 0.104 0.002 0 0 0.002 1
152.472 0.036 0.002 0 0.002 0 1
152.52 0.05 0 0 0 0 1
152.572 0.052 0 0 0 0 1
152.624 0.05 0.002 0 0.002 0 1
152.674 0.052 0 0 0 0 1
152.72 0.046 0 0 0 0 1
152.77 0.05 0 0 0 0 1
152.82 0.05 0 0 0 0 1
152.87 0.05 0 0 0 0 1
152.922 0.05 0.002 0 0.002 0 1
152.974 0.052 0.002 0 0.002 0 1
153.024 0.052 0 0 0 0 1
153.11 0.084 0.002 0.002 0 0 1
153.148 0.038 0.002 0 0.002 0 1
153.202 0.056 0 0 0 0 1
153.258 0.054 0.002 0 0.002 0 1
153.312 0.054 0.002 0 0.002 0 1
153.36 0.048 0.002 0 0.002 0 1
153.414 0.054 0.002 0 0.002 0 1
153.464 0.048 0.004 0.004 0 0 1
153.51 0.048 0.002 0 0.002 0 1
153.552 0.042 0.002 0.002 0 0 1
153.604 0.052 0.002 0 0.002 0 1
153.654 0.052 0 0 0 0 1
153.706 0.05 0.002 0 0 0.002 1
153.756 0.05 0.002 0 0.002 0 1
153.804 0.05 0 0 0 0 1
153.852 0.048 0 0 0 0 1
153.902 0.05 0 0 0 0 1
153.954 0.052 0 0 0 0 1
154.002 0.048 0 0 0 0 1
154.052 0.05 0 0 0 0 1
154.104 0.05 0.002 0 0.002 0 1
154.154 0.05 0.002 0 0.002 0 1
154.204 0.05 0.002 0 0.002 0 1
154.254 0.04 0.012 0 0.012 0 1
154.304 0.06 0.002 0 0.002 0 1
154.348 0.046 0 0 0 0 1
154.394 0.046 0 0 0 0 1
154.444 0.05 0 0 0 0 1
154.494 0.05 0 0 0 0 1
154.636 0.142 0 0 0 0 1
154.686 0.05 0 0 0 0 1
154.738 0.05 0.002 0 0 0.002 1
154.788 0.05 0.002 0 0.002 0 1
154.838 0.05 0.002 0 0.002 0 1
154.888 0.05 0.002 0 0.002 0 1
154.934 0.048 0 0 0 0 1
154.988 0.054 0 0 0 0 1
155.038 0.05 0 0 0 0 1
155.088 0.05 0 0 0 0 1
155.14 0.05 0.002 0 0.002 0 1
155.276 0.136 0.002 0.002 0 0 1
155.28 0.006 0 0 0 0 1
155.332 0.052 0 0 0 0 1
155.382 0.05 0 0 0 0 1
155.436 0.052 0.002 0 0.002 0 1
155.482 0.046 0.002 0.002 0 0 1
155.532 0.05 0.002 0 0.002 0 1
155.582 0.052 0 0 0 0 1
155.632 0.05 0 0 0 0 1
155.68 0.048 0 0 0 0 1
155.728 0.048 0 0 0 0 1
155.776 0.048 0 0 0 0 1
155.826 0.05 0 0 0 0 1
155.876 0.05 0 0 0 0 1
155.924 0.046 0.002 0 0.002 0 1
155.974 0.052 0 0 0 0 1
156.024 0.048 0.002 0.002 0 0 1
156.074 0.052 0 0 0 0 1
156.118 0.044 0 0 0 0 1
156.17 0.052 0 0 0 0 1
156.218 0.048 0 0 0 0 1
156.27 0.052 0 0 0 0 1
156.32 0.05 0 0 0 0 1
156.366 0.046 0 0 0 0 1
156.418 0.052 0 0 0 0 1
156.468 0.048 0.002 0 0.002 0 1
156.52 0.052 0.002 0 0.002 0 1
156.566 0.048 0 0 0 0 1
156.616 0.05 0 0 0 0 1
156.666 0.05 0 0 0 0 1
156.718 0.052 0 0 0 0 1
156.82 0.098 0.004 0.002 0.002 0 1
156.856 0.04 0 0 0 0 1
156.908 0.052 0 0 0 0 1
156.96 0.052 0 0 0 0 1
157.004 0.044 0 0 0 0 1
157.056 0.05 0.002 0 0.002 0 1
157.108 0.05 0.004 0 0 0 1
157.16 0.054 0.002 0 0.002 0 1
157.21 0.05 0.002 0 0.002 0 1
157.26 0.052 0 0 0 0 1
157.312 0.05 0.002 0.002 0 0 1
157.362 0.05 0.002 0.002 0 0 1
157.412 0.052 0 0 0 0 1
157.524 0.11 0.002 0.002 0 0 1
157.556 0.034 0 0 0 0 1
157.606 0.05 0 0 0 0 1
157.656 0.05 0 0 0 0 1
157.708 0.05 0.002 0 0.002 0 1
157.76 0.052 0.002 0 0.002 0 1
157.808 0.048 0.002 0 0.002 0 1
157.858 0.052 0 0 0 0 1
157.9 0.04 0.002 0 0.002 0 1
157.94 0.042 0 0 0 0 1
157.99 0.05 0 0 0 0 1
158.04 0.048 0.002 0 0 0 1
158.086 0.046 0.002 0.002 0 0 1
158.13 0.044 0.002 0.002 0 0 1
158.182 0.052 0.002 0.002 0 0 1
158.226 0.046 0 0 0 0 1
158.276 0.048 0.002 0 0.002 0 1
158.326 0.052 0 0 0 0 1
158.378 0.052 0 0 0 0 1
158.426 0.048 0 0 0 0 1
158.476 0.05 0 0 0 0 1
158.526 0.05 0 0 0 0 1
158.57 0.044 0 0 0 0 1
158.62 0.05 0 0 0 0 1
158.67 0.05 0 0 0 0 1
158.718 0.048 0 0 0 0 1
158.774 0.056 0 0 0 0 1
158.894 0.118 0.002 0.002 0 0 1
158.916 0.024 0 0 0 0 1
158.966 0.048 0.002 0.002 0 0 1
159.018 0.052 0.002 0 0.002 0 1
159.066 0.05 0 0 0 0 1
159.118 0.052 0 0 0 0 1
159.166 0.048 0 0 0 0 1
159.216 0.05 0 0 0 0 1
159.268 0.052 0 0 0 0 1
159.318 0.05 0 0 0 0 1
159.368 0.05 0 0 0 0 1
159.418 0.05 0 0 0 0 1
159.468 0.05 0 0 0 0 1
159.59 0.118 0.004 0 0.002 0.002 1
159.616 0.03 0 0 0 0 1
159.666 0.05 0 0 0 0 1
159.712 0.046 0 0 0 0 1
159.758 0.046 0 0 0 0 1
159.81 0.05 0.002 0 0 0.002 1
159.854 0.044 0.002 0 0.002 0 1
159.9 0.048 0 0 0 0 1
159.95 0.05 0 0 0 0 1
160.002 0.052 0 0 0 0 1
160.05 0.048 0 0 0 0 1
160.184 0.132 0.002 0 0.002 0 1
160.188 0.006 0 0 0 0 1
160.24 0.05 0.002 0 0.002 0 1
160.292 0.054 0 0 0 0 1
160.344 0.052 0 0 0 0 1
160.396 0.052 0 0 0 0 1
160.44 0.042 0.002 0 0.002 0 1
160.49 0.05 0.002 0 0.002 0 1
160.542 0.052 0.002 0 0.002 0 1
160.592 0.05 0.002 0 0 0 1
160.642 0.05 0.002 0 0.002 0 1
160.69 0.048 0.002 0 0.002 0 1
160.794 0.106 0 0 0 0 1
160.824 0.03 0 0 0 0 1
160.872 0.048 0 0 0 0 1
160.924 0.05 0.002 0 0.002 0 1
160.972 0.05 0 0 0 0 1
161.016 0.044 0 0 0 0 1
161.068 0.052 0 0 0 0 1
161.12 0.052 0 0 0 0 1
161.172 0.052 0 0 0 0 1
161.226 0.052 0.002 0 0.002 0 1
161.276 0.05 0.002 0 0.002 0 1
161.322 0.046 0.002 0 0.002 0 1
161.372 0.052 0 0 0 0 1
161.42 0.048 0 0 0 0 1
161.472 0.052 0 0 0 0 1
161.59 0.116 0.002 0 0.002 0 1
161.608 0.02 0 0 0 0 1
161.662 0.052 0.002 0 0.002 0 1
161.708 0.048 0 0 0 0 1
161.76 0.052 0 0 0 0 1
161.808 0.046 0.002 0 0.002 0 1
161.858 0.052 0 0 0 0 1
161.91 0.052 0 0 0 0 1
161.96 0.05 0 0 0 0 1
162.012 0.05 0.002 0 0.002 0 1
162.058 0.046 0.002 0 0.002 0 1
162.106 0.05 0 0 0 0 1
162.16 0.052 0.002 0 0.002 0 1
162.298 0.138 0.002 0 0.002 0 1
162.304 0.008 0 0 0 0 1
162.356 0.05 0.002 0 0.002 0 1
162.406 0.052 0 0 0 0 1
162.458 0.048 0.004 0.002 0.002 0 1
162.508 0.054 0 0 0 0 1
162.558 0.05 0 0 0 0 1
162.606 0.046 0.002 0.002 0 0 1
162.654 0.05 0 0 0 0 1
162.706 0.05 0.002 0 0.002 0 1
162.754 0.05 0 0 0 0 1
162.808 0.052 0.002 0 0 0 1
162.85 0.044 0 0 0 0 1
162.978 0.128 0 0 0 0 1
163.028 0.048 0.002 0 0.002 0 1
163.078 0.052 0 0 0 0 1
163.13 0.052 0 0 0 0 1
163.178 0.046 0.002 0 0.002 0 1
163.224 0.048 0 0 0 0 1
163.274 0.05 0 0 0 0 1
163.324 0.05 0 0 0 0 1
163.374 0.05 0 0 0 0 1
163.424 0.048 0.002 0 0.002 0 1
163.476 0.054 0 0 0 0 1
163.562 0.084 0.002 0 0.002 0 1
163.568 0.008 0 0 0 0 1
163.618 0.05 0 0 0 0 1
163.672 0.052 0.002 0 0.002 0 1
163.72 0.048 0.002 0.002 0 0 1
163.77 0.052 0 0 0 0 1
163.816 0.046 0 0 0 0 1
163.87 0.052 0.002 0 0.002 0 1
163.92 0.052 0 0 0 0 1
163.966 0.046 0 0 0 0 1
164.02 0.052 0.002 0 0.002 0 1
164.066 0.046 0.002 0 0.002 0 1
164.114 0.05 0 0 0 0 1
164.222 0.106 0.002 0 0 0.002 1
164.25 0.028 0.002 0.002 0 0 1
164.296 0.046 0.002 0 0.002 0 1
164.348 0.054 0 0 0 0 1
164.402 0.052 0.002 0 0.002 0 1
164.452 0.052 0 0 0 0 1
164.502 0.05 0 0 0 0 1
164.55 0.048 0 0 0 0 1
164.602 0.052 0 0 0 0 1
164.65 0.048 0 0 0 0 1
164.696 0.046 0 0 0 0 1
164.748 0.05 0.002 0.002 0 0 1
164.8 0.052 0.002 0 0.002 0 1
164.842 0.042 0.002 0 0.002 0 1
164.928 0.088 0 0 0 0 1
164.976 0.046 0.002 0 0.002 0 1
165.03 0.054 0.002 0 0.002 0 1
165.08 0.05 0.002 0 0.002 0 1
165.132 0.052 0.002 0 0.002 0 1
165.182 0.052 0 0 0 0 1
165.23 0.046 0.002 0 0.002 0 1
165.278 0.05 0 0 0 0 1
165.33 0.052 0 0 0 0 1
165.382 0.05 0.002 0 0.002 0 1
165.43 0.05 0 0 0 0 1
165.482 0.05 0.002 0 0.002 0 1
165.58 0.1 0 0 0 0 1
165.614 0.032 0.002 0 0.002 0 1
165.664 0.052 0 0 0 0 1
165.716 0.05 0.002 0 0.002 0 1
165.766 0.052 0 0 0 0 1
165.808 0.042 0 0 0 0 1
165.858 0.05 0 0 0 0 1
165.91 0.05 0.002 0 0.002 0 1
165.96 0.052 0 0 0 0 1
166.004 0.044 0 0 0 0 1
166.054 0.05 0 0 0 0 1
166.106 0.052 0 0 0 0 1
166.158 0.05 0.002 0 0.002 0 1
166.206 0.05 0 0 0 0 1
166.252 0.046 0 0 0 0 1
166.304 0.05 0.002 0 0.002 0 1
166.352 0.05 0 0 0 0 1
166.402 0.05 0 0 0 0 1
166.454 0.05 0.002 0 0.002 0 1
166.504 0.052 0 0 0 0 1
166.556 0.05 0.002 0 0.002 0 1
166.604 0.05 0 0 0 0 1
166.656 0.052 0 0 0 0 1
166.706 0.048 0.002 0 0.002 0 1
166.754 0.05 0 0 0 0 1
166.806 0.052 0 0 0 0 1
166.856 0.05 0 0 0 0 1
166.906 0.05 0 0 0 0 1
166.948 0.04 0.002 0 0.002 0 1
167.04 0.092 0.002 0 0.002 0 1
167.078 0.04 0 0 0 0 1
167.132 0.054 0 0 0 0 1
167.182 0.05 0 0 0 0 1
167.234 0.052 0 0 0 0 1
167.288 0.046 0.008 0.008 0 0 1
167.34 0.06 0 0 0 0 1
167.392 0.05 0.002 0 0.002 0 1
167.44 0.05 0 0 0 0 1
167.492 0.052 0 0 0 0 1
167.542 0.048 0.002 0 0.002 0 1
167.592 0.052 0 0 0 0 1
167.644 0.05 0.002 0 0.002 0 1
167.768 0.124 0.002 0 0.002 0 1
167.816 0.048 0.002 0 0.002 0 1
167.868 0.054 0 0 0 0 1
167.92 0.052 0 0 0 0 1
167.972 0.05 0.002 0 0.002 0 1
168.022 0.052 0 0 0 0 1
168.074 0.05 0.002 0 0.002 0 1
168.124 0.05 0.002 0.002 0 0 1
168.172 0.05 0 0 0 0 1
168.224 0.05 0.002 0 0.002 0 1
168.272 0.05 0 0 0 0 1
168.322 0.05 0 0 0 0 1
168.372 0.05 0 0 0 0 1
168.504 0.13 0.002 0 0.002 0 1
168.512 0.01 0 0 0 0 1
168.564 0.052 0 0 0 0 1
168.616 0.052 0 0 0 0 1
168.668 0.05 0.002 0 0.002 0 1
168.718 0.052 0 0 0 0 1
168.768 0.048 0.002 0 0.002 0 1
168.814 0.046 0.002 0 0.002 0 1
168.864 0.052 0 0 0 0 1
168.914 0.05 0 0 0 0 1
168.966 0.05 0.002 0 0.002 0 1
169.016 0.05 0.002 0 0.002 0 1
169.066 0.05 0.002 0 0.002 0 1
169.114 0.05 0 0 0 0 1
169.162 0.048 0 0 0 0 1
169.258 0.094 0.002 0 0.002 0 1
169.298 0.042 0 0 0 0 1
169.35 0.052 0 0 0 0 1
169.4 0.05 0 0 0 0 1
169.45 0.048 0.002 0 0.002 0 1
169.498 0.05 0 0 0 0 1
169.55 0.05 0.002 0.002 0 0 1
169.602 0.052 0.002 0 0.002 0 1
169.652 0.052 0 0 0 0 1
169.704 0.05 0.002 0 0.002 0 1
169.754 0.052 0 0 0 0 1
169.804 0.05 0 0 0 0 1
169.854 0.05 0 0 0 0 1
169.906 0.05 0.002 0 0.002 0 1
169.952 0.048 0 0 0 0 1
170 0.046 0.002 0 0.002 0 1
170.044 0.046 0 0 0 0 1
170.086 0.042 0 0 0 0 1
170.136 0.05 0 0 0 0 1
170.184 0.046 0.002 0 0.002 0 1
170.232 0.048 0.002 0 0.002 0 1
170.28 0.05 0 0 0 0 1
170.332 0.052 0 0 0 0 1
170.38 0.048 0 0 0 0 1
170.432 0.052 0 0 0 0 1
170.482 0.05 0 0 0 0 1
170.532 0.05 0 0 0 0 1
170.58 0.048 0 0 0 0 1
170.628 0.048 0 0 0 0 1
170.676 0.048 0 0 0 0 1
170.78 0.104 0 0 0 0 1
170.814 0.034 0 0 0 0 1
170.868 0.052 0.002 0 0.002 0 1
170.92 0.052 0.002 0 0.002 0 1
170.968 0.05 0 0 0 0 1
171.02 0.052 0 0 0 0 1
171.07 0.05 0 0 0 0 1
171.114 0.042 0.002 0 0.002 0 1
171.158 0.046 0 0 0 0 1
171.21 0.052 0 0 0 0 1
171.264 0.052 0.002 0 0.002 0 1
171.314 0.052 0 0 0 0 1
171.44 0.124 0.002 0 0 0.002 1
171.462 0.022 0.002 0 0.002 0 1
171.51 0.05 0 0 0 0 1
171.558 0.048 0 0 0 0 1
171.61 0.05 0.002 0.002 0 0 1
171.66 0.052 0 0 0 0 1
171.704 0.044 0 0 0 0 1
171.756 0.052 0 0 0 0 1
171.806 0.05 0 0 0 0 1
171.858 0.05 0.002 0 0 0 1
171.908 0.05 0.002 0 0.002 0 1
171.956 0.05 0 0 0 0 1
172.008 0.05 0.002 0 0.002 0 1
172.058 0.05 0.002 0 0.002 0 1
172.206 0.148 0.002 0 0 0.002 1
172.252 0.046 0.002 0 0.002 0 1
172.302 0.052 0 0 0 0 1
172.352 0.05 0 0 0 0 1
172.402 0.05 0 0 0 0 1
172.456 0.052 0.002 0 0.002 0 1
172.504 0.05 0 0 0 0 1
172.548 0.044 0 0 0 0 1
172.598 0.05 0 0 0 0 1
172.642 0.044 0 0 0 0 1
172.694 0.05 0.002 0 0.002 0 1
172.744 0.052 0 0 0 0 1
172.796 0.052 0 0 0 0 1
172.846 0.05 0 0 0 0 1
172.896 0.048 0.002 0.002 0 0 1
172.944 0.05 0 0 0 0 1
172.996 0.052 0 0 0 0 1
173.046 0.05 0 0 0 0 1
173.098 0.05 0.002 0 0.002 0 1
173.146 0.05 0 0 0 0 1
173.194 0.048 0 0 0 0 1
173.244 0.05 0 0 0 0 1
173.296 0.052 0 0 0 0 1
173.346 0.048 0.002 0 0.002 0 1
173.394 0.05 0 0 0 0 1
173.444 0.05 0 0 0 0 1
173.496 0.05 0.002 0 0.002 0 1
173.644 0.15 0 0 0 0 1
173.692 0.044 0.004 0.004 0 0 1
173.744 0.054 0.002 0 0 0.002 1
173.792 0.05 0 0 0 0 1
173.84 0.048 0 0 0 0 1
173.892 0.052 0 0 0 0 1
173.944 0.05 0.002 0 0.002 0 1
173.994 0.05 0.002 0 0.002 0 1
174.042 0.046 0.004 0.002 0.002 0 1
174.09 0.052 0 0 0 0 1
174.144 0.052 0.002 0 0.002 0 1
174.194 0.052 0 0 0 0 1
174.242 0.048 0 0 0 0 1
174.292 0.05 0 0 0 0 1
174.344 0.05 0.002 0 0.002 0 1
174.394 0.05 0.002 0 0.002 0 1
174.444 0.05 0.002 0 0.002 0 1
174.492 0.05 0 0 0 0 1
174.542 0.05 0 0 0 0 1
174.594 0.05 0.002 0 0.002 0 1
174.642 0.05 0 0 0 0 1
174.692 0.048 0.002 0.002 0 0 1
174.742 0.052 0 0 0 0 1
174.794 0.052 0 0 0 0 1
174.844 0.05 0 0 0 0 1
174.894 0.048 0.002 0.002 0 0 1
174.944 0.052 0 0 0 0 1
174.994 0.05 0 0 0 0 1
175.064 0.068 0.002 0 0 0.002 1
175.074 0.01 0.002 0 0.002 0 1
175.126 0.054 0 0 0 0 1
175.18 0.054 0 0 0 0 1
175.232 0.052 0 0 0 0 1
175.282 0.048 0.002 0 0.002 0 1
175.332 0.052 0 0 0 0 1
175.384 0.05 0.002 0.002 0 0 1
175.434 0.052 0 0 0 0 1
175.486 0.05 0.002 0 0.002 0 1
175.534 0.048 0.002 0 0 0 1
175.574 0.042 0 0 0 0 1
175.628 0.054 0 0 0 0 1
175.678 0.05 0 0 0 0 1
175.73 0.05 0.002 0 0.002 0 1
175.848 0.118 0.002 0 0.002 0 1
175.86 0.012 0.002 0 0.002 0 1
175.912 0.054 0 0 0 0 1
175.966 0.052 0.002 0 0.002 0 1
176.016 0.052 0 0 0 0 1
176.068 0.05 0.002 0 0.002 0 1
176.118 0.052 0 0 0 0 1
176.17 0.05 0.002 0 0.002 0 1
176.22 0.052 0 0 0 0 1
176.27 0.05 0 0 0 0 1
176.318 0.048 0 0 0 0 1
176.37 0.052 0 0 0 0 1
176.422 0.05 0.002 0 0 0.002 1
176.5 0.078 0.002 0.002 0 0 1
176.512 0.014 0 0 0 0 1
176.564 0.052 0 0 0 0 1
176.616 0.052 0 0 0 0 1
176.668 0.052 0 0 0 0 1
176.72 0.05 0.002 0 0.002 0 1
176.77 0.052 0 0 0 0 1
176.82 0.05 0 0 0 0 1
176.866 0.044 0.002 0 0.002 0 1
176.916 0.052 0 0 0 0 1
176.966 0.048 0.002 0 0.002 0 1
177.014 0.05 0 0 0 0 1
177.064 0.05 0 0 0 0 1
177.106 0.042 0 0 0 0 1
177.156 0.05 0 0 0 0 1
177.258 0.1 0.002 0 0 0 1
177.3 0.042 0.002 0 0.002 0 1
177.35 0.05 0.002 0.002 0 0 1
177.4 0.052 0 0 0 0 1
177.45 0.048 0.002 0.002 0 0 1
177.496 0.048 0 0 0 0 1
177.544 0.048 0 0 0 0 1
177.596 0.048 0.004 0 0.004 0 1
177.644 0.05 0.002 0 0.002 0 1
177.696 0.052 0.002 0 0.002 0 1
177.746 0.052 0 0 0 0 1
177.792 0.044 0.002 0 0 0 1
177.842 0.052 0 0 0 0 1
177.894 0.05 0.002 0 0.002 0 1
177.934 0.042 0 0 0 0 1
177.986 0.052 0 0 0 0 1
178.038 0.05 0.002 0 0.002 0 1
178.088 0.05 0.002 0 0.002 0 1
178.132 0.044 0.002 0 0.002 0 1
178.182 0.052 0 0 0 0 1
178.232 0.05 0 0 0 0 1
178.284 0.052 0 0 0 0 1
178.334 0.05 0 0 0 0 1
178.384 0.05 0 0 0 0 1
178.436 0.05 0.002 0 0.002 0 1
178.484 0.05 0 0 0 0 1
178.536 0.05 0.002 0 0.002 0 1
178.644 0.108 0.002 0 0.002 0 1
178.67 0.026 0.002 0.002 0 0 1
178.72 0.05 0.002 0.002 0 0 1
178.764 0.044 0.002 0 0.002 0 1
178.814 0.05 0.002 0.002 0 0 1
178.864 0.052 0 0 0 0 1
178.916 0.05 0.002 0 0.002 0 1
178.966 0.05 0.002 0.002 0 0 1
179.016 0.05 0.002 0.002 0 0 1
179.066 0.052 0 0 0 0 1
179.116 0.05 0 0 0 0 1
179.162 0.046 0 0 0 0 1
179.256 0.092 0.002 0.002 0 0 1
179.302 0.046 0.002 0 0.002 0 1
179.35 0.05 0 0 0 0 1
179.394 0.044 0 0 0 0 1
179.446 0.052 0 0 0 0 1
179.494 0.048 0 0 0 0 1
179.546 0.052 0 0 0 0 1
179.598 0.05 0.002 0 0.002 0 1
179.648 0.05 0.002 0 0.002 0 1
179.698 0.05 0.002 0.002 0 0 1
179.748 0.05 0.002 0 0.002 0 1
179.796 0.048 0.002 0 0.002 0 1
179.844 0.05 0 0 0 0 1
179.972 0.124 0.004 0 0.004 0 1
179.988 0.02 0 0 0 0 1
180.03 0.042 0 0 0 0 1
180.082 0.052 0 0 0 0 1
180.132 0.048 0.002 0 0.002 0 1
180.182 0.052 0 0 0 0 1
180.234 0.05 0.002 0 0.002 0 1
180.28 0.048 0 0 0 0 1
180.33 0.05 0 0 0 0 1
180.38 0.05 0 0 0 0 1
180.432 0.052 0 0 0 0 1
180.484 0.05 0.002 0 0.002 0 1
180.586 0.102 0.002 0 0.002 0 1
180.618 0.034 0 0 0 0 1
180.67 0.052 0 0 0 0 1
180.724 0.052 0.002 0 0.002 0 1
180.776 0.052 0.002 0 0.002 0 1
180.826 0.052 0 0 0 0 1
180.878 0.05 0.002 0 0.002 0 1
180.928 0.052 0 0 0 0 1
180.978 0.05 0 0 0 0 1
181.02 0.042 0 0 0 0 1
181.07 0.05 0 0 0 0 1
181.12 0.05 0 0 0 0 1
181.226 0.106 0 0 0 0 1
181.264 0.038 0 0 0 0 1
181.316 0.052 0 0 0 0 1
181.368 0.052 0 0 0 0 1
181.418 0.05 0 0 0 0 1
181.468 0.05 0 0 0 0 1
181.52 0.052 0 0 0 0 1
181.566 0.046 0 0 0 0 1
181.618 0.052 0 0 0 0 1
181.668 0.05 0 0 0 0 1
181.716 0.046 0.002 0 0.002 0 1
181.812 0.098 0 0 0 0 1
181.858 0.044 0.002 0 0.002 0 1
181.91 0.052 0.002 0 0.002 0 1
181.96 0.052 0 0 0 0 1
182.012 0.05 0.002 0 0.002 0 1
182.064 0.052 0.002 0 0.002 0 1
182.112 0.05 0 0 0 0 1
182.164 0.05 0.002 0 0.002 0 1
182.214 0.052 0 0 0 0 1
182.266 0.05 0.002 0 0.002 0 1
182.316 0.052 0 0 0 0 1
182.364 0.048 0 0 0 0 1
182.414 0.05 0 0 0 0 1
182.514 0.1 0 0 0 0 1
182.556 0.042 0 0 0 0 1
182.604 0.048 0 0 0 0 1
182.658 0.052 0.002 0 0.002 0 1
182.706 0.05 0 0 0 0 1
182.758 0.052 0 0 0 0 1
182.806 0.048 0 0 0 0 1
182.856 0.05 0 0 0 0 1
182.904 0.042 0.006 0.006 0 0 1
182.952 0.054 0 0 0 0 1
183.004 0.052 0 0 0 0 1
183.1 0.096 0 0 0 0 1
183.12 0.02 0 0 0 0 1
183.174 0.048 0.006 0.006 0 0 1
183.23 0.06 0.002 0.002 0 0 1
183.284 0.056 0 0 0 0 1
183.334 0.05 0 0 0 0 1
183.388 0.054 0 0 0 0 1
183.44 0.05 0.002 0.002 0 0 1
183.492 0.052 0.002 0 0.002 0 1
183.54 0.048 0.002 0.002 0 0 1
183.586 0.048 0 0 0 0 1
183.72 0.132 0.002 0.002 0 0 1
183.732 0.012 0.002 0 0.002 0 1
183.784 0.052 0.002 0 0.002 0 1
183.836 0.052 0.002 0 0.002 0 1
183.886 0.05 0.002 0.002 0 0 1
183.936 0.052 0 0 0 0 1
183.988 0.05 0.002 0 0.002 0 1
184.038 0.05 0.002 0 0.002 0 1
184.088 0.052 0 0 0 0 1
184.138 0.048 0.002 0 0.002 0 1
184.186 0.05 0 0 0 0 1
184.238 0.05 0.002 0.002 0 0 1
184.338 0.102 0 0 0 0 1
184.368 0.03 0 0 0 0 1
184.416 0.048 0 0 0 0 1
184.47 0.052 0.002 0 0.002 0 1
184.522 0.052 0.002 0 0.002 0 1
184.572 0.052 0 0 0 0 1
184.624 0.05 0.002 0 0.002 0 1
184.674 0.052 0 0 0 0 1
184.726 0.05 0.002 0 0.002 0 1
184.776 0.05 0.002 0.002 0 0 1
184.826 0.052 0 0 0 0 1
184.876 0.05 0 0 0 0 1
184.99 0.114 0 0 0 0 1
185.016 0.024 0.002 0 0.002 0 1
185.066 0.05 0.002 0 0.002 0 1
185.116 0.052 0 0 0 0 1
185.168 0.05 0.002 0 0.002 0 1
185.216 0.05 0 0 0 0 1
185.266 0.05 0 0 0 0 1
185.31 0.044 0 0 0 0 1
185.356 0.046 0 0 0 0 1
185.408 0.05 0.002 0 0.002 0 1
185.456 0.05 0 0 0 0 1
185.508 0.05 0.002 0 0.002 0 1
185.558 0.05 0.002 0.002 0 0 1
185.608 0.052 0 0 0 0 1
185.658 0.048 0.002 0 0.002 0 1
185.706 0.05 0 0 0 0 1
185.83 0.122 0.002 0 0.002 0 1
185.844 0.014 0.002 0 0.002 0 1
185.894 0.05 0.002 0 0.002 0 1
185.944 0.052 0 0 0 0 1
185.994 0.05 0 0 0 0 1
186.046 0.052 0 0 0 0 1
186.096 0.05 0 0 0 0 1
186.148 0.05 0.002 0 0.002 0 1
186.198 0.052 0 0 0 0 1
186.248 0.048 0.002 0 0 0.002 1
186.296 0.05 0 0 0 0 1
186.344 0.048 0 0 0 0 1
186.392 0.048 0 0 0 0 1
186.442 0.05 0 0 0 0 1
186.494 0.052 0 0 0 0 1
186.544 0.048 0.002 0 0.002 0 1
186.592 0.05 0 0 0 0 1
186.644 0.052 0 0 0 0 1
186.684 0.04 0 0 0 0 1
186.734 0.05 0 0 0 0 1
186.782 0.048 0 0 0 0 1
186.834 0.05 0.002 0 0.002 0 1
186.872 0.04 0 0 0 0 1
186.92 0.048 0 0 0 0 1
186.974 0.054 0 0 0 0 1
187.022 0.048 0 0 0 0 1
187.076 0.052 0.002 0 0.002 0 1
187.12 0.046 0 0 0 0 1
187.17 0.05 0 0 0 0 1
187.222 0.052 0 0 0 0 1
187.344 0.12 0.002 0 0.002 0 1
187.366 0.024 0 0 0 0 1
187.406 0.04 0 0 0 0 1
187.458 0.052 0 0 0 0 1
187.508 0.048 0.002 0 0.002 0 1
187.548 0.042 0 0 0 0 1
187.592 0.044 0 0 0 0 1
187.644 0.05 0.002 0 0.002 0 1
187.688 0.046 0 0 0 0 1
187.736 0.048 0 0 0 0 1
187.79 0.054 0 0 0 0 1
187.84 0.05 0 0 0 0 1
187.89 0.05 0 0 0 0 1
187.998 0.106 0.002 0 0.002 0 1
188.018 0.022 0 0 0 0 1
188.064 0.046 0 0 0 0 1
188.11 0.046 0 0 0 0 1
188.164 0.054 0 0 0 0 1
188.214 0.05 0 0 0 0 1
188.268 0.052 0.002 0 0.002 0 1
188.318 0.052 0 0 0 0 1
188.374 0.056 0 0 0 0 1
188.42 0.046 0 0 0 0 1
188.472 0.052 0 0 0 0 1
188.518 0.046 0 0 0 0 1
188.562 0.042 0 0 0 0 1
188.614 0.05 0.002 0 0.002 0 1
188.664 0.052 0 0 0 0 1
188.732 0.068 0 0 0 0 1
188.748 0.014 0.002 0 0.002 0 1
188.8 0.052 0.002 0 0 0 1
188.852 0.052 0.002 0 0 0 1
188.902 0.052 0 0 0 0 1
188.95 0.046 0.002 0.002 0 0 1
189 0.052 0 0 0 0 1
189.05 0.05 0 0 0 0 1
189.102 0.05 0.002 0 0.002 0 1
189.152 0.05 0.002 0 0.002 0 1
189.2 0.048 0.002 0 0.002 0 1
189.25 0.052 0 0 0 0 1
189.364 0.112 0.002 0 0.002 0 1
189.382 0.02 0 0 0 0 1
189.428 0.046 0 0 0 0 1
189.478 0.05 0 0 0 0 1
189.53 0.05 0.002 0 0.002 0 1
189.58 0.052 0 0 0 0 1
189.628 0.048 0 0 0 0 1
189.678 0.05 0 0 0 0 1
189.728 0.05 0 0 0 0 1
189.778 0.05 0 0 0 0 1
189.828 0.05 0 0 0 0 1
189.938 0.108 0.002 0.002 0 0 1
189.966 0.03 0 0 0 0 1
190.02 0.052 0.002 0.002 0 0 1
190.068 0.05 0 0 0 0 1
190.12 0.052 0 0 0 0 1
190.17 0.05 0 0 0 0 1
190.22 0.05 0 0 0 0 1
190.274 0.05 0.004 0.002 0.002 0 1
190.322 0.052 0 0 0 0 1
190.372 0.05 0 0 0 0 1
190.424 0.05 0.002 0 0.002 0 1
190.472 0.05 0 0 0 0 1
190.584 0.112 0 0 0 0 1
190.606 0.022 0 0 0 0 1
190.658 0.05 0.002 0 0.002 0 1
190.71 0.052 0.002 0 0 0 1
190.758 0.048 0.002 0 0.002 0 1
190.808 0.052 0 0 0 0 1
190.858 0.05 0 0 0 0 1
190.902 0.042 0.002 0 0.002 0 1
190.95 0.05 0 0 0 0 1
190.996 0.044 0.002 0 0.002 0 1
191.044 0.05 0 0 0 0 1
191.096 0.05 0.002 0 0.002 0 1
191.194 0.098 0.002 0.002 0 0 1
191.23 0.038 0 0 0 0 1
191.284 0.054 0 0 0 0 1
191.334 0.05 0 0 0 0 1
191.388 0.052 0.002 0 0.002 0 1
191.44 0.052 0.002 0 0.002 0 1
191.486 0.046 0.002 0 0.002 0 1
191.53 0.044 0.002 0 0.002 0 1
191.58 0.052 0 0 0 0 1
191.628 0.048 0 0 0 0 1
191.68 0.05 0.002 0 0.002 0 1
191.728 0.05 0 0 0 0 1
191.774 0.046 0 0 0 0 1
191.814 0.04 0 0 0 0 1
191.926 0.11 0.002 0 0.002 0 1
191.948 0.022 0.002 0 0 0.002 1
191.998 0.048 0.004 0.004 0 0 1
192.052 0.056 0.002 0 0.002 0 1
192.102 0.05 0.002 0 0.002 0 1
192.154 0.052 0.002 0 0.002 0 1
192.204 0.052 0 0 0 0 1
192.254 0.05 0 0 0 0 1
192.304 0.05 0 0 0 0 1
192.354 0.05 0 0 0 0 1
192.406 0.05 0.002 0 0.002 0 1
192.456 0.052 0 0 0 0 1
192.506 0.05 0 0 0 0 1
192.556 0.05 0 0 0 0 1
192.652 0.094 0.002 0 0.002 0 1
192.698 0.046 0.002 0.002 0 0 1
192.748 0.052 0 0 0 0 1
192.8 0.05 0.002 0 0.002 0 1
192.85 0.052 0 0 0 0 1
192.9 0.05 0 0 0 0 1
192.95 0.05 0 0 0 0 1
193.002 0.05 0.002 0 0.002 0 1
193.048 0.048 0 0 0 0 1
193.1 0.05 0.002 0 0.002 0 1
193.146 0.048 0 0 0 0 1
193.198 0.05 0.002 0 0.002 0 1
193.328 0.13 0.002 0 0 0.002 1
193.33 0.002 0.002 0 0.002 0 1
193.382 0.054 0 0 0 0 1
193.434 0.05 0.002 0 0.002 0 1
193.484 0.052 0 0 0 0 1
193.534 0.048 0.002 0 0 0.002 1
193.586 0.052 0.002 0 0.002 0 1
193.638 0.052 0.002 0 0.002 0 1
193.684 0.048 0 0 0 0 1
193.734 0.05 0 0 0 0 1
193.788 0.052 0.002 0 0.002 0 1
193.838 0.052 0 0 0 0 1
193.918 0.08 0 0 0 0 1
193.922 0 0.004 0 0.004 0 1
193.972 0.052 0.002 0 0.002 0 1
194.02 0.05 0 0 0 0 1
194.072 0.052 0 0 0 0 1
194.122 0.05 0 0 0 0 1
194.178 0.054 0.002 0 0.002 0 1
194.228 0.052 0 0 0 0 1
194.278 0.05 0 0 0 0 1
194.33 0.05 0.002 0 0.002 0 1
194.382 0.052 0.002 0 0.002 0 1
194.428 0.046 0.002 0.002 0 0 1
194.51 0.084 0 0 0 0 1
194.516 0.004 0.002 0 0.002 0 1
194.564 0.05 0 0 0 0 1
194.616 0.052 0 0 0 0 1
194.666 0.05 0 0 0 0 1
194.716 0.05 0 0 0 0 1
194.768 0.05 0.002 0 0.002 0 1
194.82 0.052 0.002 0 0 0.002 1
194.87 0.05 0.002 0 0.002 0 1
194.92 0.05 0.002 0 0.002 0 1
194.974 0.056 0 0 0 0 1
195.022 0.046 0.002 0 0.002 0 1
195.07 0.05 0 0 0 0 1
195.118 0.048 0 0 0 0 1
195.216 0.094 0.004 0 0 0.004 1
195.26 0.048 0 0 0 0 1
195.312 0.052 0 0 0 0 1
195.364 0.05 0.002 0 0.002 0 1
195.41 0.048 0 0 0 0 1
195.45 0.038 0.002 0 0.002 0 1
195.504 0.054 0.002 0 0.002 0 1
195.556 0.052 0.002 0.002 0 0 1
195.608 0.054 0 0 0 0 1
195.66 0.052 0 0 0 0 1
195.71 0.05 0 0 0 0 1
195.764 0.054 0 0 0 0 1
195.812 0.048 0 0 0 0 1
195.898 0.084 0.002 0 0.002 0 1
195.898 0.002 0 0 0 0 1
195.952 0.054 0 0 0 0 1
196.006 0.052 0.002 0 0.002 0 1
196.058 0.052 0.002 0 0.002 0 1
196.108 0.052 0 0 0 0 1
196.158 0.048 0.002 0 0.002 0 1
196.208 0.052 0 0 0 0 1
196.258 0.05 0 0 0 0 1
196.31 0.052 0 0 0 0 1
196.358 0.048 0 0 0 0 1
196.41 0.052 0 0 0 0 1
196.492 0.08 0.002 0 0.002 0 1
196.504 0.012 0.002 0 0.002 0 1
196.548 0.046 0 0 0 0 1
196.6 0.05 0.002 0 0.002 0 1
196.652 0.054 0 0 0 0 1
196.706 0.052 0.002 0 0.002 0 1
196.754 0.048 0.002 0 0.002 0 1
196.806 0.052 0.002 0 0.002 0 1
196.856 0.052 0 0 0 0 1
196.908 0.052 0 0 0 0 1
196.956 0.046 0.002 0 0.002 0 1
197.008 0.052 0.002 0 0.002 0 1
197.058 0.05 0.002 0.002 0 0 1
197.164 0.106 0.002 0 0 0.002 1
197.208 0.044 0.002 0 0.002 0 1
197.258 0.05 0.002 0.002 0 0 1
197.308 0.052 0 0 0 0 1
197.352 0.044 0 0 0 0 1
197.404 0.052 0 0 0 0 1
197.456 0.046 0.006 0.004 0.002 0 1
197.506 0.056 0 0 0 0 1
197.556 0.05 0 0 0 0 1
197.608 0.05 0.002 0 0.002 0 1
197.658 0.052 0 0 0 0 1
197.77 0.11 0.002 0 0 0 1
197.798 0.03 0 0 0 0 1
197.85 0.05 0.002 0 0.002 0 1
197.9 0.05 0.002 0 0.002 0 1
197.942 0.042 0.002 0 0.002 0 1
197.99 0.048 0.002 0.002 0 0 1
198.04 0.052 0 0 0 0 1
198.092 0.05 0.002 0 0 0.002 1
198.14 0.048 0.002 0.002 0 0 1
198.19 0.05 0.002 0.002 0 0 1
198.24 0.052 0 0 0 0 1
198.29 0.05 0 0 0 0 1
198.338 0.048 0 0 0 0 1
198.39 0.05 0.002 0 0.002 0 1
198.438 0.05 0 0 0 0 1
198.484 0.046 0 0 0 0 1
198.534 0.048 0.002 0 0.002 0 1
198.582 0.048 0.002 0.002 0 0 1
198.632 0.05 0.002 0.002 0 0 1
198.684 0.052 0.002 0 0.002 0 1
198.732 0.05 0 0 0 0 1
198.782 0.048 0.002 0.002 0 0 1
198.832 0.052 0 0 0 0 1
198.884 0.05 0.002 0 0 0.002 1
198.932 0.05 0 0 0 0 1
198.984 0.05 0.002 0 0 0.002 1
199.034 0.05 0.002 0 0.002 0 1
199.156 0.122 0.002 0.002 0 0 1
199.172 0.018 0 0 0 0 1
199.226 0.052 0.002 0 0 0 1
199.276 0.052 0 0 0 0 1
199.328 0.05 0.002 0.002 0 0 1
199.378 0.052 0 0 0 0 1
199.43 0.05 0.002 0 0.002 0 1
199.478 0.048 0.002 0 0.002 0 1
199.528 0.052 0 0 0 0 1
199.576 0.048 0 0 0 0 1
199.626 0.05 0 0 0 0 1
199.678 0.052 0 0 0 0 1
199.786 0.106 0.002 0 0.002 0 1
199.816 0.032 0 0 0 0 1
199.868 0.052 0 0 0 0 1
199.92 0.05 0.002 0 0.002 0 1
199.972 0.052 0.002 0 0.002 0 1
200.022 0.05 0.002 0.002 0 0 1
200.072 0.052 0 0 0 0 1
200.124 0.05 0.002 0 0.002 0 1
200.174 0.05 0.002 0 0.002 0 1
200.22 0.048 0 0 0 0 1
200.27 0.05 0 0 0 0 1
200.322 0.046 0.006 0.004 0.002 0 1
200.372 0.056 0 0 0 0 1
200.458 0.082 0.004 0.004 0 0 1
200.464 0.01 0 0 0 0 1
200.516 0.052 0 0 0 0 1
200.568 0.05 0.002 0 0.002 0 1
200.616 0.05 0 0 0 0 1
200.668 0.052 0 0 0 0 1
200.714 0.044 0.002 0 0.002 0 1
200.766 0.052 0.002 0 0.002 0 1
200.816 0.052 0 0 0 0 1
200.864 0.048 0 0 0 0 1
200.912 0.046 0.002 0 0.002 0 1
200.962 0.052 0 0 0 0 1
201.012 0.05 0 0 0 0 1
201.062 0.048 0.002 0 0.002 0 1
201.154 0.092 0.002 0 0.002 0 1
201.194 0.042 0 0 0 0 1
201.244 0.048 0.002 0 0.002 0 1
201.29 0.048 0 0 0 0 1
201.342 0.05 0.002 0 0.002 0 1
201.39 0.048 0.002 0 0.002 0 1
201.436 0.048 0 0 0 0 1
201.488 0.05 0.002 0 0.002 0 1
201.538 0.052 0 0 0 0 1
201.588 0.05 0 0 0 0 1
201.64 0.05 0.002 0 0 0.002 1
201.74 0.1 0.002 0.002 0 0 1
201.774 0.036 0 0 0 0 1
201.824 0.05 0 0 0 0 1
201.874 0.05 0 0 0 0 1
201.926 0.05 0.002 0 0.002 0 1
201.974 0.05 0 0 0 0 1
202.026 0.05 0.002 0 0.002 0 1
202.074 0.05 0 0 0 0 1
202.126 0.052 0 0 0 0 1
202.172 0.046 0 0 0 0 1
202.224 0.05 0.002 0.002 0 0 1
202.27 0.048 0 0 0 0 1
202.318 0.048 0 0 0 0 1
202.368 0.05 0 0 0 0 1
202.48 0.11 0.002 0.002 0 0 1
202.502 0.024 0 0 0 0 1
202.55 0.048 0 0 0 0 1
202.602 0.05 0.002 0 0.002 0 1
202.652 0.052 0 0 0 0 1
202.702 0.05 0 0 0 0 1
202.752 0.05 0 0 0 0 1
202.802 0.05 0 0 0 0 1
202.85 0.048 0 0 0 0 1
202.904 0.052 0.002 0 0.002 0 1
202.952 0.05 0 0 0 0 1
203.002 0.05 0 0 0 0 1
203.052 0.048 0.002 0.002 0 0 1
203.166 0.116 0 0 0 0 1
203.178 0.012 0 0 0 0 1
203.228 0.048 0.002 0.002 0 0 1
203.28 0.054 0 0 0 0 1
203.332 0.05 0.002 0.002 0 0 1
203.384 0.052 0.002 0 0.002 0 1
203.434 0.052 0 0 0 0 1
203.482 0.046 0.002 0 0.002 0 1
203.534 0.052 0.002 0 0.002 0 1
203.584 0.052 0 0 0 0 1
203.63 0.044 0.002 0 0 0.002 1
203.682 0.052 0.002 0 0.002 0 1
203.732 0.052 0 0 0 0 1
203.848 0.114 0.002 0.002 0 0 1
203.874 0.028 0 0 0 0 1
203.922 0.048 0 0 0 0 1
203.974 0.052 0 0 0 0 1
204.022 0.048 0 0 0 0 1
204.074 0.05 0.002 0 0.002 0 1
204.124 0.052 0 0 0 0 1
204.174 0.048 0.002 0 0.002 0 1
204.226 0.052 0.002 0 0 0.002 1
204.276 0.05 0.002 0 0.002 0 1
204.324 0.05 0 0 0 0 1
204.372 0.048 0 0 0 0 1
204.422 0.05 0 0 0 0 1
204.522 0.098 0.002 0 0.002 0 1
204.57 0.05 0 0 0 0 1
204.622 0.05 0.002 0.002 0 0 1
204.672 0.052 0 0 0 0 1
204.722 0.048 0.002 0 0.002 0 1
204.77 0.05 0 0 0 0 1
204.818 0.048 0 0 0 0 1
204.87 0.05 0.002 0.002 0 0 1
204.916 0.048 0 0 0 0 1
204.964 0.048 0 0 0 0 1
205.018 0.054 0 0 0 0 1
205.146 0.126 0.002 0 0 0.002 1
205.154 0.008 0.002 0 0.002 0 1
205.202 0.048 0.002 0 0.002 0 1
205.254 0.052 0.002 0 0 0 1
205.304 0.05 0.002 0.002 0 0 1
205.354 0.052 0 0 0 0 1
205.406 0.05 0.002 0 0.002 0 1
205.448 0.042 0.002 0.002 0 0 1
205.498 0.052 0 0 0 0 1
205.546 0.046 0.002 0 0 0.002 1
205.592 0.048 0 0 0 0 1
205.644 0.052 0 0 0 0 1
205.756 0.11 0.002 0 0 0.002 1
205.788 0.034 0 0 0 0 1
205.84 0.052 0 0 0 0 1
205.89 0.05 0 0 0 0 1
205.938 0.048 0 0 0 0 1
205.986 0.048 0 0 0 0 1
206.036 0.048 0.002 0 0.002 0 1
206.086 0.048 0.004 0.004 0 0 1
206.138 0.054 0.002 0 0.002 0 1
206.188 0.052 0 0 0 0 1
206.238 0.05 0 0 0 0 1
206.378 0.138 0.002 0.002 0 0 1
206.426 0.048 0.002 0 0.002 0 1
206.476 0.05 0.002 0.002 0 0 1
206.526 0.052 0 0 0 0 1
206.578 0.05 0.002 0 0.002 0 1
206.626 0.05 0 0 0 0 1
206.678 0.052 0 0 0 0 1
206.728 0.05 0 0 0 0 1
206.778 0.05 0 0 0 0 1
206.828 0.05 0 0 0 0 1
206.878 0.05 0 0 0 0 1
206.94 0.06 0.002 0 0.002 0 1
206.958 0.018 0.002 0 0.002 0 1
207.012 0.054 0.002 0 0 0.002 1
207.062 0.048 0.004 0 0.004 0 1
207.112 0.054 0 0 0 0 1
207.164 0.05 0.002 0 0.002 0 1
207.214 0.052 0 0 0 0 1
207.264 0.05 0 0 0 0 1
207.312 0.046 0.002 0 0.002 0 1
207.362 0.052 0 0 0 0 1
207.414 0.05 0.002 0 0.002 0 1
207.464 0.05 0.002 0 0.002 0 1
207.512 0.05 0 0 0 0 1
207.61 0.098 0 0 0 0 1
207.654 0.044 0 0 0 0 1
207.706 0.05 0.002 0 0.002 0 1
207.744 0.04 0 0 0 0 1
207.8 0.054 0.002 0 0.002 0 1
207.846 0.048 0 0 0 0 1
207.898 0.05 0.002 0 0.002 0 1
207.95 0.052 0.002 0 0.002 0 1
208 0.05 0.002 0.002 0 0 1
208.052 0.052 0.002 0 0 0 1
208.096 0.046 0 0 0 0 1
208.148 0.05 0.002 0 0.002 0 1
208.198 0.052 0 0 0 0 1
208.328 0.128 0.002 0.002 0 0 1
208.344 0.018 0 0 0 0 1
208.392 0.048 0 0 0 0 1
208.444 0.052 0 0 0 0 1
208.494 0.05 0 0 0 0 1
208.546 0.052 0 0 0 0 1
208.596 0.05 0 0 0 0 1
208.646 0.05 0 0 0 0 1
208.696 0.05 0 0 0 0 1
208.734 0.038 0 0 0 0 1
208.79 0.054 0.002 0 0.002 0 1
208.84 0.052 0 0 0 0 1
208.89 0.05 0 0 0 0 1
209.012 0.12 0.002 0 0 0 1
209.02 0.008 0.002 0.002 0 0 1
209.07 0.052 0 0 0 0 1
209.116 0.046 0 0 0 0 1
209.168 0.052 0 0 0 0 1
209.22 0.05 0.002 0 0.002 0 1
209.27 0.052 0 0 0 0 1
209.32 0.05 0 0 0 0 1
209.37 0.05 0 0 0 0 1
209.422 0.05 0.002 0 0.002 0 1
209.472 0.05 0.002 0 0.002 0 1
209.596 0.126 0 0 0 0 1
209.618 0.02 0.002 0.002 0 0 1
209.666 0.05 0 0 0 0 1
209.718 0.052 0 0 0 0 1
209.77 0.05 0.002 0 0.002 0 1
209.82 0.052 0 0 0 0 1
209.866 0.046 0 0 0 0 1
209.914 0.048 0 0 0 0 1
209.958 0.042 0.002 0.002 0 0 1
210.006 0.05 0 0 0 0 1
210.06 0.052 0.002 0 0.002 0 1
210.108 0.05 0 0 0 0 1
210.16 0.052 0 0 0 0 1
210.21 0.05 0 0 0 0 1
210.26 0.05 0 0 0 0 1
210.312 0.05 0.002 0 0.002 0 1
210.358 0.046 0.002 0.002 0 0 1
210.41 0.054 0 0 0 0 1
210.46 0.05 0 0 0 0 1
210.502 0.042 0 0 0 0 1
210.552 0.048 0.002 0 0.002 0 1
210.598 0.046 0.002 0 0.002 0 1
210.648 0.052 0 0 0 0 1
210.692 0.042 0.002 0 0.002 0 1
210.74 0.05 0 0 0 0 1
210.79 0.05 0 0 0 0 1
210.84 0.05 0 0 0 0 1
210.888 0.048 0 0 0 0 1
210.942 0.052 0.002 0 0.002 0 1
210.992 0.052 0 0 0 0 1
211.112 0.118 0.002 0 0.002 0 1
211.136 0.026 0 0 0 0 1
211.184 0.046 0.002 0 0.002 0 1
211.236 0.052 0.002 0 0 0 1
211.286 0.05 0.002 0 0.002 0 1
211.336 0.052 0 0 0 0 1
211.388 0.05 0.002 0 0.002 0 1
211.436 0.05 0 0 0 0 1
211.488 0.052 0 0 0 0 1
211.538 0.05 0 0 0 0 1
211.588 0.05 0 0 0 0 1
211.636 0.046 0.002 0 0.002 0 1
211.684 0.046 0.004 0.004 0 0 1
211.736 0.054 0.002 0 0.002 0 1
211.784 0.05 0 0 0 0 1
211.834 0.048 0.002 0 0.002 0 1
211.884 0.05 0.002 0 0.002 0 1
211.934 0.05 0.002 0 0.002 0 1
211.982 0.05 0 0 0 0 1
212.032 0.046 0.004 0 0.004 0 1
212.082 0.052 0.002 0.002 0 0 1
212.132 0.052 0 0 0 0 1
212.182 0.05 0 0 0 0 1
212.222 0.04 0 0 0 0 1
212.272 0.05 0 0 0 0 1
212.324 0.05 0.002 0.002 0 0 1
212.374 0.05 0.002 0.002 0 0 1
212.424 0.052 0 0 0 0 1
212.51 0.086 0 0 0 0 1
212.514 0.002 0.002 0 0.002 0 1
212.564 0.052 0 0 0 0 1
212.618 0.052 0.002 0 0.002 0 1
212.67 0.052 0.002 0 0.002 0 1
212.72 0.052 0 0 0 0 1
212.77 0.05 0 0 0 0 1
212.822 0.05 0.002 0 0.002 0 1
212.872 0.052 0 0 0 0 1
212.922 0.05 0 0 0 0 1
212.972 0.05 0 0 0 0 1
213.024 0.05 0.002 0 0.002 0 1
213.072 0.05 0 0 0 0 1
213.122 0.05 0 0 0 0 1
213.218 0.096 0 0 0 0 1
213.254 0.036 0 0 0 0 1
213.308 0.052 0.002 0 0.002 0 1
213.36 0.052 0.002 0 0.002 0 1
213.41 0.052 0 0 0 0 1
213.46 0.05 0 0 0 0 1
213.51 0.05 0 0 0 0 1
213.562 0.05 0.002 0.002 0 0 1
213.61 0.05 0 0 0 0 1
213.654 0.042 0.002 0 0.002 0 1
213.704 0.052 0 0 0 0 1
213.754 0.05 0 0 0 0 1
213.804 0.05 0 0 0 0 1
213.856 0.052 0 0 0 0 1
213.902 0.046 0 0 0 0 1
213.952 0.05 0 0 0 0 1
214.002 0.05 0 0 0 0 1
214.052 0.05 0 0 0 0 1
214.1 0.048 0 0 0 0 1
214.152 0.05 0.002 0 0.002 0 1
214.2 0.05 0 0 0 0 1
214.252 0.052 0 0 0 0 1
214.3 0.048 0 0 0 0 1
214.352 0.05 0.002 0.002 0 0 1
214.402 0.05 0.002 0.002 0 0 1
214.452 0.052 0 0 0 0 1
214.502 0.044 0.006 0 0.006 0 1
214.552 0.056 0 0 0 0 1
214.602 0.05 0 0 0 0 1
214.712 0.108 0.002 0 0.002 0 1
214.742 0.032 0 0 0 0 1
214.794 0.05 0.002 0 0.002 0 1
214.846 0.052 0.002 0 0.002 0 1
214.896 0.052 0 0 0 0 1
214.948 0.05 0.002 0 0.002 0 1
214.998 0.05 0.002 0.002 0 0 1
215.048 0.052 0 0 0 0 1
215.096 0.048 0 0 0 0 1
215.136 0.04 0 0 0 0 1
215.186 0.048 0.002 0 0.002 0 1
215.234 0.05 0 0 0 0 1
215.282 0.048 0 0 0 0 1
215.388 0.104 0.002 0 0.002 0 1
215.428 0.042 0 0 0 0 1
215.48 0.052 0 0 0 0 1
215.53 0.05 0 0 0 0 1
215.584 0.052 0.002 0 0.002 0 1
215.632 0.05 0 0 0 0 1
215.684 0.052 0 0 0 0 1
215.736 0.05 0.002 0 0.002 0 1
215.786 0.05 0.002 0 0.002 0 1
215.832 0.048 0 0 0 0 1
215.882 0.05 0 0 0 0 1
215.934 0.05 0.002 0 0.002 0 1
215.982 0.05 0 0 0 0 1
216.03 0.048 0 0 0 0 1
216.08 0.05 0 0 0 0 1
216.13 0.05 0 0 0 0 1
216.182 0.052 0 0 0 0 1
216.232 0.048 0.002 0 0.002 0 1
216.282 0.052 0 0 0 0 1
216.332 0.05 0 0 0 0 1
216.382 0.05 0 0 0 0 1
216.434 0.05 0.002 0 0 0.002 1
216.48 0.046 0.002 0 0.002 0 1
216.53 0.05 0.002 0 0.002 0 1
216.578 0.05 0 0 0 0 1
216.624 0.044 0.002 0 0 0.002 1
216.672 0.048 0.002 0 0.002 0 1
216.722 0.052 0 0 0 0 1
216.824 0.102 0 0 0 0 1
216.864 0.038 0.002 0.002 0 0 1
216.918 0.054 0.002 0 0.002 0 1
216.964 0.048 0 0 0 0 1
217.018 0.048 0.006 0.004 0.002 0 1
217.066 0.052 0.002 0.002 0 0 1
217.118 0.052 0.002 0 0.002 0 1
217.168 0.05 0.002 0 0.002 0 1
217.218 0.05 0.002 0.002 0 0 1
217.268 0.052 0 0 0 0 1
217.404 0.134 0.002 0 0.002 0 1
217.412 0.008 0.002 0 0.002 0 1
217.454 0.044 0 0 0 0 1
217.502 0.046 0.002 0 0.002 0 1
217.552 0.052 0 0 0 0 1
217.602 0.05 0 0 0 0 1
217.654 0.05 0.002 0 0.002 0 1
217.704 0.05 0.002 0 0.002 0 1
217.752 0.048 0.002 0 0.002 0 1
217.8 0.05 0 0 0 0 1
217.852 0.052 0 0 0 0 1
217.902 0.05 0 0 0 0 1
217.946 0.042 0.002 0 0.002 0 1
217.996 0.052 0 0 0 0 1
218.048 0.052 0 0 0 0 1
218.156 0.106 0.002 0 0 0.002 1
218.196 0.042 0 0 0 0 1
218.246 0.048 0.002 0 0 0.002 1
218.298 0.052 0.002 0 0.002 0 1
218.348 0.05 0.002 0.002 0 0 1
218.4 0.052 0.002 0 0 0 1
218.45 0.05 0.002 0 0.002 0 1
218.5 0.05 0.002 0 0.002 0 1
218.55 0.052 0 0 0 0 1
218.602 0.05 0.002 0 0 0 1
218.722 0.122 0 0 0 0 1
218.748 0.024 0.002 0 0.002 0 1
218.79 0.044 0 0 0 0 1
218.842 0.052 0 0 0 0 1
218.894 0.052 0 0 0 0 1
218.946 0.05 0.002 0.002 0 0 1
218.996 0.052 0 0 0 0 1
219.04 0.04 0.004 0 0.004 0 1
219.09 0.054 0 0 0 0 1
219.14 0.05 0 0 0 0 1
219.192 0.05 0.002 0 0.002 0 1
219.238 0.048 0 0 0 0 1
219.276 0.038 0 0 0 0 1
219.326 0.05 0 0 0 0 1
219.426 0.1 0 0 0 0 1
219.452 0.024 0.002 0 0.002 0 1
219.504 0.054 0 0 0 0 1
219.55 0.046 0 0 0 0 1
219.596 0.046 0 0 0 0 1
219.648 0.052 0 0 0 0 1
219.7 0.052 0 0 0 0 1
219.75 0.05 0 0 0 0 1
219.8 0.05 0 0 0 0 1
219.848 0.048 0 0 0 0 1
219.9 0.05 0.002 0 0.002 0 1
220.018 0.114 0.006 0 0.004 0.002 1
220.03 0.018 0 0 0 0 1
220.082 0.05 0.002 0 0.002 0 1
220.13 0.05 0 0 0 0 1
220.178 0.046 0.002 0.002 0 0 1
220.226 0.05 0 0 0 0 1
220.278 0.05 0.002 0.002 0 0 1
220.33 0.052 0.002 0 0.002 0 1
220.382 0.052 0.002 0 0 0.002 1
220.43 0.05 0 0 0 0 1
220.482 0.05 0.002 0 0 0 1
220.584 0.102 0.002 0 0.002 0 1
220.626 0.044 0 0 0 0 1
220.672 0.046 0 0 0 0 1
220.722 0.05 0 0 0 0 1
220.774 0.05 0.002 0 0.002 0 1
220.824 0.05 0.002 0 0.002 0 1
220.868 0.046 0 0 0 0 1
220.918 0.05 0 0 0 0 1
220.966 0.048 0 0 0 0 1
221.016 0.05 0 0 0 0 1
221.068 0.052 0 0 0 0 1
221.114 0.046 0 0 0 0 1
221.198 0.082 0.002 0 0.002 0 1
221.206 0.008 0.002 0 0.002 0 1
221.258 0.054 0 0 0 0 1
221.308 0.05 0 0 0 0 1
221.358 0.05 0 0 0 0 1
221.412 0.052 0.002 0.002 0 0 1
221.464 0.052 0.002 0 0.002 0 1
221.514 0.052 0 0 0 0 1
221.566 0.05 0.002 0 0.002 0 1
221.614 0.05 0 0 0 0 1
221.666 0.052 0 0 0 0 1
221.716 0.05 0 0 0 0 1
221.768 0.05 0.002 0 0.002 0 1
221.818 0.05 0.002 0 0.002 0 1
221.866 0.05 0 0 0 0 1
221.916 0.05 0 0 0 0 1
221.968 0.05 0.002 0 0.002 0 1
222.018 0.05 0.002 0 0.002 0 1
222.066 0.05 0 0 0 0 1
222.118 0.05 0.002 0 0.002 0 1
222.168 0.05 0.002 0 0.002 0 1
222.218 0.05 0.002 0 0.002 0 1
222.266 0.048 0.002 0 0.002 0 1
222.316 0.05 0.002 0 0.002 0 1
222.36 0.044 0.002 0 0.002 0 1
222.408 0.05 0 0 0 0 1
222.456 0.048 0 0 0 0 1
222.508 0.052 0 0 0 0 1
222.558 0.05 0 0 0 0 1
222.65 0.09 0.002 0 0.002 0 1
222.696 0.048 0 0 0 0 1
222.748 0.052 0 0 0 0 1
222.802 0.05 0.004 0 0.004 0 1
222.85 0.052 0 0 0 0 1
222.902 0.052 0 0 0 0 1
222.952 0.05 0 0 0 0 1
222.998 0.046 0 0 0 0 1
223.048 0.05 0 0 0 0 1
223.098 0.05 0 0 0 0 1
223.15 0.05 0.002 0 0.002 0 1
223.296 0.148 0 0 0 0 1
223.34 0.044 0 0 0 0 1
223.39 0.05 0 0 0 0 1
223.436 0.046 0 0 0 0 1
223.49 0.052 0.002 0 0.002 0 1
223.542 0.052 0.002 0 0 0 1
223.584 0.042 0.002 0 0.002 0 1
223.634 0.052 0 0 0 0 1
223.682 0.048 0 0 0 0 1
223.732 0.05 0 0 0 0 1
223.788 0.054 0.002 0 0.002 0 1
223.838 0.05 0.002 0.002 0 0 1
223.958 0.12 0.002 0 0.002 0 1
223.98 0.024 0 0 0 0 1
224.034 0.052 0.002 0 0.002 0 1
224.082 0.048 0.002 0.002 0 0 1
224.132 0.052 0 0 0 0 1
224.184 0.05 0.002 0 0.002 0 1
224.234 0.052 0 0 0 0 1
224.284 0.05 0 0 0 0 1
224.334 0.05 0 0 0 0 1
224.386 0.05 0.002 0 0.002 0 1
224.434 0.05 0 0 0 0 1
224.476 0.042 0 0 0 0 1
224.522 0.044 0.002 0 0.002 0 1
224.572 0.052 0 0 0 0 1
224.622 0.05 0 0 0 0 1
224.728 0.106 0 0 0 0 1
224.754 0.026 0 0 0 0 1
224.806 0.05 0.002 0 0 0.002 1
224.854 0.05 0 0 0 0 1
224.906 0.05 0.002 0 0.002 0 1
224.956 0.05 0.002 0 0 0.002 1
225.006 0.05 0.002 0 0 0 1
225.056 0.05 0.002 0 0.002 0 1
225.106 0.052 0 0 0 0 1
225.156 0.05 0 0 0 0 1
225.208 0.05 0.002 0 0.002 0 1
225.258 0.05 0.002 0 0.002 0 1
225.386 0.128 0.002 0.002 0 0 1
225.394 0.008 0.002 0.002 0 0 1
225.446 0.052 0.002 0 0.002 0 1
225.496 0.05 0.002 0 0.002 0 1
225.546 0.052 0 0 0 0 1
225.596 0.05 0 0 0 0 1
225.646 0.05 0 0 0 0 1
225.698 0.05 0.002 0 0 0.002 1
225.748 0.05 0.002 0 0.002 0 1
225.798 0.052 0 0 0 0 1
225.85 0.05 0.002 0 0 0.002 1
225.9 0.05 0.002 0 0.002 0 1
225.948 0.048 0.002 0 0.002 0 1
225.998 0.052 0 0 0 0 1
226.126 0.126 0.002 0 0.002 0 1
226.142 0.018 0 0 0 0 1
226.194 0.05 0.002 0 0.002 0 1
226.244 0.052 0 0 0 0 1
226.296 0.05 0.002 0.002 0 0 1
226.346 0.05 0.002 0.002 0 0 1
226.396 0.052 0 0 0 0 1
226.444 0.048 0 0 0 0 1
226.496 0.052 0 0 0 0 1
226.548 0.05 0.002 0 0.002 0 1
226.598 0.05 0.002 0 0.002 0 1
226.646 0.05 0 0 0 0 1
226.696 0.05 0 0 0 0 1
226.746 0.05 0 0 0 0 1
226.798 0.05 0.002 0 0.002 0 1
226.846 0.05 0 0 0 0 1
226.896 0.048 0.002 0 0.002 0 1
226.942 0.046 0.002 0 0.002 0 1
226.99 0.05 0 0 0 0 1
227.04 0.05 0 0 0 0 1
227.092 0.05 0.002 0 0.002 0 1
227.14 0.05 0 0 0 0 1
227.19 0.048 0.002 0 0.002 0 1
227.24 0.05 0.002 0 0.002 0 1
227.288 0.05 0 0 0 0 1
227.338 0.05 0 0 0 0 1
227.386 0.048 0 0 0 0 1
227.436 0.05 0 0 0 0 1
227.488 0.05 0.002 0.002 0 0 1
227.538 0.05 0.002 0.002 0 0 1
227.588 0.052 0 0 0 0 1
227.706 0.116 0.002 0.002 0 0 1
227.73 0.024 0.002 0 0.002 0 1
227.774 0.046 0 0 0 0 1
227.828 0.052 0.002 0 0.002 0 1
227.88 0.052 0.002 0 0.002 0 1
227.93 0.052 0 0 0 0 1
227.982 0.052 0 0 0 0 1
228.024 0.042 0 0 0 0 1
228.078 0.054 0 0 0 0 1
228.128 0.05 0 0 0 0 1
228.18 0.052 0 0 0 0 1
228.274 0.09 0.004 0.002 0.002 0 1
228.276 0.004 0.002 0 0.002 0 1
228.312 0.036 0.002 0 0.002 0 1
228.364 0.054 0 0 0 0 1
228.412 0.046 0.002 0 0.002 0 1
228.464 0.054 0 0 0 0 1
228.516 0.052 0 0 0 0 1
228.568 0.05 0.002 0 0.002 0 1
228.618 0.052 0 0 0 0 1
228.67 0.05 0.002 0 0.002 0 1
228.716 0.048 0 0 0 0 1
228.768 0.052 0 0 0 0 1
228.882 0.114 0 0 0 0 1
228.908 0.026 0 0 0 0 1
228.96 0.05 0.002 0 0.002 0 1
229.008 0.05 0 0 0 0 1
229.06 0.05 0.002 0.002 0 0 1
229.112 0.052 0.002 0 0.002 0 1
229.156 0.044 0.002 0.002 0 0 1
229.208 0.052 0.002 0 0 0 1
229.254 0.048 0 0 0 0 1
229.306 0.05 0.002 0 0.002 0 1
229.468 0.162 0.002 0 0.002 0 1
229.494 0.026 0.002 0 0.002 0 1
229.546 0.054 0 0 0 0 1
229.598 0.052 0 0 0 0 1
229.648 0.05 0 0 0 0 1
229.702 0.052 0.002 0 0.002 0 1
229.752 0.052 0 0 0 0 1
229.804 0.052 0 0 0 0 1
229.852 0.048 0 0 0 0 1
229.904 0.052 0 0 0 0 1
229.952 0.048 0 0 0 0 1
230.002 0.05 0 0 0 0 1
230.098 0.096 0 0 0 0 1
230.146 0.046 0.002 0 0.002 0 1
230.194 0.05 0 0 0 0 1
230.246 0.052 0 0 0 0 1
230.296 0.048 0.002 0.002 0 0 1
230.346 0.05 0.002 0 0.002 0 1
230.394 0.05 0 0 0 0 1
230.446 0.052 0 0 0 0 1
230.496 0.05 0 0 0 0 1
230.546 0.05 0 0 0 0 1
230.598 0.05 0.002 0 0.002 0 1
230.648 0.05 0.002 0 0.002 0 1
230.698 0.05 0.002 0 0.002 0 1
230.748 0.05 0.002 0 0.002 0 1
230.79 0.042 0.002 0.002 0 0 1
230.84 0.05 0.002 0.002 0 0 1
230.892 0.054 0 0 0 0 1
230.944 0.052 0 0 0 0 1
230.994 0.05 0 0 0 0 1
231.046 0.05 0.002 0 0.002 0 1
231.096 0.05 0.002 0 0 0.002 1
231.146 0.05 0.002 0.002 0 0 1
231.194 0.05 0 0 0 0 1
231.242 0.048 0 0 0 0 1
231.294 0.05 0.002 0 0.002 0 1
231.344 0.052 0 0 0 0 1
231.394 0.05 0 0 0 0 1
231.444 0.05 0 0 0 0 1
231.49 0.046 0 0 0 0 1
231.588 0.096 0.002 0 0.002 0 1
231.628 0.042 0 0 0 0 1
231.68 0.05 0.002 0.002 0 0 1
231.732 0.052 0.002 0 0.002 0 1
231.782 0.05 0.002 0 0.002 0 1
231.832 0.052 0 0 0 0 1
231.882 0.05 0 0 0 0 1
231.934 0.05 0.002 0 0.002 0 1
231.98 0.048 0 0 0 0 1
232.03 0.05 0 0 0 0 1
232.08 0.05 0 0 0 0 1
232.124 0.044 0 0 0 0 1
232.174 0.048 0.002 0.002 0 0 1
232.226 0.052 0.002 0 0.002 0 1
232.324 0.1 0 0 0 0 1
232.376 0.05 0.002 0 0.002 0 1
232.428 0.054 0 0 0 0 1
232.476 0.048 0 0 0 0 1
232.526 0.05 0 0 0 0 1
232.576 0.05 0 0 0 0 1
232.624 0.048 0 0 0 0 1
232.666 0.04 0.002 0.002 0 0 1
232.718 0.052 0.002 0 0 0 1
232.766 0.05 0 0 0 0 1
232.814 0.048 0 0 0 0 1
232.934 0.118 0.002 0.002 0 0 1
232.946 0.012 0.002 0 0.002 0 1
233 0.054 0.002 0.002 0 0 1
233.054 0.054 0.002 0 0.002 0 1
233.106 0.054 0 0 0 0 1
233.16 0.052 0.002 0 0.002 0 1
233.206 0.048 0 0 0 0 1
233.256 0.05 0 0 0 0 1
233.306 0.05 0 0 0 0 1
233.358 0.052 0 0 0 0 1
233.406 0.046 0.002 0 0 0.002 1
233.456 0.05 0.002 0 0.002 0 1
233.504 0.048 0.002 0 0.002 0 1
233.554 0.052 0 0 0 0 1
233.604 0.05 0 0 0 0 1
233.656 0.05 0.002 0 0.002 0 1
233.706 0.05 0.002 0 0 0 1
233.756 0.05 0.002 0 0.002 0 1
233.804 0.05 0 0 0 0 1
233.856 0.05 0.002 0 0.002 0 1
233.904 0.05 0 0 0 0 1
233.956 0.05 0.002 0.002 0 0 1
234.002 0.048 0 0 0 0 1
234.054 0.05 0.002 0 0 0 1
234.104 0.05 0.002 0 0 0.002 1
234.154 0.05 0.002 0 0 0 1
234.2 0.048 0 0 0 0 1
234.312 0.112 0 0 0 0 1
234.334 0.022 0 0 0 0 1
234.378 0.042 0.002 0 0.002 0 1
234.43 0.054 0 0 0 0 1
234.482 0.052 0 0 0 0 1
234.534 0.052 0 0 0 0 1
234.582 0.048 0 0 0 0 1
234.632 0.048 0.002 0 0.002 0 1
234.682 0.052 0 0 0 0 1
234.726 0.044 0 0 0 0 1
234.778 0.05 0.002 0.002 0 0 1
234.83 0.052 0.002 0 0.002 0 1
234.88 0.05 0.002 0 0.002 0 1
234.922 0.042 0.002 0 0.002 0 1
234.97 0.05 0 0 0 0 1
235.064 0.092 0.002 0 0.002 0 1
235.07 0.008 0 0 0 0 1
235.12 0.05 0 0 0 0 1
235.154 0.034 0 0 0 0 1
235.206 0.052 0 0 0 0 1
235.256 0.048 0.002 0 0.002 0 1
235.306 0.052 0 0 0 0 1
235.36 0.054 0 0 0 0 1
235.41 0.05 0 0 0 0 1
235.46 0.05 0 0 0 0 1
235.506 0.046 0 0 0 0 1
235.556 0.05 0 0 0 0 1
235.608 0.05 0.002 0 0.002 0 1
235.654 0.048 0 0 0 0 1
235.706 0.05 0.002 0 0 0 1
235.812 0.106 0.002 0 0.002 0 1
235.85 0.04 0 0 0 0 1
235.902 0.05 0.002 0 0 0 1
235.952 0.05 0.002 0 0.002 0 1
236.002 0.05 0.002 0 0.002 0 1
236.052 0.05 0.002 0 0.002 0 1
236.102 0.05 0.002 0 0.002 0 1
236.152 0.05 0.002 0 0.002 0 1
236.202 0.05 0.002 0 0.002 0 1
236.25 0.05 0 0 0 0 1
236.382 0.13 0.002 0 0.002 0 1
236.384 0.002 0.002 0 0.002 0 1
236.428 0.044 0.002 0.002 0 0 1
236.48 0.054 0 0 0 0 1
236.526 0.046 0 0 0 0 1
236.578 0.05 0.002 0.002 0 0 1
236.626 0.048 0.002 0 0.002 0 1
236.674 0.05 0 0 0 0 1
236.724 0.048 0.002 0 0.002 0 1
236.774 0.052 0 0 0 0 1
236.828 0.052 0.002 0 0.002 0 1
236.878 0.052 0 0 0 0 1
236.928 0.05 0 0 0 0 1
236.98 0.052 0 0 0 0 1
237.114 0.134 0 0 0 0 1
237.164 0.05 0 0 0 0 1
237.218 0.052 0.002 0 0.002 0 1
237.268 0.052 0 0 0 0 1
237.32 0.052 0 0 0 0 1
237.372 0.052 0 0 0 0 1
237.422 0.05 0 0 0 0 1
237.472 0.05 0 0 0 0 1
237.522 0.05 0 0 0 0 1
237.574 0.05 0.002 0 0.002 0 1
237.624 0.052 0 0 0 0 1
237.746 0.12 0.002 0 0.002 0 1
237.77 0.024 0.002 0 0 0 1
237.818 0.048 0.002 0 0 0 1
237.868 0.05 0.002 0 0.002 0 1
237.914 0.048 0 0 0 0 1
237.97 0.054 0.002 0 0 0 1
238.02 0.05 0.002 0 0 0.002 1
238.07 0.05 0.002 0 0.002 0 1
238.118 0.05 0 0 0 0 1
238.168 0.05 0 0 0 0 1
238.21 0.042 0 0 0 0 1
238.258 0.048 0 0 0 0 1
238.37 0.112 0 0 0 0 1
238.396 0.026 0 0 0 0 1
238.444 0.048 0 0 0 0 1
238.498 0.054 0 0 0 0 1
238.55 0.05 0.002 0.002 0 0 1
238.602 0.052 0.002 0 0.002 0 1
238.65 0.05 0 0 0 0 1
238.702 0.052 0 0 0 0 1
238.752 0.048 0.002 0.002 0 0 1
238.802 0.052 0 0 0 0 1
238.852 0.05 0 0 0 0 1
238.902 0.05 0 0 0 0 1
238.954 0.05 0.002 0 0.002 0 1
239.002 0.048 0.002 0.002 0 0 1
239.052 0.052 0 0 0 0 1
239.102 0.05 0 0 0 0 1
239.208 0.104 0.002 0 0 0.002 1
239.246 0.038 0.002 0 0.002 0 1
239.292 0.048 0 0 0 0 1
239.342 0.05 0 0 0 0 1
239.39 0.046 0.002 0 0.002 0 1
239.434 0.046 0 0 0 0 1
239.486 0.05 0.002 0 0.002 0 1
239.536 0.05 0.002 0 0.002 0 1
239.586 0.05 0.002 0 0.002 0 1
239.636 0.05 0.002 0 0.002 0 1
239.686 0.05 0.002 0 0.002 0 1
239.814 0.128 0.002 0 0.002 0 1
239.826 0.014 0 0 0 0 1
239.87 0.042 0.002 0 0.002 0 1
239.918 0.05 0 0 0 0 1
239.97 0.05 0.002 0 0.002 0 1
240.02 0.052 0 0 0 0 1
240.068 0.048 0 0 0 0 1
240.12 0.052 0 0 0 0 1
240.17 0.05 0 0 0 0 1
240.222 0.052 0 0 0 0 1
240.274 0.05 0.002 0 0.002 0 1
240.324 0.05 0.002 0.002 0 0 1
240.426 0.104 0 0 0 0 1
240.466 0.04 0 0 0 0 1
240.518 0.05 0.002 0.002 0 0 1
240.56 0.042 0.002 0.002 0 0 1
240.612 0.054 0 0 0 0 1
240.654 0.04 0.002 0 0.002 0 1
240.706 0.052 0.002 0 0.002 0 1
240.756 0.052 0 0 0 0 1
240.808 0.05 0.002 0 0.002 0 1
240.856 0.048 0.002 0 0.002 0 1
240.906 0.05 0.002 0 0.002 0 1
240.956 0.052 0 0 0 0 1
241.008 0.052 0 0 0 0 1
241.06 0.05 0.002 0 0.002 0 1
241.108 0.05 0 0 0 0 1
241.16 0.052 0 0 0 0 1
241.212 0.05 0.002 0 0 0 1
241.262 0.05 0.002 0 0.002 0 1
241.312 0.05 0.002 0 0.002 0 1
241.36 0.05 0 0 0 0 1
241.412 0.05 0.002 0 0.002 0 1
241.46 0.05 0 0 0 0 1
241.51 0.05 0 0 0 0 1
241.562 0.05 0.002 0 0.002 0 1
241.612 0.05 0.002 0 0.002 0 1
241.662 0.05 0.002 0 0.002 0 1
241.708 0.048 0 0 0 0 1
241.8 0.092 0 0 0 0 1
241.804 0.004 0 0 0 0 1
241.856 0.052 0 0 0 0 1
241.906 0.05 0 0 0 0 1
241.956 0.05 0 0 0 0 1
242.006 0.05 0 0 0 0 1
242.058 0.05 0.002 0 0.002 0 1
242.108 0.05 0.002 0 0.002 0 1
242.158 0.05 0.002 0 0.002 0 1
242.206 0.05 0 0 0 0 1
242.258 0.05 0.002 0 0.002 0 1
242.384 0.126 0.002 0 0 0.002 1
242.4 0.018 0 0 0 0 1
242.452 0.05 0.002 0 0.002 0 1
242.502 0.052 0 0 0 0 1
242.554 0.05 0.002 0 0.002 0 1
242.604 0.052 0 0 0 0 1
242.654 0.05 0 0 0 0 1
242.702 0.046 0.002 0 0.002 0 1
242.75 0.05 0 0 0 0 1
242.802 0.052 0 0 0 0 1
242.852 0.05 0 0 0 0 1
242.902 0.05 0 0 0 0 1
242.95 0.046 0.002 0 0.002 0 1
243 0.052 0 0 0 0 1
243.096 0.092 0.004 0.004 0 0 1
243.136 0.044 0 0 0 0 1
243.188 0.052 0 0 0 0 1
243.24 0.05 0.002 0 0.002 0 1
243.29 0.05 0.002 0 0.002 0 1
243.338 0.05 0 0 0 0 1
243.388 0.048 0.002 0.002 0 0 1
243.436 0.05 0 0 0 0 1
243.486 0.05 0 0 0 0 1
243.536 0.048 0.002 0 0.002 0 1
243.662 0.126 0.002 0.002 0 0 1
243.674 0.014 0 0 0 0 1
243.726 0.05 0.002 0 0.002 0 1
243.77 0.046 0 0 0 0 1
243.822 0.05 0.002 0 0 0 1
243.872 0.05 0.002 0 0.002 0 1
243.922 0.05 0.002 0 0.002 0 1
243.97 0.05 0 0 0 0 1
244.02 0.05 0 0 0 0 1
244.07 0.05 0 0 0 0 1
244.118 0.048 0 0 0 0 1
244.166 0.048 0 0 0 0 1
244.212 0.046 0 0 0 0 1
244.304 0.092 0 0 0 0 1
244.352 0.046 0.002 0 0.002 0 1
244.402 0.052 0 0 0 0 1
244.452 0.05 0 0 0 0 1
244.504 0.05 0.002 0.002 0 0 1
244.556 0.052 0.002 0.002 0 0 1
244.608 0.052 0.002 0 0.002 0 1
244.658 0.052 0 0 0 0 1
244.71 0.05 0.002 0 0.002 0 1
244.764 0.048 0.008 0.008 0 0 1
244.81 0.054 0 0 0 0 1
244.86 0.048 0.002 0.002 0 0 1
244.908 0.05 0 0 0 0 1
245.028 0.12 0 0 0 0 1
245.052 0.024 0 0 0 0 1
245.102 0.05 0 0 0 0 1
245.154 0.05 0.002 0 0.002 0 1
245.204 0.052 0 0 0 0 1
245.254 0.05 0 0 0 0 1
245.302 0.048 0 0 0 0 1
245.352 0.05 0 0 0 0 1
245.402 0.048 0.002 0 0.002 0 1
245.45 0.05 0 0 0 0 1
245.502 0.052 0 0 0 0 1
245.552 0.05 0 0 0 0 1
245.604 0.05 0.002 0 0 0.002 1
245.722 0.12 0 0 0 0 1
245.742 0.02 0 0 0 0 1
245.794 0.05 0.002 0 0.002 0 1
245.844 0.05 0.002 0.002 0 0 1
245.894 0.052 0 0 0 0 1
245.944 0.05 0 0 0 0 1
245.994 0.05 0 0 0 0 1
246.044 0.048 0.002 0 0.002 0 1
246.094 0.05 0.002 0.002 0 0 1
246.142 0.05 0 0 0 0 1
246.194 0.05 0.002 0 0.002 0 1
246.242 0.05 0 0 0 0 1
246.334 0.092 0 0 0 0 1
246.382 0.046 0.002 0 0.002 0 1
246.432 0.05 0.002 0 0 0.002 1
246.482 0.05 0.002 0 0 0.002 1
246.532 0.05 0.002 0 0.002 0 1
246.58 0.05 0 0 0 0 1
246.628 0.048 0 0 0 0 1
246.68 0.052 0 0 0 0 1
246.726 0.044 0.002 0 0.002 0 1
246.774 0.05 0 0 0 0 1
246.824 0.05 0 0 0 0 1
246.866 0.042 0 0 0 0 1
246.916 0.05 0 0 0 0 1
246.966 0.048 0.002 0 0.002 0 1
247.014 0.05 0 0 0 0 1
247.066 0.05 0.002 0 0.002 0 1
247.116 0.05 0.002 0 0.002 0 1
247.164 0.05 0 0 0 0 1
247.214 0.05 0 0 0 0 1
247.258 0.044 0 0 0 0 1
247.304 0.046 0 0 0 0 1
247.354 0.05 0 0 0 0 1
247.404 0.05 0 0 0 0 1
247.454 0.05 0 0 0 0 1
247.504 0.05 0 0 0 0 1
247.554 0.05 0 0 0 0 1
247.604 0.05 0 0 0 0 1
247.654 0.05 0 0 0 0 1
247.702 0.048 0 0 0 0 1
247.804 0.1 0.002 0.002 0 0 1
247.852 0.048 0.002 0 0.002 0 1
247.902 0.05 0.002 0 0.002 0 1
247.952 0.052 0 0 0 0 1
248.002 0.048 0.002 0 0.002 0 1
248.044 0.044 0 0 0 0 1
248.092 0.046 0.002 0 0.002 0 1
248.142 0.052 0 0 0 0 1
248.192 0.05 0 0 0 0 1
248.242 0.05 0 0 0 0 1
248.292 0.05 0 0 0 0 1
248.342 0.05 0 0 0 0 1
248.394 0.05 0.002 0 0.002 0 1
248.442 0.05 0 0 0 0 1
248.496 0.054 0 0 0 0 1
248.538 0.042 0 0 0 0 1
248.64 0.102 0 0 0 0 1
248.68 0.038 0.002 0 0.002 0 1
248.732 0.054 0 0 0 0 1
248.784 0.05 0.002 0 0.002 0 1
248.832 0.05 0 0 0 0 1
248.886 0.052 0.002 0 0 0 1
248.934 0.048 0.002 0 0 0 1
248.984 0.052 0 0 0 0 1
249.036 0.05 0.002 0 0.002 0 1
249.086 0.05 0.002 0 0 0 1
249.132 0.046 0.002 0 0.002 0 1
249.184 0.052 0.002 0 0 0 1
249.296 0.112 0.002 0 0 0.002 1
249.314 0.018 0.002 0.002 0 0 1
249.36 0.048 0 0 0 0 1
249.414 0.054 0 0 0 0 1
249.452 0.038 0 0 0 0 1
249.5 0.048 0 0 0 0 1
249.556 0.056 0 0 0 0 1
249.608 0.052 0 0 0 0 1
249.66 0.052 0 0 0 0 1
249.71 0.048 0.002 0.002 0 0 1
249.762 0.054 0 0 0 0 1
249.814 0.052 0 0 0 0 1
249.864 0.05 0 0 0 0 1
249.988 0.124 0 0 0 0 1
250.024 0.036 0 0 0 0 1
250.072 0.048 0 0 0 0 1
250.128 0.054 0.002 0 0.002 0 1
250.174 0.048 0 0 0 0 1
250.228 0.052 0.002 0 0.002 0 1
250.276 0.048 0.002 0 0.002 0 1
250.326 0.05 0.002 0 0.002 0 1
250.38 0.054 0.002 0 0.002 0 1
250.432 0.052 0.002 0 0.002 0 1
250.508 0.078 0 0 0 0 1
250.532 0.024 0 0 0 0 1
250.584 0.052 0 0 0 0 1
250.638 0.054 0 0 0 0 1
250.69 0.05 0.002 0.002 0 0 1
250.742 0.054 0 0 0 0 1
250.792 0.05 0 0 0 0 1
250.846 0.052 0.002 0 0.002 0 1
250.894 0.05 0 0 0 0 1
250.944 0.05 0 0 0 0 1
250.992 0.048 0 0 0 0 1
251.04 0.048 0 0 0 0 1
251.096 0.056 0 0 0 0 1
251.196 0.1 0 0 0 0 1
251.208 0.01 0.002 0 0.002 0 1
251.26 0.052 0.002 0.002 0 0 1
251.312 0.054 0 0 0 0 1
251.364 0.052 0 0 0 0 1
251.41 0.044 0.002 0 0.002 0 1
251.456 0.048 0 0 0 0 1
251.508 0.052 0 0 0 0 1
251.558 0.05 0 0 0 0 1
251.612 0.052 0.002 0 0.002 0 1
251.662 0.052 0 0 0 0 1
251.714 0.05 0.002 0 0.002 0 1
251.764 0.052 0 0 0 0 1
251.814 0.05 0 0 0 0 1
251.904 0.09 0 0 0 0 1
251.938 0.032 0.002 0.002 0 0 1
251.992 0.056 0 0 0 0 1
252.042 0.05 0 0 0 0 1
252.094 0.052 0 0 0 0 1
252.148 0.052 0.002 0.002 0 0 1
252.196 0.05 0 0 0 0 1
252.25 0.052 0.002 0 0.002 0 1
252.3 0.052 0 0 0 0 1
252.352 0.05 0.002 0 0.002 0 1
252.4 0.05 0 0 0 0 1
252.45 0.05 0 0 0 0 1
252.498 0.048 0 0 0 0 1
252.55 0.052 0 0 0 0 1
252.596 0.046 0 0 0 0 1
252.648 0.052 0 0 0 0 1
252.7 0.05 0.002 0 0.002 0 1
252.746 0.048 0 0 0 0 1
252.794 0.048 0 0 0 0 1
252.842 0.046 0.002 0 0.002 0 1
252.892 0.052 0 0 0 0 1
252.942 0.05 0 0 0 0 1
252.99 0.048 0 0 0 0 1
253.04 0.05 0 0 0 0 1
253.084 0.044 0 0 0 0 1
253.13 0.046 0 0 0 0 1
253.184 0.054 0 0 0 0 1
253.234 0.05 0 0 0 0 1
253.286 0.052 0 0 0 0 1
253.382 0.094 0.002 0 0.002 0 1
253.41 0.03 0 0 0 0 1
253.458 0.046 0.002 0 0.002 0 1
253.512 0.056 0 0 0 0 1
253.566 0.052 0.002 0 0.002 0 1
253.616 0.052 0 0 0 0 1
253.668 0.05 0.002 0 0.002 0 1
253.72 0.052 0.002 0 0.002 0 1
253.77 0.052 0 0 0 0 1
253.82 0.05 0 0 0 0 1
253.872 0.05 0.002 0 0.002 0 1
253.912 0.04 0.002 0 0.002 0 1
254.046 0.134 0.002 0 0.002 0 1
254.06 0.016 0 0 0 0 1
254.11 0.048 0.002 0.002 0 0 1
254.158 0.048 0.002 0 0.002 0 1
254.208 0.05 0.002 0.002 0 0 1
254.258 0.05 0.002 0.002 0 0 1
254.31 0.052 0.002 0 0 0 1
254.358 0.05 0 0 0 0 1
254.408 0.05 0 0 0 0 1
254.458 0.05 0 0 0 0 1
254.508 0.05 0 0 0 0 1
254.628 0.118 0.002 0 0 0.002 1
254.636 0.01 0 0 0 0 1
254.686 0.048 0.002 0 0 0 1
254.732 0.048 0 0 0 0 1
254.782 0.05 0 0 0 0 1
254.834 0.052 0 0 0 0 1
254.884 0.05 0 0 0 0 1
254.938 0.054 0 0 0 0 1
254.988 0.05 0 0 0 0 1
255.038 0.05 0 0 0 0 1
255.09 0.05 0.002 0 0.002 0 1
255.14 0.052 0 0 0 0 1
255.19 0.048 0.002 0.002 0 0 1
255.24 0.052 0 0 0 0 1
255.29 0.05 0 0 0 0 1
255.34 0.05 0 0 0 0 1
255.392 0.052 0 0 0 0 1
255.442 0.05 0 0 0 0 1
255.492 0.05 0 0 0 0 1
255.542 0.05 0 0 0 0 1
255.592 0.048 0.002 0.002 0 0 1
255.642 0.05 0.002 0 0.002 0 1
255.692 0.052 0 0 0 0 1
255.742 0.05 0 0 0 0 1
255.79 0.048 0 0 0 0 1
255.842 0.052 0 0 0 0 1
255.888 0.046 0 0 0 0 1
255.936 0.048 0 0 0 0 1
255.986 0.05 0 0 0 0 1
256.036 0.048 0.002 0 0.002 0 1
256.142 0.108 0 0 0 0 1
256.166 0.024 0 0 0 0 1
256.216 0.048 0.002 0.002 0 0 1
256.26 0.046 0 0 0 0 1
256.316 0.054 0.002 0 0.002 0 1
256.368 0.054 0 0 0 0 1
256.422 0.052 0.002 0 0 0 1
256.472 0.052 0 0 0 0 1
256.524 0.052 0 0 0 0 1
256.574 0.05 0 0 0 0 1
256.626 0.05 0.002 0 0.002 0 1
256.772 0.146 0.002 0.002 0 0 1
256.804 0.034 0 0 0 0 1
256.854 0.048 0.002 0 0 0 1
256.904 0.052 0 0 0 0 1
256.95 0.044 0.002 0 0.002 0 1
256.994 0.044 0.002 0 0.002 0 1
257.044 0.052 0 0 0 0 1
257.094 0.048 0.002 0 0.002 0 1
257.144 0.052 0 0 0 0 1
257.19 0.046 0 0 0 0 1
257.242 0.05 0.002 0 0 0.002 1
257.284 0.042 0.002 0 0.002 0 1
257.336 0.052 0.002 0 0.002 0 1
257.46 0.124 0.002 0 0 0.002 1
257.478 0.02 0 0 0 0 1
257.53 0.052 0 0 0 0 1
257.578 0.048 0 0 0 0 1
257.626 0.048 0 0 0 0 1
257.678 0.052 0 0 0 0 1
257.728 0.05 0 0 0 0 1
257.78 0.052 0 0 0 0 1
257.83 0.05 0 0 0 0 1
257.88 0.05 0 0 0 0 1
257.928 0.048 0 0 0 0 1
257.98 0.05 0.002 0 0.002 0 1
258.03 0.05 0.002 0 0.002 0 1
258.078 0.048 0.002 0 0.002 0 1
258.128 0.052 0 0 0 0 1
258.24 0.112 0 0 0 0 1
258.258 0.018 0 0 0 0 1
258.308 0.05 0 0 0 0 1
258.362 0.052 0.002 0 0 0.002 1
258.412 0.05 0.002 0 0.002 0 1
258.462 0.05 0.002 0 0.002 0 1
258.512 0.052 0 0 0 0 1
258.562 0.05 0 0 0 0 1
258.614 0.05 0.002 0 0 0.002 1
258.658 0.044 0.002 0.002 0 0 1
258.706 0.05 0 0 0 0 1
258.758 0.05 0.002 0.002 0 0 1
258.808 0.05 0.002 0.002 0 0 1
258.922 0.116 0 0 0 0 1
258.942 0.02 0 0 0 0 1
258.99 0.048 0 0 0 0 1
259.04 0.05 0 0 0 0 1
259.09 0.048 0.002 0.002 0 0 1
259.142 0.052 0.002 0 0.002 0 1
259.192 0.052 0 0 0 0 1
259.242 0.05 0 0 0 0 1
259.294 0.05 0.002 0 0.002 0 1
259.34 0.048 0 0 0 0 1
259.39 0.05 0 0 0 0 1
259.442 0.05 0.002 0 0.002 0 1
259.49 0.05 0 0 0 0 1
259.618 0.126 0.002 0.002 0 0 1
259.63 0.012 0.002 0 0.002 0 1
259.674 0.044 0.002 0 0.002 0 1
259.726 0.052 0.002 0 0 0.002 1
259.776 0.05 0.002 0 0.002 0 1
259.824 0.05 0 0 0 0 1
259.876 0.05 0.002 0 0.002 0 1
259.926 0.05 0.002 0.002 0 0 1
259.972 0.046 0.002 0 0.002 0 1
260.022 0.052 0 0 0 0 1
260.072 0.05 0 0 0 0 1
260.196 0.122 0.002 0 0.002 0 1
260.212 0.018 0 0 0 0 1
260.264 0.05 0.002 0.002 0 0 1
260.314 0.052 0 0 0 0 1
260.364 0.05 0 0 0 0 1
260.416 0.052 0 0 0 0 1
260.468 0.052 0 0 0 0 1
260.512 0.042 0.002 0.002 0 0 1
260.562 0.052 0 0 0 0 1
260.61 0.048 0 0 0 0 1
260.662 0.05 0.002 0.002 0 0 1
260.712 0.052 0 0 0 0 1
260.762 0.05 0 0 0 0 1
260.812 0.05 0 0 0 0 1
260.918 0.104 0.002 0 0.002 0 1
260.942 0.026 0 0 0 0 1
260.988 0.046 0 0 0 0 1
261.042 0.052 0.002 0 0.002 0 1
261.092 0.05 0.002 0 0.002 0 1
261.142 0.05 0.002 0 0.002 0 1
261.192 0.05 0.002 0.002 0 0 1
261.242 0.052 0 0 0 0 1
261.292 0.05 0 0 0 0 1
261.344 0.05 0.002 0 0.002 0 1
261.392 0.05 0 0 0 0 1
261.438 0.046 0 0 0 0 1
261.536 0.096 0.002 0 0.002 0 1
261.584 0.05 0 0 0 0 1
261.636 0.05 0.002 0 0.002 0 1
261.686 0.052 0 0 0 0 1
261.736 0.05 0 0 0 0 1
261.788 0.05 0.002 0 0.002 0 1
261.836 0.05 0 0 0 0 1
261.886 0.048 0.002 0.002 0 0 1
261.934 0.05 0 0 0 0 1
261.984 0.05 0 0 0 0 1
262.036 0.05 0.002 0 0.002 0 1
262.084 0.05 0 0 0 0 1
262.134 0.05 0 0 0 0 1
262.27 0.136 0 0 0 0 1
262.314 0.044 0 0 0 0 1
262.364 0.05 0 0 0 0 1
262.416 0.052 0 0 0 0 1
262.468 0.05 0.002 0 0.002 0 1
262.518 0.052 0 0 0 0 1
262.554 0.034 0.002 0 0.002 0 1
262.604 0.052 0 0 0 0 1
262.654 0.05 0 0 0 0 1
262.706 0.052 0 0 0 0 1
262.758 0.05 0.002 0 0.002 0 1
262.808 0.052 0 0 0 0 1
262.86 0.052 0 0 0 0 1
262.91 0.05 0 0 0 0 1
262.962 0.05 0.002 0 0.002 0 1
