36.942 36.232 0.71 0.002 0.708 0 1
37.654 0.71 0.712 0.006 0.706 0 1
38.46 0.744 0.774 0 0.774 0 1
39.18 0.774 0.72 0.002 0.718 0 1
39.758 0.758 0.54 0.002 0.538 0 1
40.278 0.54 0.52 0 0.52 0 1
40.786 0.556 0.472 0.004 0.468 0 2
41.284 0.476 0.494 0.002 0.49 0 2
41.838 0.53 0.518 0.002 0.516 0 2
42.356 0.518 0.518 0.006 0.512 0 2
42.908 0.56 0.51 0.008 0.502 0 2
43.404 0.51 0.496 0 0.496 0 2
43.968 0.536 0.524 0 0.524 0 2
44.504 0.524 0.536 0.006 0.53 0 2
45.06 0.572 0.52 0.008 0.51 0 2
45.582 0.52 0.522 0.006 0.516 0 2
46.154 0.556 0.538 0.006 0.532 0 2
46.68 0.54 0.524 0.006 0.518 0 2
47.206 0.574 0.476 0.002 0.474 0 2
47.742 0.476 0.536 0.008 0.528 0 2
48.308 0.58 0.522 0.006 0.516 0 2
48.816 0.522 0.508 0.006 0.502 0 2
49.382 0.544 0.53 0.008 0.522 0 2
49.892 0.53 0.51 0.006 0.502 0 2
50.418 0.54 0.496 0.008 0.488 0 2
50.85 0.496 0.432 0.004 0.428 0 2
51.374 0.472 0.484 0.004 0.48 0 2
51.836 0.484 0.462 0.004 0.458 0 2
52.334 0.514 0.446 0.002 0.444 0 2
52.79 0.446 0.456 0.004 0.452 0 2
53.302 0.514 0.454 0.004 0.45 0 2
53.718 0.456 0.414 0.004 0.41 0 2
54.172 0.448 0.42 0 0.42 0 2
54.57 0.42 0.398 0.006 0.39 0.002 3
54.99 0.44 0.378 0.004 0.372 0.002 3
55.338 0.378 0.348 0.002 0.336 0 2
55.774 0.402 0.382 0.026 0.356 0 12
56.13 0.382 0.356 0.004 0.352 0 2
56.526 0.41 0.342 0.002 0.34 0 2
56.868 0.342 0.342 0.008 0.334 0 3
57.256 0.392 0.338 0.006 0.332 0 3
57.678 0.404 0.356 0.008 0.348 0 3
58.034 0.356 0.356 0.01 0.346 0 4
58.424 0.418 0.328 0.012 0.316 0 4
58.724 0.33 0.298 0.004 0.294 0 2
59.04 0.298 0.316 0.006 0.31 0 2
59.392 0.374 0.294 0.002 0.292 0 2
59.71 0.294 0.318 0.01 0.308 0 2
60.028 0.364 0.272 0.004 0.268 0 2
60.31 0.272 0.282 0.008 0.272 0.002 4
60.592 0.282 0.282 0.01 0.272 0 4
60.872 0.282 0.28 0.01 0.27 0 4
61.238 0.346 0.3 0.018 0.282 0 8
61.504 0.3 0.266 0.02 0.246 0 8
61.772 0.266 0.268 0.014 0.252 0.002 8
62.158 0.35 0.304 0.02 0.284 0 12
62.512 0.392 0.266 0.032 0.234 0 13
62.8 0.266 0.288 0.04 0.246 0.002 17
63.156 0.354 0.29 0.034 0.256 0 18
63.464 0.29 0.308 0.042 0.264 0.002 18
63.65 0.308 0.186 0.006 0.18 0 2
63.834 0.186 0.184 0.008 0.176 0 2
63.994 0.184 0.16 0.006 0.154 0 2
64.17 0.16 0.176 0.008 0.168 0 2
64.402 0.248 0.16 0.006 0.154 0 3
64.556 0.16 0.154 0.008 0.146 0 3
64.72 0.154 0.164 0.008 0.156 0 3
64.948 0.246 0.146 0.01 0.136 0 3
65.102 0.146 0.154 0.004 0.15 0 2
65.374 0.238 0.188 0.008 0.18 0 2
65.486 0.188 0.112 0.004 0.108 0 2
65.598 0.112 0.112 0.008 0.104 0 2
65.726 0.112 0.128 0.008 0.12 0 2
65.838 0.128 0.112 0.006 0.106 0 2
65.954 0.112 0.116 0.004 0.112 0 2
66.076 0.116 0.122 0.004 0.118 0 2
66.166 0.122 0.09 0.008 0.082 0 2
66.342 0.162 0.104 0.006 0.098 0 2
66.652 0.104 0.31 0.006 0.304 0 2
66.946 0.31 0.294 0.006 0.288 0 2
67.318 0.37 0.296 0.004 0.292 0 2
67.632 0.296 0.314 0.008 0.306 0 2
68.008 0.394 0.296 0.006 0.288 0.002 2
68.364 0.296 0.356 0.01 0.344 0.002 2
68.798 0.436 0.354 0.006 0.348 0 2
69.148 0.354 0.35 0.008 0.342 0 2
69.604 0.434 0.372 0.004 0.368 0 2
69.95 0.372 0.346 0.006 0.338 0 2
70.324 0.346 0.374 0.008 0.366 0 2
70.77 0.446 0.374 0.01 0.364 0 2
71.12 0.374 0.35 0.008 0.342 0 2
71.56 0.428 0.362 0.006 0.356 0 2
71.914 0.362 0.354 0.008 0.344 0.002 2
72.27 0.354 0.356 0.01 0.346 0 2
72.712 0.456 0.342 0.01 0.332 0 2
73.04 0.342 0.328 0.006 0.322 0 1
73.454 0.424 0.318 0.002 0.314 0.002 1
73.802 0.318 0.348 0.004 0.344 0 1
74.248 0.454 0.34 0.004 0.336 0 1
74.586 0.34 0.338 0.006 0.332 0 1
75.038 0.428 0.362 0.008 0.352 0.002 1
75.494 0.46 0.358 0.004 0.352 0.002 1
75.83 0.358 0.336 0.006 0.33 0 1
76.136 0.336 0.306 0.006 0.3 0 1
76.496 0.306 0.36 0.008 0.352 0 1
76.956 0.472 0.348 0.008 0.338 0.002 1
77.304 0.348 0.348 0.006 0.342 0 1
77.646 0.348 0.342 0.006 0.336 0 1
77.982 0.342 0.336 0.004 0.332 0 1
78.402 0.428 0.328 0.002 0.326 0 1
78.828 0.408 0.346 0.006 0.34 0 1
79.142 0.346 0.314 0 0.314 0 1
79.48 0.314 0.338 0.006 0.33 0.002 1
79.9 0.438 0.32 0.006 0.314 0 1
80.202 0.32 0.302 0.004 0.298 0 1
80.634 0.406 0.328 0.006 0.322 0 1
80.956 0.328 0.322 0.004 0.318 0 1
81.376 0.414 0.328 0.006 0.32 0 1
81.7 0.328 0.324 0.006 0.318 0 1
82.02 0.324 0.32 0.004 0.316 0 1
82.338 0.32 0.318 0.008 0.31 0 1
82.66 0.318 0.322 0.008 0.314 0 1
83.094 0.436 0.32 0 0.32 0 1
83.52 0.424 0.322 0.006 0.316 0 1
83.846 0.322 0.326 0.006 0.32 0 1
84.27 0.424 0.326 0.006 0.32 0 1
84.592 0.326 0.322 0.006 0.316 0 1
85.04 0.438 0.332 0.006 0.326 0 1
85.374 0.332 0.334 0.004 0.33 0 1
85.694 0.334 0.32 0.006 0.312 0.002 1
86.022 0.32 0.328 0.004 0.324 0 1
86.47 0.448 0.328 0.006 0.32 0.002 1
86.762 0.328 0.292 0.006 0.286 0 1
87.14 0.39 0.28 0.006 0.274 0 1
87.394 0.28 0.254 0.004 0.25 0 1
87.722 0.34 0.242 0.004 0.238 0 1
87.954 0.242 0.232 0.002 0.23 0 1
88.178 0.232 0.224 0.002 0.22 0 1
88.5 0.322 0.224 0.004 0.22 0 1
88.734 0.224 0.234 0.002 0.232 0 1
88.95 0.234 0.216 0.004 0.212 0 1
89.27 0.322 0.214 0.004 0.21 0 1
89.468 0.214 0.198 0.004 0.194 0 1
89.682 0.198 0.214 0.006 0.208 0 1
90.002 0.318 0.216 0.002 0.214 0 1
90.288 0.216 0.286 0.004 0.282 0 1
90.562 0.286 0.274 0 0.274 0 1
90.974 0.38 0.306 0.004 0.302 0 1
91.286 0.306 0.312 0.004 0.308 0 1
91.582 0.312 0.296 0.002 0.294 0 1
91.886 0.296 0.304 0.004 0.298 0 1
92.192 0.304 0.306 0.004 0.302 0 1
92.654 0.42 0.348 0.004 0.344 0 1
92.772 0.348 0.118 0.002 0.116 0 1
93.014 0.23 0.13 0.004 0.126 0 1
93.128 0.13 0.114 0.004 0.11 0 1
93.23 0.114 0.102 0.004 0.098 0 1
93.34 0.102 0.11 0.002 0.108 0 1
93.454 0.11 0.114 0.004 0.11 0 1
93.568 0.114 0.114 0.004 0.11 0 1
93.68 0.114 0.112 0.004 0.108 0 1
93.914 0.246 0.1 0.002 0.098 0 1
94.008 0.1 0.094 0.004 0.09 0 1
94.104 0.094 0.096 0.004 0.092 0 1
94.19 0.096 0.086 0.002 0.082 0.002 1
94.286 0.086 0.096 0 0.096 0 1
94.374 0.096 0.088 0.004 0.084 0 1
94.454 0.088 0.08 0.004 0.076 0 1
94.548 0.08 0.094 0.004 0.09 0 1
94.624 0.094 0.076 0.004 0.072 0 1
94.818 0.182 0.088 0.004 0.084 0 1
94.896 0.088 0.078 0.004 0.074 0 1
94.972 0.078 0.076 0.002 0.074 0 1
95.048 0.076 0.076 0.004 0.07 0.002 1
95.126 0.076 0.078 0.002 0.076 0 1
95.206 0.078 0.08 0.002 0.078 0 1
95.282 0.08 0.076 0.002 0.074 0 1
95.366 0.076 0.084 0.002 0.082 0 1
95.432 0.084 0.066 0.002 0.062 0 1
95.516 0.066 0.084 0.002 0.082 0 1
95.712 0.196 0.084 0.006 0.078 0 1
95.79 0.084 0.078 0.004 0.074 0 1
95.862 0.078 0.072 0.002 0.07 0 1
95.93 0.072 0.068 0 0.068 0 1
96.002 0.068 0.072 0.006 0.066 0 1
96.074 0.072 0.072 0.006 0.066 0 1
96.146 0.072 0.072 0.002 0.07 0 1
96.216 0.072 0.07 0.004 0.066 0 1
96.268 0.07 0.052 0.008 0.044 0 1
96.426 0.146 0.064 0.006 0.058 0 1
96.492 0.064 0.066 0.006 0.06 0 1
96.562 0.066 0.07 0.004 0.066 0 1
96.622 0.07 0.06 0.002 0.058 0 1
96.684 0.06 0.062 0.002 0.06 0 1
96.744 0.062 0.06 0.004 0.056 0 1
96.816 0.06 0.072 0.002 0.068 0 1
96.87 0.072 0.054 0.002 0.052 0 1
96.928 0.054 0.058 0.002 0.056 0 1
96.996 0.058 0.068 0.004 0.064 0 1
97.054 0.068 0.058 0.002 0.056 0 1
97.122 0.06 0.066 0.004 0.062 0 1
97.184 0.066 0.062 0.004 0.058 0 1
97.254 0.062 0.07 0.004 0.066 0 1
97.312 0.07 0.058 0.002 0.054 0.002 1
97.358 0.058 0.046 0.004 0.042 0 1
97.422 0.046 0.064 0.004 0.06 0 1
97.49 0.064 0.068 0.004 0.064 0 1
97.54 0.068 0.05 0.002 0.048 0 1
97.608 0.05 0.068 0.002 0.064 0 1
97.67 0.068 0.062 0.002 0.06 0 1
97.734 0.062 0.064 0.004 0.06 0 1
97.802 0.064 0.068 0.002 0.064 0 1
97.86 0.068 0.058 0.002 0.056 0 1
98.012 0.154 0.056 0 0.056 0 1
98.062 0.056 0.05 0 0.05 0 1
98.098 0.05 0.036 0.002 0.032 0 1
98.15 0.036 0.052 0.002 0.05 0 1
98.192 0.052 0.042 0.004 0.038 0 1
98.24 0.042 0.048 0.002 0.046 0 1
98.28 0.048 0.04 0.002 0.038 0 1
98.328 0.04 0.048 0.002 0.046 0 1
98.376 0.048 0.048 0.004 0.044 0 1
98.424 0.048 0.048 0.004 0.044 0 1
98.472 0.048 0.048 0.004 0.044 0 1
98.53 0.052 0.054 0.004 0.05 0 1
98.586 0.054 0.056 0 0.056 0 1
98.64 0.056 0.054 0 0.054 0 1
98.698 0.054 0.058 0.002 0.056 0 1
98.752 0.058 0.054 0.004 0.05 0 1
98.79 0.054 0.038 0.002 0.036 0 1
98.828 0.038 0.038 0.002 0.036 0 1
98.878 0.038 0.05 0.004 0.046 0 1
98.93 0.05 0.052 0.004 0.048 0 1
98.976 0.052 0.046 0.002 0.044 0 1
99.018 0.046 0.042 0.002 0.04 0 1
99.062 0.042 0.044 0.002 0.042 0 1
99.108 0.044 0.046 0 0.044 0 1
99.154 0.046 0.046 0.002 0.044 0 1
99.2 0.046 0.046 0 0.046 0 1
99.238 0.046 0.038 0.002 0.034 0.002 1
99.288 0.038 0.05 0.002 0.048 0 1
99.326 0.05 0.038 0.002 0.036 0 1
99.378 0.038 0.052 0.004 0.048 0 1
99.438 0.052 0.06 0 0.058 0 1
99.482 0.06 0.044 0.002 0.042 0 1
99.532 0.044 0.05 0.004 0.046 0 1
99.566 0.05 0.034 0 0.034 0 1
99.736 0.15 0.054 0.002 0.052 0 1
99.768 0.056 0.03 0.002 0.026 0.002 1
99.804 0.03 0.036 0 0.036 0 1
99.852 0.048 0.036 0.004 0.032 0 1
99.9 0.05 0.034 0.002 0.032 0 1
99.958 0.054 0.038 0.008 0.03 0 1
100 0.054 0.026 0.002 0.024 0 1
100.054 0.048 0.032 0.002 0.03 0 1
100.108 0.05 0.036 0 0.036 0 1
100.154 0.052 0.03 0.002 0.028 0 1
100.212 0.05 0.038 0.002 0.036 0 1
100.254 0.05 0.03 0 0.028 0 1
100.3 0.048 0.028 0.004 0.024 0 1
100.35 0.05 0.028 0.004 0.024 0 1
100.398 0.044 0.032 0.002 0.028 0.002 1
100.442 0.05 0.026 0 0.026 0 1
100.606 0.158 0.032 0 0.032 0 1
100.652 0.038 0.04 0.002 0.036 0.002 1
100.696 0.048 0.036 0.002 0.032 0 1
100.738 0.044 0.034 0 0.03 0.002 1
100.782 0.054 0.024 0.002 0.022 0 1
100.842 0.05 0.034 0.008 0.026 0 1
100.882 0.05 0.024 0.002 0.022 0 1
100.932 0.048 0.026 0 0.026 0 1
100.984 0.048 0.03 0.002 0.028 0 1
101.04 0.054 0.032 0.002 0.028 0.002 1
101.094 0.054 0.032 0.002 0.03 0 1
101.144 0.052 0.03 0.004 0.026 0 1
101.198 0.05 0.034 0.002 0.032 0 1
101.24 0.052 0.024 0.004 0.02 0 1
101.282 0.042 0.024 0 0.022 0 1
101.328 0.046 0.024 0 0.024 0 1
101.386 0.04 0.042 0.006 0.036 0 1
101.422 0.056 0.022 0.002 0.02 0 1
101.568 0.142 0.026 0.004 0.022 0 1
101.614 0.036 0.036 0.006 0.03 0 1
101.684 0.056 0.05 0 0.05 0 1
101.73 0.05 0.046 0.002 0.044 0 1
101.782 0.054 0.044 0.002 0.042 0 1
101.82 0.05 0.032 0.002 0.03 0 1
101.872 0.04 0.044 0.002 0.042 0 1
101.924 0.048 0.048 0.002 0.046 0 1
101.98 0.052 0.052 0.002 0.05 0 1
102.028 0.054 0.046 0.002 0.044 0 1
102.078 0.048 0.048 0.002 0.046 0 1
102.122 0.048 0.044 0.002 0.042 0 1
102.178 0.052 0.048 0 0.046 0 1
102.226 0.048 0.048 0.002 0.046 0 1
102.272 0.048 0.046 0.002 0.044 0 1
102.304 0.046 0.032 0 0.032 0 1
102.358 0.036 0.05 0.002 0.048 0 1
102.414 0.05 0.056 0.006 0.05 0 1
102.456 0.056 0.042 0.002 0.04 0 1
102.51 0.042 0.054 0.004 0.048 0 1
102.554 0.054 0.044 0 0.044 0 1
102.6 0.044 0.046 0.002 0.044 0 1
102.654 0.048 0.052 0 0.05 0.002 1
102.702 0.052 0.048 0.002 0.046 0 1
102.744 0.048 0.042 0.002 0.04 0 1
102.792 0.048 0.042 0 0.042 0 1
102.842 0.046 0.046 0 0.046 0 1
102.892 0.046 0.05 0.002 0.048 0 1
102.94 0.052 0.046 0.002 0.044 0 1
102.988 0.046 0.048 0.002 0.046 0 1
103.03 0.05 0.04 0.002 0.038 0 1
103.078 0.04 0.048 0 0.048 0 1
103.122 0.048 0.044 0.002 0.042 0 1
103.17 0.046 0.046 0.002 0.044 0 1
103.218 0.046 0.048 0 0.048 0 1
103.264 0.048 0.046 0.004 0.042 0 1
103.314 0.052 0.044 0.004 0.04 0 1
103.44 0.142 0.028 0.002 0.026 0 1
103.482 0.028 0.042 0.002 0.04 0 1
103.514 0.042 0.032 0.002 0.028 0.002 1
103.544 0.032 0.03 0 0.03 0 1
103.578 0.03 0.034 0.004 0.03 0 1
103.618 0.038 0.036 0.002 0.034 0 1
103.68 0.05 0.048 0.002 0.046 0 1
103.74 0.056 0.052 0 0.052 0 1
103.78 0.056 0.036 0 0.036 0 1
103.834 0.048 0.042 0 0.042 0 1
103.882 0.052 0.038 0.002 0.036 0 1
103.928 0.05 0.034 0 0.034 0 1
103.982 0.04 0.048 0.008 0.038 0.002 1
104.03 0.054 0.042 0.002 0.04 0 1
104.08 0.054 0.038 0.002 0.036 0 1
104.126 0.054 0.03 0 0.03 0 1
104.178 0.042 0.04 0.002 0.038 0 1
104.226 0.05 0.038 0.002 0.036 0 1
104.268 0.048 0.032 0.002 0.03 0 1
104.332 0.05 0.046 0 0.046 0 1
104.492 0.178 0.028 0 0.028 0 1
104.496 0.028 0.004 0.002 0.002 0 1
104.526 0.032 0.002 0 0.002 0 1
104.578 0.052 0.002 0.002 0 0 1
104.63 0.048 0.006 0.004 0.002 0 1
104.682 0.054 0.004 0.002 0 0.002 1
104.732 0.052 0.002 0.002 0 0 1
104.782 0.05 0.002 0.002 0 0 1
104.834 0.052 0.002 0.002 0 0 1
104.88 0.046 0.002 0.002 0 0 1
104.934 0.054 0.002 0.002 0 0 1
104.984 0.05 0.002 0.002 0 0 1
105.03 0.048 0 0 0 0 1
105.084 0.052 0.002 0.002 0 0 1
105.136 0.052 0.002 0.002 0 0 1
105.182 0.046 0.002 0.002 0 0 1
105.232 0.048 0.004 0.002 0.002 0 1
105.282 0.052 0.002 0.002 0 0 1
105.426 0.146 0 0 0 0 1
105.46 0.034 0 0 0 0 1
105.506 0.046 0 0 0 0 1
105.558 0.052 0 0 0 0 1
105.608 0.05 0 0 0 0 1
105.662 0.054 0 0 0 0 1
105.71 0.044 0.004 0.002 0.002 0 1
105.76 0.054 0 0 0 0 1
105.816 0.054 0.002 0 0.002 0 1
105.868 0.052 0.002 0.002 0 0 1
105.922 0.054 0.002 0.002 0 0 1
105.968 0.046 0.002 0.002 0 0 1
106.016 0.05 0 0 0 0 1
106.066 0.05 0 0 0 0 1
106.112 0.046 0 0 0 0 1
106.166 0.052 0.002 0 0.002 0 1
106.216 0.05 0.002 0.002 0 0 1
106.268 0.052 0.002 0.002 0 0 1
106.316 0.05 0 0 0 0 1
106.49 0.172 0.002 0.002 0 0 1
106.498 0.008 0.002 0 0.002 0 1
106.538 0.036 0.006 0.002 0.002 0.002 1
106.582 0.05 0 0 0 0 1
106.634 0.052 0 0 0 0 1
106.688 0.052 0.002 0.002 0 0 1
106.73 0.042 0.002 0.002 0 0 1
106.786 0.054 0.004 0.002 0.002 0 1
106.836 0.054 0 0 0 0 1
106.892 0.052 0.004 0 0.004 0 1
106.94 0.046 0.006 0.004 0.002 0 1
106.988 0.054 0 0 0 0 1
107.042 0.052 0.002 0 0.002 0 1
107.09 0.05 0 0 0 0 1
107.14 0.05 0 0 0 0 1
107.192 0.05 0.002 0.002 0 0 1
107.24 0.048 0.002 0 0.002 0 1
107.38 0.142 0 0 0 0 1
107.41 0.026 0.004 0.002 0.002 0 1
107.454 0.046 0.002 0.002 0 0 1
107.498 0.046 0 0 0 0 1
107.54 0.042 0 0 0 0 1
107.588 0.044 0.004 0.002 0 0.002 1
107.626 0.042 0 0 0 0 1
107.676 0.048 0.002 0.002 0 0 1
107.726 0.05 0.002 0.002 0 0 1
107.776 0.05 0.002 0 0.002 0 1
107.834 0.058 0.002 0 0.002 0 1
107.872 0.04 0 0 0 0 1
107.93 0.056 0.002 0 0.002 0 1
107.982 0.05 0.004 0.002 0.002 0 1
108.03 0.05 0.002 0.002 0 0 1
108.078 0.048 0.002 0.002 0 0 1
108.132 0.054 0.002 0 0.002 0 1
108.184 0.05 0.004 0.004 0 0 1
108.236 0.052 0.004 0 0.002 0 1
108.284 0.052 0 0 0 0 1
108.43 0.142 0.004 0.002 0 0.002 1
108.47 0.042 0.002 0.002 0 0 1
108.518 0.05 0 0 0 0 1
108.568 0.05 0 0 0 0 1
108.62 0.052 0 0 0 0 1
108.668 0.048 0 0 0 0 1
108.72 0.048 0.004 0.002 0 0 1
108.772 0.054 0.002 0 0.002 0 1
108.816 0.046 0 0 0 0 1
108.866 0.048 0.002 0.002 0 0 1
108.914 0.05 0 0 0 0 1
108.97 0.054 0.002 0 0.002 0 1
109.022 0.052 0.002 0 0.002 0 1
109.058 0.038 0 0 0 0 1
109.11 0.05 0.002 0 0.002 0 1
109.152 0.044 0 0 0 0 1
109.196 0.042 0.002 0.002 0 0 1
109.248 0.054 0 0 0 0 1
109.298 0.05 0 0 0 0 1
109.348 0.046 0.004 0.004 0 0 1
109.398 0.054 0 0 0 0 1
109.446 0.048 0 0 0 0 1
109.498 0.048 0.004 0 0.004 0 1
109.544 0.05 0 0 0 0 1
109.596 0.05 0.002 0 0.002 0 1
109.648 0.052 0.002 0 0.002 0 1
109.696 0.05 0 0 0 0 1
109.75 0.052 0.002 0 0.002 0 1
109.8 0.05 0.002 0.002 0 0 1
109.842 0.042 0.002 0.002 0 0 1
109.89 0.05 0 0 0 0 1
109.938 0.048 0 0 0 0 1
109.988 0.048 0.002 0.002 0 0 1
110.034 0.046 0.002 0 0.002 0 1
110.084 0.05 0.002 0.002 0 0 1
110.25 0.164 0.004 0.002 0.002 0 1
110.298 0.048 0.004 0.002 0 0 1
110.346 0.05 0.002 0 0.002 0 1
110.392 0.048 0 0 0 0 1
110.442 0.05 0 0 0 0 1
110.492 0.046 0.004 0.002 0 0.002 1
110.544 0.048 0.008 0.006 0.002 0 1
110.594 0.056 0.002 0.002 0 0 1
110.646 0.05 0.004 0.002 0.002 0 1
110.696 0.052 0.002 0.002 0 0 1
110.748 0.052 0.002 0 0.002 0 1
110.794 0.048 0 0 0 0 1
110.844 0.05 0 0 0 0 1
110.886 0.042 0 0 0 0 1
110.938 0.05 0.002 0 0.002 0 1
110.984 0.044 0.004 0.002 0.002 0 1
111.036 0.054 0.002 0.002 0 0 1
111.074 0.04 0 0 0 0 1
111.13 0.052 0.004 0.002 0.002 0 1
111.178 0.052 0 0 0 0 1
111.23 0.052 0 0 0 0 1
111.278 0.046 0.002 0 0.002 0 1
111.324 0.048 0 0 0 0 1
111.374 0.05 0 0 0 0 1
111.428 0.054 0 0 0 0 1
111.48 0.05 0.002 0.002 0 0 1
111.53 0.05 0.002 0.002 0 0 1
111.574 0.046 0 0 0 0 1
111.624 0.048 0.002 0 0.002 0 1
111.672 0.05 0 0 0 0 1
111.724 0.05 0.002 0.002 0 0 1
111.768 0.046 0 0 0 0 1
111.824 0.056 0 0 0 0 1
111.874 0.05 0 0 0 0 1
111.926 0.048 0.004 0.004 0 0 1
111.968 0.046 0 0 0 0 1
112.014 0.046 0 0 0 0 1
112.066 0.052 0 0 0 0 1
112.12 0.052 0.002 0 0.002 0 1
112.264 0.146 0 0 0 0 1
112.284 0.02 0 0 0 0 1
112.336 0.052 0 0 0 0 1
112.38 0.042 0.002 0 0.002 0 1
112.43 0.05 0.002 0 0.002 0 1
112.474 0.046 0 0 0 0 1
112.524 0.05 0 0 0 0 1
112.578 0.052 0.002 0.002 0 0 1
112.63 0.052 0.002 0 0.002 0 1
112.682 0.052 0.002 0 0.002 0 1
112.73 0.05 0 0 0 0 1
112.776 0.046 0 0 0 0 1
112.826 0.046 0.004 0 0.004 0 1
112.874 0.05 0.002 0 0.002 0 1
112.924 0.05 0.002 0 0 0.002 1
112.97 0.048 0 0 0 0 1
113.02 0.048 0.002 0 0.002 0 1
113.072 0.052 0.002 0 0.002 0 1
113.116 0.044 0.002 0 0.002 0 1
113.16 0.046 0 0 0 0 1
113.316 0.152 0.004 0.002 0.002 0 1
113.326 0.012 0.002 0.002 0 0 1
113.38 0.054 0.002 0.002 0 0 1
113.434 0.054 0.002 0 0.002 0 1
113.476 0.044 0 0 0 0 1
113.528 0.052 0 0 0 0 1
113.58 0.05 0.002 0 0.002 0 1
113.632 0.052 0.002 0 0.002 0 1
113.676 0.046 0 0 0 0 1
113.728 0.05 0.002 0 0.002 0 1
113.78 0.052 0.002 0.002 0 0 1
113.834 0.054 0.002 0 0 0 1
113.882 0.046 0.004 0.004 0 0 1
113.932 0.054 0 0 0 0 1
113.984 0.05 0.002 0.002 0 0 1
114.034 0.052 0 0 0 0 1
114.086 0.05 0.002 0.002 0 0 1
114.132 0.044 0.004 0 0.004 0 1
114.178 0.05 0 0 0 0 1
114.232 0.052 0.002 0 0.002 0 1
114.278 0.044 0.004 0 0.002 0 1
114.428 0.15 0.004 0 0.004 0 1
114.454 0.028 0.002 0 0.002 0 1
114.496 0.044 0 0 0 0 1
114.554 0.056 0.002 0 0.002 0 1
114.604 0.05 0.002 0 0.002 0 1
114.654 0.052 0 0 0 0 1
114.706 0.048 0.004 0.002 0.002 0 1
114.754 0.052 0 0 0 0 1
114.8 0.044 0.002 0.002 0 0 1
114.85 0.052 0 0 0 0 1
114.904 0.052 0.002 0 0.002 0 1
114.954 0.052 0 0 0 0 1
115.002 0.046 0.002 0 0 0.002 1
115.054 0.05 0.004 0.004 0 0 1
115.1 0.05 0 0 0 0 1
115.154 0.052 0.002 0.002 0 0 1
115.204 0.052 0 0 0 0 1
115.25 0.044 0.002 0.002 0 0 1
115.3 0.05 0.002 0.002 0 0 1
115.464 0.164 0.002 0.002 0 0 1
115.474 0.01 0.002 0.002 0 0 1
115.516 0.042 0.002 0.002 0 0 1
115.574 0.058 0.002 0.002 0 0 1
115.622 0.046 0.004 0.002 0.002 0 1
115.674 0.056 0 0 0 0 1
115.724 0.048 0.002 0.002 0 0 1
115.776 0.052 0.002 0.002 0 0 1
115.826 0.052 0 0 0 0 1
115.868 0.042 0 0 0 0 1
115.926 0.056 0.002 0.002 0 0 1
115.976 0.052 0 0 0 0 1
116.02 0.044 0 0 0 0 1
116.068 0.046 0.002 0.002 0 0 1
116.12 0.052 0.002 0.002 0 0 1
116.17 0.052 0 0 0 0 1
116.224 0.052 0.002 0 0.002 0 1
116.272 0.05 0 0 0 0 1
116.32 0.048 0 0 0 0 1
116.37 0.05 0 0 0 0 1
116.422 0.052 0 0 0 0 1
116.584 0.162 0 0 0 0 1
116.594 0.01 0 0 0 0 1
116.644 0.048 0.002 0 0.002 0 1
116.696 0.052 0.002 0 0.002 0 1
116.744 0.05 0 0 0 0 1
116.794 0.048 0.002 0 0.002 0 1
116.842 0.048 0.002 0.002 0 0 1
116.896 0.056 0 0 0 0 1
116.944 0.046 0.002 0 0.002 0 1
116.996 0.052 0.002 0.002 0 0 1
117.042 0.046 0.002 0 0.002 0 1
117.086 0.046 0 0 0 0 1
117.132 0.042 0.004 0.002 0.002 0 1
117.182 0.054 0 0 0 0 1
117.232 0.05 0 0 0 0 1
117.282 0.048 0.002 0.002 0 0 1
117.334 0.052 0.002 0 0.002 0 1
117.38 0.046 0.002 0 0.002 0 1
117.428 0.05 0 0 0 0 1
117.48 0.05 0.002 0.002 0 0 1
117.528 0.05 0 0 0 0 1
117.58 0.05 0.002 0.002 0 0 1
117.754 0.174 0.002 0.002 0 0 1
117.766 0.008 0.006 0 0.006 0 1
117.818 0.056 0.002 0 0.002 0 1
117.862 0.044 0.002 0 0.002 0 1
117.916 0.054 0.002 0.002 0 0 1
117.968 0.05 0.004 0.002 0 0.002 1
118.018 0.054 0 0 0 0 1
118.074 0.054 0.002 0 0.002 0 1
118.124 0.052 0 0 0 0 1
118.174 0.05 0 0 0 0 1
118.212 0.038 0 0 0 0 1
118.262 0.05 0 0 0 0 1
118.316 0.054 0 0 0 0 1
118.366 0.05 0 0 0 0 1
118.416 0.048 0.002 0.002 0 0 1
118.464 0.044 0.006 0.006 0 0 1
118.514 0.054 0.002 0 0.002 0 1
118.564 0.05 0.002 0 0.002 0 1
118.612 0.05 0 0 0 0 1
118.662 0.05 0 0 0 0 1
118.714 0.05 0.002 0.002 0 0 1
118.764 0.052 0 0 0 0 1
118.91 0.146 0 0 0 0 1
118.922 0.012 0 0 0 0 1
118.962 0.04 0 0 0 0 1
119.012 0.05 0 0 0 0 1
119.06 0.044 0.004 0.002 0 0.002 1
119.116 0.058 0.002 0 0 0 1
119.164 0.05 0 0 0 0 1
119.218 0.054 0 0 0 0 1
119.274 0.052 0.004 0.002 0.002 0 1
119.328 0.056 0.002 0 0 0.002 1
119.372 0.046 0 0 0 0 1
119.422 0.046 0.004 0.002 0.002 0 1
119.47 0.05 0.002 0.002 0 0 1
119.52 0.05 0.002 0 0.002 0 1
119.566 0.046 0.002 0.002 0 0 1
119.62 0.054 0.002 0.002 0 0 1
119.672 0.05 0.004 0.004 0 0 1
119.722 0.05 0.004 0 0.002 0 1
119.772 0.054 0 0 0 0 1
119.82 0.046 0.002 0.002 0 0 1
119.87 0.05 0.002 0.002 0 0 1
119.922 0.052 0.002 0 0.002 0 1
119.968 0.044 0.004 0.004 0 0 1
120.02 0.054 0.002 0.002 0 0 1
120.074 0.048 0.008 0 0.002 0 1
120.118 0.052 0 0 0 0 1
120.168 0.05 0 0 0 0 1
120.216 0.048 0 0 0 0 1
120.268 0.05 0.002 0.002 0 0 1
120.316 0.048 0.002 0 0 0 1
120.364 0.05 0 0 0 0 1
120.412 0.048 0 0 0 0 1
120.466 0.054 0 0 0 0 1
120.516 0.048 0.002 0.002 0 0 1
120.566 0.052 0 0 0 0 1
120.61 0.042 0.002 0.002 0 0 1
120.78 0.168 0.004 0.004 0 0 1
120.794 0.014 0.004 0.002 0.002 0 1
120.844 0.052 0.002 0.002 0 0 1
120.898 0.054 0.002 0 0.002 0 1
120.942 0.044 0.002 0.002 0 0 1
120.994 0.054 0 0 0 0 1
121.05 0.054 0.002 0 0.002 0 1
121.094 0.046 0 0 0 0 1
121.144 0.05 0 0 0 0 1
121.194 0.05 0 0 0 0 1
121.248 0.052 0.002 0 0.002 0 1
121.298 0.05 0.002 0 0.002 0 1
121.346 0.05 0 0 0 0 1
121.398 0.05 0.002 0 0.002 0 1
121.444 0.048 0 0 0 0 1
121.494 0.05 0 0 0 0 1
121.54 0.04 0.006 0.006 0 0 1
121.588 0.054 0 0 0 0 1
121.644 0.056 0 0 0 0 1
121.692 0.046 0.002 0 0.002 0 1
121.736 0.044 0.002 0 0.002 0 1
121.786 0.052 0 0 0 0 1
121.838 0.052 0 0 0 0 1
121.89 0.052 0 0 0 0 1
121.942 0.05 0.002 0 0.002 0 1
121.988 0.048 0 0 0 0 1
122.024 0.032 0.004 0.004 0 0 1
122.078 0.056 0.002 0 0.002 0 1
122.126 0.048 0.002 0.002 0 0 1
122.18 0.054 0.002 0 0.002 0 1
122.23 0.05 0.002 0.002 0 0 1
122.278 0.048 0.002 0.002 0 0 1
122.33 0.052 0.002 0 0.002 0 1
122.378 0.05 0 0 0 0 1
122.43 0.048 0.004 0 0.002 0 1
122.648 0.22 0.002 0.002 0 0 1
122.67 0.024 0 0 0 0 1
122.708 0.038 0 0 0 0 1
122.746 0.034 0.004 0.002 0.002 0 1
122.8 0.054 0.004 0.002 0 0.002 1
122.852 0.054 0.002 0 0.002 0 1
122.89 0.038 0.002 0 0.002 0 1
122.938 0.048 0.002 0 0.002 0 1
122.994 0.056 0.002 0 0.002 0 1
123.042 0.048 0.002 0.002 0 0 1
123.096 0.054 0.002 0.002 0 0 1
123.146 0.048 0.004 0.004 0 0 1
123.194 0.052 0 0 0 0 1
123.244 0.048 0.002 0.002 0 0 1
123.292 0.044 0.006 0.006 0 0 1
123.344 0.056 0.002 0 0.002 0 1
123.392 0.046 0.004 0 0.004 0 1
123.442 0.054 0 0 0 0 1
123.49 0.048 0 0 0 0 1
123.54 0.048 0.002 0.002 0 0 1
123.588 0.048 0.002 0 0 0 1
123.636 0.05 0 0 0 0 1
123.686 0.05 0 0 0 0 1
123.736 0.048 0.002 0 0 0.002 1
123.786 0.05 0.002 0 0.002 0 1
123.83 0.044 0.002 0.002 0 0 1
123.872 0.044 0 0 0 0 1
123.924 0.052 0 0 0 0 1
123.976 0.048 0.004 0.002 0.002 0 1
124.026 0.052 0.002 0.002 0 0 1
124.076 0.05 0.002 0.002 0 0 1
124.124 0.048 0.002 0.002 0 0 1
124.174 0.05 0.002 0 0.002 0 1
124.208 0.036 0 0 0 0 1
124.258 0.05 0 0 0 0 1
124.4 0.14 0.002 0.002 0 0 1
124.43 0.03 0.002 0.002 0 0 1
124.484 0.054 0.002 0.002 0 0 1
124.54 0.054 0.004 0.002 0.002 0 1
124.594 0.054 0.004 0.002 0.002 0 1
124.636 0.044 0.002 0 0.002 0 1
124.684 0.046 0.004 0.002 0 0.002 1
124.732 0.05 0.002 0.002 0 0 1
124.784 0.052 0.002 0.002 0 0 1
124.83 0.048 0 0 0 0 1
124.88 0.05 0 0 0 0 1
124.928 0.046 0.002 0.002 0 0 1
124.972 0.042 0.004 0.002 0.002 0 1
125.024 0.054 0.002 0.002 0 0 1
125.074 0.05 0.002 0 0.002 0 1
125.128 0.054 0.002 0 0.002 0 1
125.178 0.052 0 0 0 0 1
125.226 0.048 0 0 0 0 1
125.274 0.044 0.004 0.002 0 0 1
125.324 0.05 0.004 0.002 0.002 0 1
125.374 0.054 0 0 0 0 1
125.536 0.16 0.002 0 0.002 0 1
125.576 0.042 0 0 0 0 1
125.622 0.044 0.002 0 0.002 0 1
125.678 0.054 0.004 0.002 0 0.002 1
125.734 0.058 0.002 0 0.002 0 1
125.786 0.052 0.002 0 0.002 0 1
125.838 0.054 0 0 0 0 1
125.892 0.052 0.002 0.002 0 0 1
125.938 0.046 0.002 0 0.002 0 1
125.98 0.044 0 0 0 0 1
126.032 0.052 0 0 0 0 1
126.08 0.046 0.002 0.002 0 0 1
126.13 0.052 0 0 0 0 1
126.18 0.048 0.002 0 0.002 0 1
126.232 0.052 0.002 0 0.002 0 1
126.282 0.05 0.002 0.002 0 0 1
126.332 0.052 0 0 0 0 1
126.384 0.05 0.002 0 0 0 1
126.566 0.182 0.002 0 0.002 0 1
126.612 0.044 0.004 0.002 0 0.002 1
126.666 0.056 0.002 0 0.002 0 1
126.714 0.046 0.004 0.002 0.002 0 1
126.762 0.052 0 0 0 0 1
126.818 0.054 0.002 0 0.002 0 1
126.87 0.052 0.002 0.002 0 0 1
126.924 0.054 0.002 0.002 0 0 1
126.98 0.054 0.004 0 0.004 0 1
127.022 0.046 0 0 0 0 1
127.074 0.05 0.002 0 0.002 0 1
127.122 0.05 0 0 0 0 1
127.174 0.052 0 0 0 0 1
127.222 0.048 0 0 0 0 1
127.272 0.05 0 0 0 0 1
127.324 0.052 0 0 0 0 1
127.374 0.05 0 0 0 0 1
127.42 0.044 0.002 0.002 0 0 1
127.472 0.052 0.002 0.002 0 0 1
127.522 0.05 0.002 0.002 0 0 1
127.692 0.172 0 0 0 0 1
127.738 0.046 0 0 0 0 1
127.79 0.052 0 0 0 0 1
127.844 0.052 0.002 0 0.002 0 1
127.896 0.052 0.002 0 0.002 0 1
127.95 0.054 0.002 0 0.002 0 1
127.996 0.046 0.002 0.002 0 0 1
128.044 0.046 0.004 0.002 0.002 0 1
128.096 0.054 0.002 0 0.002 0 1
128.146 0.05 0.002 0.002 0 0 1
128.196 0.05 0.002 0.002 0 0 1
128.246 0.05 0.002 0 0.002 0 1
128.292 0.046 0.002 0.002 0 0 1
128.342 0.052 0 0 0 0 1
128.394 0.05 0.002 0.002 0 0 1
128.442 0.05 0 0 0 0 1
128.494 0.05 0.002 0.002 0 0 1
128.542 0.05 0 0 0 0 1
128.586 0.042 0.002 0.002 0 0 1
128.636 0.05 0.002 0 0.002 0 1
128.844 0.204 0.006 0 0.006 0 1
128.868 0.026 0.004 0 0 0.004 1
128.916 0.052 0 0 0 0 1
128.964 0.046 0.002 0 0.002 0 1
129.008 0.046 0 0 0 0 1
129.06 0.052 0 0 0 0 1
129.108 0.048 0 0 0 0 1
129.154 0.046 0 0 0 0 1
129.196 0.042 0 0 0 0 1
129.25 0.052 0.002 0 0.002 0 1
129.298 0.05 0 0 0 0 1
129.342 0.044 0 0 0 0 1
129.392 0.05 0 0 0 0 1
129.444 0.048 0.004 0.002 0.002 0 1
129.49 0.05 0 0 0 0 1
129.542 0.052 0 0 0 0 1
129.594 0.05 0.002 0 0.002 0 1
129.792 0.198 0.002 0 0.002 0 1
129.834 0.044 0 0 0 0 1
129.884 0.05 0 0 0 0 1
129.938 0.052 0.002 0 0.002 0 1
129.984 0.046 0.002 0.002 0 0 1
130.036 0.052 0.002 0 0.002 0 1
130.088 0.052 0.002 0 0.002 0 1
130.136 0.05 0 0 0 0 1
130.19 0.046 0.008 0 0.006 0.002 1
130.24 0.056 0.002 0.002 0 0 1
130.29 0.05 0.002 0.002 0 0 1
130.328 0.04 0 0 0 0 1
130.38 0.052 0 0 0 0 1
130.434 0.052 0.002 0.002 0 0 1
130.484 0.052 0 0 0 0 1
130.536 0.052 0 0 0 0 1
130.722 0.184 0.002 0 0.002 0 1
130.764 0.042 0.002 0 0.002 0 1
130.818 0.054 0.002 0 0.002 0 1
130.87 0.052 0.002 0.002 0 0 1
130.92 0.052 0 0 0 0 1
130.974 0.052 0.002 0 0.002 0 1
131.024 0.05 0.002 0.002 0 0 1
131.074 0.052 0 0 0 0 1
131.122 0.046 0.002 0.002 0 0 1
131.174 0.052 0.002 0 0.002 0 1
131.226 0.052 0.002 0 0 0.002 1
131.274 0.05 0 0 0 0 1
131.318 0.044 0 0 0 0 1
131.37 0.052 0 0 0 0 1
131.42 0.05 0 0 0 0 1
131.472 0.052 0 0 0 0 1
131.516 0.042 0.002 0 0.002 0 1
131.654 0.138 0.002 0 0 0.002 1
131.698 0.046 0 0 0 0 1
131.752 0.054 0 0 0 0 1
131.804 0.05 0.002 0.002 0 0 1
131.854 0.052 0 0 0 0 1
131.908 0.052 0.002 0 0.002 0 1
131.956 0.048 0.002 0.002 0 0 1
131.998 0.044 0 0 0 0 1
132.048 0.048 0.002 0 0.002 0 1
132.1 0.052 0.002 0 0.002 0 1
132.148 0.05 0 0 0 0 1
132.198 0.05 0 0 0 0 1
132.248 0.048 0.002 0.002 0 0 1
132.298 0.05 0.002 0 0.002 0 1
132.348 0.046 0.006 0 0.006 0 1
132.4 0.054 0.004 0.002 0.002 0 1
132.448 0.05 0.002 0.002 0 0 1
132.498 0.05 0.002 0.002 0 0 1
132.548 0.05 0.002 0 0.002 0 1
132.598 0.05 0.002 0 0.002 0 1
132.776 0.18 0 0 0 0 1
132.792 0.014 0.002 0 0.002 0 1
132.844 0.052 0.002 0 0.002 0 1
132.894 0.05 0.002 0 0.002 0 1
132.946 0.052 0.002 0 0.002 0 1
132.994 0.048 0.002 0.002 0 0 1
133.042 0.048 0.002 0 0.002 0 1
133.092 0.05 0.002 0.002 0 0 1
133.138 0.046 0.002 0.002 0 0 1
133.188 0.05 0.002 0.002 0 0 1
133.236 0.048 0.002 0.002 0 0 1
133.284 0.05 0 0 0 0 1
133.336 0.05 0.002 0.002 0 0 1
133.386 0.05 0.002 0 0.002 0 1
133.436 0.05 0.002 0.002 0 0 1
133.486 0.05 0.002 0.002 0 0 1
133.536 0.05 0.002 0 0.002 0 1
133.586 0.05 0.002 0.002 0 0 1
133.728 0.142 0.002 0.002 0 0 1
133.768 0.04 0.002 0.002 0 0 1
133.818 0.05 0.002 0.002 0 0 1
133.872 0.054 0.002 0 0.002 0 1
133.924 0.052 0.002 0 0.002 0 1
133.972 0.048 0.002 0 0.002 0 1
134.022 0.05 0.002 0 0.002 0 1
134.072 0.052 0 0 0 0 1
134.124 0.05 0.002 0.002 0 0 1
134.176 0.052 0.002 0 0.002 0 1
134.226 0.05 0.002 0 0.002 0 1
134.272 0.048 0 0 0 0 1
134.32 0.048 0 0 0 0 1
134.372 0.048 0.004 0 0.004 0 1
134.42 0.052 0 0 0 0 1
134.47 0.05 0 0 0 0 1
134.518 0.042 0.006 0.006 0 0 1
134.69 0.178 0 0 0 0 1
134.706 0.014 0.002 0 0.002 0 1
134.756 0.05 0.002 0.002 0 0 1
134.806 0.05 0.002 0.002 0 0 1
134.856 0.052 0 0 0 0 1
134.908 0.05 0.002 0 0.002 0 1
134.956 0.05 0 0 0 0 1
135.008 0.052 0 0 0 0 1
135.052 0.04 0.004 0 0.002 0 1
135.1 0.052 0 0 0 0 1
135.15 0.05 0 0 0 0 1
135.202 0.052 0 0 0 0 1
135.248 0.044 0.002 0 0.002 0 1
135.3 0.052 0.002 0 0.002 0 1
135.336 0.038 0 0 0 0 1
135.39 0.05 0.004 0.002 0.002 0 1
135.436 0.048 0.002 0 0.002 0 1
135.484 0.05 0 0 0 0 1
135.652 0.166 0.002 0 0.002 0 1
135.666 0.014 0.002 0 0.002 0 1
135.714 0.05 0 0 0 0 1
135.766 0.05 0.002 0.002 0 0 1
135.816 0.052 0 0 0 0 1
135.868 0.05 0.002 0.002 0 0 1
135.918 0.05 0.002 0.002 0 0 1
135.968 0.05 0.002 0 0 0 1
136.02 0.052 0.002 0 0 0 1
136.068 0.048 0.002 0 0.002 0 1
136.118 0.05 0.002 0.002 0 0 1
136.162 0.046 0 0 0 0 1
136.212 0.05 0 0 0 0 1
136.264 0.052 0 0 0 0 1
136.316 0.05 0.002 0 0.002 0 1
136.364 0.048 0.002 0 0.002 0 1
136.528 0.164 0.002 0.002 0 0 1
136.538 0.008 0.004 0.002 0.002 0 1
136.59 0.054 0.002 0 0.002 0 1
136.636 0.048 0 0 0 0 1
136.688 0.05 0.002 0.002 0 0 1
136.738 0.052 0 0 0 0 1
136.788 0.05 0 0 0 0 1
136.84 0.05 0.002 0.002 0 0 1
136.89 0.05 0.002 0.002 0 0 1
136.94 0.05 0.002 0.002 0 0 1
136.988 0.048 0.002 0 0.002 0 1
137.038 0.05 0.002 0.002 0 0 1
137.088 0.05 0.002 0.002 0 0 1
137.138 0.05 0.002 0 0.002 0 1
137.19 0.052 0.002 0 0.002 0 1
137.24 0.05 0.002 0 0 0.002 1
137.284 0.046 0 0 0 0 1
137.332 0.048 0 0 0 0 1
137.384 0.05 0.002 0 0.002 0 1
137.57 0.188 0 0 0 0 1
137.574 0 0.004 0 0.004 0 1
137.622 0.052 0 0 0 0 1
137.676 0.052 0.002 0 0.002 0 1
137.726 0.052 0 0 0 0 1
137.774 0.046 0.002 0 0.002 0 1
137.824 0.052 0 0 0 0 1
137.868 0.042 0.002 0 0.002 0 1
137.918 0.05 0.002 0 0.002 0 1
137.968 0.05 0.002 0.002 0 0 1
138.018 0.05 0.002 0.002 0 0 1
138.062 0.046 0 0 0 0 1
138.116 0.052 0.002 0.002 0 0 1
138.164 0.05 0 0 0 0 1
138.214 0.05 0 0 0 0 1
138.266 0.052 0 0 0 0 1
138.318 0.05 0.002 0 0.002 0 1
138.366 0.05 0 0 0 0 1
138.418 0.046 0.006 0.006 0 0 1
138.466 0.054 0 0 0 0 1
138.52 0.05 0.004 0.002 0.002 0 1
138.568 0.052 0 0 0 0 1
138.616 0.048 0 0 0 0 1
138.662 0.046 0 0 0 0 1
138.712 0.05 0 0 0 0 1
138.762 0.05 0 0 0 0 1
138.812 0.048 0.002 0 0.002 0 1
138.862 0.05 0.002 0 0.002 0 1
138.912 0.05 0.002 0 0.002 0 1
138.95 0.04 0 0 0 0 1
139.004 0.052 0.002 0 0.002 0 1
139.054 0.052 0 0 0 0 1
139.106 0.05 0.002 0 0.002 0 1
139.158 0.052 0.002 0 0.002 0 1
139.206 0.05 0 0 0 0 1
139.258 0.05 0.002 0 0.002 0 1
139.306 0.05 0 0 0 0 1
139.356 0.05 0 0 0 0 1
139.526 0.166 0.004 0.002 0.002 0 1
139.536 0.014 0 0 0 0 1
139.586 0.05 0 0 0 0 1
139.638 0.052 0 0 0 0 1
139.69 0.052 0 0 0 0 1
139.74 0.05 0 0 0 0 1
139.792 0.052 0 0 0 0 1
139.844 0.052 0 0 0 0 1
139.894 0.05 0 0 0 0 1
139.944 0.05 0 0 0 0 1
139.996 0.05 0.002 0 0.002 0 1
140.042 0.046 0.002 0 0.002 0 1
140.09 0.05 0 0 0 0 1
140.14 0.05 0 0 0 0 1
140.19 0.05 0 0 0 0 1
140.238 0.048 0 0 0 0 1
140.288 0.05 0 0 0 0 1
140.338 0.05 0 0 0 0 1
140.39 0.05 0.002 0.002 0 0 1
140.438 0.05 0 0 0 0 1
140.49 0.05 0.002 0 0.002 0 1
140.54 0.05 0.002 0.002 0 0 1
140.714 0.174 0.002 0.002 0 0 1
140.72 0.002 0.006 0.004 0.002 0 1
140.768 0.048 0.006 0 0.006 0 1
140.822 0.058 0.002 0 0 0 1
140.87 0.048 0.002 0 0 0.002 1
140.92 0.05 0.002 0.002 0 0 1
140.972 0.052 0.002 0.002 0 0 1
141.024 0.052 0.002 0 0.002 0 1
141.072 0.048 0.002 0 0.002 0 1
141.122 0.05 0.002 0.002 0 0 1
141.17 0.05 0 0 0 0 1
141.22 0.05 0 0 0 0 1
141.272 0.05 0.002 0 0.002 0 1
141.322 0.05 0.002 0.002 0 0 1
141.372 0.05 0.002 0.002 0 0 1
141.422 0.05 0.002 0.002 0 0 1
141.472 0.05 0.002 0.002 0 0 1
141.626 0.154 0.002 0 0.002 0 1
141.646 0.022 0 0 0 0 1
141.698 0.052 0 0 0 0 1
141.75 0.048 0.004 0.002 0.002 0 1
141.798 0.052 0 0 0 0 1
141.848 0.05 0 0 0 0 1
141.9 0.05 0.002 0.002 0 0 1
141.95 0.05 0.002 0 0.002 0 1
142 0.05 0.002 0.002 0 0 1
142.048 0.05 0 0 0 0 1
142.09 0.04 0.002 0.002 0 0 1
142.14 0.05 0.002 0.002 0 0 1
142.192 0.05 0.004 0.002 0 0 1
142.242 0.054 0 0 0 0 1
142.294 0.05 0.002 0.002 0 0 1
142.342 0.05 0 0 0 0 1
142.394 0.052 0 0 0 0 1
142.44 0.046 0 0 0 0 1
142.492 0.05 0.002 0.002 0 0 1
142.542 0.05 0.002 0.002 0 0 1
142.592 0.05 0.002 0.002 0 0 1
142.642 0.05 0.002 0 0.002 0 1
142.686 0.046 0 0 0 0 1
142.736 0.05 0 0 0 0 1
142.786 0.05 0 0 0 0 1
142.834 0.048 0 0 0 0 1
142.886 0.05 0.002 0 0 0 1
142.934 0.048 0.002 0 0.002 0 1
142.984 0.05 0.002 0.002 0 0 1
143.034 0.052 0 0 0 0 1
143.086 0.05 0.002 0.002 0 0 1
143.138 0.05 0.004 0 0.004 0 1
143.186 0.05 0.002 0 0.002 0 1
143.234 0.05 0 0 0 0 1
143.4 0.162 0.004 0.002 0.002 0 1
143.448 0.052 0 0 0 0 1
143.504 0.052 0.004 0 0.002 0.002 1
143.554 0.054 0 0 0 0 1
143.61 0.052 0.004 0.002 0 0 1
143.658 0.05 0.002 0 0.002 0 1
143.71 0.052 0.002 0 0.002 0 1
143.762 0.052 0.002 0 0.002 0 1
143.812 0.05 0.002 0 0.002 0 1
143.864 0.052 0.002 0 0.002 0 1
143.914 0.05 0.002 0 0.002 0 1
143.964 0.05 0.002 0.002 0 0 1
144.016 0.05 0.004 0 0.002 0 1
144.064 0.05 0.002 0.002 0 0 1
144.114 0.05 0.002 0.002 0 0 1
144.162 0.048 0.002 0 0.002 0 1
144.212 0.05 0.002 0 0.002 0 1
144.26 0.05 0 0 0 0 1
144.312 0.05 0.002 0.002 0 0 1
144.362 0.05 0.002 0.002 0 0 1
144.562 0.196 0.006 0 0 0.006 1
144.594 0.034 0.004 0.002 0 0.002 1
144.644 0.052 0.002 0 0.002 0 1
144.694 0.05 0.002 0 0.002 0 1
144.744 0.05 0.002 0.002 0 0 1
144.796 0.052 0.002 0 0.002 0 1
144.848 0.052 0.002 0 0.002 0 1
144.898 0.05 0.002 0.002 0 0 1
144.948 0.05 0.002 0.002 0 0 1
144.998 0.05 0.002 0.002 0 0 1
145.048 0.052 0 0 0 0 1
145.098 0.05 0 0 0 0 1
145.15 0.048 0.004 0 0.004 0 1
145.2 0.052 0.002 0.002 0 0 1
145.25 0.05 0.002 0.002 0 0 1
145.3 0.05 0.002 0 0.002 0 1
145.348 0.05 0 0 0 0 1
145.39 0.042 0 0 0 0 1
145.44 0.048 0.002 0.002 0 0 1
145.49 0.052 0 0 0 0 1
145.54 0.048 0.002 0.002 0 0 1
145.59 0.05 0.002 0 0.002 0 1
145.64 0.05 0.002 0 0.002 0 1
145.69 0.05 0.002 0 0.002 0 1
145.738 0.05 0 0 0 0 1
145.79 0.05 0.002 0 0.002 0 1
145.838 0.048 0.002 0 0.002 0 1
145.886 0.05 0 0 0 0 1
145.936 0.05 0 0 0 0 1
145.986 0.048 0.002 0.002 0 0 1
146.036 0.05 0.002 0 0.002 0 1
146.086 0.05 0.002 0 0.002 0 1
146.258 0.172 0.002 0 0 0.002 1
146.262 0.004 0.002 0 0.002 0 1
146.314 0.052 0.002 0.002 0 0 1
146.366 0.054 0 0 0 0 1
146.408 0.042 0 0 0 0 1
146.464 0.052 0.004 0.004 0 0 1
146.508 0.048 0 0 0 0 1
146.562 0.052 0.002 0.002 0 0 1
146.614 0.052 0.002 0 0.002 0 1
146.664 0.05 0.002 0.002 0 0 1
146.712 0.05 0 0 0 0 1
146.764 0.048 0.004 0.002 0 0.002 1
146.814 0.05 0.004 0 0 0.004 1
146.862 0.05 0.002 0.002 0 0 1
146.91 0.048 0.002 0 0.002 0 1
146.96 0.052 0 0 0 0 1
147.01 0.048 0.002 0.002 0 0 1
147.06 0.052 0 0 0 0 1
147.112 0.05 0.002 0 0.002 0 1
147.304 0.192 0.002 0 0.002 0 1
147.304 0.002 0 0 0 0 1
147.35 0.042 0.004 0.002 0.002 0 1
147.398 0.052 0 0 0 0 1
147.45 0.05 0.002 0 0.002 0 1
147.502 0.052 0.002 0 0.002 0 1
147.552 0.05 0.002 0 0 0.002 1
147.6 0.048 0.002 0 0 0 1
147.652 0.052 0.002 0 0.002 0 1
147.696 0.044 0.002 0.002 0 0 1
147.746 0.052 0 0 0 0 1
147.794 0.048 0 0 0 0 1
147.842 0.048 0 0 0 0 1
147.896 0.052 0.002 0 0.002 0 1
147.944 0.05 0 0 0 0 1
147.992 0.046 0.002 0 0.002 0 1
148.042 0.05 0.002 0.002 0 0 1
148.092 0.052 0 0 0 0 1
148.142 0.048 0.002 0.002 0 0 1
148.326 0.184 0.002 0.002 0 0 1
148.334 0.006 0.004 0.002 0 0.002 1
148.384 0.052 0.002 0.002 0 0 1
148.436 0.052 0.002 0.002 0 0 1
148.486 0.052 0 0 0 0 1
148.536 0.048 0.002 0 0.002 0 1
148.586 0.05 0.002 0.002 0 0 1
148.636 0.05 0.002 0.002 0 0 1
148.684 0.05 0 0 0 0 1
148.736 0.05 0.002 0.002 0 0 1
148.778 0.044 0 0 0 0 1
148.826 0.048 0 0 0 0 1
148.878 0.05 0.002 0 0.002 0 1
148.928 0.052 0 0 0 0 1
148.982 0.052 0.002 0 0.002 0 1
149.032 0.052 0 0 0 0 1
149.084 0.05 0.002 0.002 0 0 1
149.13 0.046 0.002 0 0.002 0 1
149.18 0.05 0.002 0.002 0 0 1
149.23 0.05 0.002 0.002 0 0 1
149.282 0.052 0.002 0 0.002 0 1
149.332 0.05 0.002 0 0.002 0 1
149.38 0.05 0 0 0 0 1
149.43 0.05 0 0 0 0 1
149.482 0.05 0.002 0 0.002 0 1
149.542 0.062 0 0 0 0 1
149.58 0.038 0 0 0 0 1
149.63 0.05 0 0 0 0 1
149.68 0.05 0 0 0 0 1
149.732 0.05 0.002 0 0.002 0 1
149.782 0.05 0.002 0 0.002 0 1
149.828 0.046 0.002 0.002 0 0 1
149.878 0.05 0.002 0.002 0 0 1
149.924 0.048 0 0 0 0 1
150.08 0.154 0.002 0.002 0 0 1
150.106 0.028 0 0 0 0 1
150.154 0.048 0 0 0 0 1
150.208 0.054 0 0 0 0 1
150.262 0.052 0.002 0.002 0 0 1
150.314 0.052 0.002 0.002 0 0 1
150.364 0.052 0 0 0 0 1
150.414 0.05 0 0 0 0 1
150.464 0.05 0 0 0 0 1
150.518 0.052 0.002 0 0.002 0 1
150.568 0.048 0.004 0.004 0 0 1
150.612 0.048 0 0 0 0 1
150.666 0.052 0.002 0 0.002 0 1
150.714 0.048 0.002 0.002 0 0 1
150.766 0.052 0.002 0 0.002 0 1
150.81 0.044 0.002 0 0.002 0 1
150.856 0.048 0 0 0 0 1
150.998 0.142 0 0 0 0 1
151.02 0.022 0 0 0 0 1
151.072 0.05 0.002 0.002 0 0 1
151.124 0.052 0.002 0 0.002 0 1
151.176 0.05 0.004 0 0.004 0 1
151.222 0.05 0 0 0 0 1
151.274 0.052 0 0 0 0 1
151.324 0.05 0 0 0 0 1
151.372 0.048 0 0 0 0 1
151.428 0.054 0.002 0 0.002 0 1
151.476 0.05 0 0 0 0 1
151.528 0.05 0.002 0.002 0 0 1
151.578 0.05 0.002 0.002 0 0 1
151.622 0.044 0.002 0.002 0 0 1
151.674 0.052 0.002 0 0.002 0 1
151.718 0.046 0 0 0 0 1
151.77 0.052 0 0 0 0 1
151.822 0.052 0 0 0 0 1
151.876 0.05 0.004 0.002 0.002 0 1
151.924 0.052 0 0 0 0 1
152.08 0.154 0.002 0 0 0 1
152.092 0.012 0.002 0 0 0 1
152.142 0.05 0.002 0.002 0 0 1
152.186 0.042 0.004 0.002 0.002 0 1
152.24 0.054 0.004 0.002 0.002 0 1
152.29 0.052 0.002 0.002 0 0 1
152.34 0.048 0.004 0.002 0.002 0 1
152.39 0.052 0.002 0 0.002 0 1
152.442 0.052 0.002 0.002 0 0 1
152.49 0.048 0.002 0.002 0 0 1
152.536 0.046 0.002 0.002 0 0 1
152.586 0.05 0.002 0.002 0 0 1
152.638 0.052 0.002 0 0.002 0 1
152.686 0.05 0 0 0 0 1
152.736 0.05 0 0 0 0 1
152.78 0.044 0 0 0 0 1
152.956 0.17 0.006 0.006 0 0 1
152.978 0.026 0.002 0 0.002 0 1
153.022 0.044 0.002 0.002 0 0 1
153.076 0.05 0.006 0.004 0.002 0 1
153.128 0.056 0.002 0 0 0 1
153.18 0.05 0.004 0.002 0 0.002 1
153.224 0.046 0.002 0.002 0 0 1
153.276 0.052 0.002 0 0.002 0 1
153.324 0.05 0 0 0 0 1
153.37 0.044 0.002 0 0.002 0 1
153.42 0.05 0.002 0.002 0 0 1
153.472 0.052 0.002 0 0.002 0 1
153.52 0.048 0.002 0 0.002 0 1
153.568 0.046 0.004 0.002 0.002 0 1
153.618 0.052 0.002 0 0.002 0 1
153.666 0.048 0.002 0.002 0 0 1
153.716 0.05 0.002 0.002 0 0 1
153.88 0.164 0.002 0 0.002 0 1
153.904 0.022 0.004 0.002 0 0 1
153.954 0.052 0.002 0 0.002 0 1
154 0.048 0 0 0 0 1
154.05 0.048 0.002 0 0.002 0 1
154.1 0.05 0.002 0 0.002 0 1
154.148 0.05 0 0 0 0 1
154.2 0.05 0.002 0.002 0 0 1
154.248 0.05 0 0 0 0 1
154.298 0.05 0 0 0 0 1
154.348 0.05 0 0 0 0 1
154.4 0.05 0.002 0 0.002 0 1
154.448 0.048 0.002 0.002 0 0 1
154.496 0.05 0 0 0 0 1
154.544 0.046 0.002 0 0.002 0 1
154.704 0.16 0.002 0 0.002 0 1
154.718 0.016 0 0 0 0 1
154.768 0.048 0.002 0.002 0 0 1
154.82 0.052 0.002 0 0.002 0 1
154.868 0.048 0.002 0.002 0 0 1
154.916 0.05 0 0 0 0 1
154.97 0.052 0.002 0.002 0 0 1
155.02 0.05 0.002 0.002 0 0 1
155.07 0.05 0.002 0.002 0 0 1
155.12 0.05 0.002 0.002 0 0 1
155.17 0.05 0.002 0 0 0.002 1
155.22 0.05 0.002 0.002 0 0 1
155.266 0.048 0 0 0 0 1
155.316 0.05 0 0 0 0 1
155.368 0.05 0.002 0 0 0 1
155.416 0.05 0 0 0 0 1
155.468 0.05 0.002 0.002 0 0 1
155.622 0.154 0.002 0.002 0 0 1
155.644 0.022 0.002 0.002 0 0 1
155.692 0.048 0.002 0.002 0 0 1
155.746 0.054 0.002 0 0.002 0 1
155.794 0.05 0 0 0 0 1
155.846 0.052 0 0 0 0 1
155.892 0.044 0.002 0.002 0 0 1
155.942 0.05 0.002 0 0.002 0 1
155.992 0.052 0 0 0 0 1
156.036 0.044 0 0 0 0 1
156.084 0.048 0 0 0 0 1
156.132 0.048 0 0 0 0 1
156.188 0.056 0 0 0 0 1
156.234 0.044 0.002 0 0.002 0 1
156.284 0.05 0.002 0.002 0 0 1
156.334 0.05 0.002 0 0.002 0 1
156.384 0.048 0.004 0 0.004 0 1
156.434 0.052 0.002 0 0.002 0 1
156.484 0.05 0.002 0.002 0 0 1
156.532 0.05 0 0 0 0 1
156.584 0.05 0.002 0.002 0 0 1
156.634 0.05 0.002 0 0.002 0 1
156.682 0.05 0 0 0 0 1
156.734 0.05 0.002 0 0.002 0 1
156.774 0.042 0 0 0 0 1
156.826 0.052 0 0 0 0 1
156.878 0.05 0.002 0.002 0 0 1
156.93 0.052 0.002 0 0.002 0 1
156.98 0.05 0.002 0.002 0 0 1
157.028 0.048 0.002 0 0.002 0 1
157.076 0.05 0 0 0 0 1
157.128 0.05 0.002 0.002 0 0 1
157.178 0.052 0 0 0 0 1
157.342 0.164 0 0 0 0 1
157.36 0.014 0.004 0 0.004 0 1
157.402 0.046 0 0 0 0 1
157.45 0.048 0 0 0 0 1
157.502 0.052 0 0 0 0 1
157.556 0.052 0.002 0.002 0 0 1
157.604 0.05 0 0 0 0 1
157.658 0.052 0.002 0 0.002 0 1
157.706 0.05 0 0 0 0 1
157.758 0.052 0 0 0 0 1
157.81 0.05 0.002 0 0.002 0 1
157.862 0.052 0.002 0 0.002 0 1
157.906 0.044 0.002 0 0.002 0 1
157.952 0.046 0.002 0.002 0 0 1
158.004 0.052 0.002 0 0.002 0 1
158.05 0.048 0 0 0 0 1
158.25 0.198 0.002 0 0.002 0 1
158.298 0.048 0.002 0 0.002 0 1
158.35 0.052 0.002 0 0.002 0 1
158.398 0.048 0.002 0 0 0 1
158.45 0.052 0.002 0 0.002 0 1
158.5 0.05 0.002 0.002 0 0 1
158.55 0.05 0.002 0.002 0 0 1
158.598 0.048 0.002 0 0.002 0 1
158.648 0.05 0.002 0 0.002 0 1
158.698 0.05 0.002 0.002 0 0 1
158.746 0.05 0 0 0 0 1
158.798 0.05 0.002 0.002 0 0 1
158.844 0.048 0 0 0 0 1
158.896 0.05 0.002 0 0.002 0 1
158.942 0.048 0 0 0 0 1
158.992 0.05 0 0 0 0 1
159.044 0.05 0.002 0.002 0 0 1
159.088 0.046 0 0 0 0 1
159.142 0.052 0.002 0 0.002 0 1
159.188 0.048 0 0 0 0 1
159.242 0.052 0.002 0 0.002 0 1
159.398 0.156 0.002 0 0 0.002 1
159.414 0.01 0.008 0.006 0.002 0 1
159.452 0.046 0 0 0 0 1
159.5 0.048 0 0 0 0 1
159.552 0.048 0.004 0.002 0.002 0 1
159.604 0.054 0.002 0 0.002 0 1
159.654 0.05 0.002 0 0.002 0 1
159.704 0.05 0.002 0.002 0 0 1
159.752 0.05 0 0 0 0 1
159.804 0.05 0.002 0 0.002 0 1
159.85 0.046 0.002 0.002 0 0 1
159.902 0.052 0.002 0 0.002 0 1
159.952 0.05 0.002 0.002 0 0 1
160.002 0.05 0.002 0.002 0 0 1
160.052 0.05 0.002 0 0.002 0 1
160.1 0.05 0 0 0 0 1
160.15 0.048 0.002 0 0.002 0 1
160.196 0.048 0 0 0 0 1
160.244 0.046 0.002 0 0.002 0 1
160.296 0.052 0.002 0 0.002 0 1
160.348 0.052 0.002 0 0.002 0 1
160.392 0.046 0 0 0 0 1
160.444 0.052 0 0 0 0 1
160.496 0.05 0.002 0.002 0 0 1
160.546 0.052 0 0 0 0 1
160.594 0.046 0.002 0 0 0 1
160.642 0.05 0 0 0 0 1
160.694 0.05 0.002 0 0.002 0 1
160.742 0.05 0 0 0 0 1
160.794 0.048 0.004 0.002 0.002 0 1
160.844 0.052 0.002 0 0.002 0 1
160.892 0.05 0 0 0 0 1
160.944 0.05 0.002 0.002 0 0 1
160.992 0.05 0 0 0 0 1
161.038 0.046 0 0 0 0 1
161.236 0.194 0.004 0.002 0.002 0 1
161.272 0.036 0.004 0 0.004 0 1
161.32 0.052 0 0 0 0 1
161.376 0.054 0.002 0.002 0 0 1
161.426 0.052 0 0 0 0 1
161.478 0.052 0 0 0 0 1
161.53 0.05 0.002 0 0.002 0 1
161.582 0.052 0.002 0 0.002 0 1
161.632 0.048 0.004 0 0.004 0 1
161.682 0.052 0.002 0 0.002 0 1
161.73 0.05 0 0 0 0 1
161.78 0.05 0 0 0 0 1
161.83 0.048 0.002 0 0.002 0 1
161.878 0.05 0 0 0 0 1
161.926 0.048 0 0 0 0 1
161.976 0.048 0.002 0 0.002 0 1
162.024 0.05 0 0 0 0 1
162.072 0.046 0.002 0.002 0 0 1
162.122 0.052 0 0 0 0 1
162.29 0.166 0.002 0.002 0 0 1
162.304 0.016 0 0 0 0 1
162.354 0.048 0.002 0.002 0 0 1
162.408 0.054 0.002 0 0.002 0 1
162.46 0.052 0.002 0 0.002 0 1
162.508 0.05 0 0 0 0 1
162.56 0.052 0 0 0 0 1
162.608 0.044 0.004 0.002 0.002 0 1
162.658 0.052 0.002 0.002 0 0 1
162.71 0.052 0.002 0 0.002 0 1
162.754 0.046 0 0 0 0 1
162.804 0.05 0 0 0 0 1
162.852 0.048 0 0 0 0 1
162.896 0.044 0 0 0 0 1
162.948 0.052 0 0 0 0 1
162.998 0.05 0 0 0 0 1
163.054 0.052 0.004 0.002 0 0 1
163.102 0.05 0.002 0.002 0 0 1
163.15 0.048 0.002 0 0.002 0 1
163.342 0.192 0.002 0.002 0 0 1
163.386 0.042 0.004 0 0.004 0 1
163.436 0.054 0 0 0 0 1
163.486 0.048 0.002 0 0.002 0 1
163.536 0.05 0.002 0 0.002 0 1
163.584 0.05 0 0 0 0 1
163.636 0.05 0.002 0 0.002 0 1
163.68 0.046 0 0 0 0 1
163.73 0.05 0 0 0 0 1
163.78 0.05 0 0 0 0 1
163.83 0.05 0 0 0 0 1
163.882 0.052 0 0 0 0 1
163.934 0.05 0.002 0.002 0 0 1
163.976 0.042 0.002 0 0.002 0 1
164.02 0.044 0.002 0 0.002 0 1
164.068 0.05 0 0 0 0 1
164.118 0.05 0 0 0 0 1
164.168 0.05 0 0 0 0 1
164.22 0.05 0.002 0 0.002 0 1
164.268 0.05 0 0 0 0 1
164.314 0.046 0 0 0 0 1
164.508 0.192 0.002 0.002 0 0 1
164.554 0.048 0 0 0 0 1
164.606 0.05 0.002 0.002 0 0 1
164.658 0.052 0.002 0 0.002 0 1
164.708 0.05 0.002 0.002 0 0 1
164.758 0.05 0.002 0 0 0 1
164.81 0.052 0.002 0 0.002 0 1
164.858 0.048 0.002 0 0.002 0 1
164.906 0.05 0 0 0 0 1
164.956 0.05 0 0 0 0 1
165.004 0.048 0 0 0 0 1
165.058 0.052 0.002 0 0.002 0 1
165.108 0.05 0.002 0 0.002 0 1
165.158 0.05 0.002 0 0.002 0 1
165.206 0.05 0 0 0 0 1
165.256 0.05 0 0 0 0 1
165.308 0.05 0.002 0.002 0 0 1
165.358 0.05 0.002 0.002 0 0 1
165.408 0.05 0.002 0 0.002 0 1
165.458 0.05 0.002 0.002 0 0 1
165.508 0.05 0.002 0.002 0 0 1
165.556 0.05 0 0 0 0 1
165.606 0.046 0.004 0.004 0 0 1
165.656 0.052 0.002 0.002 0 0 1
165.704 0.05 0 0 0 0 1
165.754 0.05 0 0 0 0 1
165.802 0.046 0.002 0 0.002 0 1
165.852 0.05 0.002 0 0.002 0 1
165.898 0.046 0.002 0 0.002 0 1
165.95 0.052 0.002 0 0.002 0 1
166.002 0.052 0 0 0 0 1
166.056 0.048 0.008 0.006 0.002 0 1
166.102 0.054 0 0 0 0 1
166.154 0.05 0.002 0 0.002 0 1
166.202 0.05 0 0 0 0 1
166.254 0.05 0.002 0.002 0 0 1
166.304 0.052 0 0 0 0 1
166.5 0.194 0.002 0.002 0 0 1
166.53 0.028 0.004 0.002 0.002 0 1
166.578 0.052 0 0 0 0 1
166.634 0.052 0.004 0.002 0.002 0 1
166.682 0.052 0 0 0 0 1
166.734 0.05 0.002 0.002 0 0 1
166.784 0.052 0 0 0 0 1
166.838 0.052 0.002 0 0.002 0 1
166.888 0.05 0.002 0.002 0 0 1
166.938 0.05 0.002 0.002 0 0 1
166.988 0.052 0 0 0 0 1
167.038 0.05 0 0 0 0 1
167.09 0.05 0.002 0.002 0 0 1
167.138 0.05 0 0 0 0 1
167.186 0.048 0 0 0 0 1
167.24 0.05 0.004 0.002 0.002 0 1
167.284 0.048 0 0 0 0 1
167.336 0.052 0 0 0 0 1
167.498 0.154 0.008 0.006 0.002 0 1
167.508 0.016 0.002 0.002 0 0 1
167.552 0.046 0 0 0 0 1
167.6 0.046 0.002 0 0.002 0 1
167.652 0.052 0.002 0.002 0 0 1
167.702 0.052 0 0 0 0 1
167.754 0.05 0.002 0 0.002 0 1
167.804 0.052 0 0 0 0 1
167.854 0.048 0.002 0 0.002 0 1
167.904 0.048 0.004 0 0.004 0 1
167.954 0.052 0.002 0 0.002 0 1
168.004 0.05 0.002 0 0.002 0 1
168.054 0.048 0.004 0.004 0 0 1
168.104 0.052 0.002 0.002 0 0 1
168.152 0.05 0 0 0 0 1
168.204 0.05 0.002 0 0.002 0 1
168.252 0.05 0 0 0 0 1
168.302 0.048 0.002 0.002 0 0 1
168.482 0.18 0.002 0 0.002 0 1
168.486 0.006 0 0 0 0 1
168.538 0.05 0.002 0 0.002 0 1
168.59 0.052 0.002 0 0.002 0 1
168.64 0.05 0.002 0.002 0 0 1
168.692 0.052 0.002 0 0.002 0 1
168.738 0.048 0 0 0 0 1
168.79 0.05 0.002 0 0.002 0 1
168.84 0.05 0.002 0.002 0 0 1
168.89 0.044 0.008 0.008 0 0 1
168.936 0.054 0 0 0 0 1
168.982 0.046 0 0 0 0 1
169.03 0.046 0.002 0.002 0 0 1
169.076 0.048 0 0 0 0 1
169.122 0.046 0 0 0 0 1
169.168 0.046 0 0 0 0 1
169.212 0.044 0 0 0 0 1
169.258 0.046 0 0 0 0 1
169.304 0.044 0.002 0.002 0 0 1
169.358 0.054 0.002 0 0.002 0 1
169.406 0.05 0 0 0 0 1
169.46 0.05 0.004 0.002 0.002 0 1
169.51 0.052 0.002 0 0.002 0 1
169.558 0.05 0 0 0 0 1
169.606 0.048 0 0 0 0 1
169.658 0.05 0.002 0.002 0 0 1
169.704 0.046 0.002 0.002 0 0 1
169.752 0.048 0.002 0.002 0 0 1
169.802 0.052 0 0 0 0 1
169.852 0.05 0 0 0 0 1
169.906 0.054 0 0 0 0 1
169.956 0.05 0 0 0 0 1
170.008 0.05 0.002 0 0.002 0 1
170.048 0.042 0 0 0 0 1
170.1 0.05 0.002 0 0.002 0 1
170.148 0.05 0 0 0 0 1
170.288 0.138 0.002 0.002 0 0 1
170.316 0.028 0.002 0 0.002 0 1
170.368 0.05 0.004 0 0.004 0 1
170.418 0.052 0.002 0 0.002 0 1
170.47 0.052 0.002 0 0.002 0 1
170.52 0.05 0.002 0.002 0 0 1
170.57 0.05 0.002 0 0.002 0 1
170.62 0.05 0.002 0.002 0 0 1
170.67 0.05 0.002 0.002 0 0 1
170.72 0.05 0.002 0 0.002 0 1
170.768 0.05 0 0 0 0 1
170.812 0.042 0.002 0 0.002 0 1
170.862 0.048 0.004 0.002 0.002 0 1
170.912 0.052 0.002 0.002 0 0 1
170.952 0.04 0.002 0.002 0 0 1
171.002 0.05 0.002 0 0.002 0 1
171.054 0.052 0.002 0 0.002 0 1
171.104 0.05 0.002 0.002 0 0 1
171.152 0.048 0.002 0 0.002 0 1
171.194 0.042 0.002 0.002 0 0 1
171.244 0.052 0 0 0 0 1
171.296 0.05 0.002 0.002 0 0 1
171.338 0.042 0.002 0.002 0 0 1
171.388 0.05 0.002 0.002 0 0 1
171.426 0.038 0.002 0 0 0 1
171.472 0.046 0.002 0.002 0 0 1
171.522 0.05 0.002 0.002 0 0 1
171.572 0.052 0 0 0 0 1
171.624 0.05 0.002 0.002 0 0 1
171.674 0.05 0.002 0.002 0 0 1
171.726 0.052 0.002 0 0.002 0 1
171.77 0.046 0 0 0 0 1
171.822 0.052 0 0 0 0 1
171.984 0.162 0 0 0 0 1
172.02 0.034 0.002 0 0.002 0 1
172.07 0.05 0.002 0.002 0 0 1
172.122 0.052 0.002 0 0.002 0 1
172.172 0.05 0.002 0 0.002 0 1
172.222 0.05 0.002 0.002 0 0 1
172.272 0.05 0.002 0.002 0 0 1
172.324 0.05 0.004 0.002 0.002 0 1
172.372 0.05 0.002 0.002 0 0 1
172.42 0.05 0 0 0 0 1
172.472 0.052 0 0 0 0 1
172.516 0.044 0 0 0 0 1
172.572 0.054 0.002 0.002 0 0 1
172.622 0.05 0.002 0.002 0 0 1
172.67 0.05 0 0 0 0 1
172.72 0.05 0 0 0 0 1
172.77 0.048 0.002 0 0.002 0 1
172.91 0.138 0.004 0.002 0.002 0 1
172.926 0.018 0.002 0 0.002 0 1
172.982 0.056 0.002 0.002 0 0 1
173.036 0.054 0.002 0.002 0 0 1
173.08 0.046 0 0 0 0 1
173.136 0.054 0.002 0 0.002 0 1
173.188 0.052 0.002 0 0.002 0 1
173.24 0.052 0.002 0 0.002 0 1
173.292 0.052 0.002 0.002 0 0 1
173.344 0.052 0.002 0 0.002 0 1
173.392 0.048 0.002 0.002 0 0 1
173.44 0.048 0.002 0.002 0 0 1
173.492 0.052 0.002 0.002 0 0 1
173.542 0.052 0 0 0 0 1
173.59 0.048 0 0 0 0 1
173.644 0.052 0.002 0 0 0 1
173.694 0.05 0.002 0 0.002 0 1
173.744 0.05 0.002 0.002 0 0 1
173.796 0.052 0.002 0 0.002 0 1
173.846 0.048 0.004 0.002 0.002 0 1
173.896 0.052 0.002 0 0.002 0 1
173.946 0.05 0.002 0.002 0 0 1
173.996 0.05 0.002 0 0.002 0 1
174.046 0.046 0.006 0 0.006 0 1
174.096 0.054 0.002 0 0.002 0 1
174.136 0.038 0.004 0.002 0.002 0 1
174.186 0.052 0.002 0 0 0.002 1
174.236 0.05 0.002 0 0.002 0 1
174.286 0.05 0.002 0 0.002 0 1
174.332 0.048 0 0 0 0 1
174.38 0.048 0 0 0 0 1
174.43 0.05 0 0 0 0 1
174.478 0.048 0 0 0 0 1
174.684 0.202 0.004 0.002 0 0.002 1
174.708 0.026 0.002 0 0.002 0 1
174.758 0.05 0.002 0 0 0 1
174.812 0.054 0.002 0 0.002 0 1
174.862 0.05 0.002 0.002 0 0 1
174.914 0.05 0.004 0 0.004 0 1
174.964 0.052 0.002 0 0.002 0 1
175.014 0.05 0.002 0.002 0 0 1
175.064 0.05 0.002 0.002 0 0 1
175.114 0.05 0.002 0.002 0 0 1
175.166 0.052 0.002 0 0.002 0 1
175.216 0.05 0.002 0 0.002 0 1
175.262 0.048 0 0 0 0 1
175.314 0.05 0.002 0 0.002 0 1
175.36 0.048 0 0 0 0 1
175.412 0.05 0.002 0.002 0 0 1
175.462 0.052 0 0 0 0 1
175.512 0.048 0.002 0 0.002 0 1
175.558 0.048 0 0 0 0 1
175.61 0.05 0.002 0.002 0 0 1
175.66 0.05 0.002 0.002 0 0 1
175.71 0.05 0.002 0 0.002 0 1
175.888 0.178 0.002 0.002 0 0 1
175.9 0.01 0.004 0 0.002 0 1
175.95 0.052 0.002 0.002 0 0 1
176.002 0.05 0.004 0.002 0.002 0 1
176.05 0.052 0 0 0 0 1
176.098 0.046 0.002 0 0.002 0 1
176.146 0.05 0 0 0 0 1
176.198 0.05 0.002 0.002 0 0 1
176.244 0.048 0 0 0 0 1
176.296 0.05 0.002 0.002 0 0 1
176.346 0.05 0.002 0.002 0 0 1
176.396 0.05 0.002 0 0.002 0 1
176.444 0.048 0.002 0 0.002 0 1
176.492 0.05 0 0 0 0 1
176.544 0.05 0.002 0.002 0 0 1
176.596 0.052 0.002 0 0.002 0 1
176.646 0.05 0.002 0 0.002 0 1
176.692 0.046 0.002 0 0.002 0 1
176.742 0.05 0.002 0 0.002 0 1
176.894 0.152 0.002 0.002 0 0 1
176.922 0.03 0 0 0 0 1
176.978 0.054 0.002 0 0.002 0 1
177.03 0.052 0.002 0 0.002 0 1
177.082 0.052 0.002 0 0.002 0 1
177.13 0.05 0 0 0 0 1
177.182 0.052 0 0 0 0 1
177.234 0.05 0.002 0 0.002 0 1
177.282 0.05 0 0 0 0 1
177.334 0.05 0.002 0.002 0 0 1
177.384 0.052 0 0 0 0 1
177.436 0.05 0.002 0 0 0.002 1
177.484 0.05 0 0 0 0 1
177.536 0.05 0.002 0 0.002 0 1
177.586 0.05 0.002 0 0.002 0 1
177.634 0.042 0.008 0.006 0.002 0 1
177.682 0.056 0 0 0 0 1
177.724 0.042 0 0 0 0 1
177.892 0.166 0.002 0.002 0 0 1
177.896 0.006 0 0 0 0 1
177.944 0.048 0 0 0 0 1
177.996 0.052 0 0 0 0 1
178.048 0.052 0 0 0 0 1
178.098 0.05 0 0 0 0 1
178.142 0.044 0 0 0 0 1
178.192 0.048 0.002 0.002 0 0 1
178.242 0.05 0.002 0.002 0 0 1
178.292 0.05 0.002 0 0.002 0 1
178.342 0.05 0.002 0 0.002 0 1
178.392 0.05 0.002 0.002 0 0 1
178.442 0.05 0.002 0.002 0 0 1
178.49 0.05 0 0 0 0 1
178.538 0.048 0 0 0 0 1
178.588 0.05 0 0 0 0 1
178.636 0.046 0.002 0 0.002 0 1
178.686 0.05 0.002 0.002 0 0 1
178.85 0.166 0 0 0 0 1
178.85 0 0 0 0 0 1
178.896 0.046 0 0 0 0 1
178.946 0.048 0.002 0.002 0 0 1
178.998 0.054 0 0 0 0 1
179.052 0.052 0.002 0.002 0 0 1
179.1 0.05 0 0 0 0 1
179.154 0.052 0.002 0 0.002 0 1
179.202 0.05 0 0 0 0 1
179.254 0.05 0.002 0.002 0 0 1
179.306 0.052 0.002 0 0.002 0 1
179.35 0.044 0.002 0 0.002 0 1
179.4 0.05 0.002 0 0.002 0 1
179.45 0.05 0.002 0.002 0 0 1
179.502 0.052 0.002 0.002 0 0 1
179.554 0.052 0.002 0 0.002 0 1
179.602 0.05 0 0 0 0 1
179.648 0.046 0 0 0 0 1
179.7 0.052 0 0 0 0 1
179.752 0.052 0 0 0 0 1
179.904 0.15 0.002 0 0.002 0 1
179.94 0.036 0.002 0 0.002 0 1
179.992 0.052 0.002 0 0.002 0 1
180.044 0.05 0.004 0.004 0 0 1
180.09 0.05 0 0 0 0 1
180.144 0.052 0.002 0 0.002 0 1
180.194 0.05 0.002 0 0.002 0 1
180.244 0.05 0.002 0.002 0 0 1
180.296 0.052 0.002 0 0.002 0 1
180.34 0.044 0.002 0.002 0 0 1
180.39 0.052 0 0 0 0 1
180.44 0.05 0 0 0 0 1
180.494 0.048 0.006 0.006 0 0 1
180.544 0.054 0.002 0.002 0 0 1
180.594 0.052 0 0 0 0 1
180.646 0.05 0.002 0.002 0 0 1
180.694 0.05 0 0 0 0 1
180.872 0.176 0.002 0.002 0 0 1
180.878 0.004 0.004 0.004 0 0 1
180.932 0.056 0.002 0 0.002 0 1
180.978 0.048 0 0 0 0 1
181.028 0.05 0 0 0 0 1
181.082 0.052 0.002 0.002 0 0 1
181.124 0.044 0 0 0 0 1
181.18 0.054 0.002 0 0.002 0 1
181.226 0.046 0.002 0.002 0 0 1
181.278 0.048 0.006 0.004 0.002 0 1
181.328 0.056 0 0 0 0 1
181.38 0.048 0.004 0.004 0 0 1
181.428 0.05 0.002 0 0.002 0 1
181.478 0.05 0.002 0.002 0 0 1
181.528 0.052 0 0 0 0 1
181.58 0.05 0.002 0 0.002 0 1
181.628 0.05 0 0 0 0 1
181.68 0.05 0.002 0 0.002 0 1
181.728 0.05 0 0 0 0 1
181.778 0.048 0.002 0 0.002 0 1
181.828 0.05 0.002 0 0.002 0 1
181.938 0.11 0.002 0.002 0 0 1
181.948 0.01 0.002 0 0.002 0 1
181.998 0.05 0.002 0.002 0 0 1
182.048 0.052 0 0 0 0 1
182.102 0.052 0.002 0 0 0.002 1
182.152 0.05 0.002 0 0.002 0 1
182.2 0.05 0 0 0 0 1
182.25 0.048 0.002 0.002 0 0 1
182.298 0.05 0 0 0 0 1
182.352 0.052 0.002 0 0.002 0 1
182.4 0.05 0 0 0 0 1
182.45 0.048 0.002 0.002 0 0 1
182.502 0.052 0.002 0 0.002 0 1
182.552 0.05 0.002 0 0.002 0 1
182.602 0.05 0.002 0 0.002 0 1
182.652 0.05 0.002 0 0.002 0 1
182.836 0.186 0 0 0 0 1
182.836 0 0 0 0 0 1
182.89 0.052 0.002 0 0.002 0 1
182.94 0.05 0.002 0.002 0 0 1
182.992 0.052 0.002 0 0.002 0 1
183.042 0.05 0.002 0.002 0 0 1
183.084 0.044 0 0 0 0 1
183.136 0.05 0.002 0.002 0 0 1
183.18 0.046 0 0 0 0 1
183.23 0.05 0 0 0 0 1
183.28 0.05 0 0 0 0 1
183.332 0.05 0.002 0.002 0 0 1
183.382 0.05 0.002 0 0.002 0 1
183.43 0.048 0.002 0 0.002 0 1
183.476 0.046 0.002 0 0 0 1
183.526 0.052 0 0 0 0 1
183.578 0.05 0.002 0 0.002 0 1
183.626 0.05 0 0 0 0 1
183.842 0.212 0.004 0.002 0.002 0 1
183.866 0.024 0.004 0.002 0.002 0 1
183.918 0.052 0.004 0.002 0.002 0 1
183.968 0.052 0.002 0 0.002 0 1
184.02 0.052 0.002 0 0.002 0 1
184.07 0.05 0.002 0.002 0 0 1
184.122 0.052 0.002 0 0.002 0 1
184.164 0.042 0.002 0.002 0 0 1
184.212 0.048 0.002 0 0.002 0 1
184.262 0.05 0.002 0 0.002 0 1
184.31 0.048 0.002 0.002 0 0 1
184.358 0.048 0.002 0.002 0 0 1
184.41 0.048 0.006 0.004 0.002 0 1
184.458 0.052 0.002 0.002 0 0 1
184.502 0.046 0 0 0 0 1
184.55 0.046 0.002 0.002 0 0 1
184.602 0.052 0.002 0.002 0 0 1
184.654 0.052 0.002 0.002 0 0 1
184.706 0.052 0.002 0 0.002 0 1
184.754 0.05 0 0 0 0 1
184.808 0.052 0.002 0 0.002 0 1
184.856 0.05 0 0 0 0 1
184.908 0.05 0.002 0.002 0 0 1
184.958 0.05 0.002 0.002 0 0 1
185.008 0.05 0.002 0.002 0 0 1
185.056 0.05 0 0 0 0 1
185.1 0.042 0.002 0 0.002 0 1
185.148 0.048 0.002 0 0.002 0 1
185.194 0.048 0 0 0 0 1
185.242 0.048 0 0 0 0 1
185.294 0.05 0.002 0 0.002 0 1
185.34 0.048 0 0 0 0 1
185.392 0.05 0.002 0 0.002 0 1
185.566 0.174 0.002 0.002 0 0 1
185.602 0.034 0.004 0.002 0 0 1
185.66 0.058 0.004 0.002 0 0 1
185.712 0.054 0.002 0.002 0 0 1
185.764 0.054 0 0 0 0 1
185.81 0.044 0.002 0.002 0 0 1
185.862 0.054 0 0 0 0 1
185.916 0.05 0.004 0.002 0.002 0 1
185.966 0.052 0.002 0.002 0 0 1
186.016 0.05 0.002 0 0.002 0 1
186.066 0.05 0.002 0.002 0 0 1
186.118 0.052 0.002 0.002 0 0 1
186.17 0.052 0.002 0 0.002 0 1
186.216 0.046 0.002 0.002 0 0 1
186.26 0.046 0 0 0 0 1
186.312 0.052 0 0 0 0 1
186.368 0.054 0.002 0 0.002 0 1
186.416 0.05 0 0 0 0 1
186.6 0.18 0.004 0.004 0 0 1
186.606 0.01 0 0 0 0 1
186.656 0.05 0 0 0 0 1
186.708 0.052 0 0 0 0 1
186.756 0.048 0 0 0 0 1
186.81 0.05 0.004 0 0.002 0 1
186.86 0.054 0 0 0 0 1
186.91 0.048 0.002 0.002 0 0 1
186.956 0.048 0 0 0 0 1
187.01 0.052 0.002 0 0.002 0 1
187.06 0.05 0.002 0.002 0 0 1
187.112 0.052 0.002 0 0.002 0 1
187.16 0.048 0.002 0 0.002 0 1
187.21 0.05 0.002 0.002 0 0 1
187.262 0.052 0.002 0 0.002 0 1
187.306 0.046 0 0 0 0 1
187.358 0.05 0.002 0 0.002 0 1
187.406 0.05 0 0 0 0 1
187.448 0.04 0.002 0.002 0 0 1
187.492 0.044 0.002 0 0.002 0 1
187.692 0.202 0 0 0 0 1
187.728 0.034 0.002 0 0.002 0 1
187.778 0.05 0.002 0.002 0 0 1
187.83 0.052 0.002 0 0.002 0 1
187.88 0.05 0.002 0.002 0 0 1
187.928 0.05 0 0 0 0 1
187.976 0.048 0 0 0 0 1
188.026 0.048 0.002 0 0 0.002 1
188.07 0.044 0.002 0.002 0 0 1
188.12 0.052 0 0 0 0 1
188.172 0.05 0.002 0 0.002 0 1
188.22 0.05 0 0 0 0 1
188.272 0.05 0.002 0.002 0 0 1
188.326 0.05 0.006 0.002 0 0 1
188.372 0.05 0.002 0 0.002 0 1
188.418 0.048 0 0 0 0 1
188.472 0.052 0.002 0.002 0 0 1
188.52 0.046 0.004 0.002 0 0 1
188.568 0.05 0.002 0.002 0 0 1
188.618 0.05 0.002 0.002 0 0 1
188.666 0.05 0 0 0 0 1
188.72 0.052 0.002 0 0.002 0 1
188.766 0.048 0 0 0 0 1
188.818 0.052 0 0 0 0 1
188.872 0.048 0.006 0.004 0.002 0 1
188.918 0.05 0.002 0 0.002 0 1
188.966 0.05 0 0 0 0 1
189.018 0.052 0 0 0 0 1
189.064 0.044 0.002 0 0.002 0 1
189.114 0.05 0.002 0 0.002 0 1
189.166 0.05 0.004 0.002 0 0.002 1
189.214 0.052 0 0 0 0 1
189.262 0.048 0 0 0 0 1
189.42 0.156 0.002 0.002 0 0 1
189.458 0.036 0.004 0 0.002 0.002 1
189.506 0.052 0 0 0 0 1
189.556 0.048 0.002 0 0.002 0 1
189.606 0.05 0.002 0.002 0 0 1
189.654 0.048 0.002 0.002 0 0 1
189.704 0.05 0.002 0 0 0.002 1
189.754 0.05 0.002 0 0.002 0 1
189.804 0.05 0.002 0.002 0 0 1
189.854 0.05 0.002 0.002 0 0 1
189.898 0.046 0 0 0 0 1
189.95 0.05 0.002 0 0.002 0 1
190 0.05 0.002 0 0.002 0 1
190.05 0.05 0.002 0 0.002 0 1
190.098 0.05 0 0 0 0 1
190.146 0.048 0 0 0 0 1
190.198 0.05 0.002 0.002 0 0 1
190.384 0.184 0.004 0.002 0 0.002 1
190.408 0.028 0 0 0 0 1
190.466 0.056 0.002 0 0.002 0 1
190.52 0.054 0.002 0.002 0 0 1
190.572 0.052 0.002 0 0.002 0 1
190.624 0.054 0 0 0 0 1
190.674 0.05 0 0 0 0 1
190.724 0.048 0.002 0.002 0 0 1
190.776 0.054 0 0 0 0 1
190.824 0.046 0.002 0 0 0 1
190.876 0.052 0.002 0.002 0 0 1
190.928 0.052 0.002 0 0.002 0 1
190.978 0.052 0 0 0 0 1
191.026 0.046 0.002 0.002 0 0 1
191.078 0.052 0.002 0 0.002 0 1
191.13 0.052 0.002 0 0.002 0 1
191.178 0.05 0 0 0 0 1
191.374 0.196 0 0 0 0 1
191.402 0.028 0 0 0 0 1
191.45 0.048 0 0 0 0 1
191.502 0.052 0 0 0 0 1
191.556 0.054 0 0 0 0 1
191.608 0.05 0.002 0.002 0 0 1
191.66 0.054 0 0 0 0 1
191.712 0.046 0.006 0.006 0 0 1
191.762 0.056 0 0 0 0 1
191.812 0.05 0 0 0 0 1
191.866 0.052 0.002 0 0.002 0 1
191.912 0.048 0 0 0 0 1
191.962 0.05 0 0 0 0 1
192.016 0.052 0.002 0 0.002 0 1
192.062 0.048 0 0 0 0 1
192.112 0.05 0 0 0 0 1
192.166 0.052 0.002 0 0.002 0 1
192.214 0.05 0 0 0 0 1
192.266 0.046 0.006 0.002 0 0 1
192.398 0.136 0.002 0.002 0 0 1
192.438 0.04 0.002 0.002 0 0 1
192.49 0.05 0.004 0.002 0.002 0 1
192.542 0.05 0.006 0.004 0.002 0 1
192.59 0.054 0 0 0 0 1
192.636 0.044 0.002 0 0.002 0 1
192.686 0.05 0.002 0 0.002 0 1
192.732 0.046 0.002 0.002 0 0 1
192.784 0.05 0.004 0 0.004 0 1
192.832 0.052 0 0 0 0 1
192.88 0.046 0.002 0 0.002 0 1
192.93 0.046 0.006 0 0.006 0 1
192.972 0.046 0.002 0 0.002 0 1
193.022 0.05 0.002 0.002 0 0 1
193.064 0.042 0.002 0 0.002 0 1
193.104 0.042 0 0 0 0 1
193.156 0.052 0 0 0 0 1
193.208 0.052 0 0 0 0 1
193.26 0.052 0 0 0 0 1
193.478 0.216 0.002 0.002 0 0 1
193.496 0.018 0.002 0.002 0 0 1
193.55 0.052 0.004 0.002 0 0.002 1
193.6 0.052 0.002 0.002 0 0 1
193.654 0.054 0.002 0 0 0.002 1
193.704 0.05 0.002 0 0 0 1
193.754 0.05 0.002 0.002 0 0 1
193.806 0.05 0.004 0.002 0 0 1
193.854 0.05 0.002 0.002 0 0 1
193.906 0.052 0.002 0 0.002 0 1
193.958 0.048 0.006 0.006 0 0 1
194 0.046 0.002 0.002 0 0 1
194.052 0.052 0.002 0 0.002 0 1
194.104 0.05 0.004 0 0.004 0 1
194.154 0.052 0.002 0.002 0 0 1
194.204 0.052 0 0 0 0 1
194.252 0.048 0 0 0 0 1
194.39 0.138 0 0 0 0 1
194.394 0 0.004 0.004 0 0 1
194.444 0.052 0.002 0.002 0 0 1
194.49 0.046 0.002 0 0.002 0 1
194.538 0.05 0 0 0 0 1
194.578 0.04 0 0 0 0 1
194.646 0.066 0.002 0 0.002 0 1
194.698 0.052 0.002 0 0.002 0 1
194.746 0.05 0 0 0 0 1
194.798 0.05 0.002 0 0.002 0 1
194.846 0.05 0 0 0 0 1
194.896 0.05 0 0 0 0 1
194.948 0.052 0 0 0 0 1
194.998 0.048 0.002 0.002 0 0 1
195.042 0.044 0.002 0 0 0.002 1
195.09 0.05 0 0 0 0 1
195.142 0.05 0.002 0.002 0 0 1
195.192 0.05 0.002 0.002 0 0 1
195.242 0.05 0.002 0.002 0 0 1
195.294 0.052 0.002 0 0.002 0 1
195.464 0.17 0.002 0 0.002 0 1
195.482 0.018 0.002 0 0.002 0 1
195.536 0.05 0.006 0.004 0.002 0 1
195.586 0.054 0.002 0 0.002 0 1
195.636 0.05 0.002 0 0.002 0 1
195.686 0.05 0.002 0 0.002 0 1
195.736 0.052 0 0 0 0 1
195.786 0.048 0.002 0 0.002 0 1
195.834 0.05 0 0 0 0 1
195.886 0.05 0.002 0.002 0 0 1
195.936 0.05 0.002 0 0.002 0 1
195.984 0.05 0 0 0 0 1
196.034 0.048 0.002 0.002 0 0 1
196.084 0.05 0.002 0.002 0 0 1
196.134 0.05 0.002 0 0.002 0 1
196.182 0.05 0 0 0 0 1
196.376 0.192 0.002 0 0.002 0 1
196.418 0.044 0 0 0 0 1
196.472 0.052 0.002 0 0.002 0 1
196.524 0.052 0.002 0 0.002 0 1
196.574 0.05 0.002 0.002 0 0 1
196.626 0.052 0.002 0.002 0 0 1
196.674 0.05 0 0 0 0 1
196.724 0.05 0 0 0 0 1
196.774 0.05 0 0 0 0 1
196.828 0.052 0.002 0.002 0 0 1
196.878 0.044 0.008 0.008 0 0 1
196.924 0.054 0 0 0 0 1
196.974 0.05 0 0 0 0 1
197.026 0.052 0 0 0 0 1
197.074 0.046 0.002 0 0.002 0 1
197.12 0.048 0 0 0 0 1
197.27 0.146 0.004 0.002 0 0 1
197.292 0.026 0 0 0 0 1
197.346 0.052 0.002 0 0.002 0 1
197.396 0.05 0.002 0.002 0 0 1
