7.86 0.05 0
8.098 0.058 0.002
8.422 0.05 0.002
8.684 0.054 0
9.382 0.058 0
9.684 0.044 0
9.974 0.056 0
10.24 0.05 0
10.996 0.054 0
11.276 0.038 0
11.564 0.046 0
11.824 0.042 0
12.092 0.05 0
12.352 0.052 0
12.602 0.052 0
12.876 0.044 0
13.514 0.048 0
14.112 0.034 0
14.848 0.05 0
15.16 0.034 0
15.45 0.052 0
16.106 0.048 0
16.742 0.04 0
17.02 0.044 0
17.378 0.052 0
18.08 0.056 0
18.332 0.05 0
19.052 0.056 0
19.298 0.058 0
19.534 0.056 0
19.786 0.054 0
20.032 0.054 0
20.272 0.056 0
20.938 0.054 0
21.188 0.052 0
21.866 0.05 0.002
22.098 0.052 0
22.356 0.048 0
22.646 0.054 0
22.984 0.056 0
23.238 0.056 0
23.498 0.062 0
24.178 0.05 0
24.852 0.054 0.002
25.118 0.058 0.002
25.378 0.056 0
25.636 0.048 0
26.308 0.048 0
26.628 0.05 0
26.976 0.056 0
27.2 0.04 0
27.44 0.046 0.002
28.064 0.05 0
28.732 0.054 0
28.958 0.048 0
29.646 0.058 0
29.898 0.058 0
30.212 0.054 0
30.886 0.044 0
31.234 0.06 0
31.592 0.052 0
32.298 0.048 0
32.92 0.058 0
33.57 0.052 0
34.248 0.054 0
34.5 0.048 0
34.844 0.05 0.002
35.074 0.04 0
35.712 0.04 0
36.33 0.052 0
36.582 0.06 0
37.224 0.054 0
37.492 0.044 0
38.18 0.052 0
38.446 0.052 0
38.682 0.048 0
38.91 0.046 0
39.564 0.05 0
39.806 0.052 0
40.452 0.054 0
41.078 0.05 0
41.346 0.056 0
42.07 0.052 0
42.408 0.058 0
42.726 0.056 0
43.02 0.032 0
43.322 0.056 0
43.55 0.04 0
43.81 0.048 0
44.562 0.054 0.002
44.816 0.042 0
45.128 0.03 0
45.408 0.062 0
45.646 0.048 0
45.87 0.048 0
46.146 0.06 0
46.38 0.042 0
46.576 0.054 0
46.796 0.06 0.002
47.128 0.07 0
47.462 0.062 0
47.89 0.06 0
48.83 0.068 0
49.174 0.066 0.002
49.458 0.058 0
49.742 0.066 0
50.166 0.08 0
50.508 0.072 0
50.978 0.072 0.002
51.9 0.078 0.002
52.188 0.078 0
52.562 0.07 0
53.008 0.086 0
53.342 0.074 0
54.394 0.072 0.002
54.712 0.084 0
55.016 0.088 0
55.32 0.072 0.002
55.66 0.094 0.002
55.936 0.082 0.002
56.286 0.074 0
57.386 0.086 0
57.802 0.058 0
58.148 0.08 0
58.5 0.088 0
58.942 0.076 0
59.282 0.064 0
59.804 0.08 0
60.832 0.096 0
61.17 0.066 0
61.636 0.08 0
62.058 0.07 0
62.422 0.098 0
62.92 0.09 0
63.3 0.092 0.002
63.638 0.084 0
64.058 0.09 0.002
65.18 0.082 0
66.216 0.09 0
66.568 0.082 0
67.008 0.102 0.002
68.036 0.084 0
68.486 0.08 0
68.856 0.092 0.002
69.332 0.086 0
69.806 0.104 0
70.976 0.106 0
72.078 0.094 0
72.568 0.064 0
73.15 0.098 0
73.564 0.11 0.002
74.108 0.086 0
74.492 0.104 0
74.992 0.094 0
75.454 0.128 0
75.924 0.108 0
76.448 0.086 0
76.9 0.088 0.002
77.278 0.086 0
78.384 0.09 0
78.802 0.11 0
79.236 0.11 0
79.77 0.096 0
80.324 0.106 0
80.942 0.11 0
81.368 0.1 0
81.826 0.11 0
83.286 0.112 0
83.81 0.092 0
85.234 0.114 0
85.726 0.12 0
86.366 0.13 0
87.754 0.132 0
89.186 0.16 0
89.854 0.132 0
90.572 0.15 0
91.35 0.134 0
92.206 0.14 0
92.968 0.152 0
94.504 0.132 0
95.134 0.122 0.002
96.144 0.116 0
96.894 0.15 0
97.57 0.146 0
98.29 0.134 0
98.958 0.126 0
99.978 0.146 0
100.686 0.14 0
101.532 0.14 0
103.016 0.174 0
104.08 0.148 0
104.958 0.156 0.002
105.724 0.146 0
106.486 0.148 0
107.94 0.114 0
108.866 0.192 0
110.296 0.14 0
111.834 0.168 0
112.608 0.136 0
113.488 0.158 0.002
114.258 0.164 0
115.018 0.124 0
116.01 0.144 0
116.89 0.178 0.002
117.722 0.17 0
118.622 0.168 0
119.874 0.178 0
120.748 0.184 0
121.544 0.176 0
122.53 0.156 0
124.116 0.18 0
125.74 0.162 0
126.652 0.168 0
127.468 0.172 0
128.728 0.192 0
129.616 0.176 0
130.516 0.18 0.002
131.362 0.156 0
132.26 0.18 0
133.258 0.18 0
134.216 0.162 0
135.688 0.14 0
136.598 0.19 0
137.778 0.168 0
