7.98 0.032 0
8.128 0.032 0
8.28 0.018 0
8.468 0.022 0
8.612 0.03 0
8.766 0.02 0
8.926 0.024 0
9.526 0.034 0
9.686 0.03 0
9.876 0.032 0
10.034 0.026 0
10.2 0.024 0
10.328 0.016 0
10.498 0.032 0
10.676 0.028 0.002
10.828 0.024 0
10.994 0.03 0
11.148 0.024 0
11.704 0.01 0
11.916 0.04 0
12.12 0.038 0
12.336 0.046 0
12.55 0.03 0
12.772 0.044 0
13.052 0.038 0
13.24 0.036 0
13.464 0.028 0.002
13.898 0.028 0
14.148 0.066 0.002
14.408 0.038 0
14.816 0.028 0
15.028 0.032 0
15.414 0.026 0.002
15.614 0.034 0.002
16.064 0.044 0
16.27 0.042 0.002
16.692 0.044 0
16.974 0.036 0
17.166 0.04 0
17.59 0.032 0
17.894 0.042 0
18.268 0.032 0
18.476 0.034 0
18.698 0.046 0
18.996 0.042 0
19.198 0.04 0
19.618 0.03 0
19.822 0.038 0.002
20.012 0.034 0
20.432 0.03 0
20.848 0.04 0
21.046 0.038 0
21.45 0.042 0
21.842 0.044 0
22.23 0.042 0
22.67 0.04 0
22.962 0.036 0
23.16 0.042 0
23.344 0.036 0
23.544 0.042 0
23.742 0.036 0
24.142 0.04 0
24.358 0.036 0
24.562 0.034 0.002
24.946 0.034 0
25.14 0.034 0
25.336 0.036 0
25.634 0.042 0
26.052 0.036 0
26.468 0.036 0
26.912 0.042 0
27.196 0.034 0.002
27.648 0.04 0
27.936 0.036 0
28.146 0.046 0
28.454 0.044 0
28.728 0.048 0.002
29.124 0.036 0
29.322 0.038 0
29.722 0.042 0
29.9 0.04 0
30.11 0.046 0
30.32 0.046 0
30.524 0.054 0
30.694 0.032 0
30.904 0.048 0
31.096 0.044 0.002
31.506 0.04 0
31.774 0.04 0
32.042 0.042 0
32.224 0.034 0
32.636 0.044 0
33.028 0.036 0
33.228 0.04 0
33.682 0.044 0
33.868 0.036 0
34.168 0.03 0.002
34.418 0.032 0
34.632 0.04 0
35.054 0.032 0
35.498 0.036 0
35.936 0.038 0
36.13 0.038 0
36.386 0.038 0
36.782 0.034 0
37.19 0.038 0
37.402 0.034 0
37.628 0.03 0
38.052 0.04 0
38.278 0.04 0
38.49 0.032 0
38.732 0.036 0
38.976 0.044 0
39.18 0.036 0
39.386 0.036 0
39.606 0.042 0
40.066 0.034 0
40.28 0.03 0
40.476 0.032 0.002
40.67 0.042 0.002
41.074 0.054 0.002
41.286 0.044 0
41.466 0.034 0
41.676 0.032 0
41.92 0.042 0
42.11 0.032 0
42.306 0.03 0.002
42.504 0.032 0
42.982 0.036 0
43.272 0.042 0
43.454 0.026 0
43.678 0.036 0.002
44 0.044 0
44.196 0.03 0.002
44.396 0.034 0
44.716 0.046 0
45.234 0.046 0
45.43 0.038 0
45.624 0.048 0
45.836 0.026 0
46.086 0.036 0
46.298 0.052 0.002
46.504 0.048 0
46.782 0.034 0
47.026 0.038 0
47.3 0.04 0
47.5 0.032 0.002
47.674 0.04 0
48.104 0.046 0.002
48.288 0.036 0
48.492 0.052 0
48.678 0.036 0
48.882 0.04 0
49.088 0.038 0.002
49.522 0.046 0
49.736 0.048 0
49.966 0.04 0
50.424 0.042 0
50.866 0.042 0
51.064 0.034 0
51.284 0.04 0
51.49 0.042 0
51.712 0.05 0
52.188 0.044 0
52.374 0.03 0.002
52.57 0.042 0.002
52.83 0.028 0
53.01 0.038 0.002
53.216 0.036 0
53.394 0.032 0
53.888 0.04 0
54.334 0.038 0
54.574 0.044 0
54.768 0.044 0
55.182 0.046 0
55.586 0.032 0
55.798 0.032 0
56.004 0.04 0
56.194 0.04 0.002
56.386 0.038 0.002
56.592 0.05 0
56.772 0.044 0.002
56.958 0.034 0
57.382 0.038 0
57.604 0.04 0
57.804 0.044 0
58.026 0.042 0
58.338 0.048 0.002
58.55 0.036 0
59.024 0.04 0
59.432 0.024 0
59.764 0.046 0
60.09 0.042 0
60.516 0.036 0
60.964 0.034 0
61.406 0.018 0
61.604 0.042 0
62.006 0.042 0
62.476 0.05 0
62.688 0.05 0
62.89 0.034 0
63.096 0.04 0
63.384 0.034 0.002
63.816 0.048 0
64.03 0.018 0
64.36 0.038 0.002
64.806 0.042 0
65.096 0.034 0
65.302 0.042 0
65.604 0.042 0
65.848 0.046 0
66.066 0.038 0
66.296 0.044 0
66.518 0.04 0
66.736 0.04 0
67.046 0.038 0
67.276 0.032 0
67.494 0.028 0
67.71 0.038 0.004
68.164 0.026 0
68.378 0.024 0
68.592 0.022 0
69.016 0.044 0
69.476 0.04 0.002
69.684 0.034 0
70.118 0.036 0
70.34 0.02 0
70.598 0.036 0.002
70.948 0.042 0
71.388 0.04 0
71.598 0.064 0
71.784 0.032 0
71.996 0.028 0
72.302 0.022 0
72.812 0.03 0
73.29 0.022 0
73.75 0.034 0.002
73.96 0.038 0
74.154 0.036 0
74.6 0.036 0.002
75.066 0.024 0
75.304 0.03 0
75.536 0.036 0
75.974 0.038 0
76.472 0.048 0
76.808 0.038 0
77.044 0.036 0
77.25 0.022 0
77.442 0.036 0
77.632 0.042 0
77.822 0.036 0.002
78.02 0.03 0
78.34 0.036 0
78.552 0.034 0
78.758 0.038 0.002
79.238 0.04 0
79.434 0.046 0
79.668 0.044 0
80.09 0.042 0
80.274 0.034 0
80.466 0.034 0.002
80.9 0.028 0
81.09 0.044 0
81.504 0.034 0.002
81.69 0.042 0
81.972 0.032 0.002
82.202 0.044 0
82.602 0.036 0
82.768 0.018 0
83.09 0.038 0
83.502 0.038 0
83.71 0.042 0
84.108 0.028 0
84.308 0.026 0
84.498 0.036 0
84.95 0.032 0
85.208 0.038 0
85.428 0.038 0
85.624 0.03 0
85.82 0.04 0
86.002 0.028 0
86.194 0.038 0
86.404 0.022 0
86.612 0.032 0
86.794 0.034 0
87.222 0.03 0
87.52 0.036 0
87.724 0.036 0
88.18 0.036 0.002
88.376 0.028 0
88.614 0.03 0
88.822 0.04 0
89.058 0.042 0
89.57 0.046 0
89.986 0.042 0
90.184 0.038 0
90.584 0.042 0
90.772 0.04 0
91.212 0.038 0
91.542 0.026 0
91.992 0.044 0
92.252 0.044 0
92.462 0.046 0
92.76 0.046 0.002
93.036 0.038 0
93.254 0.04 0
93.46 0.042 0
93.67 0.032 0
93.944 0.024 0
94.366 0.046 0
94.558 0.034 0
94.758 0.044 0
94.954 0.042 0.002
95.156 0.038 0
95.348 0.036 0
95.584 0.046 0
95.78 0.04 0
95.978 0.038 0
96.286 0.036 0
96.692 0.042 0
96.882 0.038 0.002
97.088 0.036 0
97.282 0.042 0
97.57 0.042 0
98.038 0.04 0
98.514 0.046 0
98.718 0.032 0
98.924 0.028 0
99.094 0.04 0
99.232 0.044 0
99.368 0.034 0
99.66 0.042 0.002
99.912 0.042 0
100.568 0.048 0.002
100.924 0.06 0.002
101.244 0.042 0
101.53 0.042 0
101.822 0.062 0
102.116 0.054 0
102.356 0.06 0.002
102.674 0.054 0
102.88 0.04 0.002
103.188 0.062 0
103.966 0.058 0
104.284 0.046 0.002
104.5 0.06 0.002
105.256 0.042 0
105.564 0.072 0
105.768 0.048 0
105.984 0.048 0
106.326 0.05 0
106.65 0.058 0
107.03 0.06 0.002
107.256 0.06 0.002
107.556 0.054 0
107.766 0.06 0
108.032 0.062 0
108.276 0.06 0
109.064 0.062 0
109.294 0.048 0
109.702 0.054 0
110.63 0.058 0
111.036 0.064 0.002
111.288 0.054 0
111.542 0.052 0
111.948 0.068 0
112.184 0.056 0
112.464 0.062 0.002
112.846 0.086 0
113.23 0.082 0.002
113.488 0.06 0
113.894 0.072 0.002
114.282 0.062 0.002
114.722 0.082 0
115.064 0.094 0.002
115.476 0.076 0
115.914 0.082 0
116.246 0.084 0
116.676 0.086 0
117.136 0.08 0
117.66 0.08 0.002
118.028 0.08 0
118.412 0.084 0.002
118.892 0.074 0
119.958 0.068 0
120.488 0.072 0.002
120.982 0.09 0.002
121.376 0.094 0
121.862 0.102 0
122.368 0.086 0
123.622 0.092 0
124.168 0.104 0
125.444 0.11 0
125.856 0.086 0
126.282 0.084 0.002
126.752 0.112 0
127.288 0.074 0
128.636 0.112 0
129.238 0.106 0
130.572 0.084 0
131.266 0.112 0
131.83 0.078 0
132.514 0.12 0.002
133.05 0.116 0
133.648 0.122 0
134.178 0.11 0
134.842 0.104 0.002
135.402 0.118 0
135.954 0.096 0
136.56 0.126 0
137.104 0.102 0
137.648 0.102 0.002
138.212 0.124 0.002
138.964 0.12 0
139.5 0.132 0
139.98 0.1 0
140.684 0.112 0
141.434 0.13 0
142.85 0.108 0
143.478 0.116 0.002
144.12 0.128 0
145.394 0.12 0
146.116 0.114 0
146.822 0.134 0
147.51 0.126 0.002
148.91 0.128 0
149.434 0.126 0
150.9 0.13 0.002
151.46 0.138 0
152.874 0.108 0
153.414 0.134 0
153.952 0.112 0.002
154.612 0.146 0
155.08 0.122 0
155.808 0.11 0
156.378 0.12 0.002
157.82 0.1 0
