7.788 0.05 0
7.982 0.048 0
8.198 0.038 0
8.476 0.054 0
9.15 0.048 0
9.44 0.058 0
10.132 0.066 0
10.418 0.064 0
10.796 0.064 0
11.16 0.07 0
11.474 0.07 0
11.698 0.044 0
11.942 0.06 0
12.312 0.07 0
12.706 0.072 0
13.086 0.072 0.002
13.55 0.088 0
13.988 0.094 0
14.404 0.08 0
15.546 0.072 0
15.994 0.098 0
16.366 0.096 0
16.872 0.088 0
17.322 0.096 0
17.766 0.09 0
18.314 0.092 0.002
18.816 0.086 0
20.102 0.09 0
20.534 0.104 0
21.852 0.092 0
22.478 0.11 0
23.122 0.14 0
23.798 0.134 0.002
24.396 0.154 0.002
25.874 0.146 0
26.626 0.144 0
28.188 0.17 0
29.73 0.154 0
30.626 0.114 0
31.464 0.164 0
32.334 0.172 0
33.124 0.154 0
33.796 0.18 0.004
35.216 0.158 0
36.778 0.202 0
37.454 0.138 0
39.168 0.22 0
40.152 0.18 0
40.914 0.184 0
42.43 0.146 0
43.106 0.16 0
43.746 0.19 0
45.234 0.15 0
46.914 0.194 0
47.716 0.164 0
48.576 0.16 0.002
49.408 0.156 0
50.176 0.184 0
50.886 0.182 0
51.834 0.208 0
52.818 0.194 0
53.78 0.162 0
54.588 0.156 0
56.304 0.18 0
57.124 0.176 0
58.084 0.17 0
58.946 0.188 0
60.174 0.218 0
61.212 0.182 0
62.452 0.188 0
63.704 0.178 0
64.812 0.21 0
65.946 0.204 0
67.33 0.214 0
68.47 0.204 0
69.514 0.208 0
70.6 0.224 0
71.802 0.23 0
72.95 0.234 0
74.41 0.208 0
75.508 0.202 0
76.84 0.26 0
78.368 0.258 0
80.444 0.248 0
81.622 0.256 0
83.64 0.22 0
85.684 0.264 0
86.778 0.244 0
88.074 0.24 0
89.402 0.232 0
90.904 0.256 0
92.068 0.262 0
93.504 0.244 0
94.704 0.258 0
96.66 0.228 0
97.764 0.22 0
99.052 0.214 0
100.332 0.266 0
101.982 0.216 0
103.388 0.226 0
104.83 0.214 0
106.05 0.268 0
107.332 0.238 0.002
108.596 0.23 0
109.772 0.254 0
111.04 0.238 0
112.292 0.228 0
114 0.228 0
115.29 0.26 0
116.946 0.21 0
118.14 0.208 0
119.218 0.226 0
120.546 0.254 0
121.758 0.268 0
122.996 0.232 0
124.706 0.208 0
125.86 0.198 0
127.384 0.234 0
128.596 0.236 0
129.994 0.238 0
131.242 0.242 0
132.58 0.234 0
134.208 0.246 0
135.338 0.25 0
137.034 0.246 0
138.134 0.236 0
139.298 0.232 0
140.98 0.212 0
142.326 0.26 0
144.032 0.224 0
145.264 0.224 0.002
146.522 0.252 0
147.748 0.216 0.002
149.436 0.204 0
150.596 0.204 0
151.87 0.264 0
153.066 0.204 0
154.214 0.214 0.002
155.412 0.246 0
157.078 0.25 0
158.514 0.238 0
159.762 0.236 0
161.31 0.206 0
162.704 0.26 0
164.18 0.238 0
165.77 0.252 0
166.902 0.248 0
168.3 0.246 0
169.44 0.274 0
170.708 0.23 0
171.786 0.226 0
172.902 0.24 0
174.466 0.232 0
176.086 0.284 0
177.42 0.226 0.002
178.624 0.208 0
180.248 0.246 0
181.412 0.27 0
182.482 0.264 0
184.048 0.242 0
185.978 0.582 0
187.308 0.232 0
188.462 0.23 0.002
190.026 0.498 0
191.71 0.534 0
193.184 0.442 0
194.836 0.488 0
196.306 0.484 0
198.568 0.468 0
199.85 0.322 0
202.116 0.364 0
203.722 0.57 0
205.212 0.432 0
206.674 0.534 0
207.884 0.216 0
209.402 0.274 0
210.968 0.438 0
212.54 0.438 0
214.506 0.508 0
216.25 0.438 0
217.808 0.55 0
219.398 0.378 0
221.788 0.548 0
223.508 0.484 0
225.03 0.202 0
227.23 0.458 0.002
228.666 0.326 0
230.728 0.452 0
232.074 0.414 0
233.772 0.478 0
235.398 0.69 0
237.546 0.374 0
239.238 0.43 0
241.28 0.536 0
242.992 0.504 0
244.676 0.338 0
246.246 0.506 0
248.88 0.624 0
250.41 0.506 0
251.616 0.168 0
253.64 0.512 0
255.012 0.186 0
257.446 0.32 0
259.372 0.62 0.002
260.886 0.41 0.002
262.656 0.61 0
264.328 0.634 0
266.256 0.672 0
267.814 0.558 0
269.808 0.668 0
271.562 0.374 0
273.106 0.496 0
274.826 0.76 0
276.714 0.694 0
278.598 0.444 0
280.306 0.584 0
282.112 0.686 0
284.162 0.584 0
286.572 0.53 0
288.328 0.54 0
289.858 0.544 0
291.69 0.74 0
293.456 0.43 0
295.25 0.446 0
296.986 0.612 0
298.822 0.582 0
300.756 0.666 0
302.632 0.736 0
304.232 0.472 0
305.96 0.584 0
307.536 0.39 0
309.274 0.428 0
310.934 0.426 0
312.728 0.742 0
314.686 0.706 0.002
316.186 0.668 0
317.79 0.536 0
319.34 0.576 0
320.902 0.55 0
322.804 0.554 0
324.194 0.126 0
326.572 0.536 0
328.4 0.53 0
330.16 0.488 0
332.77 0.546 0
334.514 0.672 0.002
336.524 0.646 0
338.436 0.244 0
339.918 0.214 0
341.476 0.306 0
343.242 0.348 0
345.698 0.36 0
348.374 0.666 0
350.088 0.35 0
352.93 0.8 0
355.544 0.73 0
357.13 0.32 0
360.178 0.884 0
362.218 0.528 0
363.88 0.458 0
365.66 0.632 0
367.92 0.698 0
369.77 0.666 0
372.434 0.618 0
375.132 0.574 0
377.066 0.674 0
378.736 0.508 0
380.624 0.526 0
382.512 0.562 0
384.444 0.6 0
387.1 0.97 0
389.384 1.064 0
391.84 1.096 0
393.94 1.334 0
395.926 0.65 0
398.434 0.908 0
400.74 0.862 0
402.786 0.708 0
