6.984 0.03 0.002
7.158 0.034 0
7.318 0.034 0
7.472 0.03 0
7.624 0.032 0
7.78 0.03 0
7.93 0.024 0
8.508 0.038 0
9.088 0.036 0
9.636 0.028 0
10.23 0.03 0
10.444 0.04 0
10.668 0.046 0
10.954 0.04 0
11.224 0.054 0
11.496 0.05 0
11.804 0.058 0
12.51 0.054 0
13.198 0.054 0
13.478 0.064 0
13.74 0.056 0.002
14.36 0.058 0
14.632 0.054 0
15.318 0.048 0
15.56 0.04 0
15.816 0.05 0
16.058 0.042 0.002
16.756 0.04 0
17.078 0.048 0
17.302 0.042 0
17.546 0.042 0
18.24 0.052 0
18.934 0.034 0
19.606 0.048 0
20.276 0.038 0
20.638 0.052 0
20.89 0.052 0.002
21.122 0.05 0
21.416 0.054 0
21.66 0.05 0
21.972 0.032 0
22.626 0.046 0.002
22.928 0.046 0
23.258 0.036 0
23.524 0.05 0
23.776 0.05 0
24.23 0.04 0
24.446 0.036 0
24.73 0.048 0
24.972 0.05 0
25.29 0.05 0.002
25.52 0.052 0
25.876 0.052 0
26.35 0.038 0
26.618 0.046 0
27.096 0.044 0
27.532 0.042 0
27.77 0.044 0
28.008 0.04 0
28.312 0.052 0.002
28.574 0.036 0.002
28.86 0.052 0
29.156 0.042 0
29.4 0.036 0
29.866 0.048 0
30.114 0.03 0.002
30.384 0.05 0
30.832 0.042 0
31.068 0.054 0
31.322 0.046 0
31.79 0.056 0
32.014 0.042 0
32.238 0.046 0
32.664 0.04 0
32.916 0.05 0
33.148 0.044 0
33.51 0.04 0
33.774 0.042 0
33.998 0.05 0
34.224 0.044 0
34.478 0.048 0
34.742 0.05 0
35.168 0.028 0
35.394 0.024 0.002
35.676 0.066 0
35.87 0.028 0
36.326 0.05 0
36.546 0.046 0
37 0.05 0
37.256 0.04 0.002
37.526 0.048 0
37.844 0.044 0
38.12 0.046 0
38.538 0.052 0
38.762 0.04 0
39.064 0.04 0
39.484 0.044 0.002
39.69 0.034 0
39.928 0.046 0
40.186 0.04 0
40.606 0.04 0.002
40.832 0.046 0
41.268 0.048 0
41.704 0.04 0.002
42.186 0.03 0
42.612 0.038 0
42.838 0.048 0
43.116 0.046 0.002
43.348 0.048 0
43.762 0.044 0
44.058 0.046 0
44.254 0.038 0
44.506 0.048 0
44.962 0.04 0.002
45.448 0.048 0
45.874 0.04 0
46.206 0.04 0
46.556 0.04 0
46.872 0.042 0
47.092 0.048 0
47.528 0.052 0
47.986 0.032 0
48.236 0.042 0
48.498 0.044 0
48.748 0.042 0
49.044 0.034 0
49.374 0.048 0
49.604 0.048 0.002
49.858 0.046 0
50.124 0.044 0
50.326 0.038 0
50.558 0.046 0.002
50.766 0.044 0
51.06 0.048 0
51.308 0.04 0
51.766 0.05 0
51.956 0.038 0
52.176 0.048 0
52.466 0.046 0
52.664 0.042 0.002
52.884 0.048 0
53.142 0.044 0
53.596 0.046 0
53.812 0.042 0.002
54.012 0.04 0
54.482 0.038 0
54.69 0.046 0.002
55.102 0.048 0
55.288 0.024 0
55.696 0.038 0
55.91 0.042 0
56.116 0.044 0
56.568 0.042 0
56.854 0.046 0
57.28 0.04 0
57.514 0.046 0
57.724 0.036 0
58.024 0.032 0.002
58.366 0.044 0
58.62 0.04 0
58.864 0.04 0
59.112 0.042 0.002
59.332 0.04 0.002
59.55 0.046 0
59.752 0.034 0
60.24 0.04 0.002
60.456 0.028 0
60.686 0.038 0
60.9 0.034 0
61.19 0.038 0
61.398 0.036 0
61.602 0.042 0
62.04 0.044 0
62.236 0.036 0
62.426 0.034 0
62.64 0.042 0
62.868 0.038 0.002
63.144 0.04 0
63.6 0.032 0
63.834 0.046 0.002
64.092 0.04 0
64.526 0.048 0
64.81 0.044 0.002
65.03 0.046 0
65.442 0.044 0
65.644 0.044 0
65.842 0.034 0
66.138 0.044 0
66.34 0.05 0
66.742 0.038 0
66.946 0.042 0
67.362 0.032 0
67.58 0.038 0
67.886 0.048 0
68.078 0.042 0
68.492 0.042 0
68.924 0.034 0
69.14 0.04 0
69.342 0.038 0
69.58 0.036 0
69.81 0.044 0
69.994 0.026 0
70.294 0.046 0
70.728 0.048 0.002
70.936 0.04 0
71.21 0.034 0
71.634 0.042 0
71.844 0.042 0
72.27 0.038 0
72.484 0.046 0
72.668 0.04 0.002
73.13 0.044 0
73.594 0.038 0
73.828 0.042 0
74.064 0.044 0
74.494 0.04 0
74.69 0.042 0
74.992 0.038 0
75.226 0.034 0.002
75.514 0.044 0
75.724 0.046 0
75.93 0.04 0
76.374 0.04 0
76.582 0.032 0
76.816 0.046 0.002
77.024 0.042 0
77.26 0.044 0
77.564 0.046 0.002
77.874 0.046 0
78.084 0.048 0.002
78.502 0.05 0
78.774 0.038 0
79.062 0.032 0.002
79.296 0.038 0
79.59 0.038 0
79.922 0.044 0
80.32 0.028 0
80.532 0.036 0.002
80.834 0.042 0
81.034 0.044 0
81.476 0.042 0.002
81.744 0.042 0
81.95 0.038 0
82.186 0.042 0
82.384 0.034 0
82.588 0.038 0
83.05 0.05 0
83.252 0.032 0
83.542 0.046 0.002
83.934 0.034 0
84.364 0.044 0
84.562 0.042 0
84.786 0.04 0
84.992 0.04 0
85.2 0.048 0.002
85.626 0.034 0
85.85 0.04 0
86.056 0.04 0
86.534 0.042 0
86.728 0.04 0
86.92 0.034 0
87.118 0.036 0.002
87.566 0.046 0
87.854 0.052 0
88.26 0.032 0
88.456 0.042 0
88.668 0.048 0
89.07 0.038 0
89.262 0.04 0
89.676 0.048 0
90.112 0.036 0
90.32 0.042 0
90.518 0.04 0
90.768 0.034 0
91.21 0.04 0
91.448 0.05 0
91.636 0.028 0
91.832 0.032 0
92.054 0.046 0
92.246 0.036 0
92.494 0.054 0
92.702 0.044 0
92.986 0.044 0
93.196 0.042 0
93.63 0.04 0
93.85 0.044 0
94.046 0.032 0
94.53 0.042 0.002
94.952 0.042 0.002
95.156 0.048 0
95.354 0.046 0.002
95.564 0.048 0.002
95.774 0.056 0
96.202 0.04 0
96.664 0.05 0
97.086 0.036 0.002
97.31 0.04 0
97.532 0.048 0
97.75 0.044 0
97.94 0.046 0
98.138 0.046 0
98.528 0.044 0
98.938 0.04 0
99.236 0.05 0.002
99.626 0.036 0
100.042 0.044 0
100.238 0.044 0
100.412 0.034 0.002
100.636 0.042 0
100.876 0.044 0.002
101.08 0.042 0
101.494 0.04 0
101.692 0.036 0
102.144 0.044 0
102.346 0.048 0
102.794 0.048 0.002
103.074 0.038 0
103.412 0.034 0
103.614 0.044 0.002
103.806 0.034 0.002
104.222 0.042 0
104.442 0.038 0
104.862 0.036 0
105.096 0.044 0
105.29 0.026 0
105.514 0.038 0
105.922 0.03 0
106.39 0.036 0
106.628 0.044 0
106.834 0.042 0.004
107.024 0.038 0
107.238 0.046 0.002
107.696 0.038 0
107.898 0.022 0
108.086 0.036 0
108.29 0.044 0.002
108.474 0.038 0
108.678 0.05 0
108.974 0.038 0
109.206 0.04 0
109.428 0.038 0
109.636 0.05 0
109.962 0.042 0
110.162 0.02 0
110.352 0.036 0
110.8 0.038 0
111.014 0.046 0
111.224 0.038 0
111.428 0.038 0
111.744 0.04 0
111.948 0.044 0
112.128 0.036 0
112.33 0.038 0
112.548 0.044 0.002
112.732 0.038 0
112.928 0.044 0
113.116 0.042 0
113.334 0.048 0
113.726 0.04 0
113.926 0.04 0.002
114.216 0.042 0
114.478 0.044 0
114.646 0.032 0
114.86 0.04 0
115.07 0.032 0
115.372 0.036 0.002
115.572 0.04 0
115.988 0.034 0
116.22 0.036 0
116.436 0.044 0
116.636 0.05 0
117.062 0.04 0
117.424 0.042 0.002
117.806 0.044 0.002
118.178 0.042 0
118.418 0.042 0
118.608 0.034 0
118.8 0.038 0
118.994 0.044 0
119.186 0.038 0.002
119.402 0.044 0
119.604 0.048 0
119.81 0.046 0
119.992 0.04 0.002
120.258 0.048 0
120.626 0.042 0
120.85 0.052 0
121.234 0.03 0
121.44 0.048 0
121.62 0.04 0
121.906 0.038 0
122.234 0.046 0
122.41 0.042 0
122.68 0.036 0
122.898 0.038 0
123.088 0.034 0
123.4 0.042 0
123.61 0.042 0
123.806 0.046 0
124.006 0.038 0
124.218 0.046 0.002
124.416 0.04 0
124.826 0.044 0
125.016 0.038 0
125.382 0.044 0
125.762 0.044 0
126.03 0.038 0
126.45 0.048 0
126.658 0.046 0
127.024 0.04 0
127.308 0.048 0
127.684 0.04 0
127.898 0.042 0
128.278 0.044 0
128.452 0.032 0
128.658 0.052 0
129.024 0.038 0
129.224 0.046 0
129.434 0.044 0
129.614 0.036 0
129.806 0.04 0.002
129.996 0.044 0
130.214 0.038 0
130.486 0.04 0
130.854 0.036 0
131.072 0.036 0
131.364 0.044 0
131.564 0.028 0
131.916 0.034 0
132.106 0.03 0
132.488 0.04 0
132.768 0.042 0.002
133 0.048 0
133.278 0.044 0
133.466 0.038 0
133.686 0.046 0
133.866 0.032 0
134.068 0.038 0
134.262 0.04 0
134.452 0.042 0
134.664 0.048 0.002
135.056 0.044 0
135.228 0.038 0
135.418 0.046 0
135.606 0.046 0
135.816 0.032 0
136.01 0.034 0
136.21 0.042 0
136.496 0.044 0
136.67 0.032 0
137.05 0.04 0
137.42 0.036 0.002
137.63 0.044 0
137.848 0.044 0
138.036 0.038 0
138.248 0.032 0
138.57 0.048 0
138.766 0.046 0
139.158 0.04 0
139.562 0.038 0
139.798 0.056 0.002
139.982 0.03 0
140.174 0.038 0
140.364 0.034 0.002
140.638 0.04 0
140.842 0.044 0
141.05 0.034 0
141.442 0.04 0.002
141.65 0.036 0
142.064 0.038 0
142.512 0.036 0
142.918 0.04 0
143.11 0.036 0
143.298 0.038 0
143.528 0.046 0
143.924 0.04 0
144.16 0.04 0
144.368 0.046 0
144.588 0.038 0
144.872 0.048 0
145.088 0.05 0
145.27 0.04 0
145.464 0.036 0.002
145.658 0.038 0.002
145.96 0.038 0
146.194 0.046 0
146.602 0.042 0
146.956 0.042 0
147.154 0.046 0
147.364 0.07 0
147.64 0.044 0
147.924 0.04 0
148.216 0.046 0
148.422 0.044 0
148.64 0.044 0
148.828 0.042 0
149.028 0.048 0
149.412 0.04 0
149.608 0.042 0
149.794 0.036 0
150.224 0.048 0
150.594 0.042 0
150.898 0.036 0
151.172 0.052 0
151.528 0.032 0
151.736 0.046 0
152.122 0.034 0.002
152.326 0.04 0
152.706 0.042 0
153.082 0.044 0
153.48 0.044 0
153.674 0.048 0
153.882 0.04 0.002
154.146 0.032 0
154.346 0.04 0
154.616 0.052 0
154.818 0.032 0
155.038 0.044 0
155.408 0.042 0
155.616 0.05 0
155.866 0.046 0
156.06 0.034 0.002
156.27 0.046 0.002
156.672 0.03 0
156.868 0.04 0
157.062 0.038 0
157.356 0.042 0
157.55 0.04 0
157.824 0.044 0
158.054 0.03 0.002
158.296 0.052 0.002
158.476 0.044 0
158.694 0.044 0
158.874 0.036 0
159.154 0.048 0
159.452 0.046 0
159.664 0.038 0
160.048 0.03 0
160.44 0.028 0.002
160.62 0.028 0.002
160.82 0.038 0
161.002 0.038 0
161.196 0.048 0
161.558 0.044 0
161.718 0.024 0
161.904 0.042 0
162.316 0.022 0
162.666 0.04 0
162.854 0.052 0
163.042 0.046 0
163.212 0.036 0
163.562 0.036 0
163.934 0.038 0
164.118 0.032 0
164.314 0.044 0
164.494 0.032 0
164.892 0.036 0
165.078 0.042 0
165.29 0.042 0
165.484 0.034 0
165.664 0.034 0
165.864 0.038 0
166.08 0.044 0
166.476 0.038 0
166.644 0.04 0
166.82 0.04 0
166.996 0.036 0
167.182 0.038 0
167.388 0.038 0
167.558 0.032 0
167.732 0.038 0.006
167.918 0.044 0
168.164 0.042 0
168.342 0.042 0.002
168.512 0.036 0
168.86 0.03 0
169.062 0.038 0.002
169.248 0.038 0
169.44 0.034 0
169.624 0.034 0.002
169.79 0.034 0
170.08 0.036 0
170.272 0.032 0.002
170.63 0.046 0
170.998 0.032 0
171.176 0.034 0
171.438 0.036 0
171.83 0.034 0
172.108 0.038 0
172.498 0.034 0
172.686 0.044 0
172.986 0.04 0
173.174 0.038 0
173.368 0.02 0.002
173.574 0.052 0
173.922 0.044 0
174.286 0.038 0
174.454 0.036 0
174.632 0.04 0
174.834 0.036 0
175 0.04 0
175.176 0.04 0
175.51 0.03 0.002
175.688 0.038 0
176.03 0.038 0
176.406 0.044 0
176.782 0.042 0
176.964 0.042 0
177.332 0.032 0
177.754 0.042 0
177.928 0.04 0
178.124 0.044 0.002
178.484 0.042 0
178.694 0.044 0
178.886 0.042 0
179.24 0.048 0
179.426 0.036 0
179.602 0.034 0
179.804 0.032 0
180.202 0.042 0
180.57 0.048 0
180.866 0.044 0
181.066 0.042 0.002
181.246 0.038 0.002
181.442 0.036 0
181.6 0.032 0
181.95 0.044 0
182.266 0.034 0
182.552 0.032 0
182.734 0.028 0
183.034 0.04 0
183.22 0.03 0
183.41 0.042 0
183.598 0.038 0
183.888 0.04 0
184.086 0.032 0
184.274 0.038 0
184.47 0.026 0
184.846 0.042 0
185.026 0.04 0
185.378 0.044 0
185.544 0.034 0
185.728 0.038 0.002
185.908 0.04 0.002
186.082 0.034 0
186.502 0.038 0
186.692 0.034 0
186.918 0.044 0
187.282 0.044 0
187.518 0.034 0.002
187.938 0.044 0
188.11 0.042 0
188.434 0.03 0
188.606 0.026 0.002
188.768 0.034 0
189.126 0.038 0
189.414 0.044 0
189.586 0.036 0
189.782 0.04 0.002
190.168 0.034 0
190.352 0.032 0.002
190.574 0.076 0
190.974 0.032 0
191.166 0.038 0.002
191.528 0.038 0.002
191.86 0.03 0
192.144 0.036 0
192.354 0.042 0
192.566 0.042 0
192.93 0.034 0.002
193.308 0.044 0
