7.36 0.038 0
7.56 0.032 0
8.152 0.032 0
8.468 0.042 0
8.676 0.04 0
8.914 0.038 0.002
9.452 0.042 0
9.718 0.038 0
9.994 0.056 0
10.262 0.05 0
10.594 0.052 0
10.844 0.056 0
11.434 0.05 0
12.08 0.052 0
12.392 0.048 0
12.682 0.052 0
13.23 0.048 0
13.49 0.038 0
13.772 0.05 0.002
14.026 0.048 0
14.284 0.032 0
14.528 0.044 0.002
14.764 0.034 0
15.092 0.052 0.002
15.658 0.054 0
15.908 0.038 0
16.154 0.046 0
16.444 0.048 0
16.734 0.046 0
16.994 0.05 0
17.236 0.046 0
17.798 0.046 0.002
18.086 0.048 0
18.674 0.046 0
18.978 0.038 0
19.516 0.036 0
19.746 0.032 0
20.086 0.048 0
20.448 0.044 0
20.694 0.048 0
21.244 0.046 0
21.498 0.048 0
21.804 0.04 0
22.15 0.04 0
22.702 0.032 0
23.198 0.036 0
23.434 0.046 0
24.01 0.042 0
24.578 0.036 0
24.884 0.046 0
25.13 0.036 0
25.398 0.04 0
25.692 0.042 0
25.932 0.04 0
26.248 0.032 0
26.8 0.046 0
27.036 0.036 0
27.266 0.042 0
27.498 0.038 0
27.742 0.042 0
28.052 0.038 0
28.268 0.038 0.002
28.508 0.046 0
28.732 0.04 0.002
28.972 0.042 0
29.572 0.038 0
30.108 0.048 0
30.316 0.024 0
30.868 0.042 0.002
31.184 0.038 0
31.744 0.036 0
32.012 0.046 0
32.532 0.036 0
33.11 0.04 0
33.434 0.044 0
33.698 0.046 0
33.95 0.04 0
34.19 0.034 0
34.54 0.036 0
35.114 0.046 0
35.374 0.042 0
35.608 0.044 0
35.83 0.034 0
36.456 0.042 0.002
36.686 0.034 0
37.218 0.032 0
37.458 0.04 0
37.684 0.04 0
37.926 0.044 0
38.144 0.044 0
38.404 0.046 0
38.624 0.026 0
39.232 0.038 0
39.424 0.03 0
39.66 0.044 0
40.27 0.044 0.002
40.84 0.038 0
41.066 0.046 0.002
41.278 0.03 0.002
41.498 0.038 0
41.704 0.036 0
42.036 0.044 0
42.37 0.044 0
42.606 0.048 0
42.836 0.042 0.002
43.11 0.04 0
43.636 0.038 0
43.858 0.036 0
44.08 0.032 0
44.308 0.04 0
44.596 0.03 0
44.894 0.046 0
45.484 0.044 0
46.03 0.042 0.002
46.316 0.046 0
46.852 0.054 0
47.086 0.042 0
47.318 0.04 0
47.832 0.048 0
48.406 0.03 0
48.948 0.05 0
49.16 0.032 0
49.384 0.046 0
49.61 0.034 0.002
49.968 0.034 0
50.188 0.04 0
50.41 0.044 0
50.952 0.034 0
51.492 0.042 0
51.796 0.046 0.002
52.084 0.046 0
52.302 0.046 0
52.538 0.046 0.002
53.026 0.04 0
53.588 0.026 0
54.134 0.038 0
54.44 0.042 0
54.658 0.044 0
55.252 0.044 0
55.52 0.042 0.002
55.74 0.04 0
56.266 0.038 0
56.484 0.044 0
56.706 0.046 0
57.004 0.036 0
57.248 0.042 0
57.46 0.024 0
57.696 0.04 0
57.992 0.036 0
58.232 0.042 0.002
58.536 0.03 0
58.77 0.05 0
58.996 0.046 0
59.584 0.04 0
59.818 0.032 0
60.106 0.04 0
60.326 0.032 0
60.566 0.042 0
61.132 0.04 0
61.662 0.036 0
62.196 0.034 0
62.428 0.048 0
62.656 0.042 0
62.892 0.044 0.002
63.118 0.05 0
63.332 0.046 0
63.856 0.044 0
64.09 0.052 0
64.326 0.038 0.002
64.562 0.046 0.002
64.78 0.044 0
65.33 0.05 0
65.586 0.04 0.002
66.12 0.042 0.002
66.65 0.046 0
67.188 0.044 0
67.728 0.048 0.002
67.96 0.026 0.002
68.164 0.038 0
68.45 0.044 0
69.008 0.046 0
69.648 0.036 0.002
70.242 0.044 0
70.474 0.044 0.002
71.186 0.048 0
71.348 0.046 0
72.112 0.044 0
72.794 0.034 0
73.084 0.052 0
73.312 0.058 0
73.636 0.05 0
74.498 0.05 0
74.776 0.058 0
75.582 0.064 0.002
75.794 0.062 0
76.144 0.06 0
76.442 0.066 0
76.646 0.042 0.002
77.552 0.066 0
77.804 0.068 0.002
78.018 0.056 0
78.24 0.058 0
78.498 0.058 0
79.334 0.07 0.002
80.362 0.074 0
80.578 0.07 0
80.8 0.064 0
81.052 0.07 0.002
82.008 0.074 0
83.048 0.078 0.002
83.292 0.052 0
83.536 0.082 0
83.79 0.078 0
84.202 0.074 0.002
84.64 0.08 0.002
85.006 0.08 0
85.414 0.082 0
85.808 0.076 0
86.246 0.086 0
86.714 0.072 0
87.728 0.084 0
88.144 0.074 0.002
89.188 0.102 0
89.574 0.086 0
90.588 0.084 0
90.92 0.086 0
91.368 0.062 0
92.358 0.072 0.002
93.362 0.1 0
93.742 0.1 0.002
94.034 0.08 0
94.366 0.088 0.002
94.862 0.078 0.002
95.222 0.07 0.002
96.328 0.096 0.002
96.65 0.076 0
97.71 0.088 0.002
98.156 0.094 0
98.474 0.088 0
98.922 0.066 0
99.42 0.076 0.002
99.886 0.076 0
100.194 0.076 0.002
100.518 0.078 0
100.864 0.092 0.002
101.204 0.088 0.002
101.684 0.086 0.002
102.204 0.112 0.002
102.656 0.104 0
103.83 0.104 0
104.224 0.086 0.002
104.698 0.106 0
105.17 0.11 0.002
105.548 0.1 0
105.966 0.112 0
106.356 0.098 0.002
106.766 0.094 0.002
108.004 0.106 0
108.412 0.102 0
108.994 0.11 0
109.406 0.088 0
110.64 0.092 0
111.216 0.11 0
111.582 0.092 0
112.75 0.106 0
113.96 0.102 0
114.606 0.102 0.002
115.152 0.106 0
115.536 0.102 0
115.996 0.092 0
116.382 0.08 0
116.802 0.094 0.002
117.972 0.08 0
119.192 0.102 0
119.782 0.09 0
120.37 0.114 0
121.516 0.106 0
121.946 0.084 0
122.422 0.098 0
122.816 0.104 0
123.47 0.116 0
123.928 0.08 0
124.504 0.114 0
125.662 0.082 0.002
126.034 0.078 0
126.59 0.09 0
127.82 0.098 0
129.078 0.102 0
129.566 0.106 0.002
130.126 0.08 0.002
130.576 0.096 0
130.962 0.096 0
131.454 0.084 0
132.694 0.108 0
133.976 0.102 0
134.476 0.096 0
134.942 0.098 0.002
135.476 0.098 0
135.886 0.096 0.004
136.474 0.08 0
136.874 0.082 0
137.294 0.102 0
137.87 0.09 0
138.308 0.096 0
138.72 0.09 0
139.13 0.104 0
140.404 0.104 0
140.798 0.096 0
141.226 0.1 0
141.598 0.102 0
142.084 0.102 0.002
142.496 0.1 0
142.954 0.102 0
143.398 0.104 0
143.862 0.116 0
145.106 0.09 0
145.596 0.086 0
146.04 0.092 0
146.422 0.082 0
146.988 0.092 0
147.476 0.104 0
147.848 0.084 0.002
148.336 0.086 0.002
148.726 0.1 0.002
149.928 0.098 0
150.362 0.086 0
150.858 0.106 0
151.428 0.102 0.002
151.808 0.092 0
153.132 0.106 0.002
153.634 0.096 0.002
154.8 0.108 0
155.25 0.098 0
155.86 0.106 0.002
156.416 0.1 0
156.99 0.108 0.002
157.484 0.106 0.002
158.738 0.118 0
159.216 0.098 0
160.492 0.106 0
161.002 0.106 0.002
161.594 0.112 0
162.016 0.09 0.002
163.262 0.106 0
163.786 0.08 0
164.508 0.082 0.002
164.942 0.108 0
166.168 0.108 0
166.628 0.114 0.002
167.064 0.108 0.002
168.458 0.12 0
168.976 0.11 0.002
169.602 0.132 0
170.906 0.114 0
171.564 0.088 0
172.264 0.114 0
173.554 0.124 0
174.132 0.108 0
174.67 0.108 0
175.326 0.114 0.002
176.596 0.104 0
177.164 0.126 0
177.674 0.112 0
179.012 0.124 0.002
180.356 0.104 0
180.876 0.108 0
181.566 0.116 0.002
182.184 0.11 0.002
182.838 0.132 0
183.538 0.132 0
184.796 0.104 0
185.336 0.116 0.002
186.156 0.122 0
186.664 0.106 0
187.328 0.124 0.002
187.92 0.122 0.002
188.382 0.1 0
188.956 0.132 0
189.542 0.13 0
190.046 0.11 0
190.684 0.12 0
191.892 0.104 0.002
192.57 0.13 0
193.778 0.116 0
195.022 0.106 0.002
195.566 0.136 0.002
196.05 0.126 0
196.54 0.104 0
197.138 0.116 0
197.964 0.124 0
198.674 0.116 0.002
199.36 0.128 0
199.892 0.098 0
200.42 0.108 0
201.206 0.102 0
201.826 0.128 0
202.686 0.11 0
203.228 0.124 0
203.766 0.106 0
204.246 0.1 0
204.784 0.122 0
205.26 0.112 0.002
205.934 0.102 0
206.424 0.094 0
206.968 0.124 0
207.682 0.102 0
208.184 0.122 0
208.722 0.128 0
209.462 0.122 0
210.114 0.124 0
210.64 0.132 0
211.194 0.11 0.002
211.722 0.126 0
212.378 0.122 0
212.88 0.122 0
213.452 0.118 0.002
213.952 0.094 0
214.614 0.124 0
215.098 0.12 0.002
215.58 0.108 0
216.166 0.102 0
216.736 0.112 0
217.254 0.126 0.002
217.958 0.128 0
218.51 0.124 0
219.16 0.102 0
219.696 0.118 0
220.172 0.098 0
220.962 0.122 0
221.544 0.108 0
222.124 0.098 0.002
222.636 0.108 0.002
223.404 0.126 0
223.902 0.106 0.002
224.438 0.122 0.002
225.084 0.114 0.002
225.782 0.102 0
226.412 0.118 0
226.996 0.104 0
227.512 0.104 0.002
228.034 0.092 0
228.592 0.108 0.002
229.092 0.124 0.002
229.728 0.112 0
230.31 0.122 0
230.796 0.102 0.002
231.316 0.118 0.002
231.89 0.122 0
232.346 0.098 0
232.94 0.102 0
233.464 0.104 0.002
233.994 0.112 0
235.03 0.112 0.002
235.688 0.124 0
236.286 0.112 0
236.778 0.104 0.002
237.392 0.126 0.002
237.964 0.106 0
238.932 0.1 0
239.522 0.112 0
240.552 0.106 0
241.056 0.106 0
241.732 0.102 0
242.318 0.122 0
242.852 0.124 0
243.368 0.124 0
244.044 0.12 0.002
244.63 0.112 0
245.294 0.108 0
245.81 0.116 0
246.386 0.102 0
246.884 0.108 0
247.404 0.13 0
247.936 0.122 0
248.888 0.114 0
249.412 0.124 0
250.118 0.134 0
250.588 0.104 0.002
251.218 0.118 0.002
251.806 0.12 0
252.286 0.102 0
253.254 0.104 0
253.772 0.12 0
254.862 0.108 0.002
255.35 0.124 0
255.916 0.114 0
256.376 0.106 0
257.002 0.096 0
257.608 0.118 0
258.078 0.12 0
258.588 0.102 0
259.256 0.104 0
259.944 0.108 0.002
260.486 0.128 0
261.054 0.122 0
261.6 0.118 0.002
262.614 0.108 0
263.688 0.128 0
264.282 0.134 0
264.844 0.106 0
265.428 0.1 0
266.434 0.126 0
266.92 0.124 0
267.912 0.122 0
268.406 0.12 0.002
268.978 0.128 0
