7.36 0.048 0
7.548 0.042 0
7.816 0.026 0
8.476 0.042 0
8.738 0.042 0
8.958 0.046 0
9.228 0.044 0
9.896 0.044 0
10.118 0.038 0
10.396 0.034 0
10.618 0.044 0
10.828 0.038 0
11.072 0.038 0
11.296 0.04 0
11.53 0.056 0
12.114 0.038 0
12.32 0.036 0
12.532 0.042 0
12.738 0.024 0.002
12.962 0.04 0
13.622 0.042 0
13.84 0.04 0
14.056 0.034 0
14.264 0.04 0
14.944 0.044 0
15.142 0.042 0
15.35 0.032 0
15.592 0.032 0
15.832 0.044 0.002
16.026 0.04 0
16.644 0.04 0.002
16.98 0.044 0
17.258 0.042 0
17.862 0.022 0.002
18.508 0.042 0
18.72 0.032 0
18.938 0.036 0
19.266 0.042 0
19.46 0.044 0
20.046 0.042 0
20.254 0.04 0
20.554 0.038 0
21.244 0.03 0
21.776 0.034 0
21.958 0.034 0
22.314 0.046 0
22.648 0.04 0
22.832 0.034 0
23 0.028 0
23.3 0.024 0
23.496 0.044 0
23.668 0.036 0
23.978 0.036 0
24.164 0.038 0
24.318 0.04 0
24.504 0.056 0
24.654 0.038 0
24.836 0.032 0
25.172 0.034 0
25.352 0.048 0
25.518 0.04 0
25.874 0.044 0
26.238 0.048 0
26.44 0.04 0
26.648 0.038 0
26.832 0.042 0
27.03 0.044 0
27.194 0.04 0
27.522 0.04 0
27.74 0.034 0
27.966 0.036 0
28.21 0.048 0
28.4 0.042 0
28.76 0.052 0
28.934 0.038 0
29.106 0.026 0
29.492 0.046 0
29.638 0.028 0
29.978 0.038 0
30.16 0.05 0
30.516 0.028 0
30.738 0.048 0
31.108 0.046 0
31.32 0.044 0
31.542 0.04 0
31.89 0.046 0
32.23 0.048 0
32.402 0.042 0
32.612 0.044 0
32.804 0.034 0.002
33.17 0.032 0.002
33.5 0.036 0
33.69 0.044 0
33.864 0.028 0.002
34.096 0.048 0
34.466 0.046 0.002
34.822 0.044 0
35.144 0.032 0
35.358 0.044 0
35.574 0.042 0
35.916 0.044 0
36.288 0.044 0
36.464 0.038 0
36.642 0.052 0
36.792 0.04 0
37.158 0.046 0
37.492 0.042 0.002
37.674 0.044 0
37.864 0.052 0
38.058 0.046 0
38.232 0.04 0.002
38.416 0.042 0
38.596 0.038 0
38.778 0.03 0.002
38.96 0.044 0
39.144 0.032 0.002
39.346 0.054 0
39.512 0.032 0
39.68 0.046 0
39.864 0.038 0
40.072 0.04 0
40.288 0.042 0
40.48 0.042 0.002
40.888 0.036 0.002
41.084 0.028 0
41.274 0.034 0
41.638 0.034 0
41.838 0.04 0
41.984 0.032 0
42.17 0.03 0
42.514 0.044 0
42.696 0.044 0
42.898 0.046 0
43.098 0.038 0
43.43 0.034 0
43.804 0.044 0
44 0.058 0
44.164 0.04 0
44.33 0.032 0
44.516 0.046 0
44.866 0.036 0.002
45.224 0.04 0
45.428 0.04 0
45.592 0.04 0
45.964 0.038 0
46.16 0.042 0.002
46.332 0.044 0
46.49 0.016 0
46.722 0.036 0
46.882 0.036 0
47.076 0.024 0
47.28 0.036 0
47.698 0.028 0
47.882 0.04 0
48.096 0.038 0
48.274 0.046 0.002
48.464 0.046 0
48.838 0.038 0.002
49.024 0.042 0
49.196 0.042 0
49.516 0.04 0
49.708 0.044 0
49.906 0.05 0.002
50.09 0.032 0
50.272 0.038 0
50.44 0.034 0.004
50.638 0.044 0
50.84 0.046 0.002
51.028 0.038 0
51.396 0.048 0
51.59 0.04 0
51.918 0.034 0
52.108 0.042 0
52.28 0.038 0
52.466 0.032 0
52.662 0.042 0
52.86 0.046 0
53.026 0.042 0
53.208 0.042 0
53.376 0.032 0
53.562 0.038 0
53.748 0.042 0
54.082 0.046 0
54.282 0.022 0
54.484 0.042 0.002
54.656 0.048 0
54.816 0.036 0.002
55.214 0.05 0
55.54 0.04 0
55.922 0.038 0
56.1 0.04 0.002
56.278 0.04 0
56.624 0.044 0
56.964 0.046 0
57.304 0.018 0
57.488 0.034 0.002
57.678 0.034 0
58.044 0.038 0
58.23 0.042 0
58.43 0.032 0.002
58.622 0.034 0
58.974 0.036 0
59.33 0.038 0
59.524 0.042 0.002
59.928 0.042 0
60.258 0.032 0
60.454 0.05 0
60.628 0.048 0
60.8 0.036 0
60.964 0.034 0
61.124 0.026 0
61.282 0.02 0
61.67 0.042 0
61.844 0.036 0
62.012 0.038 0.002
62.18 0.038 0
62.59 0.038 0
62.736 0.038 0
63.116 0.042 0
63.336 0.04 0
63.494 0.052 0
63.948 0.036 0.002
64.122 0.036 0
64.414 0.054 0
64.782 0.048 0
65.034 0.042 0
65.242 0.056 0
65.744 0.054 0
65.94 0.048 0
66.438 0.056 0
66.78 0.044 0.002
66.96 0.046 0.002
67.252 0.056 0
67.538 0.058 0.002
67.734 0.062 0
67.918 0.06 0.002
68.284 0.06 0
68.75 0.052 0
69.232 0.048 0
69.442 0.054 0
69.644 0.052 0.002
69.856 0.054 0
70.32 0.04 0
70.6 0.07 0.002
70.79 0.056 0
71.044 0.054 0.002
71.306 0.048 0
71.688 0.044 0.002
72 0.056 0
72.266 0.058 0.002
72.46 0.044 0
72.696 0.058 0
73.088 0.038 0
73.35 0.058 0
73.576 0.06 0
74.206 0.064 0.002
74.422 0.044 0
74.764 0.068 0
75.068 0.056 0.002
75.302 0.062 0
76.004 0.064 0.002
76.668 0.058 0.002
76.926 0.074 0
77.152 0.056 0.002
77.598 0.072 0
77.856 0.066 0
78.138 0.066 0.002
78.382 0.064 0.002
79.226 0.068 0.002
79.556 0.076 0
80.47 0.084 0
80.718 0.074 0
80.986 0.092 0
81.838 0.08 0
82.114 0.076 0.002
82.412 0.074 0
82.668 0.06 0
83.406 0.072 0.002
83.652 0.068 0
83.946 0.066 0
84.74 0.062 0
85.48 0.076 0.002
85.74 0.062 0
86.01 0.074 0
86.328 0.084 0
86.574 0.058 0.002
86.892 0.088 0.002
87.172 0.066 0.002
87.478 0.08 0.002
87.748 0.082 0
88.032 0.082 0.002
88.298 0.084 0
88.59 0.078 0.002
88.836 0.08 0
89.094 0.08 0
89.392 0.082 0.002
89.662 0.078 0
89.924 0.074 0.002
90.19 0.076 0.002
90.438 0.076 0
90.716 0.072 0.002
91.38 0.082 0
91.626 0.066 0
91.93 0.084 0.002
92.206 0.072 0.002
92.934 0.07 0
93.232 0.082 0
93.5 0.078 0
93.768 0.068 0.002
94.034 0.078 0.002
94.32 0.054 0
94.638 0.072 0.002
94.908 0.07 0.002
95.636 0.076 0.002
95.906 0.06 0
96.18 0.074 0
96.442 0.072 0.002
96.702 0.076 0.002
97.436 0.08 0
97.69 0.074 0.002
98.326 0.06 0.002
98.566 0.056 0
98.842 0.082 0.002
99.108 0.082 0
99.34 0.068 0.002
99.608 0.07 0
99.936 0.074 0.002
100.23 0.066 0
100.958 0.086 0
101.228 0.066 0
101.472 0.066 0.002
101.77 0.068 0.002
102.456 0.058 0
102.79 0.09 0
103.066 0.082 0
103.344 0.07 0.002
103.612 0.076 0.002
103.856 0.076 0
104.544 0.072 0.002
105.294 0.076 0.002
105.612 0.086 0
105.858 0.08 0.002
106.106 0.068 0
106.368 0.062 0.002
106.65 0.06 0.004
107.324 0.074 0
107.57 0.064 0
107.828 0.066 0.002
108.104 0.076 0
108.376 0.088 0
108.662 0.078 0
109.332 0.084 0
109.996 0.07 0.002
110.294 0.074 0
111.066 0.096 0.002
111.314 0.082 0.002
111.57 0.08 0.002
111.836 0.078 0.002
112.114 0.074 0
112.386 0.082 0
112.646 0.064 0
112.902 0.074 0
113.172 0.082 0
113.81 0.07 0
114.426 0.082 0
114.666 0.07 0.002
114.956 0.072 0
115.554 0.078 0
115.802 0.068 0.002
116.048 0.058 0
116.674 0.07 0
116.944 0.072 0
117.204 0.064 0.002
117.47 0.08 0.002
117.726 0.074 0
117.984 0.068 0.002
118.266 0.078 0
118.498 0.062 0
119.098 0.072 0.002
119.398 0.092 0.002
119.698 0.076 0
119.99 0.084 0.002
120.256 0.072 0
120.524 0.068 0
121.194 0.068 0.002
121.784 0.072 0
122.04 0.072 0
122.658 0.08 0
122.912 0.074 0.002
123.184 0.066 0
123.45 0.074 0.002
123.712 0.076 0.002
123.99 0.074 0.002
124.636 0.08 0
124.906 0.08 0
125.19 0.08 0
125.488 0.086 0.002
126.192 0.078 0.002
126.502 0.068 0
126.79 0.072 0.002
127.466 0.082 0.002
127.75 0.068 0
128.072 0.076 0.002
128.35 0.082 0
128.604 0.082 0.002
129.222 0.068 0
129.512 0.074 0.002
129.78 0.08 0
130.04 0.07 0.002
130.306 0.056 0
130.616 0.092 0
130.916 0.078 0
131.178 0.084 0
131.44 0.068 0
131.722 0.074 0.002
132 0.058 0.002
132.286 0.086 0
132.56 0.074 0
132.994 0.078 0.002
133.256 0.084 0
133.678 0.072 0
133.984 0.09 0.002
134.28 0.078 0
134.988 0.086 0.002
135.262 0.09 0.002
135.522 0.086 0
135.814 0.082 0
136.084 0.086 0.002
136.916 0.088 0.002
137.754 0.072 0
138.072 0.086 0
138.944 0.088 0.002
139.208 0.07 0.002
139.506 0.084 0
139.802 0.094 0
140.122 0.074 0.002
140.462 0.082 0
141.636 0.08 0.002
142.158 0.096 0.002
142.47 0.094 0
142.764 0.07 0
143.716 0.09 0
143.992 0.094 0
144.428 0.09 0
144.748 0.102 0
145.57 0.1 0
146.36 0.084 0
146.678 0.09 0.002
147.418 0.088 0
147.724 0.096 0
148.026 0.102 0.002
148.318 0.088 0.002
148.622 0.112 0
148.952 0.088 0.004
149.432 0.076 0.002
149.746 0.07 0
150.286 0.098 0
150.6 0.078 0.002
150.92 0.092 0
151.43 0.122 0
151.686 0.078 0
152.002 0.082 0
152.33 0.084 0.002
152.632 0.088 0.002
152.922 0.074 0
153.212 0.072 0.004
153.484 0.076 0
153.796 0.082 0.002
154.074 0.082 0
154.592 0.098 0.002
154.884 0.084 0
155.574 0.096 0.002
155.876 0.094 0.002
156.174 0.074 0
156.61 0.066 0
157.192 0.078 0.002
157.752 0.08 0.002
158.168 0.076 0.002
158.516 0.108 0
159.054 0.102 0.002
159.34 0.094 0.002
159.97 0.092 0.002
160.288 0.074 0
160.884 0.09 0.002
161.35 0.098 0
161.808 0.094 0
162.12 0.09 0.002
162.4 0.078 0.004
162.952 0.074 0
163.266 0.092 0.002
163.586 0.108 0
163.856 0.09 0.002
164.338 0.08 0
164.658 0.086 0
165.006 0.098 0
165.288 0.086 0
165.586 0.084 0.002
165.88 0.078 0
166.536 0.1 0
166.854 0.094 0.002
167.204 0.112 0.002
167.486 0.076 0.002
167.838 0.082 0.002
168.642 0.08 0
169 0.078 0
169.318 0.09 0.002
169.636 0.072 0.002
169.964 0.076 0.002
170.806 0.078 0
171.12 0.078 0.002
171.456 0.086 0.002
171.77 0.09 0
172.056 0.092 0
172.394 0.098 0
172.762 0.102 0.002
173.054 0.084 0.002
173.382 0.072 0
173.666 0.084 0
173.978 0.08 0
174.308 0.088 0
174.626 0.096 0.002
174.914 0.066 0.002
175.736 0.086 0.004
176.012 0.084 0.002
176.278 0.062 0
176.62 0.074 0.002
176.956 0.064 0.002
177.724 0.078 0.002
178.052 0.094 0.002
178.386 0.096 0.002
178.652 0.08 0.002
179.422 0.106 0
180.114 0.082 0
180.452 0.088 0
181.186 0.086 0.002
181.506 0.078 0
181.85 0.072 0.002
182.648 0.074 0.002
182.996 0.092 0.002
183.696 0.082 0
184.026 0.09 0
184.398 0.104 0.002
184.688 0.092 0.002
185.338 0.068 0
186.106 0.084 0
186.46 0.072 0.002
186.846 0.078 0.002
187.252 0.104 0
188.006 0.076 0
188.32 0.09 0
188.638 0.074 0.004
188.978 0.092 0.002
189.278 0.08 0
189.668 0.086 0
190.006 0.088 0.002
190.324 0.08 0.002
190.658 0.076 0
191.024 0.094 0
191.334 0.086 0.002
191.686 0.094 0
192.032 0.088 0.002
192.346 0.082 0
193.16 0.086 0
193.482 0.084 0
194.304 0.09 0.002
195.212 0.084 0
195.574 0.134 0
195.858 0.084 0
196.226 0.098 0.002
196.502 0.068 0
196.828 0.072 0
197.176 0.086 0
197.528 0.074 0
198.296 0.086 0.002
198.988 0.092 0
199.302 0.092 0.002
199.594 0.086 0
199.938 0.104 0
200.222 0.088 0
200.54 0.09 0.002
200.872 0.076 0.002
201.38 0.09 0.002
201.716 0.082 0.002
202.082 0.09 0.002
202.45 0.1 0
202.766 0.08 0
203.21 0.098 0
203.534 0.072 0
203.896 0.094 0.002
204.218 0.08 0.002
204.662 0.078 0
204.978 0.084 0.002
205.318 0.088 0.002
205.674 0.09 0
206.146 0.084 0.002
206.528 0.098 0
206.834 0.09 0
207.264 0.086 0
207.786 0.096 0
208.29 0.08 0
208.62 0.078 0
208.958 0.086 0
209.308 0.098 0
209.622 0.086 0
209.922 0.072 0.002
210.23 0.07 0.002
210.57 0.076 0
210.892 0.078 0.002
211.428 0.094 0.002
211.934 0.054 0
212.324 0.088 0.002
212.664 0.098 0.002
212.968 0.096 0
213.278 0.08 0.002
213.598 0.074 0
213.902 0.084 0.002
214.266 0.106 0
214.56 0.076 0
215.294 0.064 0
215.628 0.09 0.002
215.942 0.082 0.002
216.298 0.088 0
217.01 0.088 0
217.324 0.1 0
217.984 0.082 0
218.308 0.096 0.002
218.618 0.102 0
219.342 0.08 0.002
219.688 0.092 0.002
219.994 0.088 0.002
220.334 0.076 0
220.682 0.108 0.002
221.008 0.088 0.002
221.33 0.072 0.002
221.89 0.078 0
222.22 0.078 0
222.54 0.088 0
222.874 0.078 0
223.442 0.082 0.002
224.012 0.072 0
224.604 0.088 0.002
225.16 0.084 0.002
225.464 0.088 0
225.806 0.09 0
226.402 0.098 0
226.74 0.094 0.002
227.038 0.086 0
227.374 0.092 0
228.06 0.102 0
228.656 0.092 0.002
228.972 0.09 0
229.294 0.08 0.002
229.628 0.096 0
229.956 0.084 0.002
230.256 0.074 0
230.92 0.064 0.002
231.228 0.096 0.002
231.51 0.08 0
232.2 0.082 0.002
232.548 0.092 0.002
232.884 0.07 0
233.19 0.084 0
233.5 0.09 0
233.808 0.084 0.002
234.118 0.08 0
234.458 0.094 0
235.118 0.076 0
235.454 0.08 0
235.778 0.076 0
236.118 0.084 0.002
236.41 0.08 0
236.758 0.08 0.002
237.438 0.078 0
237.782 0.104 0
238.082 0.086 0.002
238.418 0.09 0.002
238.736 0.086 0
239.074 0.08 0.002
239.42 0.088 0.002
239.756 0.1 0
240.074 0.084 0
240.384 0.084 0
240.716 0.086 0.002
241.288 0.06 0.002
241.58 0.072 0
241.916 0.08 0.002
242.266 0.072 0
242.898 0.086 0
243.462 0.096 0.002
243.808 0.088 0
244.164 0.088 0.002
244.484 0.08 0.002
244.806 0.076 0.002
245.116 0.074 0
245.408 0.068 0
245.956 0.082 0
246.278 0.09 0
246.604 0.066 0
247.248 0.048 0
247.586 0.09 0
248 0.102 0
248.376 0.088 0
248.858 0.088 0
249.15 0.068 0
249.488 0.082 0
249.84 0.078 0.002
250.362 0.076 0
250.724 0.076 0.002
251.068 0.1 0.002
251.55 0.098 0
251.86 0.066 0
252.366 0.084 0
252.836 0.102 0
253.184 0.088 0
253.514 0.092 0
253.978 0.082 0
254.356 0.096 0.002
254.826 0.08 0
255.334 0.086 0.002
255.68 0.094 0
256.222 0.102 0
256.738 0.094 0.002
257.054 0.092 0
257.38 0.082 0
257.788 0.098 0
258.298 0.094 0
258.634 0.092 0.002
259.294 0.082 0.002
259.688 0.104 0
260.036 0.094 0
260.59 0.082 0.002
260.918 0.064 0.002
261.264 0.094 0
261.586 0.08 0.002
262.046 0.098 0
262.548 0.11 0.002
262.898 0.086 0
263.282 0.072 0
263.66 0.082 0
264.198 0.096 0.006
264.57 0.106 0
265.024 0.082 0
265.424 0.106 0.008
265.738 0.102 0
266.118 0.094 0
266.468 0.096 0.002
267.026 0.096 0
267.39 0.096 0
267.756 0.084 0.002
268.142 0.106 0
268.796 0.082 0.002
269.196 0.1 0
269.818 0.066 0
270.192 0.096 0.002
270.572 0.11 0
270.918 0.074 0
271.336 0.092 0
272.02 0.104 0
272.382 0.094 0
272.728 0.094 0.002
273.08 0.096 0.002
273.414 0.088 0.002
274.13 0.086 0.002
274.504 0.078 0.002
275.144 0.098 0
275.51 0.102 0
275.864 0.102 0
276.232 0.094 0
276.942 0.082 0.002
277.326 0.09 0
277.69 0.088 0.002
278.068 0.08 0
278.422 0.05 0
279.244 0.09 0
279.646 0.084 0
280.018 0.074 0.002
280.788 0.11 0
281.128 0.098 0
281.466 0.092 0.002
281.8 0.078 0
282.224 0.104 0
282.582 0.084 0
282.962 0.09 0.002
283.32 0.078 0
283.68 0.084 0
284.024 0.086 0.002
284.436 0.084 0.002
284.794 0.078 0
285.55 0.098 0
285.92 0.084 0
286.256 0.086 0
286.632 0.094 0
286.986 0.096 0.002
287.352 0.102 0
288.068 0.09 0
288.402 0.084 0
288.76 0.092 0.002
289.396 0.086 0
289.778 0.072 0.002
290.292 0.088 0
290.628 0.098 0.002
291.276 0.074 0
291.67 0.088 0
292.382 0.088 0
292.794 0.102 0
293.13 0.102 0.002
293.8 0.106 0
294.31 0.09 0
295.034 0.096 0
295.378 0.07 0
295.804 0.09 0
296.156 0.078 0.002
296.506 0.088 0
297.286 0.092 0
298.1 0.098 0
298.904 0.1 0
299.268 0.092 0.002
299.602 0.084 0.002
299.972 0.106 0
300.318 0.104 0
300.662 0.072 0
301.268 0.094 0.002
301.6 0.088 0
302.422 0.08 0
302.804 0.098 0.002
303.204 0.098 0
304.056 0.102 0
304.372 0.09 0.002
304.76 0.076 0.002
305.128 0.092 0
306.002 0.08 0
306.446 0.114 0
306.768 0.08 0
307.168 0.108 0
307.872 0.102 0
308.384 0.08 0
308.744 0.092 0
309.282 0.082 0.002
309.88 0.102 0
310.302 0.104 0.002
310.658 0.072 0.002
311.06 0.092 0
311.408 0.09 0.002
311.788 0.084 0
312.184 0.106 0
312.594 0.09 0.002
313.51 0.096 0
313.856 0.068 0
314.818 0.108 0.002
315.728 0.088 0.002
316.1 0.092 0
317.05 0.062 0.002
318.164 0.064 0
319.15 0.082 0
319.548 0.084 0
320.532 0.088 0
321.526 0.07 0
321.93 0.09 0
322.366 0.1 0
323.016 0.09 0
323.656 0.084 0
324.166 0.106 0
324.57 0.092 0
325.146 0.076 0
325.536 0.07 0
325.946 0.08 0.002
326.422 0.11 0.002
326.842 0.092 0
327.352 0.108 0
327.912 0.084 0.002
328.322 0.09 0.002
328.724 0.096 0
329.156 0.08 0.008
329.54 0.09 0.002
330.054 0.112 0
330.444 0.102 0
331.002 0.106 0.002
331.594 0.108 0
332.002 0.106 0
332.396 0.086 0.002
332.79 0.094 0
333.23 0.09 0
333.67 0.092 0.004
334.05 0.092 0
334.49 0.096 0.002
335.05 0.098 0
335.536 0.08 0.002
336.012 0.104 0
336.484 0.092 0
336.934 0.1 0.002
337.576 0.11 0
338.03 0.102 0
338.654 0.09 0
339.228 0.1 0
339.85 0.098 0.002
340.256 0.102 0.002
340.726 0.082 0.002
341.208 0.096 0.002
342.12 0.106 0
342.542 0.104 0.002
343.054 0.098 0.002
343.556 0.114 0.002
343.958 0.076 0.002
344.448 0.108 0
344.902 0.11 0
345.374 0.086 0
345.844 0.088 0.002
346.436 0.074 0
346.9 0.084 0.002
347.362 0.092 0
347.874 0.094 0.002
349.294 0.1 0.002
349.734 0.114 0.004
350.13 0.106 0.002
350.536 0.084 0
350.984 0.112 0
352.308 0.11 0
352.726 0.07 0.002
353.272 0.122 0.002
353.75 0.128 0.002
355.038 0.114 0
355.572 0.112 0.002
356.082 0.094 0
357.5 0.106 0
358.1 0.094 0.002
358.678 0.11 0.002
359.25 0.136 0
359.78 0.108 0
360.266 0.09 0.002
360.82 0.092 0.002
361.374 0.104 0
361.964 0.098 0.002
362.428 0.102 0
363.002 0.12 0
363.532 0.1 0
364.076 0.128 0.002
364.634 0.106 0.004
365.166 0.122 0
366.586 0.102 0.002
367.172 0.134 0.002
367.612 0.108 0.002
368.148 0.114 0
368.652 0.126 0
369.24 0.072 0.002
370.858 0.106 0
371.416 0.124 0
371.93 0.128 0
372.54 0.152 0
373.112 0.114 0
373.69 0.112 0
374.362 0.124 0.002
374.994 0.144 0
375.664 0.168 0.002
377.166 0.164 0
377.68 0.126 0.002
378.344 0.128 0.002
378.964 0.128 0
380.602 0.15 0
381.308 0.13 0.002
381.928 0.13 0.002
382.58 0.16 0
383.384 0.13 0
384.08 0.148 0
384.768 0.142 0.002
386.294 0.136 0.002
386.942 0.164 0
387.764 0.166 0.002
388.608 0.148 0.002
389.364 0.138 0
390.102 0.164 0
391.726 0.176 0
392.45 0.116 0
393.92 0.148 0
394.792 0.168 0.002
395.568 0.172 0
397.054 0.184 0
397.878 0.14 0.002
398.676 0.164 0
400.278 0.192 0
400.954 0.152 0.002
401.934 0.226 0
402.648 0.176 0.002
403.494 0.17 0.002
404.254 0.176 0
404.976 0.182 0
406.476 0.154 0
407.256 0.078 0
408.058 0.162 0
408.736 0.148 0
409.498 0.186 0.002
410.276 0.184 0.002
411.946 0.114 0
412.686 0.182 0
413.432 0.174 0
414.42 0.42 0
415.062 0.178 0
415.956 0.216 0
416.802 0.16 0
417.584 0.18 0
418.304 0.162 0
419.002 0.144 0.002
419.864 0.154 0.002
420.668 0.182 0
421.53 0.188 0
422.252 0.186 0
422.932 0.15 0
423.782 0.176 0.002
424.66 0.17 0.004
425.488 0.18 0
426.438 0.21 0
427.18 0.22 0
427.808 0.164 0.002
429.366 0.206 0.002
430.926 0.174 0
431.896 0.206 0
432.626 0.168 0
434.354 0.198 0
435.142 0.16 0
435.88 0.158 0
437.446 0.204 0.002
438.36 0.162 0
439.196 0.166 0
440.06 0.198 0
441.67 0.182 0
442.264 0.01 0
