74.056 0.038 0
74.412 0.076 0
75.096 0.076 0
75.774 0.066 0.002
76.074 0.076 0
76.478 0.08 0
77.112 0.054 0
77.62 0.084 0.002
78.338 0.076 0
78.692 0.074 0
79.094 0.092 0
79.784 0.08 0
80.266 0.07 0.002
80.754 0.08 0
81.408 0.076 0.002
81.782 0.082 0
82.134 0.08 0
82.496 0.086 0
82.964 0.084 0.002
83.518 0.076 0
83.954 0.09 0
84.342 0.08 0.002
84.724 0.084 0
85.282 0.096 0
86.03 0.102 0
86.488 0.102 0
86.85 0.068 0.002
87.352 0.1 0
87.732 0.078 0
88.446 0.098 0
89.056 0.08 0.002
89.5 0.084 0.002
90.008 0.106 0
90.47 0.106 0
90.934 0.08 0
91.444 0.094 0
92.278 0.1 0.002
92.702 0.094 0
93.182 0.078 0
93.636 0.098 0
94.306 0.104 0
94.776 0.094 0.002
95.232 0.098 0
96.294 0.102 0
96.756 0.084 0
97.216 0.098 0
97.718 0.096 0
98.176 0.1 0.002
99.22 0.096 0
99.674 0.1 0
100.164 0.094 0
100.632 0.094 0
101.126 0.106 0
101.596 0.1 0.002
102.072 0.1 0
103.076 0.084 0
103.534 0.072 0
104.012 0.082 0
104.468 0.084 0.002
104.924 0.104 0.002
105.332 0.082 0
105.794 0.1 0
106.232 0.092 0.002
106.66 0.096 0
107.108 0.114 0
107.58 0.112 0
108.006 0.1 0.002
108.964 0.092 0
109.402 0.082 0.002
109.856 0.082 0.002
110.254 0.078 0
110.752 0.098 0
111.676 0.098 0
112.152 0.096 0
112.6 0.068 0
113.136 0.126 0
113.57 0.076 0
113.974 0.07 0
114.426 0.1 0.002
115.266 0.096 0
115.782 0.092 0
116.656 0.088 0.002
117.146 0.096 0.002
117.592 0.086 0
118.074 0.102 0
118.534 0.102 0.006
118.958 0.098 0
119.396 0.08 0
119.872 0.09 0
120.348 0.1 0
120.852 0.126 0
121.31 0.094 0
121.768 0.074 0
122.22 0.09 0.002
122.638 0.082 0
123.112 0.082 0.002
123.598 0.074 0
124.49 0.116 0
125.392 0.096 0
125.892 0.108 0.002
126.698 0.076 0
127.206 0.11 0
127.638 0.096 0
128.11 0.084 0.002
128.624 0.09 0
129.066 0.116 0
129.508 0.106 0
129.97 0.08 0.002
130.434 0.106 0
130.876 0.114 0
131.36 0.132 0
131.838 0.124 0
132.276 0.106 0
132.746 0.124 0.002
133.138 0.104 0
133.662 0.126 0
134.11 0.09 0
135.002 0.106 0.002
135.454 0.11 0
135.87 0.092 0
136.394 0.098 0.002
136.986 0.11 0.002
137.48 0.1 0
138.148 0.132 0
138.584 0.096 0
139.262 0.102 0
139.778 0.104 0
140.696 0.102 0
141.17 0.108 0
141.6 0.108 0
142.032 0.1 0.002
142.488 0.12 0
143.604 0.126 0
144.05 0.106 0
144.516 0.11 0
145.002 0.12 0
146.17 0.106 0.002
146.686 0.124 0
147.144 0.112 0.002
148.254 0.126 0
148.68 0.098 0.002
149.22 0.118 0
149.768 0.114 0
150.808 0.112 0.002
151.322 0.114 0.002
151.82 0.102 0.002
152.276 0.102 0.002
152.73 0.082 0
153.632 0.096 0.002
154.1 0.108 0.002
154.548 0.102 0.002
155.532 0.11 0
156.246 0.1 0
156.942 0.106 0.002
157.59 0.11 0
158.388 0.128 0
159.236 0.114 0.002
159.758 0.132 0.002
160.24 0.106 0
160.732 0.112 0.002
161.244 0.106 0
161.716 0.104 0
162.188 0.102 0.002
162.878 0.114 0
163.366 0.106 0
164.01 0.096 0
164.516 0.094 0
165.382 0.106 0
165.89 0.102 0
166.392 0.112 0.002
166.92 0.116 0
167.392 0.094 0.004
167.958 0.112 0
168.436 0.088 0
168.938 0.09 0.002
169.422 0.098 0.002
169.946 0.114 0.002
170.932 0.098 0
171.428 0.096 0
171.928 0.102 0
173.072 0.092 0.02
174.074 0.12 0
175.052 0.11 0
175.58 0.122 0
176.08 0.104 0
176.566 0.092 0.002
177.08 0.114 0.002
177.536 0.092 0.002
178.518 0.104 0.002
179.622 0.11 0.002
180.16 0.098 0.002
180.682 0.092 0
181.242 0.11 0.002
181.724 0.116 0.002
182.236 0.09 0.002
182.76 0.102 0
183.682 0.124 0
184.134 0.086 0
184.636 0.102 0.002
185.102 0.092 0
185.608 0.088 0.002
186.148 0.092 0
186.654 0.108 0.002
187.598 0.096 0
188.126 0.106 0
188.56 0.088 0
189.136 0.128 0.004
189.634 0.088 0
190.674 0.166 0.002
191.212 0.104 0.002
191.778 0.094 0.002
192.336 0.116 0
192.896 0.114 0
193.462 0.09 0.002
194.014 0.09 0
194.524 0.088 0
195.338 0.112 0.002
195.826 0.106 0.002
196.352 0.112 0
197.122 0.088 0.002
197.664 0.11 0
198.194 0.09 0.002
198.934 0.112 0.002
199.422 0.112 0
200.062 0.12 0
200.678 0.102 0
201.168 0.11 0.002
201.608 0.082 0
202.14 0.096 0
202.67 0.112 0
203.374 0.116 0.002
203.85 0.106 0.002
204.396 0.102 0
204.896 0.09 0
205.382 0.112 0
205.906 0.102 0
206.398 0.092 0
207.008 0.108 0
207.466 0.106 0
207.976 0.102 0
208.54 0.108 0.002
209.026 0.096 0
209.554 0.106 0.002
210.414 0.094 0
211.252 0.11 0
211.752 0.112 0.002
212.262 0.084 0.002
212.714 0.082 0
213.216 0.108 0.002
214.178 0.09 0
214.658 0.092 0.002
215.2 0.11 0
215.686 0.1 0.002
216.224 0.102 0.002
216.726 0.078 0
217.252 0.112 0.002
217.71 0.08 0.002
218.614 0.102 0
219.118 0.092 0
220.004 0.066 0.002
220.482 0.104 0
221.02 0.106 0.002
221.524 0.092 0
222.062 0.094 0
222.612 0.108 0
223.098 0.09 0.002
223.606 0.116 0.002
224.078 0.1 0
224.604 0.092 0.002
225.116 0.098 0.002
225.612 0.096 0
226.186 0.112 0.002
226.706 0.1 0
227.238 0.104 0
227.73 0.078 0
228.37 0.084 0.004
229.016 0.112 0.002
229.728 0.118 0
230.368 0.088 0
231.174 0.1 0
231.686 0.092 0
232.216 0.108 0.002
232.734 0.124 0
233.212 0.092 0.002
233.728 0.102 0.002
234.268 0.096 0
234.908 0.096 0
235.51 0.11 0
236.21 0.128 0.002
236.744 0.094 0
237.478 0.13 0
238.008 0.094 0.002
238.556 0.106 0
239.254 0.106 0
239.816 0.104 0.002
240.398 0.134 0
240.904 0.096 0.004
241.42 0.096 0.004
242.086 0.128 0.002
242.566 0.102 0
243.118 0.122 0
243.624 0.09 0.002
244.166 0.106 0
244.728 0.134 0.002
245.274 0.122 0
245.836 0.084 0.002
246.436 0.112 0.002
246.992 0.118 0
247.51 0.108 0
248.312 0.128 0.002
249.05 0.116 0.002
249.74 0.128 0
250.376 0.09 0.002
251 0.126 0.002
251.586 0.126 0.002
252.114 0.13 0.002
252.652 0.132 0.002
253.162 0.132 0.002
253.722 0.102 0
254.35 0.124 0.002
254.822 0.106 0.002
255.52 0.156 0
256.026 0.132 0
256.722 0.116 0
257.268 0.134 0
257.93 0.11 0
258.476 0.108 0
258.99 0.11 0
259.582 0.14 0
260.09 0.092 0.002
260.71 0.128 0.002
261.39 0.128 0.006
261.864 0.092 0
262.56 0.108 0
263.102 0.098 0.002
263.812 0.12 0
264.336 0.086 0
264.886 0.144 0
265.38 0.104 0.002
265.932 0.112 0.002
266.492 0.116 0.004
267.022 0.076 0
267.706 0.1 0
268.368 0.126 0
268.886 0.1 0
269.532 0.152 0
270.178 0.14 0.002
270.862 0.124 0
271.662 0.124 0.002
272.19 0.134 0
272.966 0.126 0.002
273.524 0.118 0
274.302 0.15 0
274.868 0.104 0.002
275.668 0.168 0
276.732 0.106 0
277.37 0.104 0.002
278.018 0.142 0.002
278.556 0.13 0.002
279.094 0.148 0.002
280.082 0.12 0.002
280.578 0.122 0
281.358 0.11 0.002
281.992 0.142 0.004
282.558 0.108 0
283.132 0.112 0
283.718 0.142 0.002
284.764 0.1 0
285.308 0.114 0
285.948 0.134 0.002
286.464 0.112 0
287.582 0.144 0.002
288.628 0.116 0.002
289.166 0.112 0.002
290.312 0.1 0.002
291.022 0.1 0
291.792 0.122 0.002
292.96 0.126 0
293.538 0.126 0
294.048 0.11 0
294.624 0.112 0
295.174 0.128 0.002
295.856 0.148 0.002
296.546 0.156 0.002
297.134 0.138 0
297.716 0.116 0.002
298.338 0.11 0.002
299.388 0.122 0
299.964 0.152 0.002
300.508 0.086 0
300.984 0.12 0
301.652 0.146 0.002
302.218 0.108 0
302.774 0.116 0.002
303.372 0.128 0.002
303.94 0.138 0
304.568 0.112 0.002
305.244 0.114 0
305.918 0.114 0
306.572 0.144 0.002
307.152 0.136 0.002
307.762 0.136 0
308.374 0.126 0
308.954 0.114 0.002
309.646 0.17 0.002
310.244 0.136 0.002
310.918 0.13 0
311.3 0.046 0.002
311.958 0.13 0.002
312.548 0.114 0
313.108 0.114 0.002
313.77 0.11 0
314.462 0.124 0.002
315.136 0.104 0
315.822 0.116 0
316.556 0.13 0
317.178 0.116 0
317.766 0.122 0
318.464 0.14 0.002
319.962 0.116 0
321.526 0.112 0
322.152 0.136 0
322.83 0.138 0
323.496 0.116 0.002
324.144 0.158 0
325.598 0.138 0
327.166 0.114 0.002
328.712 0.128 0.002
329.458 0.126 0
330.186 0.132 0
331.924 0.18 0.002
332.5 0.11 0
334.08 0.132 0.002
334.81 0.162 0
336.504 0.154 0
337.344 0.15 0
339.056 0.126 0
339.776 0.15 0.002
341.278 0.13 0
342.798 0.132 0.002
343.574 0.132 0.002
344.37 0.146 0
345.16 0.174 0.002
346.05 0.158 0
346.896 0.148 0.002
347.178 0.142 0.002
348.076 0.166 0
348.866 0.134 0
349.902 0.16 0
350.854 0.138 0
351.764 0.128 0
352.808 0.15 0.002
353.63 0.154 0.002
354.446 0.178 0
355.33 0.132 0
356.026 0.118 0.002
357.01 0.19 0
357.79 0.15 0
358.756 0.142 0
359.858 0.218 0.002
360.536 0.172 0
361.614 0.172 0
362.628 0.188 0
