7.89 0.044 0
8.082 0.044 0
8.696 0.034 0
9.328 0.038 0
9.588 0.038 0
9.804 0.04 0
10.02 0.05 0
10.252 0.042 0.002
10.504 0.046 0
10.754 0.05 0
10.952 0.034 0
11.59 0.048 0
11.854 0.038 0
12.446 0.044 0
12.64 0.044 0
12.858 0.038 0
13.118 0.03 0.002
13.31 0.042 0
13.51 0.048 0
14.13 0.038 0
14.314 0.048 0
14.5 0.052 0.002
14.718 0.062 0
15.284 0.044 0
15.556 0.054 0
15.744 0.054 0
15.922 0.046 0
16.112 0.04 0
16.31 0.05 0
16.458 0.032 0
16.648 0.054 0
17.27 0.046 0
17.862 0.042 0
18.124 0.042 0.004
18.314 0.05 0
18.488 0.028 0
18.664 0.048 0
19.268 0.044 0
19.444 0.04 0
19.642 0.054 0
19.8 0.036 0
19.98 0.038 0
20.63 0.048 0
20.812 0.046 0
21.072 0.042 0
21.66 0.038 0
21.856 0.036 0
22.048 0.042 0.002
22.594 0.038 0
22.784 0.048 0
22.95 0.036 0
23.172 0.038 0.002
23.37 0.042 0
23.648 0.034 0
24.268 0.04 0
24.486 0.042 0
24.674 0.036 0
25.272 0.034 0
25.834 0.048 0
26.434 0.042 0
26.694 0.038 0
26.906 0.04 0
27.172 0.044 0
27.79 0.044 0
27.964 0.04 0
28.138 0.038 0
28.32 0.044 0
28.514 0.052 0
28.748 0.046 0.002
29.316 0.048 0
29.638 0.038 0
29.82 0.03 0
29.998 0.042 0
30.606 0.034 0
30.796 0.044 0
31.038 0.04 0
31.636 0.04 0
31.908 0.05 0
32.138 0.048 0
32.356 0.058 0
32.57 0.042 0
32.884 0.046 0
33.084 0.036 0.002
33.308 0.048 0
33.902 0.052 0
34.484 0.05 0
35.07 0.04 0
35.268 0.036 0
35.452 0.034 0.002
35.662 0.036 0
36.284 0.05 0
36.952 0.04 0
37.616 0.052 0
37.818 0.054 0
38.436 0.048 0
38.634 0.046 0
39.292 0.05 0.002
39.572 0.05 0
39.78 0.044 0.002
39.968 0.044 0
40.16 0.044 0.002
40.376 0.038 0
41.048 0.042 0
41.228 0.034 0
41.418 0.028 0
42 0.038 0
42.216 0.036 0.002
42.96 0.04 0.002
43.252 0.05 0
43.808 0.036 0
44 0.038 0
44.206 0.044 0.002
44.384 0.042 0
44.968 0.044 0
45.552 0.026 0
45.742 0.036 0
45.946 0.05 0
46.154 0.046 0
46.356 0.046 0
46.572 0.036 0
46.76 0.034 0
47 0.046 0
47.64 0.038 0
48.298 0.036 0
48.5 0.034 0
48.71 0.042 0
49.296 0.046 0
49.51 0.05 0
49.718 0.044 0
49.936 0.05 0
50.146 0.048 0
50.41 0.038 0
50.622 0.046 0
50.812 0.05 0
50.986 0.038 0
51.244 0.036 0
51.442 0.034 0.002
51.666 0.05 0
52.276 0.038 0
52.874 0.048 0
53.152 0.046 0
53.352 0.048 0
53.552 0.044 0
54.18 0.046 0
54.786 0.046 0
55.014 0.05 0
55.214 0.036 0
55.872 0.036 0
56.084 0.046 0
56.3 0.048 0
56.49 0.048 0
56.69 0.038 0.002
57.33 0.052 0
57.506 0.048 0
58.146 0.036 0
58.362 0.038 0
58.6 0.042 0
58.788 0.036 0
59.4 0.032 0
59.748 0.044 0
59.982 0.05 0
60.176 0.044 0
60.388 0.048 0
60.982 0.038 0
61.182 0.046 0
61.816 0.048 0
62.05 0.048 0
62.244 0.042 0
62.468 0.05 0
62.67 0.032 0
62.898 0.054 0
63.096 0.05 0
63.296 0.048 0
63.496 0.048 0.002
63.676 0.032 0
64.302 0.046 0.002
64.52 0.05 0
64.806 0.044 0
65.024 0.052 0
65.242 0.052 0
65.868 0.04 0
66.076 0.052 0
66.678 0.05 0
66.906 0.046 0.002
67.11 0.044 0
67.318 0.052 0
67.948 0.046 0
68.202 0.054 0
68.758 0.046 0
69.388 0.054 0
69.586 0.048 0
70.18 0.038 0
70.832 0.044 0
71.022 0.038 0
71.28 0.04 0
71.474 0.034 0.002
71.65 0.036 0
71.856 0.052 0
72.03 0.034 0
72.214 0.032 0
72.548 0.05 0
72.726 0.044 0
72.938 0.048 0
73.134 0.05 0
73.658 0.044 0
74.022 0.042 0
74.206 0.05 0
74.584 0.042 0
74.752 0.038 0
74.94 0.044 0
75.108 0.046 0
75.278 0.04 0
75.48 0.044 0
75.836 0.042 0
76.174 0.052 0
76.548 0.04 0
76.924 0.046 0.002
77.27 0.038 0
77.48 0.046 0
77.678 0.06 0
77.856 0.048 0
78.182 0.04 0
78.522 0.05 0
78.698 0.046 0
78.892 0.032 0
79.28 0.05 0.002
79.632 0.052 0
79.836 0.05 0
80.172 0.034 0
80.396 0.048 0.002
80.594 0.048 0
80.782 0.038 0
80.996 0.042 0
81.212 0.044 0
81.4 0.038 0
81.57 0.03 0
81.766 0.054 0
82.156 0.064 0
82.32 0.042 0
82.524 0.04 0
82.726 0.058 0
82.908 0.044 0
83.09 0.052 0
83.414 0.06 0
83.594 0.054 0
83.914 0.038 0
84.094 0.046 0
84.46 0.054 0
84.64 0.054 0
84.832 0.046 0
85.256 0.052 0
85.622 0.034 0
86.016 0.052 0.002
86.202 0.034 0
86.584 0.054 0
86.762 0.042 0
87.128 0.046 0
87.3 0.04 0.002
87.674 0.048 0
87.86 0.046 0.002
88.012 0.028 0
88.244 0.05 0
88.448 0.042 0.002
88.666 0.046 0.002
88.856 0.042 0.002
89.05 0.048 0
89.244 0.05 0
89.432 0.046 0
89.632 0.054 0
89.8 0.036 0.004
89.994 0.042 0
90.206 0.06 0
90.414 0.05 0.002
90.616 0.042 0
90.826 0.048 0
90.996 0.036 0
91.204 0.052 0
91.354 0.036 0
91.532 0.046 0
91.724 0.064 0
92.098 0.046 0
92.278 0.044 0
92.476 0.042 0
92.808 0.048 0
92.978 0.034 0
93.162 0.05 0.002
93.35 0.052 0
93.71 0.044 0.002
94.084 0.042 0
94.244 0.05 0
94.426 0.042 0
94.608 0.048 0
94.954 0.046 0
95.134 0.038 0
95.338 0.042 0
95.532 0.042 0
95.708 0.046 0
95.884 0.05 0
96.058 0.046 0
96.416 0.04 0
96.614 0.046 0
97.008 0.05 0
97.208 0.046 0
97.42 0.048 0
97.638 0.054 0
97.968 0.056 0
98.14 0.04 0
98.506 0.05 0.002
98.902 0.052 0
99.074 0.042 0
99.246 0.034 0.002
99.45 0.056 0
99.624 0.04 0
99.81 0.05 0
100.18 0.042 0
100.53 0.048 0.002
100.722 0.044 0.002
100.908 0.04 0
101.078 0.04 0
101.442 0.05 0
101.618 0.036 0
102.004 0.04 0
102.38 0.044 0
102.802 0.042 0
103.23 0.056 0
103.402 0.046 0.002
103.602 0.052 0
103.986 0.054 0
104.328 0.044 0
104.524 0.038 0.002
104.704 0.044 0
104.888 0.032 0.002
105.294 0.052 0
105.486 0.052 0.002
105.658 0.042 0
105.85 0.06 0
106.18 0.054 0
106.6 0.044 0
106.942 0.03 0.002
107.296 0.05 0
107.492 0.048 0
107.896 0.05 0
108.22 0.03 0.002
108.434 0.046 0
108.612 0.028 0
108.812 0.05 0
109.012 0.052 0
109.226 0.04 0
109.44 0.05 0
109.63 0.044 0
109.808 0.04 0
110.164 0.042 0
110.35 0.044 0
110.572 0.054 0
110.748 0.01 0.002
110.948 0.036 0.002
111.128 0.036 0.002
111.508 0.034 0.002
111.7 0.046 0
111.902 0.052 0
112.082 0.05 0
112.266 0.054 0
112.42 0.032 0
112.8 0.05 0
113.126 0.032 0
113.334 0.054 0
113.656 0.034 0
114.02 0.038 0
114.246 0.052 0
114.44 0.04 0
114.86 0.044 0
115.052 0.042 0
115.256 0.05 0.002
115.624 0.038 0
115.832 0.04 0
116.058 0.044 0
116.264 0.044 0.002
116.456 0.042 0
116.834 0.048 0
117.02 0.044 0
117.232 0.046 0
117.686 0.052 0
117.884 0.046 0
118.088 0.056 0
118.278 0.048 0
118.488 0.064 0
118.668 0.052 0
118.854 0.054 0
119.034 0.046 0
119.218 0.054 0.002
119.412 0.05 0
119.598 0.036 0.002
119.958 0.054 0
120.13 0.03 0
120.35 0.054 0
120.69 0.042 0
121.008 0.03 0
121.204 0.058 0
121.384 0.05 0
121.746 0.044 0
121.95 0.044 0.002
122.294 0.052 0
122.492 0.034 0
122.694 0.05 0
122.9 0.04 0
123.122 0.056 0
123.312 0.05 0
123.516 0.042 0
123.708 0.038 0.002
123.908 0.052 0
124.236 0.044 0.002
124.454 0.046 0
124.788 0.04 0
125.126 0.042 0.002
125.308 0.034 0
125.508 0.052 0
125.716 0.048 0
126.128 0.04 0
126.492 0.042 0
126.692 0.038 0
127.05 0.034 0
127.424 0.044 0.002
127.62 0.048 0
127.822 0.052 0.002
127.982 0.026 0
128.204 0.042 0
128.406 0.048 0
128.788 0.052 0
128.954 0.026 0.002
129.31 0.044 0.002
129.504 0.046 0
129.718 0.044 0
130.05 0.034 0
130.458 0.046 0
130.648 0.046 0
130.856 0.048 0
131.044 0.04 0
131.228 0.042 0.002
131.404 0.042 0
131.588 0.032 0
131.982 0.048 0
132.16 0.046 0.002
132.334 0.054 0
132.686 0.048 0.002
132.852 0.028 0.002
133.084 0.056 0
133.494 0.05 0
133.686 0.05 0
133.87 0.052 0
134.056 0.052 0
134.222 0.042 0.002
134.402 0.048 0
134.612 0.048 0
134.804 0.046 0
134.97 0.04 0
135.144 0.04 0
135.336 0.046 0
135.55 0.06 0
135.922 0.044 0
136.112 0.044 0
136.346 0.042 0
136.552 0.05 0
136.752 0.048 0
136.934 0.04 0
137.35 0.054 0
137.534 0.046 0
137.9 0.044 0
138.104 0.048 0
138.27 0.048 0
138.444 0.04 0
138.792 0.046 0
139.206 0.05 0
139.416 0.046 0
139.836 0.046 0
140.016 0.05 0
140.19 0.048 0
140.354 0.04 0
140.526 0.042 0
140.702 0.038 0.002
140.896 0.052 0
141.09 0.042 0
141.48 0.04 0.004
141.646 0.04 0
141.85 0.06 0
142.016 0.04 0
142.228 0.056 0
142.418 0.058 0
142.602 0.056 0
142.762 0.044 0
142.942 0.04 0
143.112 0.036 0
143.306 0.036 0
143.504 0.05 0.002
143.698 0.05 0
144.082 0.052 0
144.418 0.036 0.002
144.826 0.038 0
145.014 0.04 0
145.202 0.04 0
145.594 0.048 0.002
145.774 0.05 0
145.954 0.052 0
146.136 0.04 0
146.304 0.04 0
146.524 0.048 0
146.7 0.052 0
147.056 0.05 0.002
147.226 0.03 0
147.434 0.052 0
147.616 0.048 0
147.814 0.046 0.002
147.99 0.048 0
148.134 0.026 0
148.502 0.052 0
148.84 0.044 0
149.01 0.032 0
149.214 0.036 0
149.396 0.048 0
149.74 0.042 0
149.93 0.04 0
150.128 0.05 0.002
150.34 0.052 0
150.68 0.056 0.002
150.846 0.046 0.002
151.032 0.046 0
151.208 0.052 0
151.382 0.042 0
151.584 0.052 0
151.768 0.048 0.002
151.962 0.052 0
152.394 0.042 0
152.598 0.05 0
152.77 0.052 0
153.148 0.05 0.002
153.314 0.044 0
153.508 0.052 0
153.822 0.044 0
154.002 0.05 0
154.184 0.048 0.002
154.53 0.05 0
154.948 0.048 0
155.114 0.052 0
155.516 0.04 0
155.852 0.052 0
156.018 0.05 0
156.398 0.05 0.002
156.58 0.05 0
156.954 0.05 0
157.162 0.042 0
157.33 0.04 0
157.518 0.05 0
157.706 0.034 0
157.936 0.054 0
158.146 0.048 0
158.534 0.036 0
158.716 0.054 0
158.912 0.052 0
159.09 0.056 0.002
159.266 0.038 0
159.442 0.044 0
159.652 0.052 0.002
159.848 0.042 0
160.03 0.05 0
160.208 0.04 0
160.404 0.04 0
160.584 0.032 0.002
160.78 0.046 0
160.97 0.05 0
161.326 0.04 0
161.504 0.04 0
161.684 0.042 0
161.89 0.042 0
162.084 0.046 0
162.254 0.046 0
162.436 0.048 0
162.786 0.036 0
162.984 0.05 0.002
163.34 0.044 0.002
163.518 0.044 0
163.866 0.048 0
164.052 0.038 0
164.256 0.038 0
164.692 0.05 0.002
165.098 0.046 0
165.288 0.046 0.002
165.472 0.052 0
165.662 0.044 0
165.872 0.044 0
166.07 0.054 0.002
166.258 0.036 0
166.446 0.048 0
166.634 0.04 0
167 0.04 0
167.158 0.034 0
167.33 0.042 0
167.594 0.05 0
167.8 0.038 0
168.104 0.07 0
168.46 0.064 0.002
168.984 0.062 0
169.17 0.054 0
169.694 0.054 0
169.914 0.064 0
170.186 0.058 0.002
170.662 0.054 0.002
171.144 0.07 0
171.374 0.058 0.002
171.836 0.048 0.002
172.102 0.06 0
172.318 0.05 0
172.58 0.062 0
173.066 0.062 0
173.294 0.058 0
173.776 0.048 0
174.054 0.068 0.002
174.326 0.062 0.002
174.826 0.072 0
175.062 0.07 0.002
175.3 0.062 0
175.544 0.068 0
176.082 0.07 0.002
176.326 0.068 0.002
176.576 0.06 0
176.812 0.07 0
177.35 0.07 0.002
177.838 0.056 0
178.128 0.072 0
178.632 0.068 0
178.858 0.078 0
179.366 0.076 0.002
179.602 0.066 0
179.824 0.046 0
180.14 0.068 0
180.42 0.08 0
180.68 0.068 0
181.306 0.068 0
181.538 0.068 0
182.15 0.054 0.002
182.414 0.082 0
182.678 0.072 0
182.984 0.06 0.002
183.45 0.064 0
183.868 0.072 0.002
184.634 0.074 0.002
185.024 0.07 0.002
185.482 0.076 0
185.758 0.068 0
186.592 0.106 0
186.97 0.07 0
187.272 0.068 0
187.55 0.078 0
187.846 0.102 0.002
188.15 0.08 0
188.46 0.072 0.002
188.81 0.082 0
189.098 0.084 0
189.342 0.062 0
189.63 0.082 0.002
189.912 0.084 0
190.146 0.068 0
190.438 0.088 0
191.228 0.074 0
191.486 0.068 0
192.276 0.068 0.002
192.562 0.092 0.002
192.824 0.088 0
193.082 0.088 0.002
193.352 0.088 0.002
193.65 0.088 0
193.898 0.072 0
194.176 0.064 0.002
194.506 0.088 0
194.814 0.064 0
195.12 0.086 0.002
195.464 0.082 0
195.788 0.084 0
196.228 0.074 0
196.532 0.074 0
196.834 0.074 0
197.148 0.09 0
197.762 0.102 0
198.066 0.088 0.002
198.34 0.086 0.002
199.044 0.088 0.004
199.344 0.084 0
199.652 0.088 0
199.916 0.08 0
200.658 0.072 0.002
200.982 0.082 0
201.26 0.082 0
201.622 0.086 0
202.492 0.078 0
202.776 0.086 0.002
203.074 0.088 0.002
203.348 0.09 0
203.654 0.09 0.002
203.978 0.098 0.002
204.764 0.08 0
205.114 0.08 0
205.456 0.084 0
205.77 0.1 0.002
206.046 0.078 0.002
206.326 0.082 0.002
206.632 0.086 0.002
207.376 0.076 0.002
207.712 0.088 0
207.996 0.066 0.002
208.27 0.064 0
208.57 0.082 0
208.878 0.08 0.002
209.19 0.092 0.002
209.472 0.092 0.002
209.722 0.064 0.002
210.036 0.09 0
210.838 0.094 0
211.16 0.086 0.002
211.516 0.098 0.002
212.272 0.076 0.002
212.584 0.076 0
212.892 0.078 0
213.646 0.074 0.002
213.95 0.09 0.002
214.76 0.088 0
215.06 0.088 0
215.414 0.096 0.002
215.724 0.078 0.002
216.034 0.074 0
216.324 0.076 0.002
216.638 0.092 0.002
216.95 0.082 0
217.236 0.072 0.002
217.524 0.082 0
217.836 0.09 0.002
218.56 0.09 0.002
218.86 0.086 0
219.114 0.062 0
219.418 0.076 0
219.718 0.074 0
220.016 0.092 0
220.286 0.068 0
220.62 0.08 0.002
220.928 0.088 0
221.224 0.072 0
221.52 0.094 0
221.784 0.074 0
222.066 0.072 0
222.368 0.072 0
223.036 0.088 0
223.34 0.076 0.002
223.65 0.086 0.002
224.328 0.072 0
224.658 0.08 0.002
224.946 0.094 0
225.216 0.088 0
225.89 0.074 0
226.584 0.078 0.002
226.894 0.092 0.002
227.188 0.092 0
227.48 0.07 0.002
227.798 0.086 0
228.112 0.086 0.002
228.856 0.078 0
229.12 0.06 0
229.848 0.078 0.002
230.522 0.074 0.002
230.838 0.084 0.002
231.128 0.094 0.002
231.392 0.074 0.002
232.096 0.078 0.002
232.424 0.092 0
233.07 0.068 0
233.356 0.062 0
233.7 0.094 0.002
233.992 0.088 0
234.284 0.078 0
234.792 0.066 0
235.084 0.08 0.002
235.424 0.09 0
235.764 0.102 0
236.076 0.08 0
236.414 0.086 0
236.73 0.082 0
237.222 0.094 0.002
237.692 0.084 0.002
238.024 0.08 0.002
238.334 0.086 0
238.696 0.092 0
239.252 0.084 0.002
239.562 0.082 0.002
239.846 0.102 0
240.124 0.094 0
240.426 0.082 0.002
240.864 0.078 0
241.18 0.064 0
241.648 0.082 0
241.916 0.076 0.002
242.41 0.102 0
243.282 0.078 0
243.626 0.104 0.002
243.896 0.066 0
244.272 0.096 0.002
244.586 0.076 0
245.576 0.1 0
245.878 0.078 0
246.16 0.078 0
246.682 0.084 0
247.606 0.076 0
248.518 0.104 0.002
248.854 0.074 0.002
249.17 0.084 0.002
249.482 0.096 0.002
249.766 0.076 0
250.126 0.092 0
250.392 0.058 0
251.242 0.1 0.002
251.586 0.084 0.002
251.924 0.088 0
252.26 0.102 0
252.926 0.1 0
253.264 0.106 0
253.594 0.092 0
253.926 0.096 0
254.236 0.084 0
254.556 0.072 0.002
254.886 0.088 0.002
255.224 0.1 0
255.548 0.07 0.002
256.198 0.08 0.002
256.542 0.102 0.002
257.146 0.116 0.002
257.634 0.092 0
257.96 0.074 0.002
258.58 0.11 0.002
258.882 0.088 0.002
259.234 0.088 0
259.578 0.092 0
259.904 0.084 0.002
260.262 0.09 0.002
260.592 0.1 0
260.894 0.064 0
261.568 0.096 0
261.896 0.098 0
262.214 0.092 0
262.534 0.092 0.002
262.838 0.086 0.004
263.146 0.098 0.002
263.802 0.092 0
264.156 0.096 0.002
264.488 0.088 0
264.826 0.1 0
265.132 0.076 0.002
265.526 0.102 0.002
265.876 0.084 0.002
266.214 0.092 0.002
266.98 0.098 0
267.744 0.088 0
268.068 0.086 0
268.794 0.112 0
269.158 0.108 0.002
269.484 0.108 0
270.236 0.074 0.002
270.61 0.084 0
270.95 0.092 0
271.318 0.096 0.002
271.684 0.1 0.002
272.038 0.112 0
272.34 0.07 0
272.698 0.098 0
273.038 0.094 0
273.36 0.084 0
273.702 0.098 0
274.446 0.088 0
274.766 0.082 0
275.556 0.112 0.002
275.886 0.084 0.002
276.266 0.082 0.002
276.654 0.09 0.002
277.426 0.088 0
278.348 0.098 0
278.71 0.096 0
279.076 0.082 0.002
279.864 0.092 0
280.222 0.098 0.002
280.542 0.09 0.002
280.89 0.104 0
281.77 0.096 0.002
282.102 0.096 0.002
282.958 0.078 0.002
283.28 0.08 0.002
284.194 0.09 0
284.514 0.076 0
284.848 0.098 0.002
285.214 0.116 0.002
285.492 0.09 0
286.26 0.094 0
286.58 0.108 0
286.928 0.094 0.002
287.296 0.104 0.002
287.618 0.092 0.002
287.964 0.096 0.002
288.264 0.09 0.002
288.584 0.09 0
288.934 0.09 0
289.25 0.092 0.002
290.078 0.098 0.002
290.898 0.092 0
291.706 0.1 0
292.04 0.102 0.002
292.348 0.072 0.002
292.732 0.094 0
293.088 0.082 0
293.446 0.1 0.002
294.33 0.068 0
294.664 0.082 0
294.992 0.088 0.002
295.302 0.088 0
295.642 0.086 0.002
295.97 0.092 0.002
296.784 0.09 0.002
297.564 0.098 0
297.914 0.104 0.002
298.266 0.102 0
298.582 0.09 0.002
298.95 0.086 0
299.742 0.078 0
300.112 0.094 0.002
300.49 0.116 0
301.236 0.094 0
301.608 0.112 0
301.92 0.084 0
302.27 0.104 0.002
302.616 0.096 0
303.372 0.074 0
303.744 0.09 0.002
304.084 0.076 0.002
304.928 0.106 0.002
305.314 0.104 0.002
305.66 0.116 0.002
305.994 0.106 0.002
306.34 0.104 0
306.664 0.082 0
307.036 0.102 0.002
307.414 0.078 0
308.294 0.082 0.002
308.662 0.082 0
309.526 0.092 0.002
310.282 0.096 0
310.622 0.088 0.002
310.988 0.106 0
311.322 0.086 0
311.698 0.08 0.002
312.706 0.094 0.002
313.548 0.07 0.002
313.902 0.078 0
314.246 0.09 0.002
314.552 0.074 0.002
314.89 0.1 0.002
315.216 0.108 0
315.548 0.092 0.002
315.896 0.106 0
316.23 0.106 0
317.02 0.09 0
317.336 0.096 0
317.68 0.08 0
318.042 0.102 0
318.39 0.106 0.002
318.698 0.088 0.002
319.04 0.104 0.002
319.912 0.094 0
320.276 0.12 0.002
320.576 0.098 0
321.366 0.082 0.002
321.678 0.086 0.002
322.496 0.106 0.002
322.804 0.086 0.002
323.162 0.108 0.002
323.916 0.07 0.002
324.306 0.078 0
324.676 0.1 0.002
325.034 0.104 0.002
325.348 0.094 0
325.66 0.086 0.002
326.012 0.09 0
326.348 0.104 0
327.17 0.074 0.002
327.998 0.088 0.002
328.818 0.108 0.002
329.566 0.094 0.002
329.894 0.09 0.002
330.258 0.088 0
330.618 0.08 0.002
330.958 0.088 0.002
331.808 0.112 0.002
332.156 0.09 0.002
332.492 0.078 0
332.856 0.096 0.002
333.168 0.084 0
333.53 0.08 0.002
334.112 0.084 0.006
334.44 0.08 0
334.784 0.09 0
335.178 0.09 0.002
335.518 0.09 0.002
335.846 0.088 0.002
336.2 0.094 0.002
336.506 0.078 0
337.442 0.112 0.002
337.776 0.084 0.002
338.128 0.082 0
338.474 0.078 0
338.804 0.07 0.002
339.164 0.114 0
339.508 0.098 0
339.854 0.108 0
340.192 0.088 0
340.578 0.094 0.002
341.006 0.172 0.002
341.278 0.11 0.002
341.632 0.1 0.002
342.128 0.108 0.002
342.47 0.094 0
342.93 0.082 0
343.254 0.07 0
343.632 0.076 0.002
344.02 0.086 0.002
344.45 0.098 0
344.862 0.102 0.002
345.222 0.098 0
345.656 0.124 0
345.984 0.09 0
346.388 0.102 0.002
346.766 0.098 0
347.122 0.098 0.002
347.46 0.084 0
347.806 0.096 0.002
348.136 0.066 0
348.462 0.078 0
348.822 0.088 0
349.206 0.1 0
349.554 0.08 0.002
349.874 0.072 0
350.26 0.098 0
350.634 0.108 0.002
350.946 0.08 0
351.358 0.11 0.002
351.738 0.11 0
352.098 0.112 0
352.392 0.078 0
353.014 0.068 0.002
353.406 0.074 0
353.8 0.112 0.002
354.112 0.098 0.002
354.742 0.094 0
355.142 0.094 0
355.668 0.118 0
355.98 0.09 0
356.264 0.07 0.002
356.578 0.096 0
356.958 0.098 0
357.312 0.094 0
357.706 0.124 0.002
358.064 0.066 0
358.39 0.088 0
358.746 0.116 0
359.09 0.118 0
359.43 0.112 0
359.73 0.084 0.002
360.082 0.07 0.002
360.488 0.122 0
360.814 0.11 0
361.188 0.12 0.002
361.504 0.102 0.002
361.844 0.098 0
362.162 0.112 0
362.474 0.088 0
362.926 0.12 0.002
363.282 0.118 0
363.636 0.08 0
363.996 0.098 0.002
364.372 0.11 0
364.736 0.104 0
365.054 0.09 0.002
365.37 0.086 0
365.722 0.108 0.002
366.388 0.086 0
366.768 0.104 0
367.122 0.112 0.002
367.478 0.1 0.002
367.844 0.102 0
368.232 0.106 0.002
368.58 0.104 0.002
369.152 0.086 0
369.542 0.072 0.002
369.874 0.084 0.002
370.59 0.114 0
370.894 0.09 0
371.29 0.1 0.002
371.658 0.12 0
372.014 0.098 0.002
372.336 0.088 0
372.686 0.088 0
373.336 0.116 0
374.014 0.096 0.002
374.4 0.114 0
374.742 0.088 0.002
375.104 0.078 0
375.426 0.09 0
375.748 0.09 0.002
376.132 0.118 0
376.516 0.112 0
376.888 0.114 0.002
377.21 0.082 0.002
377.918 0.092 0
378.282 0.102 0.004
378.636 0.086 0
378.96 0.096 0.002
379.294 0.086 0.002
379.636 0.082 0
380 0.096 0
380.376 0.104 0
380.726 0.088 0
381.118 0.09 0.002
381.498 0.1 0.002
382.172 0.094 0.002
382.54 0.082 0
382.86 0.078 0
383.172 0.086 0
383.508 0.088 0
383.928 0.1 0
384.3 0.098 0.002
384.648 0.122 0.002
385.238 0.082 0.002
385.656 0.106 0
385.968 0.084 0.002
386.314 0.096 0
386.676 0.108 0.002
386.998 0.082 0.002
387.362 0.094 0
387.686 0.068 0.002
388.018 0.094 0.002
388.422 0.104 0.002
389.082 0.1 0
389.654 0.104 0.002
390 0.098 0.002
390.37 0.12 0
390.672 0.078 0.002
391.022 0.104 0
391.626 0.1 0
392.244 0.09 0
392.602 0.11 0.002
392.902 0.078 0
393.306 0.096 0
393.652 0.086 0.002
394.234 0.132 0
394.932 0.102 0
395.326 0.096 0.002
395.652 0.076 0.002
396.312 0.13 0.002
396.626 0.088 0
397.132 0.082 0.004
397.752 0.092 0
398.364 0.086 0
398.732 0.096 0
399.338 0.084 0.002
399.608 0.088 0
399.986 0.096 0.002
400.374 0.104 0.002
400.662 0.082 0
401.008 0.076 0
401.392 0.092 0
401.784 0.092 0
402.202 0.124 0
402.574 0.096 0
402.974 0.104 0
403.354 0.11 0
403.712 0.116 0
404.118 0.112 0
404.502 0.084 0
404.916 0.086 0
405.306 0.112 0
405.612 0.092 0
406.046 0.132 0
406.408 0.094 0.002
406.952 0.104 0
407.32 0.106 0.002
407.704 0.092 0.002
408.086 0.078 0
408.52 0.14 0.002
409.068 0.11 0.002
409.388 0.092 0
409.75 0.088 0.002
410.134 0.072 0.002
410.55 0.1 0
410.938 0.1 0.002
411.524 0.094 0.002
411.93 0.09 0.002
412.444 0.09 0.002
412.864 0.104 0.002
413.266 0.124 0.002
413.6 0.108 0.002
413.914 0.072 0
414.35 0.094 0.002
414.694 0.112 0
415.04 0.09 0.002
415.59 0.112 0
415.93 0.072 0
416.362 0.086 0
416.78 0.078 0.002
417.33 0.092 0
417.652 0.086 0
418.056 0.088 0.002
418.422 0.096 0
418.832 0.118 0.002
419.154 0.096 0
419.59 0.104 0
419.978 0.086 0
420.376 0.11 0.002
420.716 0.108 0
421.222 0.09 0
421.63 0.132 0.002
421.942 0.084 0.002
422.296 0.104 0
422.712 0.124 0
423.118 0.11 0.002
423.456 0.08 0
423.852 0.096 0
424.344 0.134 0.002
424.744 0.116 0
425.078 0.096 0
425.492 0.11 0
425.856 0.128 0.002
426.372 0.09 0
426.88 0.094 0.002
427.286 0.126 0
427.678 0.11 0
428.06 0.1 0
428.398 0.076 0
428.804 0.128 0
429.134 0.092 0.002
429.528 0.092 0
430.086 0.096 0.002
430.502 0.142 0.002
430.844 0.124 0
431.214 0.106 0.002
431.588 0.106 0.002
431.974 0.132 0.002
432.352 0.092 0
432.794 0.106 0
433.268 0.082 0
433.732 0.094 0
434.112 0.098 0
434.51 0.098 0
434.91 0.148 0.002
435.27 0.09 0
435.666 0.092 0.002
436.006 0.092 0
436.448 0.09 0
436.966 0.104 0.002
437.374 0.122 0.002
437.71 0.09 0.002
438.21 0.112 0.002
438.552 0.1 0
438.932 0.092 0
439.314 0.094 0
439.67 0.08 0.002
440.22 0.098 0
440.606 0.098 0
441.126 0.1 0
441.488 0.086 0
441.932 0.142 0
442.272 0.094 0.004
442.674 0.138 0
443.026 0.102 0.002
443.386 0.096 0
443.772 0.12 0.002
444.186 0.128 0
444.508 0.102 0.002
444.822 0.074 0
445.262 0.124 0
445.678 0.11 0
446.084 0.128 0
446.504 0.114 0.002
446.862 0.12 0
447.276 0.092 0.002
447.616 0.082 0.002
448.024 0.086 0
448.468 0.112 0.002
448.84 0.096 0.002
449.246 0.136 0
449.76 0.108 0
450.154 0.122 0
450.508 0.122 0
451.008 0.082 0
451.406 0.094 0
451.912 0.086 0.002
452.314 0.108 0
452.674 0.09 0
453.272 0.1 0.002
453.678 0.114 0
454.004 0.088 0
454.42 0.106 0
454.794 0.082 0.004
455.402 0.094 0
455.868 0.114 0
456.302 0.092 0.002
456.67 0.09 0.002
457.03 0.092 0
457.41 0.096 0.002
457.8 0.086 0.002
458.248 0.096 0.002
458.672 0.1 0
459.116 0.124 0
459.48 0.086 0.002
460.082 0.098 0
460.504 0.108 0.002
460.924 0.096 0
461.384 0.11 0.002
461.862 0.128 0.002
462.196 0.09 0
462.592 0.108 0
463.028 0.122 0.002
463.414 0.102 0
463.848 0.138 0
464.162 0.086 0.002
464.746 0.116 0.002
465.178 0.146 0.002
465.524 0.118 0.002
466.086 0.138 0
466.608 0.104 0
467.01 0.096 0
467.418 0.12 0
467.834 0.122 0
468.298 0.108 0
468.678 0.106 0
469.032 0.094 0
469.404 0.112 0.002
469.766 0.092 0.002
470.196 0.142 0.002
470.516 0.096 0
470.898 0.088 0
471.326 0.108 0.002
471.782 0.108 0.002
472.156 0.094 0
472.52 0.114 0.002
472.86 0.102 0.002
473.242 0.102 0
473.634 0.1 0
474.032 0.102 0.002
474.378 0.102 0.002
474.75 0.11 0.002
475.104 0.098 0.002
475.65 0.108 0
476.036 0.082 0
476.4 0.114 0
476.772 0.09 0.002
477.218 0.094 0
477.568 0.072 0
478.08 0.076 0
478.516 0.148 0
478.97 0.094 0.002
479.344 0.076 0
479.764 0.092 0.002
480.158 0.112 0.002
480.534 0.1 0
480.9 0.112 0
481.502 0.132 0
481.862 0.106 0
482.37 0.11 0
482.712 0.098 0.002
483.072 0.11 0
483.446 0.106 0.002
483.796 0.086 0
484.326 0.1 0
484.824 0.09 0.002
485.186 0.092 0.002
485.776 0.13 0.002
486.096 0.07 0
486.478 0.114 0
486.836 0.098 0
487.014 0.07 0
487.422 0.092 0
487.856 0.122 0.002
488.258 0.1 0.002
488.768 0.114 0
489.174 0.084 0
489.744 0.104 0
490.092 0.104 0
490.454 0.1 0
490.818 0.09 0
491.246 0.102 0.002
491.77 0.086 0
492.126 0.098 0
492.498 0.102 0
492.886 0.116 0.002
493.306 0.108 0.002
493.652 0.094 0
494.06 0.102 0.002
494.596 0.094 0
494.996 0.116 0
495.368 0.11 0
495.818 0.136 0.012
496.186 0.122 0
496.586 0.11 0.002
496.998 0.106 0
497.44 0.1 0.002
497.836 0.11 0
498.27 0.106 0.002
498.706 0.116 0
499.09 0.114 0
499.606 0.094 0
499.99 0 0
500.154 0.112 0
500.72 0.118 0.004
501.23 0.128 0.002
501.578 0.1 0
501.946 0.076 0
502.178 0.084 0
502.602 0.102 0
502.974 0.082 0.002
503.416 0.116 0
503.826 0.092 0.002
504.244 0.092 0
504.714 0.096 0
505.12 0.104 0
505.52 0.11 0
505.878 0.094 0.002
506.284 0.128 0.002
506.7 0.106 0
507.116 0.098 0
507.516 0.09 0
507.944 0.1 0.002
508.342 0.102 0
508.88 0.108 0.002
509.214 0.09 0
509.614 0.088 0.002
510.01 0.106 0.002
510.424 0.08 0.002
510.832 0.1 0
511.244 0.092 0.002
511.662 0.114 0.002
512.08 0.11 0
512.688 0.102 0.002
513.368 0.104 0.002
513.776 0.11 0
514.212 0.106 0.002
514.81 0.124 0.002
515.262 0.118 0.002
515.756 0.11 0.002
516.106 0.094 0
516.49 0.092 0
516.948 0.152 0.002
517.318 0.112 0
517.866 0.1 0.002
518.442 0.096 0
519.032 0.114 0
519.514 0.098 0
519.962 0.134 0.002
520.454 0.078 0
520.87 0.11 0
521.39 0.074 0
521.812 0.126 0
522.188 0.088 0.002
522.656 0.106 0.002
523.068 0.108 0.002
523.642 0.114 0.002
524.016 0.092 0.002
524.45 0.098 0.002
524.886 0.128 0.002
525.548 0.094 0
525.952 0.1 0.002
526.372 0.106 0
526.846 0.142 0.002
527.27 0.1 0.002
527.704 0.082 0
528.306 0.09 0
529.162 0.094 0.002
529.98 0.104 0.002
530.4 0.128 0
530.776 0.076 0
531.35 0.118 0.002
532.262 0.1 0.002
532.688 0.112 0
533.07 0.106 0.002
533.492 0.092 0
533.96 0.1 0.002
534.972 0.134 0
535.37 0.112 0.002
535.838 0.092 0.002
536.18 0.086 0
536.634 0.088 0.002
537.01 0.086 0
537.502 0.124 0
537.88 0.074 0
538.882 0.098 0
539.312 0.112 0.002
540.304 0.132 0.002
540.908 0.184 0.006
541.916 0.1 0
542.36 0.114 0.002
543.47 0.138 0.002
544.034 0.11 0.002
544.492 0.098 0
544.962 0.094 0
545.442 0.136 0.002
546.63 0.108 0.002
547.086 0.13 0
547.552 0.122 0
548.054 0.108 0.004
548.552 0.124 0
549.038 0.13 0
550.062 0.118 0.004
550.516 0.086 0
551.166 0.1 0.002
551.932 0.184 0.002
552.476 0.118 0.002
552.936 0.104 0
553.398 0.122 0.004
553.834 0.088 0
554.768 0.108 0.002
555.882 0.142 0
556.342 0.112 0
557.448 0.116 0.002
557.984 0.128 0.002
558.448 0.088 0.002
558.94 0.124 0
559.47 0.134 0
559.878 0.086 0
560.402 0.126 0.002
560.924 0.128 0.002
561.426 0.132 0.002
562.026 0.126 0.002
563.504 0.128 0
564.01 0.124 0
564.53 0.094 0.002
565.104 0.116 0
565.65 0.142 0.002
566.168 0.122 0.002
566.64 0.106 0.002
567.21 0.114 0
567.712 0.114 0
568.246 0.13 0.002
568.7 0.09 0.002
569.186 0.106 0.002
569.76 0.134 0
571.276 0.128 0.002
571.886 0.152 0
572.324 0.114 0.002
572.876 0.122 0.002
573.462 0.094 0
574.072 0.134 0.004
574.6 0.118 0
575.152 0.1 0.002
575.696 0.138 0
577.146 0.132 0
577.826 0.124 0
578.364 0.108 0
578.94 0.124 0
579.454 0.116 0
580.006 0.104 0.002
580.548 0.128 0.002
581.11 0.144 0.002
581.736 0.244 0.002
583.08 0.126 0.002
583.72 0.148 0.002
584.406 0.176 0
585.862 0.126 0.002
586.496 0.166 0.002
587.196 0.178 0
587.838 0.124 0.002
588.59 0.164 0
589.848 0.112 0.002
591.316 0.17 0.002
592.14 0.166 0.002
592.858 0.114 0
593.674 0.144 0
595.102 0.132 0
595.882 0.116 0.002
596.574 0.148 0
597.384 0.16 0.002
598.962 0.114 0
599.688 0.092 0.002
600.64 0.144 0
601.706 0.158 0
602.432 0.142 0.002
603.958 0.126 0
604.79 0.15 0
605.452 0.142 0
606.028 0.064 0
607.882 0.152 0
609.724 0.264 0
610.462 0.17 0.002
611.956 0.14 0
612.802 0.198 0.002
613.458 0.164 0
614.106 0.164 0
614.948 0.144 0.002
615.724 0.158 0
616.478 0.152 0
618.142 0.2 0.002
618.914 0.156 0
619.628 0.214 0
620.442 0.158 0.002
621.314 0.17 0
622.1 0.16 0
623.682 0.174 0.002
624.494 0.168 0.002
625.964 0.154 0
626.772 0.176 0.002
627.424 0.144 0.002
628.19 0.244 0
628.88 0.194 0.002
629.802 0.188 0
630.67 0.162 0
631.548 0.166 0
633.166 0.182 0
633.884 0.126 0
634.504 0.114 0
635.3 0.174 0
636.106 0.196 0.002
636.912 0.132 0
637.69 0.172 0
639.338 0.194 0
