7.62 0.054 0.002
7.872 0.056 0
8.106 0.05 0
8.346 0.036 0
8.594 0.048 0
8.906 0.048 0
9.178 0.04 0
9.44 0.056 0
9.706 0.048 0
9.948 0.052 0
10.562 0.038 0
11.264 0.05 0
11.89 0.05 0
12.164 0.04 0.002
12.814 0.044 0
13.096 0.064 0
13.72 0.038 0
14.052 0.054 0
14.702 0.052 0
14.956 0.038 0
15.676 0.038 0
16.336 0.038 0
16.628 0.054 0
16.958 0.052 0
17.234 0.044 0
17.502 0.052 0
17.752 0.052 0
18.018 0.042 0
18.294 0.046 0.002
19.074 0.06 0
19.356 0.048 0
19.692 0.038 0
20.502 0.044 0
20.83 0.048 0
21.108 0.044 0
21.366 0.042 0
21.648 0.054 0
22.272 0.054 0
22.534 0.042 0
23.274 0.044 0
23.622 0.046 0
23.866 0.044 0
24.512 0.036 0
25.21 0.054 0
25.544 0.038 0
25.804 0.054 0
26.038 0.056 0
26.26 0.042 0
26.502 0.042 0
27.178 0.042 0
27.432 0.04 0
28.14 0.044 0
28.39 0.054 0
29.032 0.042 0
29.31 0.05 0.002
29.97 0.044 0
30.28 0.034 0
30.626 0.046 0
31.282 0.054 0
31.956 0.044 0
32.634 0.04 0
32.9 0.052 0
33.148 0.046 0
33.404 0.056 0.002
34.04 0.046 0
34.702 0.048 0
35.418 0.044 0
35.678 0.032 0
36.334 0.048 0
36.588 0.052 0
37.276 0.048 0
37.564 0.04 0
37.848 0.03 0.002
38.112 0.042 0
38.458 0.04 0
38.696 0.034 0
38.958 0.038 0
39.22 0.042 0
39.86 0.048 0
40.084 0.034 0
40.34 0.032 0
40.99 0.048 0
41.326 0.046 0
41.588 0.052 0
41.836 0.038 0
42.092 0.05 0
42.712 0.044 0
43.032 0.04 0
43.786 0.048 0
44.062 0.04 0
44.714 0.046 0
44.972 0.052 0
45.324 0.046 0
45.938 0.028 0
46.66 0.042 0.002
46.93 0.056 0
47.148 0.04 0
47.386 0.038 0
47.642 0.048 0.002
47.956 0.04 0
48.2 0.044 0
48.442 0.048 0
48.672 0.044 0
49.346 0.044 0
49.66 0.048 0
49.992 0.042 0
50.294 0.042 0
50.62 0.03 0
51.286 0.05 0
51.906 0.052 0
52.16 0.048 0
52.38 0.04 0
53.018 0.05 0
53.308 0.036 0
53.964 0.05 0
54.182 0.026 0.002
54.468 0.026 0
55.176 0.022 0.002
55.432 0.046 0
56.182 0.046 0
56.4 0.022 0.002
56.632 0.046 0
56.864 0.046 0
57.086 0.046 0
57.71 0.024 0
58.416 0.046 0
58.644 0.044 0
59.376 0.052 0
60.03 0.026 0
60.262 0.04 0
60.5 0.048 0
60.864 0.044 0
61.518 0.042 0
61.728 0.024 0
62.076 0.04 0
62.288 0.026 0
62.522 0.052 0
63.202 0.052 0
63.43 0.038 0
64.066 0.044 0
64.3 0.058 0
64.51 0.048 0
64.728 0.046 0
64.962 0.044 0
65.178 0.038 0
65.38 0.034 0
65.63 0.05 0
65.838 0.04 0
66.078 0.05 0
66.334 0.034 0
66.586 0.038 0
66.8 0.034 0
67.054 0.048 0
67.288 0.046 0
67.514 0.052 0
68.144 0.036 0
68.8 0.05 0
69.47 0.044 0
69.732 0.05 0
69.964 0.048 0.002
70.574 0.044 0
70.822 0.048 0
71.424 0.042 0
71.756 0.05 0
71.988 0.038 0
72.684 0.054 0
73.332 0.038 0
73.564 0.044 0
74.258 0.052 0
74.488 0.052 0
74.81 0.052 0
75.052 0.054 0
75.8 0.048 0
76.056 0.052 0
76.254 0.034 0
76.494 0.034 0
77.234 0.036 0
77.566 0.05 0
77.96 0.06 0
78.342 0.054 0
78.708 0.05 0
79.686 0.042 0
79.946 0.06 0.002
80.198 0.068 0
80.918 0.084 0
81.222 0.062 0.002
81.512 0.058 0
81.784 0.06 0
82.21 0.064 0.002
82.478 0.066 0
82.728 0.072 0.002
83.418 0.07 0
83.642 0.06 0.002
84.224 0.07 0
84.476 0.064 0.002
84.704 0.062 0
84.962 0.072 0
85.21 0.072 0.002
85.528 0.074 0
85.754 0.07 0
86.078 0.086 0
86.414 0.084 0.002
86.82 0.074 0.002
87.07 0.072 0.002
87.342 0.07 0
87.624 0.074 0.002
88.244 0.078 0
88.504 0.08 0
88.764 0.054 0
89.45 0.07 0
89.718 0.068 0
90.064 0.078 0
90.514 0.066 0.002
90.792 0.072 0
91.154 0.074 0.002
91.604 0.078 0
92.268 0.078 0
92.53 0.074 0
92.838 0.076 0
93.472 0.07 0.002
94.07 0.058 0.002
94.394 0.066 0
94.69 0.086 0
94.99 0.068 0
95.604 0.088 0
95.916 0.07 0.002
96.184 0.068 0.002
96.814 0.07 0
97.496 0.066 0.002
97.854 0.068 0.002
98.214 0.072 0.002
98.59 0.072 0
98.922 0.074 0
99.298 0.076 0
99.658 0.066 0
100.234 0.058 0.002
100.562 0.072 0.002
100.834 0.074 0
101.248 0.074 0
101.56 0.066 0.002
101.824 0.07 0
102.144 0.062 0
102.83 0.052 0
103.154 0.076 0
103.566 0.06 0
103.936 0.08 0.002
104.276 0.076 0.002
104.704 0.066 0
105.104 0.082 0
105.518 0.062 0
106.188 0.082 0
106.9 0.096 0.002
107.196 0.086 0
107.658 0.072 0
108.28 0.084 0
108.582 0.076 0
108.882 0.088 0
109.474 0.076 0.002
109.914 0.082 0
110.242 0.096 0
110.542 0.078 0.004
111.17 0.072 0
111.524 0.084 0.002
112.144 0.078 0
112.486 0.078 0.002
112.794 0.08 0.002
113.202 0.082 0.002
113.838 0.096 0
114.386 0.084 0
115.03 0.082 0
115.676 0.086 0
116.036 0.096 0.002
116.412 0.08 0
116.814 0.09 0
117.166 0.096 0
117.74 0.094 0
118.208 0.094 0
118.618 0.098 0.002
119.122 0.098 0
119.5 0.1 0.002
120.08 0.09 0.002
120.71 0.094 0
121.204 0.094 0.002
121.78 0.082 0
122.234 0.078 0.002
122.89 0.1 0
123.392 0.102 0.002
123.802 0.092 0
124.312 0.112 0
124.734 0.114 0
125.382 0.096 0
125.806 0.108 0
126.222 0.076 0
126.928 0.106 0
127.606 0.078 0
128.046 0.086 0
128.634 0.096 0
129.064 0.108 0
129.516 0.072 0
129.956 0.118 0.004
130.462 0.094 0
130.888 0.112 0
131.808 0.092 0
132.298 0.102 0
132.868 0.122 0.002
133.31 0.098 0
134.374 0.096 0.002
134.848 0.096 0.004
135.308 0.11 0.002
135.71 0.114 0
136.178 0.1 0
136.636 0.122 0
137.152 0.094 0
137.596 0.096 0
138.074 0.11 0.002
138.562 0.106 0
139.004 0.088 0.002
139.486 0.118 0
139.9 0.098 0
140.374 0.12 0
140.836 0.108 0
141.57 0.118 0.002
142.006 0.096 0.002
142.474 0.116 0.002
142.914 0.112 0
143.428 0.118 0.002
143.968 0.112 0
144.432 0.126 0.002
144.872 0.112 0
145.638 0.102 0.002
146.392 0.112 0
146.854 0.114 0.002
147.25 0.088 0
147.724 0.082 0
148.232 0.128 0
148.714 0.094 0.002
149.224 0.112 0
149.728 0.104 0
150.426 0.11 0
150.86 0.112 0.002
151.32 0.114 0
151.86 0.1 0
152.392 0.116 0
152.972 0.1 0
153.46 0.094 0
153.996 0.114 0
154.534 0.104 0.002
155.038 0.126 0.002
155.492 0.112 0
155.988 0.11 0
156.72 0.122 0.002
157.272 0.1 0
157.788 0.116 0
158.242 0.112 0
158.696 0.11 0.002
159.146 0.13 0
159.914 0.102 0
160.628 0.116 0
161.42 0.11 0
161.878 0.122 0
162.35 0.128 0
163.05 0.11 0
163.6 0.09 0
164.106 0.118 0.002
164.542 0.114 0.002
165.08 0.112 0
165.796 0.126 0
166.276 0.122 0
166.794 0.122 0
167.54 0.13 0
168.066 0.112 0
168.804 0.098 0
169.244 0.11 0
169.694 0.118 0
170.188 0.12 0
170.68 0.128 0
171.076 0.106 0.002
171.764 0.106 0
172.198 0.124 0.002
172.594 0.092 0
173.31 0.11 0
173.798 0.114 0
174.258 0.094 0
174.764 0.118 0.002
175.44 0.104 0
176.184 0.12 0
176.662 0.112 0
177.138 0.118 0
177.574 0.116 0.002
177.988 0.084 0
178.498 0.122 0
178.902 0.084 0
179.34 0.118 0
179.81 0.112 0
180.29 0.094 0
180.784 0.084 0
181.258 0.12 0
182.042 0.124 0
182.782 0.108 0.002
183.514 0.094 0
184.006 0.122 0
184.428 0.106 0
184.864 0.106 0
185.33 0.122 0
185.762 0.1 0
186.494 0.108 0.002
186.998 0.126 0
187.414 0.112 0
187.852 0.12 0
188.606 0.112 0
189.064 0.11 0
189.53 0.11 0.002
189.982 0.106 0
190.418 0.088 0
190.932 0.116 0
191.676 0.11 0
192.126 0.096 0
192.582 0.11 0
193.042 0.114 0
193.546 0.114 0.002
194.35 0.118 0
194.886 0.116 0
195.364 0.122 0
195.766 0.094 0
196.256 0.106 0
196.756 0.122 0.002
197.516 0.098 0.002
197.994 0.106 0
198.506 0.126 0.004
198.944 0.072 0
199.752 0.118 0
200.476 0.092 0.002
200.956 0.12 0
201.442 0.118 0.002
201.916 0.122 0
202.386 0.1 0
202.856 0.11 0
203.346 0.094 0.002
203.814 0.102 0
204.276 0.098 0
204.768 0.12 0
205.234 0.124 0
206.02 0.09 0.002
206.484 0.096 0
206.902 0.092 0.002
207.358 0.106 0
208.156 0.108 0
208.596 0.1 0
209.52 0.12 0
209.958 0.116 0
210.396 0.106 0
210.878 0.104 0
211.338 0.102 0
211.876 0.118 0
212.374 0.114 0
212.848 0.126 0
213.28 0.108 0
214.122 0.116 0
214.598 0.114 0
215.048 0.12 0
215.542 0.12 0
216.014 0.104 0
216.43 0.102 0
216.868 0.108 0.002
217.36 0.112 0
217.84 0.104 0
218.282 0.124 0.002
218.758 0.114 0
219.256 0.094 0
219.742 0.106 0
220.21 0.116 0
220.694 0.11 0
221.178 0.116 0
221.658 0.116 0
222.096 0.108 0
222.528 0.106 0
223.038 0.122 0
223.506 0.092 0
223.986 0.106 0
224.842 0.092 0
225.76 0.134 0
226.156 0.102 0.002
227.048 0.134 0
227.934 0.108 0
228.384 0.126 0
228.858 0.13 0
229.768 0.142 0
230.242 0.112 0
230.988 0.118 0
231.444 0.118 0
231.95 0.14 0
232.412 0.096 0.002
232.894 0.086 0
233.394 0.096 0
234.226 0.08 0
234.79 0.12 0
235.268 0.108 0
235.706 0.098 0
236.584 0.108 0
237.148 0.142 0
237.538 0.096 0
238.406 0.118 0
238.85 0.09 0
239.7 0.096 0.002
240.168 0.1 0.002
240.72 0.138 0
241.126 0.082 0
241.626 0.12 0
242.08 0.106 0
242.93 0.12 0
243.87 0.118 0
244.336 0.104 0
244.816 0.128 0
245.3 0.118 0
245.858 0.118 0
246.314 0.124 0
247.194 0.138 0.002
248.02 0.11 0
248.434 0.11 0
248.904 0.122 0
249.382 0.154 0.002
249.85 0.126 0
250.292 0.094 0
250.78 0.122 0
251.266 0.13 0
251.71 0.124 0
252.164 0.122 0
252.63 0.088 0
253.136 0.152 0
253.592 0.096 0
254.114 0.152 0.002
254.648 0.158 0.002
255.062 0.102 0
255.53 0.104 0
256.038 0.132 0
256.952 0.12 0
257.996 0.136 0
258.452 0.156 0
258.856 0.088 0
259.348 0.122 0
259.864 0.122 0
260.326 0.098 0
260.868 0.13 0
261.34 0.12 0.002
261.802 0.134 0
262.254 0.12 0
262.71 0.126 0
263.138 0.102 0
263.67 0.098 0
264.12 0.094 0
264.612 0.116 0
265.07 0.116 0
265.932 0.086 0
266.51 0.154 0
266.98 0.132 0
267.52 0.16 0
268.5 0.12 0.002
269.02 0.136 0
269.524 0.114 0
270.012 0.12 0
270.498 0.118 0
271.006 0.136 0
271.888 0.11 0.002
272.966 0.132 0
273.414 0.112 0.002
273.852 0.12 0
274.266 0.104 0
274.716 0.108 0
275.17 0.118 0
275.59 0.116 0.002
276.014 0.1 0
277.092 0.14 0
277.578 0.132 0
278.05 0.09 0
278.574 0.112 0
278.986 0.096 0
279.924 0.134 0
280.366 0.114 0.002
280.874 0.116 0
281.36 0.12 0
281.916 0.132 0
282.364 0.11 0
282.798 0.098 0
283.88 0.12 0
284.4 0.104 0
284.918 0.114 0
285.412 0.118 0
285.954 0.12 0.002
286.416 0.132 0
286.874 0.098 0
287.398 0.124 0
287.854 0.106 0
288.278 0.082 0
289.37 0.09 0
290.42 0.1 0
290.93 0.128 0
291.412 0.142 0
291.888 0.114 0
292.922 0.128 0
293.452 0.14 0
293.904 0.114 0
294.356 0.098 0
294.888 0.094 0
295.37 0.112 0
295.878 0.11 0
296.348 0.124 0
296.846 0.12 0
297.312 0.112 0
297.74 0.11 0
298.26 0.12 0
298.668 0.09 0
299.104 0.094 0
299.582 0.084 0
300.096 0.11 0
301.136 0.108 0
301.564 0.116 0
302.1 0.16 0
302.574 0.122 0
303.046 0.134 0
303.528 0.124 0
304.044 0.116 0
304.5 0.118 0
304.968 0.116 0
305.432 0.104 0
305.878 0.118 0
306.36 0.104 0
306.862 0.118 0
307.386 0.12 0
307.888 0.124 0
308.394 0.138 0.002
309.572 0.136 0
310.044 0.116 0
310.514 0.134 0
311.488 0.108 0
311.94 0.118 0
312.456 0.112 0
313.554 0.112 0
314.042 0.086 0
315.178 0.118 0
315.636 0.108 0
316.118 0.114 0
317.244 0.124 0
317.672 0.106 0
318.77 0.112 0
319.814 0.11 0
320.286 0.084 0
320.788 0.11 0
321.902 0.128 0
322.368 0.098 0
322.884 0.102 0
324.028 0.128 0
324.552 0.126 0
325.016 0.15 0
326.106 0.092 0
326.61 0.088 0
327.136 0.12 0
327.604 0.108 0.002
328.12 0.102 0
328.522 0.086 0
329.02 0.104 0
329.522 0.088 0
330.138 0.14 0
331.35 0.11 0.002
331.882 0.116 0
332.4 0.112 0
332.874 0.116 0
333.37 0.08 0
333.936 0.138 0
334.426 0.102 0.002
334.848 0.076 0
335.326 0.13 0
335.848 0.114 0
336.386 0.122 0
336.864 0.112 0
337.356 0.106 0
337.932 0.142 0.002
338.34 0.096 0
338.868 0.114 0
339.388 0.136 0
339.888 0.144 0
340.438 0.156 0
341.722 0.114 0
342.262 0.142 0
342.67 0.096 0
343.14 0.112 0
343.654 0.148 0
344.156 0.136 0
345.47 0.118 0
345.922 0.124 0
346.406 0.128 0
346.89 0.142 0
347.442 0.128 0
347.92 0.12 0
348.394 0.118 0
348.814 0.104 0
349.36 0.132 0
349.86 0.144 0
350.296 0.128 0
350.758 0.124 0
351.262 0.146 0
352.596 0.144 0
353.886 0.108 0
354.436 0.1 0.002
355.768 0.126 0
357.04 0.108 0
357.494 0.112 0
357.93 0.104 0.002
358.428 0.086 0
359.012 0.118 0
359.47 0.122 0
359.924 0.112 0
360.434 0.132 0
360.94 0.12 0
361.476 0.124 0
361.948 0.108 0
362.506 0.122 0
363.896 0.126 0
364.398 0.104 0
364.93 0.118 0
365.436 0.128 0
365.92 0.134 0
366.426 0.108 0
366.972 0.116 0.002
367.512 0.112 0
368.114 0.13 0.002
368.564 0.114 0
369.016 0.112 0
369.46 0.104 0
369.966 0.114 0
370.55 0.132 0.002
371.982 0.122 0.002
372.502 0.116 0
373.072 0.142 0
373.528 0.084 0
374.008 0.13 0
374.456 0.112 0.002
374.928 0.108 0
375.438 0.122 0.002
375.94 0.12 0.002
376.424 0.13 0
377.712 0.098 0
378.192 0.14 0.002
379.536 0.09 0
380.028 0.126 0
380.49 0.118 0
381.026 0.144 0
381.514 0.112 0
382.022 0.12 0
383.41 0.14 0.002
383.928 0.132 0.002
384.432 0.114 0.004
384.886 0.104 0
385.392 0.13 0
386.74 0.14 0.002
388.176 0.092 0.002
388.682 0.104 0
389.15 0.078 0
389.686 0.084 0
390.292 0.122 0
390.89 0.146 0.002
391.376 0.156 0
392.64 0.096 0.002
393.174 0.108 0
393.75 0.106 0.002
395.196 0.12 0
395.644 0.112 0
396.142 0.122 0
396.712 0.098 0
397.202 0.118 0.002
397.658 0.102 0.002
399.07 0.142 0.002
399.554 0.142 0
399.978 0.08 0
400.634 0.138 0.002
401.138 0.106 0
401.688 0.108 0
402.282 0.128 0
402.832 0.118 0
403.386 0.106 0
403.928 0.124 0
404.42 0.108 0
405.948 0.126 0.004
407.214 0.124 0.004
408.62 0.11 0.002
409.07 0.106 0
409.682 0.156 0
411.014 0.144 0
411.512 0.104 0.002
412.924 0.106 0
413.418 0.116 0.002
413.934 0.108 0.004
414.464 0.146 0
414.934 0.12 0
415.428 0.128 0
415.968 0.104 0
416.512 0.118 0
417.114 0.118 0
417.648 0.116 0.002
418.986 0.126 0
420.458 0.168 0
421.76 0.126 0.002
422.232 0.104 0.002
422.774 0.146 0
423.26 0.146 0.002
424.57 0.12 0
425.098 0.13 0
425.602 0.128 0
426.066 0.12 0
426.554 0.112 0
427.056 0.116 0
427.642 0.132 0
428.136 0.13 0
428.612 0.11 0.002
430.142 0.124 0.002
431.646 0.09 0
432.18 0.118 0
432.778 0.118 0
433.32 0.122 0
433.828 0.122 0
434.38 0.136 0
434.908 0.14 0.002
435.588 0.144 0
436.12 0.108 0
436.678 0.122 0.002
438.054 0.112 0.002
438.54 0.112 0
439.134 0.118 0.002
439.686 0.116 0.002
440.264 0.098 0
440.87 0.142 0
441.342 0.12 0.002
441.82 0.118 0.002
442.426 0.128 0.002
443.04 0.15 0.002
444.404 0.094 0
445.724 0.112 0
446.222 0.118 0
446.766 0.164 0.002
447.33 0.098 0.002
447.92 0.136 0.002
448.526 0.132 0.002
449.174 0.164 0.002
450.68 0.098 0
451.482 0.144 0
452.126 0.15 0
453.602 0.116 0.002
454.132 0.134 0
454.718 0.108 0
455.314 0.138 0
455.83 0.116 0
456.416 0.124 0
456.972 0.152 0
457.452 0.126 0
458 0.118 0
458.678 0.12 0
459.296 0.144 0.002
459.924 0.134 0.002
460.432 0.128 0.002
461.082 0.134 0.002
461.744 0.112 0.002
462.56 0.12 0.002
463.248 0.128 0.002
463.79 0.118 0
464.486 0.142 0
465.998 0.108 0.002
466.748 0.116 0
468.234 0.108 0.002
468.9 0.124 0.004
469.568 0.14 0
470.136 0.128 0.002
470.826 0.118 0
471.418 0.132 0
472.178 0.158 0
472.834 0.15 0
473.458 0.124 0
474.074 0.128 0
475.592 0.086 0
476.228 0.122 0
476.918 0.212 0
477.676 0.258 0
478.392 0.192 0
479.846 0.136 0
480.512 0.138 0
