8.632 0.066 0
8.876 0.042 0.002
9.156 0.05 0
9.456 0.056 0
9.712 0.048 0
10.374 0.06 0.002
10.69 0.042 0
10.948 0.06 0
11.226 0.054 0
11.862 0.064 0
12.192 0.058 0
12.456 0.054 0.002
12.756 0.078 0
13.01 0.064 0
13.662 0.058 0
13.936 0.064 0
14.552 0.06 0
14.87 0.072 0
15.174 0.046 0
15.502 0.058 0
15.802 0.05 0.002
16.064 0.046 0
16.338 0.058 0
16.63 0.068 0
16.854 0.034 0
17.112 0.068 0
17.358 0.044 0
17.622 0.046 0.002
17.896 0.05 0
18.586 0.042 0
18.832 0.048 0.002
19.112 0.06 0
19.82 0.05 0
20.516 0.06 0
20.754 0.056 0
21.09 0.048 0
21.858 0.036 0
22.186 0.042 0
22.526 0.066 0
22.882 0.066 0
23.208 0.062 0.002
23.478 0.066 0
23.798 0.058 0
24.066 0.068 0
24.378 0.088 0
24.688 0.068 0.002
25.35 0.076 0
25.752 0.064 0
26.166 0.07 0
26.508 0.07 0.002
26.92 0.062 0
27.244 0.054 0
27.542 0.058 0
27.826 0.08 0
28.286 0.078 0
28.594 0.062 0
29.158 0.062 0
29.77 0.076 0
30.11 0.082 0.002
30.714 0.07 0
31.18 0.082 0
31.81 0.096 0
32.164 0.076 0
32.826 0.08 0.002
33.17 0.056 0
33.544 0.066 0
33.85 0.062 0
34.166 0.08 0
34.464 0.066 0.002
34.832 0.082 0
35.11 0.068 0
35.456 0.062 0
35.794 0.072 0
36.434 0.084 0
36.724 0.08 0
37.324 0.074 0.002
37.93 0.082 0
38.202 0.072 0
38.576 0.076 0
38.916 0.078 0.002
39.224 0.068 0
39.564 0.062 0.002
39.888 0.114 0
40.16 0.086 0.002
40.526 0.078 0
41.142 0.086 0.002
41.568 0.088 0
41.97 0.07 0
42.47 0.09 0
42.982 0.084 0.002
43.302 0.074 0.002
43.696 0.098 0
44.106 0.088 0
44.518 0.094 0
44.886 0.09 0
45.252 0.092 0.002
45.648 0.086 0.002
46.302 0.082 0
46.91 0.094 0
47.388 0.082 0
47.844 0.1 0
48.306 0.082 0
48.776 0.068 0
49.202 0.086 0
49.644 0.088 0
50.104 0.092 0
50.696 0.1 0
51.104 0.088 0
51.498 0.086 0
52.002 0.11 0
52.524 0.104 0
53.262 0.11 0
53.706 0.084 0
54.166 0.108 0
54.868 0.102 0.002
55.586 0.1 0
56.328 0.11 0
57.062 0.126 0
57.566 0.102 0
58.302 0.11 0
58.844 0.118 0
59.394 0.11 0
59.862 0.096 0.002
60.322 0.088 0
61.098 0.108 0
61.592 0.116 0
62.048 0.096 0
62.638 0.128 0.002
63.054 0.09 0
63.584 0.086 0
64.288 0.104 0
64.804 0.128 0
65.424 0.102 0
65.976 0.122 0.002
66.522 0.12 0.002
67.3 0.114 0.002
68.18 0.134 0
68.712 0.13 0.002
69.19 0.118 0
69.806 0.13 0
70.342 0.12 0
70.838 0.096 0
71.442 0.11 0.002
72.06 0.138 0
72.542 0.118 0
73.092 0.092 0
73.9 0.128 0
74.51 0.108 0
75.108 0.118 0
75.698 0.106 0.002
76.296 0.108 0
76.82 0.118 0
77.37 0.122 0
78.146 0.132 0
78.58 0.086 0
79.138 0.138 0
79.656 0.118 0
80.186 0.116 0.002
80.77 0.116 0
81.336 0.138 0
81.908 0.154 0.002
82.476 0.12 0.002
82.938 0.102 0
83.586 0.146 0
84.182 0.118 0
84.794 0.124 0
85.338 0.14 0.002
85.866 0.126 0
86.492 0.114 0
87.092 0.134 0
87.67 0.12 0
88.202 0.122 0
88.984 0.098 0
89.516 0.142 0
90.074 0.104 0
90.588 0.126 0
91.176 0.144 0
92.014 0.116 0.002
92.948 0.15 0
93.522 0.11 0
94.358 0.104 0
94.898 0.144 0.002
95.718 0.086 0.002
96.36 0.108 0.002
96.938 0.102 0
97.538 0.14 0
98.364 0.1 0
98.986 0.158 0
99.514 0.118 0.002
100.06 0.136 0
100.582 0.122 0
101.15 0.152 0.002
101.604 0.092 0
102.276 0.138 0
102.846 0.122 0
103.35 0.102 0
104.198 0.15 0
105.026 0.124 0
105.548 0.106 0
106.052 0.116 0
106.98 0.134 0.002
107.584 0.116 0
108.196 0.14 0
109.002 0.082 0
109.61 0.132 0
110.478 0.12 0
111.022 0.1 0
111.628 0.122 0
112.168 0.116 0
112.708 0.15 0
113.222 0.114 0.004
113.846 0.14 0.002
114.432 0.11 0
115.382 0.15 0
116.01 0.122 0
116.592 0.106 0
117.262 0.134 0
117.926 0.122 0
118.58 0.124 0
119.2 0.128 0
120.142 0.158 0
120.648 0.116 0
121.174 0.112 0
121.75 0.126 0.002
122.718 0.134 0
123.26 0.108 0
123.784 0.138 0
124.29 0.148 0
124.9 0.154 0
125.476 0.12 0
126.01 0.128 0
126.934 0.102 0
127.932 0.11 0.002
128.96 0.116 0
129.522 0.128 0
130.1 0.158 0
131.038 0.098 0.002
131.642 0.152 0
132.132 0.122 0
132.676 0.138 0.002
133.236 0.122 0
134.236 0.102 0
134.876 0.11 0
135.424 0.146 0
135.944 0.098 0
137.07 0.102 0
137.652 0.144 0
138.222 0.108 0
138.794 0.122 0
139.344 0.118 0
139.892 0.096 0
140.47 0.122 0
141.048 0.116 0
141.602 0.138 0
142.172 0.136 0.002
142.686 0.094 0
143.35 0.136 0
143.93 0.122 0
144.964 0.114 0
145.47 0.128 0
146.502 0.11 0
147.068 0.12 0.002
147.688 0.138 0
148.208 0.098 0
149.3 0.152 0
149.84 0.148 0
150.396 0.128 0
150.912 0.09 0
151.454 0.112 0
152.016 0.118 0
153.066 0.12 0
154.062 0.136 0
154.64 0.162 0
155.15 0.124 0
155.756 0.144 0
156.284 0.116 0
156.814 0.124 0
157.326 0.092 0
157.872 0.116 0
158.48 0.148 0
159.06 0.118 0
160.264 0.098 0
160.918 0.114 0
162.044 0.12 0
162.67 0.13 0
163.228 0.12 0
163.836 0.126 0.002
164.45 0.122 0.002
165.046 0.104 0
165.658 0.124 0
166.24 0.122 0
167.362 0.136 0
167.886 0.136 0
168.412 0.12 0
169.586 0.164 0
170.058 0.096 0
170.582 0.11 0
171.214 0.128 0
171.748 0.112 0
172.31 0.126 0
172.892 0.116 0
173.41 0.126 0
173.98 0.104 0
174.538 0.106 0.002
175.676 0.128 0
176.238 0.112 0
176.842 0.144 0
177.43 0.114 0
178.034 0.126 0
179.218 0.114 0
180.306 0.118 0
180.884 0.114 0.002
181.464 0.112 0
182.02 0.108 0
183.282 0.11 0
183.884 0.114 0
185.088 0.088 0
185.666 0.106 0
186.27 0.116 0
186.884 0.122 0
188.174 0.122 0
189.4 0.11 0.002
189.982 0.128 0
190.554 0.122 0
191.112 0.098 0
191.67 0.114 0
192.28 0.132 0
192.828 0.124 0
193.484 0.14 0.002
193.996 0.12 0
194.588 0.134 0
195.102 0.11 0
195.662 0.132 0
196.222 0.11 0
196.832 0.13 0.002
197.37 0.116 0
198.672 0.078 0
200.036 0.098 0
200.578 0.112 0
201.128 0.1 0
201.716 0.13 0
202.264 0.11 0
202.846 0.14 0.002
203.428 0.116 0
204.054 0.132 0.002
204.6 0.134 0
205.15 0.104 0
205.714 0.088 0
207.13 0.126 0
207.69 0.116 0.002
208.236 0.104 0
208.866 0.126 0
210.308 0.126 0
210.91 0.108 0
211.5 0.116 0
212.13 0.106 0.002
212.756 0.124 0
213.286 0.134 0.002
213.874 0.086 0
215.38 0.144 0
215.894 0.104 0
216.482 0.086 0
217.048 0.11 0
217.658 0.102 0
218.226 0.122 0
219.624 0.108 0.002
220.19 0.12 0
220.766 0.116 0
221.292 0.108 0
221.904 0.118 0
222.498 0.122 0
223.938 0.114 0
224.488 0.13 0
225.118 0.126 0
225.72 0.118 0
226.312 0.098 0
226.886 0.126 0.002
227.478 0.114 0.002
229.03 0.128 0.002
229.796 0.13 0
230.454 0.134 0
231.126 0.142 0
231.784 0.13 0.002
232.5 0.134 0
233.008 0.112 0.002
233.648 0.122 0.002
234.262 0.128 0
234.81 0.126 0
235.5 0.142 0.002
236.034 0.134 0
236.576 0.126 0
237.142 0.118 0
237.718 0.152 0.002
238.262 0.118 0
238.808 0.116 0.002
239.374 0.122 0
239.968 0.14 0
240.68 0.142 0
241.322 0.134 0
241.99 0.142 0
242.55 0.134 0
243.208 0.124 0.002
243.78 0.12 0
244.364 0.15 0
244.876 0.126 0
245.5 0.14 0
246.082 0.14 0
246.628 0.12 0
247.2 0.124 0.002
247.792 0.148 0
248.458 0.136 0.002
249.206 0.116 0.002
249.928 0.144 0
250.53 0.146 0
252.008 0.124 0
252.75 0.202 0
253.304 0.144 0.002
253.964 0.122 0
254.526 0.122 0.002
255.168 0.144 0
255.712 0.124 0
256.32 0.152 0.002
256.872 0.14 0.002
257.548 0.138 0
259.124 0.126 0
259.736 0.128 0
260.368 0.124 0.002
260.966 0.128 0.002
262.42 0.16 0
263.758 0.116 0.002
264.354 0.128 0
265.024 0.166 0
265.626 0.17 0
267.106 0.144 0.002
267.726 0.15 0
268.382 0.128 0
269.998 0.156 0
271.474 0.12 0
272.194 0.138 0
272.792 0.168 0.002
273.428 0.122 0
274.086 0.126 0
274.738 0.134 0
275.386 0.138 0
276.04 0.118 0
276.636 0.128 0
277.24 0.136 0
278.76 0.16 0
279.258 0.134 0
279.782 0.112 0
280.45 0.11 0
281.114 0.138 0.002
281.632 0.102 0
282.258 0.156 0
282.806 0.134 0
284.218 0.128 0.002
284.77 0.112 0
285.488 0.146 0
286.054 0.118 0
286.722 0.116 0.002
287.414 0.13 0.002
288.006 0.096 0
289.536 0.13 0.002
290.094 0.118 0.002
290.77 0.156 0.002
291.298 0.112 0
291.898 0.144 0
292.572 0.134 0
293.252 0.148 0.002
293.772 0.12 0
294.394 0.122 0.002
294.99 0.134 0
295.604 0.126 0.002
296.348 0.17 0
297.844 0.154 0
298.524 0.154 0
299.992 0.126 0.002
300.74 0.152 0
301.264 0.122 0.002
302.022 0.144 0
303.402 0.126 0
304.032 0.118 0
304.614 0.126 0
305.154 0.12 0
305.728 0.126 0.002
307.242 0.158 0.002
308.696 0.138 0.002
309.436 0.136 0.002
310.14 0.17 0
310.856 0.16 0
312.464 0.142 0.002
313.222 0.142 0
313.958 0.122 0
314.868 0.142 0
315.466 0.118 0
317.03 0.142 0
318.526 0.118 0
319.224 0.104 0
319.954 0.156 0
320.608 0.16 0
321.28 0.14 0.002
322.116 0.154 0.002
323.088 0.122 0
323.93 0.18 0
324.598 0.104 0
325.378 0.142 0.002
326.016 0.122 0
326.84 0.158 0
327.556 0.132 0
328.232 0.158 0.002
328.82 0.11 0
329.482 0.1 0.002
330.122 0.1 0
330.792 0.114 0
332.252 0.128 0
332.898 0.106 0.002
334.416 0.128 0
335.152 0.124 0
336.582 0.142 0
337.232 0.14 0
337.888 0.126 0.002
338.658 0.136 0
340.258 0.146 0
340.89 0.146 0.002
341.734 0.152 0.002
342.418 0.148 0
343.042 0.114 0
344.568 0.138 0
345.398 0.14 0
346.146 0.134 0.002
346.864 0.142 0
347.692 0.116 0.002
348.462 0.138 0
349.116 0.1 0
349.79 0.136 0
350.446 0.122 0
351.154 0.146 0
352.088 0.146 0
353.464 0.146 0
354.256 0.122 0.002
354.932 0.14 0.002
355.748 0.122 0
356.462 0.136 0
357.288 0.144 0
358.004 0.126 0
358.928 0.136 0.002
360.294 0.104 0
361.094 0.118 0
361.764 0.138 0
362.428 0.116 0
363.924 0.138 0
364.58 0.134 0
365.274 0.14 0
365.92 0.12 0
366.658 0.12 0.002
367.42 0.112 0
368.166 0.12 0
369.734 0.114 0
371.24 0.144 0
372.688 0.128 0
373.338 0.102 0
374.076 0.132 0
374.884 0.138 0.002
375.606 0.132 0
376.28 0.126 0
377.082 0.116 0.006
377.832 0.132 0.002
378.602 0.116 0
379.424 0.13 0
380.206 0.122 0
380.864 0.136 0
381.662 0.11 0.002
382.404 0.144 0
383.082 0.152 0
383.858 0.144 0.002
384.608 0.118 0
385.292 0.118 0
386.046 0.136 0
386.746 0.134 0
387.428 0.13 0.002
388.114 0.134 0
388.912 0.136 0
389.522 0.12 0.002
390.196 0.108 0
391.1 0.124 0
391.88 0.142 0
392.65 0.138 0
393.472 0.108 0.002
394.252 0.134 0
394.948 0.114 0
396.382 0.134 0
397.266 0.132 0
397.968 0.148 0
398.616 0.116 0
400.284 0.124 0.002
401.16 0.116 0
401.864 0.144 0
403.396 0.136 0
404.146 0.136 0
404.78 0.116 0.002
405.388 0.112 0
406.09 0.112 0
406.808 0.106 0
407.516 0.138 0
408.134 0.124 0
408.802 0.138 0
409.46 0.142 0
410.078 0.124 0
410.814 0.118 0.002
411.534 0.112 0.002
413.008 0.134 0
413.71 0.112 0
