7.932 0.026 0
8.164 0.044 0
8.776 0.032 0
9.024 0.042 0
9.636 0.028 0
10.308 0.042 0
10.914 0.046 0
11.104 0.042 0
11.272 0.034 0
11.448 0.048 0
11.614 0.03 0
11.826 0.042 0.002
12.418 0.046 0
12.638 0.04 0.002
12.862 0.05 0
13.062 0.038 0
13.28 0.038 0
13.496 0.034 0
14.102 0.044 0
14.282 0.044 0
14.46 0.048 0
14.668 0.054 0
15.31 0.044 0
16.006 0.044 0
16.61 0.046 0.002
16.792 0.048 0
16.97 0.046 0
17.624 0.048 0
17.81 0.04 0
18.49 0.052 0
18.784 0.07 0
18.956 0.046 0.002
19.598 0.046 0
19.788 0.036 0.002
20.034 0.048 0.002
20.174 0.04 0
20.452 0.048 0
20.594 0.038 0
21.53 0.06 0.002
21.86 0.068 0
22.032 0.056 0
23.068 0.056 0
23.35 0.066 0
23.59 0.06 0
23.798 0.08 0
24.062 0.072 0.002
24.308 0.074 0
25.104 0.076 0
25.43 0.074 0
25.724 0.062 0
26.056 0.058 0
26.368 0.066 0
26.83 0.078 0.002
27.53 0.066 0
27.962 0.072 0.002
28.18 0.052 0
28.586 0.062 0
28.834 0.08 0
29.056 0.08 0
29.436 0.074 0.002
29.83 0.08 0.002
30.04 0.06 0
30.274 0.068 0
30.496 0.056 0
30.868 0.088 0
31.582 0.07 0.002
31.976 0.092 0.002
32.248 0.09 0
32.65 0.064 0
33.004 0.11 0
33.274 0.086 0.002
34.102 0.082 0.002
34.386 0.084 0.002
34.682 0.1 0
35.1 0.09 0
35.572 0.104 0.002
35.906 0.1 0
36.312 0.086 0.002
37.242 0.1 0
37.7 0.098 0
38.118 0.104 0
38.53 0.08 0
39.636 0.104 0.002
40.16 0.112 0.002
40.52 0.106 0
41.434 0.104 0.002
41.96 0.116 0.002
42.55 0.116 0
43.052 0.092 0
44.138 0.09 0
44.638 0.11 0
45.256 0.11 0
45.784 0.11 0
46.314 0.112 0
46.9 0.112 0
47.312 0.104 0
47.804 0.108 0
48.378 0.116 0
49.578 0.102 0
50.066 0.092 0
51.286 0.11 0
51.756 0.106 0
52.204 0.098 0
52.728 0.138 0
54.016 0.114 0.002
54.56 0.114 0
55.208 0.128 0
55.656 0.116 0
56.13 0.14 0
56.648 0.132 0
57.124 0.126 0
57.708 0.13 0.002
58.178 0.12 0.002
59.476 0.124 0
60.02 0.14 0
60.65 0.132 0
61.244 0.132 0
62.626 0.13 0
63.128 0.122 0
64.524 0.124 0
65.03 0.136 0
65.518 0.118 0
66.126 0.098 0
66.642 0.128 0
67.124 0.126 0
67.682 0.118 0.002
68.24 0.142 0.002
68.836 0.12 0
70.244 0.146 0
70.73 0.128 0
71.258 0.104 0.002
71.78 0.136 0
72.27 0.112 0
73.822 0.154 0
74.352 0.124 0
75.722 0.132 0
76.264 0.146 0.002
76.744 0.144 0.002
77.308 0.146 0
77.858 0.116 0.002
78.38 0.156 0.002
78.9 0.126 0
79.618 0.15 0
80.95 0.132 0
81.506 0.11 0
82.962 0.156 0
84.436 0.116 0.002
85.096 0.17 0
86.572 0.158 0
87.09 0.13 0.002
87.728 0.138 0.002
88.242 0.14 0.002
88.98 0.152 0
89.496 0.148 0
90.23 0.144 0
90.794 0.13 0
91.58 0.12 0.002
92.294 0.136 0
92.852 0.134 0
93.546 0.13 0.002
94.256 0.138 0
94.954 0.156 0
95.84 0.16 0
96.642 0.126 0
97.332 0.158 0
98.072 0.124 0
98.8 0.118 0
100.252 0.152 0
100.882 0.142 0.002
101.628 0.142 0.002
102.364 0.14 0.002
103.078 0.15 0
103.716 0.15 0
105.28 0.148 0
106.82 0.162 0
107.42 0.134 0
108.25 0.14 0
109.026 0.14 0
109.784 0.158 0
110.472 0.156 0
111.138 0.128 0
111.798 0.148 0
112.546 0.15 0
113.184 0.134 0.002
113.832 0.148 0
114.5 0.146 0.002
115.162 0.164 0
115.86 0.132 0
116.504 0.162 0
117.222 0.108 0
118.8 0.16 0
119.568 0.156 0
121.12 0.142 0
121.754 0.126 0
122.534 0.156 0
123.396 0.156 0
124.16 0.15 0
125.032 0.136 0
125.678 0.148 0.002
126.33 0.15 0
127.756 0.152 0
128.424 0.166 0
129.29 0.148 0
129.894 0.138 0.002
130.572 0.152 0
131.2 0.156 0
131.81 0.138 0.002
133.346 0.148 0
134.786 0.158 0
135.442 0.146 0
136.134 0.148 0.002
136.906 0.124 0
137.844 0.136 0
138.44 0.132 0.002
139.102 0.15 0
139.836 0.132 0
140.448 0.132 0.002
141.09 0.132 0.002
141.896 0.146 0.002
142.546 0.148 0
143.308 0.156 0.002
143.994 0.162 0.002
144.94 0.176 0
145.604 0.154 0.002
146.37 0.148 0.002
147.092 0.152 0
148.58 0.142 0
149.302 0.136 0
149.97 0.124 0
151.498 0.138 0
152.15 0.148 0
152.79 0.136 0
153.504 0.14 0
154.214 0.12 0
154.98 0.148 0.002
156.454 0.144 0
157.142 0.156 0
157.86 0.148 0.002
158.554 0.156 0
159.14 0.122 0.002
159.864 0.16 0
160.516 0.122 0
161.972 0.126 0
162.722 0.122 0
164.146 0.11 0
164.888 0.152 0
165.474 0.108 0
