7.916 0.036 0
8.02 0.032 0
8.16 0.026 0
8.714 0.03 0
9.248 0.028 0.002
9.462 0.026 0
9.668 0.038 0.002
10.264 0.042 0
10.424 0.04 0.002
10.59 0.036 0
10.884 0.052 0
11.492 0.046 0
11.692 0.042 0
11.926 0.044 0
12.15 0.046 0
12.36 0.044 0
12.58 0.048 0
13.152 0.048 0
13.336 0.056 0
13.524 0.048 0
13.736 0.046 0
13.918 0.042 0
14.106 0.046 0
14.3 0.026 0
14.51 0.05 0
14.722 0.048 0
15.338 0.048 0
15.52 0.048 0
15.692 0.034 0
15.884 0.044 0
16.146 0.048 0
16.818 0.038 0
16.994 0.028 0
17.574 0.042 0
18.278 0.026 0
18.498 0.04 0
18.692 0.052 0
19.334 0.028 0
19.564 0.044 0
19.81 0.048 0
19.984 0.052 0
20.814 0.058 0
20.99 0.042 0
22.02 0.068 0
22.308 0.068 0
22.504 0.062 0
22.812 0.054 0.002
23.57 0.066 0.002
23.802 0.066 0
24.546 0.068 0
24.926 0.066 0
25.156 0.064 0
25.482 0.072 0.002
25.808 0.08 0
26.144 0.08 0.002
26.484 0.068 0
26.966 0.072 0
27.882 0.08 0
28.244 0.08 0.002
28.696 0.088 0
29.064 0.09 0
29.948 0.092 0
30.416 0.078 0
30.718 0.062 0
31.004 0.074 0
31.434 0.11 0
31.732 0.088 0
32.216 0.082 0
32.582 0.072 0
33.5 0.086 0
33.922 0.08 0
34.258 0.092 0.002
34.604 0.074 0
35.096 0.092 0.002
36.14 0.08 0
37.174 0.084 0
37.528 0.104 0.008
38.632 0.096 0
39.018 0.066 0
39.498 0.104 0
39.878 0.088 0
40.364 0.1 0.002
40.734 0.1 0.002
41.244 0.092 0
42.63 0.094 0
43.02 0.106 0
43.458 0.106 0
43.896 0.096 0
44.408 0.116 0
44.814 0.114 0.002
45.278 0.102 0
45.788 0.106 0
46.262 0.086 0
46.756 0.106 0.002
47.164 0.09 0
47.588 0.084 0
48.058 0.114 0
48.464 0.11 0
48.924 0.118 0
49.47 0.112 0
50.87 0.116 0
51.47 0.13 0.002
52.026 0.12 0
53.368 0.098 0
53.864 0.102 0
54.374 0.132 0
55.052 0.134 0
55.714 0.162 0
56.192 0.13 0
57.642 0.114 0.002
58.14 0.106 0.002
58.674 0.136 0
59.33 0.132 0.002
59.914 0.126 0
60.508 0.116 0.004
61.142 0.124 0.002
62.594 0.126 0.002
63.2 0.126 0.002
63.722 0.134 0
64.316 0.148 0
64.82 0.138 0.002
65.348 0.14 0
65.934 0.132 0
66.468 0.134 0
67.08 0.136 0
67.744 0.124 0
68.342 0.144 0
68.866 0.12 0
69.624 0.136 0.002
70.198 0.138 0
71.7 0.142 0
72.258 0.148 0
72.836 0.136 0.002
73.502 0.122 0
74.344 0.146 0.002
74.952 0.146 0
76.504 0.122 0
78.132 0.15 0
78.92 0.17 0.002
79.596 0.16 0
80.264 0.152 0.002
81.806 0.146 0
82.644 0.164 0
83.332 0.124 0.002
83.968 0.136 0
84.798 0.15 0
85.43 0.118 0
87 0.144 0
87.654 0.16 0
88.288 0.148 0
89.038 0.16 0
89.786 0.15 0.002
91.182 0.12 0
92.044 0.152 0
93.526 0.156 0
94.332 0.158 0
95.16 0.144 0
96.71 0.154 0
98.246 0.132 0
99.006 0.152 0.002
100.478 0.14 0
101.276 0.148 0.002
102.052 0.124 0
102.772 0.142 0.002
103.656 0.16 0
104.298 0.156 0
105.09 0.148 0
106.592 0.15 0
107.308 0.148 0.002
107.926 0.162 0
108.748 0.154 0.002
109.48 0.136 0
110.182 0.162 0
111.046 0.134 0
111.822 0.136 0.002
112.47 0.14 0
114.038 0.154 0
114.752 0.142 0.002
115.392 0.136 0.002
116.112 0.152 0.002
116.82 0.128 0
117.598 0.16 0.002
118.34 0.15 0.002
118.992 0.144 0
119.898 0.144 0
120.624 0.156 0
122.194 0.13 0
123.062 0.162 0.002
123.752 0.154 0
125.178 0.148 0
126.676 0.16 0
128.104 0.146 0
128.704 0.126 0.002
