7.686 0.042 0
7.946 0.05 0
8.214 0.052 0
8.512 0.046 0
8.848 0.054 0
9.148 0.058 0
9.434 0.046 0
9.768 0.052 0
10.64 0.054 0
10.962 0.04 0
11.66 0.056 0.002
12.034 0.042 0
12.356 0.046 0
12.724 0.054 0
13.104 0.056 0
13.462 0.052 0
13.788 0.06 0
14.116 0.05 0
14.842 0.062 0
15.13 0.05 0
15.434 0.05 0
16.142 0.062 0
16.848 0.06 0
17.15 0.056 0
17.856 0.06 0
18.508 0.048 0
19.172 0.05 0
19.9 0.058 0
20.468 0.052 0
20.912 0.042 0
21.284 0.066 0
21.564 0.054 0
21.944 0.062 0
22.23 0.044 0
22.544 0.042 0
22.906 0.064 0
23.448 0.054 0
23.994 0.062 0
24.498 0.058 0
24.96 0.052 0
25.484 0.048 0.002
25.832 0.064 0
26.096 0.054 0
26.49 0.052 0
26.838 0.046 0
27.152 0.062 0
27.558 0.06 0
28.032 0.052 0
28.336 0.048 0
28.628 0.048 0
28.934 0.046 0
29.234 0.062 0.002
29.498 0.05 0
29.784 0.056 0
30.254 0.042 0
30.546 0.052 0
30.832 0.056 0
31.088 0.036 0
31.39 0.06 0
31.66 0.048 0
31.91 0.04 0
32.384 0.06 0.002
32.862 0.056 0
33.124 0.048 0
33.592 0.054 0
34.054 0.042 0
34.354 0.056 0
34.638 0.06 0
34.924 0.054 0
35.202 0.042 0
35.488 0.052 0
35.764 0.058 0
36.196 0.04 0
36.474 0.054 0
36.72 0.05 0
37.01 0.056 0
37.46 0.056 0
37.722 0.06 0
38.062 0.05 0
38.616 0.052 0
38.898 0.05 0
39.166 0.058 0
39.61 0.056 0
39.886 0.038 0
40.278 0.048 0
40.536 0.048 0
40.902 0.058 0
41.188 0.052 0
41.436 0.038 0
41.788 0.054 0
42.334 0.046 0
42.71 0.048 0
42.98 0.054 0
43.488 0.044 0
43.906 0.05 0
44.438 0.052 0
44.788 0.046 0.002
45.176 0.064 0
45.44 0.062 0
45.738 0.042 0
46.404 0.03 0
46.664 0.034 0
47.05 0.068 0
47.348 0.06 0
47.718 0.066 0
48.06 0.064 0
48.402 0.062 0
48.746 0.06 0
49.024 0.056 0.002
49.622 0.054 0
50.298 0.062 0
50.61 0.042 0
51.034 0.068 0
51.604 0.062 0
52.226 0.054 0
52.55 0.066 0
52.886 0.07 0
53.518 0.064 0
53.938 0.052 0.002
54.254 0.054 0.002
54.65 0.058 0
54.954 0.058 0
55.182 0.046 0
55.51 0.058 0
56.104 0.054 0
56.392 0.056 0
57.012 0.056 0.002
57.274 0.06 0
57.608 0.054 0
57.902 0.054 0
58.174 0.062 0
58.414 0.058 0.002
58.688 0.076 0
58.912 0.064 0
59.164 0.066 0
59.716 0.058 0
59.96 0.054 0
60.344 0.062 0.002
60.942 0.06 0
61.292 0.06 0.002
61.632 0.056 0
62.236 0.056 0
62.504 0.06 0.002
62.726 0.038 0
63.142 0.04 0.002
63.418 0.062 0.002
63.65 0.052 0
63.902 0.064 0
64.334 0.054 0
64.7 0.052 0.002
64.966 0.074 0
65.594 0.054 0.002
65.97 0.066 0
66.38 0.066 0.002
66.668 0.068 0
67.056 0.06 0.002
67.54 0.066 0
67.856 0.078 0
68.316 0.066 0.002
68.622 0.052 0
69.022 0.064 0
69.696 0.05 0
70.064 0.068 0
70.396 0.07 0.002
70.844 0.07 0
71.21 0.066 0
71.548 0.068 0
71.976 0.058 0
72.758 0.082 0
73.094 0.068 0.002
73.85 0.074 0.002
74.214 0.068 0
74.558 0.072 0
74.934 0.102 0
75.582 0.066 0.002
76.034 0.082 0
76.666 0.066 0
77.142 0.072 0
77.528 0.068 0
78.024 0.078 0
78.516 0.086 0
79.286 0.076 0.002
79.798 0.082 0.002
80.29 0.07 0
80.922 0.086 0
81.83 0.092 0
82.312 0.094 0
82.836 0.108 0.002
83.242 0.1 0
83.692 0.086 0
84.196 0.108 0.002
84.614 0.096 0.002
85.074 0.092 0.002
85.536 0.096 0
86 0.082 0
86.458 0.09 0
86.924 0.094 0.002
87.386 0.098 0
88.208 0.1 0
88.65 0.088 0
89.518 0.098 0.002
90.34 0.084 0.002
90.79 0.09 0
91.266 0.086 0.002
91.782 0.11 0.002
92.226 0.108 0
92.684 0.114 0
93.56 0.096 0
94.394 0.094 0.002
94.862 0.1 0.002
95.33 0.11 0
96.18 0.104 0
96.65 0.098 0
97.094 0.096 0
97.952 0.102 0.002
98.414 0.096 0.002
99.278 0.094 0
99.692 0.096 0
100.156 0.104 0.002
100.592 0.088 0
101.054 0.102 0.002
101.554 0.1 0
102.452 0.106 0
103.304 0.094 0.002
103.772 0.104 0
104.564 0.106 0
104.996 0.104 0.002
105.472 0.106 0
105.898 0.092 0.002
106.564 0.104 0
107.04 0.1 0.002
107.526 0.102 0
108.012 0.104 0
108.474 0.102 0
109.136 0.088 0.002
109.62 0.102 0.002
110.132 0.096 0
110.638 0.11 0
111.088 0.094 0.002
111.494 0.054 0
112.464 0.092 0
112.964 0.14 0.002
113.424 0.094 0
113.944 0.118 0
114.458 0.1 0.002
115.008 0.1 0.004
115.472 0.084 0
116.004 0.104 0
116.472 0.108 0
116.988 0.114 0
117.488 0.092 0
117.964 0.094 0.002
118.608 0.106 0
119.484 0.1 0
120.016 0.112 0.002
120.512 0.094 0
121.032 0.096 0
121.496 0.088 0
122.002 0.104 0
122.528 0.1 0.002
123.038 0.096 0.002
123.548 0.106 0
124.084 0.102 0
124.588 0.086 0.002
125.094 0.106 0.002
125.586 0.106 0.002
126.024 0.096 0.002
126.5 0.102 0
127.012 0.098 0.002
127.534 0.104 0
127.968 0.09 0
128.47 0.072 0
129.444 0.114 0
129.896 0.088 0
130.436 0.112 0.002
130.896 0.094 0
131.78 0.088 0
132.294 0.102 0.002
132.792 0.112 0.002
133.66 0.102 0.002
134.176 0.1 0.002
134.644 0.104 0
135.118 0.082 0
135.596 0.098 0
136.12 0.114 0.002
136.868 0.116 0
137.334 0.086 0.002
137.778 0.086 0
138.26 0.118 0.002
138.724 0.098 0
139.292 0.086 0
139.926 0.096 0
140.408 0.098 0
140.898 0.094 0
141.396 0.092 0.002
141.876 0.072 0.002
142.88 0.086 0.002
143.456 0.106 0
143.968 0.108 0
144.464 0.104 0
145.382 0.112 0
145.908 0.092 0
146.426 0.102 0.002
147.352 0.104 0
147.912 0.104 0
148.416 0.1 0
148.934 0.1 0
149.484 0.104 0.002
150.004 0.11 0
150.52 0.088 0
151.202 0.104 0
151.742 0.096 0
152.264 0.104 0
152.816 0.102 0
153.314 0.12 0.002
153.828 0.122 0.002
154.326 0.086 0.002
154.866 0.108 0.002
155.612 0.1 0.002
156.12 0.104 0.002
156.646 0.096 0
157.116 0.108 0
157.872 0.086 0
158.402 0.096 0.004
158.878 0.104 0
159.382 0.124 0.002
160.058 0.096 0
160.878 0.1 0
161.668 0.112 0.002
162.146 0.09 0
162.66 0.1 0.002
163.202 0.108 0
163.676 0.088 0.002
164.132 0.092 0.002
164.742 0.09 0
165.238 0.086 0
165.814 0.114 0.002
166.398 0.116 0.002
166.93 0.11 0
167.366 0.094 0.002
167.878 0.098 0
168.388 0.094 0.002
168.91 0.106 0
169.448 0.102 0
169.972 0.096 0
170.45 0.106 0.002
170.928 0.1 0.002
171.424 0.086 0
171.946 0.1 0
172.46 0.09 0
172.992 0.1 0
173.604 0.092 0
174.24 0.112 0
174.774 0.096 0.002
175.302 0.102 0
175.798 0.104 0
176.27 0.098 0
176.79 0.096 0.002
177.29 0.092 0.002
177.816 0.096 0.002
178.87 0.108 0.002
179.364 0.09 0.002
180.364 0.1 0
180.892 0.112 0
181.848 0.108 0.002
182.392 0.098 0
182.88 0.086 0
183.408 0.086 0.002
183.98 0.128 0.002
184.526 0.094 0
185.072 0.1 0
185.634 0.124 0.002
186.156 0.104 0.002
187.148 0.096 0
187.684 0.124 0
188.612 0.086 0
189.64 0.126 0.002
190.138 0.104 0.002
190.686 0.128 0.002
191.152 0.106 0
191.69 0.118 0.002
192.2 0.11 0.002
192.74 0.11 0
193.244 0.102 0.002
193.774 0.114 0.002
194.296 0.106 0.002
194.75 0.066 0
195.354 0.114 0.002
195.85 0.092 0.004
196.364 0.104 0.002
196.962 0.106 0.002
197.48 0.106 0
198.056 0.108 0.002
198.618 0.116 0
199.188 0.112 0
199.714 0.126 0
200.276 0.118 0
200.81 0.118 0
201.8 0.12 0
202.32 0.114 0
202.818 0.104 0
203.916 0.118 0.002
204.45 0.1 0.002
205.022 0.09 0
205.544 0.096 0
206.536 0.1 0.002
207.074 0.108 0.002
207.618 0.098 0
208.154 0.12 0.004
208.696 0.104 0
209.266 0.1 0.002
210.286 0.092 0
210.86 0.106 0.002
211.9 0.114 0
212.4 0.106 0
212.934 0.096 0
213.488 0.124 0.002
213.96 0.102 0.002
214.456 0.096 0
214.98 0.086 0
216.046 0.092 0.002
216.668 0.142 0
217.188 0.128 0
218.226 0.098 0.002
218.736 0.086 0.004
219.342 0.112 0.002
220.394 0.102 0.002
220.918 0.108 0.002
221.474 0.118 0
222.062 0.114 0
223.198 0.09 0.002
223.75 0.096 0.002
224.26 0.088 0
224.722 0.096 0.002
225.262 0.11 0
225.79 0.088 0.002
226.856 0.114 0
227.368 0.11 0
227.92 0.088 0
228.532 0.104 0.004
229.648 0.118 0
230.168 0.1 0
230.718 0.086 0.002
231.226 0.09 0
231.776 0.072 0
232.366 0.098 0.002
232.92 0.106 0.002
233.428 0.098 0.002
234.044 0.166 0.002
234.528 0.084 0
235.142 0.124 0
235.746 0.118 0
236.246 0.116 0
237.48 0.098 0
238.86 0.106 0
240.192 0.112 0
241.282 0.124 0
241.834 0.116 0
242.38 0.104 0
242.962 0.13 0
243.532 0.116 0.002
244.07 0.11 0.002
244.678 0.132 0
245.82 0.12 0.002
246.374 0.126 0
246.942 0.108 0
247.504 0.132 0.002
248.126 0.1 0.002
248.712 0.124 0.002
249.288 0.124 0
249.836 0.108 0
250.432 0.118 0
251.01 0.108 0.002
251.718 0.114 0
252.386 0.1 0
253.136 0.142 0.002
253.756 0.12 0.002
254.472 0.102 0.004
255.22 0.11 0
256.684 0.112 0.002
257.432 0.132 0
258.186 0.164 0.002
258.86 0.176 0.002
259.468 0.138 0
260.868 0.148 0.002
262.344 0.104 0.002
263.048 0.136 0
263.844 0.14 0
264.42 0.144 0.002
265.08 0.138 0.002
265.872 0.146 0
266.612 0.15 0
267.248 0.126 0
268.182 0.144 0
269.036 0.192 0
269.928 0.18 0.002
270.59 0.134 0.002
271.24 0.132 0
272.03 0.146 0
272.9 0.148 0
273.704 0.13 0
274.406 0.15 0.002
275.218 0.154 0
275.972 0.092 0
276.592 0.154 0
277.48 0.276 0
278.176 0.128 0.004
279.276 0.224 0
280.068 0.148 0
280.856 0.102 0.002
281.798 0.16 0.002
282.516 0.136 0
283.528 0.19 0.002
284.258 0.164 0
285.81 0.162 0.002
286.704 0.262 0
288.182 0.156 0
288.952 0.138 0.002
290.524 0.14 0
291.254 0.082 0
292.67 0.202 0.002
293.588 0.156 0
295.138 0.132 0.002
296.032 0.156 0
297.614 0.16 0.002
298.434 0.14 0
299.264 0.162 0
300.06 0.126 0
300.896 0.142 0
301.682 0.176 0
302.632 0.16 0.002
303.508 0.172 0
304.42 0.212 0.002
305.142 0.138 0
306.12 0.172 0
307.704 0.17 0.002
309.204 0.166 0
310.026 0.144 0
310.952 0.152 0.002
311.756 0.14 0
312.658 0.15 0
313.418 0.124 0
314.422 0.158 0.002
315.23 0.136 0
315.964 0.148 0
316.774 0.146 0
318.458 0.154 0
319.238 0.13 0.002
319.958 0.16 0
320.774 0.128 0
321.572 0.142 0
322.236 0.156 0
323.028 0.136 0.002
323.824 0.176 0
324.65 0.148 0
325.35 0.15 0
326.112 0.14 0
326.978 0.136 0
327.922 0.188 0
328.606 0.134 0
329.394 0.152 0
330.096 0.156 0.004
330.792 0.122 0.002
331.764 0.18 0
332.55 0.166 0
333.704 0.38 0.002
334.732 0.17 0
335.436 0.152 0
336.322 0.136 0
337.012 0.134 0
337.76 0.168 0
338.712 0.168 0
339.572 0.144 0
340.43 0.138 0
341.278 0.138 0
342.086 0.136 0
343.476 0.144 0
344.308 0.148 0.002
345.16 0.186 0.002
345.924 0.148 0.002
346.91 0.246 0
347.814 0.146 0
349.496 0.136 0.002
351.136 0.158 0
352.746 0.164 0
354.23 0.186 0
355.786 0.178 0
356.73 0.162 0
357.482 0.166 0
358.326 0.166 0
359.118 0.144 0
360.026 0.128 0
360.918 0.136 0
361.672 0.168 0
362.436 0.156 0
364.088 0.168 0
