8.428 0.044 0
8.62 0.018 0
8.81 0.042 0
8.978 0.04 0
9.588 0.036 0
9.758 0.04 0.002
9.9 0.02 0
10.082 0.036 0
10.286 0.03 0
10.488 0.04 0
10.726 0.018 0
11.308 0.03 0
11.496 0.042 0.002
11.67 0.036 0
11.84 0.038 0
11.998 0.028 0
12.594 0.034 0
12.782 0.04 0
13.04 0.04 0
13.22 0.038 0
13.41 0.048 0
13.666 0.038 0.002
14.228 0.042 0
14.402 0.036 0
14.662 0.04 0
14.828 0.034 0.002
15.016 0.032 0
15.264 0.034 0.002
15.528 0.04 0.002
15.708 0.032 0.002
16.314 0.034 0.002
16.51 0.038 0
16.674 0.034 0
16.876 0.026 0.002
17.07 0.04 0
17.264 0.04 0
17.434 0.03 0
17.62 0.046 0
17.818 0.038 0
17.982 0.04 0
18.224 0.04 0
18.398 0.034 0
18.954 0.042 0
19.132 0.044 0
19.302 0.042 0
19.862 0.03 0
20.148 0.03 0
20.3 0.024 0
20.92 0.066 0
21.322 0.04 0
21.478 0.032 0
21.64 0.034 0
21.878 0.034 0
22.044 0.04 0
22.614 0.036 0
22.772 0.038 0
22.922 0.034 0
23.614 0.04 0
23.814 0.032 0
24.038 0.05 0
24.246 0.05 0
24.574 0.044 0
24.908 0.03 0
25.57 0.028 0.002
25.788 0.05 0
26.096 0.046 0
26.246 0.04 0.002
26.55 0.056 0
26.81 0.054 0
27.188 0.044 0
27.4 0.062 0
27.604 0.062 0.002
27.822 0.05 0
28.036 0.048 0
28.208 0.048 0
28.404 0.062 0
29.206 0.062 0.002
29.548 0.052 0
29.838 0.074 0.002
30.038 0.068 0.002
30.322 0.074 0
30.706 0.078 0
30.924 0.076 0
31.17 0.076 0.002
31.458 0.064 0
32.106 0.066 0
32.372 0.07 0
32.756 0.074 0.002
33.126 0.074 0.002
33.556 0.072 0
33.866 0.062 0
34.124 0.076 0.002
34.43 0.064 0
34.716 0.062 0
35.074 0.092 0
35.294 0.058 0.002
35.624 0.076 0.002
35.96 0.078 0.002
36.394 0.084 0
36.662 0.066 0
37.312 0.086 0
37.702 0.09 0
38.106 0.08 0
38.436 0.098 0.002
38.782 0.082 0
39.512 0.09 0
39.886 0.106 0
40.268 0.088 0
40.63 0.11 0.002
40.978 0.092 0.002
41.466 0.102 0.002
41.924 0.076 0
42.336 0.1 0
42.738 0.11 0.002
43.158 0.106 0
43.994 0.118 0
44.486 0.118 0
44.894 0.108 0.002
45.282 0.11 0
45.888 0.11 0.002
46.306 0.1 0
46.732 0.11 0.002
47.288 0.132 0
48.3 0.126 0.002
48.734 0.124 0.002
49.178 0.116 0.002
49.784 0.136 0.002
50.404 0.134 0
51.1 0.148 0
51.64 0.15 0
52.29 0.136 0
52.79 0.11 0
54.192 0.128 0.002
54.76 0.148 0.002
55.308 0.114 0
55.926 0.18 0
56.516 0.156 0
57.266 0.128 0
57.898 0.142 0
58.67 0.15 0
59.3 0.148 0
60.074 0.174 0
60.884 0.176 0
62.46 0.15 0.002
63.314 0.158 0
63.904 0.166 0
64.72 0.146 0.002
65.556 0.148 0
66.24 0.178 0.002
66.902 0.184 0
67.646 0.17 0.002
68.372 0.192 0
69.004 0.13 0.002
69.852 0.188 0
70.628 0.142 0
71.546 0.17 0
72.406 0.196 0.002
73.298 0.146 0
74.182 0.172 0.002
74.95 0.186 0
75.85 0.188 0
76.838 0.206 0
77.728 0.188 0
78.672 0.22 0
80.39 0.168 0
81.354 0.188 0
83.128 0.202 0
84.81 0.174 0
85.602 0.152 0.002
86.608 0.198 0
88.31 0.194 0
89.206 0.198 0.002
90.264 0.216 0
91.274 0.182 0
92.28 0.182 0
93.344 0.202 0
94.308 0.214 0
95.174 0.182 0
96.2 0.202 0
97.198 0.19 0
98.094 0.2 0
99.194 0.158 0
100.15 0.186 0
101.132 0.19 0.002
103.034 0.226 0
104.15 0.174 0
106.036 0.222 0
107.1 0.204 0
108.78 0.198 0
109.836 0.186 0.002
110.904 0.214 0.002
112.76 0.206 0.002
113.666 0.214 0
114.658 0.176 0
115.766 0.194 0
116.65 0.228 0
118.332 0.206 0
119.344 0.21 0
121.178 0.208 0
122.212 0.212 0.002
123.154 0.208 0
124.092 0.212 0
125.11 0.204 0.002
126.006 0.194 0
127.778 0.22 0
128.606 0.178 0
129.702 0.222 0.002
130.688 0.212 0
131.53 0.16 0
132.46 0.202 0
133.402 0.216 0
134.388 0.184 0.002
135.282 0.214 0
137.144 0.244 0
138.164 0.202 0.002
139.914 0.206 0
140.936 0.222 0
141.806 0.178 0
142.79 0.198 0
143.862 0.176 0
144.944 0.206 0
145.794 0.19 0.002
146.72 0.194 0
147.674 0.196 0
148.636 0.218 0
149.58 0.186 0.002
150.438 0.2 0
151.524 0.19 0
152.51 0.208 0.002
154.206 0.2 0.002
155.208 0.21 0
156.2 0.206 0
157.23 0.17 0
158.976 0.206 0.002
159.894 0.222 0
160.932 0.228 0
161.988 0.204 0
163.046 0.21 0.002
163.928 0.204 0
165.024 0.224 0
166.004 0.188 0
166.996 0.172 0
167.956 0.224 0
169.022 0.198 0
170.074 0.216 0
170.966 0.184 0
172.014 0.204 0
173.796 0.19 0
174.858 0.192 0
175.816 0.224 0
176.664 0.206 0
177.638 0.212 0.004
178.544 0.214 0.002
180.228 0.194 0.002
181.228 0.2 0
182.222 0.208 0
183.08 0.176 0
184.192 0.2 0
185.334 0.222 0
186.216 0.198 0
187.12 0.234 0
