6.892 0.024 0
7.052 0.034 0
7.628 0.016 0.004
7.898 0.034 0
8.474 0.028 0
8.668 0.032 0
9.244 0.03 0
9.852 0.028 0
10.09 0.038 0
10.312 0.024 0
10.566 0.024 0
10.794 0.044 0.002
11.02 0.04 0
11.206 0.042 0
11.434 0.024 0
12.046 0.046 0
12.248 0.036 0
12.466 0.044 0.002
13.084 0.042 0
13.302 0.046 0
13.534 0.04 0.002
13.766 0.044 0
14.438 0.04 0
15.044 0.046 0
15.684 0.036 0.002
16.312 0.046 0.002
16.934 0.044 0
17.542 0.04 0
17.788 0.036 0
18.07 0.048 0.002
18.27 0.032 0
18.484 0.044 0
18.752 0.028 0.002
19.39 0.04 0
20.062 0.042 0
20.73 0.044 0
21.386 0.034 0
22.096 0.042 0
22.708 0.044 0
23.298 0.034 0
23.502 0.028 0
24.094 0.038 0
24.372 0.032 0
24.572 0.046 0
24.842 0.04 0
25.038 0.038 0
25.18 0 0
25.344 0.028 0
25.53 0.036 0
25.75 0.04 0
25.934 0.042 0
26.518 0.036 0
26.716 0.044 0
26.898 0.04 0
27.558 0.032 0
27.862 0.04 0
28.076 0.038 0
28.278 0.042 0
28.862 0.034 0
29.064 0.04 0
29.282 0.034 0
29.946 0.032 0
30.184 0.042 0
30.492 0.044 0
30.706 0.044 0
30.894 0.04 0
31.588 0.044 0
31.734 0.044 0
31.962 0.046 0
32.102 0.024 0
32.48 0.046 0
32.838 0.044 0
33.038 0.032 0
33.23 0.046 0.002
33.488 0.054 0
34.472 0.058 0
34.676 0.048 0.002
35.576 0.072 0.002
35.84 0.062 0
36.16 0.07 0
36.394 0.058 0
36.832 0.054 0
37.132 0.07 0.002
37.918 0.066 0
38.326 0.068 0
38.664 0.066 0
38.91 0.076 0
39.726 0.066 0
40.106 0.052 0
40.372 0.068 0.002
40.61 0.066 0
40.86 0.066 0
41.132 0.078 0.002
41.546 0.084 0
41.936 0.064 0
42.26 0.074 0
43.062 0.082 0
43.544 0.068 0
43.83 0.078 0
44.104 0.078 0.002
44.37 0.074 0
44.776 0.1 0
45.132 0.086 0
45.622 0.084 0
46.048 0.084 0
46.864 0.084 0
47.334 0.078 0
48.104 0.084 0
48.5 0.098 0
49.268 0.088 0
49.66 0.116 0
50.434 0.092 0.002
51.32 0.092 0
52.168 0.1 0
52.696 0.124 0.002
53.648 0.136 0
54.172 0.142 0
54.608 0.108 0
55.888 0.114 0
56.348 0.146 0
57.542 0.132 0
58.144 0.132 0.002
58.704 0.152 0.002
59.17 0.134 0
59.662 0.116 0
61.008 0.14 0
61.624 0.152 0.002
62.196 0.138 0
62.872 0.132 0
63.398 0.14 0
63.96 0.148 0.002
64.486 0.134 0
65.154 0.154 0
66.746 0.156 0.002
68.204 0.164 0.002
68.964 0.172 0
69.82 0.142 0
70.704 0.178 0.002
71.364 0.164 0.002
72.06 0.172 0
72.83 0.168 0
73.608 0.168 0
75.1 0.182 0
75.782 0.182 0
76.602 0.15 0
77.286 0.11 0
77.976 0.144 0
78.914 0.188 0
79.806 0.13 0
80.62 0.152 0
82.292 0.18 0
83.162 0.16 0.002
84.028 0.194 0
84.932 0.168 0.002
85.752 0.172 0
86.786 0.196 0
88.368 0.144 0
89.39 0.184 0
90.314 0.176 0
91.9 0.172 0
92.7 0.19 0
93.606 0.194 0
94.482 0.17 0
95.41 0.186 0
96.388 0.202 0
98.03 0.172 0
98.87 0.188 0
99.788 0.204 0.002
100.582 0.194 0
101.546 0.204 0
102.482 0.19 0
103.4 0.208 0
104.298 0.202 0.002
105.15 0.2 0
106.83 0.186 0
107.824 0.188 0
108.622 0.198 0
109.49 0.178 0
110.3 0.2 0.002
111.998 0.206 0
113.718 0.18 0.002
115.404 0.2 0
116.19 0.198 0
116.954 0.16 0
117.924 0.172 0
118.898 0.226 0
119.672 0.218 0
120.7 0.182 0.002
121.604 0.182 0
122.566 0.166 0.002
123.454 0.196 0
124.406 0.188 0.002
126.128 0.178 0
127.104 0.174 0
128.008 0.182 0
129.636 0.182 0
131.296 0.206 0
132.178 0.186 0.002
133.046 0.164 0
133.886 0.188 0.002
134.772 0.19 0
135.638 0.168 0.002
136.424 0.196 0.002
137.326 0.194 0
138.36 0.172 0
139.174 0.19 0
139.956 0.158 0
140.758 0.166 0
141.764 0.156 0
142.678 0.208 0.002
143.632 0.192 0
144.42 0.204 0
145.202 0.166 0
146.124 0.168 0
147.04 0.202 0
147.912 0.15 0
149.578 0.212 0
150.582 0.19 0.002
151.582 0.184 0.002
152.57 0.21 0.002
154.134 0.19 0
154.93 0.156 0
155.82 0.17 0.002
156.616 0.2 0
157.466 0.164 0.002
158.398 0.204 0
159.168 0.15 0
160.188 0.2 0
161.816 0.188 0
162.592 0.17 0
163.484 0.166 0
