7.52 0.03 0
8.056 0.05 0
8.672 0.046 0
8.868 0.034 0
9.038 0.044 0
9.686 0.054 0
9.898 0.052 0
10.518 0.054 0
11.072 0.04 0
11.368 0.038 0
11.968 0.034 0
12.194 0.05 0
12.472 0.052 0
12.708 0.052 0
12.932 0.05 0.002
13.176 0.052 0
13.394 0.054 0
13.654 0.044 0
13.882 0.046 0
14.556 0.046 0
15.182 0.046 0
15.394 0.052 0.002
15.604 0.056 0
15.828 0.058 0
16.026 0.054 0.002
16.226 0.046 0
16.428 0.032 0
16.686 0.052 0
16.914 0.056 0
17.108 0.046 0
17.33 0.054 0
17.624 0.056 0
17.818 0.038 0
18.022 0.042 0
18.254 0.058 0.002
18.466 0.044 0
18.68 0.05 0
18.906 0.048 0
19.14 0.054 0
19.364 0.046 0
19.674 0.052 0
19.912 0.054 0
20.526 0.052 0
20.772 0.042 0
21.024 0.062 0
21.632 0.046 0
22.232 0.048 0
22.484 0.056 0
22.718 0.044 0
23.026 0.04 0
23.346 0.04 0
23.576 0.05 0
23.806 0.048 0
24.058 0.044 0.002
24.356 0.056 0.002
24.978 0.052 0
25.264 0.052 0
25.504 0.05 0
25.748 0.032 0.002
25.998 0.05 0.002
26.62 0.05 0.002
26.834 0.04 0
27.1 0.04 0
27.338 0.054 0
27.548 0.044 0
28.214 0.056 0
28.452 0.04 0
28.768 0.05 0
29.008 0.036 0.002
29.234 0.052 0
29.444 0.048 0
29.74 0.052 0
29.996 0.05 0
30.654 0.042 0
30.888 0.056 0
31.558 0.046 0
32.222 0.032 0
32.454 0.048 0
33.072 0.042 0.002
33.296 0.038 0
33.534 0.042 0
33.766 0.046 0.002
33.994 0.056 0
34.218 0.044 0
34.46 0.068 0
34.65 0.054 0
34.862 0.052 0
35.08 0.05 0
35.204 0.038 0
35.412 0.05 0
35.612 0.046 0
36.22 0.046 0.002
36.844 0.034 0
37.066 0.05 0
37.366 0.044 0
38.196 0.05 0
38.4 0.048 0
38.626 0.058 0
38.818 0.058 0
39.114 0.054 0
39.316 0.034 0
39.984 0.03 0
40.266 0.064 0
40.542 0.06 0
41.538 0.05 0
41.764 0.058 0
41.976 0.058 0
42.352 0.062 0
42.672 0.066 0.002
43.108 0.072 0.002
43.36 0.082 0
43.684 0.076 0.002
43.948 0.07 0
44.264 0.094 0.002
44.526 0.072 0
45.386 0.08 0.002
45.724 0.084 0
46.12 0.1 0.002
46.564 0.094 0
46.902 0.082 0.002
47.192 0.076 0
48.086 0.086 0
48.396 0.082 0
48.744 0.092 0
49.104 0.094 0.002
49.366 0.08 0
49.702 0.09 0
50.068 0.092 0
50.486 0.09 0.002
50.828 0.082 0
51.132 0.094 0.002
51.476 0.072 0
51.84 0.1 0
52.226 0.076 0
52.546 0.086 0
52.854 0.096 0.002
53.676 0.09 0
54.114 0.098 0.002
55.02 0.092 0.002
55.362 0.094 0
55.724 0.104 0
56.04 0.084 0
56.39 0.098 0
56.858 0.112 0
57.758 0.114 0
58.64 0.106 0
59.16 0.116 0
59.718 0.124 0
60.114 0.11 0
60.638 0.134 0.002
61.198 0.122 0
62.154 0.128 0.002
62.714 0.126 0.002
63.186 0.114 0
64.11 0.124 0.002
64.576 0.112 0
65.052 0.132 0
65.548 0.112 0.002
66.032 0.118 0
66.478 0.124 0
66.88 0.102 0
67.308 0.114 0
67.802 0.134 0
68.272 0.11 0
68.98 0.128 0
70.184 0.136 0
70.778 0.13 0
71.226 0.15 0
71.818 0.128 0
72.468 0.104 0
73.002 0.156 0
73.668 0.148 0
75.032 0.154 0
75.518 0.144 0
76.012 0.132 0.002
76.806 0.15 0
77.362 0.138 0
77.894 0.116 0
78.562 0.132 0
80.036 0.16 0
80.546 0.11 0
81.252 0.152 0
81.984 0.156 0
82.7 0.142 0
84.08 0.136 0
84.828 0.13 0
85.444 0.172 0
86.206 0.152 0.002
86.796 0.146 0.002
87.418 0.166 0
88.134 0.154 0
88.864 0.158 0.002
89.638 0.116 0
90.336 0.128 0.002
91.178 0.184 0
91.978 0.156 0
92.76 0.182 0
93.65 0.184 0.002
94.44 0.178 0.002
96.128 0.202 0
97.052 0.16 0
98.012 0.174 0
98.926 0.198 0.002
99.912 0.186 0
100.698 0.178 0
101.656 0.182 0
102.594 0.172 0
103.68 0.204 0.002
104.542 0.194 0
105.396 0.194 0
107.072 0.196 0.002
107.976 0.192 0.002
108.82 0.204 0
109.814 0.198 0
111.566 0.158 0.002
112.418 0.19 0.002
113.184 0.172 0
114.11 0.2 0
114.952 0.202 0
115.926 0.198 0
116.824 0.188 0
117.85 0.176 0.002
118.818 0.172 0
119.776 0.188 0.002
120.69 0.208 0.002
121.506 0.162 0
122.476 0.202 0
123.416 0.196 0
124.266 0.2 0
125.146 0.22 0
126.846 0.164 0
127.698 0.152 0.002
128.656 0.174 0
129.514 0.196 0.002
130.35 0.158 0.002
131.284 0.202 0
132.236 0.184 0.002
133.084 0.17 0.002
133.936 0.186 0.002
134.882 0.17 0
135.81 0.222 0.002
136.65 0.2 0
137.486 0.206 0
138.324 0.218 0.002
139.118 0.208 0
139.942 0.154 0
140.968 0.2 0
141.934 0.192 0
143.018 0.21 0
143.976 0.168 0.002
145.728 0.204 0
146.788 0.178 0.002
147.684 0.192 0
149.342 0.196 0.002
150.948 0.176 0
151.776 0.158 0
152.612 0.202 0
153.636 0.212 0
154.402 0.194 0
156.08 0.196 0
157.802 0.208 0
158.588 0.186 0
159.442 0.196 0
160.272 0.158 0
161.276 0.17 0
162.148 0.226 0
163.066 0.18 0.002
164.756 0.162 0.002
166.45 0.194 0
168.072 0.196 0
168.896 0.212 0.002
170.498 0.18 0
171.388 0.172 0.002
172.48 0.184 0
174.206 0.184 0
175.052 0.194 0
