7.104 0.04 0
7.602 0.026 0
8.206 0.046 0
8.366 0.018 0
8.62 0.044 0
9.312 0.058 0
9.546 0.046 0.002
9.842 0.026 0
10.158 0.03 0
10.428 0.044 0.002
10.704 0.058 0
10.988 0.048 0
11.81 0.056 0
12.108 0.054 0
12.406 0.054 0
12.758 0.05 0
13.082 0.046 0
13.4 0.052 0
13.692 0.038 0
14.04 0.048 0
14.278 0.052 0
14.62 0.048 0
14.862 0.06 0
15.18 0.046 0
16.154 0.062 0
16.492 0.058 0
16.74 0.042 0
17.772 0.062 0.002
18.062 0.048 0
19.122 0.066 0.002
19.396 0.044 0.002
19.886 0.078 0
20.198 0.072 0
21.228 0.08 0
22.3 0.068 0.002
22.648 0.058 0.002
23.694 0.064 0
24.158 0.074 0.002
24.528 0.092 0
24.878 0.084 0
25.238 0.074 0
25.786 0.098 0
26.232 0.086 0.002
27.42 0.086 0.002
27.928 0.076 0
28.354 0.084 0
28.71 0.08 0
29.112 0.082 0.002
29.658 0.092 0.002
30.182 0.094 0
30.666 0.096 0.002
31.144 0.108 0
31.682 0.108 0
32.29 0.116 0.002
32.796 0.108 0
33.386 0.12 0
34.022 0.102 0.002
34.746 0.128 0
36.122 0.108 0
36.826 0.136 0
37.386 0.124 0.002
38.826 0.102 0
39.546 0.134 0
40.226 0.13 0.002
41.6 0.114 0
42.306 0.118 0
43.784 0.146 0.002
45.116 0.132 0
45.758 0.12 0
46.454 0.146 0
47.256 0.13 0
47.858 0.132 0
48.602 0.142 0.002
49.296 0.118 0
50.002 0.146 0.002
50.588 0.13 0
51.274 0.14 0
51.88 0.138 0.002
52.438 0.138 0
53.034 0.11 0
53.652 0.134 0
54.476 0.122 0.002
55.352 0.13 0.002
56.008 0.112 0.004
56.714 0.142 0.002
57.352 0.132 0
57.966 0.13 0.002
58.55 0.108 0
59.23 0.106 0
60.066 0.116 0.002
60.67 0.13 0
61.286 0.132 0.002
62.082 0.15 0
62.684 0.126 0
64.044 0.128 0
64.652 0.13 0
65.316 0.13 0
66.068 0.154 0
66.65 0.138 0
67.384 0.118 0.002
67.988 0.122 0
68.766 0.122 0
69.564 0.144 0
70.302 0.138 0.002
71.712 0.146 0
72.312 0.138 0
72.984 0.158 0
73.596 0.142 0.002
74.892 0.12 0
75.482 0.116 0
76.188 0.138 0.002
76.866 0.134 0
77.5 0.122 0
78.106 0.15 0
