8.09 0.062 0
8.314 0.042 0
8.542 0.046 0
8.8 0.052 0
9.056 0.056 0
9.324 0.044 0
9.634 0.064 0
9.928 0.036 0
10.25 0.048 0
10.606 0.046 0
10.918 0.056 0
11.174 0.054 0
11.502 0.048 0
12.234 0.06 0
12.51 0.054 0
12.774 0.054 0
13.428 0.052 0
13.726 0.058 0
14.526 0.042 0
14.864 0.06 0
15.598 0.06 0
15.922 0.056 0
16.304 0.072 0
16.568 0.064 0
17 0.058 0
18.116 0.08 0
18.44 0.09 0
18.976 0.074 0.002
19.466 0.084 0
19.94 0.1 0.002
21.132 0.08 0
21.506 0.086 0
22.026 0.088 0.004
22.528 0.11 0
23.016 0.078 0
24.276 0.11 0
24.86 0.116 0
25.406 0.1 0
26.652 0.094 0
27.902 0.08 0.002
28.364 0.11 0
28.78 0.11 0
29.182 0.11 0
29.78 0.124 0
30.276 0.108 0
30.96 0.134 0
31.47 0.12 0
31.938 0.098 0
33.176 0.11 0
33.858 0.144 0
34.498 0.144 0
35.188 0.116 0
35.758 0.144 0
36.446 0.116 0
37.198 0.158 0
37.868 0.138 0
38.412 0.128 0
39.082 0.138 0
39.66 0.14 0.002
40.212 0.142 0
40.752 0.12 0.002
42.156 0.126 0
43.564 0.164 0
44.124 0.132 0
44.658 0.154 0
45.374 0.16 0
46.012 0.158 0
46.816 0.168 0
47.62 0.16 0
48.386 0.174 0
49.034 0.17 0
49.656 0.138 0
50.482 0.144 0.002
51.066 0.152 0
51.874 0.168 0.002
52.496 0.148 0
53.916 0.172 0
54.752 0.162 0.002
56.286 0.174 0
57.076 0.138 0
58.674 0.19 0
59.4 0.164 0
60.24 0.172 0
60.926 0.192 0
61.61 0.17 0
62.296 0.16 0.002
63.174 0.162 0
64.014 0.162 0
65.584 0.188 0
67.152 0.176 0
68.036 0.19 0
68.78 0.188 0
69.64 0.146 0
71.31 0.19 0
72.114 0.176 0
72.978 0.172 0
73.908 0.18 0
74.924 0.182 0
75.724 0.188 0
76.752 0.18 0
77.538 0.178 0
78.382 0.196 0
79.338 0.184 0
80.226 0.15 0.002
81.154 0.166 0
82.826 0.196 0
84.464 0.16 0.002
85.214 0.13 0
86.008 0.178 0
86.97 0.182 0.002
87.9 0.178 0
88.754 0.156 0
89.716 0.202 0
90.608 0.158 0
91.636 0.174 0.002
92.66 0.204 0
93.706 0.202 0.002
94.51 0.2 0
95.462 0.168 0
96.394 0.19 0.002
97.98 0.19 0
98.9 0.202 0.002
100.482 0.2 0
101.342 0.164 0
103.068 0.164 0
104.068 0.182 0
104.846 0.174 0
105.844 0.162 0
106.682 0.192 0
107.484 0.172 0
108.49 0.196 0
109.424 0.14 0
110.36 0.154 0
111.364 0.166 0
112.388 0.19 0
113.428 0.202 0
114.402 0.202 0
115.422 0.176 0
116.302 0.162 0
117.224 0.188 0
118.162 0.158 0
119.82 0.17 0
120.616 0.164 0
121.464 0.194 0
122.264 0.186 0
123.312 0.182 0
124.092 0.144 0
125.03 0.182 0
125.796 0.176 0
126.61 0.202 0
127.64 0.184 0
128.554 0.172 0
129.426 0.17 0
130.382 0.176 0
131.166 0.18 0
132.856 0.192 0
133.636 0.166 0
134.48 0.152 0
135.268 0.184 0
136.16 0.144 0
137.046 0.2 0
137.974 0.2 0
138.774 0.192 0
139.752 0.164 0
140.696 0.186 0
141.604 0.176 0
142.406 0.154 0
143.318 0.162 0
144.324 0.166 0
145.162 0.19 0
145.916 0.158 0
146.782 0.148 0
148.388 0.192 0
149.22 0.196 0
150.834 0.168 0
151.802 0.188 0
152.576 0.158 0
154.12 0.19 0
155.11 0.172 0
156.076 0.194 0.002
156.93 0.186 0
157.724 0.19 0
158.714 0.19 0
159.478 0.18 0
160.346 0.178 0
161.116 0.184 0
161.954 0.192 0
163.498 0.19 0
164.398 0.178 0
165.184 0.164 0
166.164 0.21 0
167.028 0.182 0
167.996 0.188 0
168.904 0.176 0
169.914 0.196 0
170.946 0.18 0
171.776 0.176 0
172.584 0.166 0.002
174.194 0.196 0
175.742 0.162 0.002
176.56 0.182 0
177.334 0.188 0.002
178.228 0.206 0
179.752 0.19 0.002
180.656 0.162 0
181.56 0.186 0.002
183.138 0.146 0
184.062 0.148 0
185.638 0.182 0
186.492 0.174 0.002
187.284 0.196 0
188.12 0.208 0
189.054 0.176 0.002
189.932 0.168 0
190.762 0.186 0
191.75 0.198 0
192.672 0.154 0
193.502 0.098 0
194.702 0.322 0
195.618 0.2 0
196.408 0.16 0
197.354 0.182 0
198.346 0.18 0
199.2 0.172 0
200.184 0.19 0
201.796 0.156 0
202.982 0.204 0
203.762 0.178 0
204.682 0.154 0
206.662 0.462 0
208.13 0.178 0
209.116 0.274 0
210.176 0.198 0
211.03 0.2 0.002
