7.446 0.026 0
7.628 0.044 0
7.828 0.038 0
8.48 0.044 0
8.72 0.036 0
9.378 0.042 0.002
9.606 0.036 0
9.836 0.046 0
10.138 0.046 0
10.752 0.038 0
10.962 0.03 0
11.194 0.042 0
11.792 0.044 0
12.464 0.04 0
12.754 0.048 0.002
13.044 0.044 0
13.298 0.046 0
13.924 0.042 0
14.156 0.044 0
14.36 0.036 0
14.59 0.042 0
15.196 0.04 0
15.43 0.044 0
15.664 0.048 0.002
15.894 0.048 0
16.096 0.04 0
16.308 0.038 0.004
16.512 0.044 0
17.088 0.046 0
17.374 0.044 0.002
17.608 0.048 0
17.842 0.044 0
18.092 0.048 0.002
18.312 0.044 0
18.542 0.046 0
18.776 0.044 0
19.04 0.048 0
19.254 0.048 0
19.478 0.042 0
19.774 0.048 0
19.992 0.044 0
20.578 0.048 0
20.782 0.048 0.002
21.368 0.038 0
22.02 0.044 0
22.238 0.04 0
22.456 0.048 0
22.688 0.04 0
23.3 0.044 0.002
23.932 0.042 0
24.514 0.036 0
25.138 0.042 0
25.36 0.042 0
25.646 0.04 0.002
25.868 0.036 0
26.484 0.048 0
26.694 0.04 0
26.91 0.046 0
27.122 0.048 0
27.34 0.042 0
27.57 0.038 0
27.804 0.046 0
28.41 0.042 0
29.044 0.036 0
29.274 0.036 0
29.506 0.054 0
29.72 0.056 0
30.356 0.036 0
30.636 0.042 0
30.96 0.048 0
31.254 0.038 0.002
31.436 0.032 0
31.652 0.05 0
31.844 0.048 0
32.012 0.054 0
32.19 0.046 0
32.486 0.054 0
33.398 0.054 0
33.686 0.068 0
34.02 0.07 0
34.35 0.068 0
34.642 0.05 0.002
34.972 0.062 0
35.234 0.07 0
35.464 0.07 0
35.84 0.056 0
36.82 0.054 0
37.066 0.07 0
37.3 0.06 0
37.566 0.068 0
37.81 0.064 0
38.176 0.056 0
38.524 0.072 0
38.898 0.08 0
39.288 0.078 0
40.238 0.092 0
40.516 0.084 0
41.02 0.074 0
41.458 0.058 0
41.882 0.082 0
42.946 0.094 0
43.404 0.078 0
43.766 0.086 0
44.824 0.08 0
45.31 0.106 0.002
45.686 0.11 0
46.698 0.08 0
47.154 0.09 0
47.65 0.108 0.002
48.182 0.092 0.002
49.4 0.078 0
49.902 0.108 0
50.412 0.084 0
50.956 0.12 0
51.342 0.11 0
51.838 0.112 0
52.454 0.126 0
52.976 0.098 0
53.572 0.124 0
54.008 0.106 0.002
54.594 0.108 0
55.098 0.108 0
55.706 0.122 0
56.362 0.134 0
57.06 0.142 0
57.726 0.138 0
58.256 0.138 0.002
59.678 0.136 0
60.218 0.13 0
60.814 0.122 0
62.234 0.134 0
62.922 0.138 0
63.668 0.12 0
64.304 0.12 0.002
64.902 0.158 0
65.58 0.146 0
66.244 0.146 0
67.06 0.126 0
67.676 0.126 0
68.43 0.146 0
69.146 0.12 0
69.936 0.138 0
70.646 0.136 0
71.286 0.12 0
71.932 0.148 0
72.766 0.16 0
73.486 0.14 0
74.242 0.134 0
75.762 0.16 0
76.458 0.15 0
77.21 0.158 0
78.676 0.148 0
79.256 0.124 0
79.89 0.136 0.008
80.594 0.12 0
81.252 0.136 0
81.914 0.14 0.002
82.762 0.18 0
83.406 0.16 0
84.13 0.138 0
84.784 0.142 0
85.536 0.15 0
86.238 0.12 0
86.84 0.134 0
88.298 0.136 0
89.03 0.146 0
90.468 0.148 0
91.182 0.136 0
91.944 0.134 0
92.808 0.164 0
93.498 0.164 0
94.182 0.142 0
94.892 0.132 0
95.556 0.154 0
96.168 0.16 0.002
96.806 0.148 0
97.418 0.146 0.002
98.044 0.154 0
99.34 0.146 0
100.04 0.152 0
100.792 0.154 0
101.488 0.134 0.002
102.122 0.136 0
102.894 0.152 0
103.48 0.138 0.002
104.2 0.118 0.002
104.864 0.14 0
105.522 0.126 0
106.2 0.144 0
106.938 0.126 0
107.508 0.118 0
108.222 0.156 0.002
108.882 0.144 0.002
109.5 0.152 0
110.258 0.124 0
111.046 0.138 0
111.71 0.146 0.002
112.358 0.156 0
113.13 0.128 0.002
113.89 0.154 0
115.348 0.108 0.002
116.042 0.136 0
116.806 0.13 0
117.656 0.144 0.002
118.378 0.134 0.002
119.166 0.136 0
119.838 0.16 0.002
120.496 0.156 0.002
121.274 0.152 0
122.06 0.156 0
122.82 0.15 0
123.464 0.144 0
124.096 0.15 0
124.804 0.156 0
125.56 0.156 0
126.148 0.126 0.002
126.816 0.142 0
127.624 0.134 0
128.252 0.146 0
129.004 0.158 0.002
129.73 0.156 0
131.04 0.126 0
131.666 0.15 0.002
132.356 0.126 0
133.754 0.142 0
135.146 0.146 0
136.52 0.144 0
137.2 0.138 0
137.94 0.138 0
138.718 0.158 0
140.138 0.134 0
140.804 0.14 0
141.594 0.158 0.002
142.252 0.168 0.002
143.066 0.126 0
143.966 0.14 0
145.454 0.16 0
146.228 0.148 0
147.108 0.148 0.002
147.978 0.142 0
149.568 0.154 0
150.47 0.176 0
152.142 0.144 0
152.852 0.146 0
153.62 0.13 0
154.292 0.13 0
155.222 0.154 0
155.932 0.134 0
156.808 0.166 0
157.758 0.156 0
158.716 0.166 0
159.564 0.144 0.002
160.412 0.15 0
161.294 0.16 0
162.092 0.154 0
163.028 0.18 0
163.794 0.174 0.002
164.528 0.156 0.002
166.14 0.156 0.002
166.99 0.172 0
167.808 0.156 0
168.632 0.198 0
170.338 0.186 0
171.946 0.17 0
172.696 0.164 0
174.268 0.162 0
175.252 0.204 0
176.166 0.166 0
