7.39 0.046 0
7.578 0.036 0.002
7.82 0.048 0.002
8.032 0.028 0
8.308 0.054 0.002
8.542 0.04 0
8.762 0.044 0
8.976 0.028 0
9.19 0.028 0
9.8 0.042 0
10.006 0.032 0
10.22 0.034 0
10.53 0.036 0
10.726 0.022 0
10.996 0.042 0
11.294 0.036 0
11.584 0.036 0
11.878 0.034 0
12.168 0.044 0
12.486 0.046 0
13.146 0.05 0
13.398 0.056 0
14.064 0.046 0
14.31 0.038 0
14.576 0.048 0
14.832 0.038 0
15.546 0.048 0
16.228 0.05 0.002
16.504 0.056 0
16.768 0.048 0
17.434 0.05 0
17.698 0.052 0
18.042 0.042 0
18.3 0.048 0
18.98 0.044 0.002
19.252 0.05 0
20.046 0.056 0
20.684 0.054 0
20.968 0.052 0
21.254 0.044 0
21.508 0.058 0
22.142 0.054 0.002
22.38 0.032 0
22.662 0.058 0
23.32 0.042 0
23.69 0.04 0
23.958 0.044 0
24.298 0.048 0
24.978 0.05 0
25.302 0.05 0
25.538 0.054 0
25.834 0.05 0
26.072 0.058 0
26.704 0.056 0
27.032 0.05 0
27.678 0.054 0
27.928 0.044 0
28.232 0.048 0
28.564 0.04 0.002
29.232 0.048 0
29.476 0.044 0
29.736 0.042 0.002
29.99 0.05 0.002
30.23 0.05 0
30.458 0.042 0.002
30.706 0.04 0
31.356 0.038 0
32.08 0.044 0
32.444 0.056 0
32.69 0.044 0
33.07 0.06 0
33.298 0.048 0
33.554 0.05 0
33.918 0.056 0
34.21 0.048 0
34.468 0.038 0
34.756 0.038 0
35.044 0.04 0
35.752 0.048 0
36.008 0.044 0
36.3 0.05 0.002
36.52 0.054 0
36.882 0.048 0
37.184 0.066 0.002
37.39 0.058 0.002
38.208 0.054 0
38.508 0.058 0.002
38.79 0.046 0.002
39.058 0.062 0
39.898 0.044 0.002
40.13 0.06 0
41.006 0.066 0
41.232 0.052 0
42.154 0.052 0
42.484 0.048 0
42.718 0.06 0.002
42.932 0.058 0
43.298 0.05 0
43.534 0.072 0
44.312 0.044 0
44.558 0.054 0.002
44.93 0.062 0
45.716 0.06 0
45.974 0.072 0
46.32 0.058 0
46.658 0.058 0
46.98 0.06 0
47.394 0.052 0
47.816 0.052 0
48.228 0.064 0
48.508 0.064 0
48.788 0.066 0
49.046 0.05 0
49.436 0.062 0
49.73 0.074 0
50.118 0.074 0
50.538 0.062 0
51.592 0.072 0
52.012 0.074 0.002
52.322 0.07 0
53.32 0.054 0
53.714 0.072 0
54.13 0.068 0
55.098 0.074 0.002
55.494 0.066 0
55.854 0.084 0.002
56.926 0.074 0
57.368 0.082 0.002
57.792 0.08 0
58.1 0.064 0
58.496 0.084 0
59.532 0.078 0
59.888 0.08 0
60.208 0.068 0
60.644 0.064 0
61.064 0.082 0
61.382 0.052 0
61.728 0.064 0.002
62.228 0.082 0.002
62.682 0.084 0
63.816 0.09 0
64.856 0.08 0
65.188 0.076 0
65.614 0.07 0
66.028 0.056 0
66.422 0.076 0
66.938 0.08 0
67.276 0.06 0.002
67.768 0.086 0
68.114 0.074 0.002
68.592 0.1 0.002
69.072 0.092 0.002
69.478 0.092 0
69.818 0.072 0
70.188 0.056 0
70.728 0.092 0
71.298 0.094 0
71.778 0.09 0
73.008 0.094 0
73.58 0.104 0
74.864 0.096 0
75.454 0.092 0
75.85 0.072 0
76.424 0.084 0
77.114 0.092 0
77.698 0.09 0
78.36 0.126 0
79.028 0.112 0.002
79.742 0.11 0
80.424 0.136 0
81.014 0.122 0
81.682 0.108 0
82.458 0.142 0
83.064 0.142 0
84.596 0.14 0.002
85.41 0.12 0
86.162 0.13 0
86.796 0.142 0
87.464 0.15 0
89.006 0.148 0
89.756 0.136 0
90.424 0.122 0
91.096 0.138 0
91.74 0.134 0
92.38 0.126 0
93.164 0.152 0
93.966 0.152 0
94.582 0.158 0
95.446 0.13 0.002
96.076 0.15 0
96.836 0.16 0
97.544 0.136 0
98.15 0.11 0
98.826 0.134 0
99.628 0.176 0
101.07 0.122 0
101.93 0.14 0
102.568 0.112 0.002
104.11 0.144 0
104.75 0.128 0
106.3 0.13 0
106.936 0.124 0
108.402 0.14 0
109.996 0.15 0.002
110.65 0.116 0
111.442 0.124 0.002
112.146 0.15 0
112.874 0.138 0
113.606 0.138 0
114.244 0.152 0
114.97 0.12 0
115.79 0.13 0
116.454 0.14 0
117.104 0.136 0
117.896 0.146 0
118.544 0.134 0
119.262 0.152 0
119.91 0.13 0
120.812 0.144 0
121.578 0.128 0
122.246 0.126 0
123.038 0.14 0
123.872 0.142 0
124.668 0.128 0
125.524 0.14 0
126.232 0.128 0
126.914 0.17 0
127.7 0.134 0
