7.168 0.04 0
7.704 0.038 0
8.34 0.04 0
8.518 0.032 0.002
9.108 0.042 0
9.32 0.04 0
9.516 0.022 0
9.738 0.02 0
10.348 0.034 0.002
10.65 0.032 0
10.898 0.042 0
11.106 0.04 0
11.32 0.042 0
11.91 0.04 0.002
12.184 0.054 0
12.376 0.024 0
13.004 0.038 0
13.23 0.042 0
13.816 0.036 0
14.406 0.046 0
14.622 0.042 0.004
14.828 0.03 0.002
15.054 0.04 0
15.646 0.044 0
15.854 0.048 0
16.048 0.046 0
16.332 0.044 0
16.938 0.044 0
17.146 0.046 0
17.762 0.044 0
17.962 0.042 0
18.168 0.048 0
18.782 0.044 0
19.01 0.044 0
19.228 0.038 0
19.452 0.046 0
19.662 0.044 0
20.338 0.046 0
20.912 0.046 0
21.122 0.05 0
21.738 0.046 0
21.93 0.044 0
22.146 0.036 0
22.392 0.044 0
22.614 0.04 0
22.85 0.048 0
23.054 0.044 0
23.296 0.02 0
23.526 0.05 0
23.724 0.04 0
24.304 0.044 0
24.532 0.036 0
24.758 0.046 0
25.44 0.048 0
25.778 0.036 0
26.048 0.042 0
26.256 0.036 0
26.48 0.046 0
26.712 0.048 0
27.352 0.052 0.002
27.57 0.052 0
28.232 0.032 0
28.48 0.046 0
28.768 0.038 0
28.976 0.032 0
29.236 0.032 0
29.902 0.04 0
30.092 0.042 0
30.24 0.04 0
30.562 0.052 0
30.764 0.046 0
31.004 0.052 0
31.858 0.056 0
32.696 0.062 0
33.002 0.044 0.002
33.312 0.054 0
33.632 0.07 0
33.936 0.066 0
34.238 0.062 0
34.558 0.074 0
34.876 0.066 0
35.798 0.048 0
36.19 0.064 0
36.624 0.068 0
37.436 0.068 0
37.698 0.064 0.002
38.128 0.058 0
38.398 0.066 0
38.736 0.07 0
39.156 0.07 0
39.466 0.09 0
40.342 0.078 0
40.692 0.064 0
41.052 0.078 0
41.43 0.068 0
41.746 0.074 0
42.662 0.08 0
42.978 0.068 0
43.35 0.09 0
43.676 0.08 0
44.12 0.088 0.002
44.472 0.092 0.002
44.842 0.088 0
45.352 0.072 0
45.798 0.096 0
46.116 0.086 0
47.06 0.084 0
48.078 0.098 0
48.486 0.084 0
48.942 0.066 0
49.508 0.078 0
50.014 0.104 0
50.368 0.092 0
50.728 0.098 0
51.766 0.076 0
52.302 0.094 0.002
52.768 0.094 0.002
53.382 0.112 0
53.904 0.082 0
54.352 0.108 0
55.014 0.09 0
55.438 0.102 0
56.054 0.118 0.002
57.272 0.114 0.002
58.52 0.116 0.002
59.146 0.11 0
59.638 0.12 0
60.258 0.126 0
60.874 0.148 0
62.194 0.132 0
62.826 0.128 0
63.39 0.142 0
64.126 0.132 0
64.766 0.136 0
65.376 0.152 0
66.006 0.16 0
66.758 0.12 0
67.52 0.116 0.002
68.304 0.168 0
69.062 0.146 0
69.886 0.17 0
70.632 0.146 0.002
71.286 0.152 0
72.104 0.15 0.002
72.972 0.16 0
74.478 0.134 0
75.274 0.162 0
76.678 0.144 0
78.09 0.162 0
78.808 0.156 0
79.552 0.168 0.002
80.298 0.162 0.002
80.9 0.15 0
81.642 0.152 0
82.42 0.154 0
83.84 0.164 0
84.556 0.168 0
85.17 0.166 0
85.786 0.154 0
87.25 0.162 0
88.13 0.172 0
88.934 0.168 0
89.62 0.176 0
90.462 0.168 0.002
91.186 0.168 0
91.872 0.168 0
92.736 0.172 0
93.594 0.166 0
94.448 0.162 0.002
95.366 0.15 0
96.242 0.174 0.002
96.984 0.164 0.002
97.842 0.148 0
99.404 0.192 0
100.12 0.18 0
100.974 0.188 0
101.762 0.178 0
102.668 0.186 0
103.596 0.17 0.002
104.368 0.184 0
106.044 0.168 0.002
107.008 0.174 0
108.75 0.162 0
109.772 0.188 0
110.66 0.186 0
111.4 0.168 0
112.226 0.19 0
113.046 0.192 0
114.066 0.178 0.002
114.896 0.184 0
115.824 0.174 0.002
116.622 0.188 0.002
117.392 0.16 0
119.262 0.202 0
120.048 0.164 0
121.042 0.202 0
122.158 0.198 0
122.966 0.174 0
123.876 0.162 0
124.824 0.212 0
125.806 0.16 0
126.704 0.178 0
127.66 0.15 0
128.716 0.196 0
129.736 0.186 0
130.642 0.196 0.002
131.732 0.172 0
133.406 0.178 0
134.362 0.204 0
135.294 0.214 0.002
136.286 0.192 0.002
137.2 0.202 0
138.276 0.2 0
139.206 0.188 0
140.21 0.218 0
141.238 0.204 0
142.126 0.196 0
143.254 0.222 0
144.162 0.168 0
145.294 0.208 0
146.224 0.162 0.002
147.116 0.166 0
148.16 0.192 0
149.344 0.206 0
151.176 0.212 0
152.222 0.206 0
153.858 0.198 0
155.588 0.2 0
157.392 0.196 0
158.448 0.204 0
159.28 0.188 0
160.258 0.158 0
161.318 0.176 0
162.236 0.196 0
163.938 0.156 0
164.922 0.18 0.002
165.884 0.19 0
167 0.206 0
167.902 0.196 0
168.832 0.188 0
170.588 0.2 0
171.634 0.168 0
172.63 0.188 0
173.524 0.198 0
174.532 0.174 0
176.152 0.19 0
177.852 0.172 0
178.858 0.174 0
180.03 0.192 0.002
180.866 0.174 0.002
181.798 0.194 0
182.7 0.192 0.002
183.74 0.162 0
184.79 0.198 0
185.664 0.17 0
186.738 0.21 0
187.706 0.17 0
188.694 0.216 0
189.57 0.198 0
190.748 0.202 0
191.666 0.204 0
192.556 0.214 0
193.494 0.164 0
