7.866 0.05
8.078 0.042
8.312 0.048
8.962 0.04
9.174 0.048
9.524 0.046
10.186 0.04
10.414 0.04
10.724 0.052
10.924 0.044
11.566 0.044
11.848 0.044
12.486 0.046
12.7 0.046
13.026 0.048
13.292 0.054
13.506 0.044
14.174 0.052
14.804 0.034
15.01 0.038
15.648 0.036
15.944 0.048
16.154 0.048
16.404 0.046
16.504 0.016
16.738 0.058
16.928 0.046
17.114 0.05
17.328 0.046
17.536 0.052
17.844 0.048
18.466 0.048
18.668 0.046
19.296 0.05
19.958 0.036
20.15 0.022
20.356 0.048
20.584 0.038
21.31 0.044
21.568 0.054
22.512 0.062
22.83 0.052
22.996 0.036
23.236 0.05
23.476 0.072
23.694 0.064
23.944 0.062
24.8 0.07
25.022 0.072
25.24 0.07
25.612 0.056
25.938 0.062
26.706 0.072
27.004 0.068
27.4 0.088
27.61 0.076
27.934 0.076
28.296 0.084
28.54 0.056
28.828 0.068
29.064 0.08
29.31 0.078
29.524 0.068
29.826 0.07
30.098 0.078
30.338 0.068
30.736 0.074
31.53 0.094
31.78 0.08
32.232 0.098
32.522 0.072
32.854 0.066
33.132 0.084
33.434 0.098
34.274 0.096
34.534 0.092
35.258 0.088
35.974 0.086
36.286 0.058
36.638 0.088
36.904 0.082
37.222 0.098
37.494 0.086
37.9 0.09
38.63 0.096
38.932 0.056
39.742 0.096
40.44 0.098
40.846 0.078
41.35 0.078
41.712 0.098
42.116 0.124
42.564 0.126
43.016 0.106
43.412 0.098
43.908 0.132
44.334 0.112
45.288 0.126
45.832 0.142
46.264 0.138
47.328 0.148
47.888 0.102
48.378 0.114
49.102 0.142
49.62 0.128
50.148 0.142
50.784 0.126
51.518 0.13
52.978 0.112
53.576 0.162
55.012 0.15
56.474 0.154
57.204 0.174
57.94 0.144
59.434 0.154
60.234 0.186
60.826 0.144
61.642 0.158
62.306 0.158
63.07 0.174
63.882 0.16
65.632 0.17
66.54 0.158
67.358 0.128
68.282 0.168
69.17 0.172
70.984 0.178
71.878 0.182
72.816 0.146
73.612 0.16
74.462 0.2
75.39 0.154
76.31 0.196
77.254 0.168
78.238 0.18
79.17 0.188
80.312 0.19
81.356 0.156
82.322 0.194
83.348 0.184
84.342 0.212
86.14 0.18
87.414 0.238
89.236 0.224
90.374 0.192
91.47 0.198
92.53 0.156
93.704 0.206
94.716 0.184
95.7 0.206
96.654 0.19
97.774 0.214
99.5 0.202
100.674 0.21
101.58 0.176
102.758 0.192
103.892 0.218
104.844 0.234
105.776 0.214
107.522 0.212
108.502 0.202
109.548 0.204
110.572 0.174
111.744 0.184
112.912 0.192
113.986 0.222
114.964 0.204
116.73 0.188
117.66 0.206
118.792 0.218
119.818 0.178
120.888 0.192
122.034 0.202
122.914 0.178
124.076 0.204
125.132 0.228
126.166 0.216
127.306 0.218
128.324 0.188
129.426 0.158
130.56 0.188
131.518 0.238
132.406 0.212
133.31 0.188
134.31 0.216
135.316 0.19
136.22 0.216
137.11 0.194
138.95 0.212
140.082 0.216
141.04 0.218
141.998 0.206
143.8 0.2
144.958 0.216
146.036 0.182
146.952 0.196
147.992 0.208
148.95 0.212
150.724 0.192
151.852 0.19
152.986 0.2
154.808 0.168
155.774 0.21
156.876 0.196
158.58 0.16
160.378 0.182
161.42 0.224
162.364 0.216
164.166 0.21
166.034 0.198
167.066 0.218
168.142 0.196
169.194 0.18
171 0.214
172.152 0.212
173.044 0.208
174.044 0.178
175.866 0.218
176.962 0.204
178.042 0.188
179.098 0.202
180.872 0.194
181.968 0.202
182.874 0.214
184.644 0.224
185.704 0.206
186.66 0.216
187.568 0.196
188.486 0.2
189.39 0.212
191.242 0.22
192.356 0.21
194.07 0.164
194.978 0.172
196.07 0.214
196.964 0.18
198.02 0.204
199.064 0.196
200.156 0.204
201.276 0.216
202.408 0.23
203.418 0.192
204.484 0.226
205.652 0.188
206.712 0.174
207.852 0.16
208.894 0.174
210.658 0.17
212.452 0.188
213.34 0.23
