7.936 0.044
8.128 0.048
8.382 0.066
8.594 0.048
8.818 0.044
9.068 0.048
9.306 0.036
9.548 0.048
10.194 0.042
10.416 0.034
10.67 0.04
10.92 0.044
11.652 0.032
11.872 0.042
12.094 0.046
12.314 0.04
12.53 0.04
13.16 0.044
13.426 0.042
13.694 0.052
13.9 0.048
14.118 0.044
14.314 0.036
14.936 0.048
15.158 0.048
15.398 0.046
15.61 0.034
15.83 0.044
16.056 0.04
16.274 0.046
16.47 0.032
16.768 0.042
16.996 0.038
17.616 0.034
17.83 0.042
18.078 0.05
18.338 0.048
18.57 0.048
18.818 0.046
19.416 0.052
20.05 0.05
20.352 0.05
20.56 0.032
20.8 0.044
21.046 0.04
21.69 0.036
22.064 0.048
22.316 0.044
22.596 0.056
22.812 0.042
23.136 0.044
23.826 0.048
24.068 0.052
24.308 0.036
24.55 0.046
24.798 0.05
25.01 0.036
25.254 0.052
25.478 0.05
25.954 0.042
26.138 0.042
26.46 0.046
26.752 0.046
27.378 0.042
27.996 0.038
28.592 0.038
28.822 0.046
29.02 0.046
29.216 0.038
29.406 0.038
29.772 0.044
29.972 0.038
30.216 0.048
30.412 0.042
30.63 0.054
31.244 0.038
31.452 0.04
31.66 0.048
32.28 0.042
32.502 0.042
32.732 0.048
32.938 0.05
33.122 0.046
33.316 0.042
33.516 0.042
33.754 0.05
33.96 0.042
34.574 0.04
34.778 0.038
35.352 0.032
35.66 0.046
35.87 0.046
36.07 0.042
36.376 0.048
36.666 0.048
36.886 0.046
37.094 0.048
37.292 0.04
37.498 0.05
37.694 0.038
38.014 0.044
38.334 0.046
38.574 0.036
38.83 0.048
39.032 0.036
39.268 0.042
39.554 0.046
39.74 0.038
39.964 0.046
40.276 0.05
40.562 0.046
40.758 0.04
41.404 0.042
41.992 0.042
42.206 0.05
42.498 0.036
42.724 0.05
43.34 0.048
43.534 0.034
43.786 0.046
44.076 0.048
44.28 0.048
44.494 0.04
44.688 0.04
45.338 0.036
45.636 0.038
46.242 0.038
46.866 0.044
47.064 0.044
47.284 0.046
47.478 0.046
47.674 0.04
47.878 0.048
48.082 0.036
48.81 0.054
49.016 0.04
49.336 0.026
49.542 0.046
50.174 0.042
50.426 0.046
50.692 0.05
50.954 0.048
51.214 0.052
51.408 0.04
51.598 0.04
52.376 0.05
53.174 0.036
53.35 0.044
54.076 0.06
54.318 0.062
54.644 0.058
55.002 0.056
55.282 0.05
55.654 0.056
55.896 0.048
56.256 0.074
56.816 0.048
57.44 0.06
57.798 0.06
58.048 0.032
58.274 0.056
58.904 0.068
59.204 0.064
59.422 0.06
59.708 0.064
59.928 0.058
60.204 0.056
60.478 0.06
61.234 0.064
61.528 0.06
61.83 0.068
62.078 0.076
62.312 0.066
62.62 0.064
62.88 0.07
63.194 0.082
63.902 0.066
64.284 0.066
65.092 0.078
65.392 0.074
65.74 0.08
66.112 0.072
66.554 0.07
66.924 0.076
67.296 0.088
67.942 0.064
68.262 0.082
68.564 0.078
68.828 0.066
69.548 0.068
69.962 0.08
70.748 0.098
71.044 0.086
71.73 0.046
