7.582 0.044
7.774 0.042
7.97 0.04
8.558 0.044
8.82 0.03
9.024 0.036
9.324 0.048
9.938 0.04
10.142 0.046
10.746 0.038
11.018 0.048
11.238 0.044
11.45 0.032
11.658 0.048
11.862 0.038
12.134 0.044
12.36 0.046
13.066 0.046
13.288 0.03
13.938 0.056
14.168 0.044
14.416 0.044
14.726 0.04
15.378 0.052
15.612 0.048
16.222 0.054
16.546 0.048
17.144 0.048
17.462 0.044
17.692 0.044
17.952 0.052
18.144 0.026
18.476 0.05
19.082 0.042
19.72 0.05
20.024 0.052
20.238 0.05
20.462 0.056
20.682 0.052
21.36 0.044
21.616 0.058
21.834 0.052
22.044 0.042
22.256 0.05
22.474 0.046
22.676 0.04
22.98 0.04
23.26 0.036
23.888 0.038
24.518 0.042
25.152 0.042
25.456 0.044
25.694 0.046
25.916 0.054
26.114 0.042
26.324 0.046
26.63 0.05
27.232 0.054
27.466 0.042
27.68 0.038
27.912 0.056
28.124 0.058
28.74 0.036
29.042 0.05
29.784 0.05
30.056 0.05
30.692 0.048
30.97 0.052
31.606 0.05
31.846 0.044
32.05 0.038
32.29 0.038
32.99 0.052
33.202 0
33.408 0.052
33.606 0.054
33.91 0.04
34.58 0.048
34.788 0.044
35.448 0.036
36.172 0.046
36.946 0.052
37.666 0.042
37.888 0.05
38.568 0.042
38.936 0.052
39.102 0.044
39.436 0.054
39.6 0.048
39.868 0.058
40.172 0.052
40.47 0.064
40.652 0.04
40.948 0.068
41.612 0.064
42.242 0.07
42.558 0.058
42.89 0.062
43.216 0.066
43.468 0.064
43.718 0.066
44.19 0.064
44.7 0.078
44.944 0.05
45.442 0.058
45.984 0.072
46.304 0.078
46.536 0.058
46.972 0.06
47.22 0.064
47.476 0.076
47.706 0.072
48.18 0.076
48.506 0.064
48.76 0.078
49.06 0.088
49.346 0.092
49.902 0.068
50.348 0.074
50.636 0.068
51.184 0.074
51.558 0.086
51.896 0.086
52.22 0.088
52.616 0.082
53.028 0.09
53.344 0.096
53.648 0.09
54.04 0.074
54.516 0.11
55.108 0.1
55.572 0.096
56.052 0.098
56.496 0.092
57.034 0.098
57.69 0.1
58.106 0.114
58.61 0.138
59.378 0.122
59.764 0.092
60.592 0.118
61.416 0.088
61.982 0.126
62.442 0.094
62.922 0.126
63.954 0.108
64.576 0.118
65.078 0.116
66.174 0.11
66.822 0.146
67.44 0.122
68.204 0.178
68.724 0.14
69.984 0.12
70.568 0.158
71.992 0.17
72.676 0.144
73.362 0.14
74.154 0.158
74.738 0.142
76.168 0.146
77.662 0.146
78.296 0.192
79.106 0.2
80 0.154
80.668 0.152
82.262 0.178
82.942 0.17
83.54 0.146
84.254 0.16
85.764 0.18
86.488 0.2
87.138 0.21
87.928 0.17
88.74 0.164
89.646 0.202
90.444 0.168
92.096 0.212
92.804 0.172
93.808 0.2
94.702 0.18
95.634 0.19
96.33 0.114
97.96 0.154
99.704 0.152
100.604 0.15
101.612 0.206
103.438 0.146
104.47 0.158
105.47 0.184
106.566 0.218
107.42 0.166
108.51 0.212
110.286 0.174
112.304 0.178
113.37 0.188
114.46 0.182
115.49 0.17
116.606 0.17
117.796 0.202
118.944 0.168
120.81 0.182
122.7 0.23
124.46 0.202
125.584 0.166
126.608 0.214
127.744 0.18
128.852 0.19
129.83 0.21
130.748 0.166
131.726 0.198
132.824 0.222
133.808 0.21
134.724 0.194
135.664 0.172
136.576 0.2
137.616 0.196
139.572 0.216
140.754 0.2
141.644 0.166
143.466 0.188
144.604 0.196
146.302 0.206
147.33 0.186
148.382 0.22
150.164 0.226
151.07 0.188
152.118 0.19
152.986 0.18
153.922 0.206
154.736 0.172
155.686 0.204
157.402 0.196
158.304 0.218
159.44 0.194
161.264 0.186
162.36 0.208
163.38 0.196
164.544 0.194
166.55 0.194
167.526 0.184
168.506 0.176
170.314 0.162
172.06 0.218
172.956 0.174
174.766 0.238
175.934 0.178
176.96 0.204
177.926 0.192
178.884 0.16
179.966 0.214
180.914 0.2
182.008 0.18
182.85 0.174
183.86 0.21
185.618 0.21
186.652 0.19
187.742 0.214
189.47 0.208
190.408 0.192
191.408 0.18
192.434 0.168
193.496 0.194
194.474 0.214
195.502 0.198
196.41 0.216
197.314 0.166
