7.976 0.062 0
8.554 0.058 0
8.754 0.048 0
9.262 0.058 0
9.486 0.068 0
9.95 0.056 0
10.19 0.072 0
10.418 0.064 0
10.636 0.058 0.002
10.852 0.058 0
11.28 0.056 0
11.764 0.064 0
12.238 0.066 0
12.54 0.058 0
12.716 0.042 0
12.93 0.058 0
13.224 0.058 0
13.68 0.07 0
14.136 0.062 0
14.324 0.05 0
14.542 0.054 0
14.74 0.048 0
14.982 0.052 0.002
15.202 0.046 0
15.432 0.08 0
15.636 0.042 0.002
16.09 0.056 0
16.288 0.046 0
16.496 0.056 0
16.94 0.06 0
17.404 0.066 0
17.602 0.06 0
17.818 0.06 0
18.022 0.042 0
18.222 0.05 0
18.628 0.058 0
18.822 0.062 0
19.014 0.06 0.002
19.208 0.052 0.002
19.644 0.048 0
19.884 0.052 0
20.106 0.048 0
20.558 0.062 0.002
20.998 0.052 0
21.22 0.072 0
21.514 0.064 0
21.956 0.062 0
22.422 0.06 0.002
22.92 0.046 0
23.236 0.022 0
23.438 0.052 0
23.9 0.056 0
24.104 0.06 0
24.45 0.058 0.002
24.75 0.054 0
25.3 0.064 0
25.954 0.054 0
26.132 0.048 0.002
26.334 0.052 0
26.684 0.072 0.002
26.894 0.064 0
27.11 0.07 0
27.42 0.066 0
27.67 0.074 0
27.898 0.068 0
28.226 0.082 0
28.59 0.076 0
29.386 0.064 0
29.714 0.06 0
30.022 0.078 0
30.358 0.074 0.002
30.612 0.074 0
31.308 0.052 0
31.67 0.042 0
31.988 0.084 0
32.266 0.072 0
32.544 0.076 0
32.976 0.066 0
33.268 0.068 0
33.61 0.076 0
34.018 0.056 0
34.442 0.066 0
35.15 0.062 0
35.816 0.076 0
36.272 0.064 0
36.734 0.09 0
37.002 0.078 0
37.48 0.092 0
37.772 0.104 0
38.04 0.08 0
38.432 0.096 0
38.726 0.08 0
39.022 0.078 0
39.356 0.074 0
39.76 0.088 0.002
40.138 0.082 0
40.446 0.086 0.002
40.758 0.098 0
41.082 0.076 0
41.516 0.104 0.002
41.922 0.09 0.002
42.386 0.092 0
42.862 0.088 0
43.214 0.074 0
43.894 0.092 0
44.282 0.098 0
44.598 0.074 0
44.972 0.098 0
45.522 0.092 0
46.042 0.076 0
46.384 0.104 0
46.674 0.08 0
46.978 0.09 0
47.358 0.084 0
47.746 0.106 0.002
48.27 0.078 0.002
49.232 0.11 0
50.114 0.094 0
50.504 0.106 0
50.872 0.092 0.002
51.27 0.088 0
52.24 0.096 0.002
52.62 0.098 0
52.964 0.1 0.002
53.872 0.114 0
54.208 0.094 0.002
54.586 0.114 0
54.95 0.104 0
55.322 0.098 0
55.686 0.12 0
56.044 0.104 0
56.398 0.106 0
56.768 0.094 0
57.148 0.11 0
57.508 0.098 0
57.836 0.102 0
58.16 0.078 0
58.536 0.096 0.002
58.964 0.106 0
59.766 0.106 0
60.14 0.116 0.002
60.942 0.108 0
61.306 0.104 0
61.64 0.11 0.002
61.96 0.096 0
62.868 0.096 0.002
63.25 0.108 0
63.654 0.126 0
63.94 0.086 0
64.326 0.106 0
64.66 0.116 0
65.464 0.106 0.002
66.25 0.098 0
66.612 0.1 0.002
66.982 0.122 0.002
67.334 0.1 0
67.698 0.106 0.002
68.086 0.116 0.002
68.436 0.096 0
68.772 0.096 0.002
69.632 0.094 0.002
70.4 0.092 0.002
70.804 0.104 0
71.188 0.092 0.002
71.514 0.094 0.002
72.302 0.114 0
72.664 0.096 0.002
73.026 0.094 0.002
73.388 0.092 0.002
73.768 0.094 0
74.144 0.092 0
74.506 0.098 0.002
75.33 0.09 0
75.676 0.096 0
76.44 0.088 0
77.26 0.08 0
77.63 0.09 0.002
78 0.1 0.002
78.356 0.08 0
78.76 0.098 0.002
79.554 0.102 0.002
79.944 0.112 0
80.3 0.112 0.002
80.68 0.116 0.002
81.05 0.094 0.002
81.412 0.118 0.002
81.778 0.104 0
82.148 0.116 0.002
82.904 0.082 0
83.254 0.076 0
83.63 0.114 0
83.974 0.112 0.002
84.334 0.11 0
84.688 0.09 0.002
85.072 0.076 0
85.446 0.088 0.002
85.816 0.09 0
86.2 0.122 0
86.56 0.108 0.002
87.294 0.082 0
87.65 0.104 0
88.006 0.118 0.002
88.374 0.104 0
88.75 0.094 0
89.14 0.108 0
89.83 0.102 0.002
90.176 0.078 0.002
90.584 0.098 0
90.952 0.096 0
91.336 0.106 0.002
91.65 0.072 0
92.072 0.1 0.002
92.776 0.106 0.002
93.132 0.1 0.002
93.81 0.094 0.002
94.216 0.114 0
94.57 0.11 0.002
94.898 0.1 0.002
95.26 0.106 0.002
95.62 0.102 0
95.992 0.086 0
96.366 0.102 0
96.732 0.098 0
97.504 0.1 0.002
97.854 0.088 0
98.376 0.094 0.002
98.804 0.108 0
99.524 0.088 0
99.972 0.118 0
100.312 0.076 0
101.146 0.1 0
101.534 0.1 0.002
101.912 0.096 0
102.326 0.112 0.002
103.372 0.138 0.002
103.762 0.13 0
104.148 0.132 0.002
104.49 0.12 0
105.542 0.114 0
105.952 0.108 0
106.36 0.102 0
106.758 0.102 0.002
107.172 0.112 0
107.788 0.132 0
108.152 0.088 0
109.162 0.13 0
109.566 0.116 0
109.98 0.116 0.002
110.33 0.112 0
110.692 0.11 0
111.138 0.128 0
111.534 0.122 0.002
111.932 0.1 0.006
112.342 0.098 0
113.156 0.098 0
114.042 0.152 0.002
114.428 0.124 0.002
114.772 0.084 0
115.344 0.128 0.002
116.06 0.104 0.002
116.646 0.1 0.002
117.354 0.106 0.002
117.796 0.106 0.002
118.202 0.118 0.002
118.598 0.122 0
119.014 0.108 0
119.414 0.096 0.002
119.842 0.1 0.002
120.408 0.08 0.002
120.836 0.118 0.002
121.234 0.092 0
122.046 0.104 0.002
122.424 0.08 0
122.976 0.088 0
123.42 0.1 0
123.808 0.064 0
124.256 0.134 0.002
124.718 0.126 0.002
125.098 0.086 0
125.744 0.094 0.002
126.628 0.084 0.002
127.054 0.094 0
127.52 0.126 0.002
127.964 0.106 0.002
128.412 0.108 0.002
128.83 0.106 0.002
129.774 0.132 0.002
130.168 0.096 0.002
130.574 0.094 0
130.99 0.118 0
131.944 0.11 0
132.356 0.096 0
132.836 0.16 0.002
133.248 0.1 0.002
133.68 0.1 0
134.204 0.12 0
135.148 0.08 0
136.036 0.086 0
136.476 0.072 0
136.91 0.094 0
137.288 0.1 0.002
137.694 0.082 0
138.552 0.088 0
138.978 0.118 0.002
139.386 0.106 0
139.868 0.122 0
140.768 0.166 0.002
141.134 0.1 0
141.552 0.082 0.002
142 0.084 0
142.454 0.106 0.004
143.248 0.08 0.002
143.668 0.092 0
144.1 0.094 0.002
144.562 0.112 0
145.032 0.124 0.002
145.482 0.114 0.002
145.924 0.078 0
146.376 0.13 0.002
146.802 0.1 0.002
147.21 0.082 0.002
147.598 0.076 0
148.062 0.08 0
148.474 0.084 0
148.908 0.102 0
149.35 0.094 0
149.762 0.08 0.002
150.14 0.102 0
150.568 0.108 0.002
151.424 0.094 0
152.296 0.124 0.002
152.716 0.088 0
153.168 0.08 0
153.562 0.07 0
154.422 0.104 0
154.86 0.096 0.002
155.712 0.072 0.002
156.182 0.112 0
156.632 0.094 0.002
157.05 0.102 0.002
157.9 0.094 0
158.362 0.108 0
158.786 0.124 0
159.238 0.124 0
159.678 0.084 0.002
160.402 0.072 0.002
160.816 0.066 0.002
161.288 0.098 0
161.716 0.094 0
162.158 0.096 0
162.586 0.082 0
163.05 0.116 0.002
163.484 0.114 0.002
163.882 0.082 0.002
164.246 0.074 0
164.704 0.138 0.002
165.228 0.094 0
165.672 0.108 0
166.116 0.09 0.002
166.542 0.112 0
166.932 0.102 0
167.364 0.1 0
167.938 0.088 0
168.546 0.094 0
168.946 0.104 0
169.292 0.048 0
169.78 0.11 0.002
170.218 0.088 0
170.662 0.096 0.002
171.434 0.082 0.002
171.886 0.084 0
172.304 0.098 0
172.744 0.1 0.002
173.618 0.102 0
174.066 0.104 0
174.49 0.094 0
175.354 0.074 0
175.846 0.112 0
176.264 0.092 0
176.694 0.092 0
177.084 0.086 0.002
177.506 0.08 0
177.958 0.094 0.002
178.406 0.094 0
178.782 0.092 0.002
179.564 0.1 0.004
180.022 0.102 0
180.428 0.074 0.002
180.892 0.142 0
181.316 0.104 0.002
181.774 0.126 0.002
182.188 0.102 0
182.604 0.09 0.002
183.344 0.104 0.002
184.066 0.086 0
184.508 0.094 0.002
184.92 0.076 0
185.418 0.152 0
186.096 0.082 0
186.51 0.102 0.002
186.954 0.112 0
187.334 0.086 0.002
187.718 0.09 0
188.162 0.094 0.002
188.586 0.09 0
188.994 0.08 0
189.39 0.084 0.004
189.832 0.094 0.002
190.23 0.09 0.002
190.65 0.088 0.002
191.058 0.084 0
191.654 0.084 0
192.38 0.102 0
192.814 0.118 0
193.21 0.084 0
193.724 0.074 0
194.198 0.096 0
194.642 0.094 0.002
195.106 0.098 0
195.538 0.064 0
195.974 0.088 0
196.372 0.068 0
196.836 0.108 0
197.272 0.102 0
197.69 0.08 0
198.146 0.09 0
198.574 0.088 0.002
199.032 0.088 0.002
199.55 0.102 0.002
200.166 0.11 0
200.642 0.094 0
201.06 0.102 0.002
201.68 0.118 0.002
202.158 0.098 0.002
202.614 0.08 0
203.138 0.108 0
203.886 0.086 0.002
204.366 0.086 0.002
204.886 0.11 0
205.37 0.11 0.002
205.81 0.124 0
206.248 0.1 0
206.7 0.1 0
207.66 0.09 0.002
208.156 0.108 0.002
208.558 0.08 0.002
208.98 0.094 0.002
209.446 0.086 0.002
209.826 0.08 0.002
210.728 0.076 0
211.152 0.092 0
211.638 0.112 0.002
212.118 0.088 0
212.592 0.122 0
213.062 0.11 0
213.57 0.118 0
214.05 0.114 0
214.986 0.098 0
215.432 0.08 0
215.926 0.102 0.002
216.378 0.092 0.002
216.816 0.088 0
217.276 0.088 0.002
217.696 0.086 0.002
218.154 0.094 0
218.6 0.078 0
219.046 0.086 0.002
219.558 0.112 0.002
220.058 0.112 0.002
221.004 0.142 0
221.93 0.126 0
222.89 0.08 0.002
223.338 0.08 0.002
223.776 0.088 0.004
224.29 0.136 0.002
225.216 0.1 0.004
225.708 0.094 0.004
226.158 0.098 0
226.606 0.102 0
227.084 0.102 0.002
227.536 0.086 0
228.02 0.114 0.002
228.48 0.1 0
228.914 0.1 0
229.364 0.106 0.002
230.26 0.094 0.002
230.756 0.114 0.004
231.186 0.086 0
231.77 0.108 0
232.228 0.104 0
232.68 0.118 0
233.168 0.11 0.002
234.104 0.102 0.002
234.538 0.102 0
235.446 0.086 0.002
235.91 0.09 0.002
236.828 0.082 0
237.304 0.124 0.002
237.748 0.1 0.002
238.172 0.098 0
238.624 0.108 0.002
239.54 0.1 0.002
239.992 0.106 0.002
240.474 0.098 0.002
241.416 0.12 0
241.834 0.096 0
242.806 0.106 0.002
243.244 0.102 0
243.698 0.09 0
244.178 0.126 0.002
244.654 0.11 0
245.122 0.086 0.002
246.034 0.092 0
246.512 0.116 0
247 0.132 0.002
247.422 0.098 0
247.884 0.12 0.004
248.334 0.112 0
249.25 0.124 0.002
249.674 0.114 0
250.112 0.07 0
250.564 0.108 0.002
251.038 0.096 0.002
251.532 0.102 0
252.018 0.106 0.002
252.524 0.098 0
252.97 0.106 0
253.892 0.124 0.008
254.34 0.1 0.002
254.77 0.08 0.002
255.186 0.074 0
255.71 0.118 0.002
256.604 0.108 0.002
257.562 0.1 0
258.576 0.12 0
259.014 0.108 0
259.95 0.098 0
260.396 0.108 0.002
260.86 0.088 0
261.274 0.094 0
261.76 0.116 0
262.196 0.108 0.002
262.596 0.08 0.002
263.034 0.05 0.006
263.51 0.078 0.004
264 0.122 0
264.42 0.072 0.002
264.83 0.07 0.002
265.334 0.118 0.002
265.802 0.11 0.002
266.246 0.092 0.002
266.69 0.098 0
267.188 0.084 0
267.654 0.102 0
268.656 0.112 0.002
269.146 0.124 0
270.134 0.106 0
270.574 0.078 0.002
271.096 0.106 0.002
271.938 0.098 0
272.414 0.104 0.002
272.858 0.078 0.002
273.316 0.094 0.002
274.226 0.084 0.002
274.694 0.094 0
275.176 0.08 0
275.598 0.078 0
276.094 0.1 0
276.536 0.066 0.004
277.068 0.114 0.002
277.516 0.098 0.002
278.502 0.08 0.002
279.014 0.114 0.002
279.458 0.112 0
279.926 0.098 0
280.406 0.112 0
280.866 0.082 0.002
281.346 0.094 0
281.806 0.084 0.002
282.702 0.108 0.002
283.134 0.11 0.002
284.108 0.086 0.002
284.678 0.162 0.002
285.072 0.088 0.002
286.014 0.108 0.002
286.494 0.108 0.002
286.936 0.094 0.002
287.902 0.074 0
288.394 0.118 0
289.324 0.106 0.002
289.742 0.09 0
290.222 0.082 0
290.728 0.11 0.002
291.172 0.092 0
291.688 0.108 0.002
292.65 0.094 0
293.096 0.094 0.002
293.544 0.104 0
293.974 0.06 0
294.884 0.108 0.002
295.334 0.1 0.002
295.762 0.088 0
296.778 0.134 0.002
297.422 0.108 0.002
297.904 0.142 0.006
298.33 0.092 0
298.806 0.078 0.008
299.326 0.082 0
299.81 0.114 0
300.458 0.118 0.002
300.972 0.096 0
301.446 0.108 0.002
301.926 0.102 0.002
302.43 0.098 0
302.874 0.086 0.004
303.334 0.128 0.002
303.808 0.112 0.002
304.296 0.108 0
304.762 0.11 0
305.72 0.086 0
306.658 0.094 0.002
307.138 0.078 0
307.58 0.1 0
308.556 0.148 0
309.534 0.124 0.002
309.996 0.128 0.002
310.5 0.112 0
310.952 0.09 0
311.498 0.09 0.004
311.978 0.092 0
312.914 0.136 0.002
313.866 0.102 0
314.824 0.108 0
315.334 0.126 0
315.98 0.126 0
316.634 0.136 0
317.078 0.11 0.002
317.562 0.092 0.002
318.024 0.116 0.002
318.472 0.11 0.002
319.068 0.108 0.002
319.57 0.096 0
320.528 0.088 0.002
321.04 0.142 0
321.664 0.11 0
322.594 0.104 0.002
323.016 0.114 0
323.522 0.106 0.002
323.972 0.102 0.002
324.472 0.106 0.002
324.892 0.064 0.002
325.404 0.136 0
326.002 0.098 0
326.484 0.11 0
327.47 0.094 0
327.956 0.1 0.002
328.42 0.106 0.002
329.394 0.1 0
329.812 0.098 0.002
330.394 0.072 0
330.916 0.084 0
331.486 0.104 0.002
332.486 0.142 0.002
332.954 0.122 0
333.6 0.104 0.002
334.064 0.1 0.002
335.076 0.114 0
335.686 0.112 0
336.096 0.072 0
336.602 0.132 0
337.086 0.13 0
337.534 0.084 0
338.03 0.096 0
338.542 0.072 0
339.062 0.098 0
340.054 0.106 0
341.094 0.12 0.002
341.552 0.098 0
342.106 0.142 0
342.534 0.1 0
343.488 0.11 0
343.94 0.1 0
344.48 0.156 0
344.948 0.144 0.002
345.38 0.104 0
346.378 0.106 0
346.86 0.12 0
347.388 0.124 0
347.892 0.106 0
348.434 0.122 0
348.856 0.072 0
349.37 0.082 0.002
349.904 0.172 0
350.324 0.092 0
350.76 0.098 0
351.256 0.088 0.002
351.758 0.122 0.002
352.248 0.106 0.002
352.754 0.12 0
353.686 0.114 0.002
354.774 0.086 0.002
355.268 0.078 0.002
355.676 0.112 0.002
356.586 0.102 0
357.03 0.122 0
357.476 0.104 0.002
357.962 0.118 0
358.458 0.116 0.002
358.934 0.086 0.002
359.434 0.144 0
360.54 0.108 0.002
361.23 0.134 0.002
361.696 0.146 0
362.176 0.09 0
363.366 0.144 0
363.872 0.12 0.002
364.98 0.128 0.002
365.506 0.118 0.002
366.12 0.186 0.002
366.758 0.104 0
367.32 0.132 0
367.776 0.092 0
368.31 0.11 0
368.852 0.116 0
369.408 0.132 0
369.982 0.086 0
370.528 0.096 0.002
371.074 0.114 0.002
372.3 0.122 0.002
372.906 0.146 0.002
373.456 0.156 0
373.978 0.094 0
374.622 0.136 0
375.294 0.176 0.002
375.75 0.102 0.002
376.356 0.118 0.002
376.958 0.146 0
377.476 0.116 0
377.97 0.104 0.006
378.948 0.13 0.002
379.846 0.108 0.002
380.428 0.094 0
381.07 0.098 0
381.602 0.082 0
382.192 0.11 0
383.346 0.148 0
383.888 0.1 0.002
384.376 0.108 0
385.054 0.15 0.002
385.632 0.124 0
387.026 0.124 0.002
387.716 0.108 0
388.234 0.09 0
388.842 0.102 0
389.494 0.126 0
390.042 0.116 0
390.688 0.138 0.002
391.294 0.134 0.002
391.876 0.118 0
393.386 0.11 0.002
394.834 0.116 0.002
395.462 0.14 0
395.974 0.144 0
396.542 0.11 0.002
397.18 0.104 0
397.842 0.134 0
398.422 0.11 0
399.158 0.218 0
399.646 0.11 0.002
400.406 0.162 0
400.948 0.128 0
401.474 0.126 0
402.248 0.176 0.002
403.8 0.14 0
404.408 0.122 0.002
405.086 0.152 0
405.78 0.172 0
407.258 0.136 0
407.914 0.154 0.002
408.484 0.132 0
409.13 0.112 0.002
410.718 0.182 0.002
412.206 0.128 0
412.882 0.132 0
413.506 0.134 0
414.252 0.142 0.002
414.948 0.104 0
415.688 0.11 0.002
416.462 0.154 0
417.196 0.194 0.002
417.866 0.134 0.002
418.464 0.126 0
420.002 0.196 0
421.588 0.166 0.002
422.35 0.154 0.004
423.058 0.118 0
424.798 0.194 0.002
425.61 0.138 0
426.352 0.154 0
427.12 0.15 0
427.82 0.128 0
428.668 0.168 0
429.6 0.196 0
430.432 0.164 0.002
431.326 0.16 0
431.978 0.116 0
432.668 0.14 0
433.502 0.164 0
434.23 0.134 0
434.95 0.112 0.002
436.506 0.13 0.006
437.304 0.108 0
438.036 0.144 0.002
438.752 0.106 0
439.644 0.142 0
440.474 0.14 0.002
441.31 0.164 0.002
442.056 0.148 0
