7.006 0.052
7.238 0.046
7.45 0.042
8.158 0.042
8.422 0.044
8.704 0.048
8.94 0.034
9.636 0.042
9.896 0.048
10.138 0.046
10.882 0.05
11.132 0.04
11.784 0.04
12.054 0.042
12.302 0.054
12.912 0.054
13.522 0.052
13.81 0.048
14.158 0.052
14.432 0.044
14.686 0.054
14.956 0.046
15.674 0.048
15.926 0.05
16.142 0.04
16.408 0.04
16.642 0.05
16.876 0.046
17.128 0.052
17.334 0.052
17.55 0.048
17.806 0.054
18.484 0.052
18.7 0.04
19.376 0.048
20.072 0.056
20.304 0.036
20.552 0.042
21.336 0.046
21.568 0.038
21.76 0.05
22.022 0.046
22.31 0.058
23.264 0.058
24.134 0.06
24.344 0.05
24.582 0.066
25.238 0.064
25.624 0.066
25.986 0.064
26.236 0.062
26.778 0.066
27.008 0.06
27.568 0.066
27.818 0.086
28.244 0.086
28.456 0.074
28.768 0.064
29.066 0.068
29.672 0.078
29.946 0.062
30.326 0.084
30.972 0.084
31.276 0.086
31.866 0.068
32.252 0.076
32.642 0.082
33.002 0.094
33.616 0.09
33.924 0.08
34.664 0.088
35.132 0.09
35.76 0.076
36.396 0.074
36.7 0.072
37.116 0.096
37.536 0.088
38.004 0.062
38.356 0.078
38.798 0.076
39.216 0.096
39.64 0.1
39.988 0.078
40.438 0.098
40.894 0.09
41.492 0.086
42.174 0.11
42.588 0.084
42.986 0.092
43.412 0.076
43.844 0.088
44.294 0.092
44.762 0.104
45.158 0.076
45.6 0.118
46.202 0.1
46.804 0.078
47.222 0.112
47.666 0.082
48.14 0.094
48.562 0.078
48.964 0.086
49.338 0.096
49.764 0.09
50.22 0.09
50.694 0.094
51.346 0.088
52.126 0.102
52.628 0.11
53.062 0.1
53.504 0.092
53.932 0.108
54.35 0.094
54.764 0.074
55.3 0.094
55.708 0.092
56.186 0.096
56.696 0.108
57.572 0.118
58.616 0.124
59.066 0.124
59.56 0.118
60.278 0.162
60.718 0.138
61.176 0.092
61.676 0.14
62.054 0.102
62.55 0.12
62.978 0.126
63.688 0.096
64.39 0.09
64.814 0.104
65.246 0.112
65.7 0.11
66.174 0.096
66.672 0.092
67.342 0.106
67.844 0.098
68.562 0.1
69.074 0.12
69.576 0.134
70.016 0.114
70.692 0.108
71.232 0.11
71.956 0.094
72.49 0.112
72.936 0.118
73.622 0.094
74.068 0.102
74.542 0.138
74.986 0.102
75.52 0.096
76.016 0.126
76.52 0.146
76.95 0.112
77.422 0.098
77.884 0.1
78.386 0.114
78.814 0.106
79.33 0.134
79.86 0.126
80.324 0.118
81.008 0.072
81.532 0.122
82.252 0.148
82.886 0.104
83.404 0.118
83.896 0.098
84.574 0.11
85.052 0.134
85.494 0.106
85.994 0.102
86.424 0.09
87.172 0.104
87.646 0.106
88.158 0.126
88.654 0.104
89.07 0.096
89.578 0.114
90.052 0.122
90.562 0.13
91.004 0.108
91.554 0.116
92.29 0.124
92.736 0.118
93.46 0.104
93.916 0.112
94.366 0.108
94.866 0.124
95.32 0.126
95.746 0.064
96.202 0.096
96.684 0.116
97.176 0.096
97.914 0.114
98.638 0.114
99.11 0.104
99.546 0.09
100.308 0.114
100.734 0.118
101.23 0.166
101.694 0.106
102.47 0.084
102.938 0.106
103.674 0.09
104.208 0.112
104.982 0.112
105.77 0.108
106.232 0.094
106.702 0.116
107.188 0.094
107.666 0.108
108.178 0.118
108.964 0.112
109.44 0.096
109.91 0.106
110.398 0.12
110.798 0.11
111.252 0.1
111.716 0.128
112.468 0.126
112.912 0.124
113.396 0.112
113.856 0.096
114.33 0.118
114.786 0.118
115.582 0.092
116.39 0.11
116.872 0.104
117.348 0.092
118.186 0.134
118.638 0.092
119.082 0.108
119.894 0.108
120.432 0.102
120.908 0.098
121.796 0.102
122.31 0.11
122.754 0.13
123.57 0.086
124.418 0.114
124.866 0.08
125.344 0.11
125.832 0.108
126.308 0.1
126.834 0.142
127.29 0.092
127.76 0.102
128.23 0.12
128.662 0.092
129.172 0.13
129.654 0.11
130.15 0.116
130.608 0.122
131.126 0.146
132.02 0.126
132.484 0.116
133.002 0.094
133.492 0.094
134.04 0.118
134.998 0.104
135.448 0.094
136.348 0.098
136.854 0.108
137.33 0.088
137.81 0.1
138.282 0.106
138.716 0.098
139.198 0.104
139.678 0.078
140.136 0.1
140.652 0.122
141.54 0.09
142.012 0.066
142.494 0.098
142.992 0.088
143.506 0.12
144.462 0.082
145.032 0.14
146.002 0.1
146.484 0.106
146.99 0.122
147.462 0.15
147.908 0.088
148.368 0.106
148.856 0.106
149.326 0.152
149.738 0.1
150.18 0.088
150.662 0.126
151.134 0.122
151.652 0.11
152.152 0.104
152.648 0.126
153.088 0.114
153.554 0.116
153.99 0.108
154.488 0.122
154.932 0.104
155.486 0.112
155.976 0.126
156.478 0.116
156.97 0.102
157.43 0.114
157.952 0.102
158.446 0.096
158.96 0.132
159.36 0.094
160.476 0.13
160.878 0.098
161.348 0.082
161.876 0.12
162.35 0.12
162.894 0.114
163.386 0.12
163.868 0.13
164.368 0.11
165.538 0.164
165.96 0.11
166.45 0.104
166.952 0.116
167.518 0.13
168.008 0.114
168.564 0.144
169.004 0.106
169.476 0.124
169.94 0.088
170.518 0.146
170.938 0.096
171.41 0.108
172.548 0.172
173.038 0.138
173.474 0.088
174.742 0.134
175.876 0.11
176.382 0.158
176.82 0.11
177.968 0.098
178.404 0.096
178.904 0.12
179.428 0.112
179.902 0.11
180.39 0.11
180.964 0.096
181.496 0.102
182.054 0.138
182.486 0.114
183.746 0.086
185.124 0.114
185.686 0.09
186.182 0.11
187.608 0.118
189.104 0.112
190.408 0.1
190.88 0.1
191.464 0.132
192.784 0.118
193.224 0.114
193.792 0.1
194.356 0.128
195.906 0.132
196.404 0.118
196.894 0.09
197.46 0.104
198.89 0.106
199.446 0.116
199.998 0.094
201.52 0.122
201.964 0.104
202.484 0.138
203.874 0.114
204.468 0.114
205.042 0.15
205.594 0.112
207.06 0.116
207.634 0.11
208.174 0.122
208.706 0.132
209.248 0.104
209.792 0.112
211.196 0.098
211.732 0.11
212.318 0.11
212.852 0.102
213.474 0.124
214.046 0.118
214.604 0.088
215.948 0.094
216.466 0.128
217.06 0.14
218.474 0.12
219.004 0.13
219.546 0.102
220.178 0.124
220.75 0.114
221.332 0.138
221.866 0.088
222.434 0.106
223.006 0.106
223.544 0.132
225.006 0.146
225.5 0.116
226.046 0.114
226.664 0.104
227.242 0.122
228.738 0.126
230.164 0.1
230.854 0.126
231.434 0.096
232.012 0.12
232.654 0.134
234.026 0.084
234.722 0.124
235.338 0.112
235.884 0.094
237.42 0.11
238.082 0.114
238.766 0.11
239.492 0.092
240.976 0.114
241.552 0.114
242.112 0.108
243.558 0.098
244.36 0.114
245.012 0.104
245.638 0.114
246.244 0.106
246.79 0.104
248.274 0.124
248.964 0.108
249.688 0.102
250.464 0.104
251.09 0.104
251.732 0.116
252.304 0.128
253.072 0.106
253.658 0.116
254.448 0.126
255.132 0.12
255.722 0.104
256.266 0.096
257.708 0.124
259.172 0.126
259.758 0.124
261.136 0.116
261.916 0.116
262.66 0.118
263.392 0.1
264.122 0.134
264.688 0.09
265.296 0.112
266.736 0.122
267.32 0.128
267.906 0.108
268.514 0.11
269.098 0.126
269.874 0.124
270.442 0.088
271.082 0.128
271.716 0.116
272.314 0.118
272.966 0.12
273.522 0.11
274.282 0.128
274.89 0.128
275.622 0.13
276.22 0.126
276.782 0.122
277.542 0.136
278.214 0.116
278.854 0.106
279.396 0.094
280.076 0.114
280.748 0.126
281.424 0.13
282.076 0.13
283.472 0.122
284.22 0.124
284.876 0.1
285.67 0.156
286.242 0.112
286.928 0.116
287.58 0.118
288.24 0.132
288.926 0.12
289.496 0.082
290.184 0.114
290.804 0.128
292.2 0.12
292.834 0.11
294.274 0.12
294.856 0.104
295.444 0.104
296.87 0.122
298.204 0.098
298.914 0.132
299.614 0.118
300.16 0.108
300.818 0.132
302.132 0.112
303.554 0.12
304.236 0.122
304.854 0.106
305.504 0.112
306.104 0.128
306.658 0.104
307.226 0.084
307.914 0.126
308.512 0.122
309.228 0.144
309.9 0.094
311.322 0.11
311.974 0.114
312.518 0.11
313.23 0.112
313.948 0.166
315.384 0.122
315.97 0.13
317.372 0.114
318.048 0.138
318.64 0.104
320.092 0.142
320.616 0.104
321.176 0.108
321.776 0.118
322.334 0.12
323.042 0.132
323.584 0.112
324.278 0.158
325.634 0.152
326.976 0.118
327.56 0.144
328.152 0.122
328.73 0.156
329.218 0.096
330.7 0.158
332.074 0.094
332.912 0.126
333.54 0.144
334.232 0.118
334.972 0.138
336.362 0.128
337.77 0.158
338.366 0.118
339.066 0.168
339.72 0.118
340.338 0.126
340.988 0.1
342.45 0.122
343.05 0.116
344.322 0.104
344.906 0.136
346.258 0.124
346.952 0.116
347.656 0.11
348.212 0.112
348.97 0.14
349.558 0.06
350.444 0.116
351.098 0.148
352.526 0.146
353.184 0.142
353.812 0.126
354.402 0.136
355.104 0.194
355.608 0.108
356.196 0.126
356.786 0.138
357.49 0.162
358.008 0.124
358.81 0.128
359.452 0.126
360.136 0.118
360.67 0.126
361.418 0.16
362.14 0.128
363.45 0.126
364.848 0.124
365.44 0.124
366.232 0.164
366.848 0.14
368.174 0.122
368.9 0.126
369.532 0.122
370.236 0.144
370.798 0.098
371.406 0.162
372.976 0.124
374.362 0.13
374.918 0.104
375.626 0.132
377.02 0.154
377.746 0.154
378.292 0.126
379.034 0.11
379.618 0.126
381.112 0.124
381.798 0.158
382.384 0.118
382.996 0.164
383.738 0.126
384.388 0.108
385.162 0.154
386.518 0.13
387.148 0.132
387.724 0.146
389.144 0.136
390.544 0.156
391.24 0.14
391.896 0.138
392.588 0.17
393.212 0.116
393.852 0.146
394.492 0.13
395.136 0.146
395.786 0.128
396.344 0.098
396.884 0.114
397.95 0.598
398.562 0.122
399.176 0.154
400.508 0.108
402.012 0.134
403.544 0.146
404.086 0.136
404.626 0.136
405.174 0.162
405.786 0.144
406.448 0.152
407.86 0.126
409.444 0.168
410.838 0.134
411.442 0.128
412.162 0.148
412.73 0.144
414.138 0.144
415.528 0.112
416.128 0.126
416.814 0.118
417.518 0.11
418.14 0.144
418.72 0.13
419.424 0.146
419.998 0.094
420.718 0.15
421.242 0.154
