7.528 0.038
7.796 0.032
8.094 0.054
8.772 0.04
9.006 0.032
9.268 0.054
9.586 0.052
9.934 0.044
10.204 0.064
10.46 0.046
10.738 0.03
10.978 0.044
11.316 0.05
11.932 0.04
12.19 0.038
12.422 0.052
12.626 0.046
12.894 0.046
13.396 0.044
13.844 0.044
14.072 0.042
14.548 0.056
14.848 0.036
15.336 0.048
15.56 0.056
16.048 0.034
16.546 0.046
16.814 0.058
17.23 0.054
17.44 0.05
17.906 0.062
18.146 0.062
18.354 0.052
18.584 0.058
18.78 0.05
19.016 0.056
19.336 0.062
19.628 0.046
19.972 0.054
20.396 0.056
20.61 0.044
20.88 0.054
21.136 0.056
21.38 0.054
21.994 0.062
22.308 0.058
22.568 0.058
22.792 0.04
23.014 0.05
23.26 0.046
23.512 0.06
23.73 0.05
24.174 0.062
24.372 0.068
24.654 0.062
25.046 0.078
25.624 0.068
26.26 0.056
26.498 0.044
26.898 0.06
27.528 0.064
27.85 0.07
28.196 0.062
28.492 0.056
28.772 0.07
29.23 0.056
29.694 0.062
30.068 0.09
30.4 0.08
30.998 0.054
31.34 0.086
31.964 0.056
32.624 0.05
33.102 0.06
33.464 0.076
33.784 0.068
34.142 0.082
34.786 0.076
35.11 0.1
35.616 0.074
36.09 0.076
36.422 0.078
36.796 0.106
37.22 0.108
37.54 0.08
37.906 0.078
38.532 0.088
38.884 0.066
39.246 0.064
39.638 0.104
40.286 0.088
40.644 0.09
41.112 0.1
41.762 0.102
42.204 0.084
42.784 0.104
43.242 0.112
43.706 0.1
44.054 0.07
44.49 0.122
45.098 0.11
45.554 0.114
46.414 0.118
46.98 0.096
47.432 0.108
48.4 0.102
49.472 0.096
49.876 0.09
51.054 0.102
51.474 0.102
51.922 0.11
52.862 0.102
53.298 0.106
53.748 0.124
54.166 0.11
55.094 0.102
55.864 0.112
56.252 0.1
56.982 0.098
57.43 0.086
58.276 0.088
59.184 0.104
59.622 0.108
60.02 0.114
60.428 0.114
60.84 0.112
61.248 0.112
61.638 0.09
62.082 0.12
62.54 0.134
63.42 0.092
63.862 0.12
64.24 0.072
64.602 0.102
65.022 0.106
65.496 0.17
65.856 0.102
66.254 0.112
66.638 0.086
67.16 0.11
67.558 0.13
67.938 0.104
68.35 0.118
68.746 0.11
69.154 0.098
69.614 0.142
70.434 0.114
71.296 0.104
71.724 0.116
72.144 0.088
72.622 0.122
73.016 0.118
73.438 0.11
73.904 0.12
74.318 0.128
74.764 0.094
75.246 0.128
75.616 0.104
76.062 0.118
76.516 0.104
77.39 0.09
78.262 0.136
78.614 0.102
79.064 0.11
79.456 0.106
79.88 0.114
80.704 0.102
81.16 0.126
81.97 0.11
82.804 0.128
83.256 0.14
83.646 0.104
84.526 0.092
84.964 0.102
85.362 0.08
86.222 0.106
86.632 0.1
87.044 0.088
87.482 0.108
87.904 0.11
88.284 0.082
88.73 0.118
89.138 0.098
89.542 0.104
89.938 0.094
90.346 0.098
90.774 0.112
91.198 0.1
92.124 0.104
92.526 0.106
92.932 0.076
93.376 0.1
93.784 0.108
94.624 0.092
95.03 0.1
95.446 0.094
96.264 0.108
96.71 0.128
97.096 0.108
97.476 0.078
97.886 0.094
98.31 0.126
98.722 0.12
99.138 0.114
99.59 0.138
99.924 0.072
100.358 0.104
100.746 0.096
101.38 0.106
101.818 0.11
102.226 0.096
102.66 0.096
103.14 0.098
104.106 0.112
105.046 0.104
105.482 0.106
105.914 0.112
106.298 0.068
106.778 0.12
107.154 0.09
107.574 0.12
108.04 0.132
108.474 0.094
109.502 0.106
109.914 0.096
110.42 0.124
110.858 0.142
111.29 0.122
111.72 0.09
112.642 0.096
113.122 0.138
113.686 0.092
114.174 0.126
114.614 0.114
115.49 0.098
115.91 0.106
116.376 0.106
116.834 0.128
117.674 0.12
118.104 0.108
118.708 0.11
119.124 0.092
119.564 0.124
119.978 0.108
120.392 0.1
121.076 0.088
121.5 0.102
121.982 0.114
122.422 0.106
123.05 0.122
123.782 0.106
124.396 0.104
125.322 0.122
125.818 0.138
126.406 0.088
127.272 0.086
127.708 0.106
128.214 0.098
129.208 0.11
129.692 0.112
130.242 0.118
130.742 0.102
131.208 0.106
131.68 0.1
132.174 0.14
132.572 0.064
133.556 0.098
133.99 0.088
134.984 0.116
135.406 0.11
135.862 0.138
136.31 0.108
136.744 0.098
137.246 0.136
138.09 0.102
138.51 0.104
138.982 0.108
139.43 0.102
139.928 0.106
140.422 0.096
140.938 0.116
141.4 0.1
141.896 0.108
142.394 0.116
142.916 0.122
143.436 0.138
144.34 0.09
145.308 0.098
145.746 0.098
146.206 0.104
146.686 0.09
147.558 0.098
148.06 0.122
148.498 0.096
148.956 0.106
149.394 0.104
150.268 0.116
150.728 0.12
151.226 0.12
151.71 0.102
152.216 0.112
152.694 0.104
153.14 0.11
153.624 0.122
154.09 0.11
155.062 0.132
155.48 0.078
155.972 0.132
156.926 0.108
157.894 0.096
158.846 0.1
159.342 0.1
159.818 0.096
160.274 0.1
160.95 0.116
161.438 0.102
161.968 0.122
162.398 0.084
162.886 0.094
163.416 0.134
163.87 0.112
164.338 0.124
164.798 0.102
165.28 0.098
165.726 0.068
166.25 0.124
166.768 0.114
167.304 0.114
167.9 0.132
168.352 0.09
168.838 0.11
169.346 0.128
169.766 0.102
170.25 0.102
170.676 0.094
171.176 0.1
171.636 0.11
172.142 0.116
172.624 0.104
173.068 0.07
173.578 0.114
173.994 0.082
174.594 0.148
175.01 0.098
175.49 0.08
176.04 0.104
176.564 0.116
177.028 0.094
177.51 0.1
178.002 0.112
178.528 0.112
179.028 0.096
179.52 0.098
180.02 0.112
180.46 0.09
180.962 0.124
181.39 0.114
182.288 0.118
182.722 0.1
183.188 0.104
183.682 0.106
184.148 0.114
184.636 0.116
185.464 0.088
185.924 0.088
186.444 0.11
186.914 0.1
187.396 0.102
187.818 0.096
188.304 0.098
188.764 0.118
189.206 0.084
189.728 0.088
190.18 0.11
190.67 0.11
191.158 0.094
191.64 0.078
192.16 0.106
192.652 0.092
193.11 0.1
193.588 0.114
194.04 0.092
194.542 0.094
195.21 0.102
195.89 0.096
196.406 0.102
196.888 0.1
197.558 0.078
198.048 0.108
198.564 0.104
199.332 0.116
199.878 0.11
200.57 0.102
201.04 0.096
201.584 0.114
202.116 0.104
202.664 0.094
203.162 0.116
203.616 0.11
204.036 0.102
204.546 0.076
205.07 0.098
205.564 0.096
206.038 0.108
206.518 0.126
207.038 0.108
207.556 0.09
208.086 0.102
208.538 0.09
209.1 0.122
209.656 0.112
210.166 0.112
210.662 0.112
211.102 0.092
211.628 0.094
212.146 0.116
212.63 0.1
213.35 0.116
213.874 0.12
214.424 0.09
214.918 0.11
215.466 0.104
216.084 0.088
216.618 0.13
217.2 0.114
217.826 0.114
218.432 0.104
219.066 0.084
219.57 0.108
220.062 0.098
220.566 0.112
221.084 0.112
221.592 0.1
222.118 0.092
222.714 0.106
223.438 0.136
224.028 0.108
224.538 0.118
224.994 0.102
225.502 0.106
225.956 0.088
226.422 0.082
226.934 0.082
227.4 0.076
227.906 0.096
228.542 0.134
229.274 0.122
229.716 0.086
230.32 0.098
230.974 0.102
231.528 0.088
232.078 0.11
232.564 0.084
233.114 0.132
233.55 0.09
234.062 0.11
234.748 0.104
235.304 0.092
235.97 0.092
236.488 0.102
237.212 0.126
237.704 0.116
238.24 0.096
238.836 0.102
239.332 0.092
239.794 0.084
240.262 0.072
241.046 0.136
241.756 0.118
242.408 0.068
242.92 0.102
243.432 0.098
243.928 0.104
244.576 0.09
245.11 0.072
245.726 0.09
246.36 0.118
246.852 0.106
247.35 0.11
248.044 0.112
248.522 0.12
249.046 0.102
249.726 0.086
250.228 0.104
251.048 0.114
251.596 0.114
252.118 0.084
252.666 0.114
253.18 0.108
253.702 0.104
254.272 0.146
254.758 0.108
255.308 0.106
255.98 0.096
256.464 0.13
256.946 0.092
257.696 0.13
258.184 0.108
258.688 0.118
259.314 0.118
259.834 0.102
260.43 0.114
261.002 0.102
261.582 0.122
262.558 0.114
263.612 0.108
264.168 0.106
264.756 0.08
265.284 0.094
265.834 0.08
266.362 0.104
266.944 0.122
267.678 0.132
268.382 0.106
268.962 0.12
270.078 0.102
271.158 0.086
271.728 0.126
272.956 0.112
273.692 0.09
274.28 0.11
274.85 0.118
275.426 0.132
275.986 0.124
277.362 0.09
277.98 0.11
278.58 0.112
279.118 0.106
279.752 0.12
280.328 0.126
281.026 0.094
281.658 0.162
282.202 0.16
282.768 0.132
283.356 0.132
283.918 0.092
284.532 0.108
285.168 0.118
285.806 0.142
286.398 0.112
287.01 0.136
287.608 0.128
288.238 0.12
288.806 0.122
289.36 0.134
289.936 0.106
290.548 0.098
291.184 0.148
291.774 0.136
292.348 0.118
292.934 0.11
293.62 0.136
294.196 0.116
295.022 0.156
295.826 0.122
296.48 0.128
297.104 0.118
297.85 0.106
298.448 0.098
299.044 0.116
299.682 0.128
301.144 0.134
301.752 0.094
302.366 0.108
302.994 0.17
303.584 0.116
304.232 0.124
304.914 0.112
305.582 0.126
306.17 0.132
307.798 0.16
308.578 0.164
310.14 0.146
310.894 0.16
311.624 0.18
312.242 0.136
312.878 0.128
313.618 0.124
314.368 0.148
315.908 0.118
316.58 0.13
317.24 0.154
317.982 0.13
319.602 0.182
320.238 0.148
321.854 0.166
322.57 0.146
323.298 0.144
324.884 0.124
326.566 0.142
327.392 0.138
328.192 0.142
328.924 0.164
329.58 0.14
330.218 0.128
330.928 0.128
331.802 0.19
332.644 0.164
333.374 0.134
335.012 0.176
335.758 0.124
336.474 0.126
337.284 0.158
338.022 0.192
338.796 0.162
339.542 0.186
340.312 0.142
341.96 0.148
342.844 0.156
344.584 0.218
345.3 0.17
346.276 0.148
347.088 0.126
348.126 0.192
348.828 0.172
349.782 0.226
350.646 0.18
351.442 0.146
352.282 0.144
354.036 0.188
355.726 0.182
356.554 0.172
357.762 0.286
359.452 0.136
361.17 0.166
362.882 0.17
363.702 0.17
364.612 0.164
365.418 0.162
366.382 0.162
367.22 0.192
368.922 0.166
370.062 0.192
371.686 0.196
372.726 0.178
373.686 0.232
374.696 0.188
375.69 0.202
376.658 0.196
377.572 0.196
378.52 0.164
380.106 0.176
381.756 0.178
382.606 0.204
383.414 0.192
384.362 0.194
386.224 0.278
387.19 0.136
387.962 0.076
389.438 0.204
390.346 0.18
391.178 0.196
391.998 0.188
392.82 0.168
393.68 0.262
394.804 0.478
395.782 0.18
396.63 0.136
397.9 0.128
399.696 0.17
400.692 0.204
401.452 0.168
402.416 0.194
404.004 0.17
405.644 0.124
407.502 0.24
409.136 0.18
410.862 0.186
411.912 0.302
412.808 0.202
413.582 0.18
414.446 0.198
415.38 0.188
417.074 0.154
417.878 0.176
418.864 0.164
420.822 0.466
421.71 0.17
422.492 0.192
424.168 0.204
424.924 0.17
426.822 0.478
427.776 0.184
429.512 0.214
430.328 0.184
431.25 0.156
432.25 0.204
432.994 0.164
433.778 0.154
434.708 0.148
436.494 0.212
437.31 0.196
438.232 0.194
439.9 0.146
440.866 0.156
442.502 0.202
444.244 0.198
445.164 0.206
446.1 0.188
447.806 0.184
448.662 0.188
