7.356 0.03
7.47 0.016
8.094 0.024
8.266 0.024
8.436 0.032
8.64 0.032
8.844 0.036
9.118 0.04
9.378 0.036
9.586 0.03
10.27 0.036
10.544 0.038
10.83 0.056
11.148 0.04
11.418 0.05
11.718 0.044
12.382 0.054
12.654 0.05
12.932 0.054
13.202 0.054
13.944 0.05
14.224 0.042
14.904 0.042
15.222 0.052
15.886 0.042
16.23 0.046
16.552 0.048
16.808 0.042
17.438 0.026
17.764 0.038
18.018 0.046
18.732 0.046
19.46 0.044
20.09 0.04
20.336 0.036
20.602 0.042
20.816 0.024
21.07 0.048
21.706 0.044
22.362 0.052
22.592 0.046
22.836 0.036
23.202 0.048
23.882 0.044
24.126 0.042
24.37 0.05
24.706 0.038
24.942 0.044
25.212 0.034
25.528 0.038
25.842 0.04
26.606 0.03
26.906 0.056
27.156 0.044
27.844 0.046
28.172 0.066
28.368 0.046
29.228 0.06
29.488 0.054
30.272 0.05
30.58 0.054
30.888 0.062
31.666 0.064
31.916 0.064
32.148 0.07
32.46 0.06
32.776 0.06
33.034 0.054
33.342 0.072
33.824 0.078
34.242 0.074
34.916 0.054
35.228 0.068
35.642 0.062
35.898 0.064
36.244 0.06
36.514 0.064
36.804 0.064
37.118 0.084
37.49 0.072
37.838 0.068
38.19 0.072
38.46 0.064
38.748 0.064
39.136 0.074
39.57 0.066
39.858 0.074
40.606 0.068
40.908 0.066
41.198 0.08
41.484 0.084
41.74 0.064
42.136 0.086
42.426 0.078
42.702 0.068
42.994 0.068
43.29 0.054
43.66 0.064
44.022 0.066
44.486 0.082
44.786 0.076
45.244 0.08
45.558 0.078
45.95 0.082
46.268 0.074
46.598 0.078
47.078 0.086
47.966 0.082
48.29 0.098
49.138 0.086
49.486 0.08
49.854 0.088
50.226 0.096
50.666 0.11
51.51 0.088
52.41 0.086
52.894 0.08
53.47 0.094
53.892 0.096
54.7 0.096
55.136 0.092
55.888 0.08
56.728 0.092
57.568 0.09
58.002 0.076
58.36 0.062
59.192 0.082
59.536 0.078
59.936 0.072
60.28 0.068
61.234 0.098
61.566 0.068
62.448 0.088
63.278 0.048
63.826 0.096
64.244 0.076
64.704 0.062
65.152 0.086
65.544 0.074
66.012 0.08
66.858 0.07
67.27 0.09
67.65 0.076
68.126 0.074
68.566 0.074
69.08 0.082
69.572 0.08
70.018 0.074
70.462 0.084
70.888 0.086
71.428 0.088
71.98 0.098
72.542 0.114
73.072 0.084
73.884 0.118
74.35 0.094
75.05 0.108
75.58 0.1
76.38 0.122
76.942 0.092
77.57 0.114
78.054 0.1
78.758 0.122
79.342 0.116
79.874 0.122
80.474 0.128
81.346 0.114
81.872 0.114
82.388 0.116
82.932 0.108
83.794 0.132
84.346 0.122
84.978 0.088
85.552 0.098
86.136 0.112
86.948 0.134
87.49 0.132
88.06 0.124
88.568 0.124
89.118 0.1
89.648 0.12
90.174 0.11
90.75 0.11
91.266 0.1
91.93 0.12
92.472 0.106
93.024 0.1
94.392 0.114
95.154 0.122
95.674 0.112
96.242 0.106
96.782 0.126
97.31 0.114
97.864 0.132
98.508 0.136
99.032 0.112
99.838 0.106
100.498 0.136
101.158 0.142
101.712 0.102
102.322 0.158
102.92 0.106
103.536 0.106
104.156 0.122
104.902 0.186
105.454 0.134
106.006 0.112
106.664 0.112
107.34 0.128
108.004 0.108
108.664 0.13
109.316 0.102
109.918 0.146
110.474 0.108
111.144 0.13
111.828 0.134
112.396 0.122
112.996 0.124
113.628 0.142
114.204 0.142
114.818 0.11
115.462 0.114
116.018 0.09
116.628 0.114
117.52 0.13
118.134 0.156
118.694 0.144
119.29 0.118
119.98 0.132
120.618 0.12
121.23 0.152
121.768 0.122
122.386 0.102
123.292 0.15
123.836 0.116
124.49 0.128
125.296 0.108
125.936 0.142
126.832 0.14
127.43 0.126
128.002 0.14
128.668 0.14
129.338 0.13
129.964 0.11
130.646 0.116
131.22 0.14
131.788 0.114
132.65 0.124
133.296 0.118
133.986 0.158
134.642 0.11
135.238 0.092
135.876 0.138
136.466 0.112
137.12 0.15
137.72 0.124
138.35 0.108
139.03 0.134
139.884 0.128
140.452 0.106
141.092 0.106
141.99 0.12
142.61 0.124
143.278 0.122
143.974 0.136
144.642 0.106
145.268 0.104
145.906 0.116
146.782 0.134
147.462 0.128
148.086 0.122
148.642 0.098
149.27 0.1
149.934 0.126
150.746 0.098
151.42 0.122
152.01 0.132
152.6 0.13
153.288 0.148
153.86 0.124
154.75 0.128
155.364 0.104
155.966 0.104
156.582 0.12
157.552 0.134
158.09 0.112
158.73 0.156
159.368 0.108
160.006 0.122
160.654 0.134
161.264 0.15
162.206 0.122
162.8 0.128
163.434 0.138
164.318 0.134
165.164 0.114
165.838 0.158
166.48 0.12
167.13 0.11
167.734 0.108
168.38 0.14
169.042 0.136
169.618 0.096
170.274 0.116
170.894 0.114
171.506 0.134
172.152 0.118
172.748 0.138
173.42 0.14
173.996 0.13
174.578 0.136
175.172 0.128
176.122 0.118
176.688 0.104
177.31 0.124
177.964 0.12
178.64 0.15
179.512 0.12
180.062 0.112
180.644 0.118
181.286 0.108
181.846 0.12
182.482 0.082
183.078 0.106
183.75 0.162
184.352 0.11
184.994 0.13
185.634 0.128
186.336 0.136
186.97 0.138
187.852 0.106
188.43 0.124
189.058 0.138
189.622 0.116
190.288 0.122
190.884 0.118
191.504 0.13
192.076 0.124
192.99 0.112
193.672 0.144
194.316 0.124
195.302 0.15
195.92 0.15
196.53 0.132
197.476 0.176
198.008 0.114
198.59 0.102
199.538 0.138
200.148 0.146
200.746 0.132
201.68 0.126
202.244 0.136
202.806 0.108
203.42 0.15
203.984 0.102
204.664 0.132
205.236 0.152
205.832 0.104
206.438 0.09
207.432 0.124
207.986 0.106
208.61 0.106
209.216 0.112
209.832 0.128
210.454 0.108
211.046 0.116
211.712 0.114
212.366 0.122
212.916 0.13
213.482 0.144
214.126 0.122
214.706 0.15
215.288 0.122
215.958 0.14
216.836 0.096
217.402 0.128
218.002 0.108
218.654 0.124
219.244 0.146
220.136 0.138
221.04 0.106
221.678 0.126
222.336 0.134
222.952 0.116
223.562 0.12
224.156 0.108
224.788 0.104
225.428 0.128
226.062 0.124
226.664 0.12
227.276 0.114
227.892 0.118
228.516 0.148
229.1 0.132
229.692 0.124
230.28 0.104
230.896 0.1
231.6 0.122
232.172 0.118
233.184 0.134
234.1 0.094
234.764 0.138
235.324 0.116
236.298 0.112
236.934 0.14
237.574 0.128
238.14 0.098
238.788 0.108
239.79 0.084
240.796 0.1
241.894 0.13
242.538 0.13
243.11 0.114
243.75 0.14
244.338 0.102
245.368 0.126
245.986 0.136
247.064 0.154
247.646 0.116
248.312 0.122
248.97 0.138
249.998 0.126
250.65 0.13
251.246 0.118
251.826 0.122
252.468 0.11
253.564 0.148
254.126 0.112
255.2 0.142
255.796 0.128
256.41 0.104
257.458 0.124
258.538 0.154
259.548 0.136
260.63 0.144
261.212 0.122
261.786 0.112
262.428 0.136
263.55 0.108
264.15 0.14
264.722 0.132
265.348 0.116
266.044 0.138
266.622 0.136
267.734 0.108
268.418 0.13
269.548 0.102
270.198 0.144
270.832 0.164
271.438 0.142
272.566 0.108
273.216 0.144
273.864 0.124
274.478 0.128
275.068 0.102
275.704 0.146
276.384 0.15
277.494 0.106
278.116 0.104
278.762 0.144
279.362 0.102
280.024 0.126
280.636 0.122
281.27 0.14
282.364 0.146
283.456 0.13
284.088 0.138
284.7 0.148
285.27 0.134
285.902 0.154
286.57 0.132
287.272 0.148
287.894 0.112
288.566 0.136
289.244 0.166
289.852 0.112
290.458 0.104
291.082 0.144
291.69 0.118
292.316 0.124
292.92 0.096
293.56 0.128
294.182 0.112
295.336 0.112
295.99 0.12
297.24 0.184
297.918 0.166
298.55 0.14
299.176 0.118
300.374 0.132
301.522 0.11
302.228 0.118
302.842 0.09
303.468 0.116
304.184 0.156
304.834 0.158
305.656 0.166
306.274 0.094
306.894 0.144
307.552 0.148
308.142 0.136
309.304 0.14
309.898 0.088
310.552 0.134
311.184 0.148
311.932 0.108
312.694 0.146
313.484 0.15
314.968 0.16
315.596 0.16
316.844 0.184
317.462 0.11
318.074 0.124
319.32 0.164
319.908 0.13
320.612 0.162
321.232 0.106
321.872 0.144
323.142 0.166
324.306 0.12
324.854 0.138
325.452 0.14
326.09 0.156
326.674 0.128
327.276 0.112
327.92 0.138
329.13 0.148
329.726 0.15
330.322 0.134
330.982 0.134
331.682 0.128
332.316 0.114
333.54 0.124
334.234 0.182
335.468 0.138
336.08 0.158
336.718 0.148
337.39 0.158
338.054 0.154
339.22 0.146
339.844 0.126
340.546 0.166
341.136 0.162
342.364 0.14
342.976 0.128
343.576 0.112
344.248 0.142
344.884 0.148
345.568 0.148
346.296 0.198
346.904 0.15
347.448 0.106
348.066 0.142
348.632 0.134
349.304 0.164
350.604 0.138
351.318 0.176
352.57 0.12
353.234 0.136
353.928 0.128
354.586 0.122
355.26 0.176
355.908 0.124
357.294 0.128
358.788 0.214
359.342 0.114
359.976 0.15
360.588 0.142
362.042 0.16
362.622 0.14
364.002 0.136
364.642 0.144
365.356 0.17
366.086 0.168
366.652 0.108
367.318 0.162
367.926 0.132
368.688 0.136
370.2 0.124
370.922 0.134
371.686 0.166
372.31 0.134
372.976 0.148
373.636 0.112
375.26 0.182
375.834 0.126
376.358 0.138
377.062 0.144
378.606 0.124
379.284 0.132
380.004 0.196
381.472 0.142
382.192 0.124
382.95 0.148
383.684 0.164
384.258 0.14
384.92 0.146
385.564 0.184
386.174 0.136
387.784 0.17
388.44 0.154
389.906 0.104
391.556 0.144
392.356 0.218
393.776 0.144
394.438 0.15
395.112 0.154
396.712 0.186
397.342 0.162
398.01 0.172
398.688 0.152
399.434 0.18
400.164 0.174
400.812 0.12
402.384 0.202
403.02 0.098
403.792 0.156
404.434 0.112
405.2 0.166
405.792 0.12
406.504 0.168
407.21 0.162
407.922 0.112
408.712 0.154
409.392 0.152
410.018 0.146
410.75 0.146
411.428 0.178
413.004 0.118
413.75 0.134
414.474 0.168
415.21 0.18
415.89 0.134
416.654 0.196
417.232 0.118
417.882 0.164
419.42 0.134
420.1 0.17
420.772 0.14
421.48 0.158
423.028 0.168
423.68 0.134
424.414 0.12
425.984 0.176
426.664 0.136
427.4 0.21
428.08 0.182
428.756 0.162
429.474 0.156
430.984 0.146
431.654 0.138
432.378 0.144
433.026 0.116
433.742 0.138
435.434 0.148
436.106 0.116
436.854 0.134
437.676 0.16
438.376 0.17
439.904 0.154
440.684 0.19
441.262 0.11
441.974 0.13
442.682 0.17
443.346 0.148
444.022 0.13
444.772 0.2
445.506 0.138
446.322 0.14
447.012 0.142
448.57 0.15
449.342 0.128
450.872 0.148
451.646 0.122
452.362 0.132
453.148 0.162
453.96 0.158
454.654 0.172
455.364 0.126
457.01 0.13
457.708 0.154
458.388 0.132
459.198 0.148
459.838 0.134
461.366 0.154
462.228 0.194
462.986 0.154
463.81 0.154
464.656 0.18
465.324 0.11
466.046 0.146
466.724 0.178
467.418 0.208
468.12 0.116
468.828 0.142
470.43 0.12
470.992 0.14
472.528 0.162
473.254 0.178
473.904 0.156
474.546 0.134
475.268 0.144
476.87 0.142
477.54 0.122
478.268 0.182
478.982 0.1
479.664 0.134
481.236 0.146
481.952 0.166
482.782 0.138
483.662 0.172
484.582 0.134
486.146 0.15
486.852 0.154
487.526 0.176
488.392 0.17
489.17 0.168
489.948 0.132
490.76 0.128
491.548 0.166
492.4 0.144
494.054 0.182
494.892 0.164
495.62 0.176
496.396 0.168
497.2 0.138
497.922 0.124
498.696 0.11
499.48 0.12
500.248 0.138
501.168 0.13
501.87 0.136
502.556 0.128
504.084 0.126
505.646 0.148
506.536 0.13
507.422 0.146
508.97 0.146
509.774 0.144
511.39 0.152
512.162 0.15
513.66 0.146
514.618 0.118
516.226 0.128
517.14 0.116
517.962 0.14
518.688 0.15
519.584 0.136
521.236 0.134
522.228 0.15
523.062 0.118
523.954 0.152
524.774 0.142
525.728 0.13
526.47 0.154
527.452 0.148
528.276 0.138
528.964 0.12
529.644 0.084
531.312 0.164
532.144 0.124
533.81 0.138
534.658 0.144
536.266 0.122
536.998 0.134
537.724 0.136
538.666 0.128
539.44 0.134
540.346 0.14
541.154 0.14
542.044 0.15
543.026 0.154
543.766 0.136
545.424 0.146
546.168 0.148
547.042 0.156
547.76 0.156
548.534 0.136
550.19 0.134
550.972 0.144
551.802 0.162
553.404 0.106
554.264 0.13
555.082 0.132
556 0.146
556.904 0.132
557.834 0.114
558.768 0.132
559.478 0.124
561.088 0.122
562.718 0.162
563.592 0.134
565.128 0.152
566.096 0.146
567.698 0.148
568.654 0.126
569.522 0.138
571.078 0.138
571.826 0.128
572.786 0.144
573.63 0.128
575.196 0.146
576.866 0.142
577.782 0.142
578.77 0.122
580.452 0.116
581.238 0.144
581.998 0.154
582.908 0.134
583.696 0.134
585.232 0.134
586.126 0.142
587.096 0.132
587.986 0.158
588.882 0.134
589.882 0.156
590.732 0.126
591.628 0.138
592.46 0.13
593.958 0.134
594.762 0.14
595.492 0.128
596.338 0.16
597.058 0.132
598.754 0.134
599.562 0.118
601.204 0.118
602.096 0.112
603.742 0.116
604.62 0.14
