8.132 0.046
8.718 0.05
8.976 0.04
9.644 0.044
9.99 0.046
10.63 0.042
11.014 0.036
11.326 0.044
11.954 0.05
12.6 0.046
13.25 0.042
13.502 0.04
13.776 0.056
14.096 0.038
14.396 0.05
14.756 0.048
15.054 0.048
15.348 0.044
15.614 0.05
15.858 0.052
16.088 0.044
16.348 0.046
16.6 0.038
17.272 0.048
17.53 0.052
18.128 0.018
18.41 0.046
18.678 0.036
18.936 0.042
19.176 0.04
19.4 0.032
19.664 0.052
19.92 0.042
20.658 0.048
21.274 0.05
22.004 0.044
22.282 0.048
22.508 0.05
22.816 0.046
23.06 0.044
23.33 0.048
24.02 0.054
24.266 0.048
24.982 0.056
25.244 0.038
25.512 0.038
25.754 0.042
25.984 0.052
26.28 0.066
26.508 0.054
27.59 0.062
27.794 0.046
28.034 0.064
28.26 0.066
28.63 0.062
28.864 0.06
29.706 0.056
30.512 0.072
30.864 0.064
31.66 0.07
31.88 0.048
32.15 0.056
32.912 0.076
33.286 0.084
33.946 0.068
34.2 0.058
34.628 0.09
35.028 0.078
35.842 0.076
36.25 0.07
36.616 0.062
37.06 0.094
37.484 0.084
37.966 0.092
38.372 0.082
38.836 0.078
39.182 0.096
39.682 0.082
40.096 0.084
41.142 0.092
42.18 0.102
43.25 0.096
43.602 0.098
43.954 0.086
44.35 0.1
44.826 0.09
45.308 0.094
45.67 0.08
46.85 0.09
48.04 0.078
48.51 0.082
49.002 0.08
49.37 0.072
50.546 0.074
50.942 0.078
51.44 0.1
51.85 0.084
52.314 0.118
52.754 0.096
54.164 0.122
54.674 0.094
55.088 0.106
55.548 0.11
56.01 0.104
56.6 0.096
57.188 0.104
57.68 0.098
58.276 0.118
58.81 0.072
59.342 0.106
59.952 0.12
60.482 0.126
61.054 0.146
61.634 0.1
62.116 0.1
63.532 0.11
64.04 0.126
65.422 0.124
65.938 0.126
66.592 0.124
67.086 0.12
67.536 0.102
68.12 0.114
69.528 0.1
70.08 0.12
70.612 0.13
71.146 0.11
71.802 0.118
73.308 0.148
74.716 0.11
75.384 0.13
75.94 0.118
76.51 0.124
77.014 0.11
77.674 0.096
78.296 0.132
78.8 0.09
79.366 0.094
80.018 0.112
80.522 0.082
81.242 0.114
81.97 0.108
83.524 0.144
85.1 0.138
86.664 0.144
88.25 0.122
88.81 0.116
89.352 0.108
90.094 0.132
90.648 0.116
91.262 0.13
91.97 0.116
93.446 0.11
94.11 0.11
94.786 0.124
95.536 0.144
96.938 0.154
97.752 0.144
99.326 0.13
100.894 0.112
101.662 0.154
103.11 0.1
103.986 0.16
104.7 0.13
105.284 0.134
106.016 0.124
106.652 0.152
108.228 0.128
109.72 0.106
110.488 0.14
111.1 0.14
111.776 0.144
113.262 0.11
113.946 0.116
114.648 0.118
115.446 0.124
116.26 0.15
116.876 0.128
117.63 0.126
118.19 0.118
118.794 0.136
119.366 0.14
120.134 0.1
121.65 0.136
123.084 0.138
123.654 0.132
125.122 0.14
125.84 0.13
126.442 0.144
127.1 0.132
127.704 0.118
128.432 0.134
129.156 0.122
129.804 0.108
130.402 0.136
131.16 0.142
131.708 0.11
132.58 0.134
133.138 0.122
134.58 0.122
135.304 0.112
135.998 0.106
136.704 0.13
137.458 0.13
138.942 0.126
139.57 0.1
140.184 0.146
140.738 0.12
141.356 0.13
142.156 0.146
142.734 0.144
144.114 0.112
144.708 0.118
145.464 0.138
146.198 0.148
146.776 0.11
147.484 0.14
148.158 0.114
148.864 0.108
150.374 0.142
151.08 0.134
152.486 0.132
153.132 0.098
154.68 0.136
155.312 0.136
156.864 0.144
157.582 0.142
158.926 0.132
159.64 0.138
160.236 0.14
160.824 0.128
161.642 0.122
162.346 0.146
163.006 0.112
163.612 0.128
164.262 0.12
164.986 0.136
165.616 0.12
167.088 0.12
167.806 0.12
168.54 0.132
169.292 0.126
170.816 0.138
171.496 0.15
172.236 0.13
173.688 0.144
175.128 0.124
175.888 0.126
176.538 0.116
177.294 0.138
178.688 0.136
179.322 0.138
180.002 0.124
180.618 0.132
181.274 0.142
181.864 0.136
182.572 0.144
183.132 0.11
183.762 0.144
184.376 0.122
185.048 0.13
185.87 0.128
187.384 0.13
188.068 0.132
188.792 0.126
189.42 0.122
189.968 0.124
190.638 0.128
191.242 0.12
191.986 0.132
192.682 0.12
193.36 0.114
193.97 0.128
194.556 0.124
195.246 0.122
195.958 0.144
196.53 0.118
197.208 0.146
197.804 0.138
199.194 0.13
199.822 0.128
200.52 0.14
201.196 0.128
201.79 0.122
202.54 0.124
203.202 0.126
203.91 0.142
204.56 0.128
205.182 0.138
205.796 0.146
206.412 0.136
207.004 0.122
207.66 0.142
208.376 0.138
209.05 0.144
209.634 0.14
211.14 0.122
212.564 0.136
213.252 0.106
214.752 0.138
215.41 0.126
216.87 0.138
217.448 0.14
218.196 0.132
218.78 0.132
219.45 0.096
220.046 0.114
220.624 0.122
221.24 0.122
222.708 0.14
223.338 0.144
223.992 0.118
224.766 0.128
225.414 0.12
226.164 0.138
227.748 0.138
228.316 0.126
228.91 0.132
229.496 0.142
230.132 0.126
231.638 0.12
232.39 0.146
232.952 0.104
234.344 0.112
235.106 0.126
235.852 0.144
236.434 0.134
237.152 0.136
237.786 0.132
238.412 0.126
239.236 0.122
239.848 0.134
240.462 0.122
241.86 0.148
242.444 0.144
243.13 0.124
243.708 0.132
244.356 0.134
245.078 0.138
245.75 0.122
246.386 0.128
247.86 0.138
248.688 0.136
249.336 0.132
250.028 0.15
250.526 0.074
251.228 0.112
251.958 0.126
253.426 0.116
254.094 0.16
254.644 0.1
256.19 0.136
256.776 0.128
257.492 0.144
258.258 0.11
258.978 0.136
259.61 0.116
260.246 0.138
260.962 0.142
261.562 0.122
262.328 0.148
