7.594 0.052
7.762 0.038
8.424 0.048
8.652 0.05
8.912 0.044
9.416 0.044
9.596 0.044
9.834 0.054
10.222 0.062
10.406 0.058
10.754 0.046
10.958 0.052
11.138 0.052
11.502 0.052
11.698 0.052
11.91 0.054
12.074 0.042
12.304 0.046
12.552 0.048
12.772 0.038
12.97 0.054
13.192 0.052
13.556 0.058
13.896 0.046
14.094 0.04
14.314 0.062
14.66 0.048
14.862 0.058
15.056 0.044
15.412 0.05
15.604 0.054
15.812 0.056
16.004 0.056
16.194 0.052
16.386 0.048
16.762 0.056
17.108 0.056
17.444 0.046
17.62 0.054
17.814 0.052
18.02 0.054
18.198 0.044
18.42 0.056
18.778 0.046
19.002 0.05
19.372 0.048
19.594 0.052
19.964 0.05
20.35 0.062
20.52 0.056
20.754 0.076
20.924 0.062
21.244 0.06
21.478 0.06
21.692 0.06
21.958 0.06
22.196 0.068
22.408 0.058
22.678 0.07
22.942 0.056
23.268 0.07
23.696 0.082
23.992 0.07
24.344 0.062
24.866 0.058
25.14 0.074
25.68 0.074
25.97 0.078
26.29 0.082
26.582 0.062
26.846 0.06
27.37 0.064
27.968 0.094
28.496 0.076
28.82 0.082
29.144 0.088
29.4 0.072
29.7 0.078
30.116 0.068
30.454 0.076
31.082 0.082
31.396 0.07
31.88 0.098
32.16 0.08
32.484 0.072
32.806 0.074
33.104 0.084
33.388 0.054
33.744 0.088
34.506 0.08
34.846 0.08
35.208 0.086
35.662 0.08
36.136 0.09
36.976 0.098
37.282 0.072
37.602 0.094
38.512 0.092
38.852 0.082
39.196 0.074
39.476 0.052
40.582 0.088
40.898 0.084
41.894 0.09
42.254 0.086
43.158 0.076
43.506 0.098
43.842 0.066
44.218 0.092
44.54 0.086
44.942 0.108
45.262 0.086
45.556 0.084
45.852 0.048
46.246 0.09
46.552 0.072
46.904 0.084
47.56 0.078
47.894 0.086
48.254 0.094
48.612 0.112
48.976 0.1
49.332 0.078
49.69 0.08
50.026 0.082
50.43 0.106
50.8 0.102
51.176 0.078
51.54 0.108
51.908 0.102
52.262 0.104
52.622 0.104
52.944 0.074
53.752 0.1
54.092 0.078
54.466 0.102
54.852 0.094
55.196 0.1
55.548 0.102
55.888 0.074
56.226 0.078
56.576 0.096
56.906 0.07
57.23 0.084
57.562 0.102
58.338 0.108
58.69 0.092
59.012 0.086
59.354 0.086
59.688 0.084
60.05 0.108
60.396 0.098
60.722 0.1
61.508 0.084
61.874 0.124
62.21 0.102
62.556 0.104
62.884 0.092
63.23 0.098
63.554 0.102
63.9 0.086
64.254 0.068
64.61 0.078
65.366 0.088
66.134 0.08
66.464 0.07
67.238 0.094
67.586 0.09
68.318 0.082
68.678 0.102
69.03 0.094
69.388 0.09
69.732 0.1
70.418 0.096
70.79 0.088
71.162 0.126
71.826 0.13
72.162 0.086
72.518 0.108
72.866 0.094
73.21 0.102
73.84 0.096
74.196 0.102
74.524 0.09
74.846 0.096
75.192 0.084
75.584 0.106
75.876 0.08
76.244 0.084
76.636 0.102
77.004 0.078
77.408 0.096
77.724 0.088
78.156 0.12
78.826 0.088
79.198 0.102
79.952 0.088
80.288 0.078
81.14 0.104
81.454 0.106
81.836 0.092
82.6 0.096
82.952 0.092
83.322 0.092
83.686 0.106
84.444 0.114
84.772 0.088
85.142 0.126
85.856 0.082
86.198 0.098
86.958 0.092
87.692 0.088
88.508 0.09
88.826 0.07
89.216 0.102
89.604 0.098
89.914 0.088
90.256 0.078
90.65 0.098
91.192 0.106
91.554 0.076
91.92 0.086
92.316 0.1
92.632 0.094
93.2 0.106
94.074 0.1
94.426 0.08
95.36 0.112
95.726 0.106
96.086 0.078
96.66 0.088
97.09 0.106
97.434 0.084
98.026 0.076
98.582 0.09
99.154 0.094
99.71 0.106
100.09 0.09
100.458 0.1
100.852 0.1
101.754 0.112
102.102 0.108
102.626 0.098
103.17 0.128
103.566 0.118
103.992 0.114
104.492 0.088
105.448 0.122
106.222 0.084
106.642 0.122
107.03 0.114
107.91 0.096
108.306 0.12
109.172 0.086
109.544 0.1
109.932 0.126
110.312 0.098
111.154 0.092
111.554 0.118
112.338 0.1
112.718 0.078
113.446 0.082
113.862 0.12
114.192 0.102
114.89 0.086
115.608 0.128
115.998 0.104
116.39 0.1
116.786 0.088
117.168 0.102
117.888 0.08
118.256 0.096
118.608 0.086
118.978 0.092
119.338 0.082
120.038 0.084
120.67 0.106
121.098 0.154
121.582 0.092
121.958 0.09
122.36 0.104
122.71 0.092
123.066 0.086
123.478 0.11
123.87 0.124
124.484 0.11
124.882 0.112
125.492 0.108
126.024 0.076
126.422 0.078
126.824 0.094
127.506 0.08
127.926 0.112
128.594 0.096
129.392 0.098
129.784 0.082
130.194 0.104
130.972 0.124
131.388 0.106
131.816 0.094
132.206 0.076
132.638 0.106
133.046 0.098
133.458 0.112
134.304 0.072
135.238 0.088
135.656 0.078
136.094 0.11
136.516 0.132
136.91 0.108
137.332 0.108
137.736 0.09
138.104 0.068
138.542 0.104
138.924 0.076
139.374 0.1
139.762 0.104
140.638 0.1
141.486 0.14
141.84 0.098
142.216 0.094
142.584 0.074
142.984 0.102
143.354 0.082
143.754 0.094
144.154 0.094
144.584 0.1
144.994 0.12
145.752 0.088
146.19 0.096
146.606 0.11
147.476 0.162
148.24 0.1
148.602 0.086
149.39 0.088
150.284 0.082
151.108 0.102
151.488 0.066
151.896 0.08
152.334 0.106
152.768 0.122
153.14 0.104
153.938 0.096
154.722 0.09
155.114 0.092
155.504 0.076
155.932 0.108
156.774 0.08
157.216 0.084
157.592 0.078
157.988 0.076
158.428 0.106
159.326 0.1
160.142 0.066
161.094 0.114
161.52 0.084
162.408 0.104
162.822 0.08
163.734 0.104
164.456 0.07
164.87 0.104
165.244 0.074
165.662 0.084
166.09 0.104
166.494 0.1
166.876 0.086
167.436 0.11
167.866 0.1
168.232 0.082
168.752 0.092
169.196 0.078
169.61 0.094
170.042 0.102
170.452 0.092
170.872 0.08
171.318 0.094
171.766 0.086
172.254 0.094
172.634 0.094
173.022 0.086
173.532 0.094
173.934 0.088
174.482 0.076
174.874 0.096
175.5 0.116
175.864 0.086
176.486 0.078
176.92 0.092
177.338 0.104
177.73 0.076
178.172 0.096
178.59 0.118
179.332 0.11
179.694 0.072
180.156 0.094
180.922 0.1
181.32 0.098
181.748 0.112
182.14 0.098
182.542 0.088
182.952 0.092
183.348 0.09
183.778 0.072
184.208 0.094
184.642 0.1
185.482 0.116
185.844 0.076
186.264 0.09
186.66 0.076
187.07 0.078
187.476 0.102
187.862 0.08
188.254 0.088
188.668 0.102
189.07 0.088
189.864 0.094
190.572 0.084
190.988 0.104
191.346 0.092
191.798 0.104
192.268 0.104
192.716 0.1
193.116 0.064
193.836 0.078
194.194 0.072
194.76 0.092
195.136 0.09
195.56 0.094
195.96 0.09
196.32 0.062
196.702 0.086
197.132 0.1
197.572 0.108
197.946 0.078
198.4 0.088
198.83 0.082
199.496 0.078
199.918 0.078
200.47 0.082
201.012 0.084
201.45 0.086
201.87 0.104
202.252 0.102
202.642 0.084
203.044 0.086
203.478 0.098
203.844 0.066
204.228 0.08
204.642 0.108
205.104 0.114
205.48 0.072
205.914 0.072
206.366 0.098
206.774 0.096
207.172 0.07
207.606 0.092
208.088 0.1
208.498 0.092
208.97 0.112
209.406 0.08
209.826 0.096
210.42 0.096
210.886 0.096
211.366 0.106
211.958 0.088
212.348 0.08
212.806 0.076
213.248 0.11
213.594 0.102
213.998 0.09
214.422 0.096
215.036 0.102
215.452 0.084
216.162 0.088
216.638 0.112
217.042 0.092
217.894 0.118
218.282 0.1
218.736 0.092
219.214 0.108
219.676 0.098
220.164 0.096
220.646 0.126
221.042 0.074
221.514 0.098
221.968 0.116
222.606 0.09
223.056 0.1
223.454 0.088
223.932 0.092
224.326 0.082
225.052 0.118
225.454 0.092
225.886 0.108
226.586 0.116
227.262 0.106
227.854 0.112
228.258 0.094
228.684 0.112
229.062 0.092
229.766 0.122
230.158 0.084
230.966 0.1
231.39 0.108
231.8 0.092
232.63 0.09
233.014 0.072
233.48 0.088
233.954 0.126
234.358 0.084
234.752 0.086
235.184 0.102
235.566 0.078
236.438 0.102
236.878 0.102
237.316 0.096
237.77 0.118
238.54 0.094
239.424 0.088
239.9 0.102
240.374 0.096
240.828 0.094
241.326 0.098
241.772 0.088
242.254 0.112
242.732 0.106
243.618 0.102
244.462 0.096
244.882 0.09
245.394 0.136
245.788 0.102
246.212 0.084
246.922 0.114
247.32 0.084
248.082 0.1
248.536 0.108
248.998 0.102
249.41 0.108
249.848 0.096
250.292 0.118
250.96 0.094
251.424 0.1
251.816 0.09
252.236 0.088
252.704 0.104
253.118 0.112
253.592 0.1
254.02 0.078
254.498 0.114
254.93 0.088
255.364 0.108
255.798 0.108
256.648 0.094
257.07 0.074
257.514 0.092
258.436 0.116
259.35 0.104
260.206 0.068
260.658 0.1
261.09 0.082
261.496 0.076
261.924 0.096
262.366 0.114
263.2 0.096
263.606 0.086
264.054 0.1
264.492 0.102
264.9 0.068
265.886 0.114
266.796 0.124
267.212 0.066
267.654 0.088
268.062 0.088
268.522 0.102
269.008 0.094
269.89 0.102
270.312 0.102
270.742 0.082
271.686 0.108
272.134 0.1
272.582 0.082
273.05 0.098
273.526 0.112
273.962 0.09
274.396 0.094
274.836 0.068
275.294 0.106
275.774 0.102
276.75 0.112
277.642 0.104
278.052 0.086
278.48 0.11
279.426 0.106
279.946 0.128
280.388 0.098
281.254 0.084
281.7 0.098
282.112 0.07
282.55 0.084
283.05 0.13
283.466 0.086
284.386 0.104
284.77 0.106
285.188 0.09
285.612 0.1
286.04 0.1
286.536 0.104
287.01 0.102
287.462 0.098
288.346 0.092
289.33 0.104
290.272 0.094
290.78 0.118
291.264 0.106
292.26 0.1
292.73 0.126
293.13 0.086
293.622 0.098
294.004 0.064
294.496 0.132
295.404 0.102
295.84 0.096
296.732 0.108
297.112 0.096
297.578 0.124
298.01 0.088
298.862 0.09
299.34 0.106
299.758 0.084
300.216 0.114
300.662 0.116
301.082 0.1
301.524 0.086
301.988 0.12
302.396 0.106
302.872 0.096
303.328 0.09
303.754 0.08
304.216 0.098
304.688 0.128
305.15 0.112
305.552 0.084
305.998 0.098
306.474 0.094
306.95 0.126
307.902 0.086
308.838 0.096
309.73 0.094
310.174 0.114
310.61 0.104
311.028 0.09
311.448 0.088
311.884 0.102
312.304 0.106
312.764 0.082
313.22 0.086
313.692 0.104
314.1 0.074
314.51 0.098
315 0.108
315.404 0.09
315.876 0.118
316.308 0.116
317.278 0.114
318.248 0.124
318.684 0.092
319.19 0.094
319.706 0.124
320.582 0.088
321.036 0.082
321.486 0.088
322.358 0.1
323.258 0.102
323.728 0.106
324.572 0.088
325.044 0.116
325.444 0.088
325.85 0.092
326.306 0.084
326.856 0.12
327.246 0.09
327.698 0.104
328.234 0.104
328.66 0.072
329.132 0.102
329.582 0.11
329.988 0.094
330.446 0.126
331.476 0.098
332.34 0.102
332.814 0.108
333.746 0.094
334.138 0.076
335.098 0.118
335.58 0.136
336 0.106
336.492 0.096
337.478 0.136
338.56 0.156
338.968 0.098
339.37 0.056
339.786 0.074
340.276 0.116
340.758 0.122
341.194 0.11
341.708 0.104
342.202 0.114
342.644 0.128
343.052 0.086
343.544 0.108
343.974 0.108
344.452 0.134
344.824 0.11
345.266 0.116
345.706 0.124
346.17 0.136
346.622 0.092
347.068 0.108
347.518 0.134
347.968 0.106
348.424 0.114
348.914 0.134
349.812 0.106
350.294 0.08
350.852 0.15
351.294 0.11
351.75 0.112
352.706 0.132
353.09 0.078
353.536 0.092
354.002 0.098
354.41 0.096
354.862 0.09
355.386 0.116
356.274 0.114
357.106 0.094
357.994 0.128
358.394 0.126
358.824 0.092
359.308 0.1
360.208 0.104
360.556 0.082
361.01 0.102
361.49 0.14
361.93 0.122
362.422 0.15
362.862 0.126
363.272 0.124
364.138 0.094
364.686 0.158
365.522 0.08
365.986 0.124
366.432 0.116
366.834 0.088
367.304 0.076
367.802 0.096
368.278 0.104
368.766 0.15
369.62 0.102
370.016 0.074
370.944 0.108
371.44 0.09
372.33 0.12
372.756 0.102
373.658 0.098
374.16 0.108
374.55 0.092
375.018 0.11
375.502 0.148
375.868 0.08
376.34 0.112
376.778 0.12
377.184 0.094
378.136 0.1
379.036 0.1
379.92 0.102
380.642 0.144
381.056 0.134
381.426 0.108
382.352 0.086
383.266 0.092
383.664 0.078
384.112 0.1
384.594 0.104
385.21 0.102
385.664 0.086
386.098 0.102
387.044 0.094
387.506 0.116
387.948 0.12
388.478 0.096
388.954 0.096
389.482 0.098
389.928 0.088
390.364 0.124
390.822 0.106
391.256 0.1
391.66 0.106
392.154 0.094
392.57 0.092
393.008 0.106
393.434 0.104
393.908 0.104
394.418 0.128
394.822 0.1
395.764 0.116
396.23 0.104
396.662 0.092
397.192 0.13
397.588 0.108
398.086 0.138
398.5 0.11
398.97 0.104
399.466 0.102
399.944 0.082
400.418 0.09
400.964 0.12
401.448 0.092
402.044 0.118
402.53 0.106
403.008 0.154
403.474 0.126
404.676 0.096
405.158 0.096
405.614 0.084
406.112 0.076
406.634 0.104
407.184 0.102
407.734 0.106
408.232 0.094
409.318 0.114
410.324 0.112
410.826 0.114
411.284 0.1
412.086 0.112
412.584 0.142
413.048 0.102
413.526 0.108
414.052 0.122
414.588 0.118
415.178 0.12
415.73 0.13
416.242 0.116
416.798 0.1
417.372 0.118
417.94 0.16
418.428 0.102
418.986 0.16
419.504 0.146
419.968 0.12
420.444 0.084
421.026 0.136
421.49 0.086
422.098 0.134
422.618 0.108
423.22 0.14
423.748 0.098
424.312 0.1
424.802 0.114
425.372 0.122
425.962 0.144
426.854 0.13
427.37 0.114
427.99 0.152
428.516 0.138
429.708 0.122
431.04 0.136
431.49 0.112
432.12 0.116
432.694 0.118
433.302 0.108
433.814 0.114
434.37 0.112
434.924 0.12
435.466 0.082
436.054 0.082
436.696 0.124
437.254 0.13
437.878 0.142
438.48 0.118
439.14 0.136
439.714 0.132
440.264 0.132
440.776 0.114
441.434 0.14
442.084 0.188
442.6 0.116
443.124 0.11
443.698 0.13
444.298 0.092
444.894 0.118
446.318 0.104
446.926 0.108
447.57 0.108
448.236 0.142
448.894 0.136
449.458 0.126
450.006 0.106
450.63 0.132
451.272 0.102
452.774 0.13
453.27 0.082
453.928 0.136
454.668 0.14
455.416 0.184
456.084 0.136
456.754 0.11
458.35 0.152
459.81 0.142
460.47 0.144
461.116 0.12
462.614 0.126
463.222 0.098
464.014 0.166
464.694 0.1
465.434 0.186
466.144 0.142
466.804 0.154
468.356 0.13
469.098 0.144
470.832 0.152
472.4 0.168
474.006 0.176
474.784 0.15
475.762 0.444
476.44 0.132
477.212 0.094
477.854 0.156
478.676 0.136
479.376 0.136
480.024 0.152
481.636 0.15
482.336 0.14
483.074 0.104
483.562 0.122
484.718 0.474
485.434 0.152
486.362 0.31
487.346 0.138
488.972 0.142
489.664 0.148
490.478 0.14
491.508 0.364
492.362 0.19
492.994 0.13
493.822 0.162
494.46 0.144
495.208 0.166
496.056 0.166
496.686 0.128
497.426 0.172
498.332 0.18
498.938 0.136
500.376 0.166
501.074 0.146
502.028 0.166
502.692 0.148
503.478 0.156
504.264 0.19
505.082 0.144
506.62 0.152
508.162 0.196
508.928 0.118
509.688 0.172
511.272 0.162
511.928 0.164
512.526 0.142
513.21 0.164
513.908 0.188
514.588 0.182
515.362 0.146
516.036 0.166
516.83 0.184
517.6 0.146
518.39 0.162
519.096 0.128
519.836 0.208
520.544 0.138
522.076 0.148
522.73 0.146
524.438 0.328
525.076 0.134
525.85 0.148
526.826 0.374
527.454 0.14
528.018 0.076
529.004 0.152
529.844 0.164
530.6 0.14
531.472 0.308
532.156 0.156
532.77 0.136
533.458 0.16
534.23 0.142
534.876 0.144
535.546 0.17
536.306 0.314
537.748 0.144
538.424 0.148
539.098 0.126
539.962 0.192
540.57 0.118
541.372 0.246
542.18 0.154
542.92 0.126
543.738 0.192
544.496 0.17
545.22 0.154
545.994 0.14
547.586 0.216
548.312 0.154
548.97 0.148
549.822 0.182
550.632 0.144
551.486 0.168
552.096 0.13
552.83 0.146
554.384 0.16
555.156 0.17
555.81 0.14
556.844 0.15
557.514 0.168
558.132 0.12
