9.014 0.04
9.154 0.032
9.328 0.042
9.594 0.04
9.87 0.044
10.072 0.036
10.246 0.04
10.45 0.044
10.634 0.036
10.818 0.036
11.126 0.046
11.466 0.046
11.828 0.04
12.186 0.052
12.422 0.042
13.2 0.048
13.478 0.05
13.868 0.056
14.104 0.05
14.362 0.05
14.596 0.04
14.834 0.04
15.088 0.036
15.32 0.044
16.046 0.052
16.296 0.04
16.678 0.05
17.032 0.046
17.76 0.044
18.144 0.054
18.364 0.024
19.138 0.056
19.406 0.05
19.8 0.04
20.068 0.056
20.764 0.062
21.124 0.048
21.454 0.048
21.77 0.058
21.99 0.04
22.298 0.05
22.634 0.058
22.938 0.054
23.184 0.048
23.876 0.044
24.242 0.058
25.022 0.06
25.766 0.056
26.48 0.056
27.222 0.046
27.976 0.066
28.732 0.05
29.49 0.052
29.906 0.06
30.25 0.04
31.046 0.05
31.748 0.044
32.076 0.048
32.38 0.052
32.704 0.048
32.924 0.042
33.254 0.056
33.566 0.044
33.908 0.03
34.226 0.052
34.502 0.052
34.708 0.034
35.098 0.048
35.336 0.054
35.626 0.038
36.35 0.044
37.088 0.048
37.312 0.046
37.618 0.038
37.9 0.042
38.188 0.034
38.932 0.042
39.164 0.05
39.366 0.042
39.618 0.03
39.978 0.046
40.676 0.038
40.884 0.044
41.222 0.04
41.458 0.038
42.124 0.056
42.478 0.042
42.668 0.03
42.88 0.046
43.54 0.048
43.802 0.032
44.008 0.042
44.358 0.03
44.566 0.036
44.788 0.04
45.536 0.044
46.188 0.044
46.362 0.036
46.714 0.05
47.04 0.038
47.244 0.046
47.956 0.044
48.208 0.03
48.532 0.032
49.198 0.034
49.526 0.042
49.758 0.04
50.116 0.036
50.328 0.042
50.628 0.048
50.916 0.046
51.178 0.04
51.528 0.056
52.138 0.036
52.41 0.036
52.778 0.036
53.002 0.034
53.284 0.05
53.618 0.042
53.822 0.044
54.076 0.032
54.42 0.04
54.608 0.024
54.896 0.042
55.118 0.04
55.77 0.04
56.432 0.038
57.1 0.036
57.302 0.048
57.488 0.044
58.196 0.038
58.49 0.05
59.13 0.036
59.344 0.038
59.53 0.034
60.204 0.046
60.394 0.048
60.594 0.036
60.88 0.04
61.068 0.046
61.724 0.044
61.902 0.028
62.166 0.046
62.332 0.036
62.664 0.028
62.902 0.038
63.074 0.042
63.33 0.036
63.56 0.046
64.19 0.034
64.476 0.036
65.086 0.034
65.276 0.036
65.59 0.04
66.252 0.044
66.854 0.034
67.034 0.03
67.29 0.028
67.496 0.036
67.756 0.026
68.028 0.042
68.172 0.022
68.818 0.042
68.964 0.04
69.134 0.042
69.282 0.038
69.448 0.04
69.624 0.042
69.778 0.052
70.376 0.04
70.528 0.036
70.68 0.026
71.006 0.042
71.156 0.036
71.388 0.044
71.586 0.034
71.728 0.024
72.392 0.046
73.016 0.042
73.174 0.038
73.346 0.038
73.496 0.032
73.798 0.042
74.092 0.03
74.25 0.032
74.402 0.038
74.576 0.042
74.874 0.036
75.02 0.03
75.698 0.032
75.924 0.036
76.068 0.026
76.266 0.044
76.422 0.04
76.638 0.03
77.24 0.04
77.854 0.032
78.098 0.042
78.26 0.042
78.416 0.038
78.568 0.036
78.73 0.04
78.904 0.038
79.054 0.032
79.278 0.034
79.424 0.042
79.57 0.026
79.872 0.03
80.134 0.036
80.372 0.044
80.528 0.046
80.802 0.04
80.95 0.034
81.182 0.032
81.49 0.032
81.81 0.038
82.016 0.038
82.638 0.038
82.868 0.036
83.036 0.034
83.174 0.032
83.324 0.028
83.544 0.042
84.16 0.032
84.452 0.038
84.698 0.044
84.922 0.042
85.06 0.034
85.258 0.038
85.844 0.04
86.002 0.042
86.66 0.044
86.8 0.03
87.018 0.036
87.656 0.028
88.308 0.044
88.464 0.034
89.116 0.044
89.404 0.044
89.62 0.042
89.752 0.026
89.97 0.03
90.254 0.028
90.496 0.042
91.098 0.032
91.258 0.036
91.486 0.038
91.716 0.048
91.86 0.038
92.48 0.032
92.666 0.036
93.364 0.038
93.526 0.042
94.146 0.012
94.804 0.042
95.086 0.03
95.35 0.042
95.682 0.04
95.864 0.04
96.036 0.032
96.188 0.042
96.822 0.04
96.966 0.038
97.194 0.04
97.406 0.04
97.564 0.046
97.756 0.038
97.934 0.044
98.096 0.044
98.234 0.03
98.464 0.044
98.758 0.038
98.906 0.024
99.594 0.036
99.826 0.04
100.038 0.04
100.198 0.04
100.844 0.03
101.006 0.04
101.148 0.036
101.318 0.036
101.54 0.038
102.212 0.032
102.414 0.036
102.548 0.028
102.698 0.04
102.832 0.028
103 0.044
103.582 0.034
103.736 0.04
103.902 0.056
104.05 0.04
104.224 0.032
104.454 0.038
104.65 0.04
104.79 0.036
105.056 0.04
105.196 0.04
105.362 0.034
105.574 0.038
105.732 0.034
105.87 0.036
106.062 0.038
106.284 0.04
106.41 0.03
106.712 0.03
107.006 0.04
107.588 0.038
108.202 0.034
108.824 0.042
108.966 0.04
109.112 0.02
109.34 0.036
109.48 0.038
109.752 0.032
109.952 0.038
110.094 0.036
110.234 0.032
110.384 0.038
110.588 0.04
110.724 0.036
111.032 0.032
111.308 0.038
111.436 0.03
111.594 0.032
111.744 0.04
111.876 0.026
112.026 0.042
112.18 0.042
112.792 0.034
113.072 0.042
113.35 0.018
113.634 0.042
114.256 0.028
114.422 0.044
114.558 0.04
114.722 0.04
114.922 0.038
115.186 0.026
115.384 0.034
115.542 0.032
115.698 0.036
115.842 0.042
116.064 0.05
116.254 0.032
116.844 0.044
117.408 0.042
117.628 0.036
118.198 0.026
118.336 0.04
118.48 0.026
119.088 0.026
119.244 0.04
119.532 0.042
119.674 0.038
119.808 0.02
120.038 0.044
120.616 0.04
120.828 0.032
120.984 0.04
121.112 0.032
121.3 0.034
121.492 0.034
121.668 0.042
121.82 0.032
122.448 0.03
123.064 0.042
123.216 0.036
123.382 0.034
123.56 0.022
123.728 0.042
123.908 0.028
124.1 0.02
124.712 0.028
124.906 0.034
125.12 0.044
