8.252 0.032
8.524 0.032
8.754 0.032
9.094 0.04
9.38 0.044
9.638 0.04
10.348 0.042
10.636 0.04
10.94 0.032
11.598 0.026
11.908 0.04
12.214 0.054
12.466 0.042
13.084 0.042
13.332 0.044
13.584 0.042
13.84 0.036
14.07 0.024
14.528 0.044
14.994 0.03
15.298 0.034
15.606 0.042
15.846 0.028
16.06 0.038
16.534 0.038
16.79 0.044
17.018 0.038
17.268 0.048
17.672 0.026
17.912 0.042
18.158 0.048
18.378 0.032
18.606 0.044
19.04 0.034
19.274 0.044
19.512 0.038
19.932 0.04
20.162 0.044
20.39 0.042
20.816 0.042
21.068 0.046
21.306 0.046
21.53 0.028
21.79 0.038
22.046 0.04
22.486 0.042
22.918 0.044
23.376 0.036
23.826 0.048
24.264 0.044
24.488 0.042
24.722 0.038
24.976 0.046
25.22 0.036
25.478 0.03
25.758 0.046
25.974 0.028
26.224 0.044
26.654 0.046
26.944 0.05
27.184 0.042
27.632 0.04
27.868 0.042
28.094 0.04
28.324 0.044
28.61 0.04
29.07 0.048
29.502 0.042
29.764 0.04
30.19 0.048
30.436 0.044
30.88 0.044
31.294 0.04
31.518 0.046
31.746 0.048
31.986 0.034
32.392 0.036
32.624 0.038
32.88 0.05
33.098 0.036
33.346 0.048
33.594 0.044
33.838 0.038
34.076 0.048
34.294 0.036
34.552 0.04
34.768 0.022
35.072 0.05
35.372 0.048
35.818 0.042
36.262 0.044
36.498 0.044
36.926 0.048
37.186 0.052
37.438 0.038
37.7 0.036
37.948 0.042
38.202 0.052
38.424 0.05
38.89 0.036
39.24 0.05
39.582 0.036
39.894 0.058
40.27 0.048
40.572 0.054
40.976 0.032
41.31 0.052
41.608 0.052
41.898 0.048
42.218 0.05
42.596 0.054
43.196 0.062
43.52 0.048
44.05 0.052
44.362 0.054
44.95 0.052
45.376 0.054
45.684 0.054
46.032 0.062
46.316 0.056
46.654 0.054
46.954 0.052
47.512 0.046
47.844 0.036
48.138 0.042
48.45 0.052
48.804 0.056
49.124 0.04
49.674 0.05
50.266 0.048
50.842 0.052
51.262 0.056
51.606 0.042
51.962 0.044
52.44 0.048
52.722 0.05
53.026 0.052
53.34 0.052
53.694 0.068
54.28 0.046
54.666 0.052
55.052 0.058
55.64 0.052
56.04 0.046
56.552 0.05
57.208 0.064
57.576 0.052
57.96 0.058
58.36 0.074
59.002 0.048
59.354 0.054
59.724 0.05
60.1 0.06
60.588 0.044
61.252 0.05
61.924 0.056
62.268 0.05
62.904 0.048
63.28 0.038
63.59 0.05
64.052 0.064
64.384 0.06
64.984 0.046
65.64 0.06
66.228 0.052
66.54 0.046
66.834 0.044
67.166 0.042
67.75 0.046
68.176 0.052
68.79 0.052
69.248 0.05
69.6 0.062
70.222 0.05
70.53 0.052
70.868 0.044
71.482 0.044
71.824 0.046
72.252 0.058
72.556 0.058
72.878 0.066
73.158 0.07
73.418 0.044
73.71 0.05
73.996 0.058
74.614 0.048
74.914 0.054
75.324 0.048
75.906 0.03
76.242 0.038
76.684 0.058
77.258 0.042
77.806 0.048
78.37 0.056
78.948 0.044
79.284 0.05
79.852 0.066
80.414 0.046
80.728 0.038
81.112 0.056
81.414 0.03
81.858 0.042
82.444 0.054
82.788 0.046
83.42 0.052
84.028 0.06
84.42 0.06
84.78 0.052
85.17 0.046
85.632 0.046
85.982 0.05
86.35 0.046
86.794 0.054
87.164 0.044
87.506 0.042
87.928 0.058
88.584 0.054
88.948 0.052
89.29 0.05
89.952 0.068
90.566 0.054
90.912 0.06
91.29 0.058
91.93 0.042
92.298 0.042
92.684 0.056
93.038 0.046
93.422 0.052
93.768 0.054
94.346 0.04
94.974 0.05
95.332 0.056
95.794 0.044
96.308 0.052
96.648 0.05
97.282 0.05
97.778 0.052
98.102 0.044
98.516 0.07
98.946 0.036
99.32 0.048
99.65 0.048
100.006 0.044
100.36 0.042
100.966 0.052
101.342 0.06
101.702 0.054
102.302 0.044
102.694 0.054
103.09 0.072
103.532 0.046
103.898 0.07
104.23 0.048
104.566 0.038
104.916 0.05
105.518 0.058
106.132 0.042
106.49 0.052
106.866 0.044
107.256 0.048
107.836 0.04
108.274 0.05
108.674 0.054
109.242 0.052
109.722 0.044
110.064 0.046
110.55 0.052
110.878 0.042
111.244 0.06
111.568 0.048
111.918 0.062
112.256 0.044
112.868 0.046
113.216 0.048
113.818 0.052
114.152 0.044
114.612 0.05
114.968 0.048
115.328 0.046
115.71 0.066
116.076 0.05
116.464 0.054
117.034 0.05
117.374 0.04
117.704 0.052
118.296 0.064
118.618 0.054
118.932 0.038
119.276 0.038
119.64 0.054
119.962 0.048
120.444 0.07
120.92 0.046
121.272 0.04
121.586 0.034
122.25 0.06
122.61 0.064
123.11 0.05
123.466 0.058
123.822 0.046
124.212 0.058
124.58 0.052
125.07 0.046
125.628 0.046
126.204 0.044
126.604 0.046
127.204 0.04
127.606 0.068
127.952 0.05
128.41 0.05
128.846 0.05
129.186 0.046
129.672 0.05
130.064 0.078
130.428 0.042
130.838 0.056
131.238 0.056
131.648 0.056
132.048 0.06
132.458 0.066
132.832 0.038
133.466 0.068
133.86 0.058
134.248 0.062
134.59 0.042
134.946 0.048
135.284 0.046
135.658 0.046
136.292 0.06
136.846 0.048
137.208 0.05
137.552 0.05
137.884 0.046
138.218 0.048
138.554 0.046
138.882 0.066
139.418 0.054
139.838 0.046
140.16 0.052
140.47 0.05
140.792 0.04
141.278 0.064
141.594 0.06
141.886 0.054
142.182 0.046
142.516 0.052
142.802 0.048
143.102 0.048
143.498 0.052
143.84 0.044
144.284 0.06
144.69 0.044
144.98 0.042
145.384 0.05
145.694 0.044
146.098 0.034
146.432 0.052
147.018 0.064
147.526 0.038
147.9 0.064
148.42 0.036
148.836 0.046
149.15 0.034
149.668 0.034
149.984 0.036
150.308 0.05
150.744 0.062
151.27 0.05
151.594 0.05
151.934 0.06
152.474 0.06
153.03 0.048
153.384 0.048
153.68 0.058
154.012 0.058
154.568 0.054
155.172 0.074
155.71 0.058
156.006 0.04
156.548 0.044
156.922 0.056
157.252 0.05
157.834 0.07
158.134 0.052
158.69 0.06
159.054 0.064
159.402 0.058
159.742 0.056
160.072 0.046
160.514 0.054
160.872 0.054
161.496 0.058
161.888 0.076
162.384 0.052
162.75 0.052
163.122 0.044
163.824 0.056
164.196 0.056
164.602 0.052
165.032 0.084
165.43 0.082
166.22 0.072
166.79 0.082
167.658 0.074
168.082 0.07
168.524 0.07
169.418 0.076
169.856 0.054
170.266 0.09
171.176 0.092
171.584 0.072
171.984 0.076
172.43 0.082
172.818 0.066
173.28 0.108
174.234 0.068
175.216 0.078
176.11 0.078
176.546 0.072
176.968 0.07
177.38 0.072
178.098 0.062
178.504 0.074
178.934 0.07
179.45 0.056
179.936 0.068
180.398 0.088
180.886 0.082
181.418 0.074
181.922 0.06
182.44 0.102
182.95 0.086
183.414 0.076
183.874 0.072
184.342 0.092
184.746 0.056
185.192 0.084
185.662 0.084
186.166 0.066
186.6 0.058
187.092 0.068
187.55 0.064
188.052 0.084
188.484 0.068
188.914 0.058
189.418 0.062
189.932 0.084
190.414 0.072
190.89 0.078
191.356 0.068
191.836 0.1
192.284 0.058
192.75 0.096
193.26 0.088
193.75 0.112
194.216 0.084
194.678 0.086
195.126 0.084
195.622 0.096
196.07 0.086
196.474 0.066
196.958 0.076
197.448 0.078
197.966 0.072
198.38 0.046
198.882 0.092
199.33 0.076
199.804 0.072
200.276 0.098
200.774 0.064
201.238 0.062
201.73 0.086
202.206 0.086
202.708 0.078
203.2 0.086
203.664 0.076
204.142 0.084
204.656 0.094
205.14 0.07
205.626 0.078
206.122 0.078
206.626 0.074
207.144 0.09
207.65 0.084
208.118 0.082
208.608 0.086
209.096 0.086
209.642 0.098
210.048 0.046
210.504 0.052
211.022 0.078
211.522 0.074
212.006 0.094
212.702 0.086
213.598 0.08
214.094 0.088
215.074 0.106
215.87 0.09
216.562 0.094
217.03 0.078
217.546 0.088
218.04 0.09
218.578 0.132
219.064 0.152
219.568 0.078
220.09 0.114
220.676 0.108
221.208 0.078
221.74 0.086
222.202 0.07
222.672 0.062
223.192 0.088
223.696 0.098
224.166 0.086
224.65 0.068
225.168 0.116
225.666 0.102
226.242 0.088
226.756 0.09
227.286 0.098
227.804 0.088
228.338 0.092
228.898 0.1
229.388 0.076
229.96 0.088
230.464 0.066
230.984 0.11
231.51 0.098
231.988 0.074
232.512 0.088
233.026 0.1
233.576 0.118
234.048 0.094
234.594 0.094
235.218 0.08
235.71 0.092
236.196 0.09
236.718 0.102
237.488 0.102
237.998 0.126
238.906 0.094
239.38 0.094
239.882 0.09
240.846 0.088
241.96 0.1
242.438 0.082
243.282 0.078
243.934 0.1
244.478 0.084
245.024 0.096
245.528 0.09
246.06 0.09
246.544 0.082
247.012 0.088
