7.414 0.03
7.542 0.032
7.692 0.036
7.83 0.032
7.976 0.026
8.186 0.034
8.766 0.036
9.328 0.042
9.574 0.036
9.766 0.044
10.026 0.036
10.638 0.036
11.244 0.044
11.45 0.042
11.706 0.046
11.942 0.04
12.196 0.042
12.486 0.02
12.784 0.05
13.166 0.054
13.56 0.046
13.978 0.05
14.188 0.046
14.448 0.06
14.656 0.054
14.862 0.054
15.09 0.046
15.304 0.046
15.532 0.052
15.728 0.042
16.16 0.052
16.35 0.04
16.716 0.05
16.936 0.054
17.138 0.056
17.518 0.042
17.766 0.05
17.974 0.044
18.188 0.046
18.38 0.038
18.604 0.036
19.028 0.056
19.424 0.056
19.838 0.048
20.058 0.044
20.308 0.05
20.782 0.052
21.024 0.05
21.252 0.052
21.712 0.044
22.2 0.044
22.482 0.048
22.862 0.048
23.192 0.046
23.58 0.054
23.902 0.076
24.48 0.062
24.914 0.044
25.27 0.068
25.694 0.058
26.014 0.074
26.63 0.08
26.944 0.064
27.264 0.066
27.626 0.062
28.034 0.074
28.562 0.07
28.958 0.058
29.37 0.082
30 0.068
30.476 0.042
30.914 0.068
31.314 0.086
31.916 0.082
32.29 0.066
32.856 0.08
33.266 0.068
33.702 0.074
34.432 0.074
34.986 0.072
35.414 0.078
35.968 0.074
36.384 0.064
36.794 0.064
37.208 0.078
38.138 0.074
38.592 0.088
39.026 0.08
39.444 0.09
39.872 0.096
40.302 0.09
40.72 0.08
41.152 0.068
42.216 0.076
42.622 0.06
43.04 0.102
43.454 0.096
44.446 0.088
44.902 0.112
45.828 0.094
46.278 0.082
46.836 0.082
47.236 0.078
47.702 0.112
48.158 0.112
48.568 0.076
49.014 0.084
49.434 0.072
49.86 0.078
50.318 0.078
50.752 0.068
51.25 0.1
51.722 0.074
52.194 0.08
52.648 0.09
53.082 0.088
53.54 0.082
54.02 0.096
54.52 0.104
54.928 0.052
55.412 0.09
55.882 0.076
56.318 0.096
56.782 0.102
57.22 0.092
58.072 0.06
58.962 0.07
59.426 0.102
59.836 0.074
60.258 0.086
60.678 0.088
61.182 0.094
61.996 0.102
62.434 0.092
62.91 0.094
63.34 0.074
64.182 0.088
64.62 0.062
65.072 0.084
65.538 0.124
66.308 0.09
66.738 0.084
67.174 0.102
67.59 0.088
68.042 0.108
68.492 0.112
68.91 0.1
69.364 0.09
69.828 0.084
70.35 0.082
70.792 0.072
71.236 0.066
71.64 0.07
72.058 0.074
72.994 0.112
73.446 0.11
73.9 0.086
74.888 0.056
75.354 0.07
76.2 0.108
76.64 0.108
77.494 0.098
77.964 0.108
78.416 0.104
78.842 0.096
79.304 0.092
79.772 0.082
80.594 0.09
81.082 0.098
81.934 0.114
82.414 0.102
82.856 0.106
83.734 0.1
84.176 0.078
84.776 0.098
85.27 0.096
85.752 0.108
86.256 0.092
86.726 0.096
87.182 0.074
88.37 0.096
88.806 0.11
89.47 0.092
89.932 0.092
90.396 0.076
90.906 0.078
91.386 0.092
92.092 0.11
92.588 0.098
93.244 0.114
93.9 0.082
94.39 0.092
95.402 0.086
95.882 0.09
96.332 0.084
97.002 0.11
97.906 0.082
98.44 0.106
98.938 0.102
99.836 0.104
100.336 0.128
100.772 0.082
101.646 0.118
102.476 0.116
103.15 0.118
103.65 0.106
104.284 0.116
105.052 0.108
105.552 0.092
106.08 0.114
106.792 0.084
107.328 0.114
107.778 0.06
108.53 0.078
109.006 0.096
109.504 0.092
110.02 0.078
110.532 0.082
111.028 0.102
111.544 0.1
112.434 0.086
113.416 0.094
114.382 0.068
114.898 0.114
115.428 0.124
116.374 0.09
116.9 0.074
117.424 0.078
117.904 0.088
118.408 0.102
118.9 0.088
119.522 0.092
120.078 0.13
120.576 0.11
121.076 0.092
121.976 0.09
122.466 0.084
123.014 0.092
123.532 0.088
124.006 0.074
124.918 0.086
125.458 0.1
126.002 0.09
126.516 0.088
127.018 0.086
127.906 0.076
128.436 0.078
129.38 0.096
129.87 0.104
130.39 0.094
130.89 0.084
131.406 0.076
132.002 0.098
132.508 0.096
133 0.088
133.504 0.084
133.998 0.08
134.51 0.076
135.038 0.1
135.582 0.104
136.058 0.072
136.57 0.08
137.078 0.072
137.596 0.076
138.068 0.076
138.924 0.088
139.44 0.076
140.134 0.078
140.7 0.086
141.202 0.076
141.738 0.088
142.244 0.098
142.774 0.092
143.284 0.096
143.788 0.086
144.392 0.074
144.886 0.088
145.508 0.086
146.026 0.07
146.566 0.072
147.066 0.072
147.59 0.102
148.144 0.084
148.678 0.098
149.19 0.084
149.698 0.098
150.402 0.104
150.912 0.096
151.668 0.08
152.184 0.084
152.676 0.052
153.178 0.084
153.698 0.09
154.184 0.088
154.702 0.082
155.174 0.082
156.12 0.086
156.606 0.07
157.12 0.086
157.632 0.084
158.306 0.086
158.778 0.082
159.28 0.104
159.814 0.086
160.302 0.092
160.798 0.102
161.384 0.094
161.872 0.08
162.404 0.11
162.912 0.082
163.45 0.12
163.972 0.086
164.464 0.1
164.964 0.098
165.486 0.074
166.058 0.088
166.538 0.076
167.116 0.068
167.684 0.106
168.188 0.09
168.65 0.07
169.176 0.092
169.716 0.094
170.238 0.084
170.7 0.074
171.248 0.088
171.95 0.076
172.494 0.094
173.048 0.104
173.524 0.086
174.04 0.092
174.542 0.102
175.004 0.082
175.496 0.082
176.018 0.082
176.58 0.102
177.082 0.098
177.576 0.098
178.09 0.08
178.61 0.086
179.138 0.086
179.616 0.098
180.412 0.104
180.896 0.104
181.394 0.092
181.88 0.1
182.692 0.088
183.196 0.102
184.026 0.086
184.576 0.098
185.444 0.084
186.326 0.078
186.83 0.076
187.334 0.096
188.104 0.082
188.636 0.086
189.164 0.09
190.024 0.092
190.53 0.086
191.344 0.08
191.874 0.09
192.396 0.09
192.928 0.08
193.726 0.074
194.252 0.098
194.75 0.082
195.276 0.084
195.906 0.084
196.396 0.058
196.934 0.102
197.486 0.118
197.956 0.082
198.676 0.062
199.354 0.082
199.888 0.068
200.41 0.068
200.912 0.084
201.61 0.094
202.052 0.066
202.586 0.092
203.116 0.078
203.644 0.09
204.23 0.092
204.78 0.094
205.292 0.074
205.832 0.088
206.36 0.074
206.894 0.064
207.45 0.082
207.982 0.082
208.53 0.09
209.06 0.098
209.59 0.086
210.124 0.06
210.632 0.056
211.186 0.09
211.704 0.102
212.246 0.082
212.802 0.102
213.362 0.082
213.882 0.092
214.436 0.074
214.958 0.074
215.472 0.06
216.066 0.08
216.578 0.084
217.12 0.112
217.644 0.088
218.154 0.078
218.808 0.07
219.408 0.072
219.942 0.07
220.496 0.074
221.306 0.078
221.834 0.07
222.752 0.09
223.312 0.096
224.22 0.068
224.744 0.074
225.304 0.074
226.26 0.086
226.806 0.076
227.812 0.09
228.338 0.094
228.858 0.084
229.394 0.096
229.894 0.078
230.47 0.078
231.088 0.092
231.602 0.068
232.17 0.098
233.13 0.094
233.722 0.08
234.554 0.074
235.128 0.078
235.666 0.104
236.208 0.09
236.768 0.088
237.554 0.092
238.1 0.108
238.904 0.092
239.446 0.078
240.068 0.1
240.924 0.096
241.452 0.08
242.022 0.074
242.538 0.088
243.078 0.108
243.618 0.086
244.198 0.082
244.76 0.082
245.324 0.09
246.346 0.1
246.938 0.094
247.512 0.098
248.052 0.084
248.614 0.084
249.148 0.074
249.764 0.076
250.37 0.08
250.964 0.088
251.552 0.096
252.098 0.07
252.706 0.108
253.234 0.1
253.766 0.084
254.376 0.104
254.9 0.086
255.472 0.086
256.054 0.076
256.706 0.09
257.348 0.088
257.942 0.092
258.548 0.094
259.14 0.1
259.71 0.072
260.33 0.112
260.888 0.094
261.522 0.078
262.11 0.076
262.764 0.116
263.356 0.084
263.94 0.094
264.592 0.106
265.126 0.082
265.698 0.082
266.344 0.09
266.932 0.084
267.59 0.114
268.278 0.078
268.89 0.088
269.504 0.094
270.662 0.088
271.314 0.118
271.886 0.1
272.524 0.104
273.116 0.104
273.742 0.058
274.37 0.084
274.998 0.088
275.62 0.078
277.132 0.098
278.57 0.092
280.048 0.09
280.718 0.112
281.352 0.06
282.956 0.112
283.77 0.196
285.344 0.11
286.202 0.142
286.976 0.112
287.822 0.094
288.504 0.112
289.232 0.09
290.056 0.108
290.796 0.094
292.338 0.09
293.09 0.084
293.832 0.102
294.624 0.136
295.418 0.108
296.248 0.124
297.056 0.1
297.784 0.09
299.488 0.094
300.256 0.09
301.032 0.102
301.886 0.09
302.736 0.12
303.568 0.104
305.228 0.108
306.146 0.106
307.02 0.124
308.61 0.084
309.588 0.128
310.526 0.142
311.528 0.118
312.448 0.096
313.434 0.116
314.396 0.126
315.354 0.128
316.424 0.124
317.356 0.124
318.33 0.118
319.292 0.126
320.284 0.09
321.286 0.124
322.264 0.1
323.2 0.116
324.164 0.128
325.172 0.126
326.262 0.112
327.204 0.118
328.118 0.112
329.012 0.09
329.97 0.146
330.91 0.118
331.9 0.12
332.882 0.154
334.612 0.104
335.67 0.114
337.414 0.11
338.292 0.11
339.292 0.118
340.254 0.124
341.298 0.122
342.918 0.13
343.858 0.136
345.534 0.13
347.31 0.11
348.288 0.098
349.156 0.1
350.076 0.074
350.996 0.134
351.89 0.116
352.852 0.134
353.884 0.144
354.786 0.116
356.422 0.11
357.37 0.134
358.244 0.126
359.156 0.116
360.024 0.128
360.966 0.098
362.698 0.11
363.678 0.126
364.692 0.14
365.726 0.12
366.616 0.138
367.538 0.148
368.446 0.126
369.406 0.164
370.242 0.132
371.088 0.134
372.05 0.104
373.788 0.112
374.758 0.128
375.622 0.144
377.302 0.138
379.166 0.24
380.122 0.162
381.086 0.198
382.038 0.226
382.868 0.084
384.476 0.256
385.562 0.196
386.532 0.134
387.352 0.11
388.204 0.114
389.214 0.13
390.164 0.13
391.074 0.12
391.998 0.108
393.67 0.1
394.754 0.178
395.612 0.154
396.554 0.15
398.25 0.15
399.152 0.15
400.04 0.102
400.902 0.12
401.864 0.16
402.832 0.138
403.774 0.168
404.616 0.126
405.53 0.144
407.202 0.112
408.148 0.11
409.116 0.14
409.964 0.13
410.822 0.132
412.468 0.118
413.436 0.152
