7.042 0.04
7.218 0.034
7.818 0.03
8.442 0.042
8.688 0.044
8.956 0.044
9.612 0.04
9.924 0.04
10.186 0.04
10.824 0.042
11.062 0.02
11.736 0.05
12.026 0.032
12.382 0.036
13.022 0.03
13.284 0.038
13.584 0.032
13.834 0.02
14.5 0.04
15.196 0.036
15.468 0.05
16.112 0.042
16.384 0.042
16.626 0.036
16.912 0.044
17.62 0.048
17.868 0.048
18.12 0.048
18.372 0.048
18.612 0.046
18.838 0.034
19.09 0.04
19.724 0.04
20.058 0.034
20.368 0.044
21.056 0.046
21.326 0.04
21.646 0.04
21.976 0.048
22.24 0.038
22.888 0.046
23.22 0.034
23.476 0.038
24.138 0.044
24.484 0.046
25.244 0.044
25.5 0.04
26.1 0.038
26.332 0.036
27.008 0.042
27.382 0.046
28.052 0.044
28.322 0.044
28.616 0.038
29.25 0.038
29.528 0.042
29.786 0.042
30.068 0.042
30.322 0.036
30.576 0.028
30.846 0.032
31.5 0.044
31.758 0.04
32.018 0.042
32.322 0.034
32.598 0.04
32.86 0.038
33.104 0.042
33.428 0.04
33.682 0.036
33.962 0.038
34.742 0.04
35.138 0.04
35.488 0.038
35.79 0.042
36.424 0.044
36.682 0.034
36.968 0.04
37.61 0.032
37.884 0.032
38.19 0.038
38.844 0.026
39.096 0.038
39.416 0.038
39.73 0.032
40.374 0.022
41.05 0.042
41.294 0.038
41.604 0.042
42.264 0.038
42.52 0.032
42.784 0.034
43.566 0.044
43.83 0.04
44.094 0.044
44.342 0.046
44.592 0.04
44.882 0.052
45.198 0.04
45.462 0.046
45.712 0.036
45.964 0.038
46.238 0.044
46.502 0.042
46.766 0.04
47.004 0.034
47.298 0.04
47.556 0.038
47.828 0.04
48.464 0.03
48.828 0.052
49.082 0.044
49.358 0.036
50.082 0.046
50.742 0.046
50.986 0.026
51.262 0.04
51.932 0.04
52.23 0.036
52.496 0.042
52.738 0.046
53.078 0.046
53.4 0.038
53.688 0.038
53.974 0.048
54.21 0.032
54.966 0.044
55.234 0.042
55.486 0.036
55.75 0.044
56 0.044
56.258 0.036
56.512 0.036
57.15 0.038
57.79 0.036
58.086 0.044
58.348 0.044
59.106 0.044
59.338 0.028
59.582 0.032
59.834 0.038
60.134 0.046
60.382 0.042
61.038 0.044
61.254 0.03
61.586 0.034
61.862 0.044
62.086 0.03
62.774 0.044
63.42 0.034
63.656 0.02
64.376 0.044
64.622 0.03
65.326 0.036
65.636 0.044
66.33 0.042
66.59 0.056
66.924 0.036
67.62 0.038
68.28 0.046
68.922 0.05
69.156 0.044
69.498 0.038
70.242 0.036
70.584 0.042
71.314 0.04
71.602 0.032
71.86 0.042
72.522 0.044
73.13 0.042
73.38 0.044
73.624 0.038
74.308 0.042
74.612 0.028
75.272 0.04
75.524 0.048
75.772 0.048
76.078 0.038
76.336 0.038
76.586 0.046
76.828 0.044
77.54 0.03
77.812 0.044
78.074 0.038
78.322 0.04
78.584 0.046
78.854 0.042
79.5 0.036
80.196 0.038
80.456 0.044
80.69 0.034
80.942 0.036
81.242 0.044
81.608 0.044
81.862 0.042
82.114 0.04
82.412 0.054
82.704 0.04
82.942 0.036
83.206 0.042
83.542 0.044
83.822 0.03
84.072 0.034
84.8 0.04
85.178 0.04
85.436 0.042
85.762 0.044
86.08 0.032
86.352 0.036
86.636 0.036
86.87 0.03
87.108 0.03
87.382 0.048
87.708 0.026
88.05 0.046
88.766 0.038
89.014 0.042
89.678 0.042
90.014 0.036
90.292 0.038
90.992 0.036
91.346 0.056
91.6 0.034
91.86 0.046
92.124 0.048
92.378 0.046
92.988 0.038
93.37 0.04
94.006 0.048
94.322 0.042
94.572 0.032
94.824 0.046
95.09 0.04
95.754 0.034
96.012 0.04
96.29 0.046
96.554 0.04
96.814 0.046
97.512 0.038
97.792 0.052
98.066 0.048
98.312 0.048
98.576 0.042
98.866 0.046
99.128 0.034
99.764 0.038
100.044 0.048
100.376 0.042
100.67 0.054
100.998 0.042
101.248 0.038
101.94 0.048
102.214 0.04
102.482 0.05
102.734 0.054
102.976 0.048
103.252 0.044
103.608 0.052
104.26 0.05
104.51 0.048
104.892 0.042
105.6 0.048
105.858 0.048
106.154 0.044
106.808 0.04
107.148 0.048
107.808 0.048
108.474 0.044
108.714 0.038
109.388 0.054
109.632 0.048
109.886 0.046
110.164 0.05
110.816 0.048
111.138 0.042
111.384 0.032
111.628 0.038
112.294 0.076
112.542 0.044
112.82 0.044
113.082 0.044
113.8 0.044
114.076 0.048
114.336 0.026
114.6 0.046
115.272 0.044
116.036 0.044
116.32 0.04
116.592 0.046
116.84 0.028
117.106 0.05
117.358 0.046
117.996 0.05
118.24 0.05
118.864 0.034
119.52 0.038
119.778 0.032
120.048 0.046
120.3 0.05
120.936 0.046
121.204 0.042
121.908 0.038
122.528 0.04
122.794 0.046
123.052 0.034
123.32 0.052
124.022 0.032
124.292 0.048
124.984 0.046
125.638 0.046
125.966 0.04
126.626 0.044
126.876 0.05
127.132 0.05
127.388 0.044
127.634 0.036
127.948 0.042
128.214 0.038
128.47 0.032
128.734 0.046
129.384 0.038
129.662 0.04
130.31 0.036
130.642 0.042
131.292 0.044
131.972 0.042
132.248 0.042
132.542 0.04
132.8 0.048
133.046 0.044
133.372 0.046
134.04 0.034
134.742 0.044
135.048 0.048
135.816 0.05
136.09 0.04
136.75 0.034
137 0.036
137.378 0.054
137.7 0.044
138.354 0.046
138.626 0.042
138.972 0.04
139.302 0.044
139.568 0.044
139.826 0.038
140.484 0.036
140.758 0.046
141.002 0.04
141.264 0.05
141.532 0.046
141.876 0.044
142.142 0.05
142.786 0.048
143.032 0.046
143.276 0.042
143.568 0.042
143.83 0.062
144.082 0.048
144.338 0.042
144.62 0.044
144.888 0.046
145.212 0.038
145.474 0.048
145.716 0.04
145.972 0.046
146.224 0.036
146.484 0.05
147.19 0.034
147.492 0.038
147.776 0.04
148.056 0.05
148.41 0.04
148.752 0.038
149.012 0.046
149.306 0.05
149.542 0.04
149.8 0.046
150.052 0.04
150.326 0.05
150.602 0.05
150.862 0.05
151.158 0.048
151.408 0.036
151.678 0.04
152.37 0.046
153.008 0.05
153.364 0.052
153.648 0.038
153.932 0.052
154.712 0.04
154.984 0.038
155.388 0.05
155.722 0.042
156.384 0.05
156.646 0.052
156.924 0.046
157.182 0.052
157.89 0.042
158.586 0.062
158.87 0.048
159.552 0.036
159.804 0.05
160.054 0.05
160.28 0.036
160.604 0.046
160.858 0.044
161.5 0.038
162.154 0.04
162.416 0.044
162.674 0.04
163.31 0.048
163.944 0.038
164.204 0.048
164.434 0.04
164.748 0.038
165.398 0.036
166.086 0.04
166.364 0.048
166.702 0.03
166.964 0.042
167.218 0.044
167.47 0.038
167.834 0.034
168.13 0.044
168.422 0.048
168.658 0.042
168.922 0.046
169.174 0.046
169.852 0.03
170.474 0.032
170.82 0.048
171.47 0.044
171.724 0.046
172.426 0.048
172.702 0.048
173.384 0.038
173.634 0.044
173.912 0.046
174.196 0.044
174.844 0.046
175.104 0.03
175.386 0.042
175.658 0.048
176.36 0.05
176.672 0.04
177.03 0.042
177.286 0.038
177.55 0.036
178.256 0.048
178.586 0.044
178.84 0.05
179.118 0.046
179.766 0.044
180.048 0.036
180.328 0.048
180.638 0.036
180.99 0.04
181.268 0.052
181.508 0.048
181.898 0.05
182.16 0.038
182.458 0.048
183.11 0.04
183.368 0.03
183.628 0.044
183.91 0.034
184.588 0.032
184.942 0.048
185.188 0.042
185.482 0.04
185.85 0.048
186.092 0.036
186.408 0.04
186.764 0.05
187.47 0.042
188.144 0.052
188.438 0.038
188.758 0.04
189.056 0.05
189.732 0.038
189.99 0.046
190.646 0.036
190.99 0.036
191.282 0.044
191.96 0.042
192.6 0.048
192.882 0.034
193.224 0.048
193.48 0.04
193.752 0.046
194.448 0.04
194.802 0.036
195.068 0.046
195.748 0.048
196.01 0.046
196.68 0.026
196.96 0.054
197.208 0.05
197.93 0.036
198.21 0.036
198.876 0.032
199.156 0.046
199.842 0.046
200.182 0.046
200.47 0.044
200.716 0.048
200.966 0.054
201.262 0.05
201.514 0.048
202.17 0.046
202.83 0.05
203.512 0.046
203.758 0.046
204.004 0.04
204.266 0.044
204.576 0.064
204.812 0.044
205.464 0.042
206.08 0.042
206.358 0.044
206.634 0.048
206.87 0.032
207.142 0.048
207.832 0.038
208.1 0.048
208.816 0.036
209.176 0.046
209.89 0.048
210.146 0.042
210.832 0.032
211.104 0.046
211.392 0.052
211.636 0.048
212.25 0.032
212.51 0.046
212.766 0.05
213.444 0.036
213.694 0.036
214.434 0.044
214.676 0.038
215.048 0.046
215.678 0.044
216.006 0.046
216.242 0.044
216.588 0.042
216.836 0.04
217.482 0.046
217.726 0.038
218.052 0.04
218.34 0.046
218.624 0.048
218.89 0.05
219.242 0.05
219.478 0.048
219.722 0.036
219.998 0.05
220.274 0.038
220.948 0.04
221.218 0.046
221.458 0.036
221.794 0.042
222.03 0.036
222.658 0.028
222.942 0.048
223.214 0.044
223.468 0.044
223.73 0.044
223.986 0.046
224.666 0.042
225.018 0.046
225.276 0.052
225.54 0.056
225.772 0.044
226.456 0.05
226.698 0.036
226.984 0.038
227.254 0.032
227.528 0.044
227.796 0.022
228.502 0.044
228.79 0.048
229.028 0.036
229.75 0.048
229.992 0.034
230.26 0.046
230.51 0.036
230.848 0.046
231.094 0.032
231.4 0.04
231.694 0.05
232.346 0.04
232.624 0.048
232.996 0.042
233.728 0.044
234.004 0.046
234.618 0.036
234.88 0.052
235.128 0.046
235.364 0.034
235.698 0.048
235.964 0.042
236.642 0.046
236.89 0.038
237.278 0.046
237.528 0.034
237.822 0.036
238.498 0.042
238.756 0.048
239.432 0.04
239.696 0.04
240.354 0.046
240.696 0.03
241.372 0.038
241.612 0.04
242.306 0.042
242.724 0.042
243.006 0.048
243.744 0.028
244.026 0.044
244.27 0.046
244.966 0.046
245.208 0.042
245.464 0.034
245.766 0.044
246.022 0.044
246.7 0.054
246.994 0.034
247.336 0.046
247.594 0.032
247.87 0.048
248.11 0.05
248.372 0.034
249.046 0.054
249.334 0.032
249.59 0.038
249.862 0.048
250.142 0.05
250.412 0.048
251.12 0.07
251.348 0.044
251.612 0.046
251.87 0.044
252.124 0.042
252.826 0.048
253.06 0.024
253.344 0.046
253.574 0.034
253.832 0.034
254.53 0.04
254.794 0.05
255.122 0.046
255.398 0.048
256.076 0.036
256.386 0.048
257.038 0.052
257.326 0.04
258.016 0.038
258.342 0.046
258.588 0.048
258.864 0.048
259.188 0.044
259.81 0.044
260.078 0.04
260.726 0.03
261.022 0.05
261.256 0.018
261.906 0.032
262.592 0.044
262.954 0.05
263.204 0.038
263.492 0.06
263.748 0.044
264.016 0.038
264.692 0.048
264.938 0.036
265.268 0.04
265.542 0.04
265.892 0.038
266.15 0.05
266.406 0.048
267.12 0.048
267.806 0.044
268.178 0.038
268.47 0.046
268.768 0.044
269.056 0.038
269.31 0.04
269.63 0.038
270.292 0.048
270.532 0.042
270.764 0.044
271.458 0.044
272.138 0.048
272.788 0.044
273.036 0.044
273.298 0.028
273.556 0.048
273.854 0.054
274.086 0.034
274.422 0.04
274.714 0.038
274.966 0.038
275.31 0.046
275.642 0.038
275.938 0.038
276.198 0.044
276.852 0.032
277.206 0.038
277.476 0.044
278.22 0.046
278.892 0.038
279.146 0.042
279.408 0.046
279.654 0.048
280.34 0.044
280.576 0.042
281.204 0.038
281.844 0.034
282.112 0.048
282.344 0.046
282.588 0.044
283.198 0.034
283.858 0.042
284.108 0.042
284.764 0.036
285.4 0.044
285.67 0.044
286.34 0.042
286.972 0.03
287.636 0.058
287.874 0.046
288.516 0.042
288.776 0.042
289.428 0.046
289.764 0.05
290.03 0.05
290.296 0.048
290.954 0.072
291.258 0.038
291.536 0.042
291.844 0.05
292.608 0.046
292.868 0.048
293.224 0.05
293.486 0.046
293.75 0.044
294.008 0.044
294.246 0.034
294.48 0.04
295.114 0.038
295.372 0.048
295.686 0.042
295.956 0.044
296.202 0.042
296.554 0.036
296.812 0.048
297.09 0.048
297.448 0.05
297.754 0.048
298.446 0.054
299.124 0.036
299.41 0.052
299.678 0.038
299.942 0.04
300.606 0.044
300.852 0.044
301.108 0.042
301.36 0.044
301.6 0.05
301.824 0.036
302.074 0.046
302.358 0.04
302.618 0.046
302.882 0.048
303.134 0.048
303.802 0.05
304.132 0.044
304.386 0.048
304.63 0.04
305.294 0.03
305.978 0.05
306.314 0.052
307.006 0.052
307.258 0.05
307.55 0.048
307.814 0.034
308.484 0.038
309.168 0.06
309.41 0.042
309.696 0.05
309.96 0.04
310.254 0.044
310.538 0.064
310.794 0.046
311.04 0.04
311.386 0.038
311.67 0.038
312.336 0.03
312.6 0.044
312.906 0.042
313.194 0.034
313.458 0.046
313.7 0.034
313.962 0.044
314.224 0.038
314.496 0.034
314.886 0.052
315.21 0.032
315.908 0.042
316.262 0.054
316.894 0.034
317.162 0.05
317.882 0.04
318.184 0.044
318.474 0.044
319.242 0.036
319.568 0.042
320.268 0.052
320.97 0.052
321.214 0.042
321.88 0.048
322.142 0.044
322.77 0.054
323.432 0.038
324.168 0.042
324.42 0.036
324.782 0.042
325.44 0.046
325.702 0.042
325.95 0.052
326.22 0.058
326.504 0.054
326.738 0.044
326.998 0.048
327.266 0.052
327.96 0.046
328.212 0.046
328.462 0.046
329.12 0.048
329.358 0.036
330.036 0.044
330.41 0.044
330.726 0.052
331.398 0.042
331.68 0.042
332.06 0.05
332.324 0.048
332.994 0.042
333.286 0.036
333.568 0.056
334.278 0.046
334.52 0.042
335.196 0.036
335.914 0.044
336.272 0.042
336.534 0.042
336.8 0.048
337.462 0.05
338.114 0.048
338.472 0.04
338.714 0.036
338.978 0.042
339.614 0.032
339.91 0.048
340.162 0.036
340.552 0.066
340.806 0.038
341.192 0.034
341.492 0.076
341.758 0.046
341.984 0.042
342.316 0.048
342.574 0.046
342.86 0.044
343.538 0.046
343.792 0.042
344.06 0.048
344.392 0.036
344.73 0.05
345.378 0.032
345.636 0.042
345.906 0.05
346.61 0.046
346.908 0.04
347.604 0.038
347.9 0.05
348.198 0.02
348.888 0.046
349.228 0.044
349.496 0.056
350.192 0.048
350.474 0.054
350.734 0.046
350.98 0.034
351.328 0.046
351.6 0.04
351.85 0.038
352.508 0.04
352.776 0.04
353.016 0.036
353.27 0.04
353.612 0.046
353.888 0.046
354.16 0.046
354.488 0.054
354.726 0.03
355.008 0.042
355.646 0.044
355.894 0.05
356.166 0.05
356.484 0.046
357.23 0.048
357.886 0.038
358.18 0.05
358.428 0.038
358.79 0.042
359.046 0.044
359.76 0.05
360.058 0.044
360.32 0.044
360.582 0.054
360.894 0.052
361.188 0.044
361.518 0.046
361.836 0.046
362.478 0.048
362.82 0.046
363.098 0.05
363.374 0.056
364.042 0.058
364.754 0.044
365.072 0.04
365.332 0.028
365.608 0.036
365.86 0.034
366.144 0.034
366.426 0.048
366.702 0.038
367.352 0.044
367.62 0.036
367.9 0.056
368.536 0.036
368.81 0.048
369.066 0.042
369.322 0.048
369.57 0.048
369.822 0.05
370.158 0.04
370.44 0.052
371.134 0.048
371.472 0.038
371.74 0.028
372.094 0.05
372.372 0.038
373.058 0.042
373.348 0.042
374.076 0.036
374.79 0.058
375.028 0.03
375.346 0.036
376.012 0.046
376.262 0.044
376.538 0.056
376.854 0.04
377.124 0.064
377.37 0.062
377.704 0.04
377.978 0.044
378.234 0.038
378.614 0.044
378.886 0.052
379.138 0.044
379.384 0.048
379.618 0.038
380.004 0.042
380.688 0.048
381.38 0.046
382.05 0.044
382.354 0.044
382.624 0.054
382.886 0.05
383.134 0.042
383.802 0.044
384.474 0.054
384.712 0.042
384.948 0.046
385.212 0.04
385.884 0.048
386.566 0.05
387.186 0.04
387.85 0.024
388.54 0.046
388.824 0.044
389.486 0.042
389.76 0.056
389.996 0.036
390.358 0.048
391.04 0.036
391.41 0.046
391.712 0.064
391.966 0.042
392.646 0.05
392.898 0.052
393.266 0.064
393.532 0.048
394.168 0.042
394.428 0.052
394.71 0.054
395.028 0.042
395.358 0.046
395.652 0.056
396.294 0.048
396.594 0.06
396.814 0.04
397.09 0.068
397.338 0.038
397.6 0.044
397.932 0.036
398.202 0.054
398.838 0.05
399.122 0.054
399.404 0.048
399.738 0.044
400.008 0.048
400.276 0.04
400.54 0.052
400.77 0.05
401.102 0.044
401.394 0.052
402.068 0.042
402.348 0.052
402.61 0.048
402.848 0.034
403.512 0.04
403.856 0.048
404.146 0.056
404.484 0.046
404.746 0.046
405.024 0.048
405.288 0.054
405.546 0.038
405.81 0.046
406.434 0.034
407.112 0.054
407.354 0.044
408.036 0.044
408.296 0.048
408.558 0.05
408.806 0.038
409.488 0.064
409.768 0.046
410.022 0.052
410.272 0.048
410.94 0.048
411.21 0.052
411.848 0.038
412.12 0.034
412.392 0.048
412.706 0.036
412.986 0.046
413.658 0.04
414.342 0.048
414.608 0.056
414.97 0.046
415.642 0.054
416.288 0.052
416.56 0.042
417.228 0.052
417.492 0.05
417.74 0.048
418.052 0.052
418.388 0.05
418.638 0.048
418.894 0.042
419.242 0.052
419.504 0.038
419.764 0.046
420.074 0.038
420.764 0.05
421.012 0.044
421.388 0.042
421.626 0.042
421.896 0.04
422.146 0.046
422.388 0.046
422.646 0.048
422.926 0.052
423.574 0.042
423.828 0.038
424.486 0.046
425.154 0.058
425.38 0.036
426.062 0.038
426.72 0.046
427.37 0.05
427.62 0.04
428.292 0.046
428.584 0.05
428.91 0.046
429.262 0.024
430.006 0.044
430.278 0.046
430.538 0.048
430.798 0.056
431.478 0.044
432.132 0.048
432.422 0.056
432.684 0.038
433.362 0.056
434.04 0.036
434.318 0.058
434.58 0.042
434.902 0.028
435.16 0.036
435.842 0.044
436.122 0.048
436.81 0.044
437.146 0.046
437.422 0.048
437.69 0.042
438.346 0.048
439.014 0.042
439.33 0.062
439.58 0.042
440.256 0.044
440.532 0.046
441.208 0.038
441.46 0.032
442.176 0.046
442.536 0.038
443.194 0.04
443.472 0.05
444.108 0.038
444.788 0.048
445.05 0.038
445.688 0.048
445.958 0.05
446.214 0.05
446.492 0.048
446.842 0.04
447.224 0.04
447.516 0.046
448.186 0.056
448.436 0.042
448.744 0.046
449.004 0.048
449.256 0.034
449.528 0.048
449.828 0.052
450.486 0.052
450.714 0.03
451.012 0.048
451.268 0.046
451.528 0.038
451.802 0.042
452.082 0.046
452.814 0.054
453.06 0.032
453.806 0.06
454.416 0.042
455.092 0.038
455.388 0.07
456.05 0.05
456.68 0.042
456.96 0.05
457.228 0.05
457.526 0.048
457.808 0.042
458.5 0.054
458.76 0.05
459.018 0.05
459.264 0.04
459.57 0.054
460.194 0.032
460.478 0.06
460.814 0.044
461.17 0.056
461.546 0.04
461.842 0.052
462.072 0.024
462.75 0.04
463.004 0.046
463.262 0.042
464.002 0.028
464.284 0.054
464.51 0.042
465.168 0.056
465.43 0.048
466.096 0.054
466.394 0.044
466.688 0.042
467.338 0.056
467.6 0.046
467.858 0.038
468.23 0.046
468.496 0.046
469.192 0.048
469.506 0.04
469.75 0.026
470.448 0.044
470.704 0.032
470.974 0.05
471.208 0.046
471.474 0.036
471.752 0.036
472.422 0.044
473.09 0.05
473.804 0.046
474.058 0.054
474.742 0.044
474.994 0.044
475.252 0.048
475.876 0.052
476.156 0.052
476.806 0.052
477.028 0.048
477.274 0.04
477.51 0.036
478.164 0.05
478.528 0.048
478.778 0.042
479.458 0.046
479.73 0.038
479.996 0.05
480.244 0.036
480.94 0.036
481.246 0.038
481.498 0.04
481.772 0.056
482.54 0.052
482.82 0.05
483.17 0.056
483.54 0.054
483.812 0.058
484.51 0.07
484.798 0.07
485.138 0.05
485.406 0.048
485.714 0.054
486.02 0.052
486.286 0.046
486.578 0.066
487.264 0.042
487.53 0.056
487.838 0.042
488.072 0.028
488.766 0.038
489.05 0.044
489.702 0.044
490.106 0.058
490.398 0.056
491.116 0.036
491.86 0.056
492.158 0.052
492.436 0.05
492.718 0.062
493.46 0.044
493.716 0.044
493.96 0.04
494.236 0.054
494.532 0.046
495.19 0.044
495.442 0.046
495.72 0.056
495.976 0.058
496.23 0.048
496.91 0.046
497.586 0.062
497.904 0.05
498.142 0.044
498.49 0.056
499.144 0.042
499.422 0.052
500.06 0.046
500.334 0.048
500.654 0.03
500.916 0.04
501.176 0.052
501.51 0.05
501.754 0.04
502.038 0.04
502.322 0.048
502.588 0.044
502.842 0.044
503.096 0.052
503.338 0.052
503.58 0.044
504.294 0.04
504.566 0.046
505.232 0.038
505.502 0.052
505.742 0.04
506.012 0.046
506.252 0.036
506.518 0.04
506.784 0.036
507.106 0.032
507.37 0.036
507.624 0.042
507.97 0.046
508.296 0.044
508.558 0.052
508.802 0.046
509.066 0.038
509.312 0.038
510.036 0.058
510.272 0.042
510.524 0.038
510.798 0.05
511.058 0.046
511.32 0.044
511.622 0.054
512.34 0.058
512.61 0.054
513.254 0.036
513.522 0.048
513.792 0.058
514.466 0.042
514.714 0.04
515.366 0.058
515.606 0.05
515.898 0.056
516.566 0.048
516.808 0.036
517.474 0.048
517.74 0.046
518.028 0.04
518.336 0.04
518.602 0.05
518.834 0.036
519.556 0.04
519.804 0.04
520.068 0.046
520.444 0.044
520.798 0.072
521.156 0.046
521.472 0.036
521.776 0.046
522.038 0.048
522.694 0.052
523.306 0.036
523.556 0.04
523.852 0.054
524.088 0.036
524.722 0.044
524.974 0.042
525.3 0.04
525.55 0.046
525.82 0.048
526.092 0.036
526.384 0.052
526.74 0.038
526.998 0.038
527.688 0.046
527.934 0.042
528.638 0.05
528.93 0.062
529.528 0.03
530.25 0.05
530.938 0.042
531.614 0.046
531.88 0.038
532.164 0.052
532.408 0.04
532.73 0.046
532.996 0.038
533.25 0.04
533.58 0.048
533.884 0.04
534.17 0.048
534.456 0.052
534.71 0.044
534.958 0.046
535.596 0.042
535.912 0.044
536.158 0.03
536.428 0.042
536.68 0.03
536.948 0.046
537.61 0.048
537.884 0.052
538.122 0.04
538.372 0.044
538.666 0.054
538.91 0.042
539.552 0.056
539.798 0.034
540.056 0.04
540.36 0.046
540.608 0.036
540.848 0.04
541.122 0.046
541.382 0.048
541.624 0.036
541.904 0.044
542.166 0.052
542.52 0.042
542.804 0.05
543.428 0.042
543.716 0.038
544.388 0.046
544.734 0.048
545.386 0.04
545.678 0.048
545.954 0.054
546.278 0.052
546.55 0.038
546.812 0.036
547.104 0.04
547.356 0.04
547.714 0.04
548.008 0.05
548.33 0.048
548.616 0.054
548.872 0.05
549.124 0.046
549.382 0.04
549.788 0.054
550.056 0.04
550.334 0.054
550.598 0.036
551.28 0.054
551.556 0.062
551.796 0.052
552.054 0.05
552.324 0.066
552.552 0.044
553.212 0.044
553.564 0.044
553.808 0.046
554.072 0.062
554.724 0.054
554.97 0.05
555.26 0.064
555.892 0.048
556.59 0.05
556.876 0.048
557.51 0.05
558.172 0.048
558.44 0.048
559.134 0.046
559.39 0.036
560.106 0.036
560.37 0.04
560.666 0.046
560.912 0.044
561.168 0.042
561.852 0.044
562.148 0.046
562.422 0.052
562.772 0.052
563.42 0.046
563.666 0.046
564.334 0.048
564.62 0.05
564.96 0.048
565.218 0.06
565.888 0.046
566.546 0.044
567.264 0.05
567.524 0.04
567.788 0.042
568.454 0.032
569.118 0.034
569.782 0.052
570.064 0.048
570.314 0.042
570.666 0.05
571.034 0.044
571.302 0.04
571.582 0.056
572.282 0.042
572.542 0.04
573.186 0.04
573.468 0.042
574.118 0.042
574.774 0.046
575.024 0.044
575.684 0.044
576.378 0.096
576.624 0.052
576.882 0.05
577.14 0.044
577.394 0.038
577.686 0.058
578.324 0.044
578.608 0.044
578.888 0.048
579.146 0.046
579.814 0.046
580.178 0.048
580.442 0.06
580.754 0.054
581.008 0.048
581.302 0.062
581.552 0.046
581.81 0.052
582.06 0.03
582.42 0.05
583.114 0.056
583.422 0.044
583.768 0.05
584.012 0.044
584.246 0.036
584.908 0.05
585.148 0.046
585.49 0.056
585.722 0.048
586.388 0.05
586.656 0.058
586.904 0.048
587.18 0.042
587.87 0.066
588.11 0.044
588.352 0.04
588.602 0.042
588.908 0.048
589.206 0.046
589.864 0.048
590.566 0.052
590.884 0.048
591.556 0.044
592.256 0.046
592.984 0.06
593.67 0.05
594.34 0.046
594.69 0.038
594.996 0.046
595.244 0.044
595.52 0.04
596.162 0.044
596.83 0.052
597.078 0.046
597.37 0.054
597.63 0.046
598.258 0.038
598.538 0.042
599.19 0.028
599.906 0.036
600.544 0.038
600.828 0.048
601.076 0.044
601.35 0.052
601.608 0.048
602.258 0.044
603.012 0.036
603.322 0.042
603.998 0.046
604.682 0.052
605.314 0.048
605.588 0.06
605.814 0.04
606.114 0.052
606.436 0.044
606.682 0.032
606.944 0.044
607.182 0.028
607.94 0.05
608.194 0.04
608.458 0.042
608.716 0.05
609.38 0.03
609.742 0.05
610.008 0.04
610.276 0.042
610.918 0.042
611.186 0.052
611.516 0.056
611.758 0.046
612.008 0.028
612.692 0.044
613.364 0.048
613.62 0.048
613.892 0.05
614.126 0.034
614.77 0.036
615.496 0.042
615.794 0.046
616.058 0.04
616.318 0.048
616.558 0.04
616.828 0.046
617.136 0.05
617.43 0.036
617.698 0.048
618.038 0.048
618.386 0.058
619.006 0.046
619.27 0.038
620.006 0.046
620.25 0.044
620.596 0.064
620.832 0.046
621.086 0.042
621.326 0.04
621.596 0.058
622.26 0.052
622.926 0.052
623.572 0.052
623.834 0.052
624.488 0.048
624.738 0.034
625.406 0.046
625.67 0.046
626.316 0.048
627.042 0.034
627.324 0.044
627.58 0.038
627.83 0.044
628.12 0.064
628.402 0.038
628.682 0.042
628.934 0.038
629.186 0.034
629.88 0.036
630.152 0.044
630.392 0.038
630.672 0.056
631.398 0.042
631.736 0.042
632.018 0.05
632.328 0.038
632.592 0.046
633.266 0.044
633.602 0.052
633.864 0.052
634.146 0.056
634.428 0.048
634.702 0.054
635.454 0.056
636.078 0.038
636.346 0.04
636.616 0.05
636.848 0.034
637.128 0.04
637.834 0.054
638.12 0.054
638.388 0.046
638.656 0.044
639.034 0.062
639.69 0.052
639.948 0.042
640.206 0.044
640.448 0.048
640.848 0.058
641.504 0.048
642.13 0.046
642.386 0.054
642.61 0.044
642.876 0.046
643.53 0.048
643.776 0.044
644.464 0.044
644.72 0.052
645.102 0.074
645.344 0.05
645.624 0.05
645.888 0.062
646.136 0.042
646.86 0.058
647.194 0.05
647.452 0.038
647.73 0.056
647.976 0.046
648.254 0.05
648.54 0.046
648.842 0.048
649.086 0.034
649.374 0.05
649.624 0.052
649.936 0.06
650.174 0.04
650.824 0.046
651.166 0.052
651.864 0.066
652.186 0.048
652.8 0.05
653.146 0.062
653.392 0.05
653.766 0.05
654.414 0.058
654.734 0.046
655.37 0.044
655.648 0.05
656.014 0.05
656.264 0.046
656.518 0.044
656.89 0.054
657.162 0.046
657.86 0.06
658.102 0.032
658.378 0.048
658.71 0.058
658.952 0.046
659.35 0.096
659.942 0.04
660.262 0.036
660.556 0.056
660.856 0.06
661.568 0.104
661.792 0.054
662.064 0.046
662.708 0.052
662.98 0.048
663.252 0.05
663.9 0.048
664.316 0.148
664.864 0.052
665.148 0.06
665.43 0.046
665.694 0.054
665.934 0.036
666.19 0.052
666.528 0.046
666.78 0.054
667.422 0.026
667.756 0.042
668.474 0.048
668.752 0.048
669.096 0.036
669.378 0.05
669.64 0.042
669.902 0.048
670.526 0.04
670.782 0.05
671.04 0.042
671.69 0.044
671.95 0.05
672.284 0.044
672.654 0.046
672.928 0.048
673.174 0.044
673.85 0.05
674.098 0.044
674.37 0.038
674.646 0.05
674.9 0.048
675.16 0.046
675.422 0.052
675.658 0.05
675.954 0.048
676.612 0.046
677.246 0.036
677.574 0.044
677.85 0.036
678.5 0.046
678.772 0.046
679.494 0.04
679.774 0.048
680.428 0.06
680.682 0.048
680.95 0.04
681.218 0.056
681.456 0.044
681.796 0.058
682.032 0.042
682.304 0.048
682.978 0.042
683.654 0.04
683.982 0.05
684.296 0.034
684.578 0.036
684.838 0.04
685.48 0.056
685.774 0.036
686.444 0.044
687.118 0.032
687.786 0.032
688.082 0.054
688.33 0.044
688.59 0.044
688.912 0.046
689.184 0.05
689.882 0.048
690.124 0.044
690.374 0.044
690.622 0.046
690.882 0.05
691.154 0.048
691.494 0.046
691.758 0.036
692.102 0.056
692.362 0.046
692.612 0.042
693.264 0.05
693.5 0.046
693.752 0.046
694.002 0.036
694.268 0.036
694.634 0.056
694.902 0.04
695.194 0.052
695.546 0.038
695.816 0.038
696.522 0.054
697.158 0.052
697.846 0.046
698.092 0.038
698.416 0.054
698.71 0.044
698.964 0.044
699.21 0.046
699.484 0.054
700.128 0.04
700.454 0.034
700.716 0.044
701.056 0.04
701.404 0.044
701.656 0.04
701.942 0.048
702.264 0.048
702.522 0.048
703.228 0.034
703.56 0.044
703.812 0.032
704.07 0.04
704.406 0.044
704.744 0.05
705.366 0.022
705.652 0.036
705.908 0.04
706.206 0.07
706.882 0.06
707.568 0.042
707.896 0.034
708.284 0.026
708.562 0.042
708.862 0.048
709.206 0.064
709.52 0.044
710.202 0.044
710.878 0.034
711.208 0.052
711.474 0.038
711.762 0.048
712.158 0.05
712.466 0.054
712.794 0.04
713.066 0.032
713.768 0.038
714.1 0.072
714.328 0.036
714.63 0.044
714.952 0.056
715.184 0.032
715.458 0.032
715.738 0.048
715.992 0.05
716.334 0.036
716.98 0.048
717.648 0.042
717.982 0.038
718.34 0.048
718.73 0.002
718.732 0.002
719.038 0.306
719.038 0
719.18 0.142
719.366 0.048
719.712 0.046
720.372 0.04
720.662 0.052
720.934 0.046
721.264 0.042
721.522 0.048
721.782 0.046
722.434 0.03
722.692 0.04
723.456 0.044
723.724 0.046
724.378 0.04
724.69 0.056
724.932 0.048
725.188 0.058
725.81 0.04
726.538 0.098
726.768 0.07
727.028 0.048
727.328 0.052
727.682 0.044
728.444 0.048
728.678 0.04
728.928 0.034
729.218 0.042
729.47 0.054
730.202 0.048
730.452 0.044
730.716 0.05
731.01 0.044
731.388 0.052
731.668 0.046
731.93 0.062
732.186 0.048
732.248 0
