7.312 0.042
7.59 0.038
7.81 0.04
8.48 0.038
8.686 0.036
8.916 0.054
9.18 0.03
9.452 0.044
10.052 0.042
10.314 0.044
11 0.038
11.302 0.044
11.612 0.046
12.304 0.052
12.98 0.036
13.654 0.05
13.94 0.048
14.274 0.054
14.984 0.048
15.318 0.056
15.622 0.054
15.902 0.05
16.182 0.052
16.556 0.05
17.214 0.04
17.574 0.05
17.852 0.052
18.522 0.046
18.898 0.048
19.192 0.04
19.46 0.04
20.172 0.054
20.806 0
21.074 0.05
21.712 0.046
22.448 0.048
22.724 0.048
22.994 0.044
23.258 0.046
23.534 0.056
23.788 0.04
24.046 0.038
24.71 0.05
25.434 0.052
26.21 0.048
26.438 0.032
26.728 0.04
26.978 0.034
27.694 0.046
28.35 0.044
28.634 0.04
29.372 0.054
30.054 0.046
30.784 0.034
31.492 0.032
31.846 0.036
32.158 0.046
32.912 0.044
33.202 0.044
33.462 0.054
33.712 0.036
34.018 0.044
34.288 0.05
35.018 0.042
35.282 0.046
35.544 0.046
35.786 0.044
36.028 0.034
36.318 0.048
36.582 0.05
36.864 0.038
37.208 0.052
37.83 0.046
38.084 0.038
38.332 0.044
38.594 0.044
38.85 0.036
39.574 0.036
39.848 0.05
40.116 0.046
40.364 0.046
40.622 0.046
40.85 0.044
41.086 0.06
41.714 0.05
41.968 0.042
42.268 0.044
42.536 0.052
42.802 0.048
43.032 0.034
43.29 0.052
43.972 0.036
44.278 0.048
44.562 0.05
45.26 0.046
45.6 0.046
45.958 0.05
46.372 0.068
47.324 0.042
47.766 0.084
48.184 0.086
48.6 0.07
49.024 0.078
49.376 0.048
50.186 0.072
50.662 0.076
51.188 0.082
51.682 0.074
52.19 0.098
52.67 0.074
53.15 0.078
53.678 0.11
54.14 0.092
54.85 0.084
55.324 0.068
55.852 0.088
56.626 0.076
57.094 0.094
57.568 0.084
58.076 0.076
58.572 0.07
59.048 0.078
59.582 0.1
60.344 0.086
61.068 0.086
61.85 0.108
62.352 0.086
62.882 0.096
63.42 0.092
64.144 0.092
64.64 0.084
65.15 0.1
65.662 0.074
66.216 0.094
66.738 0.096
67.246 0.068
67.846 0.09
