7.278 0.042
7.516 0.042
7.774 0.044
8.026 0.044
8.668 0.046
8.996 0.052
9.236 0.046
9.498 0.048
10.132 0.024
10.49 0.05
10.746 0.048
11.006 0.042
11.258 0.05
11.896 0.058
12.204 0.058
12.506 0.052
12.866 0.054
13.214 0.058
13.456 0.034
14.11 0.038
14.762 0.048
15.404 0.048
16.082 0.052
16.368 0.054
17.036 0.048
17.39 0.058
18.15 0.052
18.476 0.056
18.744 0.04
19.028 0.048
19.752 0.044
20.108 0.044
20.408 0.05
21.122 0.052
21.44 0.04
21.772 0.044
22.06 0.046
22.36 0.044
22.66 0.046
22.968 0.052
23.272 0.052
24.018 0.054
24.312 0.044
24.866 0.044
25.15 0.054
25.846 0.052
26.114 0.05
26.38 0.044
26.666 0.052
27.38 0.038
28.032 0.042
28.816 0.054
29.14 0.052
29.43 0.056
29.792 0.05
30.464 0.03
30.756 0.044
31.068 0.05
31.34 0.048
32.068 0.036
32.436 0.04
33.382 0.044
34.366 0.052
34.732 0.074
35.16 0.06
35.524 0.052
35.92 0.07
36.328 0.066
36.69 0.066
37.006 0.036
37.394 0.054
37.766 0.064
38.122 0.074
38.494 0.044
38.966 0.066
39.596 0.07
40.006 0.094
40.46 0.048
40.9 0.074
41.302 0.052
41.814 0.08
42.274 0.084
42.922 0.074
43.446 0.086
43.916 0.08
44.592 0.076
45.142 0.096
45.738 0.06
46.278 0.076
46.854 0.1
47.486 0.08
48.378 0.104
49.108 0.116
49.696 0.106
50.758 0.084
51.86 0.102
52.57 0.098
53.454 0.142
54.782 0.126
55.688 0.136
56.61 0.148
57.52 0.144
58.476 0.15
59.374 0.156
61.036 0.152
62.06 0.15
63.762 0.178
64.784 0.182
65.802 0.158
67.58 0.178
68.658 0.18
69.634 0.158
70.728 0.154
72.588 0.172
73.738 0.15
74.974 0.196
76.12 0.172
77.382 0.17
78.72 0.18
80.07 0.16
81.426 0.16
83.592 0.176
85.664 0.174
87.144 0.19
88.606 0.19
90.81 0.178
92.294 0.218
93.708 0.228
95.126 0.182
96.568 0.202
97.882 0.176
99.282 0.188
101.488 0.222
102.954 0.218
104.272 0.174
106.428 0.202
108.508 0.214
110.494 0.186
111.806 0.18
113.238 0.218
114.618 0.202
116.002 0.194
117.42 0.208
118.886 0.14
120.41 0.186
121.704 0.2
123.15 0.22
124.576 0.184
125.974 0.224
128.098 0.164
129.49 0.216
130.926 0.218
133.064 0.204
134.454 0.17
136.7 0.22
138.02 0.214
139.398 0.22
141.468 0.228
142.892 0.228
144.318 0.224
145.756 0.202
147.122 0.196
148.576 0.212
150.578 0.192
152.56 0.182
154.56 0.184
155.908 0.18
158.192 0.216
159.586 0.204
160.92 0.234
162.192 0.214
164.274 0.214
165.596 0.222
166.972 0.19
169.13 0.196
170.55 0.208
171.952 0.196
174.254 0.2
175.646 0.202
176.97 0.214
178.36 0.216
179.686 0.24
181.078 0.212
182.466 0.194
183.926 0.222
185.264 0.224
186.63 0.202
188.768 0.198
190.964 0.182
192.282 0.21
194.358 0.182
195.762 0.242
197.118 0.198
199.33 0.21
200.788 0.214
202.954 0.184
204.374 0.188
205.854 0.238
207.292 0.206
208.724 0.224
210.012 0.214
212.04 0.21
214.076 0.214
215.396 0.166
216.724 0.188
218.806 0.174
220.928 0.202
222.418 0.214
223.782 0.168
225.03 0.146
226.416 0.172
227.844 0.232
229.198 0.21
231.178 0.17
232.612 0.202
234.012 0.202
235.372 0.21
236.762 0.2
238.172 0.202
239.616 0.19
241.092 0.248
242.496 0.182
244.646 0.198
246.106 0.202
248.202 0.218
250.27 0.162
251.742 0.226
252.976 0.138
255.064 0.2
256.706 0.492
258.416 0.406
259.708 0.358
261.144 0.268
262.58 0.32
263.994 0.248
265.368 0.246
266.7 0.226
268.198 0.314
269.454 0.202
271.012 0.402
272.196 0.258
273.564 0.262
274.954 0.202
276.502 0.358
277.704 0.248
279.064 0.246
281.126 0.184
282.518 0.186
283.862 0.214
286.01 0.226
287.49 0.264
289.522 0.15
290.898 0.27
293.01 0.284
295.104 0.272
297.334 0.32
298.716 0.21
300.318 0.272
