8.302 0.032
8.482 0.028
8.732 0.032
8.952 0.036
9.144 0.032
9.332 0.026
9.924 0.038
10.494 0.034
11.002 0.03
11.362 0.032
11.53 0.034
11.71 0.03
12.076 0.032
12.284 0.018
12.496 0.034
12.676 0.034
12.838 0.04
13.02 0.032
13.206 0.028
13.412 0.034
13.782 0.036
13.954 0.04
14.334 0.038
14.496 0.032
14.688 0.04
14.864 0.04
15.302 0.036
15.496 0.03
15.87 0.038
16.044 0.032
16.462 0.04
16.682 0.042
17.096 0.028
17.292 0.036
17.514 0.042
18.002 0.034
18.368 0.052
18.878 0.034
19.446 0.042
19.768 0.052
20.062 0.038
20.412 0.05
20.848 0.06
21.216 0.054
21.566 0.068
22.17 0.07
22.488 0.056
22.826 0.06
23.26 0.058
23.648 0.058
23.956 0.032
24.336 0.062
24.68 0.056
25.052 0.056
25.422 0.08
25.782 0.062
26.172 0.058
26.546 0.054
27.102 0.062
27.742 0.058
28.356 0.082
28.72 0.064
29.184 0.048
29.582 0.046
30.11 0.05
30.516 0.078
30.876 0.064
31.482 0.064
32.104 0.064
32.542 0.068
33.234 0.062
33.776 0.058
34.358 0.07
34.83 0.06
35.248 0.058
36.064 0.078
36.484 0.068
36.912 0.076
37.354 0.04
37.826 0.09
38.212 0.068
38.7 0.064
39.122 0.082
39.522 0.078
40.586 0.078
41.638 0.076
42.584 0.08
42.95 0.068
43.446 0.138
44.36 0.122
44.726 0.056
45.136 0.088
45.57 0.076
45.986 0.084
46.442 0.054
46.9 0.064
47.36 0.078
48.156 0.07
48.894 0.09
49.354 0.082
49.888 0.104
50.302 0.076
50.726 0.064
51.136 0.06
51.568 0.07
52.178 0.08
52.622 0.106
53.042 0.06
53.48 0.082
54.046 0.09
55.054 0.078
55.508 0.082
55.89 0.092
56.304 0.078
56.766 0.086
57.224 0.082
58.132 0.086
58.592 0.086
59.012 0.09
59.414 0.09
59.87 0.1
60.28 0.066
60.738 0.08
61.152 0.08
62.078 0.08
62.534 0.1
63.472 0.078
63.904 0.088
64.37 0.086
64.892 0.074
65.294 0.074
65.744 0.094
66.176 0.092
66.612 0.088
67.008 0.06
67.408 0.078
67.892 0.116
68.7 0.082
69.62 0.094
70.54 0.084
70.954 0.078
71.362 0.074
71.8 0.084
72.194 0.072
72.662 0.074
73.03 0.062
73.886 0.096
74.322 0.1
74.728 0.082
75.23 0.088
75.692 0.07
76.102 0.072
76.984 0.072
77.404 0.07
77.808 0.088
78.252 0.082
78.702 0.094
79.118 0.078
79.552 0.092
79.986 0.074
80.402 0.068
80.866 0.11
81.74 0.07
82.118 0.064
82.544 0.078
82.952 0.078
83.858 0.116
84.698 0.072
85.124 0.07
85.59 0.1
86.044 0.076
86.5 0.084
87.018 0.092
87.434 0.08
88.162 0.076
88.598 0.092
89.362 0.098
89.79 0.086
90.606 0.098
91.072 0.1
91.528 0.096
91.938 0.08
92.386 0.086
92.806 0.072
93.232 0.082
93.65 0.07
94.064 0.07
94.5 0.088
94.936 0.066
95.42 0.09
95.826 0.058
96.292 0.082
96.72 0.084
97.112 0.07
97.592 0.076
98.038 0.104
98.408 0.088
98.854 0.096
99.278 0.086
99.678 0.058
100.542 0.064
101.468 0.086
101.96 0.114
102.386 0.112
102.856 0.116
103.254 0.076
103.72 0.08
104.658 0.086
105.096 0.084
106.144 0.094
106.614 0.078
107.662 0.082
108.146 0.122
108.744 0.058
109.208 0.074
109.66 0.082
110.304 0.096
110.764 0.088
111.198 0.066
112.166 0.076
113.194 0.104
113.626 0.072
114.51 0.088
115.014 0.092
115.978 0.076
116.862 0.088
117.332 0.098
117.804 0.126
118.648 0.084
119.074 0.088
119.908 0.064
120.398 0.096
120.846 0.096
121.256 0.062
121.924 0.088
122.368 0.094
122.854 0.118
123.462 0.096
124.208 0.082
124.664 0.078
125.098 0.054
125.576 0.09
126.17 0.074
126.636 0.088
127.134 0.126
127.55 0.07
128.058 0.088
128.506 0.1
129.364 0.086
130.216 0.052
130.724 0.118
131.686 0.088
132.156 0.08
132.668 0.078
133.136 0.086
133.646 0.102
134.148 0.092
135.272 0.088
135.73 0.078
136.702 0.078
137.21 0.102
138.148 0.086
138.604 0.078
139.082 0.084
139.55 0.058
140.608 0.082
141.536 0.098
142.498 0.082
143.008 0.09
143.514 0.092
144.406 0.09
145.314 0.098
146.178 0.064
146.692 0.112
147.578 0.086
148.092 0.086
148.594 0.09
149.074 0.068
149.586 0.092
150.148 0.118
150.634 0.094
151.17 0.096
151.698 0.132
152.594 0.094
153.048 0.074
153.548 0.076
154.044 0.082
154.51 0.06
155.458 0.084
155.908 0.074
156.852 0.074
157.778 0.084
158.324 0.11
158.796 0.082
159.86 0.102
160.34 0.088
160.812 0.06
161.312 0.076
161.798 0.082
162.32 0.094
162.832 0.1
163.524 0.092
163.97 0.064
164.448 0.058
165.044 0.08
165.52 0.094
166.032 0.084
166.476 0.084
167.036 0.066
167.502 0.078
168.104 0.108
168.638 0.09
169.104 0.076
169.574 0.064
170.15 0.088
170.632 0.076
171.154 0.092
171.624 0.08
172.108 0.07
172.622 0.074
173.082 0.082
173.588 0.084
174.09 0.086
174.596 0.112
175.076 0.09
175.99 0.084
176.492 0.1
177.364 0.08
177.836 0.074
178.256 0.064
178.712 0.076
179.164 0.066
179.694 0.08
180.174 0.078
180.652 0.066
181.186 0.086
181.616 0.062
182.114 0.09
182.676 0.096
183.222 0.086
183.72 0.074
184.236 0.078
184.696 0.076
185.198 0.106
185.652 0.05
186.138 0.082
186.576 0.044
187.098 0.084
187.56 0.072
188.062 0.078
188.576 0.098
189.072 0.092
189.536 0.07
190.022 0.082
190.564 0.084
191.066 0.092
191.618 0.078
192.204 0.078
192.648 0.064
193.154 0.076
193.652 0.076
194.13 0.096
194.668 0.076
195.144 0.09
195.624 0.088
196.134 0.098
196.63 0.096
197.076 0.074
197.568 0.084
198.054 0.086
198.534 0.088
198.99 0.074
199.608 0.084
200.246 0.07
200.902 0.094
201.378 0.084
201.846 0.084
202.51 0.106
203.124 0.084
203.58 0.08
204.068 0.076
204.566 0.102
204.998 0.07
205.498 0.084
205.982 0.062
206.448 0.08
206.92 0.062
207.362 0.09
208.018 0.104
208.498 0.09
209.122 0.082
209.594 0.082
210.07 0.08
210.538 0.07
211.266 0.096
211.732 0.064
212.228 0.088
212.944 0.104
213.658 0.078
214.148 0.07
214.648 0.098
215.092 0.094
215.63 0.088
216.386 0.096
217.144 0.09
217.664 0.084
218.124 0.076
218.558 0.056
219.044 0.09
219.834 0.11
220.274 0.07
220.744 0.104
221.522 0.09
222.278 0.084
223.066 0.08
223.922 0.086
224.754 0.098
225.566 0.068
226.084 0.094
226.564 0.09
227.4 0.084
227.896 0.118
228.606 0.07
229.122 0.118
229.564 0.068
230.062 0.064
230.552 0.102
231.026 0.094
231.506 0.096
231.952 0.076
232.434 0.084
233.174 0.046
233.67 0.098
234.186 0.09
234.694 0.09
235.174 0.104
235.602 0.066
236.09 0.092
236.566 0.09
237.046 0.076
237.518 0.066
238.01 0.066
238.774 0.076
239.512 0.074
240.006 0.068
240.544 0.092
241.06 0.1
241.538 0.096
242.046 0.108
242.564 0.086
243.022 0.066
243.514 0.098
244.002 0.09
244.488 0.072
245.352 0.086
246.138 0.076
246.64 0.102
247.116 0.076
247.652 0.108
248.128 0.072
248.652 0.09
249.182 0.088
249.666 0.076
250.404 0.102
250.868 0.058
251.636 0.068
252.294 0.096
253.06 0.084
253.588 0.07
254.152 0.106
254.788 0.088
255.318 0.076
255.998 0.066
256.554 0.074
257.286 0.14
257.79 0.09
258.324 0.104
258.95 0.066
259.482 0.09
260.014 0.09
260.58 0.106
261.056 0.076
261.572 0.09
262.122 0.088
262.648 0.088
263.222 0.11
263.886 0.086
264.368 0.07
264.976 0.09
265.644 0.096
266.138 0.07
266.66 0.084
267.2 0.102
267.71 0.092
268.282 0.088
268.86 0.1
269.44 0.084
269.99 0.102
270.582 0.084
271.16 0.1
271.65 0.076
272.166 0.09
272.732 0.086
273.32 0.086
273.844 0.072
274.368 0.084
274.922 0.1
275.45 0.08
275.988 0.088
276.528 0.098
277.106 0.102
277.658 0.11
278.244 0.108
278.848 0.086
279.492 0.084
280.036 0.108
280.718 0.078
281.396 0.076
281.928 0.096
282.542 0.176
283.016 0.094
283.586 0.084
284.164 0.102
284.692 0.09
285.242 0.074
285.918 0.134
286.644 0.084
287.178 0.082
287.828 0.092
288.58 0.104
289.152 0.086
289.766 0.084
290.332 0.094
290.95 0.114
291.452 0.056
292.444 0.09
293.026 0.096
293.598 0.086
294.646 0.106
295.222 0.086
295.804 0.096
296.554 0.08
297.166 0.108
297.714 0.078
298.29 0.116
298.85 0.084
299.44 0.1
300.246 0.096
300.98 0.094
301.73 0.082
302.518 0.076
303.154 0.092
303.762 0.072
304.804 0.08
305.386 0.078
305.992 0.082
306.568 0.08
307.578 0.09
308.156 0.086
309.206 0.106
309.768 0.088
310.802 0.078
311.39 0.098
312.402 0.092
313.404 0.094
314.478 0.078
315.088 0.08
315.64 0.082
316.698 0.052
317.308 0.084
317.872 0.076
318.958 0.112
319.576 0.1
320.12 0.062
320.854 0.096
321.47 0.098
322.084 0.112
322.692 0.108
323.316 0.082
323.902 0.068
324.574 0.102
325.256 0.084
325.902 0.076
327.258 0.108
327.936 0.11
328.878 0.076
329.55 0.096
330.216 0.118
330.832 0.1
331.468 0.08
332.13 0.09
332.822 0.11
333.424 0.082
334.054 0.102
334.736 0.122
335.37 0.074
336.032 0.094
336.68 0.082
337.364 0.072
338.09 0.11
338.726 0.07
339.408 0.096
340.1 0.1
340.802 0.108
341.524 0.116
342.192 0.102
342.882 0.096
343.542 0.09
344.23 0.102
344.992 0.126
346.086 0.098
346.732 0.086
347.478 0.114
348.108 0.08
348.772 0.078
349.46 0.088
350.166 0.098
350.85 0.106
351.524 0.116
352.186 0.108
352.814 0.092
353.492 0.076
355.056 0.108
356.598 0.098
357.34 0.092
358.098 0.106
358.814 0.11
359.51 0.096
360.252 0.092
361.094 0.114
361.892 0.128
363.52 0.098
364.302 0.112
365.132 0.102
365.94 0.134
367.492 0.094
368.298 0.092
369.122 0.124
369.946 0.134
370.826 0.102
371.742 0.112
372.666 0.146
373.542 0.114
374.486 0.118
375.426 0.114
376.286 0.096
377.114 0.112
377.896 0.078
378.812 0.078
380.502 0.11
381.518 0.138
382.622 0.106
383.628 0.13
385.464 0.11
386.53 0.188
388.28 0.158
389.42 0.13
390.486 0.09
391.494 0.134
392.562 0.094
393.684 0.134
394.756 0.144
396.584 0.13
398.506 0.126
400.314 0.128
401.358 0.146
402.376 0.138
403.378 0.138
404.378 0.15
405.416 0.118
407.226 0.15
408.994 0.126
410 0.148
411.064 0.14
412.164 0.12
413.072 0.104
414.072 0.16
415.09 0.164
416.066 0.144
417.22 0.152
418.19 0.13
419.168 0.134
420.16 0.126
421.914 0.166
422.922 0.18
424.794 0.148
425.756 0.13
426.988 0.238
427.886 0.118
429.706 0.194
431.484 0.182
432.592 0.142
433.634 0.19
434.772 0.174
435.824 0.112
436.962 0.186
438.622 0.152
439.554 0.124
440.534 0.15
441.484 0.116
442.548 0.142
443.494 0.152
444.546 0.17
445.532 0.178
446.522 0.156
447.556 0.166
448.478 0.096
449.502 0.178
450.432 0.142
451.374 0.18
452.37 0.178
453.302 0.146
454.258 0.152
455.26 0.188
456.198 0.152
457.948 0.146
459.064 0.14
460.108 0.182
461.118 0.144
462.148 0.128
463.232 0.15
464.97 0.12
466.06 0.136
467.758 0.152
469.548 0.17
471.408 0.296
472.292 0.15
474.166 0.192
475.07 0.128
476.028 0.134
477.102 0.148
478.908 0.186
479.904 0.12
480.96 0.174
481.95 0.192
482.998 0.184
484.742 0.132
485.7 0.126
486.678 0.186
487.678 0.126
