8.036 0.052
8.716 0.064
9.42 0.048
9.832 0.058
10.232 0.062
10.594 0.048
11.076 0.07
11.886 0.06
12.276 0.06
12.692 0.068
13.146 0.056
13.58 0.05
14 0.046
14.396 0.066
14.772 0.072
15.612 0.052
16.064 0.066
16.464 0.052
16.928 0.06
17.812 0.056
18.296 0.066
19.13 0.07
19.928 0.072
20.318 0.066
21.046 0.06
21.416 0.05
21.826 0.074
22.636 0.06
23.014 0.06
23.332 0.066
24.078 0.062
24.422 0.062
24.842 0.062
25.304 0.064
26.152 0.064
26.936 0.056
27.726 0.07
28.542 0.064
28.948 0.064
29.316 0.062
29.662 0.058
30.434 0.064
31.234 0.062
31.704 0.046
32.164 0.054
32.958 0.046
33.302 0.058
33.654 0.06
33.964 0.048
34.304 0.06
34.644 0.056
35.024 0.062
35.364 0.054
35.736 0.058
36.114 0.054
36.456 0.052
36.804 0.058
37.182 0.054
37.492 0.062
37.816 0.066
38.12 0.05
38.468 0.058
39.222 0.052
39.974 0.052
40.314 0.054
40.678 0.064
41.028 0.06
41.724 0.052
42.494 0.052
42.838 0.054
43.232 0.068
43.964 0.048
44.3 0.06
44.594 0.05
44.862 0.052
45.166 0.044
45.514 0.07
45.84 0.066
46.576 0.076
46.892 0.06
47.25 0.058
47.934 0.044
48.638 0.058
48.954 0.06
49.274 0.064
49.998 0.06
50.306 0.036
50.64 0.056
50.98 0.05
51.324 0.064
51.704 0.062
52.414 0.044
53.11 0.052
53.478 0.068
53.82 0.072
54.13 0.05
54.426 0.054
54.75 0.048
55.04 0.052
55.372 0.038
55.698 0.056
56.038 0.056
56.378 0.044
56.722 0.052
57.052 0.056
57.394 0.062
57.708 0.054
58.026 0.042
58.352 0.048
58.666 0.042
58.98 0.058
59.698 0.04
60.448 0.058
60.762 0.064
61.556 0.054
62.372 0.062
63.098 0.056
63.48 0.064
64.204 0.07
64.718 0.06
65.078 0.056
65.468 0.078
65.88 0.074
66.396 0.084
66.796 0.068
67.196 0.058
67.668 0.066
68.094 0.076
68.502 0.078
68.942 0.07
69.464 0.08
69.958 0.066
70.418 0.082
70.848 0.09
71.282 0.076
71.798 0.082
72.234 0.066
72.652 0.072
73.242 0.082
73.65 0.076
74.084 0.07
74.528 0.08
74.93 0.074
75.414 0.054
75.986 0.08
76.326 0.072
76.804 0.078
77.21 0.07
77.644 0.078
78.082 0.072
78.546 0.08
79.044 0.072
79.534 0.078
79.964 0.078
80.42 0.06
80.842 0.076
81.342 0.064
81.778 0.056
82.254 0.084
82.696 0.076
83.188 0.076
83.616 0.062
84.1 0.084
84.588 0.078
85.05 0.068
85.528 0.054
85.916 0.074
86.406 0.068
86.786 0.07
87.166 0.08
87.596 0.072
88.1 0.064
88.532 0.066
89.004 0.082
89.456 0.066
89.89 0.072
90.298 0.078
90.748 0.074
91.294 0.08
91.702 0.084
92.168 0.068
92.608 0.074
93.026 0.068
93.474 0.068
93.914 0.07
94.364 0.06
94.78 0.072
95.22 0.066
95.698 0.072
96.166 0.07
96.57 0.072
97.01 0.06
97.462 0.082
97.89 0.058
98.346 0.08
98.796 0.074
99.288 0.068
99.788 0.07
100.212 0.07
100.618 0.062
101.096 0.084
101.52 0.086
101.938 0.066
102.324 0.084
102.782 0.068
103.19 0.066
103.642 0.066
104.12 0.078
104.55 0.078
104.95 0.072
105.37 0.074
105.798 0.084
106.232 0.078
106.628 0.066
107.012 0.072
107.426 0.078
107.832 0.072
108.248 0.066
108.664 0.07
109.078 0.068
109.534 0.086
109.94 0.07
110.326 0.076
110.742 0.076
111.168 0.082
111.57 0.078
112.002 0.072
112.4 0.062
112.82 0.07
113.292 0.068
113.746 0.074
114.172 0.074
114.602 0.076
115.002 0.062
115.444 0.084
115.842 0.068
116.266 0.076
116.708 0.054
117.232 0.068
117.778 0.074
118.28 0.06
118.66 0.066
119.092 0.078
119.508 0.068
119.938 0.058
120.362 0.078
120.792 0.07
121.162 0.072
121.592 0.058
122 0.08
122.424 0.076
122.862 0.082
123.322 0.066
123.776 0.07
124.242 0.066
124.726 0.086
125.182 0.078
125.636 0.078
126.064 0.07
126.492 0.076
126.926 0.072
127.398 0.062
127.862 0.064
128.322 0.074
128.732 0.078
129.098 0.072
129.534 0.076
129.99 0.09
130.412 0.08
130.882 0.082
131.29 0.054
131.724 0.066
132.168 0.08
132.642 0.074
133.128 0.084
133.556 0.066
133.98 0.072
134.396 0.086
134.824 0.076
135.21 0.084
135.628 0.06
136.102 0.082
136.512 0.092
136.934 0.064
137.37 0.076
137.84 0.082
138.248 0.064
138.71 0.076
139.142 0.088
139.57 0.076
139.974 0.068
140.402 0.082
140.86 0.072
141.326 0.088
141.784 0.068
142.204 0.084
142.694 0.082
143.226 0.08
143.76 0.072
144.212 0.08
144.64 0.068
145.094 0.074
145.59 0.082
146.018 0.084
146.448 0.068
146.882 0.09
147.318 0.074
147.77 0.078
148.228 0.08
148.696 0.076
149.164 0.058
149.624 0.076
150.094 0.066
150.602 0.078
151.136 0.074
151.574 0.076
152.018 0.074
152.484 0.074
152.896 0.078
153.368 0.082
153.902 0.09
154.362 0.078
154.8 0.08
155.274 0.084
155.72 0.08
156.174 0.086
156.606 0.076
157.09 0.07
157.546 0.092
157.948 0.072
158.41 0.084
158.836 0.082
159.344 0.088
159.84 0.074
160.37 0.09
160.872 0.072
161.404 0.096
161.876 0.088
162.328 0.078
162.806 0.068
163.356 0.072
163.884 0.088
164.378 0.098
164.842 0.078
165.39 0.078
165.916 0.076
166.444 0.102
166.982 0.086
167.588 0.084
168.134 0.088
169.142 0.106
169.686 0.082
170.37 0.112
170.908 0.09
171.438 0.104
172.028 0.1
172.65 0.1
173.288 0.106
173.954 0.12
174.552 0.108
175.18 0.102
175.762 0.096
176.36 0.102
176.954 0.102
177.57 0.106
178.176 0.108
178.82 0.094
179.532 0.102
180.158 0.086
180.782 0.086
181.436 0.1
182.048 0.096
182.66 0.096
183.276 0.112
183.87 0.096
184.518 0.114
185.15 0.082
185.882 0.114
186.434 0.094
187.082 0.094
187.714 0.1
188.318 0.106
189.086 0.096
189.676 0.086
190.256 0.088
190.836 0.088
191.48 0.116
192.008 0.082
192.646 0.092
193.292 0.106
193.84 0.098
194.466 0.104
195.114 0.114
195.946 0.11
196.578 0.088
197.248 0.102
197.868 0.088
198.522 0.088
199.142 0.082
199.754 0.106
200.412 0.09
201.02 0.078
201.654 0.106
202.308 0.092
202.908 0.1
203.604 0.102
204.326 0.094
204.976 0.114
205.582 0.074
206.252 0.09
206.888 0.094
207.498 0.108
208.136 0.096
208.696 0.092
209.342 0.12
209.932 0.08
210.582 0.116
211.234 0.096
211.794 0.09
212.438 0.09
213.048 0.11
213.656 0.094
214.278 0.112
214.874 0.106
215.494 0.096
216.058 0.092
216.714 0.112
217.33 0.112
217.96 0.106
218.55 0.106
219.164 0.098
219.756 0.116
220.424 0.09
221.056 0.1
221.66 0.092
222.218 0.098
222.8 0.106
223.446 0.104
224.042 0.1
224.652 0.102
225.228 0.094
225.888 0.114
226.432 0.092
227.006 0.096
227.668 0.102
228.248 0.092
228.874 0.102
229.438 0.088
230.092 0.104
230.754 0.11
231.3 0.094
231.958 0.112
232.552 0.088
233.098 0.11
233.724 0.112
234.366 0.106
235.004 0.106
235.59 0.114
236.144 0.084
236.748 0.09
237.448 0.1
238.122 0.13
238.768 0.106
239.38 0.102
240.03 0.104
240.624 0.098
241.28 0.104
241.874 0.102
242.424 0.092
243.012 0.11
243.652 0.11
244.212 0.114
244.836 0.104
245.45 0.112
246.056 0.122
246.734 0.118
247.366 0.096
248.05 0.108
248.612 0.086
249.256 0.108
249.922 0.102
250.58 0.09
251.256 0.118
251.878 0.106
252.45 0.112
253.05 0.106
253.66 0.09
254.332 0.118
254.966 0.112
255.632 0.128
256.248 0.114
256.872 0.108
257.448 0.116
258.09 0.102
258.766 0.112
259.416 0.094
260.074 0.102
260.716 0.104
261.33 0.108
261.962 0.11
262.554 0.108
263.168 0.096
263.838 0.118
264.434 0.112
265.084 0.098
265.718 0.104
266.37 0.114
267.018 0.116
267.882 0.098
268.484 0.098
269.078 0.11
269.89 0.116
270.5 0.118
271.134 0.108
271.68 0.092
272.322 0.1
272.89 0.104
273.572 0.102
274.34 0.102
275.128 0.108
275.782 0.108
276.418 0.102
277.128 0.112
277.778 0.088
278.388 0.102
278.974 0.102
279.64 0.118
280.262 0.12
280.882 0.1
281.85 0.108
282.502 0.114
283.118 0.108
283.746 0.09
284.364 0.124
285.056 0.114
285.686 0.116
286.32 0.11
286.988 0.11
287.66 0.116
288.302 0.118
288.936 0.11
289.544 0.096
290.182 0.108
290.896 0.126
291.542 0.12
