7.17 0.042
7.448 0.046
8.092 0.046
8.362 0.058
8.656 0.04
9.364 0.064
9.634 0.056
9.868 0.052
10.126 0.054
10.418 0.064
10.7 0.068
10.964 0.064
11.44 0.058
11.672 0.054
12.16 0.068
12.426 0.062
12.706 0.058
12.974 0.062
13.254 0.068
13.536 0.064
13.796 0.06
14.064 0.052
14.322 0.048
14.588 0.068
14.852 0.066
15.312 0.068
15.636 0.058
15.936 0.068
16.384 0.068
16.676 0.068
16.938 0.056
17.208 0.048
17.684 0.074
18.122 0.072
18.396 0.064
18.688 0.07
18.904 0.036
19.188 0.072
19.458 0.07
19.738 0.068
20.002 0.07
20.242 0.06
20.682 0.072
21.136 0.056
21.406 0.05
21.71 0.064
22.02 0.07
22.48 0.068
22.758 0.066
23.224 0.058
23.5 0.06
23.796 0.072
24.028 0.068
24.518 0.064
24.77 0.068
25.206 0.05
25.502 0.08
25.93 0.058
26.22 0.07
26.508 0.056
26.738 0.058
27.002 0.062
27.488 0.064
27.928 0.056
28.218 0.054
28.704 0.056
29.192 0.052
29.482 0.072
29.728 0.054
29.99 0.072
30.434 0.068
30.678 0.058
31.202 0.062
31.5 0.066
31.79 0.05
32.06 0.07
32.346 0.068
32.632 0.072
32.898 0.062
33.164 0.074
33.42 0.066
33.666 0.046
33.898 0.052
34.194 0.064
34.448 0.058
34.728 0.068
35.178 0.072
35.424 0.068
35.686 0.066
35.95 0.068
36.368 0.052
36.652 0.072
36.922 0.072
37.16 0.062
37.586 0.064
38.098 0.06
38.376 0.058
38.688 0.086
38.922 0.064
39.19 0.068
39.444 0.05
39.736 0.056
40.064 0.062
40.34 0.062
40.624 0.058
40.898 0.062
41.39 0.066
41.66 0.074
42.174 0.064
42.416 0.064
42.736 0.062
43 0.082
43.278 0.082
43.514 0.074
43.994 0.068
44.282 0.058
44.58 0.06
44.96 0.086
45.454 0.076
46.088 0.088
46.372 0.08
46.71 0.074
47.072 0.086
47.476 0.068
47.816 0.078
48.384 0.098
48.664 0.074
49.004 0.08
49.348 0.078
49.718 0.08
50.014 0.078
50.32 0.072
50.658 0.07
51.022 0.082
51.394 0.066
51.81 0.052
52.158 0.068
52.498 0.084
52.844 0.066
53.282 0.074
53.682 0.068
54.064 0.054
54.8 0.09
55.138 0.088
55.484 0.1
55.824 0.084
56.242 0.108
56.636 0.074
57.028 0.088
57.372 0.076
57.742 0.096
58.074 0.084
58.43 0.076
58.806 0.09
59.234 0.102
59.57 0.07
59.95 0.078
60.574 0.072
60.984 0.09
61.398 0.078
61.796 0.08
62.122 0.078
62.502 0.07
62.912 0.088
63.366 0.094
64.012 0.09
64.664 0.088
65.17 0.096
65.61 0.088
65.984 0.082
66.338 0.086
66.716 0.078
67.1 0.072
67.494 0.088
68.158 0.094
68.776 0.092
69.292 0.084
69.784 0.082
70.142 0.082
70.526 0.09
70.936 0.094
71.4 0.096
72.084 0.094
72.578 0.092
73.132 0.082
73.614 0.09
74.112 0.108
74.552 0.1
74.942 0.09
75.356 0.106
75.804 0.11
76.254 0.1
76.724 0.09
77.18 0.09
78.234 0.142
78.632 0.108
79.308 0.13
80.378 0.1
80.858 0.114
81.32 0.096
82.394 0.108
82.808 0.108
83.772 0.11
84.22 0.11
84.74 0.106
85.18 0.086
85.648 0.118
86.054 0.1
86.546 0.118
87.012 0.106
87.388 0.098
87.868 0.116
88.314 0.094
88.766 0.102
89.276 0.112
89.726 0.118
90.264 0.108
90.74 0.126
91.23 0.106
91.706 0.108
92.19 0.1
92.662 0.106
93.138 0.116
93.612 0.112
94.044 0.1
94.802 0.094
95.32 0.126
95.768 0.092
96.298 0.126
96.728 0.12
97.214 0.12
97.744 0.1
98.238 0.086
99.176 0.098
99.68 0.1
100.18 0.14
100.624 0.106
101.072 0.114
102.002 0.1
102.516 0.158
102.95 0.138
103.368 0.104
104.294 0.13
104.702 0.1
105.176 0.096
105.658 0.112
106.582 0.1
107.08 0.14
107.51 0.098
108.438 0.124
109.35 0.136
109.826 0.124
110.714 0.116
111.166 0.106
112.078 0.112
112.6 0.108
113.116 0.14
113.608 0.142
114.054 0.09
115.032 0.128
115.492 0.096
116.022 0.108
116.896 0.108
117.386 0.114
117.812 0.114
118.308 0.116
119.228 0.144
120.094 0.11
120.584 0.142
121.022 0.108
121.456 0.086
121.95 0.122
122.446 0.116
122.95 0.108
123.422 0.112
123.884 0.118
124.364 0.118
125.196 0.114
125.64 0.11
126.106 0.104
126.602 0.138
127.088 0.11
127.554 0.092
128.018 0.102
128.66 0.114
129.548 0.102
129.982 0.1
130.928 0.118
131.602 0.094
132.058 0.102
132.76 0.14
133.272 0.12
133.786 0.118
134.262 0.13
134.752 0.118
135.264 0.158
135.732 0.112
136.208 0.13
137.254 0.126
138.306 0.11
138.78 0.122
139.28 0.126
139.7 0.106
140.2 0.116
140.728 0.128
141.438 0.14
141.922 0.12
142.39 0.102
142.896 0.11
143.396 0.102
143.848 0.116
144.81 0.14
145.356 0.124
145.856 0.118
146.37 0.126
146.824 0.118
147.296 0.11
147.834 0.152
148.326 0.14
148.92 0.112
149.416 0.106
149.928 0.136
150.806 0.128
151.328 0.14
151.814 0.116
152.516 0.108
153.168 0.096
153.884 0.148
154.568 0.122
155.046 0.106
155.554 0.116
156.196 0.126
156.71 0.14
157.394 0.104
157.912 0.11
158.4 0.12
158.898 0.1
159.39 0.104
159.878 0.104
160.902 0.12
161.472 0.134
161.982 0.108
162.528 0.12
163.046 0.106
164.13 0.124
164.642 0.144
165.178 0.118
165.694 0.098
166.25 0.122
167.264 0.118
167.74 0.092
168.34 0.14
168.868 0.15
169.352 0.104
170.386 0.1
170.926 0.112
171.886 0.1
172.418 0.104
172.974 0.118
173.522 0.12
174.042 0.154
174.558 0.126
175.094 0.134
175.59 0.122
176.11 0.106
176.638 0.124
177.15 0.118
178.088 0.112
178.602 0.128
179.144 0.134
180.062 0.102
180.58 0.092
181.098 0.098
181.616 0.122
182.162 0.126
182.726 0.12
183.288 0.106
183.852 0.132
184.34 0.126
184.912 0.13
185.8 0.114
186.334 0.12
186.84 0.122
187.4 0.11
187.932 0.106
188.466 0.082
189.024 0.11
189.918 0.11
190.878 0.128
191.376 0.106
191.894 0.13
192.384 0.132
192.862 0.124
193.384 0.102
194.146 0.12
194.662 0.09
195.27 0.138
195.854 0.104
196.39 0.12
196.876 0.072
197.43 0.118
197.992 0.098
198.546 0.1
199.192 0.12
199.674 0.096
200.196 0.118
200.822 0.116
201.428 0.114
201.928 0.1
202.468 0.104
202.99 0.1
203.556 0.104
204.222 0.112
204.742 0.096
205.27 0.096
205.838 0.102
206.752 0.102
207.296 0.09
207.806 0.1
208.29 0.098
208.83 0.108
209.788 0.106
210.266 0.108
211.224 0.098
211.832 0.104
212.344 0.13
212.85 0.078
213.808 0.1
214.332 0.128
214.846 0.124
215.32 0.104
215.842 0.102
216.378 0.114
217.214 0.094
217.718 0.12
218.19 0.09
218.722 0.102
219.258 0.108
219.77 0.122
220.644 0.118
221.166 0.096
221.988 0.096
222.794 0.094
223.346 0.138
223.824 0.114
224.342 0.102
224.842 0.122
225.378 0.106
225.868 0.108
226.412 0.12
227.386 0.12
227.886 0.126
228.386 0.104
228.902 0.122
229.442 0.11
229.898 0.098
230.876 0.124
231.364 0.102
231.91 0.088
232.934 0.11
233.48 0.108
233.972 0.1
234.884 0.102
235.412 0.11
235.958 0.11
236.492 0.118
236.994 0.074
237.548 0.112
238.082 0.098
238.584 0.098
239.136 0.122
239.688 0.12
240.394 0.128
240.892 0.126
241.726 0.116
242.414 0.124
242.946 0.122
243.792 0.108
244.322 0.13
245.202 0.128
245.728 0.112
246.282 0.098
246.786 0.112
247.322 0.098
247.774 0.104
248.338 0.13
248.87 0.104
249.414 0.112
249.922 0.118
250.636 0.138
251.352 0.1
251.884 0.102
252.408 0.124
252.988 0.12
253.706 0.122
254.468 0.12
254.994 0.092
255.6 0.106
256.288 0.102
256.846 0.098
257.458 0.092
258.016 0.114
258.574 0.106
259.138 0.1
259.716 0.124
260.274 0.098
260.948 0.108
261.536 0.154
262.05 0.14
262.674 0.116
263.248 0.12
263.826 0.134
264.388 0.11
265.092 0.118
265.596 0.084
266.16 0.114
266.692 0.116
267.244 0.126
267.818 0.122
268.332 0.096
268.916 0.106
269.812 0.122
270.752 0.108
271.278 0.122
271.838 0.132
272.568 0.122
273.584 0.122
274.114 0.144
275.118 0.18
275.654 0.152
276.194 0.13
277.238 0.12
277.826 0.118
278.372 0.122
278.966 0.136
279.568 0.116
280.634 0.122
281.274 0.142
282.292 0.108
282.9 0.134
283.466 0.122
283.948 0.094
284.934 0.112
285.506 0.116
286.166 0.142
286.786 0.154
287.398 0.164
287.962 0.134
288.78 0.108
289.37 0.1
289.928 0.144
290.5 0.152
291.548 0.106
292.13 0.128
292.672 0.12
293.298 0.158
294.356 0.132
294.982 0.142
296.068 0.112
296.672 0.148
297.208 0.1
297.79 0.126
298.42 0.136
299.01 0.132
299.632 0.128
300.19 0.14
300.754 0.136
301.366 0.172
302.394 0.128
303.044 0.138
303.662 0.118
304.264 0.126
304.88 0.134
305.43 0.104
305.956 0.116
307.086 0.14
307.61 0.118
308.726 0.152
309.256 0.118
309.842 0.128
310.484 0.17
311.008 0.112
311.552 0.148
312.594 0.154
313.194 0.14
313.748 0.136
314.364 0.12
315.032 0.16
315.606 0.13
316.216 0.13
316.838 0.164
317.336 0.122
317.88 0.136
318.394 0.098
318.998 0.122
319.602 0.146
320.144 0.124
321.526 0.108
322.124 0.148
322.632 0.118
323.288 0.154
323.866 0.13
324.41 0.094
324.954 0.108
325.538 0.128
326.196 0.132
326.796 0.148
327.674 0.14
328.304 0.132
328.862 0.128
329.466 0.112
330.126 0.13
330.736 0.116
331.404 0.148
331.988 0.124
332.634 0.134
333.206 0.102
333.858 0.106
334.528 0.136
335.186 0.128
335.854 0.16
336.462 0.104
337.084 0.09
337.774 0.152
338.374 0.144
339.084 0.152
339.748 0.15
340.344 0.088
340.99 0.144
341.598 0.12
342.218 0.114
342.908 0.17
344.092 0.152
344.72 0.166
345.39 0.208
346.714 0.11
347.388 0.128
348.082 0.13
348.752 0.154
350.2 0.092
351.812 0.154
352.5 0.144
353.264 0.174
353.91 0.136
355.342 0.1
356.902 0.128
357.572 0.148
358.308 0.15
358.998 0.136
359.674 0.128
360.374 0.136
361.084 0.126
361.806 0.128
362.586 0.148
363.264 0.074
364.71 0.146
365.526 0.156
366.214 0.152
367.008 0.166
367.794 0.168
369.448 0.128
370.222 0.186
370.978 0.172
371.7 0.118
372.5 0.144
373.2 0.132
374.03 0.14
374.942 0.14
375.822 0.122
376.772 0.11
377.66 0.202
378.502 0.164
380.23 0.178
380.972 0.13
381.944 0.246
382.566 0.11
383.454 0.166
384.194 0.112
385.072 0.16
386.004 0.162
387.044 0.218
387.886 0.188
389.66 0.17
390.592 0.146
391.604 0.182
392.524 0.17
393.332 0.14
395.028 0.14
395.908 0.168
396.878 0.204
398.638 0.162
399.636 0.2
400.542 0.154
401.514 0.198
402.502 0.194
403.406 0.144
404.176 0.148
405.958 0.172
406.996 0.26
407.828 0.156
408.82 0.17
410.5 0.17
411.386 0.158
412.536 0.268
413.468 0.166
414.464 0.174
416.178 0.11
417.87 0.142
418.856 0.288
419.822 0.164
420.672 0.158
421.472 0.17
422.248 0.152
423.04 0.126
423.88 0.176
424.9 0.138
425.712 0.158
426.61 0.16
427.58 0.212
428.304 0.156
430.16 0.316
430.916 0.158
432.742 0.208
433.54 0.194
434.302 0.15
435.334 0.186
436.278 0.204
438.044 0.212
438.806 0.15
439.798 0.164
440.62 0.14
441.578 0.202
442.658 0.384
444.692 0.542
445.766 0.16
446.964 0.374
447.928 0.188
448.754 0.19
450.358 0.176
451.962 0.17
452.858 0.178
453.77 0.194
454.692 0.172
455.802 0.4
457.51 0.198
459.244 0.174
459.96 0.102
460.884 0.168
462.556 0.176
463.4 0.136
465.19 0.138
465.986 0.136
