7.59 0.028
7.838 0.036
8.106 0.042
8.742 0.044
9.42 0.032
9.69 0.046
10.024 0.038
10.286 0.032
10.54 0.03
10.786 0.032
11.064 0.044
11.358 0.034
11.672 0.044
11.942 0.032
12.22 0.038
12.53 0.034
13.216 0.042
13.466 0.026
13.83 0.038
14.096 0.036
14.42 0.04
15.094 0.036
15.342 0.024
15.594 0.036
15.85 0.038
16.086 0.036
16.332 0.05
16.59 0.038
17.28 0.036
17.538 0.036
18.174 0.034
18.406 0.04
18.686 0.03
18.996 0.038
19.258 0.03
19.52 0.04
19.734 0.032
19.994 0.032
20.24 0.032
20.534 0.04
21.178 0.04
21.662 0.032
21.984 0.034
22.706 0.032
23.316 0.02
23.538 0.032
23.752 0.03
23.984 0.032
24.214 0.032
24.512 0.028
25.13 0.042
25.768 0.034
26.086 0.032
26.79 0.03
27.508 0.03
27.74 0.04
28.372 0.04
28.69 0.042
28.906 0.036
29.272 0.032
29.492 0.04
30.16 0.032
30.382 0.038
30.68 0.038
31.014 0.036
31.32 0.032
31.546 0.044
31.754 0.026
31.988 0.044
32.628 0.034
33.21 0.04
33.43 0.038
33.642 0.032
34.266 0.026
34.506 0.042
34.692 0.042
34.89 0.036
35.166 0.034
35.776 0.022
36.028 0.03
36.278 0.042
36.508 0.032
36.754 0.036
36.99 0.038
37.61 0.048
37.822 0.046
38.022 0.034
38.604 0.038
38.812 0.038
39.04 0.034
39.274 0.038
39.518 0.04
39.718 0.038
39.932 0.038
40.144 0.024
40.362 0.042
40.584 0.044
40.808 0.042
41.412 0.04
41.626 0.046
41.854 0.042
42.082 0.038
42.296 0.036
42.512 0.034
43.102 0.026
43.756 0.04
43.966 0.038
44.14 0.032
44.348 0.036
44.532 0.028
44.726 0.036
44.914 0.034
45.12 0.036
45.712 0.026
45.942 0.04
46.124 0.04
46.32 0.034
46.532 0.038
46.71 0.038
46.884 0.038
47.536 0.036
47.756 0.026
47.968 0.036
48.204 0.04
48.382 0.04
48.572 0.022
48.798 0.04
48.99 0.032
49.158 0.034
49.816 0.036
50.062 0.034
50.672 0.034
50.912 0.038
51.494 0.03
51.732 0.03
51.964 0.034
52.198 0.036
52.402 0.03
52.642 0.024
52.852 0.042
53.056 0.038
53.292 0.044
53.52 0.036
53.68 0.03
53.896 0.04
54.104 0.036
54.698 0.034
55.308 0.032
55.506 0.034
56.082 0.028
56.27 0.04
56.892 0.036
57.114 0.038
57.292 0.036
57.51 0.032
57.724 0.024
57.902 0.022
58.126 0.032
58.686 0.028
58.896 0.04
59.102 0.04
59.304 0.04
59.88 0.036
60.456 0.034
60.634 0.026
60.85 0.036
61.444 0.034
61.66 0.038
62.244 0.038
62.826 0.024
63.038 0.034
63.224 0.026
63.81 0.038
63.958 0.03
64.104 0.034
64.294 0.038
64.512 0.028
64.664 0.028
64.812 0.034
65.006 0.034
65.216 0.034
65.798 0.026
65.992 0.034
66.128 0.02
66.286 0.034
66.49 0.032
66.678 0.024
66.864 0.034
67.038 0.03
67.578 0.036
67.76 0.034
67.924 0.032
68.12 0.036
68.706 0.034
68.876 0.04
69.086 0.038
69.276 0.042
69.448 0.032
69.636 0.026
70.27 0.028
70.458 0.032
70.654 0.028
71.302 0.034
71.486 0.03
71.68 0.032
71.858 0.03
72.04 0.03
72.242 0.034
72.81 0.038
73 0.038
73.196 0.036
73.404 0.038
73.598 0.036
74.278 0.038
74.514 0.04
74.672 0.036
74.868 0.038
75.06 0.036
75.21 0.036
75.424 0.036
75.658 0.03
75.848 0.038
75.992 0.03
76.192 0.038
76.712 0.018
77.288 0.036
77.468 0.026
77.658 0.038
78.216 0.036
78.436 0.036
78.636 0.03
78.864 0.038
79.058 0.036
79.2 0.03
79.394 0.024
79.598 0.04
80.146 0.032
80.336 0.032
80.96 0.022
81.532 0.032
81.71 0.034
81.888 0.034
82.474 0.032
82.682 0.028
82.874 0.04
83.414 0.032
83.616 0.03
83.832 0.038
84.4 0.034
84.544 0.028
84.734 0.034
84.926 0.034
85.104 0.026
85.302 0.032
85.482 0.028
85.664 0.038
85.852 0.038
86.032 0.03
86.252 0.038
86.4 0.03
86.594 0.038
86.736 0.03
86.906 0.028
87.46 0.028
88.034 0.026
88.248 0.038
88.82 0.038
89.448 0.05
89.618 0.036
89.806 0.036
89.988 0.034
90.164 0.032
90.344 0.036
90.526 0.034
90.696 0.03
90.834 0.032
91.412 0.03
91.568 0.026
91.746 0.036
92.32 0.034
92.506 0.032
92.734 0.036
92.932 0.026
93.494 0.022
94.084 0.03
94.294 0.028
94.448 0.018
94.636 0.03
95.29 0.036
95.488 0.032
95.67 0.034
95.886 0.032
96.088 0.038
96.26 0.036
96.43 0.034
97.004 0.028
97.2 0.036
97.366 0.032
97.956 0.038
98.17 0.034
98.35 0.034
98.518 0.03
98.708 0.036
98.882 0.036
99.452 0.024
99.998 0.032
100.512 0.02
100.704 0.036
100.876 0.036
101.068 0.032
101.242 0.032
101.814 0.036
102.364 0.034
102.542 0.036
102.724 0.036
102.86 0.03
103.036 0.036
103.208 0.032
103.374 0.032
103.966 0.044
104.156 0.036
104.358 0.03
104.53 0.024
104.73 0.044
105.392 0.03
105.59 0.046
106.258 0.032
106.464 0.028
106.726 0.04
107.048 0.052
107.326 0.044
107.688 0.068
108.036 0.042
108.352 0.05
108.74 0.066
109.04 0.048
109.44 0.062
110.128 0.054
110.538 0.056
110.958 0.07
111.346 0.074
111.716 0.06
112.092 0.064
112.502 0.066
112.878 0.06
113.262 0.054
113.856 0.072
114.226 0.06
114.662 0.08
114.998 0.064
115.43 0.066
115.98 0.054
116.314 0.056
116.772 0.066
117.226 0.066
117.638 0.052
118.044 0.052
118.518 0.06
119.102 0.07
119.56 0.084
120.12 0.068
120.662 0.08
121.102 0.066
121.592 0.066
122.096 0.082
122.554 0.07
123.104 0.076
123.716 0.078
124.302 0.082
124.934 0.092
125.556 0.1
126.082 0.09
126.654 0.088
127.21 0.1
127.738 0.074
128.306 0.096
128.784 0.066
129.414 0.094
130.016 0.086
130.608 0.092
131.2 0.07
131.696 0.062
132.208 0.074
132.798 0.076
133.298 0.066
133.902 0.088
134.452 0.07
135.1 0.112
135.708 0.09
136.334 0.088
136.828 0.094
137.364 0.104
137.998 0.078
138.524 0.08
139.084 0.098
139.59 0.078
140.12 0.068
140.628 0.084
141.194 0.064
141.744 0.078
142.272 0.094
142.84 0.1
143.396 0.1
143.894 0.07
144.434 0.084
144.946 0.078
145.456 0.086
146.018 0.076
146.528 0.078
147.04 0.084
147.676 0.08
148.254 0.078
148.84 0.082
149.43 0.084
150.014 0.102
150.524 0.084
151.08 0.08
151.736 0.086
152.22 0.098
152.764 0.092
153.366 0.096
153.902 0.076
154.448 0.082
155.068 0.1
155.642 0.1
156.21 0.088
156.748 0.084
157.294 0.082
157.896 0.106
158.496 0.082
159.156 0.088
159.706 0.102
160.232 0.086
160.812 0.114
161.426 0.098
161.988 0.076
162.552 0.094
163.074 0.084
