7.626 0.05
8.238 0.044
8.882 0.05
9.184 0.05
9.814 0.04
10.114 0.042
10.404 0.044
10.768 0.05
11.082 0.05
11.438 0.052
11.714 0.044
12.012 0.04
12.306 0.05
12.614 0.054
12.878 0.048
13.186 0.054
13.426 0.026
13.71 0.052
13.998 0.054
14.37 0.046
14.672 0.048
15.022 0.042
15.724 0.044
16.012 0.05
16.374 0.042
16.618 0.034
17.2 0.052
17.42 0.044
17.676 0.056
17.902 0.042
18.216 0.03
18.912 0.042
19.548 0.048
19.784 0.044
20.038 0.05
20.258 0.04
20.636 0.036
20.996 0.05
21.25 0.048
21.516 0.05
22.22 0.046
22.904 0.05
23.126 0.048
23.362 0.048
23.588 0.042
23.814 0.044
24.062 0.048
24.28 0.046
24.538 0.042
24.788 0.044
25.138 0.044
25.914 0.052
26.184 0.05
26.524 0.062
26.73 0.03
27.064 0.042
27.774 0.052
28.434 0.038
28.65 0.036
29.384 0.062
30.086 0.05
30.306 0.05
30.528 0.046
30.746 0.048
30.952 0.042
31.2 0.04
31.43 0.046
31.66 0.046
31.892 0.048
32.2 0.052
32.866 0.04
33.116 0.044
33.356 0.042
33.564 0.048
34.154 0.05
34.376 0.038
34.554 0.04
34.788 0.048
35.032 0.048
35.252 0.048
35.464 0.044
35.684 0.046
35.892 0.048
36.102 0.038
36.664 0.044
36.914 0.052
37.144 0.042
37.346 0.046
37.882 0.038
38.072 0.052
38.616 0.05
39.278 0.036
39.562 0.042
39.85 0.046
40.08 0.032
40.362 0.034
40.622 0.024
40.862 0.044
41.068 0.03
41.314 0.032
41.554 0.046
41.822 0.042
42.066 0.058
42.394 0.058
42.728 0.06
43.084 0.068
43.83 0.072
44.464 0.058
45.144 0.058
45.51 0.074
45.87 0.074
46.192 0.066
46.552 0.06
46.922 0.068
47.318 0.07
47.694 0.074
48.07 0.062
48.542 0.082
49.054 0.076
49.406 0.056
49.952 0.076
50.302 0.048
50.714 0.072
51.128 0.086
51.644 0.084
51.982 0.076
52.374 0.076
52.79 0.08
53.172 0.084
53.652 0.074
54.128 0.062
54.516 0.068
54.916 0.066
55.254 0.08
55.584 0.076
55.988 0.074
56.39 0.066
56.878 0.064
57.224 0.074
57.696 0.078
58.2 0.08
58.598 0.074
59.02 0.082
59.412 0.058
59.902 0.062
60.336 0.07
60.768 0.064
61.224 0.074
61.574 0.078
62.02 0.074
62.446 0.08
62.868 0.076
63.296 0.076
63.768 0.086
64.21 0.082
64.684 0.08
65.092 0.082
65.532 0.084
65.946 0.076
66.386 0.076
66.816 0.062
67.238 0.07
67.642 0.082
68.072 0.076
68.506 0.084
68.964 0.088
69.348 0.078
69.806 0.074
70.24 0.078
70.68 0.086
71.108 0.08
71.554 0.078
71.998 0.07
72.46 0.072
72.934 0.092
73.402 0.066
73.918 0.092
74.444 0.082
74.934 0.072
75.462 0.098
75.984 0.092
76.504 0.092
77.05 0.098
77.566 0.1
78.116 0.08
78.598 0.09
79.162 0.1
79.744 0.096
80.408 0.098
81.198 0.084
82.052 0.09
82.568 0.104
83.168 0.112
83.752 0.104
84.296 0.094
84.864 0.122
85.424 0.108
86.018 0.11
86.602 0.094
87.208 0.1
87.832 0.112
88.428 0.102
89.712 0.098
90.37 0.076
90.952 0.112
91.596 0.098
92.404 0.088
93.008 0.102
93.65 0.104
94.342 0.104
94.994 0.112
95.632 0.114
96.294 0.118
96.89 0.1
97.484 0.092
98.166 0.096
99.578 0.082
100.318 0.102
100.928 0.088
101.63 0.094
102.312 0.086
102.934 0.114
103.596 0.098
104.286 0.108
105.042 0.122
105.71 0.098
106.364 0.096
107.02 0.106
107.756 0.122
108.426 0.1
109.1 0.1
109.78 0.11
110.482 0.112
111.154 0.13
111.778 0.104
112.496 0.116
113.186 0.114
114.562 0.108
115.918 0.114
117.184 0.104
117.962 0.118
118.698 0.116
119.878 0.102
120.616 0.112
121.466 0.114
122.608 0.116
123.358 0.134
124.06 0.112
124.846 0.122
125.616 0.14
126.964 0.09
127.742 0.136
128.538 0.12
129.336 0.126
130.1 0.14
130.902 0.146
131.678 0.13
132.464 0.142
133.282 0.136
134.056 0.126
134.88 0.138
135.65 0.13
136.396 0.11
137.21 0.124
137.996 0.126
139.75 0.142
140.54 0.12
141.492 0.108
142.584 0.122
143.394 0.128
144.254 0.162
145.86 0.106
