7.526 0.034
7.63 0.032
7.742 0.03
7.854 0.03
7.954 0.03
8.516 0.03
8.678 0.02
9.218 0.032
9.312 0.024
9.416 0.028
9.518 0.03
9.62 0.028
9.792 0.03
10.062 0.042
10.172 0.03
10.36 0.032
10.556 0.03
10.734 0.032
10.972 0.02
11.152 0.032
11.26 0.03
11.522 0.024
11.692 0.03
11.966 0.024
12.154 0.032
12.398 0.032
12.578 0.03
12.684 0.024
12.786 0.028
13.008 0.006
13.21 0.032
13.33 0.026
13.43 0.028
14.01 0.03
14.256 0.032
14.47 0.024
14.696 0.026
14.922 0.028
15.462 0.024
15.57 0.032
15.722 0.028
15.9 0.03
16.008 0.016
16.128 0.032
16.37 0.03
16.608 0.026
16.828 0.026
17.074 0.026
17.178 0.03
17.352 0.026
17.466 0.024
17.574 0.03
17.726 0.024
17.876 0.022
17.976 0.022
18.146 0.024
18.396 0.024
18.558 0.028
18.8 0.026
18.896 0.022
19.464 0.03
19.632 0.024
19.89 0.02
20.056 0.032
20.628 0.028
21.236 0.03
21.388 0.03
21.542 0.03
21.686 0.03
21.782 0.032
21.878 0.024
22.004 0.032
22.104 0.03
22.254 0.03
22.398 0.026
22.496 0.032
23.038 0.022
23.112 0.004
23.686 0.024
23.92 0.02
24.128 0.03
24.36 0.024
24.518 0.028
24.64 0.028
24.762 0.034
24.946 0.03
25.192 0.032
25.282 0.016
25.394 0.026
25.544 0.032
25.944 0.034
26.034 0.016
26.224 0.024
26.342 0.02
26.616 0.024
26.776 0.028
26.868 0.026
26.96 0.03
27.31 0.022
27.466 0.028
27.554 0.024
27.944 0.014
28.312 0.024
28.472 0.028
28.572 0.026
28.666 0.02
28.89 0.022
29.11 0.026
29.268 0.03
29.438 0.028
29.852 0.028
29.96 0.03
30.06 0.03
30.198 0.022
30.31 0.03
30.516 0.032
30.66 0.03
31.12 0.024
31.472 0.026
31.62 0.024
31.768 0.03
31.856 0.024
32.08 0.024
32.224 0.028
32.624 0.016
32.742 0.032
32.836 0.026
33.208 0.032
33.46 0.03
33.84 0.03
34.224 0.024
34.316 0.028
34.408 0.03
34.496 0.016
34.618 0.028
34.862 0.028
35.01 0.026
35.112 0.03
35.264 0.026
35.412 0.028
35.5 0.028
35.6 0.03
35.698 0.028
36.078 0.028
36.172 0.024
36.41 0.02
36.494 0.024
36.594 0.026
36.692 0.026
36.84 0.022
36.944 0.028
37.19 0.022
37.284 0.024
37.432 0.016
37.51 0.022
37.602 0.03
37.69 0.02
38.1 0.022
38.334 0.028
38.568 0.028
38.958 0.03
39.106 0.028
39.196 0.026
39.414 0.028
39.822 0.024
39.966 0.018
40.204 0.032
40.576 0.028
40.662 0.028
40.802 0.024
40.948 0.028
41.21 0.022
41.352 0.03
41.48 0.014
41.86 0.026
42.082 0.024
42.176 0.028
42.336 0.032
42.704 0.024
42.796 0.026
42.878 0.02
43.236 0.03
43.382 0.022
43.534 0.028
43.974 0.018
44.07 0.024
44.178 0.026
44.326 0.022
44.454 0.024
44.602 0.022
45.05 0.026
45.146 0.024
45.248 0.034
45.332 0.024
45.422 0.022
45.564 0.022
45.672 0.024
45.772 0.036
45.922 0.03
46.306 0.028
46.724 0.026
47.078 0.024
47.214 0.03
47.362 0.026
47.474 0.03
47.618 0.034
47.702 0.028
48.064 0.02
48.226 0.022
48.318 0.026
48.498 0.028
48.592 0.024
48.704 0.024
48.79 0.016
49.008 0.028
49.412 0.026
49.564 0.024
49.994 0.02
50.228 0.02
50.6 0.032
50.682 0.022
50.774 0.022
50.986 0.016
51.132 0.022
51.51 0.026
51.612 0.03
51.704 0.026
51.866 0.024
52.084 0.028
52.452 0.028
52.546 0.026
52.892 0.018
52.988 0.026
53.078 0.018
53.168 0.024
53.58 0.032
53.726 0.03
53.882 0.028
53.968 0.03
54.112 0.028
54.538 0.026
54.632 0.022
54.73 0.024
54.838 0.022
54.944 0.03
55.03 0.022
55.18 0.028
55.258 0.014
55.372 0.026
55.646 0.034
55.788 0.03
56.194 0.03
56.288 0.026
56.434 0.026
56.584 0.03
56.67 0.024
56.752 0.022
56.846 0.028
56.988 0.022
57.086 0.024
57.18 0.03
57.418 0.028
57.628 0.028
57.76 0.016
58.126 0.024
58.26 0.022
58.352 0.028
58.492 0.028
58.892 0.028
58.976 0.026
59.12 0.022
59.272 0.026
59.484 0.03
59.694 0.022
60.056 0.024
60.262 0.022
60.412 0.028
60.49 0.02
60.844 0.02
60.93 0.026
61.064 0.02
61.442 0.028
61.574 0.022
61.704 0.02
61.934 0.028
62.016 0.028
62.088 0.018
62.22 0.01
62.586 0.012
62.69 0.026
63.092 0.028
63.23 0.026
63.298 0.022
63.434 0.026
63.51 0.024
63.586 0.022
63.656 0.018
63.784 0.022
63.926 0.02
64.134 0.022
64.528 0.022
64.61 0.028
64.69 0.028
64.76 0.022
64.846 0.028
64.982 0.026
65.204 0.022
65.598 0.026
65.672 0.018
65.796 0.02
65.876 0.016
65.964 0.026
66.086 0.016
66.152 0.02
66.518 0.026
66.92 0.02
67.018 0.026
67.17 0.026
67.244 0.02
67.39 0.026
67.612 0.028
67.988 0.024
68.068 0.026
68.428 0.028
68.496 0.022
68.578 0.024
69.002 0.028
69.164 0.028
69.512 0.02
69.886 0.028
69.952 0.018
70.18 0.024
70.554 0.01
70.94 0.024
71.04 0.026
71.176 0.024
71.316 0.026
71.448 0.026
71.518 0.02
71.766 0.024
72.188 0.016
72.258 0.018
72.356 0.026
72.45 0.03
72.592 0.02
72.866 0.03
72.944 0.028
73.152 0.022
73.376 0.028
73.57 0.022
73.704 0.018
73.836 0.028
73.95 0.014
74.028 0.028
74.236 0.028
74.384 0.026
74.526 0.026
74.902 0.026
74.984 0.026
75.062 0.02
75.436 0.028
75.788 0.026
75.914 0.026
76.296 0.028
76.428 0.028
76.564 0.026
76.92 0.024
77.01 0.028
77.15 0.024
77.224 0.028
77.48 0.026
77.566 0.018
77.648 0.028
77.728 0.026
77.812 0.018
77.988 0.028
78.24 0.022
78.316 0.02
78.552 0.026
78.774 0.024
78.992 0.028
79.082 0.026
79.436 0.02
79.518 0.026
79.866 0.018
79.952 0.026
80.182 0.026
80.388 0.028
80.76 0.02
80.832 0.022
81.192 0.026
81.558 0.022
81.922 0.022
82.294 0.028
82.434 0.028
82.806 0.028
82.944 0.026
83.014 0.026
83.164 0.024
83.252 0.018
83.408 0.028
83.544 0.008
83.636 0.02
84.008 0.026
84.09 0.024
84.18 0.022
84.542 0.022
84.786 0.03
84.99 0.026
85.114 0.022
85.192 0.028
85.27 0.026
85.358 0.022
85.45 0.028
85.804 0.024
85.906 0.032
86.062 0.026
86.51 0.026
86.89 0.024
87.114 0.022
87.196 0.026
87.272 0.022
87.412 0.024
87.48 0.016
87.622 0.026
88.034 0.03
88.402 0.022
88.78 0.024
88.922 0.026
89.302 0.022
89.382 0.024
89.586 0.022
89.738 0.026
89.812 0.028
89.894 0.028
90.26 0.02
90.344 0.022
90.482 0.024
90.686 0.026
90.746 0.014
90.89 0.028
91.094 0.026
91.176 0.028
91.532 0.028
91.66 0.016
91.752 0.028
91.84 0.026
91.974 0.026
92.056 0.026
92.272 0.026
92.608 0.028
92.744 0.026
92.952 0.018
93.018 0.022
93.132 0.022
93.194 0.026
93.316 0.026
93.37 0.016
93.596 0.02
93.66 0.024
93.792 0.018
93.852 0.018
93.898 0.012
94.14 0.024
94.252 0.018
94.626 0.018
94.938 0.018
95 0.026
95.194 0.016
95.258 0.026
95.312 0.022
95.368 0.018
95.514 0.024
95.58 0.02
95.646 0.022
95.708 0.024
95.882 0.022
95.946 0.02
96.008 0.02
96.188 0.022
96.244 0.018
96.448 0.024
96.512 0.026
96.864 0.022
97.104 0.022
97.296 0.024
97.356 0.014
97.486 0.024
97.544 0.014
97.672 0.026
98.038 0.024
98.108 0.024
98.174 0.018
98.574 0.024
98.69 0.018
98.75 0.024
98.812 0.022
98.878 0.028
98.982 0.022
99.168 0.012
99.284 0.022
99.462 0.024
99.518 0.024
99.572 0.022
99.628 0.018
99.694 0.024
99.754 0.024
99.814 0.022
99.876 0.014
100.256 0.022
100.314 0.022
100.498 0.024
100.554 0.022
100.604 0.018
100.792 0.026
100.994 0.022
101.172 0.02
101.508 0.022
101.562 0.014
101.67 0.02
102.004 0.024
102.126 0.02
102.184 0.022
102.386 0.024
102.704 0.024
102.766 0.016
102.912 0.022
103.312 0.02
103.65 0.02
103.996 0.022
104.066 0.024
104.124 0.018
104.306 0.02
104.376 0.022
104.6 0.024
104.658 0.022
104.764 0.024
105.14 0.022
105.334 0.012
105.444 0.018
105.772 0.018
105.986 0.022
106.34 0.014
106.402 0.022
106.572 0.02
106.918 0.02
106.982 0.026
107.346 0.022
107.398 0.024
107.736 0.02
107.85 0.022
107.966 0.022
108.15 0.022
108.484 0.024
108.598 0.02
108.654 0.026
108.986 0.026
109.182 0.024
109.282 0.018
109.456 0.014
109.514 0.024
109.7 0.018
109.814 0.024
110.016 0.014
110.138 0.016
110.312 0.02
110.38 0.024
110.496 0.024
110.554 0.022
110.614 0.024
110.674 0.024
110.732 0.024
110.844 0.02
110.9 0.02
110.97 0.032
111.066 0.016
111.128 0.028
111.176 0.018
111.234 0.024
111.286 0.016
111.48 0.024
111.518 0.01
111.884 0.018
111.944 0.022
112 0.022
112.17 0.024
112.224 0.024
112.572 0.02
112.63 0.022
112.738 0.018
113.048 0.022
113.374 0.022
113.734 0.016
114.06 0.014
114.11 0.014
114.18 0.022
114.316 0.02
114.372 0.024
114.418 0.018
114.646 0.022
114.752 0.022
114.916 0.008
114.974 0.022
115.03 0.022
115.224 0.02
115.282 0.02
115.344 0.024
115.448 0.022
115.632 0.022
115.688 0.022
115.746 0.018
115.864 0.022
115.91 0.016
115.968 0.022
116.024 0.024
116.082 0.022
116.118 0.004
116.176 0.016
116.564 0.018
116.632 0.018
116.696 0.02
116.748 0.018
116.922 0.02
117.252 0.024
117.304 0.02
117.488 0.022
117.55 0.024
117.864 0.024
