60.538 59.622 0.916 0.002 1
61.49 0.944 0.924 0.004 1
62.396 0.924 0.906 0.002 1
63.368 0.936 0.942 0.004 1
64.074 0.942 0.706 0.002 1
64.796 0.738 0.69 0.01 5
65.48 0.726 0.648 0.004 2
66.174 0.648 0.694 0.006 2
66.948 0.726 0.742 0.004 2
67.67 0.742 0.722 0.006 2
68.478 0.756 0.774 0.006 2
69.238 0.774 0.76 0.006 2
70.074 0.806 0.79 0.004 2
70.886 0.79 0.812 0.004 2
71.726 0.85 0.802 0.006 3
72.54 0.802 0.814 0.01 3
73.38 0.854 0.8 0.004 2
74.282 0.852 0.85 0.004 2
75.08 0.85 0.798 0.006 2
75.95 0.848 0.82 0.006 2
76.778 0.82 0.828 0.006 2
77.644 0.87 0.824 0.006 2
78.482 0.824 0.838 0.008 2
79.366 0.878 0.844 0.006 2
80.19 0.844 0.824 0.006 2
81.094 0.86 0.868 0.008 3
81.93 0.868 0.836 0.008 3
82.77 0.866 0.81 0.002 3
83.58 0.81 0.81 0.008 3
84.424 0.848 0.806 0.006 3
85.24 0.806 0.816 0.01 3
86.074 0.868 0.782 0.008 3
86.836 0.782 0.762 0.006 3
87.644 0.806 0.764 0.004 2
88.43 0.764 0.786 0.006 2
89.252 0.828 0.78 0.01 2
90.056 0.834 0.75 0.006 2
90.832 0.75 0.776 0.004 2
91.676 0.816 0.804 0.004 2
92.45 0.804 0.774 0.004 2
93.214 0.806 0.732 0.002 2
93.944 0.732 0.73 0.008 2
94.732 0.766 0.752 0.006 2
95.516 0.752 0.784 0.006 2
96.298 0.824 0.742 0.004 2
97.04 0.742 0.742 0.004 2
97.814 0.794 0.722 0.004 2
98.578 0.726 0.76 0.004 2
99.358 0.806 0.734 0.002 2
100.136 0.734 0.778 0.01 5
100.946 0.816 0.772 0.012 5
101.738 0.804 0.76 0.01 5
102.478 0.76 0.74 0.012 5
103.294 0.79 0.766 0.012 5
104.048 0.766 0.754 0.01 5
104.824 0.81 0.72 0.012 5
105.564 0.72 0.74 0.01 5
106.346 0.784 0.738 0.014 6
107.07 0.738 0.724 0.012 6
107.85 0.778 0.726 0.004 3
108.582 0.726 0.732 0.008 3
109.368 0.774 0.744 0.012 5
110.176 0.794 0.758 0.01 5
110.986 0.812 0.756 0.01 4
111.762 0.796 0.736 0.008 4
112.498 0.736 0.736 0.012 4
113.296 0.776 0.758 0.01 4
114.034 0.758 0.738 0.006 3
114.812 0.774 0.742 0.008 3
115.578 0.792 0.716 0.008 3
116.308 0.716 0.73 0.004 3
117.13 0.774 0.778 0.008 3
117.936 0.778 0.806 0.008 3
118.754 0.858 0.766 0.008 3
119.506 0.766 0.752 0.008 3
120.3 0.8 0.746 0.01 4
121.008 0.746 0.708 0.006 4
121.75 0.75 0.7 0.01 4
122.56 0.754 0.756 0.01 4
123.29 0.756 0.73 0.008 4
124.058 0.76 0.738 0.006 4
124.78 0.738 0.722 0.006 3
125.536 0.764 0.714 0.01 3
126.26 0.714 0.724 0.008 4
127.03 0.774 0.72 0.006 4
127.774 0.72 0.744 0.006 3
128.536 0.778 0.728 0.006 3
129.292 0.778 0.706 0.006 4
130.01 0.706 0.718 0.01 4
130.774 0.77 0.712 0.008 4
131.536 0.712 0.762 0.006 4
132.292 0.802 0.716 0.006 3
132.986 0.716 0.694 0.006 3
133.72 0.74 0.688 0.008 3
134.436 0.734 0.67 0.006 3
135.128 0.67 0.692 0.006 4
135.868 0.748 0.684 0.008 4
136.556 0.684 0.688 0.006 3
137.276 0.732 0.676 0.006 3
137.978 0.676 0.702 0.012 5
138.714 0.754 0.684 0.01 5
139.368 0.684 0.654 0.004 2
140.078 0.694 0.67 0.006 2
140.728 0.67 0.65 0.006 3
141.43 0.694 0.658 0.006 3
142.128 0.7 0.656 0.006 3
142.774 0.656 0.646 0.008 3
143.524 0.704 0.692 0.004 2
144.184 0.692 0.66 0.006 2
144.878 0.702 0.652 0.006 4
145.538 0.652 0.66 0.006 4
146.23 0.714 0.638 0.004 2
146.906 0.638 0.676 0.006 2
147.63 0.728 0.672 0.002 2
148.318 0.672 0.688 0 2
149.04 0.732 0.678 0.006 2
149.73 0.68 0.688 0.006 4
150.508 0.736 0.73 0.006 4
151.206 0.73 0.698 0.004 2
151.944 0.752 0.684 0.004 2
152.632 0.684 0.688 0 2
153.37 0.734 0.692 0.004 2
154.052 0.692 0.682 0.004 2
154.782 0.728 0.684 0.002 2
155.492 0.684 0.71 0.006 2
156.256 0.744 0.73 0.006 2
156.97 0.73 0.714 0.004 2
157.734 0.754 0.724 0.004 2
158.432 0.724 0.698 0.004 2
159.174 0.748 0.692 0.004 2
159.866 0.692 0.692 0.004 2
160.612 0.744 0.694 0.002 2
161.33 0.696 0.716 0.002 2
162.1 0.78 0.706 0.004 2
162.828 0.706 0.728 0.002 2
163.61 0.778 0.732 0.004 2
164.304 0.732 0.694 0.004 2
165.056 0.744 0.702 0.004 2
165.804 0.702 0.748 0.004 2
166.612 0.796 0.76 0.004 2
167.404 0.826 0.726 0.004 3
168.134 0.726 0.73 0.006 3
168.934 0.788 0.742 0.004 2
169.65 0.742 0.716 0.002 2
170.348 0.716 0.698 0.002 2
171.134 0.76 0.724 0.006 3
171.862 0.724 0.728 0.006 3
172.646 0.794 0.718 0.008 5
173.432 0.784 0.72 0.01 5
174.176 0.72 0.744 0.004 2
174.986 0.798 0.756 0.004 2
175.736 0.756 0.75 0.004 3
176.544 0.816 0.742 0.006 3
177.288 0.742 0.744 0.004 2
178.068 0.8 0.724 0.004 2
178.836 0.724 0.768 0 2
179.664 0.834 0.762 0.004 2
180.382 0.762 0.718 0.004 3
181.17 0.772 0.734 0.008 3
181.856 0.736 0.684 0.004 2
182.614 0.742 0.7 0.002 2
183.448 0.77 0.764 0.002 3
184.182 0.764 0.734 0.006 3
184.968 0.79 0.73 0.006 3
185.724 0.73 0.756 0.008 3
186.542 0.826 0.748 0.006 3
187.346 0.818 0.734 0.004 3
188.048 0.734 0.702 0.006 3
188.828 0.758 0.724 0.002 3
189.558 0.724 0.73 0.006 3
190.318 0.782 0.708 0.004 3
191.124 0.774 0.74 0.006 3
191.796 0.74 0.672 0.004 2
192.562 0.726 0.712 0.004 2
193.27 0.712 0.708 0.002 2
194.086 0.77 0.754 0.004 2
194.828 0.754 0.742 0.004 2
195.61 0.792 0.732 0.004 2
196.382 0.732 0.772 0.004 2
197.208 0.826 0.772 0.004 2
197.946 0.772 0.738 0.004 2
198.738 0.8 0.73 0.006 2
199.476 0.732 0.736 0.004 2
200.28 0.8 0.74 0 2
201.058 0.74 0.778 0.006 2
201.908 0.856 0.772 0.002 2
202.67 0.772 0.762 0.004 2
203.482 0.832 0.742 0.006 2
204.262 0.742 0.78 0.004 2
205.1 0.844 0.774 0.006 2
205.87 0.776 0.768 0.004 2
206.684 0.826 0.756 0.004 2
207.458 0.756 0.774 0.006 2
208.298 0.842 0.772 0.004 2
209.068 0.772 0.77 0.004 2
209.882 0.828 0.756 0.006 2
210.6 0.756 0.718 0.004 2
211.364 0.766 0.716 0.004 2
212.128 0.716 0.764 0.008 3
212.95 0.826 0.76 0.004 3
213.752 0.76 0.802 0.006 2
214.588 0.868 0.77 0.006 2
215.424 0.77 0.836 0.004 3
216.3 0.888 0.824 0.004 3
217.114 0.826 0.812 0.004 2
217.992 0.874 0.816 0.002 2
218.842 0.816 0.85 0.006 2
219.732 0.906 0.834 0.004 2
220.584 0.834 0.852 0.004 2
221.476 0.91 0.834 0.004 2
222.282 0.834 0.806 0.006 2
223.19 0.874 0.84 0.004 2
224.02 0.84 0.83 0.004 2
224.886 0.892 0.804 0.004 2
225.628 0.804 0.742 0.004 2
226.532 0.81 0.836 0.002 2
227.364 0.836 0.832 0.004 2
228.222 0.886 0.804 0.006 3
229.062 0.804 0.84 0.004 3
229.964 0.91 0.832 0.004 2
230.752 0.832 0.788 0.004 2
231.654 0.844 0.846 0.002 2
232.51 0.846 0.856 0.006 2
233.442 0.912 0.876 0 2
234.308 0.876 0.866 0.004 2
235.254 0.926 0.886 0.004 2
236.1 0.886 0.846 0.004 2
237.05 0.922 0.874 0.004 2
237.88 0.874 0.83 0.006 2
238.81 0.888 0.872 0.006 2
239.708 0.872 0.898 0.006 2
240.628 0.972 0.846 0.004 2
241.496 0.846 0.868 0.002 2
242.348 0.928 0.792 0.002 3
243.21 0.792 0.862 0.008 3
244.128 0.926 0.854 0.006 2
245.008 0.854 0.88 0.004 2
245.904 0.94 0.836 0.006 3
246.792 0.836 0.888 0.006 3
247.728 0.966 0.858 0.004 2
248.576 0.858 0.848 0.004 2
249.48 0.902 0.85 0.004 2
250.336 0.85 0.856 0.006 2
251.22 0.922 0.818 0.004 2
252.056 0.818 0.836 0.004 2
252.948 0.898 0.83 0.002 2
253.778 0.83 0.83 0.004 2
254.75 0.898 0.904 0.01 2
255.664 0.904 0.914 0.004 2
256.586 0.972 0.864 0.002 2
257.484 0.864 0.898 0.004 2
258.438 0.964 0.888 0.008 2
259.316 0.888 0.878 0.004 2
260.206 0.93 0.838 0 2
261.124 0.916 0.84 0.004 2
262.014 0.84 0.89 0.006 2
262.986 0.952 0.91 0.004 2
263.844 0.91 0.858 0.004 2
264.76 0.924 0.85 0.004 2
265.596 0.85 0.836 0.004 2
266.496 0.896 0.84 0.004 2
267.432 0.914 0.862 0.004 2
268.274 0.862 0.842 0.006 2
269.204 0.916 0.856 0.006 2
270.064 0.856 0.86 0.004 2
271 0.926 0.87 0.002 2
271.852 0.87 0.852 0.004 2
272.802 0.914 0.888 0.004 2
273.69 0.888 0.888 0.004 2
274.61 0.944 0.864 0.006 3
275.472 0.864 0.862 0.006 3
276.416 0.932 0.874 0.004 4
277.296 0.874 0.88 0.006 4
278.194 0.94 0.838 0.004 2
279.044 0.838 0.85 0.004 2
279.978 0.928 0.856 0.006 3
280.834 0.856 0.856 0.004 3
281.734 0.92 0.836 0.004 2
282.59 0.836 0.856 0.006 2
283.492 0.918 0.84 0.004 2
284.304 0.84 0.812 0.006 2
285.274 0.896 0.886 0.006 2
286.13 0.886 0.856 0.002 2
287.066 0.934 0.858 0.006 2
287.94 0.916 0.816 0.006 4
288.764 0.816 0.824 0.008 4
289.688 0.89 0.858 0.006 2
290.616 0.93 0.856 0.006 2
291.486 0.856 0.87 0.006 2
291.976 0.952 0.408 0.006 2
