29.426 29.31 0.002 1
29.536 0.116 0.002 1
29.642 29.42 0.002 1
29.748 0.222 0.002 1
29.85 29.526 0 1
29.958 0.324 0.002 1
30.064 29.634 0 1
30.192 0.456 0.002 1
30.3 29.736 0.004 1
30.402 0.564 0.002 1
30.524 29.856 0.002 1
30.628 0.668 0.002 1
30.744 29.96 0.004 1
30.89 0.814 0 1
31.008 30.076 0.002 1
31.138 0.958 0 1
31.27 30.18 0.004 1
31.404 1.108 0.006 1
31.542 30.31 0 1
31.666 1.232 0.002 1
31.79 30.434 0.002 1
31.908 1.356 0 1
32.034 30.552 0.002 1
32.154 1.482 0 1
32.296 30.692 0.002 1
32.404 1.604 0.002 1
32.518 30.8 0 1
32.648 1.738 0 1
32.756 30.91 0.002 1
32.866 1.846 0.002 1
32.996 31.044 0.004 1
33.102 1.952 0.002 1
33.204 31.15 0.002 1
33.306 2.054 0.002 1
33.412 31.252 0.002 1
33.526 2.16 0.002 1
33.638 31.366 0.002 1
33.754 2.272 0.002 1
33.884 31.506 0.002 1
33.998 2.38 0 1
34.112 31.618 0.002 1
34.268 2.526 0.008 3
34.404 31.746 0.012 3
34.55 2.658 0.012 3
34.71 31.924 0.01 3
34.844 2.786 0.008 3
35.008 32.098 0.01 3
35.128 2.91 0.008 3
35.252 32.218 0.008 3
35.424 3.07 0.004 3
35.554 32.354 0.014 4
35.686 3.2 0.016 4
35.808 32.486 0.014 4
35.946 3.322 0.016 4
36.066 32.624 0.014 4
36.19 3.442 0.01 4
36.364 32.78 0.014 3
36.502 3.584 0.014 3
36.644 32.918 0.012 3
36.806 3.76 0.012 2
36.934 33.046 0.012 2
37.078 3.888 0.014 2
37.252 33.228 0.012 2
37.4 4.024 0.02 4
37.55 33.376 0.02 4
37.744 4.22 0.014 2
37.882 33.524 0.012 2
38.048 4.394 0.012 2
38.208 33.654 0.03 5
38.352 4.554 0.026 5
38.556 33.848 0.028 5
38.702 4.708 0.02 4
38.842 33.994 0.02 4
39.022 4.886 0.016 4
39.158 34.136 0.01 2
39.274 5.022 0.004 2
39.398 34.252 0.008 2
39.574 5.19 0.008 2
39.712 34.384 0.012 2
39.846 5.328 0.006 2
40.038 34.564 0.01 2
40.188 5.474 0.014 4
40.328 34.714 0.018 4
40.478 5.614 0.018 4
40.624 34.864 0.024 4
40.77 5.76 0.018 4
40.922 35.01 0.02 4
41.114 5.952 0.02 4
41.266 35.162 0.014 3
41.42 6.104 0.016 3
41.63 35.37 0.02 4
41.782 6.26 0.026 4
41.962 35.556 0.022 4
42.116 6.406 0.022 4
42.252 35.71 0.016 4
42.416 6.542 0.028 4
42.604 35.92 0.012 3
42.714 6.684 0.008 3
42.854 36.03 0.016 3
43.05 6.878 0.018 3
43.204 36.172 0.028 4
43.354 7.032 0.026 4
43.504 36.322 0.022 4
43.72 7.24 0.024 4
43.858 36.48 0.016 3
43.994 7.378 0.018 3
44.116 36.616 0.016 3
44.25 7.5 0.014 3
44.376 36.75 0.016 3
44.494 7.626 0.012 3
44.634 36.87 0.018 3
44.774 7.764 0.016 3
44.948 37.05 0.02 3
45.074 7.9 0.01 2
45.196 37.174 0.012 2
45.38 8.072 0.012 2
45.52 37.308 0.016 3
45.66 8.212 0.018 3
45.798 37.448 0.014 3
45.986 8.396 0.014 3
46.128 37.59 0.018 3
46.242 8.538 0.014 3
46.382 37.704 0.012 3
46.564 8.726 0.006 2
46.7 37.838 0.012 2
46.83 8.862 0.01 2
47.036 38.024 0.012 2
47.184 9.012 0.016 3
47.322 38.172 0.01 3
47.464 9.15 0.016 3
47.64 38.358 0.016 3
47.772 9.282 0.012 2
47.896 38.49 0.01 2
48.074 9.456 0.014 2
48.214 38.618 0.012 2
48.35 9.596 0.012 2
48.486 38.754 0.01 2
48.662 9.778 0.01 2
48.782 38.884 0.01 2
48.932 9.898 0.016 2
49.064 39.034 0.012 2
49.264 10.086 0.008 2
49.406 39.178 0.01 2
49.544 10.228 0.01 2
49.662 39.316 0.01 2
49.798 10.346 0.01 2
49.94 39.452 0.01 2
50.072 10.488 0.01 2
50.21 39.584 0.01 2
50.378 10.676 0.008 2
50.518 39.702 0.012 2
50.652 10.816 0.01 2
50.842 39.88 0.012 2
50.964 10.962 0.008 2
51.086 40.002 0.01 2
51.23 11.084 0.012 2
51.424 40.184 0.022 3
51.562 11.24 0.02 3
51.696 40.322 0.012 3
51.884 11.422 0.01 3
51.996 40.462 0.008 2
52.098 11.534 0.006 2
52.2 40.564 0.004 2
52.306 11.636 0.004 2
52.458 40.722 0.006 2
52.556 11.736 0.008 2
52.636 40.82 0.002 2
52.71 11.816 0.008 2
52.804 40.894 0.008 2
52.888 11.91 0.008 2
52.988 40.978 0.01 2
53.068 12.01 0.008 2
53.168 41.058 0.008 2
53.256 12.11 0.004 2
53.354 41.146 0.012 2
53.452 12.208 0.012 2
53.594 41.292 0.008 2
53.7 12.302 0.008 2
53.792 41.398 0.006 2
53.906 12.394 0.01 2
54 41.512 0.006 2
54.108 12.488 0.008 2
54.204 41.62 0.006 2
54.314 12.584 0.008 2
54.426 41.73 0.008 2
54.538 12.696 0.008 2
54.616 41.842 0.004 2
54.758 12.812 0.008 2
54.886 41.946 0.012 2
55.02 12.94 0.012 2
55.154 42.08 0.014 2
55.352 13.13 0.014 2
55.51 42.222 0.016 2
55.648 13.288 0.014 2
55.782 42.36 0.016 2
55.948 13.47 0.008 2
56.092 42.478 0.016 2
56.234 13.614 0.012 2
56.418 42.672 0.012 2
56.514 13.746 0.002 2
56.614 42.768 0.006 2
56.72 13.846 0.006 2
56.864 42.922 0.006 2
56.99 13.942 0.012 2
57.118 43.048 0.016 2
57.246 14.07 0.01 2
57.402 43.222 0.01 2
57.51 14.18 0.008 2
57.612 43.33 0.008 2
57.722 14.282 0.002 2
57.876 43.496 0.008 2
58.014 14.38 0.012 2
58.138 43.634 0.006 2
58.288 14.504 0.018 2
58.476 43.834 0.014 2
58.574 14.642 0.006 2
58.65 43.932 0.008 2
58.756 14.718 0.01 2
58.9 44.078 0.018 2
59.004 14.822 0.014 2
59.11 44.182 0 2
59.204 14.928 0.006 2
59.364 44.32 0.004 2
59.47 15.044 0.006 2
59.584 44.426 0.008 2
59.696 15.158 0.006 2
59.788 44.538 0.006 2
59.894 15.25 0.004 2
60.056 44.7 0.006 2
60.164 15.356 0.01 2
60.266 44.808 0.006 2
60.37 15.458 0.008 2
60.524 44.964 0.006 2
60.61 15.56 0.002 2
60.716 45.05 0.002 2
60.83 15.666 0.004 2
60.93 45.164 0 2
61.084 15.816 0.008 2
61.186 45.268 0.01 2
61.286 15.918 0.008 2
61.384 45.368 0.008 2
61.468 16.016 0.008 2
61.614 45.496 0.008 2
61.712 16.118 0.008 2
61.804 45.594 0.008 2
61.906 16.21 0.006 2
62.004 45.696 0.008 2
62.09 16.308 0.006 2
62.262 45.838 0.012 2
62.36 16.424 0.01 2
62.46 45.936 0.008 2
62.552 16.524 0.006 2
62.636 46.028 0.008 2
62.786 16.668 0.012 2
62.884 46.118 0.008 2
62.984 16.766 0.01 2
63.1 46.218 0.01 2
63.194 16.882 0.006 2
63.292 46.312 0.006 2
63.392 16.98 0.006 2
63.496 46.412 0.006 2
63.586 17.084 0.01 2
63.68 46.502 0.008 2
63.832 17.228 0.008 2
63.936 46.604 0.008 2
64.03 17.332 0.006 2
64.136 46.698 0.008 2
64.228 17.438 0.008 2
64.336 46.79 0.008 2
64.44 17.546 0.01 2
64.542 46.894 0.006 2
64.654 17.648 0.008 2
64.814 47.06 0.008 2
64.924 17.754 0.006 2
65.026 47.17 0.008 2
65.138 17.856 0.008 2
65.25 47.282 0.006 2
65.346 17.968 0.008 2
65.448 47.378 0.006 2
65.55 18.07 0.008 2
65.658 47.48 0.006 2
65.824 18.23 0.008 2
65.934 47.594 0.002 2
66.046 18.34 0.008 2
66.154 47.706 0.008 2
66.274 18.448 0.008 2
66.396 47.826 0.01 2
66.518 18.57 0.01 2
66.638 47.948 0.01 2
66.8 18.726 0.008 2
66.934 48.074 0.004 2
67.074 18.86 0.01 2
67.202 48.214 0.012 2
67.382 19.034 0.006 2
67.468 48.348 0.004 2
67.586 19.12 0.01 2
67.7 48.466 0.012 2
67.862 19.272 0.01 2
68.022 48.59 0.008 2
68.168 19.432 0.012 2
68.31 48.736 0.01 2
68.466 19.574 0.01 2
68.612 48.892 0.012 2
68.722 19.72 0.004 2
68.856 49.002 0.006 2
69.038 19.89 0.01 2
69.188 49.148 0.01 2
69.33 20.04 0.01 2
69.474 49.29 0.006 2
69.604 20.184 0.01 2
69.732 49.42 0.014 2
69.892 20.312 0.012 2
70.092 49.628 0.014 2
70.22 20.464 0.01 2
70.344 49.756 0.006 2
70.454 20.588 0.01 2
70.636 49.922 0.012 2
70.796 20.714 0.01 2
70.948 50.082 0.008 2
71.096 20.866 0.012 2
71.33 50.296 0.012 2
71.456 21.034 0.008 2
71.576 50.422 0.008 2
71.694 21.154 0.004 2
71.812 50.54 0.006 2
71.98 21.328 0.006 2
72.102 50.652 0.006 2
72.242 21.45 0.004 2
72.376 50.792 0.01 2
72.52 21.584 0.008 2
72.714 50.986 0.008 2
72.878 21.728 0.008 2
73.038 51.15 0.008 2
73.188 21.888 0.008 2
73.402 51.362 0.008 2
73.584 22.04 0.004 2
73.748 51.544 0.006 2
73.94 22.204 0.008 2
74.186 51.808 0.008 2
74.358 22.378 0.008 2
74.548 51.98 0.006 2
74.806 22.632 0.004 2
75.014 52.174 0.006 2
75.236 22.84 0.01 2
75.45 52.396 0.01 2
75.688 23.118 0.006 2
75.866 52.57 0.008 2
76.05 23.296 0.008 2
76.322 52.818 0.006 2
76.518 23.504 0.006 2
76.754 53.014 0.01 2
77 23.818 0.006 2
77.162 53.182 0.006 2
77.336 23.98 0.006 2
77.508 53.356 0.006 2
77.674 24.152 0.006 2
77.872 53.522 0.01 2
78.124 24.43 0.002 2
78.32 53.694 0.008 2
78.53 24.626 0 2
78.718 53.904 0.002 2
78.964 24.872 0.006 2
79.162 54.092 0.002 2
79.38 25.07 0.01 2
79.658 54.384 0.008 2
79.852 25.274 0.008 2
80.062 54.578 0.014 2
80.358 25.558 0.008 2
80.61 54.8 0.008 2
80.846 25.81 0.008 2
81.176 55.104 0.008 2
81.39 26.072 0.006 2
81.592 55.318 0.008 2
81.81 26.274 0.006 2
82.106 55.614 0.008 2
82.362 26.492 0.008 2
82.63 55.87 0.01 2
82.942 26.822 0.006 2
83.158 56.12 0.008 2
83.372 27.038 0.008 2
83.662 56.41 0.006 2
83.932 27.252 0.01 2
84.192 56.68 0.01 2
84.516 27.592 0.004 2
84.776 56.924 0.008 2
85.042 27.852 0.006 2
85.406 57.272 0.008 2
85.676 28.134 0.01 2
86.032 57.612 0.008 2
86.274 28.42 0.008 2
86.57 57.854 0.01 2
86.92 28.776 0.004 2
87.23 58.144 0.01 2
87.598 29.162 0.008 2
87.886 58.436 0.004 2
88.15 29.45 0.002 2
88.416 58.7 0.008 2
88.738 29.784 0.01 2
89.026 58.954 0.006 2
89.37 30.142 0.008 2
89.624 59.228 0.01 2
89.926 30.396 0.004 2
90.302 59.614 0.006 2
90.604 30.688 0.012 2
90.96 59.98 0.004 2
91.278 30.98 0.018 2
91.59 60.298 0.01 2
91.978 31.372 0.01 2
92.28 60.606 0.008 2
92.608 31.674 0.012 2
93.028 61.012 0.006 2
93.4 32.016 0.004 2
93.812 61.462 0.004 2
94.208 32.35 0.008 2
94.658 61.944 0 2
94.994 32.714 0.008 2
95.426 62.356 0.008 2
95.76 33.07 0.006 2
96.096 62.69 0.004 2
96.43 33.406 0.01 2
96.826 63.108 0.004 2
97.19 33.718 0 2
97.662 63.566 0.008 2
98.036 34.098 0.008 2
98.416 63.938 0.008 2
98.868 34.56 0.004 2
99.24 64.308 0.004 2
99.68 35.008 0.008 2
100.016 64.672 0.01 3
100.382 35.344 0.01 3
100.844 65.13 0.018 2
101.202 35.714 0.006 2
101.656 65.58 0.006 2
101.986 36.076 0.002 2
102.432 66.01 0 2
102.774 36.424 0.018 6
103.13 66.35 0.016 6
103.538 36.864 0.006 2
103.89 66.674 0.008 2
104.186 37.216 0.002 2
104.532 66.97 0.006 2
104.988 37.64 0.018 6
105.358 67.348 0.018 6
105.782 38.082 0.01 4
106.138 67.7 0.01 4
106.468 38.438 0.012 4
106.904 68.12 0.006 4
107.256 38.784 0.008 2
107.588 68.472 0.008 2
107.944 39.216 0.008 3
108.198 68.728 0.01 3
108.424 39.47 0.01 3
108.668 68.954 0.006 3
108.998 39.806 0.01 3
109.108 69.192 0.006 2
109.206 39.916 0.002 2
109.302 69.29 0.006 2
109.396 40.012 0.008 2
109.496 69.384 0.006 2
109.592 40.112 0.006 2
109.664 69.48 0.006 2
109.872 40.296 0.006 2
110.034 69.576 0.002 2
110.2 40.46 0.006 2
110.372 69.74 0.002 2
110.518 40.632 0.002 2
110.688 69.886 0.006 2
110.852 40.802 0.002 2
111.112 70.148 0.004 2
111.3 40.964 0.008 2
111.492 70.336 0.008 2
111.688 41.156 0 2
111.878 70.532 0.006 2
112.088 41.346 0.008 2
112.414 70.866 0.006 2
112.622 41.548 0.004 2
112.828 71.074 0.004 2
113.044 41.754 0.01 2
113.256 71.29 0.01 2
113.596 42.08 0.008 2
113.81 71.516 0.006 2
114.01 42.294 0.002 2
114.226 71.716 0.006 2
114.434 42.51 0.004 2
114.654 71.924 0.008 2
114.86 42.73 0.008 2
115.094 72.13 0.008 2
115.426 43.076 0.008 2
115.796 72.35 0.014 3
116.154 43.446 0.014 3
116.534 72.708 0.016 3
116.854 43.938 0.014 3
117.066 72.916 0.012 3
117.296 44.15 0.01 3
117.648 73.268 0.014 3
117.828 44.38 0.014 3
118.014 73.448 0.012 3
118.178 44.566 0.012 3
118.362 73.612 0.012 3
118.578 44.75 0.016 3
118.894 73.958 0.012 3
119.224 44.936 0.004 1
119.534 74.288 0.004 1
119.882 45.246 0.004 1
120.338 74.756 0.006 1
120.678 45.582 0.006 1
121.014 75.096 0.006 1
121.37 45.918 0.004 1
121.822 75.582 0.006 1
122.14 46.24 0.004 1
122.438 75.9 0.002 1
122.808 46.538 0.006 1
123.28 76.402 0.004 1
123.614 46.878 0.006 1
123.966 76.738 0.004 1
124.32 47.23 0.006 1
124.8 77.236 0 1
125.16 47.564 0.006 1
125.504 77.596 0.006 1
125.966 48.052 0.004 1
126.314 77.914 0.006 1
126.66 48.4 0.006 1
126.992 78.26 0.006 1
127.514 48.89 0.006 1
127.856 78.624 0.006 1
128.138 49.232 0 1
128.498 78.906 0.002 1
128.984 49.726 0.004 1
129.334 79.258 0.002 1
129.68 50.076 0.004 1
130.03 79.604 0.002 1
130.334 50.426 0.004 1
130.66 79.908 0.004 1
131.172 50.904 0.004 1
131.472 80.268 0.006 1
131.74 51.204 0.004 1
132.03 80.536 0.004 1
132.452 51.644 0.008 1
132.646 80.808 0.004 1
132.878 51.838 0.004 1
133.076 81.04 0.004 1
133.272 52.036 0 1
133.492 81.236 0.002 1
133.874 52.406 0.006 1
134.05 81.468 0.006 1
134.234 52.582 0.004 1
134.404 81.652 0.002 1
134.59 52.752 0.002 1
134.768 81.838 0.002 1
134.968 52.93 0 1
135.296 82.178 0.004 1
135.454 53.118 0.002 1
135.594 82.336 0.002 1
135.754 53.258 0.002 1
135.918 82.496 0.004 1
136.08 53.422 0.004 1
136.23 82.658 0.004 1
136.37 53.572 0.004 1
136.542 82.798 0.002 1
136.864 53.904 0.002 1
136.982 82.96 0.002 1
137.096 54.022 0.002 1
137.218 83.074 0.004 1
137.336 54.144 0.004 1
137.452 83.192 0.004 1
137.586 54.26 0 1
137.726 83.326 0.004 1
137.852 54.4 0.004 1
137.966 83.452 0.002 1
138.092 54.514 0 1
138.204 83.578 0.006 1
138.336 54.626 0 1
138.474 83.71 0.002 1
138.57 54.764 0.002 1
138.682 83.806 0.002 1
138.932 55 0.002 1
139.022 83.932 0.008 1
139.104 55.09 0.002 1
139.182 84.014 0.002 1
139.256 55.168 0.004 1
139.328 84.088 0.002 1
139.394 55.24 0 1
139.464 84.154 0.002 1
139.536 55.31 0.004 1
139.608 84.226 0.002 1
139.67 55.382 0 1
139.754 84.288 0 1
139.822 55.466 0.004 1
139.898 84.356 0.002 1
139.982 55.542 0.004 1
140.06 84.44 0 1
140.114 55.62 0.002 1
140.284 84.596 0.002 1
140.338 55.688 0 1
140.394 84.65 0.002 1
140.452 55.744 0.002 1
140.51 84.708 0 1
140.57 55.802 0.002 1
140.616 84.768 0.002 1
140.66 55.848 0.002 1
140.708 84.812 0 1
140.766 55.896 0.004 1
140.818 84.87 0.004 1
140.876 55.948 0 1
140.93 84.928 0.002 1
140.98 56.002 0.002 1
141.04 84.978 0.002 1
141.094 56.062 0.002 1
141.15 85.032 0.004 1
141.196 56.118 0.004 1
141.244 85.078 0 1
141.3 56.166 0.002 1
141.354 85.134 0.004 1
141.412 56.22 0.002 1
141.466 85.192 0.002 1
141.524 56.274 0.002 1
141.568 85.25 0.002 1
141.624 56.318 0.004 1
141.684 85.306 0.006 1
141.886 56.526 0.002 1
141.918 85.364 0.004 1
141.958 56.566 0.002 1
142.012 85.42 0.002 1
142.064 56.616 0.004 1
142.102 85.464 0 1
142.158 56.664 0.002 1
142.202 85.518 0.002 1
142.258 56.714 0.002 1
142.316 85.57 0.002 1
142.362 56.764 0 1
142.41 85.622 0 1
142.464 56.812 0.002 1
142.504 85.67 0.002 1
142.552 56.86 0.002 1
142.598 85.718 0 1
142.646 56.906 0.002 1
142.692 85.764 0 1
142.74 56.946 0.002 1
142.794 85.818 0 1
142.852 57.002 0.002 1
142.898 85.872 0 1
142.942 57.052 0 1
142.996 85.918 0.002 1
143.044 57.106 0.002 1
143.096 85.966 0.002 1
143.152 57.158 0.006 1
143.192 86.006 0.002 1
143.24 57.208 0 1
143.466 86.23 0.002 1
143.496 57.238 0.004 1
143.518 86.258 0.004 1
143.538 57.28 0 1
143.596 86.312 0 1
143.644 57.326 0 1
143.69 86.362 0.002 1
143.748 57.378 0.002 1
143.796 86.414 0.002 1
143.846 57.428 0.002 1
143.894 86.464 0.002 1
143.946 57.476 0.002 1
143.998 86.518 0 1
144.046 57.524 0.002 1
144.096 86.566 0.004 1
144.146 57.576 0.002 1
144.196 86.616 0 1
144.244 57.622 0.004 1
144.288 86.666 0 1
144.338 57.668 0.002 1
144.384 86.712 0.002 1
144.434 57.718 0.002 1
144.484 86.76 0.004 1
144.536 57.772 0.002 1
144.586 86.812 0 1
144.64 57.822 0.002 1
144.688 86.862 0.002 1
144.74 57.872 0.002 1
144.792 86.916 0.002 1
144.84 57.918 0.002 1
144.89 86.966 0.002 1
144.936 57.964 0.004 1
144.98 87.016 0 1
145.19 58.168 0.004 1
145.206 87.034 0.002 1
145.25 58.216 0 1
145.302 87.084 0.002 1
145.352 58.266 0 1
145.404 87.136 0 1
145.454 58.312 0 1
145.504 87.19 0 1
145.554 58.364 0 1
145.606 87.238 0.002 1
145.656 58.416 0 1
145.704 87.286 0 1
145.756 58.468 0 1
145.802 87.334 0 1
145.85 58.516 0 1
145.904 87.386 0 1
145.95 58.562 0 1
145.998 87.436 0 1
146.042 58.602 0 1
146.086 87.484 0 1
146.14 58.652 0 1
146.18 87.528 0 1
146.226 58.696 0 1
146.276 87.578 0 1
146.328 58.748 0 1
146.376 87.626 0.002 1
146.426 58.798 0 1
146.474 87.676 0 1
146.52 58.844 0 1
146.572 87.728 0 1
146.62 58.892 0 1
146.67 87.778 0 1
146.718 58.938 0 1
146.764 87.824 0.002 1
146.814 58.988 0 1
146.864 87.876 0 1
146.912 59.034 0.002 1
146.958 87.924 0 1
147.002 59.078 0 1
147.056 87.976 0.002 1
147.106 59.13 0 1
147.156 88.024 0.002 1
147.2 59.176 0 1
147.248 88.072 0 1
147.298 59.226 0 1
147.35 88.124 0 1
147.396 59.272 0 1
147.578 88.302 0.002 1
147.61 59.306 0 1
147.664 88.358 0 1
147.72 59.36 0.002 1
147.772 88.412 0 1
147.824 59.41 0.002 1
147.876 88.466 0 1
147.92 59.454 0 1
147.972 88.516 0 1
148.02 59.504 0 1
148.07 88.566 0 1
148.118 59.552 0 1
148.162 88.61 0 1
148.208 59.598 0 1
148.262 88.664 0 1
148.308 59.644 0 1
148.36 88.716 0 1
148.414 59.696 0.002 1
148.462 88.766 0 1
148.512 59.746 0 1
148.562 88.816 0 1
148.612 59.796 0 1
148.65 88.854 0 1
148.696 59.842 0 1
148.756 88.912 0 1
148.808 59.894 0 1
148.856 88.962 0 1
148.908 59.944 0.002 1
148.958 89.014 0 1
149.006 59.992 0 1
149.048 89.056 0 1
149.096 60.04 0 1
149.138 89.098 0 1
149.188 60.09 0 1
149.234 89.142 0.002 1
149.284 60.142 0 1
149.336 89.192 0 1
149.388 60.194 0 1
149.43 89.236 0 1
149.488 60.25 0 1
149.534 89.284 0 1
149.578 60.292 0 1
149.626 89.334 0 1
149.676 60.342 0 1
149.73 89.388 0 1
149.782 60.392 0 1
149.956 89.564 0 1
150.006 60.442 0 1
150.062 89.62 0 1
150.116 60.496 0 1
150.168 89.67 0 1
150.22 60.548 0 1
150.268 89.72 0 1
150.32 60.6 0 1
150.366 89.766 0 1
150.416 60.65 0 1
150.468 89.816 0 1
150.514 60.698 0 1
150.562 89.862 0 1
150.61 60.748 0 1
150.662 89.914 0 1
150.712 60.798 0 1
150.764 89.962 0.002 1
150.812 60.85 0 1
150.86 90.01 0 1
150.904 60.894 0 1
150.954 90.058 0 1
151.004 60.944 0.002 1
151.05 90.106 0 1
151.102 60.996 0 1
151.154 90.156 0 1
151.194 61.038 0 1
151.248 90.21 0 1
151.298 61.088 0 1
151.346 90.258 0 1
151.396 61.138 0 1
151.446 90.308 0 1
151.5 61.19 0 1
151.688 90.496 0.002 1
151.704 61.208 0 1
151.744 90.536 0 1
151.804 61.268 0 1
151.852 90.584 0 1
151.904 61.318 0 1
151.946 90.626 0 1
151.998 61.37 0.002 1
152.048 90.678 0 1
152.1 61.422 0 1
152.148 90.726 0 1
152.2 61.472 0 1
152.25 90.778 0 1
152.302 61.522 0.002 1
152.348 90.826 0 1
152.4 61.574 0 1
152.444 90.87 0 1
152.488 61.616 0 1
152.53 90.914 0 1
152.588 61.672 0 1
152.636 90.964 0 1
152.688 61.722 0.002 1
152.736 91.014 0 1
152.786 61.772 0 1
152.834 91.062 0 1
152.88 61.818 0 1
152.92 91.102 0 1
152.972 61.87 0 1
153.026 91.156 0 1
153.078 61.92 0 1
153.128 91.208 0 1
153.178 61.97 0 1
153.228 91.258 0 1
153.28 62.022 0 1
153.33 91.308 0 1
153.378 62.07 0 1
153.432 91.36 0 1
153.48 62.12 0 1
153.532 91.41 0 1
153.58 62.168 0 1
153.626 91.458 0 1
153.674 62.216 0 1
153.72 91.502 0 1
153.764 62.262 0 1
153.816 91.552 0 1
154.018 62.464 0 1
154.046 91.582 0 1
154.098 62.514 0.002 1
154.15 91.634 0 1
154.2 62.564 0 1
154.252 91.686 0 1
154.3 62.614 0 1
154.35 91.734 0 1
154.398 62.662 0 1
154.444 91.782 0 1
154.496 62.714 0 1
154.548 91.832 0 1
154.598 62.764 0 1
154.642 91.878 0 1
154.694 62.816 0 1
154.742 91.926 0 1
154.794 62.868 0 1
154.828 91.96 0 1
154.88 62.92 0 1
154.926 92.006 0 1
154.976 62.97 0 1
155.03 92.058 0 1
155.082 63.024 0 1
155.132 92.108 0 1
155.18 63.07 0 1
155.228 92.158 0 1
155.282 63.122 0 1
155.328 92.206 0 1
155.382 63.174 0.002 1
155.43 92.254 0 1
155.48 63.224 0 1
155.526 92.302 0 1
155.772 63.468 0 1
155.8 92.332 0 1
155.846 63.51 0 1
155.896 92.386 0 1
155.946 63.558 0.002 1
155.998 92.44 0 1
156.05 63.61 0 1
156.102 92.49 0 1
156.152 63.662 0 1
156.198 92.536 0 1
156.244 63.708 0 1
156.296 92.588 0 1
156.35 63.76 0 1
156.398 92.638 0 1
156.446 63.808 0 1
156.492 92.684 0 1
156.544 63.86 0 1
156.596 92.734 0 1
156.646 63.912 0 1
156.698 92.784 0 1
156.742 63.956 0 1
156.79 92.834 0 1
156.84 64.006 0 1
156.89 92.884 0 1
156.94 64.054 0.002 1
156.986 92.932 0 1
157.032 64.1 0 1
157.084 92.984 0 1
157.136 64.15 0 1
157.188 93.036 0 1
157.236 64.2 0 1
157.284 93.084 0 1
157.336 64.252 0 1
157.516 93.262 0.002 1
157.54 64.276 0 1
157.594 93.316 0 1
157.646 64.33 0 1
157.69 93.358 0 1
157.744 64.384 0 1
157.792 93.406 0.002 1
157.844 64.436 0.002 1
157.89 93.454 0 1
157.942 64.486 0.002 1
157.99 93.502 0.002 1
158.04 64.534 0 1
158.088 93.554 0 1
158.138 64.582 0.002 1
158.18 93.598 0 1
158.234 64.634 0 1
158.284 93.65 0 1
158.334 64.682 0.002 1
158.384 93.702 0 1
158.434 64.732 0 1
158.486 93.752 0 1
158.536 64.782 0 1
158.58 93.798 0 1
158.632 64.834 0 1
158.682 93.848 0 1
158.732 64.884 0 1
158.782 93.898 0 1
158.828 64.93 0 1
158.88 93.948 0 1
158.93 64.98 0 1
158.978 93.998 0 1
159.024 65.024 0.002 1
159.076 94.05 0 1
159.126 65.076 0 1
159.174 94.098 0 1
159.22 65.122 0 1
159.272 94.148 0 1
159.32 65.172 0 1
159.37 94.196 0 1
159.422 65.226 0 1
159.47 94.242 0.002 1
159.52 65.278 0 1
159.574 94.292 0.004 1
159.622 65.328 0 1
159.866 94.536 0 1
159.884 65.336 0 1
159.93 94.594 0 1
159.982 65.386 0.002 1
160.034 94.646 0 1
160.082 65.436 0 1
160.132 94.696 0 1
160.178 65.482 0 1
160.23 94.748 0 1
160.284 65.534 0 1
160.332 94.798 0 1
160.384 65.586 0 1
160.428 94.842 0 1
160.48 65.636 0.002 1
160.532 94.894 0 1
160.578 65.684 0 1
160.63 94.946 0 1
160.682 65.734 0 1
160.728 94.994 0 1
160.782 65.788 0 1
160.832 95.044 0 1
160.882 65.838 0 1
160.932 95.094 0 1
160.982 65.886 0.002 1
161.024 95.138 0 1
161.066 65.928 0 1
161.116 95.188 0 1
161.158 65.97 0 1
161.21 95.24 0 1
161.262 66.02 0.002 1
161.31 95.29 0 1
161.54 66.248 0.002 1
161.582 95.334 0 1
161.638 66.304 0 1
161.69 95.384 0.002 1
161.742 66.356 0 1
161.79 95.434 0 1
161.842 66.408 0 1
161.89 95.482 0 1
161.94 66.458 0 1
161.986 95.528 0 1
162.04 66.51 0 1
162.09 95.58 0 1
162.14 66.558 0.002 1
162.182 95.622 0.002 1
162.234 66.612 0 1
162.284 95.668 0.004 1
162.332 66.664 0 1
162.382 95.718 0 1
162.434 66.714 0 1
162.486 95.77 0 1
162.534 66.764 0 1
162.58 95.814 0.002 1
162.614 66.8 0 1
162.664 95.862 0.002 1
162.714 66.852 0 1
162.766 95.912 0 1
162.818 66.904 0 1
162.864 95.96 0 1
162.914 66.954 0 1
162.968 96.012 0 1
163.01 66.996 0 1
163.062 96.064 0 1
163.114 67.048 0 1
163.164 96.114 0.002 1
163.208 67.094 0 1
163.256 96.162 0 1
163.308 67.144 0 1
163.356 96.21 0 1
163.402 67.192 0 1
163.452 96.26 0 1
163.5 67.238 0 1
163.546 96.308 0 1
163.592 67.284 0 1
163.64 96.354 0 1
163.688 67.332 0 1
163.898 96.564 0 1
163.924 67.358 0.002 1
163.976 96.616 0.002 1
164.02 67.404 0 1
164.072 96.666 0.002 1
164.124 67.456 0.002 1
164.176 96.718 0.002 1
164.224 67.504 0.002 1
164.274 96.768 0 1
164.318 67.548 0 1
164.372 96.822 0 1
164.42 67.596 0 1
164.472 96.87 0.006 1
164.512 67.64 0 1
164.562 96.922 0 1
164.616 67.692 0.002 1
164.668 96.976 0 1
164.718 67.74 0.002 1
164.768 97.026 0.002 1
164.82 67.792 0 1
164.87 97.078 0 1
164.922 67.842 0 1
164.966 97.124 0 1
165.02 67.896 0 1
165.068 97.172 0 1
165.11 67.938 0 1
165.16 97.222 0 1
165.21 67.988 0 1
165.254 97.266 0 1
165.302 68.034 0.002 1
165.354 97.318 0 1
165.564 68.244 0.002 1
165.572 97.328 0 1
165.624 68.296 0 1
165.676 97.38 0 1
165.724 68.342 0.002 1
165.776 97.432 0 1
165.828 68.394 0 1
165.872 97.478 0 1
165.924 68.446 0 1
165.976 97.528 0.002 1
166.024 68.496 0 1
166.076 97.58 0 1
166.122 68.542 0 1
166.172 97.63 0 1
166.226 68.594 0 1
166.258 97.664 0 1
166.306 68.642 0 1
166.362 97.718 0 1
166.412 68.692 0.002 1
166.464 97.764 0.006 1
166.514 68.748 0.002 1
166.558 97.81 0 1
166.61 68.8 0 1
166.656 97.856 0 1
166.708 68.852 0 1
166.756 97.902 0.002 1
166.804 68.902 0 1
166.856 97.952 0 1
166.904 68.952 0 1
166.956 98.002 0 1
167 68.998 0 1
167.046 98.046 0.002 1
167.096 69.05 0 1
167.146 98.096 0 1
167.194 69.098 0 1
167.24 98.142 0 1
167.29 69.148 0 1
167.34 98.19 0 1
167.392 69.2 0.002 1
167.442 98.242 0 1
167.488 69.246 0 1
167.54 98.294 0 1
167.592 69.296 0 1
167.644 98.346 0 1
167.69 69.344 0 1
167.74 98.394 0 1
167.79 69.394 0 1
167.838 98.444 0 1
167.888 69.444 0 1
167.938 98.492 0 1
167.986 69.494 0 1
168.174 98.678 0.002 1
168.198 69.516 0.002 1
168.25 98.732 0 1
168.302 69.57 0 1
168.356 98.786 0 1
168.404 69.618 0 1
168.456 98.838 0 1
168.508 69.67 0 1
168.558 98.888 0 1
168.612 69.724 0 1
168.664 98.938 0.002 1
168.702 69.764 0 1
168.752 98.986 0 1
168.798 69.812 0 1
168.852 99.038 0 1
168.898 69.86 0 1
168.95 99.09 0 1
169 69.91 0 1
169.048 99.138 0 1
169.098 69.958 0.002 1
169.15 99.192 0 1
169.198 70.002 0.004 1
169.248 99.246 0 1
169.298 70.05 0 1
169.344 99.294 0 1
169.384 70.09 0 1
169.434 99.342 0 1
169.484 70.142 0 1
169.538 99.394 0 1
169.588 70.194 0 1
169.638 99.442 0 1
