63.456 62.564 0.892 0.004 2
64.356 0.892 0.9 0.008 2
65.278 0.916 0.906 0.006 2
66.184 0.906 0.906 0.008 2
67.072 0.918 0.876 0.006 2
67.624 0.896 0.532 0.006 2
68.196 0.532 0.572 0.006 1
68.812 0.588 0.6 0.01 2
69.382 0.6 0.57 0.008 2
70 0.598 0.59 0.008 2
70.632 0.59 0.632 0 2
71.234 0.662 0.572 0.002 2
71.84 0.596 0.582 0.008 2
72.47 0.608 0.604 0.006 2
73.074 0.604 0.604 0.008 2
73.696 0.63 0.596 0.006 2
74.266 0.596 0.57 0.008 2
74.924 0.598 0.63 0.01 2
75.55 0.63 0.626 0.01 2
76.182 0.654 0.604 0.006 2
76.784 0.604 0.602 0.006 2
77.388 0.626 0.58 0.008 2
78.014 0.58 0.626 0.008 2
78.64 0.648 0.604 0.01 2
79.238 0.604 0.598 0.008 2
79.858 0.622 0.596 0.008 2
80.666 0.596 0.808 0.014 2
81.488 0.83 0.8 0.008 2
82.304 0.8 0.816 0.002 2
83.148 0.842 0.818 0.008 2
83.91 0.82 0.76 0.006 2
84.708 0.784 0.774 0.006 2
85.49 0.774 0.782 0 2
86.318 0.802 0.808 0.006 2
87.122 0.808 0.804 0.008 2
87.944 0.834 0.792 0.006 2
88.732 0.792 0.788 0.01 2
89.586 0.816 0.826 0.006 2
90.412 0.856 0.796 0.008 2
91.212 0.796 0.8 0.008 2
92.058 0.834 0.812 0.01 2
92.692 0.812 0.634 0.008 2
93.31 0.658 0.594 0.008 2
93.932 0.594 0.622 0.008 2
94.532 0.644 0.578 0.008 2
95.112 0.578 0.58 0.008 2
95.75 0.606 0.612 0.008 2
96.348 0.612 0.598 0.008 2
96.98 0.63 0.6 0.006 2
97.598 0.6 0.618 0.006 2
98.244 0.644 0.62 0.004 2
98.876 0.62 0.632 0.01 2
99.508 0.656 0.608 0.008 2
100.146 0.608 0.638 0.008 2
100.82 0.66 0.652 0.01 2
101.432 0.652 0.612 0.004 2
102.064 0.642 0.602 0.006 2
102.638 0.602 0.574 0.002 2
103.292 0.596 0.632 0.008 2
103.932 0.658 0.614 0.006 2
104.56 0.614 0.628 0.002 2
105.216 0.656 0.628 0.006 2
105.82 0.628 0.604 0.008 2
106.444 0.632 0.596 0.004 2
107.062 0.622 0.592 0.006 2
107.678 0.592 0.616 0.008 2
108.33 0.642 0.626 0.004 2
108.946 0.626 0.616 0.006 2
109.578 0.644 0.604 0.01 2
110.208 0.604 0.63 0 2
110.818 0.654 0.586 0.006 2
111.442 0.586 0.624 0.006 2
112.068 0.648 0.602 0.008 2
112.694 0.602 0.626 0.008 2
113.306 0.646 0.592 0.006 2
113.946 0.592 0.64 0.01 2
114.586 0.662 0.618 0.006 2
115.22 0.618 0.634 0.01 2
115.866 0.66 0.62 0.006 2
116.466 0.62 0.6 0.008 2
117.154 0.624 0.664 0.008 2
117.78 0.664 0.626 0.006 2
118.45 0.65 0.646 0.008 2
119.096 0.646 0.646 0.008 2
119.734 0.67 0.614 0.012 3
120.426 0.64 0.666 0.01 3
121.072 0.666 0.646 0.012 3
121.748 0.676 0.646 0.006 3
122.396 0.646 0.648 0.01 2
123.042 0.674 0.62 0.008 2
123.702 0.62 0.66 0.008 2
124.358 0.678 0.638 0.002 2
125.004 0.662 0.622 0.008 2
125.692 0.622 0.688 0.008 2
126.362 0.716 0.642 0.006 2
127.04 0.642 0.678 0.012 3
127.702 0.7 0.64 0.01 3
128.35 0.64 0.648 0.006 2
129.016 0.674 0.64 0.006 2
129.654 0.64 0.638 0.008 2
130.356 0.658 0.682 0.01 2
131.032 0.682 0.676 0.008 2
131.718 0.702 0.66 0.004 2
132.364 0.66 0.646 0.008 2
133.046 0.672 0.656 0.008 2
133.684 0.656 0.638 0.008 3
134.356 0.656 0.654 0.012 3
135.028 0.654 0.672 0.01 3
135.712 0.696 0.66 0.006 3
136.37 0.662 0.656 0 2
137.056 0.684 0.658 0.004 2
137.68 0.658 0.624 0.01 3
138.338 0.646 0.636 0.01 3
138.98 0.636 0.642 0.004 3
139.644 0.668 0.638 0.01 3
140.298 0.638 0.654 0.01 2
140.954 0.68 0.63 0.008 2
141.592 0.63 0.638 0.01 2
142.26 0.668 0.638 0.008 2
142.938 0.668 0.648 0.008 2
143.606 0.648 0.668 0.004 2
144.27 0.696 0.636 0.008 2
144.894 0.636 0.624 0.008 2
145.546 0.646 0.63 0.008 2
146.224 0.63 0.678 0.008 2
146.888 0.708 0.634 0.002 2
147.564 0.634 0.676 0.008 2
148.238 0.708 0.642 0.006 2
148.882 0.642 0.644 0.01 2
149.534 0.664 0.632 0.008 2
150.228 0.668 0.658 0.01 2
150.86 0.658 0.632 0.006 2
151.518 0.66 0.63 0.004 2
152.194 0.664 0.642 0.002 2
152.846 0.642 0.652 0.008 2
153.508 0.672 0.642 0.006 2
154.374 0.68 0.828 0.006 2
155.272 0.828 0.898 0.006 2
156.174 0.92 0.88 0.004 3
157.098 0.88 0.924 0.006 2
158.042 0.944 0.924 0.006 2
158.852 0.924 0.81 0.006 2
159.692 0.834 0.816 0.004 2
160.502 0.816 0.81 0.008 2
161.292 0.832 0.768 0.008 2
162.134 0.768 0.842 0.008 2
162.962 0.874 0.796 0.006 2
163.796 0.82 0.81 0.01 2
164.614 0.81 0.818 0.006 2
165.408 0.842 0.77 0.006 2
166.2 0.77 0.792 0.004 2
167.014 0.824 0.782 0.004 2
167.836 0.782 0.822 0.006 2
168.698 0.852 0.832 0.004 2
169.52 0.832 0.822 0.006 2
170.398 0.858 0.842 0.006 2
171.246 0.844 0.846 0.006 2
172.096 0.878 0.818 0.006 2
172.962 0.818 0.866 0.002 2
173.832 0.9 0.836 0.006 2
174.678 0.836 0.846 0.006 2
175.534 0.876 0.826 0.006 2
176.486 0.826 0.952 0.008 2
177.466 0.982 0.95 0.01 2
178.382 0.95 0.916 0.01 2
179.354 0.95 0.938 0.008 2
180.32 0.94 0.964 0.006 2
181.334 1.004 0.974 0.008 2
182.268 0.974 0.934 0.008 2
183.27 0.956 0.98 0.018 2
184.21 1.004 0.916 0.006 2
185.128 0.916 0.918 0.008 2
186.112 0.946 0.956 0.006 2
187.042 0.956 0.93 0.01 2
187.918 0.962 0.844 0.008 2
188.76 0.844 0.842 0.008 2
189.608 0.874 0.816 0.008 2
190.384 0.816 0.776 0.008 2
191.238 0.81 0.82 0.008 2
192.038 0.82 0.8 0.006 2
192.862 0.842 0.782 0.006 2
193.674 0.782 0.812 0.006 2
194.474 0.838 0.774 0.004 2
195.256 0.774 0.782 0.008 2
196.066 0.82 0.772 0.006 2
196.824 0.774 0.756 0.008 2
197.6 0.782 0.75 0 2
198.35 0.782 0.718 0.006 2
199.076 0.718 0.726 0.006 2
199.88 0.764 0.766 0.008 2
200.696 0.802 0.78 0.006 2
201.45 0.78 0.754 0.006 2
202.214 0.786 0.732 0.006 2
202.95 0.732 0.736 0.004 2
203.736 0.766 0.756 0.004 2
204.462 0.758 0.724 0.006 2
205.218 0.756 0.724 0.006 2
205.972 0.724 0.754 0.008 2
206.742 0.776 0.748 0.006 2
207.492 0.748 0.75 0.008 2
208.244 0.782 0.72 0.006 2
209.118 0.72 0.874 0.008 2
210.046 0.906 0.896 0.008 2
210.916 0.898 0.868 0.006 2
211.824 0.902 0.874 0.006 2
212.746 0.906 0.89 0 2
213.626 0.89 0.88 0.004 2
214.586 0.922 0.918 0.006 2
215.5 0.918 0.914 0.01 2
216.502 0.95 0.966 0.006 2
217.378 0.966 0.876 0.008 2
218.27 0.9 0.868 0.006 2
219.152 0.868 0.882 0.008 2
220.082 0.92 0.892 0.006 2
220.94 0.892 0.858 0.006 2
221.788 0.894 0.812 0.008 2
222.612 0.812 0.824 0.008 2
223.242 0.846 0.608 0.004 2
223.836 0.608 0.594 0.004 2
224.462 0.624 0.596 0.006 2
225.054 0.596 0.592 0.006 2
225.64 0.63 0.548 0.01 2
226.222 0.548 0.582 0.008 2
226.846 0.622 0.584 0.008 2
227.418 0.584 0.572 0.008 2
228.026 0.608 0.572 0 2
228.586 0.572 0.56 0.002 2
229.214 0.606 0.582 0.008 2
229.744 0.582 0.53 0.002 2
230.406 0.566 0.626 0.004 2
230.986 0.626 0.58 0.008 2
231.602 0.616 0.58 0.008 2
232.178 0.58 0.576 0.01 2
232.774 0.576 0.596 0.012 2
233.374 0.632 0.564 0.01 2
233.948 0.564 0.574 0.008 2
234.51 0.574 0.562 0.01 2
235.038 0.598 0.492 0.01 2
235.536 0.492 0.498 0.01 2
236.068 0.498 0.532 0.008 2
236.612 0.568 0.508 0.012 2
237.072 0.51 0.458 0.01 2
237.574 0.494 0.466 0.01 2
238.024 0.466 0.45 0.01 2
238.51 0.484 0.452 0.01 2
238.934 0.452 0.424 0.014 2
239.41 0.464 0.436 0.01 2
239.858 0.436 0.448 0.014 2
240.33 0.48 0.44 0.012 2
240.782 0.44 0.452 0.01 2
241.218 0.488 0.4 0.008 2
241.64 0.402 0.42 0.012 2
242.12 0.458 0.442 0.008 2
242.502 0.442 0.382 0.012 2
242.974 0.414 0.44 0.014 2
243.36 0.44 0.386 0.008 2
243.748 0.386 0.388 0.01 2
244.144 0.424 0.36 0.008 2
244.512 0.36 0.368 0.006 2
245.056 0.41 0.502 0.01 2
245.548 0.502 0.492 0.01 2
246.04 0.492 0.492 0.01 2
246.478 0.536 0.394 0.004 2
246.84 0.394 0.362 0.006 2
247.256 0.4 0.378 0.008 2
247.586 0.378 0.33 0.004 2
247.98 0.376 0.348 0.006 2
248.324 0.348 0.344 0.012 2
248.686 0.344 0.362 0.012 2
249.06 0.396 0.34 0.01 2
249.414 0.34 0.354 0.008 2
249.822 0.394 0.368 0.006 2
250.206 0.402 0.35 0 2
250.566 0.35 0.36 0.008 2
250.93 0.388 0.336 0.014 2
251.268 0.336 0.338 0.012 2
251.592 0.338 0.324 0.008 2
251.966 0.366 0.332 0.006 2
252.28 0.332 0.314 0.01 2
252.656 0.348 0.342 0.008 2
252.94 0.342 0.284 0.008 2
253.306 0.332 0.318 0.004 2
253.61 0.32 0.302 0.008 2
253.964 0.34 0.316 0.006 2
254.258 0.316 0.294 0.004 2
254.558 0.296 0.298 0.004 2
254.9 0.336 0.304 0.008 2
255.208 0.304 0.308 0.01 2
255.574 0.348 0.326 0.01 2
255.888 0.326 0.314 0.008 2
256.25 0.356 0.32 0.004 2
256.582 0.32 0.332 0.01 2
256.976 0.368 0.358 0.01 2
257.342 0.358 0.366 0.008 2
257.772 0.394 0.402 0.008 2
258.18 0.402 0.408 0.006 2
258.776 0.448 0.556 0.01 2
259.366 0.556 0.59 0.006 2
259.848 0.628 0.444 0.01 2
260.278 0.444 0.43 0.01 2
260.768 0.47 0.45 0.008 2
261.306 0.45 0.538 0.006 2
261.864 0.572 0.524 0.004 2
262.386 0.524 0.522 0.004 2
262.948 0.558 0.526 0.01 2
263.47 0.526 0.522 0.008 2
264.06 0.566 0.546 0.008 2
264.634 0.546 0.574 0.01 2
265.198 0.62 0.518 0.01 2
265.746 0.518 0.548 0.004 2
266.336 0.592 0.546 0.01 2
266.89 0.546 0.554 0.01 2
267.488 0.59 0.562 0.008 2
268.05 0.562 0.562 0.01 2
268.652 0.608 0.556 0.01 2
269.194 0.556 0.542 0.008 2
269.856 0.588 0.616 0.006 2
270.5 0.616 0.644 0.012 2
271.12 0.69 0.574 0.006 2
271.694 0.574 0.574 0.01 2
272.24 0.612 0.508 0.008 2
272.718 0.508 0.478 0.01 2
273.252 0.52 0.492 0.008 2
273.752 0.492 0.5 0.008 2
274.278 0.538 0.488 0.012 3
274.774 0.488 0.496 0.01 3
275.302 0.536 0.488 0.014 3
275.794 0.488 0.492 0.014 3
276.264 0.492 0.47 0.012 3
276.862 0.51 0.558 0.008 2
277.514 0.6 0.61 0.01 2
278.098 0.61 0.584 0.004 2
278.644 0.584 0.546 0.008 2
279.248 0.586 0.564 0.01 2
279.822 0.564 0.574 0.008 2
280.46 0.614 0.598 0.006 2
281.062 0.598 0.602 0.008 2
281.69 0.638 0.592 0.006 2
282.3 0.592 0.61 0.004 2
282.974 0.636 0.648 0.018 5
283.564 0.648 0.59 0.024 5
284.262 0.634 0.654 0.004 2
284.966 0.654 0.704 0.004 2
285.676 0.734 0.68 0.006 2
286.47 0.68 0.794 0.006 2
287.308 0.838 0.794 0.008 2
287.986 0.794 0.678 0.008 2
288.678 0.718 0.652 0.008 2
289.64 0.652 0.962 0.006 2
290.566 1.006 0.882 0.006 2
291.484 0.884 0.916 0.006 2
292.434 0.962 0.904 0.006 2
293.37 0.942 0.898 0.008 2
294.266 0.898 0.896 0.008 2
295.248 0.924 0.954 0.01 2
296.226 0.954 0.978 0.01 2
297.018 1.018 0.752 0.012 3
297.814 0.752 0.796 0.016 3
298.618 0.834 0.766 0.008 2
299.428 0.766 0.81 0.01 2
300.242 0.838 0.786 0.006 2
301.008 0.786 0.766 0.012 3
301.866 0.8 0.824 0.01 3
302.688 0.866 0.78 0.012 2
303.494 0.78 0.806 0.012 2
304.312 0.84 0.784 0.008 2
305.08 0.784 0.768 0.008 2
305.926 0.806 0.808 0.004 2
306.718 0.808 0.792 0.012 2
307.59 0.84 0.824 0.01 2
308.398 0.824 0.808 0.01 2
309.256 0.832 0.834 0.006 2
310.036 0.834 0.78 0.008 2
310.866 0.816 0.794 0.006 2
311.7 0.834 0.794 0.002 2
312.442 0.794 0.742 0.002 2
313.218 0.782 0.736 0.006 2
313.978 0.736 0.76 0.008 2
314.808 0.802 0.788 0.008 2
315.574 0.788 0.766 0.008 2
316.392 0.81 0.774 0.022 4
317.26 0.774 0.868 0.006 2
318.186 0.898 0.896 0.006 2
318.838 0.898 0.65 0.004 2
319.55 0.684 0.678 0.004 2
320.256 0.72 0.664 0.006 2
320.87 0.664 0.614 0.006 2
321.514 0.654 0.604 0.006 2
322.166 0.634 0.622 0.004 2
322.798 0.622 0.632 0.006 2
323.452 0.676 0.61 0.006 2
324.064 0.61 0.612 0.002 2
324.722 0.642 0.628 0.006 2
325.366 0.628 0.644 0.008 2
326.04 0.69 0.628 0.006 2
326.68 0.628 0.64 0.004 2
327.35 0.686 0.624 0.004 2
327.984 0.624 0.634 0.008 2
328.674 0.674 0.65 0.006 2
329.284 0.65 0.61 0 2
329.96 0.658 0.628 0.002 2
330.588 0.628 0.628 0.004 2
331.274 0.678 0.636 0.006 2
331.958 0.68 0.64 0.004 2
332.586 0.64 0.628 0.002 2
333.248 0.67 0.62 0.004 2
333.922 0.656 0.638 0.006 2
334.534 0.638 0.612 0.006 2
335.238 0.662 0.654 0.004 2
335.926 0.706 0.636 0.004 2
336.582 0.638 0.654 0.004 2
337.252 0.7 0.624 0.008 2
337.898 0.624 0.646 0.006 2
338.578 0.69 0.636 0.006 2
339.232 0.636 0.654 0.008 2
339.996 0.698 0.72 0.006 2
340.672 0.72 0.676 0.004 2
341.426 0.724 0.706 0.006 2
342.028 0.706 0.602 0.008 2
342.694 0.646 0.622 0.006 2
343.38 0.622 0.686 0.008 2
344.026 0.73 0.602 0.002 2
344.762 0.648 0.69 0.01 2
345.436 0.69 0.674 0.008 2
346.14 0.722 0.656 0.01 2
346.806 0.656 0.666 0.006 2
347.504 0.702 0.662 0.012 2
348.21 0.7 0.668 0.008 2
348.824 0.668 0.614 0.006 2
349.536 0.654 0.672 0.004 2
350.234 0.672 0.698 0.016 4
350.948 0.744 0.668 0.016 4
351.636 0.668 0.688 0.012 2
352.362 0.734 0.68 0.01 2
353.05 0.68 0.688 0.008 2
353.752 0.724 0.666 0.01 2
354.382 0.666 0.63 0.004 2
355.164 0.676 0.736 0.008 2
355.864 0.738 0.698 0.004 2
356.594 0.748 0.68 0.014 2
357.304 0.68 0.71 0.006 2
358.014 0.746 0.674 0.004 2
358.868 0.674 0.854 0.008 2
359.77 0.892 0.864 0.012 2
360.468 0.864 0.698 0.014 2
361.21 0.736 0.704 0.006 2
361.938 0.754 0.678 0.01 2
362.64 0.678 0.702 0.006 2
363.598 0.758 0.902 0.01 2
364.464 0.902 0.866 0.008 2
365.214 0.914 0.702 0.008 2
365.984 0.738 0.734 0.008 2
366.68 0.734 0.696 0.01 2
367.42 0.732 0.704 0.01 2
368.298 0.704 0.878 0.006 2
369.282 0.918 0.944 0.008 2
369.99 0.944 0.708 0.008 2
370.71 0.738 0.69 0.008 2
371.592 0.69 0.882 0.01 2
372.44 0.916 0.814 0.008 2
373.114 0.814 0.674 0.01 2
373.864 0.726 0.698 0.008 2
374.542 0.698 0.678 0.008 2
375.282 0.724 0.694 0 2
376.022 0.738 0.696 0.012 2
376.708 0.698 0.684 0.01 2
377.444 0.726 0.694 0.008 2
378.138 0.694 0.694 0.008 2
378.906 0.74 0.722 0.006 2
379.696 0.772 0.74 0.01 2
380.44 0.74 0.744 0.006 2
381.2 0.79 0.714 0.008 2
381.904 0.714 0.704 0.01 2
382.706 0.746 0.76 0.008 2
383.49 0.8 0.744 0.01 2
384.222 0.744 0.732 0.008 2
384.998 0.782 0.726 0.008 2
385.736 0.726 0.738 0.012 2
386.514 0.786 0.73 0.004 2
387.342 0.73 0.828 0.006 2
388.152 0.858 0.78 0.008 2
388.976 0.78 0.824 0.008 2
389.774 0.878 0.744 0.01 2
390.514 0.744 0.74 0.01 2
391.322 0.798 0.75 0.004 2
392.08 0.75 0.758 0.012 2
392.9 0.786 0.792 0.01 2
393.634 0.792 0.734 0.004 2
394.432 0.782 0.75 0.01 2
395.194 0.75 0.762 0.006 2
396.004 0.81 0.762 0.008 2
396.73 0.762 0.726 0.008 2
397.562 0.77 0.788 0.01 2
398.322 0.788 0.76 0.008 2
399.19 0.812 0.816 0.006 2
399.948 0.816 0.758 0.008 2
400.756 0.794 0.772 0 2
401.538 0.774 0.78 0.008 2
402.398 0.822 0.818 0.008 2
403.21 0.818 0.812 0.018 5
404.058 0.866 0.794 0.018 5
404.854 0.794 0.796 0.006 2
405.69 0.852 0.78 0.004 2
406.5 0.822 0.768 0.01 2
407.276 0.768 0.776 0.008 2
408.084 0.818 0.766 0.006 2
408.894 0.766 0.81 0.008 2
409.784 0.872 0.828 0.012 3
410.568 0.828 0.784 0.012 3
411.406 0.832 0.79 0 2
412.208 0.79 0.802 0.006 2
413.096 0.856 0.834 0.016 5
413.904 0.834 0.808 0.002 2
414.768 0.842 0.83 0.008 2
415.604 0.876 0.79 0.01 2
416.404 0.79 0.8 0.012 2
417.27 0.848 0.818 0.006 2
418.078 0.818 0.808 0.01 2
418.932 0.874 0.788 0.012 4
419.784 0.788 0.852 0.014 4
420.6 0.896 0.772 0.008 3
421.428 0.772 0.828 0.008 3
422.26 0.876 0.784 0.006 2
423.056 0.784 0.796 0.012 2
423.908 0.844 0.804 0.01 2
424.73 0.804 0.822 0.008 2
425.628 0.85 0.87 0.008 2
426.55 0.93 0.862 0.012 2
427.358 0.862 0.808 0.01 2
428.266 0.868 0.848 0.012 2
429.046 0.848 0.78 0.006 2
429.876 0.826 0.784 0.008 2
430.658 0.784 0.782 0.004 2
431.512 0.83 0.806 0.006 2
432.276 0.806 0.764 0.01 2
433.09 0.796 0.782 0.002 2
433.916 0.782 0.826 0.016 4
434.776 0.866 0.82 0.012 4
435.604 0.82 0.828 0.002 2
436.484 0.906 0.802 0.012 2
437.288 0.802 0.804 0.008 2
438.17 0.866 0.82 0.008 2
438.98 0.82 0.81 0.014 3
439.778 0.856 0.752 0.012 3
440.566 0.752 0.788 0.01 2
441.424 0.834 0.812 0.008 2
442.208 0.812 0.784 0.008 2
443.026 0.82 0.782 0.01 2
443.842 0.782 0.816 0.008 2
444.634 0.838 0.77 0.002 2
445.504 0.818 0.822 0.01 4
446.302 0.822 0.798 0.018 4
447.142 0.844 0.794 0.006 2
447.886 0.794 0.744 0 2
448.746 0.798 0.806 0.014 2
449.61 0.806 0.864 0.016 5
450.462 0.92 0.796 0.018 5
451.24 0.796 0.778 0.006 2
452.076 0.816 0.798 0.008 2
452.822 0.798 0.746 0.006 2
453.664 0.796 0.792 0.008 2
454.428 0.792 0.764 0.008 2
455.23 0.798 0.768 0.004 2
456.04 0.768 0.81 0.006 2
456.82 0.81 0.78 0.006 2
457.616 0.826 0.75 0 2
458.414 0.75 0.798 0.006 2
459.194 0.846 0.732 0.01 6
459.936 0.732 0.742 0.014 6
460.722 0.794 0.734 0.004 2
461.51 0.766 0.756 0.006 2
462.348 0.808 0.786 0.004 2
463.148 0.834 0.752 0.008 2
463.886 0.754 0.736 0.002 2
464.692 0.782 0.76 0.006 2
465.362 0.76 0.67 0.006 2
466.168 0.714 0.762 0.01 2
466.972 0.764 0.802 0.006 2
467.94 0.854 0.916 0.006 2
468.736 0.916 0.796 0.008 2
469.554 0.796 0.818 0 2
470.11 0.868 0.506 0.002 2
470.68 0.506 0.57 0.006 2
471.282 0.63 0.542 0.002 2
471.84 0.542 0.558 0 2
472.402 0.558 0.562 0.004 2
472.974 0.612 0.522 0 1
473.446 0.522 0.472 0 1
474.25 0.524 0.752 0 1
474.982 0.752 0.732 0.002 1
475.568 0.802 0.516 0.004 1
476.154 0.516 0.586 0 1
476.834 0.634 0.632 0.004 1
477.458 0.632 0.624 0.002 1
478.092 0.69 0.568 0.004 1
478.646 0.568 0.554 0.004 1
479.246 0.602 0.552 0.002 1
479.756 0.552 0.51 0.002 1
480.452 0.56 0.646 0.002 1
481.074 0.648 0.62 0.002 1
481.632 0.678 0.5 0.002 1
482.132 0.5 0.5 0.002 1
482.706 0.552 0.522 0.002 1
483.226 0.522 0.52 0 1
483.772 0.57 0.496 0 1
484.27 0.496 0.498 0 1
484.842 0.554 0.516 0 1
485.4 0.582 0.492 0 1
485.88 0.492 0.48 0 1
486.454 0.544 0.51 0 1
486.972 0.51 0.518 0 1
487.582 0.578 0.55 0.004 1
488.08 0.55 0.498 0.004 1
488.676 0.552 0.542 0 1
489.198 0.542 0.522 0 1
489.73 0.522 0.532 0.002 1
490.268 0.532 0.538 0 1
490.852 0.596 0.526 0.002 1
491.388 0.526 0.536 0.002 1
491.944 0.594 0.498 0.002 1
492.494 0.498 0.55 0 1
493.08 0.604 0.532 0.002 1
493.604 0.532 0.524 0.002 1
494.132 0.524 0.528 0.002 1
494.712 0.594 0.514 0.002 1
495.254 0.514 0.542 0.002 1
495.838 0.6 0.526 0.004 1
496.342 0.526 0.504 0.002 1
497.034 0.564 0.632 0 1
497.662 0.632 0.628 0.002 1
498.26 0.628 0.598 0.002 1
498.864 0.598 0.604 0 1
499.592 0.664 0.668 0.002 1
500.226 0.668 0.634 0 1
500.884 0.694 0.598 0.002 1
501.482 0.598 0.598 0.002 1
502.132 0.654 0.594 0.006 1
502.748 0.594 0.616 0.004 1
503.434 0.682 0.62 0 1
504.038 0.62 0.604 0 1
504.642 0.604 0.604 0 1
505.314 0.648 0.628 0.002 1
505.996 0.672 0.638 0.01 1
506.614 0.638 0.618 0.002 1
507.236 0.618 0.622 0.002 1
507.906 0.688 0.604 0 1
508.512 0.604 0.606 0.004 1
509.162 0.658 0.598 0.002 1
509.772 0.598 0.61 0 1
510.44 0.666 0.612 0.002 1
511.024 0.612 0.584 0.002 1
511.7 0.658 0.602 0 1
512.314 0.602 0.614 0.002 1
512.996 0.666 0.63 0 1
513.626 0.63 0.63 0 1
514.278 0.676 0.606 0.002 1
514.926 0.606 0.648 0.004 1
515.572 0.7 0.594 0.004 1
516.17 0.594 0.598 0.002 1
516.842 0.65 0.62 0 1
517.446 0.62 0.604 0.002 1
518.148 0.652 0.654 0 1
518.8 0.654 0.652 0.002 1
519.5 0.7 0.652 0.004 1
520.164 0.652 0.664 0.002 1
520.868 0.708 0.66 0.004 1
521.608 0.726 0.674 0.016 1
522.226 0.674 0.618 0 1
522.9 0.668 0.624 0 1
523.5 0.624 0.6 0 1
524.15 0.658 0.592 0.002 1
524.75 0.592 0.6 0 1
525.426 0.684 0.592 0 1
526.04 0.592 0.614 0.002 1
526.734 0.672 0.636 0.002 1
527.372 0.636 0.638 0.002 1
527.986 0.638 0.614 0.002 1
528.636 0.674 0.59 0 1
529.266 0.59 0.63 0.002 1
529.936 0.702 0.598 0.002 1
530.528 0.598 0.592 0.002 1
531.118 0.592 0.59 0 1
531.764 0.654 0.582 0.002 1
532.35 0.582 0.586 0 1
532.992 0.622 0.606 0 1
533.568 0.606 0.576 0 1
534.186 0.576 0.618 0 1
534.832 0.66 0.604 0.002 1
535.478 0.662 0.588 0.002 1
536.14 0.656 0.594 0 1
536.76 0.594 0.62 0.002 1
537.38 0.62 0.62 0.002 1
538.072 0.676 0.636 0 1
538.67 0.636 0.598 0.002 1
539.344 0.662 0.61 0.002 1
539.964 0.61 0.62 0.002 1
540.638 0.68 0.614 0.002 1
541.248 0.614 0.61 0 1
541.942 0.684 0.62 0 1
542.558 0.62 0.616 0 1
543.28 0.69 0.648 0 1
543.898 0.648 0.618 0.002 1
544.536 0.664 0.592 0.006 1
545.172 0.592 0.636 0 1
545.81 0.686 0.588 0 1
546.45 0.588 0.64 0.002 1
547.176 0.712 0.654 0.002 1
547.78 0.654 0.604 0.002 1
548.478 0.688 0.614 0 1
549.126 0.614 0.648 0 1
549.804 0.696 0.63 0 1
550.384 0.63 0.58 0 1
551.064 0.644 0.616 0 1
551.698 0.616 0.634 0.002 1
552.416 0.69 0.662 0 1
553.07 0.662 0.654 0.002 1
553.78 0.712 0.652 0.002 1
554.444 0.652 0.664 0.002 1
555.122 0.664 0.678 0.004 1
555.834 0.75 0.64 0 1
556.442 0.64 0.608 0.002 1
557.104 0.662 0.608 0.004 1
557.736 0.608 0.632 0.002 1
558.416 0.7 0.612 0.01 1
559.05 0.612 0.634 0.002 1
559.7 0.682 0.602 0.002 1
560.332 0.626 0.608 0 1
560.966 0.648 0.594 0 1
561.568 0.594 0.602 0 1
562.158 0.672 0.52 0.002 1
562.676 0.52 0.518 0 1
563.246 0.58 0.508 0 1
563.774 0.508 0.528 0.002 1
564.392 0.576 0.57 0.002 1
564.964 0.57 0.572 0.002 1
565.554 0.624 0.538 0.002 1
566.152 0.604 0.532 0.002 1
566.692 0.532 0.54 0 1
567.242 0.54 0.55 0.002 1
567.878 0.602 0.584 0.002 1
568.464 0.584 0.586 0.002 1
569.1 0.638 0.584 0 1
569.698 0.584 0.598 0.002 1
570.378 0.668 0.61 0.002 1
570.99 0.61 0.612 0 1
571.6 0.612 0.61 0.002 1
572.216 0.61 0.616 0.002 1
572.886 0.664 0.622 0 1
573.488 0.622 0.602 0.002 1
574.142 0.648 0.608 0.002 1
574.748 0.608 0.606 0 1
575.42 0.668 0.61 0 1
576.02 0.61 0.6 0.002 1
576.68 0.65 0.61 0 1
577.304 0.61 0.624 0 1
577.954 0.66 0.614 0.002 1
578.556 0.614 0.602 0.002 1
579.172 0.658 0.56 0.002 1
579.716 0.56 0.544 0 1
580.332 0.618 0.542 0 1
580.884 0.542 0.552 0.004 1
581.444 0.602 0.51 0 1
582.016 0.574 0.508 0.002 1
582.518 0.508 0.502 0 1
583.066 0.558 0.492 0 1
583.55 0.492 0.484 0 1
584.002 0.484 0.452 0 1
584.498 0.452 0.496 0 1
585.03 0.554 0.474 0 1
585.49 0.474 0.46 0.002 1
585.926 0.46 0.436 0.002 1
586.504 0.506 0.508 0.002 1
586.984 0.508 0.48 0 1
587.54 0.52 0.516 0.002 1
588.038 0.516 0.498 0.002 1
588.586 0.56 0.486 0.002 1
589.064 0.486 0.478 0 1
589.692 0.542 0.564 0 1
590.286 0.564 0.594 0.002 1
590.902 0.594 0.616 0 1
591.504 0.616 0.602 0.002 1
592.164 0.662 0.6 0 1
592.796 0.6 0.632 0.002 1
593.454 0.684 0.606 0.01 1
594.064 0.606 0.61 0 1
594.772 0.676 0.642 0 1
595.374 0.642 0.602 0.002 1
596.012 0.644 0.596 0.002 1
596.636 0.596 0.624 0 1
597.336 0.68 0.644 0.002 1
597.978 0.644 0.642 0.002 1
598.674 0.702 0.636 0.002 1
599.342 0.636 0.668 0.002 1
600.026 0.728 0.624 0 1
600.636 0.624 0.61 0.002 1
601.242 0.61 0.606 0.006 1
601.916 0.654 0.626 0.002 1
602.394 0.626 0.478 0.002 1
602.918 0.478 0.524 0 1
603.414 0.524 0.496 0 1
603.988 0.56 0.51 0 1
604.508 0.51 0.52 0 1
604.992 0.52 0.484 0 1
605.504 0.484 0.512 0.004 1
606.102 0.574 0.536 0.002 1
606.606 0.536 0.504 0 1
607.132 0.504 0.526 0 1
607.656 0.526 0.524 0 1
608.192 0.578 0.482 0 1
608.698 0.482 0.506 0 1
609.21 0.506 0.512 0.002 1
609.764 0.57 0.496 0 1
610.238 0.496 0.474 0 1
610.766 0.528 0.474 0 1
611.266 0.474 0.5 0 1
611.79 0.56 0.464 0.002 1
612.288 0.466 0.496 0 1
612.844 0.54 0.512 0.006 1
613.328 0.514 0.482 0.002 1
613.846 0.546 0.454 0 1
614.3 0.454 0.454 0.002 1
614.76 0.454 0.46 0 1
615.248 0.502 0.446 0 1
615.678 0.446 0.43 0.002 1
616.18 0.482 0.45 0.002 1
616.758 0.45 0.578 0.002 1
617.36 0.62 0.56 0.002 1
617.844 0.562 0.482 0 1
618.472 0.534 0.576 0.002 1
619.016 0.576 0.544 0.002 1
619.572 0.544 0.556 0 1
620.102 0.614 0.472 0 1
620.594 0.472 0.492 0 1
621.118 0.556 0.46 0.004 1
621.58 0.46 0.462 0.002 1
622.11 0.522 0.47 0.002 1
622.598 0.47 0.488 0 1
623.142 0.55 0.482 0 1
623.598 0.482 0.456 0.002 1
624.108 0.506 0.46 0 1
624.592 0.46 0.484 0 1
625.146 0.576 0.462 0 1
625.618 0.462 0.472 0.002 1
626.068 0.472 0.45 0 1
626.6 0.514 0.468 0 1
627.048 0.468 0.448 0 1
627.514 0.448 0.466 0.002 1
627.962 0.466 0.448 0 1
628.494 0.504 0.476 0.002 1
628.964 0.476 0.47 0 1
629.432 0.47 0.468 0 1
629.896 0.468 0.464 0.002 1
630.474 0.54 0.502 0 1
630.974 0.56 0.442 0.002 1
631.442 0.442 0.468 0.002 1
631.922 0.524 0.424 0.002 1
632.372 0.424 0.45 0 1
632.846 0.5 0.424 0 1
633.23 0.424 0.384 0.008 1
633.7 0.44 0.414 0 1
634.144 0.414 0.444 0 1
634.648 0.514 0.434 0.002 1
635.098 0.434 0.45 0.002 1
635.52 0.45 0.422 0 1
635.952 0.422 0.432 0 1
636.47 0.494 0.456 0 1
636.922 0.456 0.452 0 1
637.368 0.452 0.446 0 1
637.9 0.528 0.45 0 1
638.342 0.45 0.442 0.008 1
638.792 0.442 0.45 0 1
639.326 0.504 0.48 0.002 1
639.738 0.48 0.412 0 1
640.232 0.412 0.494 0.004 1
640.752 0.562 0.452 0.002 1
641.224 0.452 0.472 0 1
641.696 0.472 0.472 0.002 1
642.15 0.472 0.454 0.002 1
642.696 0.512 0.488 0.002 1
643.156 0.488 0.46 0 1
643.674 0.538 0.44 0 1
644.132 0.44 0.458 0 1
644.56 0.458 0.428 0 1
645.07 0.494 0.444 0 1
645.534 0.444 0.464 0.002 1
645.976 0.464 0.442 0.002 1
646.476 0.5 0.442 0 1
646.9 0.442 0.424 0 1
647.39 0.48 0.434 0 1
647.838 0.434 0.448 0 1
648.358 0.512 0.456 0 1
648.818 0.456 0.46 0.002 1
649.22 0.46 0.402 0.002 1
649.816 0.504 0.494 0 1
650.256 0.494 0.44 0 1
650.716 0.44 0.46 0 1
651.246 0.532 0.458 0.002 1
651.696 0.458 0.45 0.006 1
652.222 0.51 0.466 0.004 1
652.67 0.466 0.448 0 1
653.174 0.546 0.406 0 1
653.606 0.406 0.432 0.002 1
654.072 0.432 0.466 0.002 1
654.548 0.536 0.406 0.006 1
655.006 0.406 0.458 0.002 1
655.442 0.458 0.436 0 1
655.88 0.438 0.436 0 1
656.386 0.496 0.446 0.002 1
656.836 0.446 0.45 0 1
657.38 0.518 0.476 0.002 1
657.822 0.476 0.442 0.002 1
658.314 0.504 0.43 0.002 1
658.748 0.43 0.434 0.002 1
659.178 0.434 0.43 0 1
659.716 0.526 0.442 0.002 1
660.182 0.496 0.412 0 1
660.622 0.412 0.44 0.002 1
661.16 0.518 0.46 0.002 1
661.568 0.46 0.408 0.002 1
662.096 0.47 0.466 0 1
662.528 0.466 0.432 0 1
663.03 0.51 0.424 0 1
663.51 0.424 0.48 0 1
664.006 0.54 0.436 0.002 1
664.41 0.436 0.404 0 1
664.904 0.462 0.436 0.002 1
665.336 0.436 0.432 0 1
665.752 0.432 0.416 0.004 1
666.144 0.416 0.392 0 1
666.566 0.392 0.422 0.002 1
667.03 0.486 0.4 0 1
667.516 0.464 0.422 0.002 1
667.904 0.422 0.388 0 1
668.362 0.442 0.404 0.004 1
668.866 0.478 0.43 0 1
669.248 0.43 0.382 0 1
669.764 0.454 0.444 0 1
670.244 0.498 0.426 0.002 1
670.64 0.426 0.396 0.002 1
671.132 0.484 0.404 0 1
671.56 0.406 0.426 0 1
671.96 0.426 0.4 0 1
672.43 0.448 0.422 0.002 1
672.938 0.484 0.446 0.002 1
673.352 0.446 0.414 0.002 1
673.924 0.516 0.47 0.004 1
674.344 0.47 0.42 0.002 1
674.78 0.42 0.436 0 1
675.262 0.506 0.412 0.002 1
675.686 0.412 0.424 0.004 1
676.138 0.488 0.388 0 1
676.542 0.388 0.404 0 1
677.026 0.444 0.444 0.002 1
677.428 0.444 0.402 0 1
677.87 0.402 0.442 0.002 1
678.382 0.508 0.446 0.002 1
678.856 0.512 0.408 0.002 1
679.266 0.41 0.408 0.002 1
679.73 0.456 0.416 0.002 1
680.15 0.416 0.42 0.002 1
680.564 0.42 0.414 0.004 1
680.986 0.414 0.422 0.002 1
681.446 0.422 0.46 0 1
681.898 0.536 0.376 0 1
682.298 0.376 0.4 0 1
682.78 0.472 0.41 0.002 1
683.168 0.412 0.386 0 1
683.542 0.386 0.374 0.002 1
684.02 0.452 0.4 0.002 1
684.424 0.4 0.404 0 1
684.866 0.44 0.406 0.002 1
685.314 0.464 0.39 0.002 1
685.714 0.39 0.4 0.002 1
686.128 0.4 0.414 0 1
686.534 0.414 0.406 0 1
686.972 0.452 0.392 0.002 1
687.378 0.392 0.406 0.002 1
687.844 0.468 0.404 0 1
688.262 0.404 0.418 0.002 1
688.69 0.418 0.428 0 1
689.162 0.476 0.424 0 1
689.642 0.492 0.412 0 1
690.066 0.412 0.424 0 1
690.534 0.502 0.39 0.002 1
691.058 0.458 0.456 0.002 1
691.476 0.456 0.418 0.002 1
691.916 0.48 0.378 0 1
692.282 0.378 0.366 0.002 1
692.704 0.436 0.352 0.002 1
693.074 0.352 0.37 0.002 1
693.508 0.442 0.362 0.002 1
693.844 0.362 0.336 0.002 1
694.24 0.392 0.34 0.002 1
694.592 0.34 0.352 0 1
694.9 0.352 0.308 0 1
695.256 0.308 0.356 0 1
695.664 0.41 0.354 0 1
696.048 0.354 0.384 0 1
696.834 0.466 0.704 0 1
697.476 0.704 0.642 0.002 1
698.172 0.718 0.62 0 1
698.826 0.62 0.654 0.002 1
699.536 0.712 0.652 0 1
700.216 0.652 0.68 0 1
700.844 0.756 0.552 0.002 1
701.402 0.552 0.558 0 1
701.868 0.636 0.388 0.002 1
702.25 0.388 0.382 0 1
702.626 0.382 0.376 0 1
703.122 0.454 0.418 0.002 1
703.536 0.418 0.414 0 1
704.022 0.498 0.402 0 1
704.394 0.402 0.372 0 1
704.894 0.446 0.426 0 1
705.284 0.426 0.39 0 1
705.704 0.39 0.42 0.002 1
706.104 0.42 0.4 0 1
706.532 0.468 0.36 0.002 1
706.9 0.36 0.368 0 1
707.314 0.43 0.352 0 1
707.672 0.352 0.358 0.002 1
708.03 0.358 0.358 0.002 1
708.408 0.358 0.378 0.002 1
708.814 0.45 0.334 0 1
709.168 0.334 0.354 0.002 1
709.57 0.412 0.344 0 1
709.974 0.41 0.338 0 1
710.342 0.338 0.368 0 1
710.79 0.432 0.384 0.002 1
711.176 0.384 0.386 0.002 1
711.598 0.442 0.366 0 1
711.994 0.366 0.396 0.006 1
712.43 0.474 0.358 0.002 1
712.816 0.418 0.326 0 1
713.224 0.326 0.408 0.002 1
713.706 0.486 0.404 0.002 1
714.102 0.404 0.396 0.002 1
714.564 0.468 0.39 0 1
714.922 0.39 0.358 0 1
715.382 0.424 0.394 0.002 1
715.748 0.394 0.366 0 1
716.106 0.366 0.358 0.006 1
716.48 0.358 0.374 0.002 1
717.088 0.428 0.554 0 1
717.68 0.616 0.53 0.002 1
718.168 0.53 0.488 0.002 1
718.74 0.548 0.512 0 1
719.28 0.512 0.54 0 1
719.892 0.614 0.538 0 1
720.466 0.538 0.574 0.002 1
721.126 0.65 0.584 0 1
721.66 0.584 0.534 0.002 1
722.256 0.596 0.534 0 1
722.878 0.604 0.552 0 1
723.404 0.552 0.526 0.002 1
724.03 0.59 0.562 0 1
724.562 0.562 0.532 0.002 1
725.184 0.622 0.532 0 1
725.656 0.532 0.472 0.002 1
726.22 0.542 0.494 0 1
726.672 0.494 0.452 0 1
727.138 0.452 0.466 0 1
727.504 0.54 0.292 0.002 1
727.788 0.292 0.284 0.002 1
728.084 0.284 0.296 0 1
728.422 0.358 0.276 0 1
728.906 0.276 0.484 0 1
729.406 0.484 0.5 0 1
729.91 0.5 0.504 0.002 1
730.482 0.582 0.494 0 1
730.942 0.494 0.46 0 1
731.482 0.54 0.46 0.002 1
731.95 0.46 0.468 0 1
732.402 0.468 0.452 0 1
732.88 0.452 0.478 0.002 1
733.342 0.478 0.462 0 1
733.804 0.516 0.408 0 1
734.2 0.408 0.396 0 1
734.616 0.396 0.416 0.002 1
735.04 0.416 0.424 0 1
735.458 0.424 0.418 0 1
735.684 0.48 0.164 0 1
735.854 0.164 0.17 0 1
736.006 0.17 0.152 0 1
736.168 0.152 0.162 0 1
736.332 0.162 0.164 0.002 1
736.496 0.164 0.164 0 1
736.638 0.164 0.142 0 1
736.8 0.142 0.162 0.002 1
737.028 0.222 0.168 0 1
737.168 0.168 0.14 0 1
737.3 0.14 0.132 0 1
737.438 0.132 0.138 0 1
737.646 0.214 0.132 0 1
737.788 0.132 0.142 0 1
737.91 0.142 0.122 0 1
738.026 0.122 0.116 0 1
738.152 0.116 0.126 0 1
738.244 0.126 0.092 0 1
738.456 0.168 0.136 0 1
738.582 0.136 0.126 0 1
738.708 0.126 0.126 0 1
738.814 0.126 0.106 0 1
738.92 0.106 0.106 0.002 1
739.056 0.106 0.136 0.002 1
739.218 0.18 0.118 0 1
739.35 0.118 0.132 0 1
739.494 0.132 0.144 0 1
739.624 0.144 0.13 0 1
739.75 0.13 0.126 0 1
739.89 0.128 0.138 0 1
740.026 0.138 0.136 0 1
740.278 0.244 0.144 0 1
740.378 0.146 0.098 0 1
740.478 0.098 0.1 0 1
740.59 0.1 0.112 0 1
740.686 0.112 0.096 0.002 1
740.792 0.096 0.106 0 1
740.968 0.17 0.112 0 1
741.01 0.112 0.042 0 1
741.046 0.044 0.034 0 1
741.098 0.042 0.044 0 1
741.142 0.048 0.04 0 1
741.192 0.048 0.042 0 1
741.236 0.042 0.044 0 1
741.294 0.052 0.05 0 1
741.338 0.052 0.042 0 1
741.39 0.048 0.046 0 1
741.442 0.052 0.046 0 1
741.488 0.048 0.044 0.002 1
741.532 0.046 0.042 0 1
741.588 0.042 0.056 0 1
741.74 0.156 0.052 0 1
741.786 0.052 0.046 0 1
741.788 0.046 0.002 0 1
741.812 0.026 0 0 1
741.858 0.044 0.002 0 1
741.91 0.052 0.002 0 1
741.96 0.052 0 0 1
742.014 0.052 0.002 0 1
742.064 0.05 0.002 0 1
742.114 0.052 0 0 1
742.164 0.05 0 0 1
742.214 0.05 0 0 1
742.262 0.048 0 0 1
742.308 0.046 0 0 1
742.364 0.054 0.002 0 1
742.41 0.048 0 0 1
742.518 0.108 0 0 1
742.52 0.002 0 0 1
742.566 0.046 0 0 1
742.614 0.048 0 0 1
742.67 0.056 0 0 1
742.718 0.048 0 0 1
742.772 0.052 0.002 0 1
742.822 0.052 0 0 1
742.868 0.046 0 0 1
742.922 0.054 0 0 1
742.972 0.048 0.002 0 1
743.024 0.048 0.006 0.006 1
743.074 0.056 0 0 1
743.124 0.05 0 0 1
743.172 0.048 0 0 1
743.218 0.046 0 0 1
743.268 0.05 0 0 1
743.444 0.174 0.002 0.002 1
743.494 0.05 0.002 0 1
743.542 0.05 0 0 1
743.594 0.052 0 0 1
743.644 0.05 0 0 1
743.696 0.052 0 0 1
743.746 0.048 0.002 0 1
743.798 0.052 0.002 0.002 1
743.85 0.052 0.002 0 1
743.9 0.052 0 0 1
743.952 0.052 0 0 1
744.004 0.052 0 0 1
744.056 0.052 0 0 1
744.1 0.044 0 0 1
744.14 0.04 0 0 1
744.196 0.054 0.002 0.002 1
744.24 0.046 0 0 1
744.296 0.056 0 0 1
744.408 0.112 0 0 1
744.444 0.036 0 0 1
744.496 0.05 0.002 0 1
744.548 0.054 0 0 1
744.592 0.044 0 0 1
744.646 0.054 0 0 1
744.696 0.05 0 0 1
744.748 0.052 0 0 1
744.798 0.05 0 0 1
744.852 0.052 0.002 0 1
744.9 0.048 0.002 0 1
744.944 0.046 0 0 1
744.988 0.044 0 0 1
745.04 0.05 0.002 0 1
745.086 0.048 0 0 1
745.186 0.098 0.002 0 1
745.222 0.036 0.002 0.002 1
745.274 0.054 0 0 1
745.322 0.048 0 0 1
745.368 0.044 0.002 0 1
745.422 0.054 0.002 0 1
745.462 0.042 0 0 1
745.504 0.042 0 0 1
745.556 0.05 0.002 0 1
745.604 0.048 0.002 0 1
745.656 0.052 0.002 0 1
745.708 0.052 0.002 0 1
745.752 0.044 0.002 0 1
745.802 0.052 0 0 1
745.854 0.052 0 0 1
745.902 0.048 0 0 1
745.954 0.05 0.002 0 1
746.002 0.048 0.002 0 1
746.088 0.086 0.002 0 1
746.112 0.026 0 0 1
746.164 0.052 0 0 1
746.22 0.056 0 0 1
746.264 0.044 0 0 1
746.314 0.048 0.002 0 1
746.366 0.054 0 0 1
746.418 0.05 0.002 0 1
746.468 0.052 0 0 1
746.516 0.044 0.004 0 1
746.562 0.05 0 0 1
746.614 0.05 0.002 0 1
746.664 0.052 0 0 1
746.714 0.05 0 0 1
746.76 0.046 0 0 1
746.81 0.05 0 0 1
746.86 0.05 0 0 1
746.91 0.05 0 0 1
746.96 0.05 0 0 1
747.074 0.112 0.002 0 1
747.084 0.01 0.002 0 1
747.136 0.052 0.002 0.002 1
747.188 0.052 0.002 0 1
747.242 0.056 0 0 1
747.288 0.044 0.002 0 1
747.34 0.054 0 0 1
747.39 0.05 0 0 1
747.438 0.048 0 0 1
747.482 0.044 0 0 1
747.536 0.052 0.002 0 1
747.586 0.052 0 0 1
747.638 0.052 0 0 1
747.686 0.048 0 0 1
747.728 0.042 0 0 1
747.782 0.052 0.002 0 1
747.834 0.052 0.002 0.002 1
747.886 0.052 0.002 0 1
747.934 0.05 0 0 1
747.984 0.05 0 0 1
748.108 0.124 0 0 1
748.114 0.004 0.002 0.002 1
748.166 0.052 0.002 0 1
748.218 0.054 0 0 1
748.27 0.052 0 0 1
748.316 0.046 0 0 1
748.36 0.042 0.002 0 1
748.412 0.054 0 0 1
748.462 0.05 0 0 1
748.514 0.05 0.002 0 1
748.562 0.048 0.002 0 1
748.614 0.054 0 0 1
748.664 0.048 0.002 0 1
748.714 0.052 0 0 1
748.762 0.048 0 0 1
748.814 0.05 0.002 0 1
748.862 0.05 0 0 1
748.914 0.052 0 0 1
748.966 0.05 0.002 0 1
749.094 0.118 0.012 0.01 1
749.13 0.048 0 0 1
749.182 0.052 0 0 1
749.228 0.046 0 0 1
749.278 0.05 0 0 1
749.32 0.042 0 0 1
749.374 0.052 0.002 0 1
749.424 0.052 0 0 1
749.472 0.046 0.002 0 1
749.524 0.052 0.002 0 1
749.572 0.05 0 0 1
749.62 0.048 0 0 1
749.67 0.05 0 0 1
749.722 0.05 0.002 0 1
749.768 0.042 0.006 0 1
749.818 0.056 0 0 1
749.946 0.124 0.004 0.002 1
749.956 0.012 0.002 0 1
750.008 0.052 0.002 0 1
750.052 0.044 0.002 0 1
750.1 0.05 0 0 1
750.15 0.05 0 0 1
750.198 0.048 0 0 1
750.248 0.05 0 0 1
750.3 0.052 0 0 1
750.348 0.048 0 0 1
750.39 0.042 0 0 1
750.442 0.052 0 0 1
750.496 0.052 0.002 0 1
750.542 0.048 0 0 1
750.592 0.05 0 0 1
750.642 0.048 0.002 0 1
750.692 0.052 0 0 1
750.744 0.052 0 0 1
750.892 0.146 0.002 0 1
750.926 0.036 0 0 1
750.958 0.032 0 0 1
751.012 0.052 0.002 0 1
751.066 0.056 0 0 1
751.116 0.05 0 0 1
751.168 0.052 0 0 1
751.216 0.048 0 0 1
751.268 0.052 0 0 1
751.318 0.05 0 0 1
751.368 0.048 0.002 0 1
751.418 0.05 0.002 0 1
751.466 0.05 0 0 1
751.52 0.052 0.002 0 1
751.568 0.05 0 0 1
751.618 0.048 0.002 0 1
751.664 0.046 0.002 0 1
751.712 0.05 0 0 1
751.764 0.052 0 0 1
751.898 0.134 0 0 1
751.948 0.048 0.002 0 1
752 0.054 0 0 1
752.05 0.05 0 0 1
752.104 0.054 0 0 1
752.156 0.052 0 0 1
752.206 0.05 0 0 1
752.254 0.048 0 0 1
752.306 0.052 0 0 1
752.35 0.042 0.002 0 1
752.396 0.048 0 0 1
752.448 0.052 0 0 1
752.492 0.044 0 0 1
752.544 0.052 0 0 1
752.596 0.05 0.002 0 1
752.642 0.046 0.002 0 1
752.692 0.05 0.002 0 1
752.744 0.052 0.002 0 1
752.79 0.048 0 0 1
752.844 0.052 0.002 0 1
752.894 0.052 0 0 1
752.944 0.05 0 0 1
752.998 0.052 0.002 0 1
753.042 0.046 0 0 1
753.094 0.052 0 0 1
753.136 0.04 0.002 0 1
753.184 0.05 0 0 1
753.234 0.05 0 0 1
753.288 0.052 0.002 0 1
753.334 0.048 0 0 1
753.388 0.052 0.002 0 1
753.44 0.054 0 0 1
753.546 0.104 0.002 0 1
753.572 0.026 0.002 0 1
753.622 0.052 0 0 1
753.672 0.048 0.002 0 1
753.72 0.048 0.002 0 1
753.764 0.046 0 0 1
753.816 0.052 0 0 1
753.866 0.05 0 0 1
753.904 0.036 0.002 0 1
753.958 0.054 0.002 0 1
753.998 0.042 0 0 1
754.046 0.048 0 0 1
754.102 0.054 0.002 0 1
754.152 0.05 0.002 0 1
754.204 0.052 0.002 0 1
754.256 0.052 0.002 0 1
754.302 0.048 0 0 1
754.356 0.052 0.002 0 1
754.408 0.052 0.002 0 1
754.508 0.1 0.002 0 1
754.516 0.01 0 0 1
754.562 0.046 0 0 1
754.602 0.038 0.002 0 1
754.658 0.058 0 0 1
754.708 0.05 0 0 1
754.76 0.052 0 0 1
754.818 0.056 0.002 0 1
754.872 0.056 0 0 1
754.926 0.054 0 0 1
754.98 0.052 0.002 0 1
755.026 0.048 0 0 1
755.078 0.052 0 0 1
755.128 0.048 0.002 0 1
755.18 0.052 0.002 0 1
755.228 0.05 0 0 1
755.278 0.048 0.002 0 1
755.324 0.046 0.002 0 1
755.426 0.102 0.002 0.002 1
755.446 0.022 0 0 1
755.482 0.036 0 0 1
755.528 0.046 0 0 1
755.58 0.052 0 0 1
755.636 0.056 0 0 1
755.686 0.05 0 0 1
755.74 0.052 0.002 0 1
755.79 0.052 0 0 1
755.838 0.046 0.002 0 1
755.888 0.05 0.002 0 1
755.938 0.052 0 0 1
755.988 0.05 0 0 1
756.04 0.052 0 0 1
756.088 0.048 0 0 1
756.138 0.05 0 0 1
756.188 0.048 0.002 0.002 1
756.236 0.048 0.002 0 1
756.282 0.046 0.002 0 1
756.332 0.05 0.002 0 1
756.38 0.048 0.002 0 1
756.428 0.05 0 0 1
756.47 0.042 0 0 1
756.524 0.054 0 0 1
756.576 0.052 0 0 1
756.63 0.054 0 0 1
756.674 0.044 0 0 1
756.726 0.05 0.002 0 1
756.774 0.05 0 0 1
756.816 0.042 0 0 1
756.868 0.052 0 0 1
756.92 0.052 0 0 1
756.972 0.052 0 0 1
757.024 0.05 0.002 0 1
757.164 0.14 0.002 0.002 1
757.2 0.038 0 0 1
757.278 0.048 0.03 0.03 1
757.302 0.052 0.002 0 1
757.354 0.052 0.002 0 1
757.406 0.054 0 0 1
757.46 0.052 0.002 0 1
757.51 0.05 0.002 0 1
757.562 0.052 0.002 0 1
757.606 0.046 0 0 1
757.658 0.05 0.002 0 1
757.716 0.058 0.002 0 1
757.756 0.042 0 0 1
757.81 0.052 0.002 0 1
757.85 0.042 0 0 1
757.904 0.052 0.002 0 1
758.042 0.14 0 0 1
758.082 0.04 0 0 1
758.134 0.052 0 0 1
758.184 0.05 0 0 1
758.226 0.042 0 0 1
758.274 0.046 0.002 0.002 1
758.322 0.05 0 0 1
758.372 0.05 0 0 1
758.418 0.044 0.002 0 1
758.466 0.05 0 0 1
758.516 0.05 0 0 1
758.552 0.034 0.002 0.002 1
758.604 0.052 0.002 0 1
758.654 0.052 0 0 1
758.704 0.048 0.002 0.002 1
758.746 0.042 0.002 0 1
758.868 0.124 0 0 1
758.882 0.014 0 0 1
758.924 0.042 0 0 1
758.98 0.054 0.002 0 1
759.03 0.05 0.002 0 1
759.078 0.05 0 0 1
759.13 0.052 0 0 1
759.182 0.052 0 0 1
759.234 0.05 0.002 0 1
759.284 0.052 0 0 1
759.336 0.05 0.002 0 1
759.386 0.05 0.002 0 1
759.438 0.052 0.002 0 1
759.484 0.048 0 0 1
759.534 0.05 0 0 1
759.584 0.05 0 0 1
759.63 0.044 0.002 0 1
759.68 0.052 0 0 1
759.73 0.05 0 0 1
759.848 0.118 0 0 1
759.858 0.008 0.002 0.002 1
759.9 0.044 0 0 1
759.956 0.054 0.002 0 1
760.004 0.05 0 0 1
760.052 0.048 0 0 1
760.098 0.044 0.002 0 1
760.15 0.054 0 0 1
760.198 0.048 0 0 1
760.252 0.054 0 0 1
760.302 0.05 0 0 1
760.354 0.052 0 0 1
760.4 0.044 0.002 0 1
760.45 0.052 0 0 1
760.494 0.044 0 0 1
760.544 0.048 0.002 0 1
760.716 0.174 0 0 1
760.722 0.006 0 0 1
760.766 0.044 0 0 1
760.814 0.048 0 0 1
760.868 0.052 0.002 0 1
760.914 0.048 0 0 1
760.964 0.05 0 0 1
761.016 0.05 0.002 0 1
761.066 0.052 0 0 1
761.118 0.05 0.002 0 1
761.168 0.052 0 0 1
761.216 0.046 0.002 0 1
761.264 0.05 0 0 1
761.318 0.054 0 0 1
761.364 0.046 0 0 1
761.416 0.052 0 0 1
761.464 0.046 0.002 0 1
761.554 0.09 0.002 0 1
761.574 0.022 0 0 1
761.624 0.048 0.002 0 1
761.672 0.05 0 0 1
761.718 0.044 0.002 0.002 1
761.768 0.052 0 0 1
761.816 0.048 0 0 1
761.864 0.046 0.002 0 1
761.916 0.052 0.002 0 1
761.962 0.048 0 0 1
762.008 0.044 0.002 0.002 1
762.058 0.05 0.002 0 1
762.106 0.05 0 0 1
762.162 0.054 0.002 0 1
762.204 0.044 0 0 1
762.258 0.054 0 0 1
762.31 0.052 0 0 1
762.358 0.048 0 0 1
762.452 0.092 0.002 0 1
762.48 0.028 0.002 0 1
762.53 0.052 0 0 1
762.578 0.048 0 0 1
762.628 0.048 0.002 0 1
762.678 0.052 0 0 1
762.728 0.05 0 0 1
762.778 0.048 0.002 0 1
762.826 0.05 0 0 1
762.872 0.046 0 0 1
762.922 0.05 0 0 1
762.964 0.042 0 0 1
763.018 0.052 0.002 0 1
763.068 0.052 0 0 1
763.118 0.05 0 0 1
763.168 0.05 0 0 1
763.218 0.05 0 0 1
763.27 0.052 0 0 1
763.318 0.048 0 0 1
763.364 0.046 0 0 1
763.414 0.05 0 0 1
763.464 0.05 0 0 1
763.514 0.048 0.002 0.002 1
763.558 0.046 0 0 1
763.606 0.048 0 0 1
763.654 0.048 0 0 1
763.702 0.048 0 0 1
763.746 0.044 0 0 1
763.796 0.05 0 0 1
763.846 0.05 0 0 1
763.892 0.044 0.002 0 1
763.938 0.048 0 0 1
763.99 0.052 0 0 1
764.166 0.174 0.002 0 1
764.194 0.03 0 0 1
764.22 0.026 0 0 1
764.264 0.044 0 0 1
764.318 0.054 0 0 1
764.372 0.054 0 0 1
764.422 0.048 0.002 0.002 1
764.468 0.046 0.002 0 1
764.518 0.05 0.002 0 1
764.566 0.048 0.002 0 1
764.614 0.05 0 0 1
764.656 0.04 0.002 0.002 1
764.708 0.052 0.002 0 1
764.758 0.052 0 0 1
764.882 0.122 0.002 0 1
764.892 0.01 0.002 0 1
764.942 0.05 0.002 0.002 1
764.988 0.048 0 0 1
765.036 0.048 0 0 1
765.086 0.05 0 0 1
765.134 0.046 0.002 0 1
765.184 0.05 0.002 0.002 1
765.232 0.048 0.002 0 1
765.276 0.046 0 0 1
765.326 0.05 0 0 1
765.368 0.04 0.002 0.002 1
765.42 0.054 0 0 1
765.466 0.046 0 0 1
765.508 0.042 0 0 1
765.558 0.048 0.002 0 1
765.61 0.052 0.002 0 1
765.66 0.052 0 0 1
765.82 0.16 0 0 1
765.854 0.034 0 0 1
765.902 0.046 0.002 0 1
765.954 0.054 0 0 1
766.008 0.052 0.002 0 1
766.058 0.052 0 0 1
766.108 0.05 0 0 1
766.154 0.046 0 0 1
766.206 0.052 0 0 1
766.256 0.048 0.002 0 1
766.304 0.05 0 0 1
766.356 0.052 0 0 1
766.408 0.052 0 0 1
766.458 0.05 0 0 1
766.51 0.052 0 0 1
766.56 0.05 0 0 1
766.61 0.05 0 0 1
766.658 0.048 0 0 1
766.778 0.118 0.002 0.002 1
766.812 0.03 0.006 0 1
766.828 0.02 0.002 0 1
766.884 0.056 0.002 0 1
766.936 0.05 0.004 0 1
766.988 0.056 0 0 1
767.036 0.048 0 0 1
767.09 0.052 0.002 0 1
767.138 0.05 0 0 1
767.19 0.05 0.002 0 1
767.238 0.05 0 0 1
767.288 0.05 0 0 1
767.33 0.04 0.002 0 1
767.372 0.042 0.002 0 1
767.42 0.05 0 0 1
767.474 0.054 0 0 1
767.526 0.052 0 0 1
767.572 0.046 0 0 1
767.626 0.054 0 0 1
767.744 0.118 0 0 1
767.748 0.002 0.002 0 1
767.794 0.046 0.002 0 1
767.838 0.046 0 0 1
767.884 0.044 0.002 0 1
767.936 0.052 0.002 0.002 1
767.988 0.054 0 0 1
768.04 0.05 0.002 0 1
768.094 0.054 0.002 0 1
768.144 0.052 0 0 1
768.194 0.048 0.002 0 1
768.236 0.042 0.002 0 1
768.288 0.052 0.002 0 1
768.338 0.052 0 0 1
768.384 0.046 0 0 1
768.434 0.048 0.002 0 1
768.476 0.044 0 0 1
768.516 0.04 0 0 1
768.566 0.048 0.002 0 1
768.618 0.052 0.002 0 1
768.658 0.042 0 0 1
768.802 0.144 0 0 1
768.818 0.016 0 0 1
768.892 0.072 0.002 0 1
768.918 0.026 0.002 0 1
768.964 0.046 0.002 0 1
769.012 0.05 0 0 1
769.062 0.048 0.002 0 1
769.1 0.04 0 0 1
769.154 0.052 0.002 0 1
769.208 0.056 0 0 1
769.244 0.036 0 0 1
769.3 0.054 0.002 0 1
769.352 0.054 0 0 1
769.402 0.05 0 0 1
769.438 0.034 0.002 0 1
769.492 0.056 0 0 1
769.542 0.05 0 0 1
769.598 0.056 0 0 1
769.644 0.046 0 0 1
769.698 0.054 0 0 1
769.824 0.126 0 0 1
769.85 0.026 0 0 1
769.884 0.034 0 0 1
769.938 0.052 0.002 0 1
769.99 0.054 0 0 1
770.04 0.05 0 0 1
770.092 0.052 0 0 1
770.142 0.05 0 0 1
770.186 0.042 0.002 0 1
770.228 0.042 0.002 0 1
770.272 0.046 0 0 1
770.322 0.05 0 0 1
770.37 0.048 0 0 1
770.422 0.052 0 0 1
770.474 0.052 0 0 1
770.524 0.05 0 0 1
770.576 0.05 0.002 0 1
770.618 0.044 0 0 1
770.668 0.05 0 0 1
770.718 0.05 0 0 1
771.048 0.33 0 0 1
771.082 0.034 0 0 1
771.132 0.046 0.004 0 1
771.182 0.054 0 0 1
771.23 0.046 0.002 0 1
771.28 0.052 0 0 1
771.328 0.046 0.002 0 1
771.376 0.05 0 0 1
771.422 0.046 0 0 1
771.472 0.05 0 0 1
771.518 0.044 0.002 0 1
771.564 0.046 0.002 0 1
771.612 0.05 0 0 1
771.662 0.048 0.002 0 1
771.782 0.122 0 0 1
771.794 0.012 0 0 1
771.844 0.05 0 0 1
771.892 0.048 0 0 1
771.944 0.052 0 0 1
771.992 0.048 0 0 1
772.038 0.044 0.002 0 1
772.082 0.046 0 0 1
772.136 0.054 0 0 1
772.182 0.044 0.002 0 1
772.226 0.046 0 0 1
772.276 0.048 0.002 0 1
772.324 0.05 0 0 1
772.376 0.052 0 0 1
772.428 0.05 0.002 0 1
772.474 0.048 0 0 1
772.526 0.052 0 0 1
772.578 0.052 0 0 1
772.626 0.048 0 0 1
772.678 0.052 0 0 1
772.722 0.044 0 0 1
772.876 0.152 0.002 0.002 1
772.904 0.026 0.004 0 1
772.956 0.056 0 0 1
773.008 0.05 0.002 0 1
773.06 0.052 0.002 0 1
773.112 0.052 0.002 0 1
773.16 0.05 0 0 1
773.21 0.048 0.002 0 1
773.262 0.052 0.002 0 1
773.312 0.05 0.002 0 1
773.36 0.048 0.002 0.002 1
773.404 0.046 0 0 1
773.456 0.052 0 0 1
773.508 0.052 0 0 1
773.556 0.048 0 0 1
773.608 0.05 0.002 0 1
773.676 0.07 0 0 1
773.676 0 0 0 1
773.676 0 0 0 1
773.676 0 0 0 1
773.732 0.056 0 0 1
773.782 0.05 0 0 1
773.834 0.052 0 0 1
773.882 0.046 0.002 0 1
773.932 0.052 0 0 1
773.98 0.044 0.004 0 1
774.03 0.054 0 0 1
774.074 0.044 0 0 1
774.116 0.04 0.002 0 1
774.164 0.05 0 0 1
774.216 0.052 0 0 1
774.264 0.044 0.004 0 1
774.368 0.106 0.002 0 1
774.374 0.006 0.002 0.002 1
774.442 0.012 0.058 0.056 1
774.482 0.098 0 0 1
774.53 0.048 0 0 1
774.574 0.042 0.002 0 1
774.62 0.048 0 0 1
774.68 0.058 0.002 0 1
774.73 0.052 0 0 1
774.782 0.052 0 0 1
774.832 0.048 0.002 0 1
774.882 0.052 0 0 1
774.932 0.048 0.002 0 1
774.984 0.054 0 0 1
775.036 0.052 0 0 1
775.088 0.052 0 0 1
775.136 0.048 0 0 1
775.184 0.048 0 0 1
775.232 0.048 0 0 1
775.352 0.12 0 0 1
775.354 0 0.002 0.002 1
775.388 0.036 0 0 1
775.44 0.05 0.002 0 1
775.49 0.052 0 0 1
775.54 0.05 0 0 1
775.592 0.052 0 0 1
775.636 0.044 0 0 1
775.69 0.052 0.002 0 1
775.738 0.05 0 0 1
775.78 0.04 0.002 0 1
775.834 0.054 0.002 0 1
775.884 0.052 0 0 1
775.938 0.052 0.002 0.002 1
775.986 0.05 0 0 1
776.038 0.052 0 0 1
776.086 0.048 0 0 1
776.138 0.052 0 0 1
776.186 0.048 0 0 1
776.418 0.232 0 0 1
776.458 0.04 0 0 1
776.514 0.054 0.002 0 1
776.566 0.052 0.002 0 1
776.618 0.052 0.002 0 1
776.67 0.054 0 0 1
776.722 0.05 0.002 0.002 1
776.774 0.052 0.002 0 1
776.82 0.048 0 0 1
776.87 0.048 0.002 0 1
776.92 0.048 0.004 0.002 1
776.968 0.052 0 0 1
777.02 0.05 0.002 0 1
777.07 0.05 0.002 0 1
777.116 0.046 0.002 0 1
777.166 0.052 0 0 1
777.216 0.05 0 0 1
777.266 0.048 0.002 0 1
777.314 0.048 0.002 0 1
777.366 0.054 0 0 1
777.416 0.048 0.002 0 1
777.466 0.052 0 0 1
777.512 0.044 0.002 0.002 1
777.554 0.044 0 0 1
777.606 0.052 0 0 1
777.652 0.046 0 0 1
777.702 0.05 0 0 1
777.744 0.042 0 0 1
777.794 0.048 0.002 0 1
777.846 0.054 0 0 1
777.898 0.052 0 0 1
777.948 0.05 0 0 1
777.998 0.05 0 0 1
778.046 0.048 0 0 1
778.162 0.116 0 0 1
778.17 0.006 0.002 0 1
778.216 0.046 0.002 0 1
778.266 0.052 0 0 1
778.318 0.05 0.002 0 1
778.374 0.056 0.002 0 1
778.428 0.054 0.002 0 1
778.48 0.054 0 0 1
778.532 0.05 0.002 0 1
778.576 0.046 0 0 1
778.62 0.044 0 0 1
778.67 0.05 0 0 1
778.72 0.05 0 0 1
778.772 0.05 0.002 0 1
778.814 0.044 0 0 1
778.864 0.05 0 0 1
778.916 0.05 0.002 0 1
778.966 0.052 0 0 1
779.02 0.054 0 0 1
779.07 0.05 0 0 1
779.124 0.052 0.002 0 1
779.176 0.054 0 0 1
779.22 0.044 0 0 1
779.272 0.052 0 0 1
779.322 0.05 0 0 1
779.372 0.048 0.002 0 1
779.422 0.05 0.002 0 1
779.47 0.05 0 0 1
779.522 0.05 0.002 0 1
779.57 0.05 0 0 1
779.62 0.05 0 0 1
779.668 0.048 0 0 1
779.716 0.048 0 0 1
779.766 0.05 0 0 1
779.904 0.136 0.002 0 1
779.942 0.04 0 0 1
780 0.056 0.002 0 1
780.052 0.052 0.002 0 1
780.104 0.054 0 0 1
780.152 0.048 0 0 1
780.194 0.04 0.002 0 1
780.24 0.046 0.002 0 1
780.292 0.052 0.002 0 1
780.342 0.05 0.002 0 1
780.392 0.052 0 0 1
780.436 0.044 0 0 1
780.488 0.052 0 0 1
780.54 0.052 0 0 1
780.588 0.048 0 0 1
780.63 0.042 0 0 1
780.684 0.052 0.002 0 1
780.732 0.05 0 0 1
780.844 0.108 0.004 0.004 1
780.856 0.016 0 0 1
780.91 0.054 0 0 1
780.962 0.052 0 0 1
781.01 0.048 0 0 1
781.064 0.054 0 0 1
781.116 0.052 0 0 1
781.162 0.044 0.002 0 1
781.21 0.05 0 0 1
781.262 0.052 0 0 1
781.314 0.05 0.002 0 1
781.362 0.05 0 0 1
781.412 0.048 0.002 0 1
781.462 0.052 0 0 1
781.508 0.046 0 0 1
781.546 0.038 0 0 1
781.598 0.052 0 0 1
781.65 0.052 0 0 1
781.748 0.096 0.002 0 1
781.77 0.024 0 0 1
781.94 0.17 0 0 1
781.976 0.036 0 0 1
782.028 0.05 0.002 0 1
782.07 0.044 0 0 1
782.118 0.046 0.002 0 1
782.172 0.054 0.002 0 1
782.226 0.054 0.002 0 1
782.276 0.052 0 0 1
782.32 0.044 0 0 1
782.37 0.05 0 0 1
782.424 0.054 0 0 1
782.474 0.05 0 0 1
782.528 0.052 0.002 0 1
782.576 0.05 0 0 1
782.618 0.042 0 0 1
782.666 0.048 0 0 1
782.714 0.046 0.002 0 1
782.754 0.042 0 0 1
782.806 0.052 0 0 1
782.856 0.048 0.002 0 1
782.906 0.052 0 0 1
782.956 0.05 0 0 1
783.002 0.046 0 0 1
783.05 0.046 0.002 0 1
783.098 0.048 0.002 0.002 1
783.148 0.052 0 0 1
783.198 0.05 0 0 1
783.25 0.052 0 0 1
783.298 0.048 0 0 1
783.348 0.05 0 0 1
783.396 0.048 0 0 1
783.446 0.05 0 0 1
783.598 0.15 0.002 0 1
783.63 0.034 0 0 1
783.676 0.046 0 0 1
783.718 0.042 0 0 1
783.772 0.052 0.002 0.002 1
783.82 0.05 0 0 1
783.874 0.054 0 0 1
783.926 0.052 0 0 1
783.978 0.046 0.006 0.006 1
784.028 0.056 0 0 1
784.076 0.048 0 0 1
784.128 0.05 0.002 0 1
784.176 0.05 0 0 1
784.222 0.046 0 0 1
784.27 0.048 0 0 1
784.314 0.044 0 0 1
784.368 0.054 0 0 1
784.41 0.042 0 0 1
784.506 0.094 0.002 0 1
784.544 0.04 0 0 1
784.592 0.048 0 0 1
784.64 0.048 0 0 1
784.688 0.046 0.002 0.002 1
784.738 0.05 0.002 0 1
784.79 0.052 0.002 0 1
784.838 0.048 0.002 0 1
784.888 0.052 0 0 1
784.942 0.052 0.002 0 1
784.99 0.05 0 0 1
785.038 0.048 0 0 1
785.086 0.048 0 0 1
785.134 0.046 0.002 0.002 1
785.178 0.046 0 0 1
785.228 0.05 0 0 1
785.278 0.05 0 0 1
785.332 0.052 0.002 0 1
785.446 0.116 0 0 1
785.448 0 0.002 0 1
785.49 0.042 0.002 0 1
785.54 0.05 0.002 0 1
785.59 0.052 0 0 1
785.642 0.05 0.002 0 1
785.688 0.048 0 0 1
785.726 0.036 0.002 0 1
785.78 0.054 0.002 0 1
785.824 0.046 0 0 1
785.876 0.052 0 0 1
785.926 0.048 0.002 0 1
785.978 0.054 0 0 1
786.022 0.042 0.002 0.002 1
786.072 0.052 0 0 1
786.122 0.05 0 0 1
786.172 0.05 0 0 1
786.226 0.052 0.002 0 1
786.27 0.046 0 0 1
786.32 0.05 0 0 1
786.362 0.042 0 0 1
786.41 0.048 0 0 1
786.46 0.048 0.002 0 1
786.508 0.05 0 0 1
786.55 0.042 0 0 1
786.602 0.052 0 0 1
786.656 0.054 0 0 1
786.71 0.052 0.002 0 1
786.75 0.042 0 0 1
786.804 0.052 0.002 0 1
786.856 0.052 0.002 0 1
786.908 0.054 0 0 1
786.96 0.048 0.004 0 1
787.01 0.054 0 0 1
787.062 0.05 0.002 0 1
787.108 0.048 0 0 1
787.226 0.118 0 0 1
787.238 0.01 0.002 0 1
787.276 0.04 0 0 1
787.326 0.05 0 0 1
787.378 0.052 0 0 1
787.43 0.05 0.002 0 1
787.476 0.048 0 0 1
787.528 0.052 0 0 1
787.58 0.052 0 0 1
787.632 0.052 0 0 1
787.68 0.048 0 0 1
787.728 0.046 0.002 0 1
787.776 0.05 0 0 1
787.824 0.048 0 0 1
787.876 0.052 0 0 1
787.926 0.05 0 0 1
787.974 0.048 0 0 1
788.026 0.052 0 0 1
788.076 0.05 0 0 1
788.124 0.048 0 0 1
788.176 0.05 0.002 0 1
788.264 0.088 0.002 0 1
788.268 0.006 0 0 1
788.324 0.054 0.002 0.002 1
788.368 0.046 0 0 1
788.414 0.046 0 0 1
788.468 0.054 0 0 1
788.52 0.052 0 0 1
788.568 0.048 0 0 1
788.614 0.046 0 0 1
788.662 0.048 0 0 1
788.714 0.05 0.002 0 1
788.766 0.052 0.002 0 1
788.816 0.052 0 0 1
788.866 0.05 0 0 1
788.916 0.05 0 0 1
788.964 0.048 0 0 1
789.052 0.086 0.002 0 1
789.08 0.028 0.002 0.002 1
789.13 0.052 0 0 1
789.18 0.05 0 0 1
789.226 0.046 0 0 1
789.28 0.052 0.002 0 1
789.33 0.052 0 0 1
789.382 0.05 0.002 0 1
789.428 0.048 0 0 1
789.478 0.05 0 0 1
789.53 0.052 0 0 1
789.582 0.05 0.002 0 1
789.624 0.044 0 0 1
789.678 0.054 0 0 1
789.73 0.052 0 0 1
789.78 0.05 0 0 1
789.894 0.114 0 0 1
789.904 0.01 0 0 1
789.96 0.048 0.008 0 1
790 0.046 0.002 0 1
790.05 0.052 0 0 1
790.102 0.05 0.002 0 1
790.148 0.048 0 0 1
790.198 0.05 0 0 1
790.25 0.05 0.002 0 1
790.298 0.046 0.004 0 1
790.332 0.036 0.002 0 1
790.386 0.056 0 0 1
790.438 0.052 0 0 1
790.49 0.05 0.002 0 1
790.542 0.054 0 0 1
790.588 0.046 0 0 1
790.642 0.054 0 0 1
790.694 0.052 0 0 1
790.746 0.05 0.002 0 1
790.792 0.048 0 0 1
790.844 0.052 0 0 1
790.896 0.048 0.004 0 1
790.942 0.046 0.004 0.004 1
790.988 0.05 0 0 1
791.036 0.046 0.002 0 1
791.088 0.054 0 0 1
791.14 0.052 0 0 1
791.186 0.044 0.002 0 1
791.23 0.044 0.002 0 1
791.28 0.052 0 0 1
791.33 0.05 0 0 1
791.382 0.052 0 0 1
791.43 0.048 0 0 1
791.48 0.05 0 0 1
791.53 0.05 0 0 1
791.578 0.048 0 0 1
791.69 0.112 0 0 1
791.718 0.028 0 0 1
791.762 0.044 0 0 1
791.808 0.046 0 0 1
791.858 0.05 0 0 1
791.908 0.05 0 0 1
791.964 0.054 0.002 0 1
792.016 0.052 0.002 0 1
792.058 0.044 0 0 1
792.104 0.046 0 0 1
792.158 0.052 0.002 0 1
792.208 0.052 0 0 1
792.26 0.052 0 0 1
792.312 0.05 0.002 0 1
792.346 0.036 0 0 1
792.392 0.046 0 0 1
792.438 0.046 0 0 1
792.492 0.052 0.002 0 1
792.542 0.05 0.002 0 1
792.636 0.096 0 0 1
792.64 0.002 0.002 0 1
792.694 0.054 0.002 0 1
792.742 0.05 0 0 1
792.796 0.054 0 0 1
792.85 0.052 0.002 0 1
792.9 0.052 0 0 1
792.948 0.046 0.002 0 1
792.998 0.05 0.002 0 1
793.044 0.046 0.002 0 1
793.096 0.052 0.002 0 1
793.148 0.052 0.002 0 1
793.194 0.046 0.002 0 1
793.24 0.048 0 0 1
793.282 0.042 0 0 1
793.336 0.052 0.002 0 1
793.38 0.046 0 0 1
793.434 0.052 0.002 0 1
793.484 0.052 0 0 1
793.64 0.15 0.006 0 1
793.646 0.01 0.002 0 1
793.696 0.052 0 0 1
793.742 0.046 0 0 1
793.796 0.054 0 0 1
793.848 0.052 0 0 1
793.898 0.05 0 0 1
793.946 0.048 0 0 1
793.998 0.048 0.004 0.002 1
794.042 0.048 0 0 1
794.09 0.048 0 0 1
794.14 0.05 0 0 1
794.19 0.05 0 0 1
794.24 0.05 0 0 1
794.286 0.046 0 0 1
794.332 0.046 0 0 1
794.386 0.052 0.002 0 1
794.438 0.052 0.002 0 1
794.484 0.048 0 0 1
794.572 0.088 0 0 1
794.608 0.036 0 0 1
794.658 0.05 0 0 1
794.708 0.048 0.002 0 1
794.756 0.05 0 0 1
794.806 0.048 0.002 0 1
794.856 0.05 0.002 0 1
794.906 0.052 0 0 1
794.954 0.046 0.002 0 1
795.004 0.05 0.002 0 1
795.054 0.05 0.002 0.002 1
795.102 0.05 0 0 1
795.152 0.05 0 0 1
795.204 0.05 0.002 0 1
795.256 0.052 0.002 0 1
795.302 0.048 0 0 1
795.348 0.046 0 0 1
795.398 0.05 0 0 1
795.57 0.17 0.002 0 1
795.582 0.012 0.002 0 1
795.634 0.054 0 0 1
795.668 0.034 0 0 1
795.722 0.054 0 0 1
795.754 0.032 0 0 1
795.802 0.048 0 0 1
795.862 0.06 0 0 1
795.92 0.056 0.002 0 1
795.972 0.054 0 0 1
796.026 0.054 0 0 1
796.074 0.048 0 0 1
796.122 0.048 0 0 1
796.164 0.042 0 0 1
796.204 0.038 0.002 0 1
796.256 0.054 0 0 1
796.31 0.054 0 0 1
796.362 0.05 0.002 0 1
796.43 0.07 0 0 1
796.476 0.046 0 0 1
796.534 0.058 0 0 1
796.584 0.05 0 0 1
796.634 0.05 0 0 1
796.684 0.048 0.002 0 1
796.738 0.056 0 0 1
796.792 0.054 0 0 1
796.834 0.042 0 0 1
796.876 0.04 0.002 0 1
796.924 0.048 0.002 0 1
796.976 0.052 0.002 0 1
797.018 0.042 0.002 0 1
797.066 0.05 0 0 1
797.118 0.05 0.002 0 1
797.168 0.052 0 0 1
797.22 0.05 0.002 0 1
797.254 0.036 0 0 1
797.308 0.054 0 0 1
797.358 0.05 0 0 1
797.408 0.05 0 0 1
797.458 0.05 0 0 1
797.504 0.042 0.004 0 1
797.554 0.054 0 0 1
797.604 0.048 0.002 0 1
797.652 0.05 0 0 1
797.702 0.048 0.002 0 1
797.75 0.05 0 0 1
797.796 0.046 0 0 1
797.84 0.044 0 0 1
797.894 0.052 0.002 0 1
797.944 0.052 0 0 1
797.986 0.042 0 0 1
798.116 0.128 0.002 0 1
798.122 0.006 0.002 0 1
798.162 0.038 0.004 0 1
798.214 0.056 0 0 1
798.268 0.054 0 0 1
798.32 0.052 0 0 1
798.37 0.05 0 0 1
798.42 0.05 0 0 1
798.466 0.046 0 0 1
798.514 0.048 0 0 1
798.566 0.052 0 0 1
798.622 0.056 0 0 1
798.66 0.038 0 0 1
798.71 0.048 0.002 0 1
798.76 0.052 0 0 1
798.804 0.044 0 0 1
798.858 0.052 0.002 0 1
798.978 0.122 0 0 1
799.024 0.046 0 0 1
799.078 0.054 0 0 1
799.128 0.048 0.002 0 1
799.178 0.052 0 0 1
799.228 0.048 0.002 0 1
799.274 0.048 0 0 1
799.316 0.042 0 0 1
799.364 0.048 0 0 1
799.414 0.05 0 0 1
799.462 0.046 0.002 0 1
799.512 0.052 0 0 1
799.564 0.052 0 0 1
799.614 0.05 0 0 1
799.664 0.05 0 0 1
799.712 0.048 0 0 1
799.762 0.05 0 0 1
799.85 0.088 0 0 1
799.872 0.022 0 0 1
799.922 0.05 0 0 1
799.97 0.046 0.002 0 1
800.02 0.052 0 0 1
800.07 0.048 0.002 0 1
800.116 0.048 0 0 1
800.164 0.046 0.002 0 1
800.208 0.046 0 0 1
800.26 0.05 0.002 0 1
800.308 0.048 0.002 0 1
800.356 0.048 0.002 0 1
800.406 0.052 0 0 1
800.458 0.05 0.002 0 1
800.508 0.05 0.002 0 1
800.556 0.048 0.002 0 1
800.606 0.052 0 0 1
800.656 0.048 0.002 0 1
800.704 0.05 0 0 1
800.822 0.118 0 0 1
800.842 0.02 0 0 1
800.912 0.07 0 0 1
800.942 0.03 0 0 1
800.99 0.048 0 0 1
801.042 0.052 0 0 1
801.094 0.05 0.002 0.002 1
801.144 0.052 0 0 1
801.194 0.05 0 0 1
801.244 0.048 0.002 0.002 1
801.294 0.05 0.002 0 1
801.342 0.05 0 0 1
801.39 0.046 0.002 0 1
801.44 0.052 0 0 1
801.49 0.05 0 0 1
801.538 0.048 0 0 1
801.666 0.126 0.002 0 1
801.684 0.018 0.002 0 1
801.732 0.05 0 0 1
801.784 0.052 0 0 1
801.834 0.05 0 0 1
801.878 0.042 0.002 0 1
801.926 0.05 0 0 1
801.976 0.05 0 0 1
802.028 0.05 0.002 0 1
802.078 0.046 0.006 0 1
802.126 0.054 0 0 1
802.176 0.05 0 0 1
802.226 0.05 0 0 1
802.272 0.046 0 0 1
802.322 0.05 0 0 1
802.372 0.048 0.002 0 1
802.422 0.052 0 0 1
802.472 0.048 0.002 0 1
802.52 0.05 0 0 1
802.664 0.144 0 0 1
802.712 0.046 0.002 0 1
802.764 0.052 0.002 0 1
802.814 0.052 0 0 1
802.86 0.044 0.002 0 1
802.91 0.05 0.002 0 1
802.952 0.042 0.002 0 1
803.002 0.052 0 0 1
803.052 0.05 0 0 1
803.104 0.048 0.004 0 1
803.146 0.044 0.002 0 1
803.196 0.05 0.002 0 1
803.246 0.05 0.002 0 1
803.29 0.046 0 0 1
803.332 0.04 0.002 0 1
803.38 0.05 0 0 1
803.51 0.128 0.002 0 1
803.526 0.018 0 0 1
803.576 0.05 0 0 1
803.624 0.048 0 0 1
803.672 0.048 0 0 1
803.724 0.052 0 0 1
803.772 0.048 0 0 1
803.822 0.048 0.002 0.002 1
803.87 0.05 0 0 1
803.922 0.052 0 0 1
803.964 0.042 0 0 1
804.018 0.054 0 0 1
804.068 0.048 0.002 0 1
804.118 0.05 0.002 0 1
804.168 0.05 0.002 0 1
804.216 0.05 0 0 1
804.268 0.05 0.002 0 1
804.316 0.05 0 0 1
804.366 0.05 0 0 1
804.414 0.048 0 0 1
804.464 0.05 0 0 1
804.516 0.052 0 0 1
804.566 0.05 0 0 1
804.616 0.05 0 0 1
804.66 0.044 0 0 1
804.71 0.05 0 0 1
804.762 0.05 0.002 0 1
804.794 0.034 0 0 1
804.848 0.054 0 0 1
804.9 0.05 0.002 0 1
804.95 0.052 0 0 1
805.002 0.05 0.002 0 1
805.052 0.05 0.002 0 1
805.206 0.154 0.002 0 1
805.246 0.042 0 0 1
805.33 0.052 0.032 0 1
805.348 0.05 0 0 1
805.398 0.05 0 0 1
805.45 0.05 0.002 0 1
805.5 0.052 0 0 1
805.55 0.05 0 0 1
805.6 0.05 0 0 1
805.642 0.042 0 0 1
805.692 0.05 0 0 1
805.742 0.05 0 0 1
805.792 0.05 0 0 1
805.836 0.044 0 0 1
805.888 0.05 0.002 0 1
805.934 0.048 0 0 1
806.054 0.116 0.004 0.002 1
806.084 0.034 0 0 1
806.126 0.042 0 0 1
806.18 0.054 0 0 1
806.226 0.044 0.002 0 1
806.274 0.048 0.002 0 1
806.322 0.05 0 0 1
806.372 0.05 0 0 1
806.422 0.05 0 0 1
806.47 0.048 0 0 1
806.522 0.05 0.002 0.002 1
806.572 0.052 0 0 1
806.622 0.05 0 0 1
806.672 0.05 0 0 1
806.722 0.048 0.002 0 1
806.77 0.05 0 0 1
806.822 0.052 0 0 1
806.872 0.046 0.004 0.004 1
806.922 0.054 0 0 1
807.012 0.088 0.002 0.002 1
807.014 0.004 0 0 1
807.068 0.054 0 0 1
807.122 0.054 0 0 1
807.176 0.048 0.006 0 1
807.222 0.052 0 0 1
807.274 0.052 0 0 1
807.326 0.052 0 0 1
807.374 0.044 0.004 0 1
807.428 0.056 0.002 0 1
807.48 0.052 0.002 0 1
807.526 0.046 0.002 0 1
807.568 0.042 0.002 0 1
807.618 0.052 0 0 1
807.67 0.052 0 0 1
807.796 0.126 0 0 1
807.816 0.02 0 0 1
807.87 0.052 0.002 0 1
807.92 0.052 0 0 1
807.968 0.048 0 0 1
808.02 0.052 0 0 1
808.072 0.052 0 0 1
808.124 0.05 0.002 0 1
808.17 0.048 0 0 1
808.222 0.05 0.002 0 1
808.266 0.044 0.002 0 1
808.316 0.052 0 0 1
808.368 0.052 0 0 1
808.42 0.05 0.002 0 1
808.47 0.052 0 0 1
808.512 0.042 0 0 1
808.642 0.128 0.002 0 1
808.654 0.012 0.002 0 1
808.704 0.05 0.002 0 1
808.756 0.052 0.002 0 1
808.804 0.05 0 0 1
808.856 0.052 0 0 1
808.904 0.048 0 0 1
808.956 0.052 0 0 1
809.006 0.05 0 0 1
809.056 0.05 0 0 1
809.106 0.048 0.002 0.002 1
809.154 0.048 0.002 0 1
809.198 0.046 0 0 1
809.25 0.05 0.002 0 1
809.298 0.05 0 0 1
809.454 0.152 0.004 0 1
809.48 0.03 0 0 1
809.536 0.054 0.002 0 1
809.588 0.052 0.002 0 1
809.64 0.054 0 0 1
809.692 0.052 0 0 1
809.744 0.052 0 0 1
809.79 0.046 0 0 1
809.844 0.052 0.002 0 1
809.894 0.05 0.002 0 1
809.944 0.05 0.002 0 1
809.992 0.05 0 0 1
810.044 0.05 0.002 0 1
810.09 0.048 0 0 1
810.142 0.052 0 0 1
810.246 0.104 0 0 1
810.276 0.03 0 0 1
810.324 0.048 0 0 1
810.376 0.05 0.002 0 1
810.426 0.052 0 0 1
810.474 0.048 0 0 1
810.524 0.05 0 0 1
810.576 0.052 0 0 1
810.626 0.05 0 0 1
810.678 0.05 0.002 0 1
810.728 0.052 0 0 1
810.776 0.048 0 0 1
810.826 0.05 0 0 1
810.878 0.052 0 0 1
810.926 0.048 0 0 1
810.968 0.042 0 0 1
811.018 0.05 0 0 1
811.07 0.052 0 0 1
811.116 0.046 0 0 1
811.236 0.12 0 0 1
811.244 0.008 0 0 1
811.296 0.052 0 0 1
811.35 0.054 0 0 1
811.402 0.052 0 0 1
811.454 0.052 0 0 1
811.506 0.052 0 0 1
811.554 0.048 0 0 1
811.596 0.04 0.002 0 1
811.644 0.05 0 0 1
811.696 0.052 0 0 1
811.748 0.052 0 0 1
811.798 0.048 0.002 0 1
811.846 0.05 0 0 1
811.896 0.05 0 0 1
811.948 0.05 0.002 0 1
811.998 0.052 0 0 1
812.046 0.048 0 0 1
812.094 0.048 0 0 1
812.146 0.052 0 0 1
812.258 0.112 0 0 1
812.292 0.032 0.002 0 1
812.336 0.046 0 0 1
812.39 0.052 0.002 0 1
812.438 0.05 0 0 1
812.48 0.042 0 0 1
812.53 0.04 0.01 0 1
812.58 0.058 0.002 0 1
812.63 0.052 0 0 1
812.678 0.046 0.002 0 1
812.73 0.052 0.002 0 1
812.78 0.052 0 0 1
812.83 0.05 0 0 1
812.88 0.048 0.002 0 1
812.93 0.05 0.002 0 1
812.978 0.048 0.002 0 1
813.062 0.086 0 0 1
813.09 0.028 0 0 1
813.148 0.056 0.002 0 1
813.2 0.052 0.002 0 1
813.254 0.054 0.002 0.002 1
813.306 0.054 0 0 1
813.358 0.052 0 0 1
813.408 0.05 0 0 1
813.46 0.052 0 0 1
813.512 0.052 0 0 1
813.564 0.052 0 0 1
813.614 0.05 0 0 1
813.668 0.05 0.004 0 1
813.718 0.052 0.002 0 1
813.768 0.05 0.002 0 1
813.816 0.05 0 0 1
813.864 0.048 0 0 1
813.974 0.11 0 0 1
814.008 0.034 0 0 1
814.056 0.048 0 0 1
814.108 0.05 0.002 0.002 1
814.158 0.052 0 0 1
814.21 0.052 0 0 1
814.262 0.05 0.002 0 1
814.312 0.05 0.002 0.002 1
814.366 0.056 0 0 1
814.414 0.046 0.002 0 1
814.462 0.05 0 0 1
814.512 0.05 0 0 1
814.562 0.05 0 0 1
814.608 0.044 0.002 0 1
814.656 0.05 0 0 1
814.706 0.05 0 0 1
814.756 0.05 0 0 1
814.806 0.05 0 0 1
814.91 0.102 0.002 0 1
814.916 0.006 0.002 0 1
814.968 0.052 0.002 0 1
815.02 0.052 0.002 0 1
815.07 0.052 0 0 1
815.122 0.052 0 0 1
815.166 0.044 0 0 1
815.22 0.052 0.002 0 1
815.268 0.05 0 0 1
815.32 0.05 0.002 0 1
815.372 0.052 0.002 0 1
815.42 0.05 0 0 1
815.472 0.052 0 0 1
815.52 0.044 0.004 0 1
815.568 0.052 0 0 1
815.674 0.106 0 0 1
815.706 0.032 0 0 1
815.756 0.05 0 0 1
815.808 0.05 0.002 0 1
815.858 0.05 0.002 0 1
815.912 0.056 0 0 1
815.956 0.044 0 0 1
816.01 0.054 0 0 1
816.05 0.04 0 0 1
816.09 0.04 0 0 1
816.138 0.048 0 0 1
816.19 0.05 0.002 0 1
816.24 0.05 0.002 0 1
816.282 0.044 0 0 1
816.332 0.048 0.002 0 1
816.382 0.052 0 0 1
816.432 0.05 0 0 1
816.482 0.05 0 0 1
816.606 0.124 0 0 1
816.62 0.012 0.002 0 1
816.664 0.046 0 0 1
816.714 0.05 0 0 1
816.764 0.05 0 0 1
816.812 0.046 0.002 0 1
816.862 0.052 0 0 1
816.904 0.042 0 0 1
816.956 0.052 0 0 1
817.008 0.052 0 0 1
817.058 0.05 0 0 1
817.106 0.048 0 0 1
817.158 0.052 0 0 1
817.204 0.044 0.002 0 1
817.252 0.05 0 0 1
817.302 0.05 0 0 1
817.354 0.05 0.002 0 1
817.402 0.05 0 0 1
817.454 0.052 0 0 1
817.494 0.04 0 0 1
817.544 0.048 0.002 0 1
817.594 0.052 0 0 1
817.646 0.05 0.002 0 1
817.692 0.048 0 0 1
817.742 0.05 0 0 1
817.794 0.052 0 0 1
817.846 0.05 0.002 0 1
817.896 0.05 0.002 0 1
817.944 0.048 0.002 0.002 1
817.996 0.054 0 0 1
818.046 0.05 0 0 1
818.092 0.046 0 0 1
818.144 0.052 0 0 1
818.254 0.108 0.002 0 1
818.27 0.018 0 0 1
818.32 0.05 0 0 1
818.372 0.052 0 0 1
818.424 0.052 0 0 1
818.474 0.05 0 0 1
818.52 0.046 0 0 1
818.574 0.052 0.002 0 1
818.624 0.052 0 0 1
818.672 0.048 0 0 1
818.722 0.05 0 0 1
818.768 0.044 0.002 0 1
818.818 0.052 0 0 1
818.868 0.05 0 0 1
818.92 0.052 0 0 1
818.972 0.05 0.002 0 1
819.018 0.048 0 0 1
819.068 0.05 0 0 1
819.194 0.124 0.002 0 1
819.232 0.04 0 0 1
819.278 0.044 0.002 0 1
819.33 0.054 0 0 1
819.378 0.048 0 0 1
819.43 0.052 0 0 1
819.482 0.052 0 0 1
819.532 0.048 0.002 0 1
819.58 0.05 0 0 1
819.632 0.05 0.002 0 1
819.68 0.046 0.004 0 1
819.726 0.048 0.002 0 1
819.774 0.05 0 0 1
819.82 0.046 0 0 1
819.874 0.054 0 0 1
819.926 0.05 0.002 0 1
819.976 0.05 0.002 0 1
820.026 0.052 0 0 1
820.092 0.064 0.002 0 1
820.132 0.04 0.002 0 1
820.184 0.054 0 0 1
820.238 0.054 0 0 1
820.292 0.052 0.002 0 1
820.344 0.052 0.002 0 1
820.392 0.05 0 0 1
820.438 0.044 0.002 0 1
820.488 0.052 0 0 1
820.538 0.05 0 0 1
820.584 0.046 0 0 1
820.636 0.05 0.002 0 1
820.684 0.05 0 0 1
820.732 0.048 0 0 1
820.782 0.05 0 0 1
820.832 0.05 0 0 1
820.964 0.128 0.004 0.004 1
821.004 0.042 0.002 0 1
821.058 0.054 0.002 0 1
821.11 0.054 0 0 1
821.156 0.046 0 0 1
821.212 0.052 0.004 0.002 1
821.26 0.05 0.002 0 1
821.31 0.052 0 0 1
821.362 0.05 0.002 0 1
821.412 0.052 0 0 1
821.464 0.05 0.002 0 1
821.514 0.052 0 0 1
821.564 0.048 0.002 0 1
821.614 0.05 0.002 0 1
821.664 0.05 0.002 0 1
821.714 0.05 0.002 0 1
821.762 0.05 0 0 1
821.812 0.05 0 0 1
821.858 0.046 0 0 1
821.91 0.052 0 0 1
822.042 0.132 0 0 1
822.092 0.05 0 0 1
822.136 0.044 0 0 1
822.184 0.048 0 0 1
822.234 0.05 0 0 1
822.284 0.05 0 0 1
822.334 0.05 0 0 1
822.38 0.046 0 0 1
822.432 0.052 0 0 1
822.478 0.046 0 0 1
822.526 0.048 0 0 1
822.572 0.046 0 0 1
822.624 0.052 0 0 1
822.672 0.048 0 0 1
822.72 0.048 0 0 1
822.774 0.054 0 0 1
822.818 0.044 0 0 1
822.87 0.052 0 0 1
822.922 0.052 0 0 1
822.972 0.05 0 0 1
823.072 0.098 0.002 0 1
823.088 0.016 0.002 0.002 1
823.14 0.054 0 0 1
823.188 0.048 0 0 1
823.24 0.052 0 0 1
823.292 0.052 0 0 1
823.344 0.05 0.002 0 1
823.392 0.05 0 0 1
823.446 0.054 0 0 1
823.49 0.044 0 0 1
823.546 0.054 0.002 0 1
823.594 0.05 0 0 1
823.644 0.05 0 0 1
823.684 0.04 0 0 1
823.738 0.054 0 0 1
823.788 0.05 0 0 1
823.842 0.052 0.002 0 1
823.892 0.052 0 0 1
823.944 0.05 0.002 0 1
823.994 0.052 0 0 1
824.044 0.05 0 0 1
824.094 0.05 0 0 1
824.142 0.048 0 0 1
824.194 0.052 0 0 1
824.244 0.048 0.002 0 1
824.284 0.042 0 0 1
824.336 0.05 0.002 0 1
824.384 0.048 0.002 0 1
824.428 0.046 0 0 1
824.476 0.048 0 0 1
824.526 0.05 0 0 1
824.572 0.046 0 0 1
824.85 0.278 0 0 1
824.85 0 0 0 1
824.886 0.036 0 0 1
824.934 0.048 0 0 1
824.984 0.05 0 0 1
825.036 0.052 0 0 1
825.088 0.052 0 0 1
825.138 0.05 0 0 1
825.19 0.052 0 0 1
825.242 0.052 0 0 1
825.29 0.048 0 0 1
825.332 0.042 0 0 1
825.576 0.244 0 0 1
825.604 0.026 0.002 0 1
825.644 0.042 0 0 1
825.674 0.03 0 0 1
825.728 0.052 0.002 0 1
825.774 0.048 0 0 1
825.822 0.048 0 0 1
825.872 0.05 0 0 1
825.92 0.048 0 0 1
825.968 0.048 0 0 1
826.016 0.048 0 0 1
826.052 0.036 0 0 1
826.106 0.052 0.002 0 1
826.152 0.048 0 0 1
826.19 0.038 0 0 1
826.24 0.048 0.002 0 1
826.294 0.056 0 0 1
826.346 0.052 0 0 1
826.396 0.05 0 0 1
826.448 0.052 0 0 1
826.502 0.052 0.002 0 1
826.552 0.052 0 0 1
826.598 0.046 0 0 1
826.646 0.048 0 0 1
826.7 0.052 0.002 0 1
826.746 0.048 0 0 1
826.8 0.052 0.002 0 1
826.848 0.05 0 0 1
826.9 0.052 0 0 1
826.95 0.05 0 0 1
827.1 0.148 0.002 0 1
827.132 0.034 0 0 1
827.2 0.064 0.004 0.002 1
827.236 0.038 0.002 0 1
827.284 0.048 0.002 0 1
827.334 0.052 0 0 1
827.386 0.052 0 0 1
827.434 0.048 0 0 1
827.484 0.05 0 0 1
827.532 0.048 0 0 1
827.582 0.05 0 0 1
827.634 0.05 0.002 0 1
827.728 0.088 0.008 0.006 1
827.734 0.012 0.002 0 1
827.78 0.048 0 0 1
827.858 0.07 0.006 0.004 1
827.876 0.024 0 0 1
827.928 0.052 0 0 1
828.01 0.082 0 0 1
828.01 0 0 0 1
828.01 0 0 0 1
828.01 0 0 0 1
828.01 0 0 0 1
828.01 0 0 0 1
828.01 0 0 0 1
828.09 0.078 0.002 0 1
828.124 0.034 0.002 0 1
828.142 0.02 0 0 1
828.226 0.082 0.002 0 1
828.276 0.05 0.002 0 1
828.326 0.052 0 0 1
828.376 0.048 0.002 0 1
828.428 0.052 0.002 0 1
828.476 0.05 0 0 1
828.528 0.05 0.002 0 1
828.576 0.05 0 0 1
828.626 0.05 0 0 1
828.662 0.034 0.002 0 1
828.69 0.03 0 0 1
828.702 0.012 0 0 1
828.732 0.03 0 0 1
828.782 0.05 0 0 1
828.832 0.05 0 0 1
828.882 0.05 0 0 1
828.932 0.048 0.002 0 1
828.982 0.052 0 0 1
829.032 0.05 0 0 1
829.078 0.046 0 0 1
829.13 0.05 0.002 0 1
829.18 0.052 0 0 1
829.23 0.05 0 0 1
829.28 0.05 0 0 1
829.326 0.046 0 0 1
829.372 0.046 0 0 1
829.422 0.05 0 0 1
829.472 0.05 0 0 1
829.522 0.05 0 0 1
829.572 0.05 0 0 1
829.624 0.05 0.002 0 1
829.674 0.05 0.002 0 1
829.722 0.05 0 0 1
829.772 0.05 0 0 1
829.822 0.05 0 0 1
829.872 0.048 0.002 0 1
829.922 0.05 0.002 0 1
829.97 0.05 0 0 1
830.022 0.05 0.002 0 1
830.072 0.05 0.002 0 1
830.122 0.05 0.002 0 1
830.17 0.05 0 0 1
830.222 0.05 0.002 0 1
830.272 0.05 0.002 0 1
830.322 0.05 0.002 0 1
830.372 0.05 0.002 0 1
830.422 0.05 0.002 0 1
830.472 0.05 0.002 0 1
830.522 0.05 0.002 0 1
830.572 0.05 0.002 0 1
830.622 0.05 0.002 0 1
830.672 0.05 0.002 0 1
830.722 0.05 0.002 0 1
830.77 0.05 0 0 1
830.82 0.05 0 0 1
830.87 0.05 0 0 1
830.926 0.054 0.002 0 1
830.972 0.046 0.002 0 1
831.02 0.05 0 0 1
831.07 0.05 0 0 1
831.12 0.05 0 0 1
831.17 0.05 0 0 1
831.218 0.046 0.002 0 1
831.268 0.052 0 0 1
831.318 0.05 0 0 1
831.37 0.05 0.002 0 1
831.42 0.05 0.002 0 1
831.47 0.05 0.002 0.002 1
831.52 0.052 0 0 1
831.57 0.05 0 0 1
831.62 0.05 0 0 1
831.67 0.05 0 0 1
831.72 0.05 0 0 1
831.768 0.048 0 0 1
831.82 0.05 0.002 0 1
831.87 0.05 0.002 0 1
831.92 0.05 0.002 0 1
831.97 0.052 0 0 1
832.02 0.05 0 0 1
832.072 0.05 0.002 0 1
832.12 0.05 0 0 1
832.17 0.05 0 0 1
832.22 0.05 0 0 1
832.272 0.05 0.002 0 1
832.32 0.05 0 0 1
832.37 0.05 0 0 1
832.42 0.05 0 0 1
832.468 0.048 0 0 1
832.518 0.05 0 0 1
832.57 0.05 0.002 0 1
832.62 0.05 0.002 0 1
832.67 0.05 0.002 0 1
832.72 0.05 0.002 0 1
832.77 0.05 0.002 0 1
832.816 0.048 0 0 1
832.864 0.048 0 0 1
832.916 0.05 0.002 0 1
832.966 0.052 0 0 1
833.018 0.05 0.002 0 1
833.068 0.05 0.002 0 1
833.116 0.05 0 0 1
833.166 0.05 0 0 1
833.218 0.05 0.002 0 1
833.266 0.05 0 0 1
833.318 0.05 0.002 0 1
833.368 0.05 0.002 0 1
833.418 0.052 0 0 1
833.47 0.05 0.002 0 1
833.518 0.05 0 0 1
833.568 0.05 0 0 1
833.616 0.048 0 0 1
833.666 0.05 0 0 1
833.716 0.05 0 0 1
833.766 0.05 0 0 1
833.816 0.05 0 0 1
833.87 0.054 0 0 1
833.916 0.046 0 0 1
833.962 0.046 0 0 1
834.01 0.046 0.002 0 1
834.06 0.052 0 0 1
834.11 0.05 0 0 1
834.162 0.05 0.002 0 1
834.212 0.05 0.002 0 1
834.262 0.05 0.002 0 1
834.31 0.05 0 0 1
834.36 0.05 0 0 1
834.412 0.052 0 0 1
834.46 0.048 0 0 1
834.512 0.052 0 0 1
834.56 0.046 0.002 0 1
834.61 0.05 0.002 0 1
834.66 0.05 0.002 0 1
834.708 0.05 0 0 1
834.76 0.05 0.002 0 1
834.808 0.048 0.002 0.002 1
834.856 0.048 0.002 0 1
834.906 0.05 0.002 0 1
834.956 0.052 0 0 1
835.008 0.048 0.004 0.002 1
835.056 0.052 0 0 1
835.1 0.042 0.002 0 1
835.15 0.05 0.002 0 1
835.2 0.05 0.002 0 1
835.25 0.05 0.002 0 1
835.3 0.05 0.002 0 1
835.35 0.05 0.002 0 1
835.4 0.05 0.002 0 1
835.45 0.05 0.002 0 1
835.5 0.05 0.002 0 1
835.55 0.05 0.002 0 1
835.6 0.05 0.002 0 1
835.65 0.05 0.002 0 1
835.7 0.05 0.002 0 1
835.75 0.05 0.002 0 1
835.8 0.05 0.002 0 1
835.844 0.046 0 0 1
835.894 0.048 0.002 0 1
835.942 0.05 0 0 1
835.992 0.05 0 0 1
836.044 0.05 0.002 0 1
836.094 0.05 0.002 0 1
836.144 0.05 0.002 0 1
836.194 0.05 0.002 0 1
836.242 0.05 0 0 1
836.292 0.05 0 0 1
836.342 0.05 0 0 1
836.392 0.05 0 0 1
836.442 0.05 0 0 1
836.492 0.05 0 0 1
836.542 0.05 0 0 1
836.594 0.05 0.002 0 1
836.644 0.05 0.002 0 1
836.694 0.05 0.002 0 1
836.744 0.05 0.002 0 1
836.794 0.05 0.002 0 1
836.842 0.05 0 0 1
836.892 0.05 0 0 1
836.942 0.05 0 0 1
836.992 0.05 0 0 1
837.042 0.05 0 0 1
837.09 0.048 0 0 1
837.142 0.05 0.002 0 1
837.19 0.048 0.002 0 1
837.24 0.052 0 0 1
837.29 0.05 0 0 1
837.34 0.05 0 0 1
837.39 0.05 0 0 1
837.44 0.05 0 0 1
837.49 0.05 0 0 1
837.538 0.046 0.002 0 1
837.588 0.052 0 0 1
837.64 0.05 0.002 0 1
837.69 0.05 0.002 0 1
837.74 0.05 0.002 0 1
837.79 0.052 0 0 1
837.84 0.048 0.002 0 1
837.89 0.05 0.002 0 1
837.936 0.046 0.002 0 1
837.986 0.052 0 0 1
838.038 0.05 0.002 0 1
838.086 0.05 0 0 1
838.14 0.052 0.002 0 1
838.184 0.046 0 0 1
838.238 0.054 0 0 1
838.288 0.05 0 0 1
838.338 0.05 0 0 1
838.388 0.05 0 0 1
838.44 0.05 0.002 0 1
838.488 0.05 0 0 1
838.532 0.044 0 0 1
838.58 0.048 0 0 1
838.632 0.05 0.002 0 1
838.68 0.05 0 0 1
838.732 0.052 0 0 1
838.782 0.048 0.002 0 1
838.828 0.046 0.002 0 1
838.878 0.052 0 0 1
838.93 0.05 0.002 0 1
838.978 0.05 0 0 1
839.03 0.052 0 0 1
839.08 0.05 0 0 1
839.132 0.05 0.002 0 1
839.182 0.05 0.002 0 1
839.232 0.05 0.002 0 1
839.282 0.05 0.002 0 1
839.332 0.05 0.002 0 1
839.382 0.05 0.002 0 1
839.43 0.05 0 0 1
839.476 0.046 0 0 1
839.524 0.048 0 0 1
839.576 0.05 0.002 0 1
839.624 0.05 0 0 1
839.668 0.044 0 0 1
839.714 0.046 0 0 1
839.762 0.046 0.002 0 1
839.814 0.054 0 0 1
839.866 0.05 0.002 0 1
839.914 0.048 0.002 0 1
839.962 0.05 0 0 1
840.014 0.052 0 0 1
840.064 0.05 0 0 1
840.112 0.048 0 0 1
840.164 0.05 0.002 0 1
840.304 0.142 0 0 1
840.308 0.004 0 0 1
840.36 0.05 0.002 0.002 1
840.412 0.052 0.002 0 1
840.462 0.052 0 0 1
840.516 0.052 0.002 0 1
840.562 0.048 0 0 1
840.612 0.05 0 0 1
840.664 0.052 0 0 1
840.714 0.05 0 0 1
840.764 0.05 0 0 1
840.812 0.048 0 0 1
840.862 0.05 0 0 1
840.912 0.05 0 0 1
840.964 0.052 0 0 1
841.014 0.05 0 0 1
841.134 0.12 0 0 1
841.156 0.022 0 0 1
841.208 0.052 0 0 1
841.258 0.05 0 0 1
841.31 0.052 0 0 1
841.36 0.05 0 0 1
841.41 0.05 0 0 1
841.462 0.05 0.002 0 1
841.512 0.052 0 0 1
841.56 0.048 0 0 1
841.614 0.052 0.002 0 1
841.658 0.044 0.002 0 1
841.698 0.042 0 0 1
841.74 0.042 0 0 1
841.792 0.052 0 0 1
841.84 0.048 0 0 1
841.888 0.048 0 0 1
841.94 0.052 0 0 1
841.99 0.05 0 0 1
842.04 0.05 0 0 1
842.09 0.048 0.002 0 1
842.142 0.052 0.002 0 1
842.192 0.052 0 0 1
842.24 0.048 0 0 1
842.286 0.046 0 0 1
842.332 0.046 0 0 1
842.45 0.118 0 0 1
842.47 0.02 0 0 1
842.52 0.05 0 0 1
842.572 0.052 0 0 1
842.624 0.05 0.002 0 1
842.672 0.05 0 0 1
842.724 0.05 0.002 0 1
842.774 0.052 0 0 1
842.824 0.048 0.002 0.002 1
842.876 0.052 0.002 0 1
842.916 0.042 0 0 1
842.966 0.048 0.002 0 1
843.014 0.05 0 0 1
843.064 0.05 0 0 1
843.116 0.05 0.002 0 1
843.164 0.05 0 0 1
843.216 0.05 0.002 0.002 1
843.264 0.05 0 0 1
843.314 0.05 0 0 1
843.36 0.046 0 0 1
843.486 0.124 0.002 0 1
843.506 0.022 0 0 1
843.556 0.05 0 0 1
843.604 0.048 0 0 1
843.656 0.052 0 0 1
843.708 0.05 0.002 0 1
843.758 0.05 0.002 0 1
843.808 0.052 0 0 1
843.856 0.048 0 0 1
843.906 0.05 0 0 1
843.956 0.05 0 0 1
844.006 0.05 0 0 1
844.056 0.05 0 0 1
844.106 0.05 0 0 1
844.15 0.044 0 0 1
844.202 0.052 0 0 1
844.252 0.05 0 0 1
844.302 0.05 0 0 1
844.452 0.15 0 0 1
844.454 0 0.002 0 1
844.504 0.05 0.002 0 1
844.554 0.052 0 0 1
844.604 0.05 0 0 1
844.654 0.05 0 0 1
844.706 0.05 0.002 0 1
844.75 0.046 0 0 1
844.8 0.05 0 0 1
844.85 0.05 0 0 1
844.902 0.052 0 0 1
844.95 0.048 0 0 1
844.996 0.046 0 0 1
845.044 0.048 0 0 1
845.092 0.048 0 0 1
845.144 0.052 0 0 1
845.196 0.052 0 0 1
845.3 0.102 0.002 0 1
845.342 0.044 0 0 1
845.392 0.05 0 0 1
845.436 0.044 0 0 1
845.484 0.048 0 0 1
845.536 0.052 0 0 1
845.588 0.052 0 0 1
845.634 0.046 0 0 1
845.68 0.046 0 0 1
845.732 0.052 0 0 1
845.774 0.04 0.002 0 1
845.82 0.048 0 0 1
845.87 0.048 0.002 0 1
845.92 0.052 0 0 1
845.97 0.05 0 0 1
846.02 0.05 0 0 1
846.07 0.05 0 0 1
846.186 0.114 0.002 0 1
846.222 0.036 0.002 0 1
846.272 0.052 0 0 1
846.314 0.042 0 0 1
846.366 0.052 0 0 1
846.418 0.05 0.002 0 1
846.466 0.05 0 0 1
846.516 0.05 0 0 1
846.568 0.05 0.002 0 1
846.616 0.05 0 0 1
846.666 0.05 0 0 1
846.716 0.05 0 0 1
846.762 0.046 0 0 1
846.812 0.05 0 0 1
846.864 0.05 0.002 0 1
846.912 0.05 0 0 1
847.014 0.1 0.002 0 1
847.052 0.04 0 0 1
847.104 0.05 0.002 0 1
847.152 0.05 0 0 1
847.204 0.05 0.002 0 1
847.254 0.052 0 0 1
847.3 0.046 0 0 1
847.348 0.046 0.002 0 1
847.398 0.05 0.002 0 1
847.446 0.05 0 0 1
847.496 0.05 0 0 1
847.546 0.05 0 0 1
847.592 0.046 0 0 1
847.642 0.05 0 0 1
847.694 0.05 0.002 0 1
847.74 0.048 0 0 1
847.79 0.05 0 0 1
847.84 0.05 0 0 1
847.944 0.102 0.002 0 1
847.988 0.044 0.002 0.002 1
848.038 0.052 0 0 1
848.086 0.048 0 0 1
848.136 0.05 0 0 1
848.188 0.05 0.002 0 1
848.238 0.052 0 0 1
848.288 0.05 0 0 1
848.338 0.05 0 0 1
848.386 0.048 0 0 1
848.436 0.05 0 0 1
848.484 0.048 0 0 1
848.532 0.046 0.002 0 1
848.582 0.05 0.002 0 1
848.63 0.05 0 0 1
848.68 0.05 0 0 1
848.786 0.104 0.002 0 1
848.824 0.04 0 0 1
848.874 0.05 0 0 1
848.92 0.044 0.002 0 1
848.966 0.048 0 0 1
849.016 0.05 0 0 1
849.066 0.05 0 0 1
849.116 0.05 0 0 1
849.168 0.05 0.002 0 1
849.218 0.052 0 0 1
849.27 0.05 0.002 0 1
849.318 0.05 0 0 1
849.368 0.05 0 0 1
849.416 0.046 0.002 0 1
849.468 0.052 0.002 0 1
849.516 0.05 0 0 1
849.566 0.05 0 0 1
849.702 0.136 0 0 1
849.71 0.008 0 0 1
849.762 0.05 0.002 0 1
849.806 0.046 0 0 1
849.858 0.052 0 0 1
849.902 0.044 0 0 1
849.938 0.036 0 0 1
849.988 0.05 0 0 1
850.042 0.054 0 0 1
850.088 0.046 0 0 1
850.136 0.048 0 0 1
850.182 0.044 0.002 0 1
850.234 0.054 0 0 1
850.29 0.054 0.002 0 1
850.336 0.048 0 0 1
850.39 0.052 0.002 0 1
850.442 0.054 0 0 1
850.494 0.052 0 0 1
850.546 0.052 0 0 1
850.598 0.052 0 0 1
850.648 0.05 0 0 1
850.69 0.042 0 0 1
850.74 0.05 0 0 1
850.792 0.052 0 0 1
850.844 0.05 0.002 0 1
850.894 0.048 0.004 0 1
850.944 0.052 0.002 0.002 1
850.99 0.048 0 0 1
851.038 0.048 0 0 1
851.088 0.05 0 0 1
851.138 0.05 0 0 1
851.188 0.05 0 0 1
851.238 0.05 0 0 1
851.288 0.05 0 0 1
851.338 0.05 0 0 1
851.428 0.088 0.002 0 1
851.434 0.008 0 0 1
851.482 0.048 0 0 1
851.534 0.052 0 0 1
851.58 0.046 0 0 1
851.632 0.05 0.002 0 1
851.68 0.05 0 0 1
851.73 0.048 0.002 0 1
851.782 0.052 0.002 0 1
851.832 0.05 0.002 0 1
851.882 0.05 0.002 0.002 1
851.932 0.052 0 0 1
851.982 0.05 0 0 1
852.032 0.05 0 0 1
852.076 0.042 0.002 0 1
852.122 0.048 0 0 1
852.168 0.046 0 0 1
852.266 0.096 0.002 0 1
852.314 0.05 0 0 1
852.366 0.052 0 0 1
852.418 0.05 0.002 0 1
852.468 0.052 0 0 1
852.518 0.05 0 0 1
852.57 0.05 0.002 0 1
852.61 0.042 0 0 1
852.658 0.048 0 0 1
852.71 0.05 0.002 0 1
852.754 0.046 0 0 1
852.804 0.05 0 0 1
852.854 0.05 0 0 1
852.906 0.05 0.002 0 1
852.956 0.05 0.002 0.002 1
853.002 0.048 0 0 1
853.114 0.112 0 0 1
853.152 0.038 0 0 1
853.204 0.052 0 0 1
853.252 0.048 0 0 1
853.302 0.05 0 0 1
853.35 0.048 0 0 1
853.402 0.052 0 0 1
853.452 0.048 0.002 0.002 1
853.502 0.05 0.002 0 1
853.552 0.05 0.002 0 1
853.592 0.042 0 0 1
853.644 0.052 0 0 1
853.696 0.052 0 0 1
853.744 0.046 0.002 0 1
853.794 0.05 0.002 0 1
853.922 0.128 0.002 0 1
853.938 0.018 0 0 1
853.984 0.046 0 0 1
854.028 0.042 0.002 0 1
854.078 0.052 0 0 1
854.126 0.048 0 0 1
854.178 0.052 0 0 1
854.228 0.05 0 0 1
854.278 0.05 0 0 1
854.328 0.05 0 0 1
854.376 0.048 0 0 1
854.426 0.05 0 0 1
854.472 0.046 0 0 1
854.526 0.052 0.002 0 1
854.572 0.048 0 0 1
854.608 0.036 0 0 1
854.658 0.048 0.002 0 1
854.77 0.112 0.002 0 1
854.798 0.03 0 0 1
854.848 0.05 0 0 1
854.9 0.052 0 0 1
854.952 0.052 0 0 1
855 0.048 0 0 1
855.048 0.048 0 0 1
855.1 0.052 0 0 1
855.144 0.044 0 0 1
855.19 0.046 0 0 1
855.232 0.042 0 0 1
855.284 0.052 0 0 1
855.336 0.052 0 0 1
855.382 0.046 0 0 1
855.436 0.054 0 0 1
855.486 0.05 0 0 1
855.53 0.044 0 0 1
855.582 0.05 0.002 0 1
855.634 0.054 0 0 1
855.676 0.04 0.002 0 1
855.726 0.052 0 0 1
855.774 0.048 0 0 1
855.82 0.046 0 0 1
855.868 0.048 0 0 1
855.914 0.046 0 0 1
855.96 0.044 0.002 0 1
856.012 0.054 0 0 1
856.06 0.048 0 0 1
856.11 0.05 0 0 1
856.16 0.048 0.002 0 1
856.208 0.05 0 0 1
856.252 0.044 0 0 1
856.306 0.054 0 0 1
856.356 0.05 0 0 1
856.5 0.142 0.002 0 1
856.506 0.006 0.002 0 1
856.554 0.05 0 0 1
856.604 0.05 0 0 1
856.656 0.052 0 0 1
856.708 0.052 0 0 1
856.762 0.054 0 0 1
856.802 0.04 0 0 1
856.854 0.052 0 0 1
856.904 0.05 0 0 1
856.956 0.052 0 0 1
857.006 0.05 0 0 1
857.058 0.05 0.002 0 1
857.104 0.048 0 0 1
857.146 0.042 0 0 1
857.2 0.052 0.002 0 1
857.248 0.05 0 0 1
857.29 0.042 0 0 1
857.342 0.052 0 0 1
857.452 0.108 0.002 0.002 1
857.484 0.034 0 0 1
857.534 0.05 0 0 1
857.584 0.05 0 0 1
857.634 0.05 0 0 1
857.686 0.05 0.002 0 1
857.73 0.046 0 0 1
857.782 0.052 0 0 1
857.832 0.05 0 0 1
857.882 0.05 0 0 1
857.932 0.05 0 0 1
857.982 0.05 0 0 1
858.032 0.05 0 0 1
858.084 0.052 0 0 1
858.134 0.05 0 0 1
858.184 0.05 0 0 1
858.234 0.05 0 0 1
858.37 0.136 0 0 1
858.378 0.008 0 0 1
858.428 0.05 0 0 1
858.478 0.05 0 0 1
858.528 0.05 0 0 1
858.578 0.05 0 0 1
858.626 0.048 0 0 1
858.676 0.05 0 0 1
858.726 0.05 0 0 1
858.774 0.048 0 0 1
858.822 0.048 0 0 1
858.87 0.048 0 0 1
858.912 0.042 0 0 1
858.962 0.048 0.002 0 1
859.014 0.052 0.002 0.002 1
859.066 0.052 0.002 0 1
859.148 0.084 0 0 1
859.202 0.054 0 0 1
859.254 0.052 0 0 1
859.304 0.05 0 0 1
859.352 0.048 0 0 1
859.404 0.052 0 0 1
859.454 0.05 0 0 1
859.504 0.05 0 0 1
859.546 0.04 0.002 0 1
859.596 0.05 0.002 0 1
859.646 0.05 0.002 0 1
859.694 0.05 0 0 1
859.744 0.05 0 0 1
859.792 0.046 0.002 0 1
859.84 0.05 0 0 1
859.89 0.05 0 0 1
859.938 0.048 0 0 1
859.988 0.05 0 0 1
860.036 0.048 0 0 1
860.164 0.128 0 0 1
860.188 0.022 0.002 0 1
860.236 0.05 0 0 1
860.284 0.046 0.002 0.002 1
860.336 0.052 0.002 0 1
860.386 0.052 0 0 1
860.438 0.05 0.002 0 1
860.486 0.05 0 0 1
860.536 0.05 0 0 1
860.582 0.046 0 0 1
860.628 0.046 0 0 1
860.678 0.05 0 0 1
860.722 0.042 0.002 0 1
860.772 0.052 0 0 1
860.82 0.048 0 0 1
860.872 0.05 0.002 0 1
860.918 0.046 0.002 0 1
861.018 0.1 0.002 0.002 1
861.054 0.038 0 0 1
861.098 0.042 0.002 0 1
861.148 0.052 0 0 1
861.2 0.05 0.002 0 1
861.248 0.048 0.002 0 1
861.298 0.05 0.002 0 1
861.348 0.052 0 0 1
861.4 0.05 0.002 0 1
861.45 0.052 0 0 1
861.5 0.048 0.002 0 1
861.546 0.048 0 0 1
861.598 0.05 0.002 0 1
861.646 0.05 0 0 1
861.696 0.05 0 0 1
861.744 0.048 0 0 1
861.792 0.048 0 0 1
861.882 0.09 0 0 1
861.926 0.044 0 0 1
861.97 0.044 0 0 1
862.022 0.052 0 0 1
862.074 0.05 0.002 0 1
862.124 0.052 0 0 1
862.174 0.05 0 0 1
862.226 0.052 0 0 1
862.276 0.05 0 0 1
862.328 0.052 0 0 1
862.376 0.048 0 0 1
862.428 0.05 0.002 0 1
862.478 0.05 0.002 0 1
862.528 0.052 0 0 1
862.578 0.05 0 0 1
862.628 0.05 0 0 1
862.678 0.05 0 0 1
862.796 0.118 0 0 1
862.824 0.028 0 0 1
862.874 0.05 0 0 1
862.922 0.048 0 0 1
862.964 0.042 0 0 1
863.016 0.052 0 0 1
863.066 0.05 0 0 1
863.118 0.05 0.002 0 1
863.166 0.05 0 0 1
863.218 0.05 0.002 0 1
863.266 0.05 0 0 1
863.316 0.05 0 0 1
863.366 0.05 0 0 1
863.416 0.05 0 0 1
863.466 0.05 0 0 1
863.516 0.05 0 0 1
863.566 0.048 0.002 0 1
863.676 0.112 0 0 1
863.712 0.036 0 0 1
863.764 0.052 0 0 1
863.814 0.05 0 0 1
863.862 0.048 0 0 1
863.912 0.05 0 0 1
863.964 0.052 0 0 1
864.014 0.048 0.002 0 1
864.064 0.05 0.002 0 1
864.114 0.052 0 0 1
864.154 0.04 0 0 1
864.206 0.052 0 0 1
864.26 0.054 0 0 1
864.312 0.05 0.002 0 1
864.36 0.05 0 0 1
864.41 0.05 0 0 1
864.51 0.098 0.002 0 1
864.51 0.002 0 0 1
864.562 0.05 0.002 0 1
864.61 0.05 0 0 1
864.662 0.052 0 0 1
864.712 0.05 0 0 1
864.762 0.05 0 0 1
864.812 0.05 0 0 1
864.86 0.048 0 0 1
864.91 0.048 0.002 0 1
864.96 0.05 0.002 0.002 1
865.008 0.05 0 0 1
865.058 0.05 0 0 1
865.108 0.05 0 0 1
865.154 0.044 0.002 0 1
865.202 0.05 0 0 1
865.316 0.114 0 0 1
865.348 0.032 0 0 1
865.402 0.054 0 0 1
865.45 0.048 0 0 1
865.498 0.046 0.002 0.002 1
865.55 0.052 0.002 0 1
865.6 0.05 0.002 0 1
