31.854 31.784 0.07 0.07 0 0 1
31.92 0.07 0.066 0.066 0 0 1
31.996 0.066 0.076 0.076 0 0 1
32.084 0.104 0.06 0.06 0 0 1
32.152 0.06 0.068 0.068 0 0 1
32.226 0.068 0.074 0.074 0 0 1
32.294 0.074 0.068 0.068 0 0 1
32.348 0.068 0.054 0.054 0 0 1
32.41 0.054 0.062 0.062 0 0 1
32.468 0.062 0.058 0.058 0 0 1
32.526 0.058 0.058 0.058 0 0 1
32.612 0.082 0.062 0.062 0 0 1
32.686 0.062 0.074 0.074 0 0 1
32.77 0.094 0.064 0.064 0 0 1
32.83 0.064 0.06 0.06 0 0 1
32.888 0.06 0.058 0.058 0 0 1
32.954 0.058 0.066 0.066 0 0 1
33.014 0.066 0.06 0.06 0 0 1
33.082 0.06 0.068 0.068 0 0 1
33.15 0.068 0.068 0.068 0 0 1
33.242 0.082 0.078 0.078 0 0 1
33.306 0.078 0.064 0.064 0 0 1
33.406 0.094 0.07 0.07 0 0 1
33.47 0.07 0.064 0.064 0 0 1
33.534 0.066 0.062 0.062 0 0 1
33.632 0.088 0.072 0.072 0 0 1
33.704 0.072 0.072 0.072 0 0 1
33.776 0.072 0.072 0.072 0 0 1
33.87 0.1 0.066 0.066 0 0 1
33.946 0.066 0.076 0.076 0 0 1
34.012 0.076 0.066 0.066 0 0 1
34.086 0.066 0.074 0.074 0 0 1
34.158 0.074 0.072 0.072 0 0 1
34.23 0.072 0.072 0.072 0 0 1
34.292 0.072 0.062 0.062 0 0 1
34.376 0.084 0.062 0.062 0 0 1
35.162 0.062 0.786 0.012 0.774 0 3
35.93 0.81 0.744 0.014 0.73 0 3
36.458 0.744 0.528 0.006 0.52 0.002 1
37.01 0.56 0.52 0.006 0.512 0.002 2
37.54 0.52 0.53 0.006 0.524 0 2
38.112 0.57 0.532 0.006 0.526 0 2
38.65 0.532 0.538 0.008 0.53 0 2
39.204 0.562 0.53 0.008 0.522 0 2
39.71 0.53 0.506 0.008 0.498 0 2
40.218 0.506 0.508 0.006 0.5 0.002 2
40.792 0.532 0.55 0.01 0.54 0 2
41.354 0.592 0.52 0.01 0.51 0 2
41.866 0.52 0.512 0.008 0.504 0 2
42.412 0.548 0.51 0.004 0.506 0 2
42.918 0.51 0.506 0.006 0.5 0 2
43.44 0.552 0.476 0.004 0.472 0 2
43.938 0.476 0.498 0.01 0.488 0 2
44.448 0.534 0.474 0.004 0.47 0 2
44.942 0.476 0.492 0.008 0.484 0 2
45.484 0.522 0.512 0.012 0.5 0 2
45.952 0.512 0.468 0.008 0.46 0 2
46.51 0.514 0.512 0.008 0.502 0.002 2
47.032 0.512 0.522 0 0.522 0 2
47.572 0.57 0.492 0.01 0.482 0 2
48.09 0.492 0.518 0.008 0.51 0 2
48.65 0.56 0.518 0.01 0.508 0 2
49.176 0.518 0.526 0.01 0.516 0 2
49.728 0.556 0.522 0 0.522 0 2
50.324 0.57 0.548 0.006 0.542 0 2
50.838 0.55 0.512 0.006 0.506 0 2
51.404 0.556 0.522 0.006 0.516 0 2
51.92 0.522 0.516 0.006 0.51 0 2
52.49 0.554 0.532 0.006 0.526 0 2
53.028 0.532 0.538 0.008 0.53 0 2
53.668 0.582 0.596 0.008 0.588 0 2
54.248 0.598 0.578 0.008 0.57 0 2
54.858 0.622 0.566 0.008 0.558 0 2
55.472 0.566 0.614 0.008 0.606 0 2
56.102 0.658 0.586 0.006 0.58 0 2
56.762 0.634 0.612 0.008 0.602 0.002 2
57.402 0.612 0.64 0.01 0.63 0 2
58.08 0.686 0.632 0.01 0.622 0 2
58.77 0.674 0.648 0.006 0.642 0 2
59.386 0.648 0.616 0.006 0.61 0 2
60.122 0.668 0.684 0.008 0.676 0 2
60.808 0.684 0.686 0.008 0.678 0 2
61.518 0.686 0.71 0.008 0.702 0 2
62.486 0.758 0.92 0.002 0.918 0 2
63.446 0.92 0.96 0.006 0.954 0 2
64.288 0.992 0.81 0.008 0.8 0.002 2
65.17 0.856 0.836 0.002 0.834 0 2
66.04 0.836 0.87 0.01 0.86 0 2
66.91 0.922 0.818 0 0.818 0 2
67.822 0.818 0.912 0.008 0.904 0 2
68.78 0.956 0.914 0.008 0.906 0 2
69.762 0.914 0.982 0.004 0.976 0.002 2
70.814 1.024 1.01 0.004 1.004 0 2
71.844 1.01 1.03 0.008 1.022 0 2
72.824 1.086 0.924 0.004 0.92 0 2
73.798 0.924 0.974 0.01 0.964 0 2
74.848 1.024 1 0 1 0 2
75.796 1 0.948 0.008 0.94 0 2
76.788 0.998 0.942 0.006 0.934 0.002 2
77.738 0.942 0.95 0.008 0.942 0 2
78.78 0.998 0.994 0.006 0.988 0 2
79.74 0.998 0.956 0.006 0.95 0 2
80.712 1.002 0.926 0.01 0.916 0 2
81.688 0.928 0.974 0.002 0.97 0.002 2
82.712 1.03 0.968 0.006 0.962 0 2
83.674 0.968 0.962 0.008 0.954 0 2
84.648 1.008 0.928 0.008 0.916 0.002 2
85.472 0.928 0.824 0.01 0.814 0 2
86.352 0.882 0.822 0.006 0.816 0 2
87.128 0.822 0.776 0.008 0.768 0 2
87.984 0.828 0.804 0.006 0.798 0 2
88.75 0.804 0.766 0.012 0.754 0 2
89.58 0.808 0.788 0 0.786 0.002 2
90.344 0.788 0.764 0.008 0.756 0 2
91.174 0.808 0.786 0.002 0.782 0.002 2
91.91 0.786 0.736 0.008 0.728 0 2
92.764 0.78 0.81 0.008 0.802 0 2
93.546 0.812 0.78 0.002 0.778 0 2
94.378 0.836 0.776 0.008 0.768 0 2
95.336 0.78 0.954 0.008 0.944 0.002 2
96.288 1.002 0.904 0.004 0.898 0.002 2
97.182 0.904 0.894 0.008 0.886 0 2
98.178 0.95 0.94 0.01 0.93 0 2
99.142 0.944 0.96 0.008 0.952 0 2
100.088 1.014 0.892 0.006 0.886 0 2
101.07 0.892 0.982 0.006 0.976 0 2
102.034 1.032 0.914 0.01 0.904 0 2
102.748 0.914 0.714 0.004 0.71 0 2
103.466 0.756 0.676 0.008 0.668 0 2
104.094 0.676 0.628 0.008 0.62 0 2
104.756 0.676 0.614 0.008 0.606 0 2
105.35 0.614 0.594 0.008 0.584 0.002 2
105.99 0.636 0.598 0.008 0.588 0.002 2
106.59 0.598 0.6 0.008 0.592 0 2
107.276 0.654 0.632 0.002 0.63 0 2
107.848 0.634 0.57 0.004 0.566 0 2
108.434 0.57 0.586 0.004 0.582 0 2
109.074 0.636 0.59 0.008 0.582 0 2
109.67 0.59 0.596 0.002 0.594 0 2
110.31 0.642 0.594 0.028 0.566 0 7
110.936 0.594 0.626 0.004 0.622 0 2
111.588 0.674 0.604 0.006 0.598 0 2
112.218 0.604 0.63 0.008 0.622 0 2
112.868 0.674 0.606 0.006 0.6 0 2
113.51 0.606 0.642 0.002 0.64 0 2
114.128 0.686 0.574 0.004 0.57 0 2
114.672 0.574 0.544 0.006 0.536 0.002 2
115.274 0.584 0.562 0.01 0.552 0 2
115.81 0.562 0.536 0.012 0.524 0 2
116.394 0.586 0.534 0.012 0.522 0 2
116.91 0.534 0.516 0.004 0.512 0 2
117.452 0.562 0.496 0.004 0.492 0 2
117.944 0.496 0.492 0.014 0.478 0 2
118.466 0.548 0.466 0.012 0.454 0 2
118.898 0.466 0.432 0.01 0.422 0 2
119.34 0.47 0.404 0.004 0.4 0 2
119.76 0.404 0.42 0.01 0.41 0 2
120.236 0.472 0.424 0.01 0.414 0 2
120.648 0.424 0.412 0.01 0.402 0 2
121.07 0.452 0.382 0.008 0.374 0 2
121.492 0.382 0.422 0.014 0.408 0 2
121.984 0.476 0.438 0.01 0.428 0 2
122.352 0.438 0.368 0.008 0.36 0 2
122.8 0.406 0.41 0 0.41 0 2
123.276 0.452 0.434 0.004 0.43 0 2
123.686 0.434 0.41 0.008 0.402 0 2
124.104 0.41 0.418 0.012 0.406 0 2
124.598 0.462 0.45 0.01 0.44 0 2
125.042 0.45 0.444 0.004 0.44 0 2
125.59 0.486 0.506 0.01 0.496 0 2
126.064 0.506 0.474 0.008 0.466 0 2
126.61 0.52 0.5 0.01 0.486 0.004 2
127.084 0.5 0.474 0.004 0.47 0 2
127.636 0.526 0.5 0.014 0.486 0 2
128.138 0.502 0.5 0.006 0.494 0 2
128.676 0.558 0.48 0.004 0.476 0 2
129.17 0.48 0.494 0.008 0.486 0 2
129.706 0.552 0.478 0.008 0.47 0 2
130.186 0.478 0.48 0.01 0.47 0 2
130.604 0.54 0.358 0.01 0.348 0 2
130.994 0.408 0.34 0.01 0.33 0 2
131.346 0.34 0.352 0.01 0.342 0 2
131.752 0.402 0.356 0.002 0.354 0 2
132.068 0.356 0.316 0.008 0.308 0 2
132.41 0.316 0.342 0.01 0.332 0 2
132.746 0.396 0.282 0.01 0.272 0 2
133.112 0.33 0.318 0.01 0.308 0 2
133.41 0.318 0.298 0.006 0.292 0 2
133.756 0.338 0.306 0.008 0.298 0 2
134.04 0.306 0.284 0.006 0.278 0 2
134.352 0.33 0.266 0.008 0.258 0 2
134.646 0.266 0.294 0.008 0.286 0 2
134.968 0.332 0.284 0.008 0.276 0 2
135.244 0.284 0.276 0.006 0.27 0 2
135.514 0.276 0.27 0.008 0.262 0 2
135.834 0.314 0.276 0.012 0.264 0 2
136.164 0.324 0.282 0.004 0.278 0 2
136.45 0.284 0.284 0.006 0.278 0 2
136.734 0.284 0.284 0.01 0.274 0 2
137.106 0.336 0.32 0.006 0.314 0 2
137.42 0.32 0.314 0.008 0.306 0 2
137.738 0.314 0.318 0.008 0.31 0 2
138.114 0.366 0.328 0.006 0.322 0 2
138.474 0.328 0.36 0.008 0.352 0 2
138.786 0.36 0.312 0.008 0.304 0 2
139.164 0.348 0.342 0.004 0.338 0 2
139.592 0.342 0.428 0.01 0.418 0 2
140.018 0.47 0.384 0.006 0.378 0 2
140.422 0.384 0.404 0.008 0.396 0 2
140.886 0.458 0.41 0.008 0.402 0 2
141.29 0.41 0.404 0.004 0.4 0 2
141.76 0.46 0.414 0.004 0.41 0 2
142.236 0.468 0.422 0.008 0.414 0 2
142.646 0.424 0.408 0.006 0.402 0 2
143.144 0.468 0.438 0.004 0.434 0 2
143.6 0.438 0.456 0.008 0.446 0.002 2
144.104 0.506 0.454 0.008 0.446 0 2
144.59 0.454 0.486 0.004 0.48 0.002 2
145.028 0.486 0.438 0.008 0.43 0 2
145.532 0.486 0.456 0.008 0.448 0 2
145.956 0.456 0.424 0.008 0.416 0 2
146.44 0.466 0.442 0.004 0.438 0 2
146.928 0.442 0.488 0.014 0.474 0 2
147.416 0.532 0.444 0.01 0.434 0 2
147.908 0.444 0.492 0.01 0.48 0 2
148.386 0.528 0.442 0.008 0.434 0 2
148.818 0.442 0.432 0.006 0.426 0 2
149.316 0.474 0.456 0.008 0.448 0 2
149.774 0.456 0.458 0.008 0.45 0 2
150.29 0.492 0.482 0.002 0.48 0 2
150.746 0.482 0.456 0.01 0.446 0 2
151.218 0.456 0.472 0.004 0.468 0 2
151.68 0.524 0.41 0.01 0.4 0 2
152.072 0.41 0.392 0.008 0.384 0 2
152.544 0.436 0.428 0.008 0.42 0 2
152.956 0.428 0.412 0.008 0.404 0 2
153.494 0.466 0.484 0.008 0.476 0 2
153.95 0.484 0.456 0.008 0.448 0 2
154.41 0.518 0.398 0.008 0.388 0.002 2
154.834 0.398 0.424 0.008 0.416 0 2
155.324 0.472 0.442 0.008 0.434 0 2
155.734 0.444 0.408 0.012 0.396 0 2
156.21 0.458 0.426 0.006 0.42 0 2
156.64 0.426 0.43 0.006 0.424 0 2
157.096 0.47 0.416 0.01 0.406 0 2
157.562 0.418 0.464 0.01 0.454 0 2
157.986 0.502 0.386 0.006 0.38 0 2
158.384 0.386 0.398 0.012 0.386 0 2
158.772 0.452 0.334 0.002 0.332 0 2
159.146 0.334 0.374 0.012 0.362 0 2
159.562 0.416 0.374 0.008 0.366 0 2
159.928 0.374 0.366 0.012 0.354 0 2
160.354 0.41 0.382 0.008 0.374 0 2
160.796 0.384 0.44 0.01 0.43 0 2
161.222 0.486 0.38 0.004 0.376 0 1
161.642 0.42 0.38 0.004 0.376 0 1
162.19 0.382 0.546 0.004 0.542 0 1
162.764 0.606 0.514 0.004 0.51 0 1
163.294 0.516 0.528 0.004 0.524 0 1
163.858 0.578 0.514 0.002 0.512 0 1
164.416 0.514 0.558 0.004 0.554 0 1
164.984 0.612 0.514 0.004 0.51 0 1
165.364 0.514 0.38 0.004 0.372 0.002 1
165.822 0.424 0.414 0 0.412 0.002 1
166.276 0.466 0.402 0.004 0.398 0 1
166.72 0.462 0.384 0.002 0.38 0.002 1
167.284 0.384 0.564 0.002 0.562 0 1
167.914 0.618 0.576 0.01 0.566 0 2
168.562 0.576 0.648 0.006 0.642 0 2
169.24 0.71 0.616 0.008 0.608 0 2
169.848 0.616 0.608 0.002 0.606 0 1
170.506 0.654 0.612 0.01 0.602 0 2
171.264 0.612 0.758 0.004 0.754 0 2
172.024 0.806 0.712 0.012 0.698 0.002 2
172.824 0.714 0.798 0.006 0.79 0.002 2
173.682 0.85 0.806 0.008 0.798 0 2
174.522 0.806 0.84 0.004 0.834 0.002 2
175.47 0.894 0.894 0.004 0.89 0 2
176.38 0.894 0.91 0.004 0.906 0 2
177.35 0.958 0.922 0.01 0.912 0 2
178.124 0.922 0.774 0.006 0.768 0 2
178.938 0.822 0.766 0.004 0.762 0 2
179.746 0.768 0.806 0.006 0.8 0 2
180.576 0.864 0.772 0.006 0.766 0 2
181.432 0.82 0.808 0.008 0.8 0 2
182.232 0.808 0.8 0.008 0.79 0.002 2
183.088 0.85 0.806 0.01 0.796 0 2
183.946 0.806 0.858 0 0.858 0 2
184.806 0.908 0.81 0.008 0.802 0 2
185.67 0.81 0.864 0.012 0.852 0 2
186.582 0.918 0.858 0.01 0.848 0 2
187.404 0.858 0.822 0.014 0.808 0 2
188.34 0.886 0.872 0.012 0.86 0 2
189.208 0.872 0.868 0.01 0.858 0 2
190.068 0.926 0.802 0.006 0.796 0 2
190.918 0.802 0.85 0.008 0.842 0 2
191.836 0.904 0.864 0.01 0.854 0 2
192.738 0.866 0.9 0.012 0.886 0.002 2
193.69 0.946 0.906 0.008 0.898 0 2
194.582 0.906 0.892 0.01 0.882 0 2
195.562 0.948 0.924 0.034 0.89 0 6
196.388 0.924 0.826 0.008 0.818 0 2
197.23 0.878 0.79 0.006 0.784 0 2
198.186 0.85 0.896 0.008 0.886 0.002 2
199.068 0.896 0.882 0.01 0.872 0 2
199.95 0.924 0.84 0.004 0.836 0 2
200.792 0.84 0.842 0.008 0.832 0.002 2
201.708 0.898 0.86 0.006 0.852 0.002 2
202.558 0.86 0.85 0.01 0.84 0 2
203.58 0.898 0.974 0.004 0.97 0 2
204.61 0.974 1.03 0.012 1.018 0 2
205.568 1.088 0.9 0.004 0.896 0 2
206.43 0.9 0.862 0.008 0.854 0 2
207.174 0.916 0.69 0.006 0.682 0.002 2
207.844 0.69 0.67 0.004 0.666 0 2
208.55 0.734 0.642 0.006 0.636 0 2
209.286 0.7 0.678 0.008 0.67 0 2
209.934 0.724 0.602 0 0.602 0 2
210.548 0.602 0.614 0.006 0.608 0 2
211.28 0.66 0.686 0.006 0.68 0 2
211.886 0.686 0.606 0.006 0.6 0 2
212.568 0.656 0.632 0.008 0.624 0 2
213.174 0.632 0.606 0 0.606 0 2
213.868 0.658 0.642 0.006 0.636 0 2
214.45 0.644 0.58 0.006 0.574 0 2
215.164 0.636 0.658 0.01 0.648 0 2
215.8 0.658 0.636 0.002 0.634 0 2
216.458 0.688 0.606 0 0.606 0 2
217.112 0.606 0.654 0.008 0.646 0 2
217.796 0.698 0.64 0.004 0.636 0 2
218.47 0.69 0.624 0.006 0.618 0 2
219.108 0.624 0.638 0.004 0.634 0 3
219.856 0.692 0.694 0.008 0.686 0 3
220.564 0.758 0.644 0.006 0.638 0 2
221.176 0.644 0.612 0.008 0.604 0 2
221.862 0.658 0.64 0.006 0.634 0 2
222.512 0.64 0.65 0.004 0.646 0 2
223.232 0.702 0.668 0.008 0.66 0 2
223.878 0.668 0.646 0 0.646 0 2
224.616 0.718 0.666 0.004 0.662 0 3
225.29 0.666 0.674 0.002 0.672 0 3
226.008 0.73 0.662 0.008 0.654 0 2
226.644 0.662 0.636 0.008 0.628 0 2
227.348 0.694 0.646 0.006 0.64 0 2
228.028 0.646 0.68 0.006 0.674 0 2
228.778 0.74 0.69 0.006 0.684 0 2
229.43 0.696 0.646 0.004 0.642 0 2
230.174 0.7 0.69 0.008 0.682 0 2
230.814 0.69 0.64 0.008 0.63 0.002 2
231.544 0.684 0.686 0.008 0.678 0 2
232.202 0.686 0.658 0.008 0.65 0 2
232.936 0.714 0.678 0.008 0.67 0 2
233.594 0.678 0.658 0.008 0.65 0 2
234.304 0.718 0.65 0.01 0.64 0 2
234.982 0.652 0.676 0.006 0.67 0 2
235.722 0.734 0.682 0.008 0.674 0 2
236.394 0.682 0.672 0.008 0.664 0 2
237.162 0.738 0.702 0.01 0.692 0 2
237.81 0.702 0.648 0.008 0.64 0 2
238.514 0.7 0.652 0.004 0.646 0.002 2
239.186 0.652 0.672 0.008 0.664 0 2
239.934 0.732 0.688 0.012 0.676 0 2
240.59 0.688 0.656 0.01 0.646 0 2
241.31 0.726 0.65 0.01 0.64 0 2
242.01 0.65 0.7 0.01 0.69 0 2
242.756 0.744 0.702 0.008 0.692 0.002 2
243.43 0.702 0.674 0.012 0.662 0 3
244.188 0.716 0.716 0.006 0.71 0 3
244.882 0.716 0.694 0.008 0.686 0 2
245.586 0.694 0.704 0.008 0.696 0 2
246.382 0.762 0.738 0.026 0.712 0 6
247.078 0.738 0.696 0.022 0.674 0 6
247.838 0.756 0.7 0.006 0.694 0 2
248.526 0.7 0.688 0.01 0.678 0 2
249.282 0.748 0.696 0.022 0.674 0 7
250.012 0.696 0.73 0.028 0.702 0 7
250.772 0.76 0.73 0.002 0.728 0 2
251.45 0.73 0.678 0.004 0.674 0 2
252.198 0.734 0.692 0.01 0.682 0 2
252.902 0.692 0.704 0.006 0.698 0 2
253.668 0.766 0.704 0.01 0.694 0 2
254.362 0.704 0.694 0.018 0.674 0.002 8
255.104 0.742 0.694 0.02 0.674 0 8
255.814 0.694 0.71 0.026 0.684 0 8
256.6 0.764 0.732 0.02 0.712 0 8
257.244 0.734 0.642 0.02 0.62 0.002 8
258.01 0.708 0.7 0.022 0.678 0 7
258.694 0.702 0.682 0.02 0.662 0 7
259.46 0.732 0.716 0.008 0.708 0 2
260.162 0.716 0.702 0.008 0.694 0 2
260.91 0.752 0.698 0.016 0.682 0 8
261.612 0.698 0.702 0.018 0.682 0.002 8
262.328 0.766 0.652 0.008 0.642 0.002 4
263.014 0.652 0.686 0.01 0.676 0 4
263.7 0.686 0.686 0.02 0.666 0 4
264.374 0.748 0.612 0 0.612 0 2
264.986 0.612 0.612 0 0.612 0 2
265.782 0.674 0.734 0.004 0.73 0 2
266.558 0.734 0.776 0.006 0.77 0 2
267.314 0.828 0.704 0.004 0.7 0 2
268.086 0.704 0.772 0.004 0.768 0 2
268.652 0.84 0.498 0.006 0.492 0 3
269.134 0.498 0.482 0.006 0.474 0.002 3
269.6 0.482 0.466 0.004 0.462 0 3
270.242 0.538 0.57 0 0.57 0 1
270.804 0.57 0.562 0 0.562 0 1
271.41 0.618 0.55 0.002 0.548 0 1
271.962 0.55 0.552 0 0.552 0 1
272.524 0.606 0.508 0.002 0.506 0 1
273.102 0.578 0.508 0.004 0.504 0 1
273.74 0.508 0.638 0.002 0.634 0.002 1
274.432 0.696 0.634 0.002 0.632 0 1
275 0.634 0.568 0 0.568 0 1
275.622 0.638 0.552 0.002 0.55 0 1
276.224 0.61 0.544 0.004 0.54 0 1
276.752 0.544 0.528 0 0.528 0 1
277.354 0.596 0.534 0 0.534 0 1
277.99 0.534 0.636 0.004 0.63 0.002 1
278.7 0.694 0.652 0.004 0.648 0 1
279.334 0.654 0.632 0.002 0.63 0 1
280.034 0.684 0.648 0 0.648 0 1
280.656 0.65 0.62 0.002 0.618 0 1
281.206 0.672 0.498 0.004 0.494 0 1
281.714 0.498 0.508 0.004 0.504 0 1
282.308 0.57 0.532 0.004 0.528 0 1
282.852 0.532 0.544 0.006 0.536 0.002 1
283.466 0.606 0.552 0.002 0.55 0 1
284.034 0.552 0.568 0.004 0.564 0 1
284.638 0.64 0.532 0.002 0.53 0 1
285.16 0.532 0.522 0.002 0.52 0 1
285.798 0.59 0.57 0.002 0.568 0 1
286.386 0.648 0.51 0.002 0.508 0 1
287.126 0.51 0.74 0 0.74 0 1
287.89 0.798 0.706 0.002 0.704 0 1
288.714 0.776 0.754 0 0.754 0 1
289.44 0.754 0.726 0.004 0.722 0 1
290.06 0.792 0.554 0.004 0.55 0 1
290.614 0.554 0.554 0.002 0.552 0 1
291.132 0.554 0.518 0.002 0.516 0 1
291.724 0.592 0.518 0.002 0.516 0 1
292.332 0.576 0.55 0.002 0.548 0 1
293.06 0.55 0.728 0.002 0.726 0 1
293.722 0.728 0.662 0.002 0.66 0 1
294.284 0.722 0.502 0.002 0.5 0 1
294.788 0.502 0.504 0.002 0.502 0 1
295.3 0.504 0.512 0.002 0.51 0 1
295.76 0.512 0.46 0.002 0.458 0 1
296.48 0.52 0.66 0.004 0.656 0 1
297.154 0.66 0.674 0.002 0.672 0 1
297.684 0.724 0.48 0.002 0.478 0 1
298.224 0.548 0.472 0.002 0.47 0 1
298.758 0.542 0.464 0.002 0.462 0 1
299.236 0.464 0.478 0 0.478 0 1
299.724 0.552 0.414 0.002 0.412 0 1
300.14 0.416 0.414 0 0.414 0 1
300.7 0.472 0.502 0 0.502 0 1
301.182 0.502 0.482 0.002 0.48 0 1
301.786 0.57 0.516 0.002 0.514 0 1
302.26 0.518 0.472 0.002 0.47 0 1
302.794 0.542 0.464 0.002 0.462 0 1
303.358 0.54 0.488 0.002 0.486 0 1
303.874 0.552 0.452 0.002 0.45 0 1
304.414 0.454 0.538 0 0.538 0 1
304.97 0.596 0.498 0.002 0.496 0 1
305.448 0.5 0.476 0.002 0.474 0 1
305.952 0.542 0.438 0 0.438 0 1
306.42 0.438 0.468 0 0.468 0 1
306.96 0.544 0.464 0.002 0.46 0.002 1
307.424 0.464 0.464 0.002 0.46 0.002 1
307.878 0.464 0.454 0.002 0.452 0 1
308.396 0.526 0.446 0 0.446 0 1
308.918 0.532 0.436 0.002 0.434 0 1
309.328 0.436 0.41 0 0.41 0 1
309.818 0.496 0.404 0 0.404 0 1
310.22 0.404 0.402 0.002 0.4 0 1
310.676 0.474 0.384 0.002 0.382 0 1
311.12 0.458 0.37 0.002 0.368 0 1
311.528 0.37 0.408 0.002 0.406 0 1
311.986 0.478 0.388 0 0.386 0.002 1
312.372 0.388 0.386 0 0.386 0 1
312.732 0.386 0.36 0.002 0.358 0 1
313.152 0.36 0.42 0 0.42 0 1
313.62 0.5 0.388 0 0.388 0 1
314.004 0.39 0.382 0 0.382 0 1
314.376 0.382 0.372 0 0.37 0.002 1
314.706 0.372 0.33 0 0.33 0 1
315.122 0.41 0.336 0.002 0.334 0 1
315.474 0.336 0.352 0 0.352 0 1
315.884 0.422 0.34 0.008 0.332 0 1
316.278 0.412 0.322 0 0.322 0 1
316.61 0.322 0.332 0.002 0.33 0 1
316.99 0.406 0.306 0.004 0.302 0 1
317.32 0.306 0.33 0.002 0.328 0 1
317.662 0.33 0.342 0.004 0.338 0 1
317.992 0.342 0.33 0 0.328 0.002 1
318.334 0.33 0.342 0.002 0.34 0 1
318.95 0.414 0.544 0.006 0.538 0 1
319.414 0.544 0.464 0 0.464 0 1
319.984 0.544 0.49 0.004 0.486 0 1
320.466 0.49 0.482 0 0.482 0 1
321.008 0.556 0.468 0.002 0.466 0 1
321.474 0.47 0.464 0 0.464 0 1
321.898 0.464 0.424 0 0.424 0 1
322.462 0.502 0.486 0 0.486 0 1
322.768 0.486 0.306 0 0.306 0 1
323.114 0.392 0.26 0 0.26 0 1
323.522 0.354 0.314 0.002 0.312 0 1
323.756 0.314 0.234 0.002 0.232 0 1
323.982 0.234 0.226 0 0.226 0 1
324.306 0.31 0.24 0.002 0.238 0 1
324.578 0.242 0.27 0 0.27 0 1
324.938 0.356 0.274 0 0.274 0 1
325.37 0.274 0.432 0.002 0.43 0 1
325.906 0.532 0.436 0.004 0.432 0 1
326.416 0.436 0.51 0.002 0.508 0 1
326.888 0.602 0.38 0.002 0.376 0.002 1
327.422 0.448 0.466 0.002 0.464 0 1
327.816 0.466 0.394 0 0.394 0 1
328.364 0.494 0.448 0 0.448 0 1
328.554 0.448 0.19 0.002 0.186 0.002 1
328.792 0.222 0.206 0 0.206 0 1
329.122 0.312 0.224 0 0.224 0 1
329.352 0.224 0.23 0 0.23 0 1
329.658 0.34 0.196 0 0.196 0 1
329.82 0.196 0.162 0.002 0.158 0 1
330.01 0.162 0.19 0.002 0.188 0 1
330.224 0.272 0.132 0 0.132 0 1
330.38 0.132 0.156 0 0.156 0 1
330.552 0.156 0.172 0 0.172 0 1
330.82 0.252 0.188 0.002 0.186 0 1
330.968 0.19 0.146 0.002 0.144 0 1
331.094 0.146 0.126 0 0.126 0 1
331.208 0.126 0.114 0 0.114 0 1
331.43 0.198 0.138 0 0.138 0 1
331.554 0.138 0.124 0.002 0.122 0 1
331.654 0.124 0.1 0 0.1 0 1
331.786 0.1 0.132 0.01 0.122 0 1
331.872 0.132 0.086 0 0.086 0 1
332.126 0.208 0.132 0.002 0.13 0 1
332.238 0.132 0.112 0.002 0.11 0 1
332.352 0.112 0.114 0 0.114 0 1
332.472 0.114 0.12 0.002 0.116 0 1
332.57 0.12 0.098 0 0.098 0 1
332.674 0.1 0.102 0 0.102 0 1
332.872 0.19 0.11 0.002 0.106 0.002 1
332.964 0.11 0.092 0 0.092 0 1
333.052 0.092 0.088 0.002 0.086 0 1
333.14 0.088 0.088 0 0.088 0 1
333.224 0.088 0.084 0.002 0.082 0 1
333.31 0.084 0.086 0.002 0.082 0.002 1
333.39 0.086 0.08 0.002 0.078 0 1
333.542 0.138 0.094 0 0.094 0 1
333.586 0.094 0.044 0 0.044 0 1
333.642 0.044 0.056 0.002 0.054 0 1
333.696 0.056 0.054 0 0.052 0.002 1
333.75 0.054 0.054 0 0.054 0 1
333.796 0.054 0.046 0 0.046 0 1
333.85 0.046 0.054 0 0.054 0 1
333.902 0.054 0.052 0.004 0.046 0.002 1
333.954 0.052 0.052 0 0.052 0 1
333.998 0.052 0.044 0 0.044 0 1
334.046 0.044 0.048 0 0.048 0 1
334.098 0.048 0.052 0.002 0.05 0 1
334.152 0.052 0.054 0 0.054 0 1
334.2 0.054 0.048 0 0.048 0 1
334.258 0.048 0.058 0 0.058 0 1
334.312 0.058 0.054 0 0.052 0 1
334.344 0.054 0.032 0 0.032 0 1
334.4 0.032 0.056 0 0.056 0 1
334.45 0.056 0.05 0 0.05 0 1
334.504 0.05 0.054 0 0.054 0 1
334.56 0.054 0.056 0 0.056 0 1
334.616 0.056 0.056 0.002 0.054 0 1
334.666 0.056 0.05 0 0.05 0 1
334.72 0.052 0.052 0 0.052 0 1
334.774 0.052 0.054 0 0.054 0 1
334.824 0.054 0.05 0 0.05 0 1
334.878 0.05 0.054 0 0.054 0 1
334.926 0.054 0.048 0 0.048 0 1
334.952 0.048 0.026 0 0.026 0 1
335.078 0.128 0.024 0 0.024 0 1
335.09 0.024 0.012 0 0.012 0 1
335.12 0.03 0.012 0.002 0.01 0 1
335.176 0.054 0.014 0 0.014 0 1
335.22 0.052 0.006 0 0.006 0 1
335.278 0.048 0.016 0 0.014 0.002 1
335.324 0.052 0.01 0.002 0.008 0 1
335.374 0.05 0.01 0 0.01 0 1
335.426 0.048 0.014 0 0.012 0.002 1
335.47 0.042 0.016 0 0.016 0 1
335.518 0.056 0.008 0 0.008 0 1
335.562 0.044 0.008 0 0.008 0 1
335.606 0.046 0.006 0 0.006 0 1
335.65 0.046 0.004 0 0.004 0 1
335.788 0.128 0.014 0.002 0.012 0 1
335.82 0.044 0.002 0 0.002 0 1
335.866 0.048 0 0 0 0 1
335.914 0.048 0 0 0 0 1
335.966 0.052 0 0 0 0 1
336.014 0.046 0.002 0 0.002 0 1
336.058 0.046 0 0 0 0 1
336.108 0.048 0.002 0.002 0 0 1
336.16 0.052 0.002 0.002 0 0 1
336.21 0.05 0.002 0 0.002 0 1
336.254 0.044 0.002 0.002 0 0 1
336.298 0.042 0.004 0.004 0 0 1
336.35 0.054 0.002 0 0.002 0 1
336.388 0.038 0.002 0 0.002 0 1
336.55 0.164 0 0 0 0 1
336.568 0.016 0.002 0 0.002 0 1
336.612 0.046 0 0 0 0 1
336.664 0.05 0.002 0 0.002 0 1
336.724 0.06 0.002 0 0.002 0 1
336.776 0.05 0.004 0.004 0 0 1
336.82 0.048 0 0 0 0 1
336.876 0.056 0 0 0 0 1
336.93 0.052 0.002 0.002 0 0 1
336.976 0.046 0.002 0 0.002 0 1
337.028 0.052 0.002 0 0.002 0 1
337.072 0.046 0 0 0 0 1
337.112 0.04 0 0 0 0 1
337.252 0.14 0 0 0 0 1
337.252 0 0 0 0 0 1
337.252 0 0 0 0 0 1
337.286 0.034 0 0 0 0 1
337.348 0.06 0.002 0 0.002 0 1
337.402 0.054 0.002 0 0.002 0 1
337.444 0.044 0 0 0 0 1
337.498 0.052 0.002 0.002 0 0 1
337.548 0.05 0.002 0 0.002 0 1
337.598 0.052 0 0 0 0 1
337.644 0.046 0 0 0 0 1
337.688 0.042 0.002 0 0.002 0 1
337.74 0.054 0 0 0 0 1
337.788 0.048 0 0 0 0 1
337.9 0.108 0.004 0.002 0 0.002 1
337.904 0.006 0.002 0 0.002 0 1
337.946 0.044 0 0 0 0 1
338.002 0.056 0 0 0 0 1
338.05 0.048 0 0 0 0 1
338.102 0.052 0 0 0 0 1
338.15 0.046 0.002 0.002 0 0 1
338.198 0.05 0 0 0 0 1
338.252 0.052 0.002 0 0.002 0 1
338.3 0.05 0 0 0 0 1
338.356 0.054 0.002 0 0 0 1
338.402 0.048 0 0 0 0 1
338.448 0.046 0 0 0 0 1
338.492 0.042 0.002 0.002 0 0 1
338.542 0.052 0 0 0 0 1
338.898 0.354 0.002 0 0 0 1
338.92 0.024 0 0 0 0 1
338.97 0.05 0 0 0 0 1
339.02 0.048 0.002 0 0.002 0 1
339.06 0.042 0 0 0 0 1
339.11 0.05 0 0 0 0 1
339.16 0.05 0 0 0 0 1
339.212 0.052 0 0 0 0 1
339.254 0.042 0 0 0 0 1
339.308 0.054 0 0 0 0 1
339.36 0.052 0 0 0 0 1
339.402 0.042 0 0 0 0 1
339.454 0.052 0 0 0 0 1
339.496 0.042 0 0 0 0 1
339.54 0.044 0 0 0 0 1
339.684 0.14 0.004 0.002 0 0 1
339.71 0.03 0 0 0 0 1
339.76 0.05 0 0 0 0 1
339.808 0.048 0 0 0 0 1
339.864 0.056 0 0 0 0 1
339.918 0.052 0.002 0 0.002 0 1
339.97 0.054 0 0 0 0 1
340.022 0.05 0.002 0 0 0 1
340.07 0.05 0 0 0 0 1
340.118 0.048 0 0 0 0 1
340.164 0.046 0 0 0 0 1
340.214 0.05 0 0 0 0 1
340.264 0.05 0 0 0 0 1
340.316 0.052 0 0 0 0 1
340.366 0.05 0 0 0 0 1
340.414 0.046 0.002 0 0.002 0 1
340.584 0.16 0.012 0 0.012 0 1
340.596 0.024 0 0 0 0 1
340.646 0.05 0 0 0 0 1
340.696 0.05 0 0 0 0 1
340.75 0.052 0.002 0.002 0 0 1
340.796 0.048 0 0 0 0 1
340.842 0.044 0.002 0 0.002 0 1
340.894 0.054 0 0 0 0 1
340.94 0.044 0.002 0 0.002 0 1
340.99 0.05 0.002 0.002 0 0 1
341.036 0.048 0 0 0 0 1
341.084 0.048 0 0 0 0 1
341.134 0.048 0.002 0 0.002 0 1
341.182 0.048 0.002 0.002 0 0 1
341.232 0.052 0 0 0 0 1
341.274 0.042 0 0 0 0 1
341.442 0.164 0.004 0.002 0 0 1
341.46 0.018 0.004 0.002 0.002 0 1
341.514 0.056 0.002 0.002 0 0 1
341.566 0.046 0.008 0 0.008 0 1
341.61 0.052 0 0 0 0 1
341.656 0.046 0 0 0 0 1
341.708 0.05 0.002 0 0.002 0 1
341.758 0.052 0 0 0 0 1
341.808 0.05 0 0 0 0 1
341.86 0.05 0.002 0 0.002 0 1
341.9 0.042 0 0 0 0 1
341.954 0.054 0 0 0 0 1
341.998 0.044 0 0 0 0 1
342.046 0.048 0 0 0 0 1
342.166 0.118 0.002 0.002 0 0 1
342.18 0.014 0.002 0.002 0 0 1
342.224 0.046 0 0 0 0 1
342.436 0.048 0.164 0.164 0 0 1
342.438 0.164 0.002 0.002 0 0 1
342.478 0.04 0.002 0 0.002 0 1
342.524 0.048 0 0 0 0 1
342.576 0.05 0.002 0 0.002 0 1
342.626 0.052 0 0 0 0 1
342.68 0.046 0.008 0.008 0 0 1
342.732 0.058 0.002 0 0 0 1
342.782 0.052 0 0 0 0 1
342.828 0.046 0 0 0 0 1
342.878 0.05 0 0 0 0 1
342.928 0.048 0.002 0 0.002 0 1
342.972 0.046 0 0 0 0 1
343.026 0.052 0.002 0 0.002 0 1
343.158 0.134 0 0 0 0 1
343.194 0.032 0.004 0.004 0 0 1
343.248 0.058 0 0 0 0 1
343.292 0.042 0.002 0 0 0 1
343.346 0.056 0 0 0 0 1
343.398 0.05 0.002 0 0.002 0 1
343.448 0.05 0.002 0 0.002 0 1
343.498 0.05 0.002 0 0.002 0 1
343.538 0.04 0.002 0.002 0 0 1
343.59 0.054 0 0 0 0 1
343.64 0.05 0 0 0 0 1
343.688 0.046 0.002 0.002 0 0 1
343.74 0.054 0 0 0 0 1
343.79 0.05 0 0 0 0 1
343.834 0.042 0.002 0 0.002 0 1
343.886 0.052 0.002 0 0 0.002 1
343.934 0.048 0.002 0 0.002 0 1
344.108 0.174 0.002 0 0 0.002 1
344.112 0.002 0.004 0 0.002 0.002 1
344.158 0.05 0 0 0 0 1
344.2 0.042 0 0 0 0 1
344.25 0.05 0 0 0 0 1
344.296 0.044 0.002 0.002 0 0 1
344.346 0.05 0.002 0 0.002 0 1
344.396 0.052 0 0 0 0 1
344.446 0.05 0 0 0 0 1
344.49 0.04 0.004 0 0 0.004 1
344.542 0.054 0.002 0 0.002 0 1
344.59 0.05 0 0 0 0 1
344.64 0.05 0 0 0 0 1
344.692 0.052 0 0 0 0 1
344.74 0.046 0.002 0 0.002 0 1
344.868 0.128 0.002 0 0.002 0 1
344.87 0.004 0 0 0 0 1
344.922 0.05 0.002 0.002 0 0 1
344.972 0.052 0 0 0 0 1
345.026 0.054 0 0 0 0 1
345.076 0.05 0 0 0 0 1
345.12 0.044 0 0 0 0 1
345.17 0.05 0 0 0 0 1
345.222 0.052 0 0 0 0 1
345.268 0.046 0 0 0 0 1
345.318 0.05 0 0 0 0 1
345.368 0.048 0.002 0 0.002 0 1
345.414 0.048 0 0 0 0 1
345.462 0.048 0 0 0 0 1
345.51 0.048 0 0 0 0 1
345.64 0.128 0.002 0 0 0 1
345.656 0.018 0 0 0 0 1
345.698 0.04 0.002 0 0.002 0 1
345.744 0.048 0 0 0 0 1
345.79 0.046 0 0 0 0 1
345.838 0.046 0.002 0 0.002 0 1
345.888 0.052 0 0 0 0 1
345.934 0.046 0 0 0 0 1
345.99 0.054 0.002 0 0.002 0 1
346.036 0.048 0 0 0 0 1
346.08 0.044 0 0 0 0 1
346.13 0.05 0 0 0 0 1
346.178 0.048 0 0 0 0 1
346.232 0.054 0 0 0 0 1
346.278 0.044 0.002 0 0.002 0 1
346.322 0.046 0 0 0 0 1
346.374 0.052 0 0 0 0 1
346.426 0.052 0 0 0 0 1
346.48 0.054 0 0 0 0 1
346.524 0.044 0 0 0 0 1
346.566 0.04 0.002 0 0.002 0 1
346.604 0.038 0.002 0 0.002 0 1
346.658 0.056 0 0 0 0 1
346.712 0.052 0.002 0 0.002 0 1
346.766 0.054 0.002 0.002 0 0 1
346.812 0.048 0 0 0 0 1
346.864 0.052 0 0 0 0 1
346.914 0.05 0 0 0 0 1
346.966 0.052 0 0 0 0 1
347.01 0.044 0 0 0 0 1
347.058 0.046 0.002 0 0.002 0 1
347.108 0.05 0.002 0 0.002 0 1
347.156 0.048 0.002 0 0.002 0 1
347.298 0.142 0.002 0 0 0.002 1
347.302 0.004 0.002 0 0.002 0 1
347.35 0.05 0 0 0 0 1
347.4 0.05 0 0 0 0 1
347.452 0.052 0 0 0 0 1
347.506 0.052 0.002 0 0.002 0 1
347.554 0.05 0 0 0 0 1
347.606 0.052 0 0 0 0 1
347.656 0.05 0 0 0 0 1
347.704 0.046 0.002 0 0.002 0 1
347.756 0.052 0.002 0.002 0 0 1
347.804 0.048 0.002 0.002 0 0 1
347.854 0.052 0 0 0 0 1
347.906 0.05 0.002 0 0.002 0 1
347.948 0.042 0.002 0.002 0 0 1
348 0.052 0.002 0 0.002 0 1
348.052 0.052 0.002 0 0.002 0 1
348.1 0.05 0 0 0 0 1
348.236 0.136 0 0 0 0 1
348.276 0.038 0.002 0.002 0 0 1
348.326 0.05 0.002 0 0.002 0 1
348.376 0.052 0 0 0 0 1
348.408 0.032 0 0 0 0 1
348.452 0.044 0 0 0 0 1
348.498 0.046 0 0 0 0 1
348.548 0.05 0 0 0 0 1
348.596 0.048 0 0 0 0 1
348.648 0.052 0 0 0 0 1
348.694 0.046 0 0 0 0 1
348.736 0.04 0.002 0.002 0 0 1
348.788 0.054 0 0 0 0 1
348.836 0.048 0 0 0 0 1
348.97 0.132 0.002 0 0.002 0 1
348.976 0.004 0.004 0.002 0.002 0 1
349.024 0.052 0 0 0 0 1
349.078 0.052 0.002 0 0.002 0 1
349.13 0.052 0.002 0 0 0.002 1
349.18 0.052 0 0 0 0 1
349.232 0.05 0.002 0 0.002 0 1
349.282 0.052 0 0 0 0 1
349.332 0.048 0.002 0 0.002 0 1
349.38 0.05 0 0 0 0 1
349.432 0.05 0.002 0 0.002 0 1
349.482 0.05 0.002 0 0.002 0 1
349.53 0.048 0.002 0 0.002 0 1
349.58 0.052 0 0 0 0 1
349.62 0.04 0 0 0 0 1
349.68 0.058 0.002 0 0.002 0 1
349.804 0.126 0 0 0 0 1
349.838 0.032 0.002 0.002 0 0 1
349.856 0.02 0 0 0 0 1
349.906 0.048 0.002 0 0.002 0 1
349.956 0.052 0 0 0 0 1
350.008 0.052 0 0 0 0 1
350.058 0.05 0 0 0 0 1
350.11 0.052 0 0 0 0 1
350.16 0.048 0.002 0 0 0.002 1
350.206 0.048 0 0 0 0 1
350.258 0.05 0.002 0.002 0 0 1
350.304 0.048 0 0 0 0 1
350.354 0.05 0 0 0 0 1
350.404 0.05 0 0 0 0 1
350.454 0.05 0 0 0 0 1
350.602 0.146 0.002 0 0.002 0 1
350.642 0.042 0 0 0 0 1
350.698 0.056 0 0 0 0 1
350.742 0.044 0 0 0 0 1
350.794 0.052 0 0 0 0 1
350.848 0.052 0.002 0 0 0.002 1
350.898 0.05 0.002 0 0.002 0 1
350.948 0.052 0 0 0 0 1
351 0.05 0.002 0 0.002 0 1
351.046 0.046 0.002 0 0 0 1
351.094 0.05 0 0 0 0 1
351.144 0.048 0.002 0.002 0 0 1
351.19 0.048 0 0 0 0 1
351.296 0.104 0.002 0 0.002 0 1
351.314 0.018 0.002 0 0.002 0 1
351.366 0.054 0 0 0 0 1
351.42 0.052 0.002 0.002 0 0 1
351.474 0.054 0.002 0 0.002 0 1
351.528 0.054 0.002 0 0.002 0 1
351.578 0.05 0.002 0 0.002 0 1
351.63 0.052 0.002 0 0.002 0 1
351.678 0.05 0 0 0 0 1
351.728 0.05 0 0 0 0 1
351.78 0.052 0 0 0 0 1
351.832 0.052 0 0 0 0 1
351.882 0.05 0 0 0 0 1
351.934 0.05 0.002 0 0.002 0 1
351.982 0.05 0 0 0 0 1
352.032 0.05 0 0 0 0 1
352.146 0.114 0 0 0 0 1
352.16 0.014 0 0 0 0 1
352.214 0.054 0 0 0 0 1
352.268 0.052 0.002 0 0.002 0 1
352.32 0.052 0.002 0.002 0 0 1
352.374 0.054 0.002 0 0.002 0 1
352.422 0.048 0.002 0 0.002 0 1
352.466 0.046 0 0 0 0 1
352.52 0.052 0.002 0 0.002 0 1
352.572 0.052 0.002 0 0.002 0 1
352.622 0.05 0.002 0 0.002 0 1
352.67 0.05 0 0 0 0 1
352.72 0.05 0 0 0 0 1
352.77 0.05 0 0 0 0 1
352.818 0.046 0.002 0 0.002 0 1
352.87 0.052 0.002 0 0.002 0 1
353.012 0.142 0.002 0.002 0 0 1
353.04 0.028 0.002 0 0.002 0 1
353.09 0.05 0.002 0.002 0 0 1
353.14 0.05 0.002 0 0.002 0 1
353.192 0.052 0.002 0 0.002 0 1
353.242 0.052 0 0 0 0 1
353.294 0.05 0.002 0 0.002 0 1
353.342 0.05 0 0 0 0 1
353.392 0.048 0.002 0 0.002 0 1
353.442 0.05 0.002 0 0.002 0 1
353.49 0.048 0.002 0 0.002 0 1
353.538 0.05 0 0 0 0 1
353.59 0.05 0.002 0 0.002 0 1
353.694 0.102 0.004 0.002 0.002 0 1
353.714 0.024 0 0 0 0 1
353.772 0.056 0.002 0 0.002 0 1
353.826 0.054 0.002 0.002 0 0 1
353.862 0.038 0 0 0 0 1
353.91 0.046 0.002 0 0.002 0 1
353.958 0.05 0 0 0 0 1
354.012 0.052 0.002 0 0.002 0 1
354.06 0.05 0 0 0 0 1
354.112 0.05 0.002 0.002 0 0 1
354.158 0.048 0 0 0 0 1
354.208 0.048 0.002 0 0.002 0 1
354.258 0.052 0 0 0 0 1
354.306 0.048 0 0 0 0 1
354.358 0.05 0.002 0 0.002 0 1
354.408 0.052 0 0 0 0 1
354.458 0.05 0 0 0 0 1
354.51 0.05 0.002 0 0.002 0 1
354.56 0.05 0.002 0 0.002 0 1
354.61 0.05 0.002 0.002 0 0 1
354.66 0.05 0.002 0.002 0 0 1
354.71 0.05 0.002 0 0.002 0 1
354.758 0.048 0.002 0 0.002 0 1
354.808 0.05 0.002 0 0.002 0 1
354.858 0.052 0 0 0 0 1
354.908 0.048 0.002 0.002 0 0 1
354.956 0.05 0 0 0 0 1
355.006 0.05 0 0 0 0 1
355.054 0.048 0 0 0 0 1
355.104 0.048 0.002 0 0.002 0 1
355.152 0.05 0 0 0 0 1
355.204 0.05 0.002 0 0.002 0 1
355.25 0.048 0 0 0 0 1
355.296 0.044 0.002 0 0.002 0 1
355.414 0.12 0 0 0 0 1
355.45 0.036 0 0 0 0 1
355.502 0.05 0.002 0.002 0 0 1
355.552 0.052 0 0 0 0 1
355.604 0.052 0 0 0 0 1
355.658 0.052 0.002 0 0.002 0 1
355.708 0.05 0.002 0 0.002 0 1
355.758 0.052 0 0 0 0 1
355.804 0.044 0.002 0.002 0 0 1
355.856 0.054 0 0 0 0 1
355.908 0.052 0 0 0 0 1
355.954 0.044 0.002 0.002 0 0 1
356.006 0.052 0.002 0 0.002 0 1
356.05 0.046 0 0 0 0 1
356.1 0.05 0 0 0 0 1
356.154 0.052 0.002 0 0.002 0 1
356.202 0.05 0 0 0 0 1
356.342 0.14 0 0 0 0 1
356.346 0.004 0 0 0 0 1
356.392 0.046 0 0 0 0 1
356.444 0.052 0 0 0 0 1
356.492 0.048 0 0 0 0 1
356.544 0.052 0 0 0 0 1
356.598 0.052 0.002 0.002 0 0 1
356.646 0.05 0 0 0 0 1
356.698 0.05 0.002 0 0 0.002 1
356.746 0.048 0.002 0 0.002 0 1
356.796 0.052 0 0 0 0 1
356.842 0.046 0 0 0 0 1
356.892 0.05 0 0 0 0 1
356.944 0.052 0 0 0 0 1
356.99 0.044 0.002 0 0.002 0 1
357.04 0.05 0.002 0.002 0 0 1
357.186 0.148 0 0 0 0 1
357.222 0.034 0.002 0 0.002 0 1
357.272 0.052 0 0 0 0 1
357.316 0.044 0 0 0 0 1
357.368 0.05 0.002 0 0.002 0 1
357.42 0.054 0 0 0 0 1
357.472 0.05 0.002 0 0.002 0 1
357.52 0.05 0 0 0 0 1
357.572 0.052 0 0 0 0 1
357.622 0.05 0 0 0 0 1
357.674 0.05 0.002 0 0.002 0 1
357.724 0.052 0 0 0 0 1
357.774 0.05 0 0 0 0 1
357.824 0.05 0 0 0 0 1
357.874 0.05 0 0 0 0 1
357.926 0.052 0 0 0 0 1
357.976 0.048 0.002 0 0.002 0 1
358.026 0.05 0.002 0 0.002 0 1
358.134 0.11 0 0 0 0 1
358.15 0.014 0.002 0 0.002 0 1
358.192 0.044 0 0 0 0 1
358.24 0.048 0 0 0 0 1
358.294 0.052 0.002 0.002 0 0 1
358.34 0.048 0 0 0 0 1
358.388 0.046 0.002 0 0.002 0 1
358.442 0.054 0.002 0 0.002 0 1
358.488 0.044 0.004 0.004 0 0 1
358.54 0.056 0 0 0 0 1
358.592 0.052 0 0 0 0 1
358.646 0.052 0.002 0 0.002 0 1
358.694 0.05 0 0 0 0 1
358.748 0.054 0 0 0 0 1
358.798 0.05 0 0 0 0 1
358.85 0.052 0 0 0 0 1
358.898 0.048 0 0 0 0 1
359.024 0.124 0.002 0 0.002 0 1
359.07 0.048 0 0 0 0 1
359.12 0.05 0 0 0 0 1
359.166 0.044 0.002 0.002 0 0 1
359.218 0.052 0.002 0 0 0 1
359.266 0.05 0 0 0 0 1
359.318 0.05 0.002 0 0 0 1
359.366 0.05 0 0 0 0 1
359.412 0.044 0.002 0.002 0 0 1
359.464 0.054 0 0 0 0 1
359.514 0.048 0.002 0 0.002 0 1
359.554 0.04 0.002 0 0.002 0 1
359.606 0.054 0 0 0 0 1
359.658 0.052 0 0 0 0 1
359.772 0.112 0.002 0.002 0 0 1
359.82 0.048 0.002 0.002 0 0 1
359.874 0.056 0 0 0 0 1
359.924 0.048 0.002 0.002 0 0 1
359.978 0.054 0.002 0 0 0.002 1
360.028 0.052 0 0 0 0 1
360.078 0.05 0 0 0 0 1
360.126 0.048 0 0 0 0 1
360.176 0.048 0.002 0 0.002 0 1
360.228 0.054 0 0 0 0 1
360.28 0.05 0.002 0 0.002 0 1
360.32 0.042 0 0 0 0 1
360.37 0.05 0 0 0 0 1
360.418 0.048 0 0 0 0 1
360.468 0.048 0.002 0 0.002 0 1
360.606 0.136 0.004 0.002 0 0 1
360.644 0.038 0.004 0 0.004 0 1
360.698 0.056 0.002 0 0.002 0 1
360.744 0.048 0 0 0 0 1
360.794 0.048 0.002 0 0.002 0 1
360.844 0.052 0 0 0 0 1
360.892 0.046 0.002 0 0.002 0 1
360.944 0.052 0.002 0 0.002 0 1
360.992 0.048 0.002 0 0.002 0 1
361.042 0.052 0 0 0 0 1
361.094 0.05 0.002 0 0.002 0 1
361.144 0.05 0.002 0 0.002 0 1
361.194 0.052 0 0 0 0 1
361.242 0.048 0 0 0 0 1
361.296 0.052 0.002 0 0.002 0 1
361.346 0.05 0.002 0 0.002 0 1
361.396 0.05 0.002 0 0.002 0 1
361.446 0.052 0 0 0 0 1
361.496 0.05 0 0 0 0 1
361.544 0.048 0 0 0 0 1
361.596 0.052 0 0 0 0 1
361.644 0.048 0 0 0 0 1
361.696 0.05 0.002 0 0.002 0 1
361.746 0.052 0 0 0 0 1
361.794 0.048 0 0 0 0 1
361.844 0.05 0 0 0 0 1
361.896 0.05 0.002 0 0.002 0 1
361.942 0.048 0 0 0 0 1
361.986 0.044 0 0 0 0 1
362.032 0.046 0 0 0 0 1
362.084 0.052 0 0 0 0 1
362.13 0.046 0 0 0 0 1
362.272 0.14 0.002 0.002 0 0 1
362.302 0.03 0.002 0 0.002 0 1
362.356 0.054 0.002 0 0.002 0 1
362.402 0.046 0.002 0 0.002 0 1
362.456 0.054 0.002 0 0.002 0 1
362.51 0.052 0.004 0 0.004 0 1
362.558 0.05 0.002 0 0.002 0 1
362.61 0.054 0 0 0 0 1
362.656 0.044 0.002 0 0.002 0 1
362.706 0.05 0.002 0.002 0 0 1
362.754 0.05 0 0 0 0 1
362.804 0.05 0 0 0 0 1
362.856 0.05 0.002 0 0.002 0 1
362.902 0.048 0 0 0 0 1
362.95 0.046 0.002 0 0 0 1
362.996 0.046 0.002 0.002 0 0 1
363.142 0.144 0.004 0 0.004 0 1
363.156 0.016 0.002 0 0.002 0 1
363.21 0.054 0.002 0 0.002 0 1
363.26 0.052 0 0 0 0 1
363.314 0.052 0.002 0 0.002 0 1
363.362 0.05 0 0 0 0 1
363.402 0.04 0 0 0 0 1
363.456 0.052 0.002 0.002 0 0 1
363.5 0.044 0.002 0 0.002 0 1
363.546 0.046 0.002 0 0.002 0 1
363.598 0.054 0 0 0 0 1
363.646 0.048 0 0 0 0 1
363.688 0.04 0.002 0 0.002 0 1
363.728 0.04 0.002 0 0.002 0 1
363.78 0.052 0.002 0 0.002 0 1
363.83 0.05 0.002 0.002 0 0 1
363.872 0.044 0 0 0 0 1
363.994 0.12 0.002 0.002 0 0 1
364.014 0.018 0.004 0.002 0 0.002 1
364.064 0.05 0.004 0.002 0.002 0 1
364.11 0.05 0 0 0 0 1
364.164 0.052 0.002 0 0.002 0 1
364.216 0.052 0.002 0.002 0 0 1
364.26 0.046 0 0 0 0 1
364.316 0.054 0.002 0.002 0 0 1
364.364 0.05 0 0 0 0 1
364.412 0.048 0 0 0 0 1
364.466 0.052 0.002 0 0.002 0 1
364.504 0.04 0 0 0 0 1
364.556 0.052 0 0 0 0 1
364.604 0.046 0.002 0.002 0 0 1
364.656 0.054 0 0 0 0 1
364.71 0.052 0.002 0 0.002 0 1
364.758 0.05 0 0 0 0 1
364.858 0.098 0.002 0 0.002 0 1
364.884 0.028 0 0 0 0 1
364.958 0.072 0.002 0 0 0 1
365.008 0.05 0.002 0.002 0 0 1
365.06 0.054 0 0 0 0 1
365.072 0.012 0 0 0 0 1
365.08 0.008 0 0 0 0 1
365.116 0.034 0.002 0 0.002 0 1
365.148 0.034 0 0 0 0 1
365.19 0.04 0.002 0 0 0.002 1
365.238 0.05 0 0 0 0 1
365.29 0.05 0.002 0.002 0 0 1
365.34 0.052 0 0 0 0 1
365.388 0.048 0 0 0 0 1
365.43 0.04 0.002 0.002 0 0 1
365.48 0.052 0 0 0 0 1
365.532 0.05 0.002 0 0.002 0 1
365.582 0.05 0.002 0 0.002 0 1
365.632 0.05 0.002 0 0.002 0 1
365.68 0.05 0 0 0 0 1
365.728 0.048 0 0 0 0 1
365.778 0.05 0 0 0 0 1
365.828 0.05 0 0 0 0 1
365.878 0.05 0 0 0 0 1
365.928 0.048 0.002 0 0.002 0 1
365.976 0.05 0 0 0 0 1
366.026 0.05 0 0 0 0 1
366.078 0.05 0.002 0 0 0 1
366.128 0.05 0.002 0 0.002 0 1
366.178 0.05 0.002 0 0.002 0 1
366.228 0.05 0.002 0 0.002 0 1
366.276 0.05 0 0 0 0 1
366.422 0.146 0 0 0 0 1
366.452 0.028 0.002 0 0.002 0 1
366.498 0.048 0 0 0 0 1
366.55 0.052 0 0 0 0 1
366.604 0.054 0 0 0 0 1
366.656 0.05 0.002 0 0.002 0 1
366.704 0.048 0.002 0 0.002 0 1
366.754 0.052 0 0 0 0 1
366.806 0.05 0.002 0 0.002 0 1
366.854 0.05 0 0 0 0 1
366.904 0.05 0 0 0 0 1
366.956 0.052 0 0 0 0 1
367.006 0.05 0 0 0 0 1
367.14 0.13 0.004 0.004 0 0 1
367.402 0.266 0 0 0 0 1
367.444 0.042 0 0 0 0 1
367.494 0.05 0 0 0 0 1
367.546 0.05 0.002 0 0.002 0 1
367.596 0.052 0 0 0 0 1
367.646 0.05 0 0 0 0 1
367.69 0.044 0 0 0 0 1
367.738 0.046 0.002 0 0.002 0 1
367.786 0.048 0.002 0.002 0 0 1
367.836 0.05 0.002 0 0.002 0 1
367.886 0.052 0 0 0 0 1
367.996 0.11 0 0 0 0 1
368.026 0.026 0.004 0.002 0 0.002 1
368.066 0.044 0 0 0 0 1
368.112 0.046 0 0 0 0 1
368.166 0.052 0.002 0 0.002 0 1
368.216 0.052 0 0 0 0 1
368.266 0.048 0.002 0.002 0 0 1
368.316 0.052 0 0 0 0 1
368.366 0.05 0 0 0 0 1
368.416 0.05 0 0 0 0 1
368.466 0.048 0.002 0 0.002 0 1
368.504 0.04 0 0 0 0 1
368.556 0.052 0 0 0 0 1
368.608 0.05 0.002 0.002 0 0 1
368.658 0.052 0 0 0 0 1
368.712 0.054 0 0 0 0 1
368.752 0.04 0 0 0 0 1
368.804 0.052 0 0 0 0 1
368.972 0.166 0.002 0 0.002 0 1
368.99 0.018 0.002 0 0.002 0 1
369.034 0.044 0.002 0 0.002 0 1
369.082 0.048 0.002 0 0.002 0 1
369.13 0.05 0 0 0 0 1
369.166 0.036 0 0 0 0 1
369.218 0.052 0 0 0 0 1
369.266 0.048 0 0 0 0 1
369.316 0.05 0 0 0 0 1
369.362 0.046 0 0 0 0 1
369.41 0.046 0.002 0 0 0 1
369.456 0.046 0.002 0 0.002 0 1
369.506 0.046 0.006 0 0.006 0 1
369.558 0.056 0.002 0 0.002 0 1
369.69 0.134 0 0 0 0 1
369.72 0.028 0.002 0 0.002 0 1
369.772 0.054 0 0 0 0 1
369.828 0.054 0.002 0 0.002 0 1
369.88 0.054 0 0 0 0 1
369.934 0.052 0.002 0 0.002 0 1
369.982 0.048 0.002 0 0.002 0 1
370.03 0.05 0 0 0 0 1
370.082 0.052 0 0 0 0 1
370.132 0.048 0.002 0 0.002 0 1
370.182 0.052 0 0 0 0 1
370.232 0.05 0 0 0 0 1
370.282 0.048 0.002 0 0 0.002 1
370.326 0.046 0 0 0 0 1
370.38 0.052 0.002 0 0.002 0 1
370.432 0.052 0.002 0 0.002 0 1
370.48 0.05 0 0 0 0 1
370.526 0.046 0 0 0 0 1
370.578 0.052 0 0 0 0 1
370.628 0.05 0 0 0 0 1
370.672 0.044 0 0 0 0 1
370.724 0.052 0 0 0 0 1
370.776 0.05 0.002 0 0.002 0 1
370.826 0.052 0 0 0 0 1
370.876 0.05 0 0 0 0 1
370.928 0.052 0 0 0 0 1
370.98 0.05 0.002 0 0 0 1
371.028 0.05 0 0 0 0 1
371.076 0.048 0 0 0 0 1
371.128 0.052 0 0 0 0 1
371.178 0.05 0 0 0 0 1
371.224 0.044 0.002 0.002 0 0 1
371.268 0.046 0 0 0 0 1
371.316 0.048 0 0 0 0 1
371.536 0.218 0.002 0 0.002 0 1
371.562 0.026 0.002 0 0.002 0 1
371.608 0.046 0.002 0 0.002 0 1
371.662 0.054 0.002 0 0.002 0 1
371.71 0.05 0 0 0 0 1
371.762 0.05 0.002 0 0.002 0 1
371.812 0.052 0 0 0 0 1
371.864 0.05 0.002 0 0.002 0 1
371.906 0.044 0 0 0 0 1
371.954 0.046 0.002 0 0.002 0 1
372.006 0.052 0.002 0 0.002 0 1
372.058 0.052 0.002 0 0.002 0 1
372.11 0.052 0.002 0 0.002 0 1
372.158 0.048 0.002 0 0.002 0 1
372.208 0.052 0 0 0 0 1
372.258 0.048 0.002 0 0.002 0 1
372.304 0.046 0.002 0 0.002 0 1
372.35 0.048 0 0 0 0 1
372.396 0.046 0 0 0 0 1
372.45 0.052 0.002 0 0.002 0 1
372.498 0.048 0.002 0 0.002 0 1
372.55 0.052 0.002 0 0.002 0 1
372.598 0.048 0.002 0.002 0 0 1
372.648 0.05 0.002 0 0.002 0 1
372.694 0.046 0.002 0 0.002 0 1
372.744 0.052 0 0 0 0 1
372.794 0.05 0 0 0 0 1
372.844 0.05 0 0 0 0 1
372.896 0.05 0.002 0.002 0 0 1
372.938 0.044 0 0 0 0 1
373.08 0.14 0.002 0.002 0 0 1
373.122 0.044 0 0 0 0 1
373.174 0.052 0 0 0 0 1
373.224 0.05 0 0 0 0 1
373.278 0.052 0.002 0 0.002 0 1
373.328 0.052 0 0 0 0 1
373.38 0.052 0 0 0 0 1
373.432 0.05 0.002 0 0.002 0 1
373.48 0.05 0 0 0 0 1
373.526 0.046 0 0 0 0 1
373.574 0.048 0 0 0 0 1
373.624 0.048 0.002 0.002 0 0 1
373.666 0.044 0 0 0 0 1
373.714 0.048 0 0 0 0 1
373.76 0.044 0.002 0 0.002 0 1
373.808 0.05 0 0 0 0 1
373.856 0.046 0.002 0 0.002 0 1
373.906 0.052 0 0 0 0 1
373.96 0.054 0 0 0 0 1
373.998 0.038 0 0 0 0 1
374.06 0.062 0 0 0 0 1
374.104 0.042 0.002 0 0.002 0 1
374.158 0.054 0.002 0 0.002 0 1
374.212 0.054 0.002 0 0.002 0 1
374.264 0.052 0.002 0 0.002 0 1
374.31 0.046 0.002 0 0.002 0 1
374.358 0.05 0 0 0 0 1
374.41 0.05 0.002 0 0.002 0 1
374.46 0.052 0 0 0 0 1
374.51 0.048 0.002 0 0.002 0 1
374.562 0.052 0.002 0 0.002 0 1
374.61 0.05 0 0 0 0 1
374.658 0.046 0.002 0 0.002 0 1
374.71 0.052 0.002 0 0.002 0 1
374.842 0.132 0.002 0 0.002 0 1
374.842 0.002 0 0 0 0 1
374.854 0.012 0 0 0 0 1
374.854 0 0 0 0 0 1
374.996 0.142 0 0 0 0 1
375.038 0.042 0 0 0 0 1
375.086 0.048 0 0 0 0 1
375.138 0.052 0 0 0 0 1
375.186 0.048 0 0 0 0 1
375.24 0.054 0 0 0 0 1
375.292 0.05 0.002 0 0.002 0 1
375.342 0.052 0 0 0 0 1
375.39 0.048 0 0 0 0 1
375.44 0.05 0 0 0 0 1
375.492 0.05 0.002 0 0.002 0 1
375.542 0.052 0 0 0 0 1
375.592 0.05 0 0 0 0 1
375.64 0.048 0 0 0 0 1
375.766 0.124 0.002 0 0 0 1
375.77 0.006 0 0 0 0 1
375.818 0.048 0 0 0 0 1
375.872 0.054 0 0 0 0 1
375.922 0.048 0.002 0.002 0 0 1
375.974 0.054 0 0 0 0 1
376.024 0.048 0.002 0 0.002 0 1
376.074 0.05 0.002 0.002 0 0 1
376.126 0.052 0.002 0 0.002 0 1
376.176 0.052 0 0 0 0 1
376.228 0.05 0.002 0.002 0 0 1
376.28 0.052 0.002 0 0.002 0 1
376.326 0.048 0 0 0 0 1
376.376 0.05 0 0 0 0 1
376.426 0.05 0 0 0 0 1
376.472 0.046 0 0 0 0 1
376.524 0.052 0 0 0 0 1
376.576 0.05 0.002 0 0.002 0 1
376.626 0.052 0 0 0 0 1
376.676 0.05 0 0 0 0 1
376.726 0.05 0 0 0 0 1
376.828 0.102 0 0 0 0 1
376.848 0.02 0 0 0 0 1
376.902 0.054 0 0 0 0 1
376.952 0.05 0 0 0 0 1
377.008 0.054 0.002 0 0.002 0 1
377.052 0.046 0 0 0 0 1
377.102 0.05 0 0 0 0 1
377.152 0.05 0 0 0 0 1
377.206 0.052 0.002 0 0.002 0 1
377.258 0.05 0.004 0 0.004 0 1
377.31 0.054 0.002 0 0.002 0 1
377.358 0.048 0.002 0.002 0 0 1
377.408 0.052 0 0 0 0 1
377.454 0.046 0 0 0 0 1
377.496 0.042 0 0 0 0 1
377.544 0.048 0 0 0 0 1
377.658 0.112 0.002 0.002 0 0 1
377.672 0.016 0 0 0 0 1
377.724 0.052 0 0 0 0 1
377.776 0.052 0 0 0 0 1
377.828 0.052 0 0 0 0 1
377.878 0.048 0.002 0 0.002 0 1
377.928 0.052 0 0 0 0 1
377.982 0.052 0.002 0 0.002 0 1
378.032 0.052 0 0 0 0 1
378.084 0.05 0.002 0 0.002 0 1
378.134 0.052 0 0 0 0 1
378.184 0.05 0 0 0 0 1
378.236 0.05 0.002 0 0.002 0 1
378.284 0.05 0 0 0 0 1
378.332 0.048 0 0 0 0 1
378.382 0.05 0 0 0 0 1
378.434 0.05 0.002 0.002 0 0 1
378.588 0.154 0.002 0 0.002 0 1
378.62 0.034 0 0 0 0 1
378.668 0.048 0 0 0 0 1
378.722 0.052 0.002 0 0.002 0 1
378.774 0.054 0 0 0 0 1
378.824 0.05 0 0 0 0 1
378.868 0.042 0.002 0.002 0 0 1
378.92 0.054 0 0 0 0 1
378.972 0.05 0.002 0.002 0 0 1
379.02 0.048 0.002 0 0.002 0 1
379.076 0.056 0.002 0 0.002 0 1
379.124 0.048 0.002 0 0.002 0 1
379.168 0.046 0 0 0 0 1
379.216 0.048 0 0 0 0 1
379.266 0.05 0 0 0 0 1
379.316 0.05 0 0 0 0 1
379.436 0.12 0 0 0 0 1
379.458 0.02 0.002 0 0.002 0 1
379.506 0.05 0 0 0 0 1
379.554 0.046 0.002 0.002 0 0 1
379.606 0.054 0 0 0 0 1
379.658 0.05 0.002 0 0.002 0 1
379.704 0.048 0 0 0 0 1
379.758 0.052 0.002 0 0.002 0 1
379.806 0.05 0 0 0 0 1
379.856 0.05 0 0 0 0 1
379.908 0.05 0.002 0 0.002 0 1
379.95 0.044 0 0 0 0 1
380.002 0.05 0.002 0 0.002 0 1
380.044 0.044 0 0 0 0 1
380.096 0.052 0 0 0 0 1
380.146 0.05 0 0 0 0 1
380.292 0.144 0.002 0 0.002 0 1
380.328 0.038 0 0 0 0 1
380.38 0.052 0 0 0 0 1
380.426 0.044 0.002 0 0.002 0 1
380.478 0.052 0.002 0 0.002 0 1
380.53 0.052 0.002 0 0.002 0 1
380.58 0.05 0.002 0 0.002 0 1
380.628 0.048 0.002 0 0.002 0 1
380.678 0.052 0 0 0 0 1
380.73 0.05 0.002 0 0.002 0 1
380.78 0.05 0.002 0 0.002 0 1
380.824 0.044 0.002 0 0.002 0 1
380.876 0.052 0.002 0 0.002 0 1
380.926 0.052 0 0 0 0 1
380.974 0.046 0.002 0 0.002 0 1
381.024 0.052 0 0 0 0 1
381.2 0.176 0 0 0 0 1
381.216 0.016 0 0 0 0 1
381.268 0.052 0 0 0 0 1
381.316 0.044 0.004 0.002 0.002 0 1
381.366 0.052 0.002 0 0.002 0 1
381.414 0.05 0 0 0 0 1
381.464 0.05 0 0 0 0 1
381.516 0.05 0.002 0 0.002 0 1
381.566 0.052 0 0 0 0 1
381.618 0.05 0.002 0 0.002 0 1
381.666 0.05 0 0 0 0 1
381.716 0.05 0 0 0 0 1
381.766 0.046 0.004 0.002 0.002 0 1
381.884 0.114 0.008 0.006 0.002 0 1
381.9 0.022 0.002 0 0.002 0 1
381.948 0.05 0 0 0 0 1
382.02 0.072 0 0 0 0 1
382.046 0.024 0.002 0.002 0 0 1
382.098 0.054 0 0 0 0 1
382.152 0.052 0.002 0 0.002 0 1
382.2 0.05 0 0 0 0 1
382.248 0.048 0 0 0 0 1
382.3 0.05 0.002 0 0.002 0 1
382.35 0.052 0 0 0 0 1
382.398 0.046 0.002 0.002 0 0 1
382.44 0.044 0 0 0 0 1
382.494 0.054 0 0 0 0 1
382.546 0.052 0 0 0 0 1
382.688 0.14 0.002 0 0.002 0 1
382.692 0.006 0 0 0 0 1
382.74 0.048 0 0 0 0 1
382.788 0.048 0 0 0 0 1
382.826 0.036 0.002 0 0.002 0 1
382.878 0.052 0.002 0 0.002 0 1
382.928 0.05 0.002 0 0.002 0 1
382.98 0.052 0.002 0 0.002 0 1
383.03 0.05 0.002 0 0.002 0 1
383.08 0.05 0.002 0 0.002 0 1
383.128 0.05 0 0 0 0 1
383.182 0.052 0.002 0 0.002 0 1
383.23 0.05 0 0 0 0 1
383.282 0.05 0.002 0 0.002 0 1
383.332 0.05 0.002 0 0.002 0 1
383.382 0.05 0.002 0 0.002 0 1
383.546 0.164 0.002 0 0 0 1
383.578 0.032 0.002 0 0 0.002 1
383.628 0.05 0.002 0.002 0 0 1
383.678 0.05 0.002 0 0.002 0 1
383.732 0.056 0 0 0 0 1
383.776 0.044 0 0 0 0 1
383.824 0.048 0 0 0 0 1
383.876 0.05 0.002 0.002 0 0 1
383.924 0.044 0.006 0 0.006 0 1
383.976 0.056 0.002 0 0.002 0 1
384.026 0.052 0 0 0 0 1
384.074 0.048 0 0 0 0 1
384.126 0.052 0 0 0 0 1
384.174 0.048 0 0 0 0 1
384.222 0.048 0 0 0 0 1
384.272 0.05 0 0 0 0 1
384.726 0.452 0.002 0 0.002 0 1
384.754 0.03 0 0 0 0 1
384.772 0.018 0 0 0 0 1
384.814 0.04 0.002 0 0.002 0 1
384.866 0.052 0.002 0 0.002 0 1
384.914 0.05 0 0 0 0 1
384.964 0.048 0.002 0 0.002 0 1
385.014 0.05 0.002 0 0.002 0 1
385.064 0.052 0 0 0 0 1
385.112 0.046 0.002 0 0.002 0 1
385.162 0.05 0.002 0 0.002 0 1
385.21 0.05 0 0 0 0 1
385.248 0.038 0 0 0 0 1
385.292 0.044 0 0 0 0 1
385.442 0.15 0 0 0 0 1
385.478 0.034 0.002 0.002 0 0 1
385.528 0.052 0 0 0 0 1
385.578 0.05 0 0 0 0 1
385.63 0.05 0.002 0 0.002 0 1
385.676 0.048 0 0 0 0 1
385.724 0.046 0.002 0 0.002 0 1
385.776 0.052 0.002 0 0.002 0 1
385.824 0.048 0.002 0 0.002 0 1
385.874 0.052 0 0 0 0 1
385.926 0.052 0 0 0 0 1
385.976 0.05 0 0 0 0 1
386.028 0.05 0.002 0 0.002 0 1
386.076 0.048 0.002 0 0.002 0 1
386.176 0.094 0.008 0.002 0 0.006 1
386.22 0.012 0.04 0.04 0 0 1
386.248 0.066 0.002 0 0.002 0 1
386.29 0.042 0.002 0 0.002 0 1
386.344 0.054 0.002 0 0 0 1
386.384 0.042 0 0 0 0 1
386.438 0.052 0.002 0 0.002 0 1
386.488 0.052 0 0 0 0 1
386.538 0.05 0 0 0 0 1
386.59 0.052 0 0 0 0 1
386.64 0.048 0.002 0 0.002 0 1
386.69 0.052 0 0 0 0 1
386.738 0.048 0 0 0 0 1
386.788 0.05 0 0 0 0 1
386.834 0.046 0 0 0 0 1
386.882 0.046 0.002 0 0.002 0 1
386.992 0.11 0.002 0.002 0 0 1
387.014 0.024 0 0 0 0 1
387.062 0.042 0.006 0 0.006 0 1
387.112 0.054 0.002 0.002 0 0 1
387.164 0.054 0 0 0 0 1
387.216 0.05 0.002 0.002 0 0 1
387.268 0.052 0.002 0 0 0.002 1
387.314 0.048 0 0 0 0 1
387.364 0.048 0.002 0 0.002 0 1
387.414 0.052 0 0 0 0 1
387.466 0.05 0.002 0.002 0 0 1
387.514 0.05 0 0 0 0 1
387.566 0.052 0 0 0 0 1
387.618 0.05 0.002 0 0.002 0 1
387.666 0.048 0.002 0 0.002 0 1
387.716 0.05 0.002 0 0.002 0 1
387.762 0.048 0 0 0 0 1
387.934 0.17 0.002 0 0.002 0 1
387.936 0.002 0.002 0.002 0 0 1
387.982 0.048 0 0 0 0 1
388.006 0.022 0.002 0 0.002 0 1
388.058 0.052 0.002 0 0.002 0 1
388.108 0.052 0 0 0 0 1
388.16 0.05 0.002 0 0.002 0 1
388.206 0.046 0.002 0 0.002 0 1
388.252 0.048 0 0 0 0 1
388.306 0.052 0.002 0 0.002 0 1
388.354 0.05 0 0 0 0 1
388.402 0.048 0 0 0 0 1
388.448 0.044 0.002 0 0.002 0 1
388.498 0.052 0 0 0 0 1
388.548 0.05 0 0 0 0 1
388.706 0.158 0 0 0 0 1
388.722 0.014 0.002 0 0 0 1
388.768 0.048 0 0 0 0 1
388.816 0.046 0.002 0 0.002 0 1
388.864 0.05 0 0 0 0 1
388.916 0.052 0 0 0 0 1
388.966 0.048 0.002 0 0.002 0 1
389.006 0.042 0 0 0 0 1
389.056 0.048 0.002 0.002 0 0 1
389.106 0.052 0 0 0 0 1
389.158 0.05 0.002 0.002 0 0 1
389.206 0.05 0 0 0 0 1
389.258 0.05 0.002 0 0.002 0 1
389.308 0.05 0.002 0 0.002 0 1
389.47 0.164 0 0 0 0 1
389.492 0.018 0.004 0.002 0.002 0 1
389.542 0.054 0 0 0 0 1
389.586 0.044 0 0 0 0 1
389.616 0.03 0 0 0 0 1
389.668 0.05 0.002 0 0.002 0 1
389.712 0.044 0.002 0 0.002 0 1
389.764 0.052 0.002 0 0.002 0 1
389.814 0.05 0.002 0 0.002 0 1
389.862 0.05 0 0 0 0 1
389.916 0.052 0.002 0 0.002 0 1
389.966 0.05 0.002 0 0.002 0 1
390.016 0.052 0 0 0 0 1
390.066 0.048 0.002 0 0.002 0 1
390.196 0.132 0 0 0 0 1
390.244 0.046 0.002 0 0.002 0 1
390.296 0.054 0 0 0 0 1
390.342 0.044 0.002 0 0.002 0 1
390.396 0.054 0.002 0 0.002 0 1
390.448 0.052 0.002 0 0.002 0 1
390.496 0.05 0 0 0 0 1
390.55 0.052 0.002 0 0.002 0 1
390.6 0.052 0 0 0 0 1
390.652 0.05 0.002 0 0.002 0 1
390.702 0.052 0 0 0 0 1
390.746 0.044 0 0 0 0 1
390.798 0.05 0.002 0 0.002 0 1
390.844 0.046 0.002 0 0.002 0 1
390.892 0.05 0 0 0 0 1
390.944 0.05 0.002 0 0.002 0 1
390.984 0.042 0 0 0 0 1
391.032 0.048 0 0 0 0 1
391.082 0.048 0.002 0 0.002 0 1
391.128 0.048 0 0 0 0 1
391.18 0.05 0.002 0 0.002 0 1
391.23 0.052 0 0 0 0 1
391.28 0.048 0.002 0.002 0 0 1
391.33 0.052 0 0 0 0 1
391.38 0.048 0.002 0.002 0 0 1
391.43 0.052 0 0 0 0 1
391.48 0.05 0 0 0 0 1
391.528 0.048 0 0 0 0 1
391.578 0.05 0 0 0 0 1
391.628 0.05 0 0 0 0 1
391.764 0.136 0 0 0 0 1
391.764 0 0 0 0 0 1
392.064 0.3 0 0 0 0 1
392.114 0.05 0 0 0 0 1
392.164 0.048 0.002 0.002 0 0 1
392.212 0.048 0.002 0 0.002 0 1
392.264 0.054 0 0 0 0 1
392.314 0.048 0.002 0 0.002 0 1
392.364 0.052 0 0 0 0 1
392.4 0.036 0 0 0 0 1
392.448 0.048 0 0 0 0 1
392.5 0.052 0 0 0 0 1
392.542 0.042 0 0 0 0 1
392.602 0.06 0 0 0 0 1
392.654 0.05 0.002 0 0.002 0 1
392.704 0.052 0 0 0 0 1
392.756 0.052 0 0 0 0 1
392.808 0.05 0.002 0 0.002 0 1
392.852 0.046 0 0 0 0 1
392.904 0.052 0 0 0 0 1
392.95 0.044 0.002 0 0.002 0 1
392.996 0.048 0 0 0 0 1
393.046 0.048 0.002 0 0.002 0 1
393.096 0.052 0 0 0 0 1
393.148 0.05 0.002 0.002 0 0 1
393.198 0.052 0 0 0 0 1
393.25 0.05 0.002 0 0.002 0 1
393.298 0.05 0 0 0 0 1
393.348 0.048 0.002 0 0.002 0 1
393.396 0.05 0 0 0 0 1
393.444 0.046 0.002 0.002 0 0 1
393.496 0.052 0.002 0.002 0 0 1
393.544 0.05 0 0 0 0 1
393.67 0.126 0 0 0 0 1
393.67 0 0 0 0 0 1
393.724 0.054 0 0 0 0 1
393.79 0.066 0 0 0 0 1
393.828 0.038 0 0 0 0 1
393.878 0.048 0.002 0 0.002 0 1
393.928 0.052 0 0 0 0 1
393.98 0.05 0.002 0 0.002 0 1
394.03 0.052 0 0 0 0 1
394.08 0.05 0 0 0 0 1
394.132 0.05 0.002 0.002 0 0 1
394.182 0.05 0.002 0 0 0 1
394.234 0.052 0.002 0 0.002 0 1
394.282 0.05 0 0 0 0 1
394.4 0.114 0.004 0.004 0 0 1
394.404 0.008 0 0 0 0 1
394.444 0.04 0 0 0 0 1
394.464 0.02 0 0 0 0 1
394.482 0.018 0 0 0 0 1
394.544 0.062 0 0 0 0 1
394.59 0.046 0 0 0 0 1
394.64 0.05 0 0 0 0 1
394.694 0.054 0 0 0 0 1
394.738 0.044 0 0 0 0 1
394.79 0.052 0 0 0 0 1
394.834 0.044 0 0 0 0 1
394.886 0.052 0 0 0 0 1
394.936 0.05 0 0 0 0 1
395.102 0.164 0.002 0.002 0 0 1
395.116 0.016 0 0 0 0 1
395.164 0.046 0.002 0 0.002 0 1
395.21 0.048 0 0 0 0 1
395.264 0.054 0 0 0 0 1
395.312 0.048 0 0 0 0 1
395.36 0.048 0 0 0 0 1
395.41 0.05 0 0 0 0 1
395.46 0.05 0 0 0 0 1
395.51 0.05 0 0 0 0 1
395.56 0.05 0 0 0 0 1
395.606 0.046 0 0 0 0 1
395.658 0.05 0.002 0.002 0 0 1
395.708 0.052 0 0 0 0 1
395.842 0.132 0.002 0.002 0 0 1
395.876 0.034 0.002 0 0.002 0 1
395.926 0.052 0 0 0 0 1
395.968 0.04 0.002 0 0.002 0 1
396.01 0.042 0.002 0 0.002 0 1
396.05 0.042 0 0 0 0 1
396.102 0.052 0 0 0 0 1
396.15 0.048 0 0 0 0 1
396.204 0.054 0 0 0 0 1
396.252 0.048 0 0 0 0 1
396.304 0.046 0.006 0 0.006 0 1
396.352 0.054 0 0 0 0 1
396.404 0.05 0.002 0 0.002 0 1
396.45 0.048 0 0 0 0 1
396.5 0.05 0 0 0 0 1
396.548 0.048 0 0 0 0 1
396.632 0.082 0.002 0 0 0 1
396.674 0.044 0 0 0 0 1
396.724 0.048 0.002 0 0.002 0 1
396.778 0.054 0.002 0 0 0.002 1
396.83 0.054 0 0 0 0 1
396.88 0.05 0 0 0 0 1
396.912 0.03 0.002 0 0 0 1
396.964 0.052 0.002 0 0.002 0 1
397.01 0.046 0.002 0.002 0 0 1
397.062 0.054 0 0 0 0 1
397.112 0.05 0 0 0 0 1
397.162 0.05 0 0 0 0 1
397.214 0.05 0.002 0 0.002 0 1
397.266 0.052 0.002 0 0 0.002 1
397.306 0.04 0.002 0 0.002 0 1
397.358 0.054 0 0 0 0 1
397.472 0.11 0.004 0 0.004 0 1
397.486 0.018 0 0 0 0 1
397.534 0.048 0 0 0 0 1
397.576 0.04 0.002 0 0.002 0 1
397.622 0.048 0 0 0 0 1
397.68 0.056 0.002 0 0.002 0 1
397.726 0.048 0 0 0 0 1
397.78 0.052 0.002 0 0.002 0 1
397.83 0.05 0.002 0 0 0.002 1
397.884 0.054 0.002 0 0.002 0 1
397.934 0.052 0 0 0 0 1
397.984 0.05 0 0 0 0 1
398.034 0.05 0 0 0 0 1
398.078 0.044 0 0 0 0 1
398.128 0.05 0 0 0 0 1
398.18 0.052 0 0 0 0 1
398.228 0.048 0 0 0 0 1
398.278 0.048 0.002 0 0.002 0 1
398.328 0.052 0 0 0 0 1
398.382 0.052 0.002 0 0 0.002 1
398.432 0.052 0 0 0 0 1
398.48 0.048 0 0 0 0 1
398.532 0.05 0.002 0 0.002 0 1
398.576 0.046 0 0 0 0 1
398.626 0.05 0 0 0 0 1
398.676 0.048 0.002 0 0.002 0 1
398.722 0.048 0 0 0 0 1
398.772 0.05 0 0 0 0 1
398.822 0.05 0 0 0 0 1
398.86 0.038 0 0 0 0 1
398.91 0.05 0 0 0 0 1
398.958 0.046 0.002 0 0.002 0 1
399.002 0.046 0 0 0 0 1
399.052 0.048 0.002 0.002 0 0 1
399.44 0.388 0.002 0 0.002 0 1
399.458 0.018 0.002 0.002 0 0 1
399.508 0.052 0 0 0 0 1
399.554 0.046 0 0 0 0 1
399.602 0.046 0.002 0 0.002 0 1
399.646 0.046 0 0 0 0 1
399.696 0.05 0 0 0 0 1
399.746 0.05 0 0 0 0 1
399.792 0.046 0 0 0 0 1
399.838 0.044 0.002 0 0.002 0 1
399.882 0.044 0.002 0 0.002 0 1
399.932 0.052 0 0 0 0 1
399.984 0.052 0 0 0 0 1
400.036 0.052 0 0 0 0 1
400.084 0.048 0 0 0 0 1
400.136 0.05 0.002 0 0.002 0 1
400.186 0.052 0 0 0 0 1
400.312 0.122 0.004 0.002 0 0 1
400.326 0.014 0.004 0.002 0.002 0 1
400.376 0.054 0 0 0 0 1
400.424 0.046 0.002 0 0.002 0 1
400.474 0.052 0 0 0 0 1
400.528 0.052 0.002 0 0.002 0 1
400.574 0.046 0.002 0 0.002 0 1
400.62 0.048 0 0 0 0 1
400.67 0.05 0 0 0 0 1
400.722 0.05 0.002 0.002 0 0 1
400.766 0.044 0.002 0.002 0 0 1
400.816 0.05 0.002 0 0 0.002 1
400.866 0.05 0.002 0 0 0.002 1
400.914 0.05 0 0 0 0 1
401.052 0.138 0 0 0 0 1
401.056 0 0.004 0 0.004 0 1
401.112 0.058 0.002 0 0.002 0 1
401.16 0.048 0.002 0 0.002 0 1
401.208 0.048 0.002 0 0 0.002 1
401.258 0.05 0.002 0 0.002 0 1
401.308 0.05 0.002 0 0.002 0 1
401.358 0.052 0 0 0 0 1
401.408 0.05 0 0 0 0 1
401.454 0.046 0 0 0 0 1
401.518 0.064 0 0 0 0 1
401.554 0.036 0 0 0 0 1
401.604 0.05 0 0 0 0 1
401.654 0.048 0.002 0 0.002 0 1
401.704 0.052 0 0 0 0 1
401.756 0.05 0.002 0 0.002 0 1
401.796 0.042 0 0 0 0 1
401.91 0.112 0.002 0.002 0 0 1
401.934 0.026 0 0 0 0 1
401.984 0.048 0.002 0 0.002 0 1
402.028 0.046 0 0 0 0 1
402.082 0.052 0.002 0 0.002 0 1
402.134 0.052 0.002 0.002 0 0 1
402.184 0.048 0.004 0.004 0 0 1
402.232 0.05 0.002 0 0.002 0 1
402.28 0.05 0 0 0 0 1
402.334 0.054 0 0 0 0 1
402.382 0.048 0 0 0 0 1
402.436 0.052 0.002 0 0.002 0 1
402.468 0.032 0.002 0.002 0 0 1
402.52 0.054 0 0 0 0 1
402.638 0.118 0 0 0 0 1
402.67 0.032 0 0 0 0 1
402.722 0.052 0 0 0 0 1
402.776 0.052 0.002 0 0.002 0 1
402.826 0.052 0 0 0 0 1
402.878 0.05 0.002 0 0.002 0 1
402.926 0.05 0 0 0 0 1
402.97 0.044 0 0 0 0 1
403.024 0.052 0.002 0 0.002 0 1
403.074 0.05 0.002 0.002 0 0 1
403.124 0.052 0 0 0 0 1
403.174 0.048 0.002 0 0.002 0 1
403.222 0.05 0 0 0 0 1
403.27 0.046 0.002 0 0.002 0 1
403.32 0.05 0.002 0 0.002 0 1
403.366 0.048 0 0 0 0 1
403.418 0.05 0.002 0.002 0 0 1
403.56 0.142 0.002 0 0.002 0 1
403.588 0.03 0 0 0 0 1
403.638 0.05 0 0 0 0 1
403.69 0.052 0 0 0 0 1
403.742 0.052 0 0 0 0 1
403.796 0.052 0.002 0 0 0 1
403.846 0.052 0 0 0 0 1
403.898 0.05 0.002 0.002 0 0 1
403.95 0.052 0.002 0 0.002 0 1
404 0.05 0.002 0.002 0 0 1
404.048 0.05 0 0 0 0 1
404.098 0.05 0 0 0 0 1
404.148 0.05 0 0 0 0 1
404.2 0.05 0.002 0 0.002 0 1
404.242 0.044 0 0 0 0 1
404.292 0.05 0 0 0 0 1
404.344 0.05 0.002 0 0.002 0 1
404.39 0.048 0 0 0 0 1
404.514 0.124 0 0 0 0 1
404.56 0.032 0.014 0 0.014 0 1
404.57 0.022 0.002 0 0.002 0 1
404.622 0.052 0.002 0 0 0 1
404.674 0.052 0.002 0 0 0 1
404.722 0.05 0 0 0 0 1
404.772 0.05 0 0 0 0 1
404.824 0.05 0.002 0 0.002 0 1
404.872 0.05 0 0 0 0 1
404.924 0.052 0 0 0 0 1
404.974 0.048 0.002 0 0.002 0 1
405.024 0.05 0.002 0 0.002 0 1
405.072 0.05 0 0 0 0 1
405.124 0.05 0.002 0 0.002 0 1
405.174 0.05 0.002 0 0.002 0 1
405.224 0.05 0.002 0 0.002 0 1
405.272 0.05 0 0 0 0 1
405.324 0.05 0.002 0 0.002 0 1
405.374 0.048 0.004 0.002 0.002 0 1
405.424 0.05 0.004 0.002 0.002 0 1
405.47 0.05 0 0 0 0 1
405.518 0.046 0.002 0 0.002 0 1
405.568 0.052 0 0 0 0 1
405.616 0.048 0 0 0 0 1
405.666 0.05 0 0 0 0 1
405.716 0.05 0 0 0 0 1
405.766 0.048 0.002 0.002 0 0 1
405.816 0.052 0 0 0 0 1
405.864 0.048 0 0 0 0 1
405.914 0.05 0 0 0 0 1
405.962 0.048 0 0 0 0 1
