40.038 38.984 1.054 0.006 2
41.02 1.054 0.982 0.016 2
41.962 1.002 0.922 0.002 2
42.956 0.948 0.968 0.004 2
43.704 1.002 0.714 0.004 2
44.348 0.714 0.644 0.004 2
45.08 0.684 0.692 0.004 2
45.758 0.692 0.678 0.004 2
46.494 0.714 0.7 0.004 2
47.252 0.722 0.736 0 2
47.988 0.736 0.736 0.006 2
48.76 0.778 0.73 0.004 2
49.512 0.764 0.718 0.006 3
50.268 0.718 0.756 0.004 3
51.06 0.79 0.758 0.006 2
51.796 0.758 0.736 0.006 2
52.594 0.782 0.752 0.004 3
53.312 0.754 0.716 0.004 2
54.094 0.756 0.742 0.006 2
54.82 0.742 0.726 0.004 2
55.582 0.756 0.732 0 2
56.364 0.77 0.744 0.004 2
57.096 0.744 0.732 0.006 2
57.898 0.778 0.756 0.006 2
58.688 0.788 0.758 0.004 2
59.402 0.758 0.714 0.004 2
60.158 0.752 0.718 0.006 2
60.86 0.718 0.702 0.004 2
61.608 0.74 0.71 0.004 2
62.328 0.71 0.72 0.008 4
63.05 0.758 0.684 0.008 4
63.812 0.736 0.71 0.006 3
64.486 0.71 0.674 0.006 3
65.226 0.714 0.7 0.004 2
65.932 0.7 0.706 0.004 2
66.686 0.758 0.702 0.012 6
67.366 0.702 0.68 0.012 6
68.07 0.72 0.664 0.004 2
68.752 0.664 0.682 0.002 2
69.49 0.726 0.694 0.006 2
70.174 0.694 0.684 0.004 2
70.92 0.736 0.694 0.006 2
71.628 0.694 0.708 0.004 2
72.402 0.748 0.734 0.004 2
73.156 0.734 0.754 0.004 2
73.96 0.786 0.772 0.004 2
74.722 0.772 0.762 0.004 2
75.506 0.812 0.734 0.004 2
76.264 0.734 0.758 0.004 2
77.052 0.818 0.728 0.004 2
77.786 0.728 0.734 0.004 2
78.546 0.782 0.712 0.004 2
79.268 0.712 0.722 0.002 2
80.078 0.768 0.764 0 2
80.84 0.764 0.762 0.002 2
81.638 0.808 0.752 0.004 2
82.408 0.752 0.77 0.002 2
83.196 0.81 0.748 0.004 2
83.976 0.8 0.728 0.006 2
84.728 0.728 0.752 0.01 2
85.584 0.808 0.8 0.002 2
86.214 0.862 0.568 0.004 3
86.796 0.568 0.582 0.006 3
87.578 0.648 0.716 0.006 3
88.312 0.716 0.734 0.006 3
89.082 0.784 0.72 0.006 3
89.886 0.778 0.746 0.004 3
90.466 0.746 0.58 0.01 3
91.122 0.648 0.588 0.004 3
91.884 0.588 0.762 0.002 2
92.734 0.834 0.778 0.004 2
93.494 0.778 0.76 0.006 3
94.314 0.82 0.76 0.004 3
95.122 0.822 0.746 0.002 2
95.668 0.746 0.546 0.004 2
96.294 0.608 0.564 0.002 2
97.024 0.564 0.73 0.004 2
97.836 0.798 0.744 0.004 2
98.554 0.744 0.718 0.004 2
99.186 0.778 0.572 0.004 3
99.73 0.572 0.544 0.002 3
100.296 0.544 0.566 0.004 3
101.076 0.624 0.722 0.004 2
101.81 0.722 0.734 0.004 2
102.412 0.796 0.54 0.002 2
102.994 0.54 0.582 0.004 2
103.798 0.64 0.746 0.004 2
104.55 0.746 0.752 0.004 2
105.164 0.81 0.556 0.002 2
105.716 0.556 0.552 0.002 2
106.504 0.606 0.734 0.004 2
107.248 0.734 0.744 0.004 2
107.862 0.806 0.552 0.002 2
108.408 0.552 0.546 0.004 2
109.234 0.622 0.75 0.004 2
109.978 0.75 0.744 0.002 2
110.752 0.8 0.718 0.008 3
111.478 0.718 0.726 0 3
112.106 0.794 0.56 0.002 4
112.662 0.56 0.556 0.008 4
113.46 0.62 0.734 0.002 2
114.158 0.734 0.698 0.002 2
114.734 0.766 0.508 0.004 3
115.256 0.508 0.522 0.006 3
115.836 0.594 0.508 0.002 2
116.366 0.508 0.53 0.008 2
116.936 0.594 0.506 0.002 2
117.54 0.506 0.604 0.006 2
118.1 0.604 0.56 0.004 2
118.674 0.634 0.5 0.004 2
119.178 0.5 0.504 0 2
119.758 0.572 0.512 0.004 2
120.244 0.512 0.486 0.004 3
120.772 0.486 0.528 0.006 3
121.58 0.608 0.728 0.006 3
122.298 0.728 0.718 0.006 3
122.9 0.786 0.534 0.01 5
123.448 0.534 0.548 0.008 5
124.078 0.628 0.55 0.006 4
124.648 0.55 0.57 0.006 4
125.272 0.642 0.552 0.004 2
125.812 0.552 0.54 0.004 2
126.426 0.602 0.552 0.008 3
126.948 0.552 0.522 0.002 3
127.512 0.522 0.564 0.008 3
128.304 0.64 0.716 0.008 6
129.08 0.782 0.71 0.006 6
129.806 0.71 0.726 0.012 5
130.636 0.812 0.744 0.012 5
131.194 0.744 0.558 0.01 6
131.804 0.628 0.54 0.01 6
132.352 0.542 0.546 0.004 2
132.986 0.622 0.558 0.006 2
133.548 0.558 0.562 0.006 2
134.112 0.562 0.564 0.01 5
134.782 0.644 0.59 0.008 5
135.406 0.59 0.624 0.006 2
136.048 0.68 0.586 0 2
136.66 0.586 0.612 0.006 2
137.334 0.694 0.592 0.004 2
137.906 0.592 0.572 0.008 5
138.516 0.626 0.556 0.008 5
139.032 0.556 0.516 0.006 5
139.542 0.516 0.51 0.01 5
140.094 0.51 0.552 0.006 5
140.642 0.552 0.548 0.01 5
141.31 0.644 0.572 0.004 2
141.856 0.572 0.546 0.002 2
142.422 0.546 0.566 0.006 2
142.982 0.638 0.488 0.004 2
143.618 0.582 0.542 0.004 2
144.138 0.542 0.52 0.008 5
144.76 0.598 0.544 0.008 5
145.304 0.544 0.544 0.01 5
145.834 0.544 0.53 0.006 4
145.86 0.53 0.026 0.008 4
