43.968 43.012 0.956 0 1
44.94 0.956 0.972 0.002 1
45.92 0.994 0.958 0.002 1
46.732 0.958 0.812 0 1
47.534 0.852 0.762 0.006 2
48.192 0.762 0.658 0.002 1
48.902 0.706 0.662 0.026 9
49.576 0.662 0.674 0.008 2
50.326 0.722 0.702 0.002 2
51.042 0.702 0.716 0.008 2
51.81 0.766 0.718 0.006 2
52.616 0.762 0.762 0.008 2
53.406 0.762 0.79 0.008 2
54.214 0.836 0.762 0.008 2
54.952 0.762 0.738 0.008 2
55.764 0.782 0.768 0.008 2
56.526 0.768 0.762 0.006 2
57.334 0.812 0.758 0.01 2
58.11 0.8 0.734 0.01 2
58.862 0.734 0.752 0.008 2
59.652 0.796 0.746 0.008 2
60.394 0.746 0.742 0.01 2
61.226 0.802 0.772 0.012 2
61.976 0.774 0.748 0.006 2
62.768 0.804 0.736 0.008 2
63.558 0.736 0.79 0.008 2
64.364 0.846 0.75 0.008 2
65.144 0.75 0.78 0.008 2
65.986 0.848 0.774 0.008 2
66.756 0.774 0.77 0.008 2
67.564 0.818 0.76 0.004 2
68.328 0.76 0.764 0.006 2
68.428 0.82 0.044 0.006 2
