19.108 18.184 0.924 0.012 2
20.032 0.924 0.924 0.018 3
21.008 0.946 0.954 0.02 3
21.768 0.954 0.76 0.014 3
22.586 0.792 0.786 0.018 3
23.14 0.786 0.554 0.004 1
23.712 0.592 0.534 0.008 2
24.272 0.568 0.526 0.008 2
24.782 0.526 0.51 0.004 2
25.364 0.548 0.544 0.01 2
25.946 0.578 0.548 0.008 2
26.488 0.548 0.542 0.008 2
27.084 0.584 0.554 0.008 2
27.662 0.592 0.54 0.008 2
28.184 0.54 0.522 0.008 2
28.776 0.568 0.546 0.01 2
29.328 0.546 0.552 0.01 2
29.864 0.594 0.494 0.008 2
30.408 0.494 0.544 0.006 2
30.934 0.586 0.484 0.008 2
31.446 0.484 0.512 0.008 2
31.944 0.512 0.498 0.008 2
32.496 0.532 0.518 0.012 3
33.008 0.518 0.512 0.006 3
33.552 0.544 0.512 0.014 3
34.138 0.562 0.536 0.012 3
34.702 0.536 0.564 0.012 3
35.262 0.616 0.508 0.01 3
35.838 0.558 0.526 0.004 3
36.384 0.526 0.546 0.01 3
36.956 0.596 0.522 0.006 2
37.468 0.522 0.512 0.006 2
38.046 0.544 0.546 0.008 2
38.638 0.588 0.55 0.008 2
39.194 0.55 0.556 0.008 2
39.78 0.6 0.542 0.01 2
40.526 0.542 0.746 0.012 2
41.338 0.802 0.756 0.006 2
42.148 0.756 0.81 0.006 2
42.962 0.856 0.768 0.008 2
43.884 0.82 0.87 0.008 2
44.75 0.87 0.866 0.01 2
45.702 0.91 0.908 0.008 2
46.584 0.908 0.882 0.008 2
47.56 0.932 0.926 0.01 2
48.506 0.926 0.946 0.01 2
49.504 0.998 0.946 0.01 2
50.408 0.946 0.904 0.006 2
51.39 0.954 0.932 0.008 2
52.338 0.932 0.948 0.008 2
53.296 0.992 0.914 0.01 2
54.192 0.914 0.896 0.012 2
55.134 0.938 0.9 0.006 2
56.032 0.9 0.898 0.004 2
56.972 0.944 0.894 0.008 2
57.87 0.894 0.898 0.004 2
58.82 0.952 0.896 0.008 2
59.716 0.896 0.896 0.008 2
60.642 0.948 0.874 0.01 2
61.488 0.874 0.846 0.01 2
62.428 0.89 0.896 0.012 2
63.302 0.896 0.874 0.008 2
64.244 0.92 0.896 0.004 2
65.144 0.896 0.9 0.002 2
66.06 0.956 0.86 0.004 2
66.93 0.86 0.87 0.01 2
67.87 0.914 0.896 0.006 2
68.744 0.896 0.874 0.008 2
69.704 0.924 0.91 0.008 2
70.588 0.91 0.884 0.01 2
71.524 0.94 0.88 0.008 2
72.384 0.88 0.86 0.01 2
73.3 0.92 0.856 0.01 2
74.228 0.914 0.87 0.006 2
75.104 0.87 0.876 0.008 2
76.002 0.922 0.852 0.002 2
76.948 0.908 0.89 0.008 2
77.828 0.89 0.88 0.008 2
78.786 0.928 0.91 0.01 2
79.668 0.91 0.882 0.008 2
80.576 0.926 0.864 0.008 2
81.414 0.864 0.838 0.01 2
82.332 0.89 0.866 0.01 2
83.172 0.866 0.84 0.008 2
84.052 0.892 0.828 0.006 2
84.876 0.828 0.824 0.006 2
85.762 0.872 0.838 0.008 2
86.616 0.838 0.854 0.008 2
87.47 0.9 0.808 0.008 2
88.266 0.808 0.796 0.006 2
89.068 0.838 0.76 0.006 2
89.834 0.76 0.766 0.008 2
90.446 0.8 0.578 0.006 2
91.016 0.578 0.57 0.006 2
91.616 0.616 0.554 0.008 3
92.164 0.554 0.548 0.01 3
92.716 0.592 0.508 0.004 2
93.31 0.552 0.55 0.004 2
93.856 0.55 0.546 0.004 1
94.406 0.596 0.5 0.002 1
94.96 0.5 0.554 0.004 1
95.576 0.61 0.56 0.006 2
96.102 0.56 0.526 0.006 2
96.72 0.576 0.568 0.008 2
97.298 0.568 0.578 0.006 2
97.948 0.622 0.606 0.004 2
98.574 0.648 0.584 0.004 2
99.216 0.634 0.592 0.002 2
99.824 0.592 0.608 0.008 2
100.486 0.654 0.616 0.008 2
101.132 0.616 0.646 0.008 2
101.786 0.698 0.602 0.008 2
102.386 0.602 0.6 0.008 2
103.032 0.654 0.592 0.012 2
103.634 0.592 0.602 0.01 2
104.26 0.642 0.586 0.004 2
104.828 0.586 0.568 0.012 2
105.436 0.622 0.554 0.008 2
105.978 0.554 0.542 0.014 2
106.532 0.58 0.516 0.014 2
107.092 0.516 0.56 0.012 2
107.626 0.604 0.49 0.01 2
108.11 0.49 0.484 0.01 2
108.622 0.484 0.512 0.008 2
109.118 0.57 0.438 0.01 2
109.546 0.438 0.428 0.012 2
110.058 0.478 0.462 0.006 2
110.478 0.462 0.42 0.008 2
110.954 0.468 0.428 0.008 2
111.36 0.428 0.406 0.012 2
111.8 0.406 0.44 0.012 2
112.292 0.49 0.442 0.012 2
112.714 0.442 0.422 0.01 2
113.208 0.474 0.442 0.01 2
113.594 0.442 0.386 0.012 2
113.99 0.386 0.396 0.008 2
114.46 0.442 0.424 0.01 2
114.868 0.424 0.408 0.01 2
115.376 0.44 0.476 0.008 2
115.888 0.476 0.512 0.008 2
116.364 0.512 0.476 0.006 2
116.88 0.526 0.466 0.008 2
117.366 0.466 0.486 0.01 2
117.868 0.528 0.46 0.012 2
118.328 0.46 0.46 0.004 2
118.846 0.506 0.472 0.01 2
119.32 0.472 0.474 0.004 2
119.864 0.516 0.502 0.012 2
120.322 0.502 0.458 0.002 2
120.786 0.458 0.464 0.01 2
121.206 0.508 0.376 0.01 2
121.576 0.376 0.37 0.008 2
122.016 0.428 0.382 0.008 2
122.402 0.382 0.386 0.012 2
122.788 0.41 0.362 0.008 2
123.14 0.362 0.352 0.006 2
123.564 0.408 0.368 0.006 2
123.934 0.368 0.37 0.008 2
124.324 0.414 0.346 0.008 2
124.7 0.346 0.376 0.008 2
125.068 0.376 0.368 0.01 2
125.472 0.418 0.354 0.008 2
125.858 0.354 0.386 0.01 2
126.238 0.434 0.332 0.006 2
126.58 0.332 0.342 0.01 2
126.96 0.388 0.334 0.008 2
127.302 0.334 0.342 0.012 2
127.694 0.4 0.334 0.012 2
128.006 0.334 0.312 0.006 2
128.402 0.356 0.352 0.012 2
128.742 0.352 0.34 0.01 2
129.08 0.34 0.338 0.002 2
129.422 0.378 0.302 0.008 2
129.724 0.302 0.302 0.008 2
130.088 0.34 0.326 0.008 2
130.38 0.326 0.292 0.01 2
130.702 0.336 0.278 0.006 2
131.014 0.278 0.312 0.012 2
131.312 0.312 0.298 0.01 2
131.656 0.358 0.284 0.008 2
131.938 0.284 0.282 0.008 2
132.246 0.282 0.308 0.01 2
132.628 0.36 0.33 0.008 2
132.944 0.33 0.316 0.008 2
133.306 0.362 0.316 0.004 2
133.674 0.364 0.32 0.008 2
134.096 0.378 0.364 0.01 2
134.432 0.364 0.336 0.002 2
134.758 0.336 0.326 0.01 2
135.2 0.386 0.382 0.01 2
135.578 0.382 0.378 0.012 2
135.98 0.418 0.362 0.008 2
136.408 0.404 0.386 0.008 2
136.864 0.452 0.39 0.01 2
137.286 0.392 0.42 0.01 2
137.752 0.472 0.414 0.01 2
138.15 0.414 0.398 0.006 2
138.622 0.45 0.42 0.01 2
139.068 0.42 0.446 0.006 2
139.586 0.508 0.456 0.01 2
139.98 0.456 0.394 0.01 2
140.422 0.44 0.396 0.008 2
140.826 0.396 0.404 0.01 2
141.22 0.404 0.394 0.004 2
141.638 0.446 0.366 0.008 2
142.034 0.366 0.396 0.008 2
142.526 0.452 0.436 0.01 2
142.948 0.436 0.422 0.01 2
143.438 0.482 0.43 0.01 2
143.884 0.43 0.446 0.008 2
144.342 0.5 0.404 0.008 2
144.762 0.404 0.42 0.008 2
145.206 0.472 0.392 0.006 2
145.58 0.392 0.374 0.01 2
145.98 0.416 0.358 0.006 2
146.426 0.416 0.388 0.004 2
146.79 0.388 0.364 0.01 2
147.192 0.416 0.35 0.008 2
147.562 0.35 0.37 0.002 2
147.944 0.37 0.382 0.01 2
148.376 0.444 0.37 0.01 2
148.746 0.37 0.37 0.01 2
149.278 0.418 0.484 0.006 3
149.778 0.484 0.5 0.012 3
150.284 0.55 0.456 0.014 3
150.64 0.456 0.356 0.012 3
151.056 0.42 0.352 0.014 4
151.386 0.352 0.33 0.018 4
151.772 0.38 0.336 0.02 4
152.362 0.39 0.536 0.014 2
152.926 0.59 0.51 0.01 2
153.468 0.51 0.542 0.004 2
154.106 0.596 0.584 0.004 2
154.72 0.584 0.614 0.008 2
155.394 0.676 0.612 0.01 2
156.018 0.612 0.624 0.01 2
156.702 0.676 0.632 0.008 2
157.404 0.632 0.702 0.024 6
158.154 0.758 0.694 0.026 6
158.984 0.694 0.83 0.008 2
159.866 0.892 0.82 0.008 2
160.75 0.82 0.884 0.008 2
161.702 0.932 0.904 0.012 2
162.436 0.904 0.734 0.008 2
163.22 0.786 0.732 0.006 2
163.95 0.732 0.73 0.008 2
164.74 0.766 0.754 0.006 2
165.64 0.754 0.9 0.01 2
166.624 0.954 0.93 0.008 2
167.57 0.93 0.946 0.004 3
168.56 0.994 0.942 0.01 3
169.37 0.944 0.808 0.016 4
170.218 0.862 0.794 0.018 4
171.032 0.794 0.814 0.01 2
171.888 0.866 0.804 0.008 2
172.666 0.804 0.778 0.02 4
173.526 0.834 0.804 0.018 4
174.312 0.806 0.784 0.006 2
175.122 0.834 0.76 0.014 2
175.89 0.76 0.768 0.014 3
176.706 0.834 0.75 0.014 3
177.484 0.752 0.776 0.016 4
178.3 0.832 0.76 0.018 4
179.042 0.76 0.742 0.01 2
179.844 0.794 0.75 0.01 2
180.622 0.75 0.778 0.01 2
181.452 0.832 0.776 0.006 2
182.272 0.776 0.82 0.014 2
183.11 0.878 0.78 0.008 2
183.86 0.78 0.75 0.01 2
184.686 0.81 0.766 0.004 2
185.49 0.768 0.802 0.006 2
186.254 0.85 0.716 0.002 2
187.038 0.716 0.784 0.01 2
188.002 0.834 0.914 0.008 2
188.992 0.914 0.99 0.008 2
189.958 1.04 0.916 0.002 2
190.926 0.916 0.968 0.008 2
191.896 1.026 0.912 0.008 2
192.8 0.912 0.904 0 2
193.69 0.956 0.838 0.006 2
194.25 0.838 0.56 0.004 2
194.912 0.61 0.612 0.006 2
195.524 0.612 0.612 0.006 2
196.202 0.666 0.624 0.006 2
196.792 0.624 0.59 0.008 2
197.464 0.65 0.612 0.006 2
198.082 0.612 0.618 0.006 2
198.74 0.666 0.61 0.006 2
199.356 0.61 0.616 0.002 1
199.972 0.662 0.57 0.004 1
200.608 0.626 0.58 0.002 1
201.188 0.58 0.58 0.002 1
201.854 0.636 0.61 0.006 2
202.502 0.61 0.648 0.006 2
203.192 0.712 0.626 0.008 2
203.88 0.678 0.636 0.004 2
204.498 0.636 0.618 0.006 2
205.208 0.676 0.652 0 2
206.054 0.714 0.784 0.008 2
206.866 0.784 0.812 0.006 2
207.526 0.866 0.606 0.002 2
208.18 0.606 0.654 0.002 2
208.858 0.702 0.63 0.006 2
209.494 0.63 0.636 0 2
210.142 0.674 0.61 0.006 2
210.81 0.61 0.668 0.006 2
211.516 0.716 0.658 0.006 2
212.162 0.658 0.646 0.006 2
212.864 0.7 0.648 0.006 2
213.686 0.648 0.822 0 2
214.566 0.884 0.818 0.006 2
215.428 0.824 0.856 0.006 2
216.34 0.92 0.848 0.01 2
217.178 0.848 0.838 0.004 2
218.11 0.904 0.866 0.006 2
218.948 0.866 0.838 0.006 2
219.866 0.896 0.86 0.01 2
220.696 0.86 0.83 0.008 2
221.57 0.884 0.82 0.006 2
222.224 0.82 0.654 0.008 2
222.976 0.72 0.686 0.006 2
223.614 0.686 0.638 0.01 3
224.316 0.696 0.644 0.006 2
225.16 0.644 0.844 0.002 2
225.85 0.91 0.624 0.006 2
226.514 0.624 0.664 0.01 2
227.216 0.73 0.636 0.012 2
227.888 0.636 0.672 0.004 2
228.584 0.714 0.654 0.006 2
229.23 0.654 0.646 0.006 2
229.964 0.696 0.684 0.008 2
230.828 0.684 0.864 0.008 2
231.768 0.93 0.874 0.008 2
232.486 0.908 0.684 0.008 2
233.156 0.684 0.67 0.002 2
233.844 0.67 0.688 0.008 2
234.574 0.744 0.674 0.002 2
235.234 0.674 0.66 0.006 2
235.926 0.714 0.638 0.008 2
236.674 0.638 0.748 0.01 2
237.414 0.804 0.684 0.004 2
238.108 0.684 0.694 0.006 2
238.884 0.752 0.718 0.008 2
239.568 0.718 0.684 0.008 2
240.606 0.744 0.978 0.008 2
241.536 0.978 0.93 0.006 2
242.512 0.98 0.926 0.008 2
243.474 0.926 0.962 0.008 2
244.418 1.02 0.886 0.004 2
245.33 0.932 0.866 0.012 2
246.17 0.866 0.84 0.006 2
247.134 0.896 0.908 0.004 2
247.828 0.908 0.694 0.006 2
248.552 0.75 0.668 0.006 2
249.408 0.668 0.856 0.006 2
250.3 0.914 0.834 0.002 2
251.158 0.834 0.858 0.01 2
252.032 0.908 0.824 0.008 2
252.894 0.824 0.862 0.002 2
253.812 0.918 0.862 0.01 2
254.644 0.862 0.832 0.006 2
255.518 0.878 0.828 0.008 2
256.166 0.828 0.648 0.004 2
256.866 0.698 0.65 0.006 2
257.498 0.65 0.632 0.008 2
258.208 0.684 0.658 0.008 2
258.854 0.658 0.646 0.008 2
259.492 0.646 0.638 0.008 2
260.156 0.684 0.618 0.008 2
260.81 0.618 0.654 0 2
261.496 0.712 0.628 0.006 2
262.15 0.628 0.654 0.008 2
262.844 0.71 0.638 0.008 2
263.478 0.638 0.634 0.008 2
264.346 0.68 0.822 0.006 2
265.214 0.866 0.824 0 2
265.948 0.874 0.684 0 2
266.592 0.684 0.644 0.006 2
267.292 0.694 0.65 0.006 2
267.914 0.65 0.622 0.004 2
268.644 0.682 0.67 0 2
269.32 0.718 0.628 0.006 2
269.954 0.628 0.634 0.006 2
270.692 0.688 0.684 0.002 2
271.362 0.684 0.67 0 2
272.086 0.724 0.67 0.004 2
272.738 0.67 0.652 0.006 2
273.472 0.716 0.67 0.002 2
274.164 0.67 0.692 0.012 2
274.844 0.754 0.618 0.004 2
275.524 0.618 0.68 0.008 2
276.274 0.736 0.694 0.006 2
276.93 0.694 0.656 0.002 2
277.634 0.712 0.648 0.004 2
278.464 0.648 0.83 0.01 2
279.336 0.878 0.824 0.006 2
280.178 0.826 0.84 0.004 2
281.058 0.906 0.814 0.006 2
281.918 0.814 0.86 0.012 2
282.828 0.928 0.842 0.004 2
283.674 0.842 0.846 0.006 2
284.53 0.9 0.802 0.006 2
285.144 0.802 0.614 0.006 2
285.878 0.682 0.666 0.008 2
286.564 0.666 0.686 0.008 2
287.266 0.744 0.644 0.006 2
288.1 0.646 0.832 0.008 2
289.02 0.894 0.858 0.008 2
289.834 0.858 0.814 0.008 2
290.726 0.876 0.83 0.006 2
291.58 0.832 0.852 0.006 2
292.494 0.916 0.85 0.008 2
293.328 0.85 0.834 0.006 2
294.206 0.89 0.822 0.008 2
295.052 0.822 0.846 0.008 2
295.936 0.904 0.826 0.012 2
296.77 0.826 0.834 0.008 2
297.694 0.888 0.87 0.008 2
298.5 0.87 0.806 0.006 2
299.426 0.864 0.868 0.006 2
300.28 0.868 0.854 0.01 2
301.146 0.914 0.806 0.008 2
301.986 0.806 0.84 0.004 2
302.9 0.892 0.862 0.006 2
303.714 0.862 0.814 0.006 2
304.584 0.848 0.836 0.004 2
305.428 0.836 0.844 0.006 2
306.288 0.902 0.802 0.006 2
307.218 0.864 0.868 0.008 2
308.076 0.868 0.858 0.006 2
308.968 0.932 0.818 0.006 2
309.786 0.818 0.818 0.01 2
310.704 0.866 0.87 0.006 2
311.54 0.87 0.836 0.006 2
312.474 0.904 0.866 0.008 2
313.308 0.866 0.834 0.006 2
314.21 0.898 0.838 0.008 2
315.084 0.838 0.874 0.004 2
316.024 0.934 0.88 0.016 6
316.88 0.88 0.856 0.016 6
317.834 0.916 0.894 0.02 6
318.706 0.894 0.872 0.02 6
319.65 0.946 0.87 0.008 2
320.558 0.874 0.904 0.008 2
321.474 0.968 0.852 0.01 2
322.34 0.852 0.866 0.008 2
323.274 0.922 0.878 0.006 2
324.106 0.878 0.832 0.008 2
325.036 0.902 0.86 0.008 2
325.826 0.86 0.79 0.004 2
326.722 0.838 0.848 0.008 2
327.572 0.848 0.85 0.012 2
328.47 0.906 0.842 0.008 2
329.352 0.914 0.81 0.006 2
330.312 0.886 0.884 0.01 2
331.22 0.884 0.908 0.008 2
332.11 0.978 0.82 0.01 2
332.982 0.82 0.872 0.008 2
333.854 0.922 0.822 0.008 2
334.684 0.822 0.83 0.006 2
335.62 0.886 0.88 0.006 2
336.456 0.88 0.836 0.008 2
337.364 0.886 0.858 0.01 2
338.22 0.858 0.856 0.008 2
339.168 0.916 0.888 0.008 2
340.008 0.89 0.838 0.008 2
340.952 0.906 0.876 0.01 2
341.826 0.876 0.874 0.008 2
342.766 0.932 0.882 0.008 2
343.63 0.882 0.864 0.006 2
344.546 0.92 0.86 0.008 2
345.422 0.86 0.876 0.008 2
346.368 0.934 0.888 0.008 2
347.216 0.888 0.848 0.008 2
348.17 0.904 0.898 0.01 2
349.042 0.898 0.872 0.01 2
349.964 0.93 0.864 0.006 2
350.804 0.864 0.84 0.008 2
351.722 0.906 0.852 0.01 2
352.574 0.852 0.852 0.008 2
353.484 0.916 0.846 0.01 2
354.4 0.9 0.862 0.012 2
355.286 0.862 0.886 0.008 2
356.2 0.952 0.848 0.01 2
357.074 0.848 0.874 0 2
357.99 0.958 0.832 0.01 2
358.826 0.832 0.836 0 2
359.724 0.892 0.842 0.01 2
360.516 0.842 0.792 0.004 2
361.416 0.842 0.85 0.008 2
362.298 0.85 0.882 0.012 2
363.238 0.946 0.876 0.008 2
364.08 0.876 0.842 0.01 2
365.044 0.918 0.888 0.012 2
365.886 0.888 0.842 0.01 2
366.79 0.914 0.832 0.006 2
367.666 0.832 0.876 0.006 2
368.614 0.93 0.894 0.01 2
369.596 1.006 0.87 0.01 2
370.538 0.936 0.876 0.006 2
371.39 0.876 0.852 0.006 2
372.294 0.91 0.846 0.01 2
373.172 0.846 0.878 0.002 2
374.11 0.938 0.878 0.004 2
374.99 0.878 0.88 0.008 7
375.878 0.936 0.832 0.018 7
376.726 0.832 0.848 0.01 2
377.65 0.902 0.87 0.008 2
378.528 0.87 0.878 0.008 2
379.41 0.928 0.832 0.01 2
380.28 0.832 0.87 0.008 2
381.164 0.932 0.822 0.01 2
381.856 0.822 0.692 0.008 2
382.614 0.766 0.684 0.006 2
383.246 0.684 0.632 0.006 2
383.996 0.7 0.682 0.01 2
384.678 0.682 0.682 0.004 2
385.384 0.736 0.652 0.008 2
385.996 0.652 0.612 0.006 2
386.758 0.688 0.686 0.008 2
387.41 0.686 0.652 0.01 2
388.098 0.652 0.688 0.006 2
389 0.754 0.836 0.004 2
389.844 0.836 0.844 0.006 2
390.742 0.902 0.84 0.004 2
391.538 0.84 0.796 0 2
392.408 0.86 0.806 0.004 2
393.286 0.87 0.814 0.004 2
394.074 0.814 0.788 0.002 4
394.988 0.862 0.84 0.01 4
395.832 0.84 0.844 0.018 9
396.68 0.89 0.802 0.018 9
397.464 0.802 0.784 0.004 3
398.324 0.84 0.804 0.006 3
399.146 0.862 0.764 0.008 5
399.936 0.822 0.732 0.012 5
400.688 0.732 0.752 0.002 4
401.532 0.808 0.788 0.004 4
402.264 0.788 0.732 0.008 3
403.06 0.8 0.728 0.008 3
403.776 0.728 0.716 0.006 2
404.526 0.774 0.692 0.006 2
405.188 0.694 0.66 0.004 2
405.842 0.66 0.654 0.004 2
406.366 0.71 0.468 0 1
406.872 0.468 0.506 0.002 1
407.382 0.588 0.428 0.006 1
407.838 0.428 0.456 0.002 1
408.366 0.526 0.458 0.004 1
408.87 0.458 0.504 0 1
409.438 0.578 0.494 0.002 1
409.924 0.494 0.486 0.002 1
410.42 0.554 0.428 0.006 1
410.912 0.428 0.492 0 1
411.582 0.556 0.606 0.002 1
412.214 0.606 0.632 0 1
412.678 0.708 0.388 0 1
413.128 0.388 0.45 0.002 1
413.686 0.522 0.486 0.002 1
414.196 0.486 0.51 0.004 1
414.73 0.57 0.474 0.002 1
415.222 0.474 0.492 0.002 1
415.794 0.568 0.496 0 1
416.272 0.496 0.478 0.002 1
416.88 0.578 0.508 0 1
417.392 0.508 0.512 0.004 1
418.022 0.61 0.532 0.002 1
418.508 0.532 0.486 0 1
419.076 0.554 0.5 0.002 1
419.52 0.5 0.444 0.002 1
420.27 0.518 0.676 0.002 1
420.902 0.676 0.632 0.004 1
421.444 0.702 0.472 0.002 1
421.922 0.472 0.478 0.002 1
422.486 0.55 0.492 0 1
423.038 0.562 0.482 0 1
423.584 0.552 0.476 0.002 1
424.146 0.554 0.484 0 1
424.688 0.578 0.448 0.002 1
425.268 0.518 0.51 0.002 1
425.822 0.594 0.47 0.004 1
426.338 0.47 0.516 0.002 1
426.914 0.598 0.494 0.002 1
427.44 0.504 0.516 0.002 1
428.044 0.584 0.536 0.004 1
428.534 0.536 0.49 0.002 1
429.162 0.57 0.548 0.004 1
429.668 0.548 0.506 0.004 1
430.19 0.506 0.522 0.004 1
430.768 0.582 0.518 0.004 1
431.256 0.518 0.488 0.004 1
431.774 0.488 0.518 0.004 1
432.316 0.584 0.476 0.002 1
432.816 0.476 0.5 0.002 1
433.422 0.558 0.548 0.004 1
433.93 0.548 0.508 0 1
434.486 0.57 0.494 0.002 1
434.944 0.494 0.458 0.002 1
435.504 0.53 0.488 0.002 1
436.034 0.488 0.53 0.004 1
436.622 0.622 0.496 0.004 1
437.108 0.496 0.486 0 1
437.668 0.546 0.5 0.004 1
438.238 0.572 0.498 0.002 1
438.798 0.576 0.482 0.004 1
439.214 0.482 0.416 0.002 1
439.77 0.52 0.452 0.002 1
440.228 0.452 0.458 0.004 1
440.696 0.534 0.392 0.002 1
441.118 0.392 0.422 0 1
441.652 0.484 0.472 0.008 1
442.072 0.474 0.418 0.002 1
442.524 0.484 0.386 0 1
442.954 0.386 0.43 0 1
443.446 0.498 0.424 0 1
443.916 0.488 0.406 0.002 1
444.282 0.406 0.366 0.002 1
444.71 0.45 0.344 0.004 1
445.066 0.344 0.356 0.002 1
445.426 0.356 0.36 0 1
445.888 0.46 0.362 0.006 1
446.222 0.362 0.334 0 1
446.562 0.334 0.34 0.002 1
446.978 0.43 0.326 0.004 1
447.362 0.326 0.384 0.004 1
447.778 0.474 0.326 0.002 1
448.248 0.432 0.364 0 1
448.554 0.364 0.306 0 1
448.97 0.388 0.334 0.002 1
449.278 0.334 0.308 0.006 1
449.67 0.386 0.314 0.004 1
450.018 0.378 0.284 0.004 1
450.332 0.284 0.314 0.004 1
450.702 0.394 0.29 0 1
451.01 0.29 0.308 0.002 1
451.362 0.396 0.264 0.002 1
451.646 0.264 0.284 0.002 1
452.014 0.352 0.3 0.002 1
452.268 0.3 0.254 0 1
452.52 0.254 0.252 0 1
452.75 0.252 0.23 0.004 1
453.002 0.23 0.252 0.002 1
453.252 0.314 0.188 0 1
453.678 0.188 0.426 0.006 1
454.138 0.51 0.376 0.002 1
454.538 0.376 0.4 0.004 1
455.078 0.506 0.434 0 1
455.47 0.434 0.392 0.002 1
455.87 0.392 0.4 0 1
456.33 0.482 0.378 0 1
456.79 0.482 0.356 0.002 1
456.928 0.356 0.138 0.002 1
457.188 0.252 0.146 0 1
457.336 0.148 0.146 0.002 1
457.47 0.146 0.134 0.004 1
457.616 0.136 0.144 0.002 1
457.752 0.144 0.136 0 1
457.888 0.136 0.136 0 1
458.034 0.136 0.146 0 1
458.176 0.146 0.142 0.002 1
458.304 0.142 0.128 0.002 1
458.478 0.164 0.138 0.002 1
458.698 0.226 0.132 0.002 1
458.832 0.132 0.134 0 1
458.958 0.134 0.126 0.002 1
459.088 0.126 0.13 0 1
459.242 0.13 0.154 0.004 1
459.374 0.154 0.132 0.002 1
459.512 0.132 0.138 0.002 1
459.638 0.138 0.126 0.002 1
459.768 0.126 0.13 0.002 1
459.894 0.13 0.126 0.002 1
460.11 0.208 0.134 0 1
460.258 0.134 0.148 0.002 1
460.394 0.148 0.136 0.002 1
460.516 0.136 0.122 0.002 1
460.752 0.206 0.152 0 1
460.912 0.152 0.16 0.002 1
461.054 0.16 0.142 0.006 1
461.212 0.142 0.158 0.002 1
461.454 0.252 0.148 0.004 1
461.618 0.148 0.164 0.002 1
461.796 0.164 0.178 0 1
461.97 0.178 0.174 0.002 1
462.148 0.174 0.178 0.002 1
462.31 0.178 0.162 0.002 1
462.484 0.162 0.174 0 1
462.658 0.174 0.174 0.002 1
462.916 0.264 0.168 0.002 1
463.142 0.168 0.226 0 1
463.328 0.226 0.186 0 1
463.642 0.264 0.236 0 1
463.91 0.236 0.268 0 1
464.172 0.268 0.262 0.002 1
464.574 0.382 0.282 0.002 1
464.86 0.282 0.286 0.002 1
465.166 0.286 0.306 0 1
465.544 0.388 0.296 0 1
465.954 0.38 0.326 0 1
466.242 0.326 0.288 0.002 1
466.552 0.288 0.31 0.002 1
466.948 0.402 0.304 0.002 1
467.356 0.396 0.316 0 1
467.658 0.316 0.302 0 1
467.966 0.302 0.308 0.004 1
468.294 0.308 0.328 0 1
468.612 0.328 0.318 0.002 1
469.05 0.428 0.328 0 1
469.354 0.328 0.304 0 1
469.72 0.382 0.288 0.002 1
469.974 0.288 0.254 0 1
470.23 0.256 0.254 0 1
470.48 0.254 0.25 0 1
470.706 0.25 0.226 0.002 1
470.944 0.226 0.238 0 1
471.29 0.332 0.252 0.002 1
471.292 0.252 0.002 0.002 1
471.332 0.04 0.002 0.002 1
471.382 0.052 0 0 1
471.43 0.046 0.002 0 1
471.474 0.046 0 0 1
471.518 0.044 0 0 1
471.56 0.042 0 0 1
471.614 0.054 0 0 1
471.662 0.046 0.002 0 1
471.714 0.054 0 0 1
471.768 0.052 0.002 0 1
471.816 0.048 0.002 0.002 1
471.864 0.048 0.002 0 1
471.916 0.052 0.002 0 1
471.968 0.052 0.002 0 1
472.018 0.052 0 0 1
472.064 0.046 0 0 1
472.114 0.05 0 0 1
472.158 0.044 0 0 1
472.208 0.05 0 0 1
472.328 0.118 0.002 0 1
472.338 0.012 0 0 1
472.376 0.038 0 0 1
472.426 0.048 0.002 0 1
472.484 0.058 0.002 0 1
472.538 0.056 0 0 1
472.592 0.054 0 0 1
472.644 0.052 0 0 1
472.69 0.046 0 0 1
472.734 0.044 0 0 1
472.788 0.052 0.002 0 1
472.832 0.044 0.002 0.002 1
472.882 0.05 0.002 0 1
472.926 0.046 0 0 1
472.982 0.056 0 0 1
473.03 0.048 0 0 1
473.078 0.046 0.002 0 1
473.122 0.046 0 0 1
473.168 0.046 0 0 1
473.218 0.05 0 0 1
473.272 0.054 0 0 1
473.318 0.046 0 0 1
473.366 0.048 0 0 1
473.41 0.042 0.002 0.002 1
473.456 0.048 0 0 1
473.51 0.052 0.002 0 1
473.558 0.05 0 0 1
473.612 0.052 0.002 0 1
473.66 0.05 0 0 1
473.704 0.044 0 0 1
473.75 0.046 0 0 1
473.804 0.054 0 0 1
473.958 0.148 0.006 0 1
473.996 0.044 0 0 1
474.044 0.046 0.002 0.002 1
474.092 0.05 0 0 1
474.142 0.048 0.002 0.002 1
474.192 0.05 0.002 0 1
474.238 0.048 0 0 1
474.292 0.054 0 0 1
474.34 0.048 0 0 1
474.38 0.038 0.002 0 1
474.428 0.05 0 0 1
474.472 0.044 0 0 1
474.514 0.042 0 0 1
474.564 0.05 0 0 1
474.616 0.052 0 0 1
474.762 0.142 0.004 0 1
474.808 0.048 0.002 0 1
474.856 0.05 0 0 1
474.91 0.052 0.002 0.002 1
474.958 0.05 0 0 1
475.012 0.052 0.002 0 1
475.06 0.048 0.002 0 1
475.11 0.05 0.002 0.002 1
475.16 0.05 0.002 0.002 1
475.208 0.048 0.002 0.002 1
475.256 0.05 0 0 1
475.308 0.052 0 0 1
475.736 0.428 0 0 1
475.736 0 0 0 1
475.786 0.048 0.002 0 1
475.832 0.048 0 0 1
475.884 0.05 0.002 0 1
475.934 0.05 0.002 0.002 1
475.984 0.052 0 0 1
476.032 0.048 0 0 1
476.084 0.052 0 0 1
476.13 0.046 0 0 1
476.18 0.05 0 0 1
476.23 0.05 0 0 1
476.28 0.05 0 0 1
476.38 0.1 0 0 1
476.4 0.016 0.004 0 1
476.448 0.05 0.002 0 1
476.496 0.048 0.002 0.002 1
476.55 0.054 0.002 0 1
476.602 0.052 0.002 0.002 1
476.654 0.052 0.002 0 1
476.706 0.052 0.002 0.002 1
476.756 0.052 0 0 1
476.806 0.05 0 0 1
476.856 0.05 0 0 1
476.908 0.05 0.002 0 1
476.958 0.052 0 0 1
477.006 0.048 0 0 1
477.056 0.05 0 0 1
477.106 0.05 0 0 1
477.192 0.084 0.002 0.002 1
477.212 0.022 0 0 1
477.268 0.056 0 0 1
477.322 0.054 0 0 1
477.376 0.054 0 0 1
477.428 0.05 0.002 0.002 1
477.476 0.05 0 0 1
477.528 0.05 0.002 0.002 1
477.574 0.048 0 0 1
477.626 0.052 0 0 1
477.678 0.05 0.002 0.002 1
477.786 0.108 0.002 0 1
477.814 0.03 0 0 1
477.864 0.05 0 0 1
477.918 0.052 0.002 0 1
477.966 0.05 0 0 1
478.018 0.05 0.002 0 1
478.068 0.05 0.002 0.002 1
478.12 0.052 0.002 0 1
478.17 0.05 0.002 0 1
478.22 0.052 0 0 1
478.262 0.04 0.002 0 1
478.304 0.044 0 0 1
478.356 0.052 0 0 1
478.408 0.05 0.002 0 1
478.458 0.05 0.002 0.002 1
478.506 0.048 0.002 0 1
478.63 0.126 0 0 1
478.634 0.004 0 0 1
478.688 0.054 0 0 1
478.742 0.052 0.002 0 1
478.792 0.052 0 0 1
478.842 0.05 0 0 1
478.892 0.05 0 0 1
478.94 0.048 0 0 1
478.994 0.052 0.002 0 1
479.042 0.05 0 0 1
479.094 0.052 0 0 1
479.146 0.05 0.002 0.002 1
479.196 0.05 0.002 0.002 1
479.314 0.118 0.002 0 1
479.322 0.01 0 0 1
479.372 0.05 0 0 1
479.426 0.052 0.002 0.002 1
479.478 0.054 0 0 1
479.53 0.052 0 0 1
479.58 0.048 0.002 0 1
479.622 0.044 0 0 1
479.668 0.046 0 0 1
479.718 0.05 0 0 1
479.77 0.05 0.002 0 1
479.818 0.048 0.002 0 1
479.866 0.048 0.002 0.002 1
479.982 0.114 0.004 0.004 1
480.006 0.028 0 0 1
480.058 0.052 0 0 1
480.11 0.052 0 0 1
480.164 0.052 0.002 0 1
480.214 0.05 0.002 0.002 1
480.264 0.052 0 0 1
480.314 0.048 0.002 0.002 1
480.366 0.052 0.002 0 1
480.414 0.05 0 0 1
480.464 0.048 0.002 0 1
480.512 0.05 0 0 1
480.564 0.05 0.002 0 1
480.612 0.05 0 0 1
480.662 0.05 0 0 1
480.714 0.05 0.002 0 1
480.764 0.052 0 0 1
480.8 0.036 0 0 1
480.852 0.052 0 0 1
480.904 0.052 0 0 1
480.958 0.052 0.002 0 1
481.008 0.052 0 0 1
481.058 0.05 0 0 1
481.108 0.048 0.002 0.002 1
481.156 0.05 0 0 1
481.206 0.05 0 0 1
481.258 0.052 0 0 1
481.308 0.05 0 0 1
481.36 0.052 0 0 1
481.412 0.05 0.002 0 1
481.458 0.046 0.002 0 1
481.578 0.12 0.002 0 1
481.58 0.004 0 0 1
481.634 0.052 0.002 0 1
481.686 0.052 0.002 0 1
481.74 0.054 0.002 0 1
481.788 0.048 0.002 0.002 1
481.836 0.05 0 0 1
481.886 0.048 0.002 0 1
481.936 0.05 0.002 0 1
481.988 0.052 0.002 0 1
482.036 0.05 0 0 1
482.082 0.046 0 0 1
482.13 0.048 0 0 1
482.182 0.05 0.002 0 1
482.306 0.124 0.002 0 1
482.322 0.018 0 0 1
482.374 0.05 0.002 0 1
482.426 0.054 0 0 1
482.478 0.052 0 0 1
482.528 0.05 0 0 1
482.578 0.048 0.002 0 1
482.626 0.05 0 0 1
482.676 0.048 0.002 0 1
482.726 0.052 0 0 1
482.774 0.048 0 0 1
482.822 0.048 0 0 1
482.874 0.052 0 0 1
482.92 0.046 0 0 1
483.074 0.154 0 0 1
483.074 0 0 0 1
483.074 0 0 0 1
483.074 0 0 0 1
483.074 0 0 0 1
483.118 0.04 0.004 0 1
483.166 0.052 0 0 1
483.216 0.05 0 0 1
483.268 0.05 0.002 0 1
483.318 0.052 0 0 1
483.37 0.05 0.002 0 1
483.418 0.05 0 0 1
483.51 0.09 0.002 0 1
483.544 0.034 0.002 0 1
483.596 0.054 0 0 1
483.642 0.044 0.002 0.002 1
483.694 0.052 0.002 0 1
483.742 0.05 0 0 1
483.792 0.048 0.002 0 1
483.84 0.05 0 0 1
483.89 0.05 0 0 1
483.942 0.05 0.002 0.002 1
483.994 0.052 0.002 0 1
484.044 0.05 0.002 0 1
484.094 0.052 0 0 1
484.144 0.05 0 0 1
484.196 0.05 0.002 0 1
484.244 0.048 0.002 0 1
484.326 0.082 0.002 0 1
484.368 0.044 0 0 1
484.422 0.054 0 0 1
484.476 0.052 0.002 0 1
484.528 0.052 0.002 0 1
484.572 0.046 0 0 1
484.624 0.052 0 0 1
484.672 0.048 0 0 1
484.714 0.042 0 0 1
484.758 0.044 0 0 1
484.804 0.046 0 0 1
484.852 0.048 0 0 1
484.904 0.052 0 0 1
484.956 0.052 0 0 1
485.008 0.052 0 0 1
485.06 0.05 0.002 0.002 1
485.11 0.052 0 0 1
485.162 0.05 0.002 0 1
485.212 0.052 0 0 1
485.262 0.05 0 0 1
485.392 0.126 0.004 0 1
485.398 0.008 0.002 0 1
485.45 0.054 0 0 1
485.504 0.052 0.002 0 1
485.554 0.052 0 0 1
485.604 0.05 0 0 1
485.656 0.052 0 0 1
485.706 0.05 0 0 1
485.758 0.052 0 0 1
485.8 0.04 0.002 0.002 1
485.85 0.052 0 0 1
485.9 0.048 0.002 0 1
485.95 0.05 0.002 0 1
486 0.05 0.002 0 1
486.05 0.052 0 0 1
486.282 0.228 0.004 0 1
486.304 0.026 0 0 1
486.354 0.048 0.002 0 1
486.402 0.048 0.002 0 1
486.452 0.052 0 0 1
486.502 0.05 0 0 1
486.552 0.05 0 0 1
486.602 0.05 0 0 1
486.652 0.05 0 0 1
486.702 0.05 0 0 1
486.754 0.05 0.002 0 1
486.798 0.046 0 0 1
486.846 0.048 0 0 1
486.898 0.052 0 0 1
486.946 0.048 0 0 1
486.998 0.052 0 0 1
487.046 0.048 0 0 1
487.098 0.05 0.002 0.002 1
487.146 0.05 0 0 1
487.196 0.05 0 0 1
487.312 0.114 0.002 0 1
487.334 0.024 0 0 1
487.376 0.04 0.002 0 1
487.426 0.05 0.002 0 1
487.476 0.05 0.002 0.002 1
487.526 0.05 0.002 0.002 1
487.57 0.046 0 0 1
487.62 0.048 0.002 0.002 1
487.672 0.052 0.002 0 1
487.718 0.048 0 0 1
487.764 0.044 0.002 0 1
487.812 0.05 0 0 1
487.858 0.044 0.002 0.002 1
487.904 0.046 0.002 0.002 1
487.956 0.052 0.002 0 1
488.006 0.052 0 0 1
488.056 0.05 0 0 1
488.108 0.05 0.002 0 1
488.152 0.046 0 0 1
488.202 0.05 0 0 1
488.252 0.048 0.002 0 1
488.302 0.05 0.002 0 1
488.348 0.048 0 0 1
488.402 0.054 0 0 1
488.448 0.046 0 0 1
488.498 0.05 0 0 1
488.548 0.048 0.002 0.002 1
488.598 0.05 0.002 0.002 1
488.646 0.048 0.002 0.002 1
488.696 0.052 0 0 1
488.746 0.05 0 0 1
488.798 0.05 0.002 0 1
488.95 0.152 0.002 0 1
488.978 0.03 0 0 1
489.028 0.05 0 0 1
489.082 0.052 0.002 0 1
489.134 0.054 0 0 1
489.178 0.04 0.004 0.002 1
489.226 0.05 0.002 0.002 1
489.282 0.054 0.004 0.002 1
489.334 0.054 0.002 0 1
489.386 0.054 0 0 1
489.438 0.05 0.002 0 1
489.482 0.046 0 0 1
489.622 0.138 0.002 0 1
489.626 0.004 0.002 0 1
489.674 0.048 0.002 0.002 1
489.724 0.05 0.002 0 1
489.77 0.046 0.002 0 1
489.822 0.054 0 0 1
489.87 0.046 0.002 0 1
489.92 0.05 0.002 0.002 1
489.97 0.052 0 0 1
490.02 0.05 0 0 1
490.074 0.052 0.002 0 1
490.12 0.048 0 0 1
490.168 0.048 0 0 1
490.22 0.052 0 0 1
490.27 0.05 0 0 1
490.32 0.05 0 0 1
490.444 0.124 0 0 1
490.454 0.01 0 0 1
490.506 0.052 0 0 1
490.558 0.052 0 0 1
490.61 0.052 0 0 1
490.66 0.05 0 0 1
490.704 0.044 0 0 1
490.756 0.052 0 0 1
490.808 0.052 0 0 1
490.856 0.048 0 0 1
490.908 0.052 0 0 1
490.948 0.04 0 0 1
491 0.052 0 0 1
491.052 0.05 0.002 0 1
491.1 0.048 0.002 0.002 1
491.462 0.362 0.002 0 1
491.492 0.032 0 0 1
491.544 0.05 0.002 0.002 1
491.596 0.052 0.002 0 1
491.644 0.05 0 0 1
491.696 0.05 0.002 0 1
491.744 0.05 0 0 1
491.796 0.052 0 0 1
491.846 0.05 0 0 1
491.896 0.05 0 0 1
491.944 0.046 0.002 0 1
491.992 0.05 0 0 1
492.044 0.05 0.002 0.002 1
492.094 0.05 0.002 0.002 1
492.138 0.046 0 0 1
492.268 0.13 0 0 1
492.282 0.012 0.002 0 1
492.334 0.052 0.002 0 1
492.384 0.05 0.002 0 1
492.436 0.052 0.002 0 1
492.488 0.052 0.002 0 1
492.538 0.052 0 0 1
492.578 0.04 0 0 1
492.632 0.052 0.002 0 1
492.684 0.052 0.002 0 1
492.736 0.05 0.004 0.002 1
492.786 0.054 0 0 1
492.836 0.05 0 0 1
492.966 0.13 0 0 1
492.97 0.004 0 0 1
493.024 0.052 0.002 0 1
493.074 0.052 0 0 1
493.126 0.052 0 0 1
493.176 0.05 0 0 1
493.222 0.046 0 0 1
493.274 0.05 0.002 0.002 1
493.324 0.052 0 0 1
493.376 0.052 0 0 1
493.426 0.05 0 0 1
493.474 0.048 0 0 1
493.524 0.048 0.002 0 1
493.572 0.05 0 0 1
493.624 0.05 0.002 0.002 1
493.756 0.134 0 0 1
493.798 0.042 0 0 1
493.85 0.052 0 0 1
493.904 0.054 0 0 1
493.956 0.052 0 0 1
494.002 0.046 0 0 1
494.052 0.05 0 0 1
494.1 0.048 0 0 1
494.15 0.05 0 0 1
494.2 0.05 0 0 1
494.252 0.052 0 0 1
494.302 0.05 0 0 1
494.414 0.11 0.002 0 1
494.45 0.036 0.002 0.002 1
494.5 0.052 0 0 1
494.548 0.046 0.002 0 1
494.598 0.052 0 0 1
494.648 0.05 0 0 1
494.7 0.052 0 0 1
494.748 0.048 0 0 1
494.796 0.048 0 0 1
494.848 0.052 0 0 1
494.898 0.048 0.002 0 1
494.936 0.038 0.002 0 1
494.984 0.05 0 0 1
495.032 0.048 0 0 1
495.13 0.096 0.002 0 1
495.17 0.04 0.002 0 1
495.216 0.048 0 0 1
495.27 0.052 0.002 0 1
495.318 0.05 0 0 1
495.372 0.054 0 0 1
495.422 0.048 0.002 0.002 1
495.474 0.052 0.002 0 1
495.516 0.042 0.002 0 1
495.564 0.05 0 0 1
495.61 0.044 0.002 0 1
495.66 0.052 0 0 1
495.712 0.05 0.002 0 1
495.76 0.05 0 0 1
495.808 0.046 0.002 0 1
495.858 0.05 0.002 0.002 1
495.99 0.132 0.002 0.002 1
495.996 0.006 0.002 0 1
496.046 0.05 0.002 0 1
496.098 0.052 0.002 0 1
496.148 0.05 0.002 0.002 1
496.198 0.052 0 0 1
496.25 0.05 0.002 0.002 1
496.302 0.052 0.002 0 1
496.344 0.042 0.002 0 1
496.394 0.052 0 0 1
496.444 0.05 0 0 1
496.494 0.05 0 0 1
496.546 0.05 0.002 0 1
496.652 0.104 0.004 0 1
496.69 0.042 0 0 1
496.742 0.052 0 0 1
496.79 0.046 0.002 0 1
496.84 0.05 0.002 0.002 1
496.89 0.052 0 0 1
496.94 0.048 0.002 0 1
496.99 0.052 0 0 1
497.038 0.048 0 0 1
497.092 0.054 0 0 1
497.14 0.048 0 0 1
497.19 0.05 0 0 1
497.24 0.048 0.002 0 1
497.368 0.12 0.01 0 1
497.372 0.014 0 0 1
497.424 0.052 0 0 1
497.47 0.046 0 0 1
497.524 0.054 0 0 1
497.574 0.05 0 0 1
497.626 0.052 0 0 1
497.67 0.04 0.004 0 1
497.718 0.052 0 0 1
497.76 0.04 0.002 0.002 1
497.812 0.054 0 0 1
497.862 0.05 0 0 1
497.906 0.044 0 0 1
497.96 0.052 0.002 0 1
498.008 0.048 0.002 0.002 1
498.058 0.052 0 0 1
498.108 0.05 0 0 1
498.22 0.112 0 0 1
498.22 0 0 0 1
498.22 0 0 0 1
498.332 0.112 0 0 1
498.334 0.002 0 0 1
498.374 0.038 0.002 0.002 1
498.424 0.05 0.002 0.002 1
498.468 0.046 0 0 1
498.518 0.048 0.002 0.002 1
498.57 0.052 0.002 0 1
498.62 0.052 0 0 1
498.67 0.05 0 0 1
498.722 0.05 0.002 0 1
498.772 0.052 0 0 1
498.894 0.122 0 0 1
498.902 0.008 0 0 1
499.058 0.044 0.112 0.112 1
499.058 0.112 0 0 1
499.104 0.046 0 0 1
499.154 0.05 0 0 1
499.204 0.05 0 0 1
499.254 0.05 0 0 1
499.306 0.052 0 0 1
499.356 0.05 0 0 1
499.408 0.05 0.002 0.002 1
499.458 0.052 0 0 1
499.508 0.05 0 0 1
499.56 0.05 0.002 0 1
499.592 0.034 0 0 1
499.652 0.06 0 0 1
499.702 0.05 0 0 1
499.748 0.046 0 0 1
499.796 0.048 0 0 1
499.848 0.052 0 0 1
499.898 0.05 0 0 1
499.95 0.05 0.002 0 1
499.996 0.048 0 0 1
500.046 0.05 0 0 1
500.098 0.05 0.002 0 1
500.144 0.048 0 0 1
500.196 0.052 0 0 1
500.332 0.134 0.002 0 1
500.372 0.042 0 0 1
500.422 0.05 0 0 1
500.476 0.054 0 0 1
500.528 0.052 0 0 1
500.58 0.052 0 0 1
500.63 0.05 0 0 1
500.682 0.052 0 0 1
500.734 0.05 0.002 0 1
500.78 0.048 0 0 1
500.828 0.048 0 0 1
500.878 0.05 0 0 1
500.928 0.05 0 0 1
501.016 0.088 0 0 1
501.056 0.038 0.002 0 1
501.106 0.05 0.002 0 1
501.162 0.056 0.002 0 1
501.216 0.054 0.002 0 1
501.264 0.05 0 0 1
501.318 0.052 0.002 0 1
501.368 0.052 0 0 1
501.42 0.052 0 0 1
501.472 0.052 0 0 1
501.524 0.05 0.002 0 1
501.574 0.052 0 0 1
501.624 0.05 0 0 1
501.674 0.05 0 0 1
501.722 0.048 0 0 1
501.774 0.052 0 0 1
501.824 0.05 0 0 1
502.012 0.182 0.006 0.004 1
502.014 0.008 0 0 1
502.062 0.048 0 0 1
502.114 0.052 0 0 1
502.17 0.054 0.002 0 1
502.218 0.05 0 0 1
502.27 0.05 0.002 0 1
502.31 0.04 0.002 0 1
502.358 0.05 0 0 1
502.404 0.046 0 0 1
502.456 0.05 0.002 0 1
502.504 0.05 0 0 1
502.622 0.118 0 0 1
502.672 0.048 0.002 0.002 1
502.718 0.048 0 0 1
502.764 0.046 0 0 1
502.822 0.056 0.002 0 1
502.872 0.048 0.004 0 1
502.922 0.054 0 0 1
502.966 0.042 0.002 0.002 1
503.02 0.054 0.002 0 1
503.072 0.054 0 0 1
503.122 0.048 0.002 0.002 1
503.174 0.052 0.002 0 1
503.218 0.046 0 0 1
503.27 0.052 0 0 1
503.322 0.05 0.002 0 1
503.406 0.082 0.004 0.004 1
503.452 0.05 0 0 1
503.502 0.048 0.002 0 1
503.552 0.05 0.002 0.002 1
503.606 0.056 0 0 1
503.656 0.05 0 0 1
503.706 0.048 0.002 0.002 1
503.758 0.052 0.002 0 1
503.81 0.052 0.002 0 1
503.846 0.038 0 0 1
503.896 0.05 0 0 1
503.95 0.052 0.002 0 1
504.002 0.054 0 0 1
504.05 0.048 0 0 1
504.198 0.148 0 0 1
504.2 0 0.002 0 1
504.24 0.04 0.002 0 1
504.294 0.054 0.002 0 1
504.342 0.05 0 0 1
504.394 0.052 0 0 1
504.446 0.052 0 0 1
504.5 0.052 0.002 0 1
504.552 0.052 0.002 0 1
504.602 0.052 0 0 1
504.648 0.044 0.002 0 1
504.696 0.05 0 0 1
504.748 0.052 0 0 1
504.798 0.05 0 0 1
504.848 0.05 0 0 1
504.9 0.052 0 0 1
505.028 0.126 0.002 0.002 1
505.038 0.01 0.002 0 1
505.088 0.05 0.002 0 1
505.14 0.052 0.002 0 1
505.19 0.05 0.002 0 1
505.238 0.05 0 0 1
505.288 0.05 0 0 1
505.336 0.048 0 0 1
505.386 0.05 0 0 1
505.426 0.04 0 0 1
505.478 0.05 0.002 0.002 1
505.528 0.052 0 0 1
505.58 0.05 0.002 0 1
505.63 0.052 0 0 1
505.682 0.05 0.002 0 1
505.732 0.052 0 0 1
505.782 0.05 0 0 1
505.832 0.05 0 0 1
505.882 0.05 0 0 1
505.932 0.05 0 0 1
505.982 0.05 0 0 1
506.032 0.05 0 0 1
506.084 0.052 0 0 1
506.134 0.05 0 0 1
506.184 0.05 0 0 1
506.234 0.05 0 0 1
506.276 0.04 0.002 0.002 1
506.328 0.054 0 0 1
506.38 0.05 0.002 0 1
506.428 0.05 0 0 1
506.566 0.138 0 0 1
506.598 0.032 0 0 1
506.64 0.042 0 0 1
506.694 0.052 0.002 0.002 1
506.746 0.054 0 0 1
506.798 0.052 0 0 1
506.85 0.052 0 0 1
506.902 0.052 0 0 1
506.954 0.052 0 0 1
507.006 0.05 0.002 0 1
507.054 0.05 0 0 1
507.106 0.05 0.002 0 1
507.154 0.05 0 0 1
507.202 0.048 0 0 1
507.252 0.05 0 0 1
507.3 0.046 0.002 0.002 1
507.35 0.052 0 0 1
507.4 0.05 0 0 1
507.452 0.05 0.002 0 1
507.502 0.05 0.002 0 1
507.55 0.05 0 0 1
507.6 0.05 0 0 1
507.644 0.044 0 0 1
507.692 0.048 0 0 1
507.744 0.052 0 0 1
507.796 0.05 0.002 0 1
507.844 0.05 0 0 1
507.896 0.052 0 0 1
507.94 0.042 0.002 0.002 1
508.086 0.146 0.002 0 1
508.134 0.05 0 0 1
508.184 0.05 0 0 1
508.238 0.052 0.002 0 1
508.286 0.05 0 0 1
508.338 0.052 0 0 1
508.386 0.048 0 0 1
508.438 0.052 0 0 1
508.48 0.04 0.002 0 1
508.524 0.046 0 0 1
508.566 0.04 0.002 0 1
508.614 0.05 0 0 1
508.658 0.044 0 0 1
508.706 0.048 0 0 1
508.756 0.05 0 0 1
508.808 0.05 0.002 0 1
508.866 0.056 0.004 0.002 1
508.912 0.05 0 0 1
508.966 0.052 0.002 0 1
509.01 0.046 0 0 1
509.062 0.052 0 0 1
509.112 0.05 0 0 1
509.158 0.046 0 0 1
509.208 0.05 0 0 1
509.256 0.048 0 0 1
509.308 0.052 0 0 1
509.358 0.05 0 0 1
509.408 0.05 0 0 1
509.46 0.05 0.002 0.002 1
509.51 0.052 0 0 1
509.65 0.14 0 0 1
509.674 0.02 0.004 0.002 1
509.714 0.042 0.002 0 1
509.768 0.054 0.002 0 1
509.82 0.052 0.002 0.002 1
509.872 0.054 0 0 1
509.924 0.052 0 0 1
509.976 0.052 0 0 1
510.028 0.05 0.002 0 1
510.082 0.054 0.002 0 1
510.126 0.044 0.002 0 1
510.176 0.05 0.002 0 1
510.216 0.042 0 0 1
510.274 0.058 0 0 1
510.324 0.05 0 0 1
510.374 0.05 0 0 1
510.424 0.05 0 0 1
510.47 0.046 0 0 1
510.52 0.048 0.002 0 1
510.57 0.05 0.002 0.002 1
510.616 0.048 0 0 1
510.668 0.052 0 0 1
510.72 0.05 0.002 0 1
510.77 0.05 0.002 0.002 1
510.82 0.052 0 0 1
510.872 0.052 0 0 1
510.924 0.05 0.002 0 1
510.972 0.05 0 0 1
511.024 0.052 0 0 1
511.074 0.05 0 0 1
511.196 0.12 0.002 0 1
511.204 0.004 0.006 0.006 1
511.252 0.054 0 0 1
511.308 0.054 0.002 0.002 1
511.362 0.054 0.002 0 1
511.414 0.052 0.002 0.002 1
511.466 0.054 0 0 1
511.518 0.052 0 0 1
511.568 0.048 0.002 0 1
511.614 0.048 0 0 1
511.662 0.048 0 0 1
511.714 0.052 0 0 1
511.898 0.182 0.002 0 1
511.904 0.006 0.002 0 1
511.956 0.052 0.002 0.002 1
512.002 0.046 0.002 0 1
512.052 0.052 0 0 1
512.098 0.046 0 0 1
512.148 0.048 0.002 0 1
512.2 0.052 0.002 0 1
512.25 0.05 0.002 0 1
512.3 0.052 0 0 1
512.348 0.048 0 0 1
512.504 0.154 0.002 0 1
512.524 0.02 0.002 0 1
512.57 0.046 0.002 0 1
512.62 0.05 0.002 0 1
512.67 0.05 0.002 0.002 1
512.72 0.052 0 0 1
512.77 0.05 0 0 1
512.822 0.05 0.002 0 1
512.872 0.05 0.002 0 1
512.922 0.05 0.002 0 1
512.968 0.048 0 0 1
513.014 0.046 0 0 1
513.146 0.13 0.002 0.002 1
513.156 0.012 0 0 1
513.208 0.05 0.002 0 1
513.26 0.052 0.002 0 1
513.314 0.056 0 0 1
513.362 0.048 0 0 1
513.414 0.05 0.002 0 1
513.464 0.052 0 0 1
513.514 0.05 0 0 1
513.564 0.05 0 0 1
513.614 0.05 0 0 1
513.664 0.048 0.002 0.002 1
513.712 0.05 0 0 1
513.818 0.104 0.002 0 1
513.854 0.038 0 0 1
513.898 0.044 0 0 1
513.952 0.052 0.002 0 1
514.004 0.052 0.002 0 1
514.054 0.05 0.002 0 1
514.106 0.052 0.002 0 1
514.156 0.052 0 0 1
514.206 0.05 0 0 1
514.252 0.046 0 0 1
514.3 0.048 0 0 1
514.348 0.048 0 0 1
514.4 0.052 0 0 1
514.5 0.098 0.002 0.002 1
514.536 0.034 0.004 0.002 1
514.586 0.052 0.002 0 1
514.68 0.094 0.002 0 1
514.688 0.01 0 0 1
514.74 0.05 0.002 0.002 1
514.792 0.052 0.002 0 1
514.84 0.05 0 0 1
514.892 0.05 0.002 0 1
514.934 0.042 0.002 0 1
514.984 0.05 0.002 0 1
515.034 0.05 0.002 0.002 1
515.084 0.05 0.002 0.002 1
515.134 0.05 0.002 0 1
515.182 0.05 0 0 1
515.304 0.12 0.002 0 1
515.312 0.01 0 0 1
515.366 0.052 0.002 0 1
515.414 0.05 0 0 1
515.464 0.05 0 0 1
515.514 0.05 0 0 1
515.566 0.05 0.002 0 1
515.616 0.05 0.002 0 1
515.664 0.048 0.002 0 1
515.714 0.052 0 0 1
515.766 0.05 0.002 0 1
515.816 0.05 0.002 0 1
515.864 0.05 0 0 1
515.97 0.104 0.002 0 1
515.994 0.026 0 0 1
516.046 0.052 0 0 1
516.098 0.052 0 0 1
516.148 0.05 0 0 1
516.2 0.052 0 0 1
516.252 0.05 0.002 0 1
516.3 0.05 0 0 1
516.352 0.052 0 0 1
516.402 0.05 0 0 1
516.45 0.048 0 0 1
516.5 0.048 0.002 0 1
516.55 0.05 0.002 0 1
516.596 0.046 0.002 0 1
516.768 0.172 0.002 0.002 1
516.794 0.028 0 0 1
516.844 0.05 0 0 1
516.896 0.05 0.002 0 1
516.938 0.044 0 0 1
516.988 0.05 0 0 1
517.038 0.05 0 0 1
517.09 0.052 0 0 1
517.144 0.052 0.002 0 1
517.194 0.052 0 0 1
517.24 0.046 0 0 1
517.29 0.05 0 0 1
517.342 0.05 0.002 0 1
517.394 0.052 0.002 0 1
517.442 0.05 0 0 1
517.584 0.14 0.002 0.002 1
517.634 0.052 0 0 1
517.684 0.05 0 0 1
517.736 0.05 0.002 0.002 1
517.786 0.052 0 0 1
517.838 0.05 0.002 0 1
517.888 0.05 0.002 0 1
517.936 0.05 0 0 1
517.986 0.05 0 0 1
518.038 0.05 0.002 0 1
518.086 0.05 0 0 1
518.138 0.05 0.002 0 1
518.188 0.05 0.002 0 1
518.358 0.17 0.002 0 1
518.368 0.012 0 0 1
518.422 0.054 0 0 1
518.476 0.052 0.002 0 1
518.528 0.05 0.004 0.002 1
518.572 0.046 0.002 0.002 1
518.622 0.052 0 0 1
518.674 0.052 0 0 1
518.728 0.052 0.002 0 1
518.776 0.05 0 0 1
518.828 0.052 0 0 1
518.874 0.046 0 0 1
518.924 0.05 0 0 1
519.054 0.128 0.002 0 1
519.102 0.05 0 0 1
519.154 0.052 0 0 1
519.208 0.052 0.002 0 1
519.258 0.052 0 0 1
519.31 0.052 0 0 1
519.362 0.052 0 0 1
519.414 0.05 0.002 0 1
519.462 0.05 0 0 1
519.508 0.046 0 0 1
519.558 0.048 0.002 0 1
519.606 0.05 0 0 1
519.79 0.182 0.002 0 1
519.79 0.002 0 0 1
519.842 0.05 0.002 0 1
519.888 0.048 0 0 1
519.942 0.054 0 0 1
519.996 0.052 0.002 0 1
520.046 0.05 0.002 0 1
520.092 0.048 0 0 1
520.144 0.052 0 0 1
520.194 0.05 0 0 1
520.246 0.052 0 0 1
520.298 0.05 0.002 0 1
520.346 0.05 0 0 1
520.396 0.048 0.002 0 1
520.496 0.102 0 0 1
520.53 0.034 0 0 1
520.58 0.05 0 0 1
520.63 0.05 0 0 1
520.684 0.052 0.002 0 1
520.734 0.052 0 0 1
520.786 0.05 0.002 0 1
520.836 0.05 0.002 0 1
520.884 0.048 0.002 0 1
520.934 0.05 0.002 0 1
520.978 0.046 0 0 1
521.03 0.052 0 0 1
521.08 0.048 0.002 0 1
521.124 0.046 0 0 1
521.166 0.04 0.002 0 1
521.206 0.042 0 0 1
521.254 0.048 0 0 1
521.308 0.052 0.002 0 1
521.358 0.05 0.002 0 1
521.406 0.05 0 0 1
521.452 0.046 0 0 1
521.502 0.05 0 0 1
521.552 0.05 0 0 1
521.6 0.048 0 0 1
521.644 0.044 0 0 1
521.704 0.058 0.002 0 1
521.754 0.052 0 0 1
521.804 0.05 0 0 1
521.854 0.05 0 0 1
521.904 0.05 0 0 1
522.026 0.12 0.002 0 1
522.04 0.016 0 0 1
522.088 0.048 0 0 1
522.14 0.052 0 0 1
522.192 0.052 0 0 1
522.238 0.046 0 0 1
522.294 0.054 0.002 0 1
522.344 0.05 0.002 0.002 1
522.394 0.052 0 0 1
522.446 0.05 0.002 0 1
522.494 0.05 0 0 1
522.546 0.05 0.002 0.002 1
522.67 0.124 0.002 0.002 1
522.68 0.01 0.002 0 1
522.734 0.054 0.002 0 1
522.784 0.052 0 0 1
522.836 0.05 0.002 0.002 1
522.888 0.052 0.002 0.002 1
522.94 0.052 0.002 0 1
522.99 0.052 0 0 1
523.04 0.05 0 0 1
523.09 0.05 0 0 1
523.14 0.05 0 0 1
523.192 0.05 0.002 0 1
523.242 0.05 0.002 0 1
523.29 0.05 0 0 1
523.34 0.05 0 0 1
523.39 0.05 0 0 1
523.442 0.05 0.002 0 1
523.486 0.046 0 0 1
523.536 0.05 0 0 1
523.586 0.05 0 0 1
523.636 0.05 0 0 1
523.686 0.05 0 0 1
523.736 0.05 0 0 1
523.786 0.05 0 0 1
523.838 0.05 0.002 0 1
523.886 0.048 0.002 0 1
523.934 0.05 0 0 1
523.976 0.042 0 0 1
524.028 0.052 0 0 1
524.078 0.05 0 0 1
524.396 0.318 0 0 1
524.42 0.024 0 0 1
524.466 0.046 0 0 1
524.518 0.05 0.002 0 1
524.566 0.05 0 0 1
524.618 0.05 0.002 0 1
524.668 0.052 0 0 1
524.72 0.05 0.002 0 1
524.772 0.052 0.002 0 1
524.82 0.05 0 0 1
524.868 0.048 0 0 1
524.92 0.052 0 0 1
525.026 0.106 0 0 1
525.044 0.018 0 0 1
525.088 0.044 0 0 1
525.14 0.05 0.002 0 1
525.192 0.054 0 0 1
525.244 0.052 0 0 1
525.296 0.052 0 0 1
525.348 0.05 0.002 0 1
525.396 0.05 0 0 1
525.448 0.052 0 0 1
525.496 0.048 0 0 1
525.544 0.048 0 0 1
525.596 0.05 0.002 0 1
525.636 0.042 0 0 1
525.686 0.048 0.002 0 1
525.792 0.108 0 0 1
525.826 0.032 0.002 0 1
525.878 0.052 0.002 0 1
525.93 0.052 0.002 0 1
525.98 0.05 0.002 0 1
526.03 0.052 0 0 1
526.08 0.05 0 0 1
526.132 0.05 0.002 0 1
526.182 0.05 0.002 0 1
526.232 0.05 0.002 0 1
526.28 0.05 0 0 1
526.33 0.05 0 0 1
526.382 0.052 0 0 1
526.432 0.05 0 0 1
526.768 0.336 0 0 1
526.778 0.008 0.002 0 1
526.826 0.05 0 0 1
526.878 0.05 0.002 0 1
526.928 0.05 0.002 0 1
526.978 0.05 0.002 0 1
527.026 0.05 0 0 1
527.074 0.048 0 0 1
527.124 0.05 0 0 1
527.174 0.048 0.002 0 1
527.224 0.05 0.002 0 1
527.268 0.046 0 0 1
527.406 0.136 0.002 0 1
527.44 0.036 0 0 1
527.492 0.052 0 0 1
527.542 0.048 0.002 0 1
527.592 0.05 0.002 0.002 1
527.636 0.046 0 0 1
527.684 0.046 0.002 0 1
527.734 0.05 0.002 0 1
527.782 0.05 0 0 1
527.83 0.048 0 0 1
527.88 0.05 0 0 1
527.932 0.052 0 0 1
528.02 0.086 0.002 0.002 1
528.118 0.1 0 0 1
528.12 0.002 0 0 1
528.162 0.042 0 0 1
528.214 0.052 0 0 1
528.266 0.05 0.002 0 1
528.316 0.052 0 0 1
528.366 0.05 0 0 1
528.416 0.05 0 0 1
528.466 0.05 0 0 1
528.516 0.05 0 0 1
528.566 0.05 0 0 1
528.612 0.046 0 0 1
528.66 0.048 0 0 1
528.71 0.05 0 0 1
528.76 0.05 0 0 1
528.812 0.05 0.002 0 1
528.982 0.158 0.014 0.012 1
529.008 0.038 0.002 0 1
529.056 0.05 0 0 1
529.11 0.052 0.002 0 1
529.16 0.05 0.002 0.002 1
529.21 0.052 0 0 1
529.258 0.046 0.002 0 1
529.308 0.052 0 0 1
529.358 0.05 0 0 1
529.408 0.05 0 0 1
529.46 0.05 0.002 0 1
529.51 0.05 0.002 0 1
529.554 0.046 0 0 1
529.604 0.05 0 0 1
529.65 0.046 0 0 1
529.794 0.14 0.004 0.002 1
529.828 0.036 0.002 0.002 1
529.882 0.054 0.002 0 1
529.934 0.054 0 0 1
529.984 0.048 0.002 0.002 1
530.036 0.054 0 0 1
530.088 0.05 0.002 0.002 1
530.14 0.052 0.002 0 1
530.19 0.05 0.002 0.002 1
530.24 0.052 0 0 1
530.286 0.046 0 0 1
530.334 0.046 0.002 0 1
530.384 0.052 0 0 1
530.43 0.046 0 0 1
530.548 0.116 0.002 0 1
530.574 0.028 0 0 1
530.614 0.04 0 0 1
530.668 0.052 0.002 0 1
530.718 0.052 0 0 1
530.768 0.05 0 0 1
530.82 0.052 0 0 1
530.868 0.048 0 0 1
530.916 0.048 0 0 1
530.968 0.052 0 0 1
531.014 0.046 0 0 1
531.064 0.048 0.002 0 1
531.114 0.05 0.002 0 1
531.162 0.05 0 0 1
531.418 0.254 0.002 0.002 1
531.448 0.032 0 0 1
531.49 0.042 0 0 1
531.54 0.05 0 0 1
531.592 0.052 0 0 1
531.642 0.048 0.002 0 1
531.692 0.052 0 0 1
531.742 0.05 0 0 1
531.792 0.05 0 0 1
531.842 0.05 0 0 1
531.894 0.05 0.002 0 1
531.934 0.04 0.002 0.002 1
531.984 0.052 0 0 1
532.09 0.106 0 0 1
532.11 0.02 0 0 1
532.16 0.05 0 0 1
532.208 0.048 0 0 1
532.26 0.05 0.002 0 1
532.312 0.052 0.002 0 1
532.364 0.052 0.002 0 1
532.414 0.052 0 0 1
532.466 0.05 0.002 0.002 1
532.516 0.052 0 0 1
532.566 0.05 0 0 1
532.618 0.05 0.002 0 1
532.706 0.09 0 0 1
532.742 0.034 0.002 0 1
532.794 0.054 0 0 1
532.848 0.052 0.002 0 1
532.898 0.052 0 0 1
532.948 0.048 0.002 0 1
533 0.052 0.002 0 1
533.05 0.05 0.002 0.002 1
533.102 0.054 0 0 1
533.152 0.05 0 0 1
533.204 0.05 0.002 0 1
533.254 0.05 0.002 0 1
533.398 0.144 0.002 0.002 1
533.438 0.042 0 0 1
533.492 0.052 0.002 0 1
533.534 0.044 0 0 1
533.588 0.052 0.002 0 1
533.636 0.048 0.002 0.002 1
533.686 0.052 0 0 1
533.74 0.052 0.002 0 1
533.79 0.05 0.002 0 1
533.84 0.05 0.002 0.002 1
533.89 0.052 0 0 1
533.94 0.05 0 0 1
533.99 0.05 0 0 1
534.04 0.05 0 0 1
534.178 0.136 0.002 0 1
534.212 0.036 0 0 1
534.266 0.052 0.002 0.002 1
534.32 0.054 0.002 0 1
534.366 0.048 0 0 1
534.416 0.048 0.002 0 1
534.466 0.052 0 0 1
534.518 0.05 0.002 0 1
534.568 0.052 0 0 1
534.618 0.05 0 0 1
534.658 0.038 0.002 0 1
534.708 0.05 0.002 0 1
534.85 0.136 0.008 0.006 1
534.876 0.034 0 0 1
534.926 0.048 0.002 0.002 1
534.974 0.05 0 0 1
535.022 0.046 0.002 0 1
535.072 0.052 0 0 1
535.124 0.052 0 0 1
535.176 0.052 0 0 1
535.228 0.05 0.002 0 1
535.276 0.05 0 0 1
535.322 0.046 0 0 1
535.37 0.048 0 0 1
535.478 0.108 0 0 1
535.516 0.038 0 0 1
535.588 0.05 0.022 0 1
535.616 0.048 0.002 0.002 1
535.666 0.052 0 0 1
535.714 0.048 0 0 1
535.756 0.042 0 0 1
535.8 0.044 0 0 1
535.85 0.05 0 0 1
535.904 0.052 0.002 0 1
535.956 0.052 0.002 0 1
536.072 0.118 0 0 1
536.114 0 0.042 0 1
536.13 0.056 0.002 0 1
536.186 0.056 0.002 0 1
536.24 0.054 0.002 0 1
536.292 0.052 0.002 0 1
536.34 0.05 0 0 1
536.392 0.05 0.002 0.002 1
536.444 0.052 0.002 0 1
536.492 0.05 0 0 1
536.54 0.048 0 0 1
536.592 0.052 0 0 1
536.64 0.046 0.002 0 1
536.688 0.05 0 0 1
536.74 0.05 0.002 0 1
536.788 0.05 0 0 1
536.84 0.05 0.002 0 1
536.89 0.052 0 0 1
536.932 0.042 0 0 1
536.984 0.05 0.002 0 1
537.03 0.048 0 0 1
537.08 0.05 0 0 1
537.126 0.046 0 0 1
537.176 0.048 0.002 0 1
537.226 0.05 0.002 0 1
537.276 0.05 0.002 0 1
537.326 0.05 0.002 0 1
537.376 0.05 0.002 0.002 1
537.426 0.05 0.002 0 1
537.47 0.046 0 0 1
537.526 0.054 0.002 0 1
537.572 0.046 0.002 0.002 1
537.692 0.122 0 0 1
537.706 0.014 0 0 1
537.748 0.042 0 0 1
537.802 0.054 0 0 1
537.856 0.054 0 0 1
537.91 0.052 0.002 0 1
537.962 0.052 0.002 0 1
538.014 0.052 0.002 0 1
538.062 0.05 0 0 1
538.114 0.052 0 0 1
538.168 0.054 0 0 1
538.218 0.048 0.002 0 1
538.266 0.05 0 0 1
538.376 0.108 0.002 0.002 1
538.378 0.002 0.002 0.002 1
538.41 0.034 0 0 1
538.468 0.058 0 0 1
538.52 0.05 0.002 0 1
538.572 0.054 0 0 1
538.626 0.052 0.002 0 1
538.676 0.05 0.002 0.002 1
538.728 0.052 0.002 0 1
538.778 0.05 0.002 0 1
538.828 0.05 0.002 0.002 1
538.876 0.048 0.002 0.002 1
538.916 0.042 0 0 1
538.966 0.048 0.002 0.002 1
539.064 0.1 0 0 1
539.09 0.026 0 0 1
539.136 0.046 0 0 1
539.188 0.05 0.002 0 1
539.24 0.052 0.002 0.002 1
539.284 0.044 0.002 0 1
539.334 0.048 0.004 0.004 1
539.386 0.054 0.002 0.002 1
539.434 0.05 0 0 1
539.482 0.048 0 0 1
539.528 0.046 0 0 1
539.578 0.048 0.002 0 1
539.628 0.052 0 0 1
539.68 0.052 0 0 1
539.734 0.052 0.002 0 1
539.85 0.118 0 0 1
539.962 0 0.112 0 1
539.962 0.112 0 0 1
539.962 0 0 0 1
539.962 0 0 0 1
540.006 0.042 0.002 0 1
540.056 0.05 0.002 0.002 1
540.108 0.054 0 0 1
540.16 0.05 0.002 0.002 1
540.21 0.052 0 0 1
540.26 0.048 0.002 0.002 1
540.312 0.052 0.002 0 1
540.362 0.05 0.002 0 1
540.412 0.05 0.002 0 1
540.546 0.136 0 0 1
540.58 0.032 0.002 0 1
540.626 0.048 0 0 1
540.674 0.046 0.002 0 1
540.724 0.052 0 0 1
540.776 0.052 0 0 1
540.826 0.05 0 0 1
540.874 0.048 0 0 1
540.922 0.048 0 0 1
540.97 0.046 0.002 0.002 1
541.014 0.044 0.002 0 1
541.066 0.052 0.002 0 1
541.116 0.052 0 0 1
541.248 0.132 0 0 1
541.248 0 0 0 1
541.348 0.1 0 0 1
541.398 0.05 0 0 1
541.452 0.054 0 0 1
541.504 0.05 0.002 0 1
541.556 0.052 0.002 0 1
541.604 0.048 0.002 0.002 1
541.656 0.052 0.002 0 1
541.706 0.05 0.002 0.002 1
541.756 0.052 0 0 1
541.806 0.05 0 0 1
541.858 0.05 0.002 0 1
541.906 0.05 0 0 1
541.954 0.048 0 0 1
542.004 0.048 0.002 0 1
542.11 0.108 0 0 1
542.13 0.02 0 0 1
542.174 0.044 0 0 1
542.232 0.058 0 0 1
542.282 0.05 0 0 1
542.334 0.05 0.002 0 1
542.388 0.054 0.002 0 1
542.44 0.052 0.002 0 1
542.49 0.052 0 0 1
542.542 0.052 0 0 1
542.594 0.05 0.002 0 1
542.644 0.052 0 0 1
542.694 0.05 0 0 1
542.742 0.048 0 0 1
542.892 0.15 0 0 1
542.908 0.016 0 0 1
542.962 0.052 0.002 0 1
543.01 0.05 0 0 1
543.06 0.048 0.002 0 1
543.112 0.054 0 0 1
543.166 0.052 0.002 0 1
543.218 0.052 0.002 0 1
543.268 0.05 0.002 0 1
543.318 0.052 0 0 1
543.364 0.046 0 0 1
543.416 0.052 0 0 1
543.466 0.05 0 0 1
543.518 0.052 0 0 1
543.672 0.152 0.002 0 1
543.7 0.03 0 0 1
543.754 0.054 0 0 1
543.806 0.052 0 0 1
543.86 0.052 0.002 0 1
543.91 0.052 0 0 1
543.962 0.05 0.002 0 1
544.012 0.052 0 0 1
544.062 0.05 0 0 1
544.112 0.05 0 0 1
544.164 0.05 0.002 0 1
544.212 0.05 0 0 1
544.256 0.044 0 0 1
544.306 0.048 0.002 0 1
544.422 0.116 0.002 0 1
544.434 0.014 0 0 1
544.482 0.048 0 0 1
544.538 0.054 0.002 0 1
544.59 0.052 0.002 0 1
544.63 0.04 0.002 0 1
544.68 0.052 0 0 1
544.73 0.05 0 0 1
544.784 0.052 0.002 0 1
544.834 0.052 0 0 1
544.884 0.05 0 0 1
544.934 0.05 0 0 1
544.982 0.048 0 0 1
545.022 0.04 0 0 1
545.064 0.042 0 0 1
545.182 0.118 0 0 1
545.182 0 0 0 1
545.236 0.052 0.002 0 1
545.292 0.056 0.002 0.002 1
545.346 0.056 0 0 1
545.402 0.054 0.002 0 1
545.454 0.054 0 0 1
545.508 0.052 0.002 0 1
545.56 0.052 0.002 0 1
545.61 0.05 0.002 0 1
545.66 0.05 0.002 0.002 1
545.712 0.052 0.002 0 1
545.762 0.05 0.002 0.002 1
545.812 0.05 0.002 0 1
545.946 0.134 0.002 0.002 1
545.992 0.046 0.002 0.002 1
546.042 0.052 0 0 1
546.096 0.054 0 0 1
546.144 0.048 0 0 1
546.196 0.052 0 0 1
546.248 0.052 0 0 1
546.3 0.052 0 0 1
546.354 0.052 0.002 0 1
546.404 0.05 0.002 0.002 1
546.454 0.052 0 0 1
546.504 0.05 0 0 1
546.554 0.05 0 0 1
546.604 0.05 0 0 1
546.652 0.048 0 0 1
546.702 0.05 0 0 1
546.752 0.05 0 0 1
546.802 0.05 0 0 1
546.854 0.05 0.002 0 1
546.904 0.05 0.002 0 1
546.952 0.05 0 0 1
547.002 0.05 0 0 1
547.046 0.044 0 0 1
547.09 0.044 0 0 1
547.14 0.05 0 0 1
547.188 0.048 0 0 1
547.242 0.054 0 0 1
547.292 0.05 0 0 1
547.344 0.052 0 0 1
547.508 0.164 0 0 1
547.522 0.014 0 0 1
547.56 0.038 0 0 1
547.608 0.048 0 0 1
547.664 0.056 0 0 1
547.716 0.052 0 0 1
547.766 0.05 0 0 1
547.818 0.052 0 0 1
547.868 0.05 0 0 1
547.916 0.048 0 0 1
547.97 0.052 0.002 0 1
548.02 0.05 0.002 0 1
548.07 0.05 0.002 0 1
548.12 0.052 0 0 1
548.272 0.148 0.004 0.002 1
548.31 0.042 0 0 1
548.362 0.05 0.002 0 1
548.412 0.052 0 0 1
548.46 0.046 0.002 0 1
548.51 0.052 0 0 1
548.562 0.05 0.002 0 1
548.612 0.05 0.002 0 1
548.658 0.046 0.002 0.002 1
548.702 0.046 0 0 1
548.748 0.044 0.002 0 1
548.796 0.05 0 0 1
548.902 0.106 0 0 1
548.928 0.024 0.002 0 1
548.97 0.044 0 0 1
549.018 0.048 0 0 1
549.072 0.054 0 0 1
549.126 0.052 0.002 0.002 1
549.172 0.048 0 0 1
549.222 0.05 0 0 1
549.274 0.05 0.002 0 1
549.318 0.046 0 0 1
549.372 0.05 0.004 0 1
549.424 0.054 0.002 0 1
549.474 0.05 0.002 0.002 1
549.526 0.052 0.002 0 1
549.574 0.048 0.002 0 1
549.624 0.05 0.002 0 1
549.732 0.108 0.002 0.002 1
549.748 0.018 0 0 1
549.794 0.046 0 0 1
549.846 0.05 0.002 0 1
549.896 0.052 0 0 1
549.938 0.04 0.002 0 1
549.994 0.056 0.002 0 1
550.046 0.054 0 0 1
550.098 0.05 0.002 0 1
550.134 0.038 0 0 1
550.19 0.054 0.002 0 1
550.244 0.054 0.002 0 1
550.296 0.054 0 0 1
550.35 0.052 0.002 0 1
550.4 0.052 0 0 1
550.45 0.05 0 0 1
550.622 0.172 0 0 1
550.64 0.016 0.002 0 1
550.692 0.052 0.002 0.002 1
550.738 0.046 0.002 0 1
550.79 0.052 0.002 0 1
550.842 0.054 0 0 1
550.894 0.05 0.002 0 1
550.944 0.052 0 0 1
550.996 0.05 0.002 0 1
551.038 0.044 0 0 1
551.09 0.05 0.002 0.002 1
551.142 0.052 0.002 0 1
551.194 0.052 0.002 0 1
551.242 0.05 0 0 1
551.29 0.048 0 0 1
551.382 0.092 0 0 1
551.41 0.026 0.002 0 1
551.458 0.048 0.002 0 1
551.506 0.048 0.002 0 1
551.55 0.046 0 0 1
551.604 0.054 0 0 1
551.656 0.05 0.002 0 1
551.704 0.05 0 0 1
551.756 0.05 0.002 0 1
551.804 0.05 0 0 1
551.836 0.03 0.002 0 1
551.884 0.05 0 0 1
551.94 0.054 0.002 0 1
552.07 0.13 0.002 0 1
552.078 0.008 0.002 0.002 1
552.132 0.056 0 0 1
552.186 0.052 0.002 0 1
552.236 0.052 0 0 1
552.29 0.052 0.002 0 1
552.34 0.052 0 0 1
552.388 0.046 0.002 0 1
552.44 0.052 0.002 0 1
552.49 0.05 0.002 0.002 1
552.54 0.052 0 0 1
552.584 0.044 0 0 1
552.634 0.05 0 0 1
552.792 0.156 0.002 0 1
552.82 0.03 0 0 1
552.874 0.052 0.002 0 1
552.922 0.048 0.002 0 1
552.972 0.052 0 0 1
553.024 0.052 0 0 1
553.07 0.046 0 0 1
553.12 0.05 0 0 1
553.162 0.042 0 0 1
553.212 0.05 0 0 1
553.264 0.05 0.002 0 1
553.312 0.05 0 0 1
553.362 0.05 0 0 1
553.414 0.05 0.002 0.002 1
553.464 0.052 0 0 1
553.51 0.046 0 0 1
553.558 0.048 0 0 1
553.602 0.042 0.002 0 1
553.644 0.044 0 0 1
553.694 0.05 0 0 1
553.744 0.05 0 0 1
553.786 0.042 0 0 1
553.84 0.052 0.002 0 1
553.882 0.044 0 0 1
553.928 0.046 0 0 1
553.982 0.054 0 0 1
554.034 0.052 0 0 1
554.082 0.048 0 0 1
554.132 0.048 0.002 0 1
554.182 0.052 0 0 1
554.316 0.134 0 0 1
554.338 0.022 0 0 1
554.392 0.052 0.002 0 1
554.446 0.056 0 0 1
554.5 0.052 0.002 0 1
554.548 0.048 0.002 0 1
554.598 0.052 0 0 1
554.648 0.048 0.002 0 1
554.688 0.042 0 0 1
554.742 0.054 0 0 1
554.794 0.052 0 0 1
554.846 0.052 0 0 1
554.896 0.05 0 0 1
554.944 0.048 0 0 1
555.106 0.16 0.002 0.002 1
555.146 0.042 0 0 1
555.196 0.05 0 0 1
555.244 0.048 0 0 1
555.296 0.052 0 0 1
555.342 0.046 0 0 1
555.39 0.048 0 0 1
555.442 0.05 0.002 0 1
555.492 0.052 0 0 1
555.542 0.05 0 0 1
555.594 0.052 0 0 1
555.642 0.048 0 0 1
555.762 0.12 0 0 1
555.816 0.052 0.002 0 1
555.87 0.056 0 0 1
555.926 0.054 0.002 0 1
555.98 0.054 0.002 0.002 1
556.03 0.052 0 0 1
556.078 0.048 0 0 1
556.13 0.05 0.002 0 1
556.18 0.05 0.002 0 1
556.23 0.05 0.002 0 1
556.276 0.048 0 0 1
556.326 0.05 0 0 1
556.378 0.05 0.002 0 1
556.422 0.046 0 0 1
556.472 0.05 0 0 1
556.522 0.05 0 0 1
556.574 0.05 0.002 0 1
556.624 0.05 0.002 0 1
556.672 0.05 0 0 1
556.778 0.106 0 0 1
556.814 0.036 0 0 1
556.866 0.05 0.002 0 1
556.918 0.052 0.002 0 1
556.968 0.052 0 0 1
557.02 0.05 0.002 0 1
557.07 0.05 0.002 0 1
557.12 0.052 0 0 1
557.17 0.05 0 0 1
557.222 0.05 0.002 0 1
557.268 0.048 0 0 1
557.32 0.05 0.002 0 1
557.428 0.104 0.006 0.004 1
557.466 0.044 0 0 1
557.514 0.048 0 0 1
557.568 0.054 0 0 1
557.62 0.052 0 0 1
557.672 0.052 0 0 1
557.724 0.05 0.002 0 1
557.774 0.052 0 0 1
557.824 0.05 0 0 1
557.874 0.05 0 0 1
557.922 0.048 0 0 1
557.974 0.05 0.002 0 1
558.1 0.128 0 0 1
558.104 0.002 0.002 0 1
558.15 0.048 0 0 1
558.204 0.052 0.002 0.002 1
558.256 0.054 0 0 1
558.308 0.052 0 0 1
558.358 0.05 0 0 1
