59.122 59.058 0.064 0.064 1
59.178 0.064 0.056 0.056 1
59.266 0.084 0.06 0.06 1
60.32 0.06 1.054 0.034 5
61.316 1.054 0.996 0.018 5
62.264 1.024 0.92 0.014 2
63.112 0.92 0.848 0.01 2
63.86 0.876 0.72 0.004 1
64.44 0.742 0.558 0.01 2
65.082 0.558 0.642 0.006 1
65.74 0.668 0.632 0.002 1
66.28 0.632 0.54 0.01 2
66.822 0.558 0.524 0.01 2
67.438 0.566 0.574 0.01 2
67.98 0.574 0.542 0.002 2
68.534 0.578 0.518 0.008 2
69.05 0.518 0.516 0.008 2
69.722 0.554 0.634 0.006 2
70.36 0.634 0.638 0.008 2
70.892 0.666 0.504 0.008 2
71.466 0.536 0.542 0.008 2
72 0.542 0.534 0.008 2
72.538 0.578 0.494 0.01 2
73.062 0.494 0.524 0.012 2
73.606 0.57 0.498 0.008 2
74.132 0.498 0.526 0.004 2
74.682 0.574 0.502 0.008 2
75.156 0.502 0.474 0.006 2
75.704 0.518 0.504 0.008 2
76.216 0.504 0.512 0.008 2
76.762 0.552 0.506 0.008 2
77.282 0.506 0.52 0.014 3
77.812 0.558 0.492 0.008 3
78.44 0.492 0.628 0.004 1
79.108 0.672 0.624 0.004 1
79.768 0.626 0.658 0.002 1
80.452 0.712 0.63 0.002 1
81.11 0.63 0.658 0.002 1
81.796 0.696 0.648 0.002 1
82.358 0.648 0.562 0.002 2
82.984 0.602 0.586 0.008 2
83.608 0.586 0.624 0.006 2
84.23 0.664 0.582 0.006 2
84.868 0.582 0.638 0.004 2
85.818 0.69 0.898 0.008 2
86.702 0.898 0.884 0.008 2
87.684 0.928 0.938 0.006 2
88.6 0.938 0.916 0.008 2
89.462 0.954 0.824 0.008 2
90.284 0.824 0.822 0.006 2
91.176 0.86 0.854 0.004 2
92.05 0.854 0.874 0.008 2
92.994 0.916 0.902 0.002 2
93.912 0.942 0.878 0.006 2
94.858 0.88 0.944 0.006 2
95.856 0.984 0.958 0.004 2
96.834 0.958 0.978 0.008 2
97.83 1.028 0.946 0.006 2
98.79 0.946 0.96 0.008 2
99.794 1.012 0.952 0.008 2
100.724 0.952 0.93 0.006 2
101.65 0.968 0.888 0.008 2
102.57 0.89 0.918 0.006 2
103.534 0.966 0.916 0.008 2
104.468 0.916 0.934 0 2
105.438 0.982 0.922 0.008 2
106.168 0.922 0.73 0.008 2
107 0.784 0.778 0.006 2
107.728 0.778 0.728 0.004 2
108.518 0.774 0.744 0.01 2
109.254 0.744 0.736 0.006 2
110.064 0.788 0.758 0.008 2
110.8 0.758 0.736 0.006 2
111.554 0.776 0.714 0.002 2
112.464 0.714 0.91 0.006 2
113.372 0.962 0.856 0.004 2
114.248 0.856 0.876 0.006 2
115.14 0.918 0.85 0.002 2
115.984 0.85 0.844 0.006 2
116.852 0.884 0.828 0.012 4
117.658 0.828 0.806 0.012 4
118.334 0.86 0.622 0.004 2
118.918 0.622 0.584 0.002 2
119.558 0.638 0.586 0.01 3
120.152 0.586 0.594 0.004 3
120.76 0.646 0.556 0.004 2
121.35 0.556 0.59 0.008 3
121.968 0.636 0.572 0.008 3
122.548 0.572 0.58 0.006 2
123.18 0.634 0.578 0.012 5
123.776 0.578 0.596 0.006 2
124.386 0.644 0.562 0.004 2
124.986 0.562 0.6 0.004 2
125.576 0.6 0.59 0.004 2
126.18 0.632 0.562 0.006 2
126.718 0.562 0.538 0.006 2
127.3 0.584 0.536 0.006 2
127.856 0.536 0.556 0.004 2
128.414 0.61 0.504 0.006 2
128.936 0.504 0.522 0.006 2
129.476 0.564 0.498 0.006 2
130.008 0.54 0.49 0.008 2
130.474 0.49 0.466 0.01 2
130.988 0.52 0.46 0.01 2
131.406 0.46 0.418 0.008 2
131.838 0.418 0.432 0.01 2
132.3 0.488 0.406 0.01 2
132.694 0.406 0.394 0.008 2
133.142 0.442 0.4 0.006 2
133.526 0.4 0.384 0.008 2
133.92 0.384 0.394 0.006 2
134.45 0.44 0.484 0.01 2
134.94 0.484 0.49 0.01 2
135.484 0.542 0.492 0.008 2
136.012 0.54 0.48 0.012 2
136.51 0.48 0.498 0.008 2
137.044 0.542 0.49 0.01 2
137.542 0.49 0.498 0.006 2
138.09 0.554 0.492 0.006 2
138.448 0.492 0.358 0.008 2
138.846 0.398 0.358 0.008 2
139.192 0.358 0.346 0.01 2
139.59 0.402 0.342 0.008 2
139.902 0.342 0.312 0.006 2
140.232 0.312 0.33 0.01 2
140.598 0.368 0.328 0.012 2
140.958 0.37 0.318 0.006 2
141.302 0.318 0.344 0.012 2
141.64 0.344 0.338 0.008 2
141.998 0.392 0.304 0.004 2
142.312 0.304 0.314 0.008 2
142.618 0.314 0.306 0.01 2
142.972 0.358 0.302 0.004 2
143.276 0.302 0.304 0.008 2
143.624 0.36 0.292 0.006 2
143.936 0.292 0.312 0.008 2
144.23 0.312 0.294 0.01 2
144.622 0.35 0.336 0.008 2
144.944 0.336 0.322 0.008 2
145.25 0.322 0.306 0.01 2
145.56 0.306 0.31 0.008 2
146.102 0.352 0.5 0.006 2
146.628 0.5 0.526 0.006 2
147.066 0.576 0.388 0.01 2
147.448 0.388 0.382 0.006 2
147.914 0.442 0.406 0.01 2
148.318 0.406 0.404 0.008 2
148.758 0.444 0.4 0.008 2
149.158 0.4 0.4 0.008 2
149.618 0.446 0.414 0.01 2
150.048 0.414 0.43 0.008 2
150.534 0.476 0.44 0.008 2
150.984 0.44 0.45 0.006 2
151.48 0.508 0.438 0.01 2
151.94 0.438 0.46 0.008 2
152.434 0.512 0.442 0.008 2
152.874 0.442 0.44 0.008 2
153.278 0.44 0.404 0.008 2
153.778 0.456 0.448 0.01 2
154.214 0.448 0.436 0.01 2
154.682 0.484 0.42 0.01 2
155.09 0.42 0.408 0.012 2
155.532 0.454 0.396 0.01 2
155.936 0.396 0.404 0 2
156.424 0.45 0.442 0.01 2
157.01 0.442 0.586 0.014 2
157.672 0.646 0.602 0.012 2
158.21 0.602 0.538 0.01 2
158.822 0.596 0.554 0.006 2
159.396 0.556 0.572 0.01 2
159.966 0.572 0.57 0.012 2
160.436 0.628 0.412 0.01 2
160.858 0.412 0.422 0.012 2
161.336 0.488 0.412 0.012 3
161.754 0.412 0.418 0.014 3
162.22 0.418 0.466 0.012 3
162.662 0.466 0.442 0.014 3
163.148 0.486 0.442 0.018 4
163.602 0.442 0.454 0.02 4
164.324 0.512 0.664 0.018 2
164.94 0.664 0.616 0.008 2
165.412 0.662 0.426 0.01 2
165.892 0.486 0.42 0.014 3
166.658 0.42 0.766 0.004 2
167.486 0.822 0.772 0.004 2
168.296 0.772 0.81 0.008 2
169.19 0.86 0.844 0.008 2
169.706 0.844 0.516 0 2
170.29 0.576 0.524 0.008 2
170.928 0.524 0.638 0.008 2
171.612 0.688 0.634 0.008 2
172.438 0.634 0.826 0.008 2
173.352 0.886 0.854 0.008 2
174.242 0.854 0.89 0.008 2
175.168 0.948 0.868 0.004 2
175.926 0.87 0.756 0.008 2
176.706 0.794 0.742 0.006 2
177.462 0.742 0.756 0.006 2
178.264 0.804 0.754 0.01 2
179.038 0.754 0.774 0.008 2
179.868 0.81 0.794 0.008 2
180.686 0.794 0.818 0.012 2
181.524 0.878 0.778 0.012 2
182.3 0.778 0.776 0.008 2
183.196 0.832 0.84 0.01 2
184.082 0.89 0.836 0.01 2
184.864 0.886 0.732 0.008 2
185.658 0.732 0.794 0.006 2
186.49 0.834 0.792 0.01 2
187.292 0.792 0.802 0.008 2
188.124 0.856 0.778 0.012 3
188.9 0.778 0.776 0.008 3
189.742 0.822 0.796 0.01 3
190.542 0.796 0.8 0.01 3
191.376 0.852 0.782 0.008 2
192.244 0.83 0.82 0.006 2
193.052 0.822 0.806 0.006 2
193.896 0.85 0.8 0.006 2
194.696 0.8 0.8 0.008 2
195.538 0.846 0.796 0.006 2
196.358 0.796 0.82 0.006 2
197.216 0.868 0.81 0.004 2
198.036 0.81 0.82 0.006 2
198.864 0.864 0.784 0.006 2
199.706 0.784 0.842 0.008 2
200.588 0.892 0.832 0.004 2
201.412 0.832 0.824 0.012 3
202.264 0.87 0.806 0.01 3
203.04 0.806 0.776 0.004 2
203.882 0.828 0.79 0.01 2
204.706 0.792 0.822 0.008 3
205.586 0.882 0.82 0.01 3
206.35 0.82 0.764 0.006 3
207.204 0.824 0.794 0.01 3
208.196 0.852 0.934 0.01 3
209.138 0.934 0.942 0.004 3
210.162 1.002 0.964 0.01 3
211.074 0.964 0.912 0.01 3
211.922 0.97 0.79 0.008 3
212.704 0.79 0.782 0.008 3
213.544 0.818 0.804 0 3
214.326 0.804 0.782 0.012 3
215.216 0.82 0.852 0.014 3
216.036 0.852 0.82 0.01 3
216.878 0.868 0.794 0.01 3
217.682 0.794 0.804 0.014 3
218.502 0.856 0.768 0.012 3
219.364 0.816 0.814 0.012 3
220.156 0.814 0.792 0.008 2
220.968 0.84 0.764 0.008 2
221.792 0.764 0.824 0.004 4
222.652 0.884 0.8 0.016 4
223.438 0.8 0.786 0.01 3
224.27 0.846 0.772 0.01 3
225.068 0.772 0.798 0.008 3
225.942 0.852 0.82 0.012 3
226.726 0.82 0.784 0.01 3
227.58 0.846 0.792 0.014 4
228.334 0.792 0.754 0.012 4
229.19 0.808 0.802 0.006 2
229.958 0.802 0.768 0.004 2
230.794 0.814 0.79 0.008 2
231.58 0.79 0.786 0.01 3
232.4 0.832 0.774 0.012 3
233.188 0.774 0.788 0.01 3
234.008 0.838 0.77 0.008 3
234.816 0.77 0.808 0.01 3
235.622 0.858 0.756 0.008 3
236.396 0.756 0.774 0.01 3
237.234 0.824 0.788 0.008 3
238.036 0.824 0.766 0.01 3
238.842 0.766 0.806 0.006 3
239.692 0.86 0.796 0.01 3
240.536 0.848 0.792 0.008 3
241.332 0.792 0.796 0.012 3
242.202 0.848 0.818 0.008 3
243.032 0.86 0.788 0.012 3
243.892 0.84 0.808 0.01 3
244.662 0.808 0.77 0 3
245.476 0.812 0.772 0.004 3
246.29 0.818 0.768 0.008 3
247.078 0.768 0.788 0.01 3
247.926 0.844 0.792 0.01 3
248.79 0.848 0.808 0.01 3
249.592 0.808 0.802 0.008 3
250.446 0.852 0.804 0.006 3
251.26 0.804 0.814 0.01 3
252.118 0.86 0.812 0.002 3
252.928 0.812 0.81 0.008 3
253.812 0.86 0.834 0.01 3
254.61 0.834 0.798 0.01 3
255.482 0.862 0.808 0.01 3
256.276 0.808 0.794 0.008 3
257.112 0.842 0.788 0.008 3
257.88 0.788 0.768 0.008 3
258.696 0.814 0.77 0.008 3
259.488 0.77 0.792 0.006 3
260.302 0.84 0.766 0.01 3
261.088 0.766 0.786 0.012 3
261.916 0.844 0.77 0.012 3
262.69 0.77 0.774 0.012 3
263.534 0.828 0.79 0.01 3
264.35 0.79 0.816 0.01 3
265.184 0.856 0.794 0.01 3
265.992 0.794 0.808 0.008 3
266.828 0.86 0.784 0.012 3
267.614 0.784 0.786 0.01 3
268.448 0.838 0.782 0.012 3
269.228 0.782 0.78 0.012 3
270.054 0.83 0.776 0.008 3
270.858 0.776 0.804 0.01 3
271.664 0.86 0.75 0.01 3
272.48 0.75 0.816 0.012 3
273.298 0.868 0.766 0.002 2
274.06 0.766 0.762 0.004 2
274.876 0.81 0.768 0.006 2
275.636 0.768 0.76 0.008 2
276.436 0.808 0.752 0.002 2
277.2 0.752 0.764 0.008 2
278.028 0.822 0.77 0.014 4
278.802 0.77 0.774 0.012 4
279.618 0.832 0.758 0.006 2
280.4 0.758 0.782 0.008 2
281.214 0.828 0.768 0.006 2
281.98 0.768 0.766 0.002 2
282.776 0.808 0.754 0.002 2
283.528 0.754 0.752 0.008 2
284.37 0.808 0.786 0.004 2
285.134 0.786 0.764 0.008 2
285.96 0.814 0.776 0.01 2
286.718 0.778 0.756 0.008 2
287.51 0.802 0.746 0.004 2
288.266 0.746 0.756 0.008 2
289.044 0.8 0.734 0.008 2
289.828 0.734 0.784 0.008 2
290.642 0.838 0.76 0.004 2
291.368 0.76 0.726 0.006 2
292.126 0.766 0.718 0.002 2
292.862 0.718 0.736 0.006 2
293.84 0.776 0.938 0.006 2
294.852 0.99 0.96 0.008 2
295.65 1.016 0.742 0.002 2
296.554 0.742 0.904 0.004 2
297.488 0.962 0.876 0.008 2
298.358 0.876 0.87 0.008 2
299.288 0.912 0.888 0.006 2
300.13 0.888 0.842 0.006 2
301.046 0.884 0.874 0.002 2
301.908 0.874 0.862 0.006 2
302.78 0.922 0.812 0 2
303.59 0.812 0.81 0.002 2
304.42 0.846 0.794 0.004 2
305.252 0.794 0.832 0.008 2
306.12 0.882 0.818 0.006 2
306.718 0.818 0.598 0 2
307.356 0.65 0.586 0.004 2
307.93 0.586 0.574 0.002 2
308.554 0.62 0.578 0.004 2
309.136 0.578 0.582 0.006 2
309.762 0.632 0.576 0.006 2
310.368 0.576 0.606 0.004 2
311.04 0.658 0.62 0.004 2
311.634 0.62 0.594 0.008 2
312.268 0.64 0.588 0.006 2
312.912 0.588 0.644 0.006 2
313.61 0.704 0.638 0.006 2
314.244 0.638 0.634 0.006 2
314.938 0.692 0.636 0.008 2
315.568 0.636 0.63 0.004 2
316.276 0.674 0.664 0.006 2
316.936 0.664 0.66 0.006 2
317.664 0.724 0.664 0.006 2
318.366 0.664 0.702 0.01 2
319.076 0.758 0.654 0.006 2
319.856 0.714 0.72 0.008 2
320.562 0.72 0.706 0.004 2
321.344 0.774 0.714 0.008 2
322.07 0.714 0.726 0.008 2
322.864 0.788 0.732 0.008 2
323.566 0.732 0.702 0.008 2
324.298 0.75 0.684 0.008 2
325.006 0.684 0.708 0.008 2
325.778 0.76 0.72 0.004 2
326.556 0.77 0.728 0.008 2
327.254 0.728 0.698 0.01 2
328.042 0.758 0.728 0.006 2
328.74 0.728 0.698 0.006 2
329.536 0.756 0.738 0.01 2
330.284 0.738 0.748 0.01 2
331.064 0.802 0.726 0.008 2
331.79 0.726 0.726 0.008 2
332.556 0.778 0.714 0.006 2
333.304 0.714 0.748 0.008 2
334.1 0.798 0.746 0.006 2
334.83 0.746 0.73 0.012 3
335.616 0.79 0.726 0.008 2
336.434 0.79 0.754 0.006 2
337.188 0.754 0.754 0.008 2
338 0.816 0.75 0.014 4
338.772 0.75 0.772 0.014 4
339.57 0.824 0.746 0 2
340.29 0.746 0.72 0.008 2
341.064 0.79 0.704 0.01 5
341.814 0.704 0.75 0.008 2
342.608 0.816 0.728 0.006 2
343.338 0.728 0.73 0.006 2
344.152 0.788 0.756 0.008 2
344.86 0.758 0.706 0.006 2
345.66 0.752 0.754 0.004 2
346.432 0.754 0.772 0.006 2
347.22 0.826 0.734 0.008 2
347.964 0.734 0.744 0.006 2
348.81 0.812 0.778 0.008 2
349.53 0.778 0.72 0.006 2
350.34 0.792 0.738 0.006 2
351.078 0.738 0.738 0.006 2
351.882 0.794 0.748 0.004 2
352.618 0.75 0.734 0.006 2
353.412 0.8 0.728 0.008 2
354.158 0.728 0.746 0.006 2
355.008 0.794 0.802 0.02 10
355.872 0.866 0.8 0.026 10
356.596 0.8 0.724 0.002 2
357.38 0.776 0.732 0.004 2
358.136 0.734 0.754 0.026 10
358.96 0.806 0.772 0.03 10
359.866 0.772 0.906 0.008 2
360.802 0.94 0.902 0.004 2
361.518 0.902 0.716 0.006 2
362.286 0.776 0.708 0.006 2
363.196 0.708 0.91 0.006 2
364.132 0.96 0.886 0.004 2
364.918 0.97 0.702 0.004 2
365.646 0.702 0.728 0.006 2
366.418 0.796 0.704 0.014 6
367.158 0.704 0.74 0.012 6
367.898 0.806 0.674 0.002 2
368.566 0.674 0.668 0.006 2
369.29 0.724 0.668 0.004 2
369.938 0.668 0.648 0.004 2
370.62 0.704 0.626 0.006 2
371.234 0.626 0.614 0.006 2
371.918 0.672 0.626 0.006 2
372.532 0.626 0.614 0.004 2
373.15 0.66 0.572 0.006 2
373.752 0.632 0.542 0.006 2
374.31 0.542 0.558 0.006 2
374.924 0.634 0.538 0.004 2
375.454 0.538 0.53 0.004 2
376.052 0.596 0.532 0.002 1
376.542 0.534 0.488 0.002 1
377.13 0.546 0.53 0.002 1
377.66 0.53 0.53 0.002 1
378.238 0.588 0.52 0.002 1
378.778 0.52 0.54 0.004 1
379.346 0.598 0.51 0 1
379.872 0.51 0.526 0.002 1
380.488 0.592 0.55 0.004 1
381.054 0.55 0.566 0 1
381.644 0.606 0.55 0.002 1
382.19 0.55 0.546 0.002 1
382.77 0.61 0.516 0.002 1
383.446 0.516 0.676 0 1
384.21 0.734 0.706 0.002 1
384.824 0.706 0.614 0.002 1
385.512 0.69 0.612 0.002 1
386.142 0.704 0.538 0.004 1
386.664 0.54 0.52 0 1
387.208 0.52 0.544 0.002 1
387.79 0.628 0.498 0.004 1
388.31 0.498 0.52 0.002 1
388.91 0.584 0.536 0 1
389.458 0.536 0.548 0.002 1
390.226 0.614 0.702 0.006 1
390.916 0.702 0.69 0.002 1
391.53 0.77 0.534 0.002 1
392.044 0.534 0.514 0.004 1
392.62 0.574 0.516 0.002 1
393.15 0.516 0.53 0.002 1
393.728 0.592 0.516 0.002 1
394.56 0.602 0.746 0 1
395.376 0.794 0.768 0.002 1
396.076 0.768 0.7 0 1
396.91 0.778 0.756 0.002 1
397.612 0.758 0.7 0.002 1
398.44 0.774 0.754 0.004 1
399.184 0.754 0.744 0.002 1
399.994 0.794 0.76 0 1
400.812 0.84 0.738 0.002 1
401.548 0.738 0.736 0.002 1
402.182 0.81 0.56 0.002 1
402.74 0.56 0.558 0.002 1
403.294 0.558 0.554 0 1
403.916 0.63 0.546 0.004 1
404.458 0.546 0.542 0.002 1
405.126 0.624 0.586 0.004 1
405.678 0.586 0.552 0.002 1
406.298 0.616 0.556 0.002 1
407.058 0.556 0.76 0 1
407.914 0.844 0.772 0.002 1
408.654 0.772 0.74 0.004 1
409.504 0.812 0.778 0.004 1
409.972 0.778 0.468 0.004 1
410.552 0.534 0.514 0.002 1
411.25 0.514 0.698 0.004 1
411.966 0.748 0.666 0.004 1
412.436 0.666 0.47 0.002 1
413.008 0.538 0.504 0 1
413.528 0.504 0.52 0 1
414.098 0.584 0.506 0.004 1
414.646 0.506 0.548 0 1
415.236 0.606 0.532 0.002 1
415.778 0.532 0.542 0.004 1
416.32 0.542 0.542 0.002 1
416.858 0.542 0.538 0.004 1
417.438 0.636 0.482 0.002 1
417.928 0.482 0.49 0.004 1
418.502 0.558 0.506 0.002 1
419.002 0.506 0.5 0 1
419.5 0.5 0.498 0 1
420.07 0.574 0.494 0.002 1
420.552 0.494 0.482 0.002 1
421.108 0.56 0.478 0.002 1
421.556 0.478 0.448 0.002 1
422.078 0.516 0.454 0.004 1
422.542 0.454 0.464 0 1
423.052 0.534 0.44 0.002 1
423.49 0.44 0.438 0.002 1
424.002 0.518 0.432 0.002 1
424.438 0.432 0.436 0 1
424.864 0.436 0.426 0 1
425.328 0.484 0.406 0.004 1
425.73 0.408 0.4 0 1
426.12 0.4 0.39 0 1
426.552 0.448 0.374 0.006 1
426.934 0.374 0.382 0.004 1
427.4 0.468 0.38 0.004 1
427.75 0.382 0.348 0.002 1
428.126 0.348 0.376 0.002 1
428.52 0.452 0.318 0.002 1
428.85 0.318 0.33 0 1
429.246 0.402 0.324 0.002 1
429.556 0.324 0.31 0.002 1
429.976 0.4 0.33 0.004 1
430.26 0.33 0.284 0.002 1
430.656 0.366 0.314 0.002 1
430.938 0.314 0.282 0.002 1
431.21 0.282 0.272 0 1
431.518 0.336 0.244 0.002 1
431.774 0.244 0.256 0.002 1
432.076 0.33 0.228 0 1
432.344 0.228 0.268 0.002 1
432.6 0.268 0.256 0.002 1
432.856 0.256 0.256 0.002 1
433.094 0.256 0.238 0.002 1
433.336 0.238 0.242 0.002 1
433.664 0.314 0.256 0.002 1
434.068 0.256 0.404 0.002 1
434.53 0.478 0.388 0 1
434.746 0.39 0.214 0.002 1
435.03 0.296 0.202 0.002 1
435.22 0.202 0.19 0.004 1
435.386 0.19 0.166 0.002 1
435.644 0.244 0.18 0 1
435.814 0.18 0.17 0.002 1
435.976 0.17 0.162 0.002 1
436.148 0.162 0.172 0.002 1
436.324 0.172 0.176 0.004 1
436.584 0.266 0.17 0.002 1
436.724 0.17 0.14 0 1
436.87 0.14 0.146 0.002 1
437.012 0.146 0.142 0.002 1
437.15 0.142 0.138 0 1
437.292 0.138 0.142 0 1
437.528 0.218 0.16 0 1
437.656 0.16 0.128 0.002 1
437.766 0.128 0.11 0.002 1
437.888 0.11 0.122 0.002 1
438.002 0.122 0.114 0.002 1
438.12 0.114 0.118 0.002 1
438.312 0.198 0.112 0.002 1
438.552 0.114 0.238 0 1
438.794 0.238 0.242 0 1
439.044 0.242 0.25 0.002 1
439.378 0.324 0.26 0.004 1
439.466 0.26 0.088 0.002 1
439.55 0.088 0.084 0 1
439.634 0.084 0.084 0.002 1
439.712 0.084 0.078 0 1
439.764 0.078 0.052 0 1
439.842 0.052 0.078 0 1
440.012 0.162 0.086 0.002 1
440.028 0.086 0.016 0 1
440.064 0.018 0.034 0.002 1
440.11 0.054 0.026 0 1
440.164 0.05 0.03 0.002 1
440.214 0.056 0.024 0.002 1
440.268 0.05 0.028 0.002 1
440.318 0.052 0.026 0.002 1
440.374 0.054 0.028 0 1
440.424 0.05 0.028 0.002 1
440.472 0.052 0.024 0.002 1
440.522 0.046 0.028 0.002 1
440.658 0.138 0.026 0 1
440.686 0.026 0.028 0.002 1
440.716 0.038 0.02 0 1
440.768 0.048 0.024 0.002 1
440.812 0.052 0.016 0 1
440.866 0.046 0.024 0.002 1
440.914 0.05 0.022 0.004 1
440.966 0.05 0.024 0.002 1
441.012 0.052 0.018 0.002 1
441.06 0.048 0.018 0.002 1
441.102 0.048 0.012 0.002 1
441.158 0.042 0.026 0.002 1
441.21 0.054 0.024 0.002 1
441.262 0.052 0.024 0.002 1
441.31 0.052 0.02 0 1
441.356 0.05 0.016 0.002 1
441.48 0.128 0.012 0.002 1
441.536 0.038 0.03 0 1
441.592 0.052 0.034 0 1
441.638 0.052 0.028 0 1
441.686 0.044 0.032 0.002 1
441.734 0.05 0.03 0.002 1
441.77 0.038 0.028 0 1
441.824 0.052 0.03 0 1
441.874 0.052 0.028 0 1
441.924 0.05 0.028 0.002 1
441.974 0.044 0.034 0.002 1
442.014 0.042 0.032 0.004 1
442.06 0.052 0.026 0 1
442.106 0.044 0.028 0.002 1
442.16 0.05 0.032 0.002 1
442.206 0.052 0.026 0.002 1
442.26 0.052 0.028 0 1
442.404 0.138 0.034 0.002 1
442.44 0.034 0.036 0.002 1
442.472 0.036 0.032 0.002 1
442.482 0.032 0.01 0 1
442.53 0.042 0.016 0.002 1
442.584 0.052 0.018 0.002 1
442.63 0.052 0.012 0 1
442.68 0.05 0.012 0.002 1
442.728 0.05 0.01 0 1
442.782 0.05 0.014 0.002 1
442.83 0.052 0.01 0 1
442.872 0.042 0.01 0.002 1
442.914 0.04 0.012 0.002 1
442.968 0.052 0.014 0.002 1
443.018 0.052 0.012 0.002 1
443.068 0.052 0.01 0 1
443.12 0.05 0.012 0.002 1
443.168 0.05 0.01 0 1
443.22 0.048 0.014 0 1
443.27 0.054 0.01 0 1
443.44 0.17 0.01 0 1
443.45 0.01 0.01 0 1
443.48 0.038 0.002 0.002 1
443.532 0.052 0.002 0.002 1
443.582 0.05 0.002 0.002 1
443.63 0.048 0.002 0 1
443.682 0.052 0.002 0 1
443.732 0.05 0.002 0.002 1
443.782 0.052 0 0 1
443.834 0.05 0.002 0.002 1
443.88 0.048 0 0 1
443.934 0.05 0.004 0.002 1
443.984 0.052 0.002 0 1
444.034 0.05 0.002 0 1
444.08 0.046 0.002 0.002 1
444.13 0.05 0.002 0.002 1
444.21 0.082 0 0 1
444.212 0.002 0 0 1
444.212 0 0 0 1
444.212 0 0 0 1
444.212 0 0 0 1
444.212 0 0 0 1
444.214 0.002 0 0 1
444.214 0 0 0 1
444.214 0 0 0 1
444.256 0.042 0 0 1
444.302 0.044 0.002 0 1
444.342 0.042 0 0 1
444.392 0.048 0.002 0.002 1
444.444 0.052 0.002 0 1
444.494 0.05 0.002 0 1
444.542 0.05 0 0 1
444.638 0.088 0.008 0.006 1
444.664 0.034 0 0 1
444.72 0.054 0.002 0 1
444.766 0.048 0 0 1
444.82 0.054 0 0 1
444.872 0.05 0.002 0 1
444.922 0.052 0 0 1
444.972 0.05 0 0 1
445.016 0.042 0.002 0 1
445.066 0.05 0.002 0 1
445.116 0.05 0.002 0.002 1
445.168 0.052 0.002 0 1
445.216 0.05 0 0 1
445.268 0.05 0.002 0 1
445.318 0.05 0.002 0.002 1
445.368 0.05 0.002 0.002 1
445.416 0.05 0 0 1
445.466 0.05 0 0 1
445.514 0.046 0.002 0 1
445.562 0.05 0 0 1
445.614 0.05 0.002 0.002 1
445.666 0.052 0.002 0 1
445.716 0.05 0.002 0 1
445.762 0.048 0 0 1
445.814 0.05 0.002 0.002 1
445.862 0.048 0.002 0.002 1
445.91 0.05 0 0 1
445.958 0.048 0 0 1
446.01 0.052 0 0 1
446.058 0.048 0 0 1
446.11 0.05 0.002 0.002 1
446.16 0.05 0.002 0.002 1
446.21 0.05 0.002 0.002 1
446.308 0.098 0.002 0.002 1
446.33 0.024 0 0 1
446.384 0.052 0.002 0.002 1
446.438 0.054 0.002 0 1
446.49 0.052 0.002 0 1
446.538 0.05 0 0 1
446.59 0.05 0.002 0.002 1
446.638 0.05 0 0 1
446.69 0.052 0 0 1
446.74 0.05 0 0 1
446.79 0.05 0 0 1
446.838 0.048 0 0 1
446.886 0.048 0 0 1
446.94 0.052 0.002 0 1
446.988 0.044 0.006 0.006 1
447.034 0.052 0 0 1
447.078 0.044 0 0 1
447.128 0.05 0 0 1
447.18 0.052 0 0 1
447.364 0.18 0.004 0.002 1
447.364 0.004 0 0 1
447.406 0.04 0.002 0.002 1
447.46 0.056 0 0 1
447.516 0.054 0.002 0 1
447.568 0.052 0.002 0.002 1
447.622 0.054 0.002 0 1
447.674 0.052 0.002 0 1
447.726 0.05 0.004 0.002 1
447.776 0.052 0.002 0.002 1
447.826 0.052 0 0 1
447.878 0.05 0.002 0.002 1
447.934 0.056 0.002 0 1
447.978 0.044 0.002 0.002 1
448.028 0.052 0 0 1
448.072 0.044 0 0 1
448.228 0.152 0.004 0 1
448.252 0.028 0 0 1
448.308 0.054 0.002 0.002 1
448.356 0.05 0 0 1
448.408 0.05 0.002 0.002 1
448.46 0.052 0.002 0 1
448.51 0.052 0 0 1
448.56 0.05 0 0 1
448.612 0.05 0.002 0.002 1
448.662 0.05 0.002 0.002 1
448.712 0.052 0 0 1
448.76 0.048 0 0 1
448.81 0.05 0 0 1
448.862 0.052 0 0 1
448.912 0.046 0.004 0.002 1
448.962 0.052 0.002 0.002 1
449.01 0.05 0 0 1
449.062 0.05 0.002 0.002 1
449.108 0.048 0 0 1
449.26 0.142 0.01 0.008 1
449.3 0.05 0 0 1
449.348 0.048 0 0 1
449.4 0.05 0.002 0.002 1
449.45 0.052 0 0 1
449.5 0.05 0 0 1
449.552 0.05 0.002 0.002 1
449.6 0.046 0.004 0.004 1
449.652 0.054 0.002 0.002 1
449.702 0.052 0 0 1
449.752 0.05 0 0 1
449.802 0.05 0 0 1
449.854 0.052 0 0 1
449.904 0.048 0.002 0.002 1
449.952 0.05 0 0 1
450.002 0.048 0.002 0 1
450.048 0.048 0 0 1
450.188 0.138 0.002 0 1
450.236 0.05 0 0 1
450.274 0.038 0 0 1
450.328 0.052 0.002 0 1
450.378 0.05 0.002 0.002 1
450.428 0.052 0 0 1
450.474 0.046 0 0 1
450.528 0.052 0.002 0 1
450.574 0.048 0 0 1
450.618 0.042 0.002 0 1
450.672 0.054 0.002 0 1
450.722 0.052 0 0 1
450.774 0.052 0 0 1
450.824 0.048 0.002 0 1
450.874 0.05 0.002 0 1
450.926 0.052 0.002 0 1
450.976 0.05 0.002 0.002 1
451.026 0.05 0.002 0.002 1
451.076 0.05 0.002 0.002 1
451.202 0.126 0.002 0.002 1
451.204 0.004 0 0 1
451.248 0.044 0 0 1
451.302 0.054 0 0 1
451.356 0.052 0.002 0.002 1
451.408 0.052 0.002 0.002 1
451.458 0.05 0.002 0 1
451.508 0.052 0 0 1
451.56 0.052 0 0 1
451.61 0.05 0 0 1
451.662 0.052 0 0 1
451.714 0.05 0.002 0 1
451.764 0.05 0.002 0 1
451.814 0.052 0 0 1
451.864 0.05 0 0 1
451.916 0.05 0.002 0 1
451.962 0.046 0.002 0 1
452.01 0.05 0 0 1
452.058 0.048 0 0 1
452.226 0.166 0.002 0 1
452.268 0.042 0.002 0.002 1
452.392 0.126 0 0 1
452.392 0 0 0 1
452.422 0.028 0.002 0.002 1
452.474 0.052 0.002 0.002 1
452.524 0.052 0 0 1
452.576 0.05 0.002 0 1
452.626 0.05 0.002 0.002 1
452.676 0.05 0.002 0 1
452.726 0.05 0.002 0.002 1
452.776 0.05 0.002 0.002 1
452.826 0.052 0 0 1
452.878 0.05 0.002 0 1
452.926 0.048 0.002 0.002 1
452.972 0.048 0 0 1
453.024 0.05 0.002 0.002 1
453.072 0.05 0 0 1
453.12 0.048 0 0 1
453.162 0.04 0.002 0.002 1
453.212 0.05 0.002 0.002 1
453.264 0.052 0.002 0 1
453.418 0.154 0.002 0.002 1
453.454 0.036 0.002 0 1
453.506 0.052 0.002 0.002 1
453.558 0.052 0.002 0.002 1
453.61 0.052 0.002 0 1
453.66 0.05 0.002 0.002 1
453.71 0.052 0 0 1
453.76 0.05 0 0 1
453.812 0.05 0.002 0 1
453.852 0.042 0 0 1
453.908 0.056 0 0 1
453.958 0.05 0 0 1
454.01 0.05 0.002 0 1
454.06 0.05 0.002 0.002 1
454.11 0.052 0 0 1
454.16 0.048 0.002 0 1
454.21 0.042 0.01 0.008 1
454.258 0.056 0.002 0 1
454.354 0.096 0.002 0.002 1
454.378 0.024 0.002 0.002 1
454.432 0.054 0.002 0 1
454.624 0.052 0.142 0.14 1
454.626 0.142 0.002 0 1
454.642 0.016 0.002 0.002 1
454.694 0.052 0.002 0.002 1
454.74 0.046 0.002 0 1
454.79 0.05 0.002 0.002 1
454.832 0.044 0 0 1
454.882 0.05 0 0 1
454.93 0.048 0 0 1
454.98 0.05 0 0 1
455.026 0.044 0.002 0 1
455.078 0.05 0.004 0 1
455.13 0.054 0.002 0 1
455.176 0.048 0 0 1
455.23 0.052 0.002 0 1
455.28 0.052 0 0 1
455.378 0.098 0 0 1
455.414 0.034 0.002 0.002 1
455.466 0.052 0.002 0.002 1
455.518 0.052 0.002 0.002 1
455.562 0.046 0 0 1
455.614 0.052 0 0 1
455.666 0.052 0 0 1
455.714 0.048 0 0 1
455.764 0.05 0 0 1
455.812 0.046 0.002 0 1
455.862 0.052 0 0 1
455.904 0.042 0 0 1
455.948 0.044 0 0 1
456.002 0.052 0.002 0 1
456.052 0.052 0 0 1
456.106 0.052 0.002 0.002 1
456.156 0.052 0 0 1
456.208 0.052 0 0 1
456.258 0.048 0.002 0.002 1
456.352 0.094 0.002 0.002 1
456.376 0.026 0 0 1
456.418 0.04 0.002 0 1
456.472 0.056 0 0 1
456.526 0.052 0.002 0.002 1
456.578 0.052 0.002 0 1
456.632 0.054 0.002 0 1
456.684 0.05 0.004 0.002 1
456.736 0.054 0.002 0 1
456.786 0.052 0 0 1
456.838 0.05 0.002 0 1
456.888 0.05 0.002 0.002 1
456.938 0.05 0.002 0 1
456.988 0.05 0.002 0.002 1
457.036 0.05 0 0 1
457.088 0.052 0 0 1
457.136 0.046 0.002 0.002 1
457.184 0.048 0.002 0.002 1
457.234 0.05 0.002 0.002 1
457.284 0.052 0 0 1
457.334 0.05 0 0 1
457.384 0.05 0 0 1
457.434 0.05 0 0 1
457.544 0.11 0 0 1
457.558 0.012 0.002 0.002 1
457.608 0.05 0.002 0.002 1
457.656 0.048 0.002 0.002 1
457.708 0.054 0 0 1
457.762 0.052 0.002 0.002 1
457.814 0.052 0.002 0.002 1
457.866 0.052 0.002 0.002 1
457.916 0.052 0 0 1
457.968 0.05 0.002 0.002 1
458.018 0.05 0.002 0.002 1
458.066 0.05 0 0 1
458.118 0.05 0.002 0 1
458.168 0.05 0.002 0.002 1
458.218 0.05 0.002 0 1
458.268 0.048 0.004 0.002 1
458.318 0.052 0.002 0.002 1
458.368 0.05 0.002 0.002 1
458.414 0.046 0.002 0 1
458.462 0.05 0 0 1
458.51 0.046 0.002 0.002 1
458.638 0.128 0.002 0 1
458.644 0.008 0 0 1
458.696 0.05 0.002 0 1
458.748 0.054 0 0 1
458.802 0.052 0.002 0 1
458.854 0.052 0.002 0 1
458.898 0.044 0.002 0.002 1
458.948 0.05 0.002 0.002 1
459 0.052 0.002 0.002 1
459.05 0.052 0 0 1
459.102 0.05 0.002 0 1
459.152 0.05 0.002 0.002 1
459.198 0.048 0 0 1
459.25 0.052 0 0 1
459.3 0.05 0 0 1
459.35 0.05 0 0 1
459.4 0.05 0 0 1
459.45 0.05 0 0 1
459.502 0.05 0.002 0 1
459.628 0.126 0.002 0 1
459.64 0.012 0.002 0 1
459.688 0.048 0.002 0.002 1
459.736 0.048 0.002 0 1
459.79 0.054 0.002 0 1
459.842 0.052 0.002 0 1
459.896 0.052 0.004 0.002 1
459.946 0.052 0.002 0 1
459.998 0.052 0.002 0 1
460.048 0.05 0.002 0.002 1
460.092 0.046 0 0 1
460.142 0.048 0.002 0 1
460.184 0.042 0.002 0.002 1
460.232 0.05 0 0 1
460.284 0.05 0.002 0.002 1
460.334 0.05 0.002 0 1
460.382 0.048 0.002 0.002 1
460.426 0.044 0.002 0.002 1
460.476 0.05 0.002 0.002 1
460.526 0.05 0.002 0.002 1
460.576 0.05 0.002 0.002 1
460.626 0.05 0.002 0.002 1
460.676 0.048 0.004 0 1
460.724 0.052 0 0 1
460.774 0.048 0.002 0.002 1
460.822 0.05 0 0 1
460.874 0.05 0.002 0 1
460.924 0.05 0.002 0 1
460.974 0.05 0.002 0.002 1
461.022 0.05 0 0 1
461.068 0.044 0.002 0.002 1
461.11 0.044 0 0 1
461.156 0.046 0 0 1
461.208 0.052 0 0 1
461.26 0.052 0 0 1
461.31 0.048 0.002 0.002 1
461.436 0.128 0 0 1
461.472 0.036 0 0 1
461.528 0.054 0.002 0 1
461.578 0.05 0.002 0.002 1
461.63 0.052 0.002 0.002 1
461.68 0.052 0 0 1
461.728 0.046 0.002 0 1
461.78 0.048 0.006 0.004 1
461.83 0.054 0.002 0.002 1
461.882 0.052 0.002 0 1
461.934 0.052 0.002 0 1
461.984 0.05 0.002 0.002 1
462.036 0.05 0.004 0 1
462.084 0.052 0 0 1
462.134 0.05 0 0 1
462.184 0.048 0.002 0 1
462.232 0.05 0 0 1
462.284 0.052 0 0 1
462.33 0.046 0 0 1
462.382 0.05 0.002 0.002 1
462.432 0.05 0.002 0.002 1
462.482 0.05 0.002 0 1
462.532 0.05 0.002 0 1
462.564 0.034 0 0 1
462.612 0.046 0.002 0.002 1
462.662 0.05 0.002 0.002 1
462.712 0.05 0.002 0.002 1
462.754 0.044 0 0 1
462.804 0.048 0.002 0.002 1
462.854 0.052 0 0 1
462.902 0.048 0 0 1
462.95 0.048 0 0 1
463 0.05 0 0 1
463.052 0.05 0.002 0.002 1
463.1 0.048 0.002 0 1
463.148 0.05 0 0 1
463.274 0.124 0.002 0 1
463.276 0.002 0.002 0.002 1
463.318 0.042 0.002 0.002 1
463.37 0.052 0.002 0.002 1
463.422 0.052 0.002 0 1
463.472 0.05 0.002 0 1
463.522 0.052 0 0 1
463.572 0.048 0.002 0.002 1
463.622 0.052 0 0 1
463.67 0.048 0 0 1
463.724 0.052 0.002 0 1
463.774 0.05 0.002 0 1
463.824 0.05 0.002 0 1
463.872 0.05 0 0 1
463.922 0.05 0 0 1
463.966 0.042 0.002 0.002 1
464.016 0.05 0.002 0.002 1
464.066 0.05 0.002 0.002 1
464.118 0.052 0.002 0.002 1
464.166 0.048 0.002 0.002 1
464.214 0.05 0 0 1
464.358 0.142 0.002 0.002 1
464.382 0.026 0 0 1
464.434 0.052 0 0 1
464.482 0.046 0.002 0 1
464.52 0.04 0 0 1
464.574 0.052 0.002 0 1
464.614 0.042 0 0 1
464.666 0.052 0 0 1
464.72 0.052 0.002 0 1
464.768 0.05 0 0 1
464.82 0.05 0.002 0.002 1
464.862 0.044 0 0 1
464.916 0.054 0 0 1
464.966 0.05 0 0 1
465.018 0.05 0.002 0 1
465.068 0.05 0.002 0 1
465.11 0.042 0.002 0 1
465.16 0.052 0 0 1
465.21 0.05 0 0 1
465.258 0.048 0 0 1
465.31 0.052 0 0 1
465.454 0.144 0 0 1
465.484 0.028 0.002 0.002 1
465.538 0.056 0 0 1
465.594 0.054 0.002 0 1
465.644 0.052 0 0 1
465.698 0.052 0.002 0.002 1
465.748 0.052 0 0 1
465.8 0.05 0.002 0 1
465.848 0.05 0 0 1
465.898 0.05 0 0 1
465.95 0.052 0 0 1
466 0.05 0 0 1
466.05 0.048 0.002 0 1
466.098 0.044 0.006 0.006 1
466.15 0.054 0.004 0.002 1
466.198 0.052 0 0 1
466.25 0.05 0.002 0 1
466.3 0.05 0.002 0.002 1
466.346 0.048 0 0 1
466.396 0.05 0 0 1
466.444 0.048 0 0 1
466.548 0.104 0 0 1
466.576 0.028 0 0 1
466.626 0.05 0 0 1
466.68 0.054 0 0 1
466.734 0.052 0.002 0.002 1
466.786 0.054 0 0 1
466.834 0.046 0.002 0 1
466.884 0.052 0 0 1
466.936 0.05 0.002 0.002 1
466.976 0.042 0 0 1
467.024 0.046 0.002 0 1
467.07 0.046 0.002 0.002 1
467.12 0.052 0 0 1
467.17 0.05 0 0 1
467.222 0.048 0.004 0.004 1
467.27 0.052 0 0 1
467.32 0.05 0 0 1
467.374 0.052 0.002 0 1
467.422 0.048 0.002 0 1
467.548 0.126 0.002 0.002 1
467.59 0.044 0 0 1
467.642 0.052 0 0 1
467.694 0.052 0 0 1
467.748 0.052 0.002 0.002 1
467.798 0.052 0 0 1
467.852 0.052 0.002 0 1
467.9 0.05 0 0 1
467.95 0.05 0 0 1
468 0.048 0.002 0 1
468.048 0.048 0.002 0.002 1
468.098 0.052 0 0 1
468.138 0.04 0 0 1
468.186 0.048 0 0 1
468.236 0.05 0 0 1
468.288 0.052 0 0 1
468.338 0.05 0 0 1
468.39 0.05 0.002 0 1
468.514 0.126 0 0 1
468.55 0.034 0.002 0.002 1
468.606 0.058 0 0 1
468.656 0.048 0.002 0.002 1
468.71 0.054 0.002 0.002 1
468.764 0.054 0.002 0.002 1
468.816 0.052 0.002 0 1
468.866 0.05 0.002 0 1
468.916 0.05 0.002 0 1
468.968 0.052 0.002 0 1
469.02 0.052 0.002 0 1
469.07 0.05 0.002 0 1
469.118 0.048 0.002 0 1
469.168 0.05 0.002 0.002 1
469.214 0.046 0.002 0.002 1
469.266 0.052 0.002 0 1
469.314 0.05 0 0 1
469.364 0.05 0 0 1
469.41 0.046 0 0 1
469.458 0.046 0.002 0.002 1
469.508 0.052 0 0 1
469.558 0.05 0 0 1
469.604 0.044 0.002 0.002 1
469.652 0.05 0 0 1
469.7 0.048 0 0 1
469.75 0.05 0 0 1
469.802 0.05 0.002 0 1
469.852 0.05 0.002 0.002 1
469.902 0.052 0 0 1
469.95 0.048 0 0 1
470.002 0.05 0.002 0.002 1
470.052 0.052 0 0 1
470.104 0.05 0.002 0 1
470.152 0.05 0 0 1
470.202 0.048 0.002 0 1
470.248 0.046 0.002 0.002 1
470.338 0.092 0 0 1
470.352 0.012 0.002 0.002 1
470.404 0.054 0 0 1
470.456 0.052 0 0 1
470.508 0.05 0.002 0.002 1
470.558 0.052 0 0 1
470.608 0.05 0 0 1
470.66 0.05 0.002 0.002 1
470.71 0.05 0.002 0 1
470.762 0.05 0.004 0.002 1
470.812 0.052 0.002 0 1
470.86 0.048 0.002 0 1
470.91 0.05 0.002 0.002 1
470.952 0.042 0.002 0 1
471 0.05 0 0 1
471.054 0.052 0.002 0 1
471.104 0.052 0 0 1
471.156 0.05 0.002 0.002 1
471.2 0.046 0 0 1
471.248 0.048 0 0 1
471.3 0.05 0.002 0 1
471.348 0.05 0 0 1
471.396 0.048 0 0 1
471.444 0.048 0 0 1
471.498 0.052 0.002 0 1
471.542 0.046 0 0 1
471.588 0.046 0 0 1
471.64 0.05 0.002 0.002 1
471.69 0.05 0.002 0.002 1
471.74 0.052 0 0 1
471.794 0.052 0.002 0 1
471.84 0.046 0.002 0 1
471.888 0.05 0 0 1
471.942 0.052 0.002 0.002 1
471.99 0.05 0 0 1
472.116 0.126 0 0 1
472.158 0.04 0.002 0 1
472.208 0.052 0 0 1
472.264 0.054 0.002 0.002 1
472.318 0.056 0 0 1
472.37 0.052 0 0 1
472.422 0.052 0 0 1
472.476 0.054 0 0 1
472.526 0.05 0 0 1
472.57 0.044 0 0 1
472.626 0.054 0.002 0 1
472.662 0.038 0 0 1
472.71 0.048 0 0 1
472.766 0.054 0.002 0 1
472.814 0.048 0.002 0.002 1
472.868 0.054 0.002 0.002 1
472.918 0.05 0.002 0 1
472.968 0.05 0.002 0 1
473.02 0.052 0.002 0 1
473.068 0.048 0.002 0 1
473.116 0.05 0 0 1
473.252 0.136 0 0 1
473.254 0.002 0 0 1
473.308 0.052 0.002 0 1
473.35 0.044 0 0 1
473.404 0.052 0.002 0 1
473.448 0.046 0 0 1
473.496 0.046 0.002 0 1
473.544 0.048 0.002 0.002 1
473.598 0.054 0.002 0 1
473.65 0.052 0.002 0 1
473.702 0.052 0.002 0 1
473.752 0.05 0.002 0.002 1
473.804 0.052 0.002 0 1
473.854 0.05 0.002 0 1
473.896 0.044 0 0 1
473.944 0.048 0 0 1
473.994 0.05 0 0 1
474.046 0.052 0 0 1
474.186 0.138 0.002 0.002 1
474.228 0.044 0 0 1
474.276 0.046 0.002 0 1
474.326 0.052 0 0 1
474.376 0.05 0 0 1
474.43 0.052 0.002 0 1
474.48 0.05 0.002 0.002 1
474.524 0.046 0 0 1
474.574 0.05 0 0 1
474.628 0.052 0.002 0 1
474.68 0.052 0.002 0 1
474.73 0.05 0.002 0.002 1
474.778 0.048 0.002 0.002 1
474.828 0.05 0.002 0.002 1
474.872 0.046 0 0 1
474.926 0.054 0 0 1
474.976 0.05 0 0 1
475.018 0.04 0.002 0.002 1
475.07 0.052 0.002 0 1
475.11 0.04 0.002 0.002 1
475.16 0.052 0 0 1
475.21 0.05 0 0 1
475.346 0.136 0 0 1
475.388 0.042 0 0 1
475.442 0.052 0.002 0.002 1
475.496 0.054 0.002 0 1
475.542 0.046 0.002 0 1
475.596 0.054 0.002 0 1
475.648 0.052 0.002 0 1
475.7 0.052 0.002 0 1
475.75 0.052 0 0 1
475.802 0.05 0.002 0 1
475.844 0.044 0 0 1
475.894 0.048 0.002 0.002 1
475.944 0.05 0.002 0.002 1
475.994 0.052 0 0 1
476.038 0.042 0.002 0.002 1
476.088 0.05 0.002 0.002 1
476.13 0.044 0 0 1
476.18 0.05 0 0 1
476.23 0.05 0 0 1
476.274 0.042 0.002 0.002 1
476.324 0.05 0.002 0.002 1
476.442 0.118 0.002 0.002 1
476.446 0.004 0.002 0 1
476.496 0.052 0 0 1
476.544 0.048 0 0 1
476.598 0.052 0.002 0 1
476.65 0.052 0.002 0 1
476.702 0.052 0.002 0 1
476.754 0.052 0.002 0 1
476.804 0.046 0.006 0.006 1
476.856 0.056 0.002 0 1
476.906 0.05 0.002 0 1
476.954 0.05 0 0 1
477.006 0.052 0 0 1
477.058 0.05 0.002 0 1
477.104 0.046 0.002 0.002 1
477.154 0.05 0.002 0.002 1
477.204 0.05 0.002 0 1
477.254 0.05 0.002 0 1
477.302 0.05 0 0 1
477.352 0.05 0 0 1
477.4 0.048 0 0 1
477.518 0.118 0 0 1
477.52 0.002 0 0 1
477.57 0.05 0 0 1
477.624 0.052 0.002 0.002 1
477.678 0.054 0.002 0.002 1
477.732 0.054 0.002 0 1
477.784 0.052 0.002 0 1
477.834 0.052 0 0 1
477.884 0.05 0 0 1
477.934 0.05 0 0 1
477.988 0.05 0.004 0.002 1
478.036 0.052 0 0 1
478.086 0.05 0 0 1
478.138 0.052 0 0 1
478.19 0.05 0.002 0 1
478.238 0.05 0 0 1
478.29 0.05 0.002 0.002 1
478.334 0.046 0 0 1
478.38 0.046 0 0 1
478.424 0.042 0.002 0.002 1
478.472 0.05 0 0 1
478.614 0.14 0.002 0.002 1
478.632 0.018 0.002 0 1
478.686 0.054 0.002 0.002 1
478.732 0.046 0.002 0 1
478.784 0.052 0.002 0.002 1
478.84 0.054 0.004 0.002 1
478.89 0.054 0 0 1
478.936 0.044 0.002 0 1
478.99 0.054 0.002 0 1
479.038 0.048 0.002 0.002 1
479.09 0.052 0.002 0.002 1
479.142 0.052 0.002 0 1
479.188 0.046 0.002 0.002 1
479.238 0.052 0 0 1
479.29 0.05 0.002 0 1
479.336 0.046 0.002 0.002 1
479.388 0.052 0.002 0 1
479.548 0.16 0.002 0.002 1
479.582 0.034 0.002 0 1
479.63 0.05 0 0 1
479.682 0.05 0.002 0.002 1
479.732 0.052 0 0 1
479.782 0.048 0.002 0.002 1
479.83 0.048 0.002 0.002 1
479.882 0.052 0.002 0 1
479.932 0.05 0.002 0 1
479.982 0.05 0.002 0 1
480.03 0.05 0 0 1
480.074 0.044 0 0 1
480.124 0.048 0.002 0 1
480.174 0.05 0.002 0 1
480.224 0.05 0.002 0 1
480.274 0.05 0.002 0.002 1
480.318 0.046 0 0 1
480.366 0.048 0 0 1
480.414 0.048 0 0 1
480.464 0.048 0.002 0.002 1
480.606 0.142 0.002 0.002 1
480.642 0.036 0.002 0 1
480.69 0.05 0 0 1
480.74 0.05 0 0 1
480.794 0.052 0.002 0.002 1
480.842 0.05 0 0 1
480.896 0.054 0 0 1
480.948 0.05 0.002 0 1
480.996 0.05 0 0 1
481.038 0.042 0 0 1
481.09 0.05 0.002 0 1
481.142 0.052 0.002 0 1
481.192 0.05 0.002 0.002 1
481.242 0.052 0 0 1
481.292 0.05 0 0 1
481.342 0.05 0 0 1
481.394 0.05 0.002 0 1
481.438 0.044 0.002 0.002 1
481.484 0.048 0 0 1
481.536 0.05 0.002 0 1
481.586 0.05 0.002 0.002 1
481.63 0.046 0 0 1
481.68 0.05 0 0 1
481.734 0.052 0.002 0.002 1
481.784 0.052 0 0 1
481.836 0.052 0 0 1
481.884 0.046 0.002 0.002 1
481.93 0.048 0 0 1
481.984 0.052 0.002 0 1
482.032 0.05 0 0 1
482.082 0.05 0 0 1
482.136 0.052 0.002 0 1
482.184 0.048 0.002 0.002 1
482.236 0.052 0.002 0 1
482.286 0.05 0.002 0 1
482.368 0.084 0 0 1
482.368 0 0 0 1
482.376 0.008 0 0 1
482.394 0.016 0.002 0.002 1
482.404 0.012 0 0 1
482.424 0.02 0 0 1
482.43 0.006 0 0 1
482.442 0.012 0 0 1
482.464 0.02 0.002 0 1
482.512 0.05 0 0 1
482.562 0.05 0 0 1
482.614 0.05 0.002 0 1
482.662 0.048 0.002 0 1
482.71 0.05 0 0 1
482.76 0.048 0.002 0.002 1
482.812 0.052 0.002 0 1
482.86 0.05 0 0 1
482.91 0.048 0.002 0 1
482.96 0.052 0 0 1
483.012 0.05 0.002 0 1
483.06 0.048 0.002 0.002 1
483.11 0.05 0.002 0 1
483.282 0.172 0.002 0 1
483.298 0.014 0.004 0.002 1
483.348 0.05 0.004 0.002 1
483.388 0.044 0 0 1
483.444 0.054 0.002 0 1
483.484 0.04 0.002 0.002 1
483.534 0.05 0.002 0 1
483.584 0.05 0.002 0.002 1
483.634 0.052 0 0 1
483.672 0.038 0 0 1
483.726 0.052 0.002 0 1
483.778 0.044 0.01 0.01 1
483.826 0.056 0.002 0 1
483.872 0.046 0.002 0.002 1
483.922 0.05 0.002 0.002 1
483.968 0.048 0 0 1
484.016 0.048 0 0 1
484.07 0.052 0.002 0 1
484.12 0.05 0.002 0 1
484.16 0.04 0.002 0.002 1
484.208 0.05 0 0 1
484.258 0.05 0 0 1
484.306 0.048 0 0 1
484.348 0.042 0 0 1
484.402 0.054 0 0 1
484.452 0.05 0 0 1
484.502 0.05 0 0 1
484.554 0.05 0.002 0.002 1
484.604 0.052 0 0 1
484.654 0.05 0 0 1
484.706 0.05 0.002 0.002 1
484.756 0.052 0 0 1
484.806 0.05 0 0 1
484.856 0.048 0.002 0 1
484.902 0.048 0 0 1
484.952 0.05 0 0 1
485.004 0.052 0 0 1
485.16 0.154 0.002 0 1
485.194 0.034 0.002 0.002 1
485.24 0.046 0.002 0.002 1
485.292 0.052 0.002 0.002 1
485.344 0.052 0.002 0.002 1
485.396 0.052 0.002 0 1
485.44 0.046 0 0 1
485.494 0.052 0.002 0.002 1
485.544 0.052 0 0 1
485.596 0.05 0.002 0 1
485.646 0.05 0.002 0.002 1
485.698 0.052 0.002 0 1
485.748 0.05 0.002 0 1
485.796 0.05 0 0 1
485.846 0.05 0 0 1
485.896 0.05 0 0 1
485.946 0.048 0.002 0 1
485.992 0.048 0 0 1
486.046 0.052 0.002 0 1
486.094 0.05 0 0 1
486.266 0.168 0.004 0.002 1
486.278 0.014 0.002 0.002 1
486.328 0.05 0.002 0 1
486.38 0.052 0.002 0 1
486.43 0.05 0.002 0.002 1
486.48 0.052 0 0 1
486.534 0.05 0.004 0.002 1
486.576 0.044 0.002 0 1
486.622 0.046 0.002 0.002 1
486.672 0.052 0 0 1
486.722 0.048 0.002 0.002 1
486.772 0.052 0 0 1
486.822 0.05 0 0 1
486.868 0.044 0.002 0 1
486.918 0.05 0.002 0 1
486.966 0.05 0 0 1
487.016 0.048 0.002 0.002 1
487.068 0.052 0.002 0 1
487.114 0.046 0.002 0.002 1
487.162 0.05 0 0 1
487.266 0.098 0.006 0.002 1
487.296 0.036 0 0 1
487.334 0.038 0 0 1
487.392 0.056 0.002 0 1
487.442 0.052 0 0 1
487.492 0.048 0.002 0 1
487.544 0.052 0.002 0.002 1
487.594 0.052 0 0 1
487.644 0.05 0 0 1
487.696 0.052 0 0 1
487.748 0.052 0 0 1
487.798 0.05 0 0 1
487.846 0.048 0 0 1
487.898 0.052 0 0 1
487.95 0.05 0.002 0.002 1
487.992 0.042 0.002 0.002 1
488.044 0.052 0.002 0 1
488.094 0.05 0.002 0 1
488.142 0.05 0 0 1
488.192 0.05 0 0 1
488.242 0.05 0 0 1
488.292 0.05 0 0 1
488.342 0.05 0 0 1
488.392 0.05 0 0 1
488.442 0.048 0.002 0.002 1
488.49 0.05 0 0 1
488.542 0.05 0.002 0.002 1
488.59 0.048 0.002 0 1
488.64 0.05 0.002 0.002 1
488.69 0.05 0.002 0 1
488.74 0.05 0.002 0 1
488.79 0.05 0.002 0 1
488.838 0.05 0 0 1
488.888 0.05 0 0 1
488.936 0.048 0 0 1
489.076 0.138 0.002 0 1
489.118 0.044 0 0 1
489.168 0.048 0.002 0 1
489.222 0.054 0.002 0 1
489.268 0.048 0 0 1
489.316 0.046 0.002 0 1
489.368 0.054 0 0 1
489.422 0.052 0.002 0.002 1
489.472 0.052 0 0 1
489.524 0.05 0.002 0.002 1
489.574 0.05 0.002 0 1
489.614 0.042 0 0 1
489.662 0.048 0 0 1
489.712 0.05 0 0 1
489.76 0.048 0 0 1
489.81 0.05 0 0 1
489.86 0.05 0 0 1
489.912 0.05 0.002 0 1
489.96 0.044 0.006 0 1
490.01 0.056 0 0 1
490.108 0.098 0 0 1
490.138 0.03 0 0 1
490.19 0.052 0 0 1
490.244 0.052 0.002 0 1
490.292 0.048 0.002 0 1
490.338 0.048 0 0 1
490.39 0.046 0.006 0.006 1
490.442 0.058 0 0 1
490.492 0.05 0 0 1
490.542 0.05 0 0 1
490.592 0.05 0 0 1
490.642 0.05 0 0 1
490.688 0.044 0.002 0.002 1
490.736 0.05 0 0 1
490.786 0.048 0.002 0.002 1
490.836 0.052 0 0 1
490.888 0.05 0.002 0 1
490.934 0.048 0 0 1
490.986 0.05 0.002 0.002 1
491.032 0.048 0 0 1
491.152 0.118 0.002 0 1
491.172 0.02 0.002 0 1
491.23 0.058 0.002 0.002 1
491.264 0.036 0 0 1
491.314 0.05 0 0 1
491.368 0.054 0 0 1
491.418 0.05 0 0 1
491.472 0.052 0.002 0 1
491.52 0.05 0 0 1
491.572 0.052 0 0 1
491.624 0.05 0.002 0.002 1
491.674 0.05 0.002 0 1
491.72 0.048 0 0 1
491.774 0.052 0.002 0 1
491.822 0.046 0.004 0.002 1
491.87 0.052 0 0 1
491.922 0.05 0.002 0 1
491.972 0.05 0.002 0.002 1
492.024 0.052 0.002 0 1
492.072 0.05 0 0 1
492.124 0.05 0.002 0 1
492.27 0.148 0 0 1
492.3 0.03 0 0 1
492.352 0.05 0.002 0.002 1
492.402 0.052 0 0 1
492.452 0.05 0 0 1
492.502 0.05 0 0 1
492.552 0.048 0.002 0 1
492.6 0.05 0 0 1
492.65 0.05 0 0 1
492.702 0.052 0 0 1
492.752 0.05 0 0 1
492.804 0.05 0.002 0 1
492.848 0.046 0 0 1
492.898 0.05 0 0 1
492.95 0.05 0.002 0.002 1
492.992 0.042 0.002 0.002 1
493.042 0.052 0 0 1
493.092 0.05 0 0 1
493.14 0.048 0 0 1
493.19 0.05 0 0 1
493.24 0.05 0 0 1
493.29 0.05 0 0 1
493.34 0.048 0.002 0.002 1
493.39 0.05 0.002 0 1
493.436 0.048 0 0 1
493.484 0.048 0 0 1
493.538 0.052 0.002 0 1
493.58 0.044 0 0 1
493.63 0.05 0 0 1
493.684 0.05 0.004 0.004 1
493.734 0.054 0 0 1
493.784 0.05 0 0 1
493.834 0.05 0 0 1
493.886 0.052 0 0 1
493.936 0.048 0.002 0.002 1
494.084 0.15 0 0 1
494.12 0.036 0 0 1
494.172 0.05 0.002 0 1
494.224 0.052 0.002 0 1
494.27 0.046 0.002 0.002 1
494.322 0.052 0.002 0 1
494.372 0.05 0.002 0.002 1
494.422 0.05 0.002 0.002 1
494.472 0.052 0 0 1
494.522 0.048 0.002 0.002 1
494.566 0.044 0.002 0 1
494.616 0.052 0 0 1
494.664 0.048 0 0 1
494.718 0.052 0.002 0.002 1
494.768 0.052 0 0 1
494.82 0.05 0.002 0 1
494.866 0.046 0.002 0 1
495.05 0.186 0 0 1
495.066 0.012 0.004 0.002 1
495.116 0.052 0.002 0 1
495.166 0.052 0 0 1
495.218 0.05 0.002 0 1
495.268 0.05 0.002 0 1
495.316 0.048 0.002 0.002 1
495.366 0.05 0.002 0 1
495.41 0.044 0.002 0.002 1
495.46 0.052 0 0 1
495.508 0.046 0.002 0.002 1
495.56 0.052 0.002 0 1
495.612 0.052 0.002 0 1
495.664 0.052 0.002 0 1
495.708 0.046 0 0 1
495.76 0.05 0.002 0.002 1
495.812 0.052 0.002 0.002 1
495.862 0.052 0 0 1
495.914 0.048 0.004 0.004 1
495.966 0.054 0.002 0 1
496.014 0.05 0 0 1
496.174 0.16 0 0 1
496.21 0.034 0.002 0 1
496.258 0.05 0 0 1
496.308 0.048 0.002 0.002 1
496.36 0.052 0.002 0 1
496.41 0.048 0.004 0 1
496.458 0.052 0 0 1
496.514 0.054 0.002 0 1
496.56 0.046 0.002 0.002 1
496.61 0.052 0 0 1
496.656 0.046 0 0 1
496.706 0.048 0.002 0.002 1
496.754 0.05 0 0 1
496.806 0.052 0 0 1
496.856 0.05 0 0 1
496.906 0.05 0 0 1
496.952 0.046 0 0 1
497.004 0.05 0.002 0.002 1
497.052 0.05 0 0 1
497.104 0.052 0 0 1
497.26 0.154 0.002 0.002 1
497.284 0.026 0 0 1
497.336 0.05 0.002 0 1
497.39 0.054 0.002 0 1
497.442 0.054 0 0 1
497.496 0.052 0.002 0 1
497.546 0.052 0 0 1
497.596 0.048 0.002 0.002 1
497.648 0.052 0.002 0 1
497.698 0.05 0.002 0 1
497.744 0.048 0 0 1
497.79 0.046 0 0 1
497.842 0.05 0.002 0.002 1
497.894 0.052 0.002 0 1
497.944 0.05 0.002 0.002 1
497.996 0.054 0 0 1
498.042 0.044 0.002 0.002 1
498.092 0.05 0.002 0.002 1
498.14 0.05 0 0 1
498.186 0.046 0 0 1
498.238 0.052 0 0 1
498.288 0.05 0 0 1
498.336 0.046 0.002 0.002 1
498.378 0.042 0.002 0 1
498.43 0.052 0.002 0 1
498.482 0.052 0.002 0 1
498.532 0.052 0 0 1
498.582 0.05 0 0 1
498.634 0.05 0.002 0.002 1
498.684 0.05 0.002 0.002 1
498.73 0.046 0.002 0.002 1
498.78 0.052 0 0 1
498.83 0.05 0 0 1
498.882 0.052 0 0 1
498.932 0.05 0 0 1
498.982 0.05 0 0 1
499.03 0.046 0.002 0 1
499.166 0.134 0.004 0.002 1
499.212 0.05 0 0 1
499.268 0.054 0.002 0 1
499.318 0.052 0 0 1
499.372 0.052 0.002 0.002 1
499.422 0.052 0 0 1
499.476 0.052 0.002 0 1
499.526 0.05 0.002 0.002 1
499.574 0.05 0 0 1
499.624 0.05 0 0 1
499.668 0.044 0 0 1
499.716 0.048 0 0 1
499.766 0.05 0 0 1
499.818 0.05 0.002 0 1
499.864 0.046 0.002 0.002 1
499.916 0.052 0.002 0 1
499.962 0.046 0.002 0 1
500.012 0.052 0 0 1
500.064 0.05 0.002 0.002 1
500.112 0.05 0 0 1
500.29 0.176 0.002 0.002 1
500.308 0.018 0.002 0.002 1
500.36 0.052 0.002 0 1
500.41 0.05 0.002 0.002 1
500.462 0.052 0.002 0 1
500.512 0.05 0.002 0.002 1
500.564 0.052 0.002 0 1
500.614 0.05 0.002 0 1
500.664 0.05 0.002 0 1
500.712 0.05 0 0 1
500.764 0.05 0.002 0 1
500.812 0.05 0 0 1
500.862 0.048 0.002 0 1
500.912 0.05 0.002 0 1
500.958 0.048 0 0 1
501.01 0.052 0 0 1
501.06 0.048 0.002 0 1
501.11 0.05 0.002 0.002 1
501.16 0.052 0 0 1
501.216 0.054 0.002 0 1
501.262 0.046 0.002 0 1
501.31 0.048 0.002 0 1
501.358 0.05 0 0 1
501.408 0.05 0 0 1
501.456 0.046 0.002 0 1
501.504 0.05 0 0 1
501.55 0.044 0.002 0 1
501.602 0.052 0.002 0 1
501.65 0.05 0 0 1
501.702 0.052 0 0 1
501.756 0.05 0.004 0.002 1
501.806 0.054 0 0 1
501.856 0.05 0 0 1
501.908 0.05 0.002 0 1
501.958 0.052 0 0 1
502.1 0.14 0.002 0 1
502.108 0.008 0.002 0.002 1
502.154 0.048 0 0 1
502.208 0.052 0.002 0 1
502.256 0.05 0 0 1
502.306 0.048 0.002 0 1
502.354 0.05 0 0 1
502.404 0.05 0 0 1
502.456 0.05 0.002 0 1
502.504 0.05 0 0 1
502.554 0.048 0.002 0.002 1
502.604 0.052 0 0 1
502.654 0.05 0 0 1
502.706 0.05 0.002 0 1
502.758 0.052 0.002 0 1
502.798 0.04 0.002 0 1
502.846 0.05 0 0 1
502.894 0.048 0 0 1
502.944 0.05 0 0 1
502.994 0.05 0 0 1
503.046 0.05 0.002 0 1
503.092 0.046 0.002 0.002 1
503.14 0.05 0 0 1
503.192 0.05 0.002 0 1
503.238 0.046 0.002 0.002 1
503.286 0.05 0 0 1
503.334 0.048 0 0 1
503.378 0.044 0 0 1
503.43 0.05 0.002 0 1
503.472 0.044 0 0 1
503.522 0.05 0 0 1
503.572 0.05 0 0 1
503.62 0.048 0 0 1
503.66 0.04 0 0 1
503.818 0.158 0 0 1
503.836 0.018 0 0 1
503.892 0.056 0 0 1
503.946 0.05 0.004 0.004 1
504.002 0.058 0.002 0.002 1
504.056 0.054 0.002 0 1
504.108 0.052 0.002 0 1
504.158 0.052 0 0 1
504.208 0.048 0.002 0 1
504.258 0.05 0.002 0 1
504.31 0.052 0.002 0 1
504.36 0.05 0.002 0 1
504.408 0.05 0 0 1
504.458 0.05 0 0 1
504.508 0.05 0 0 1
504.554 0.046 0 0 1
504.606 0.05 0.002 0.002 1
504.656 0.05 0.002 0.002 1
504.706 0.05 0.002 0.002 1
504.756 0.05 0.002 0.002 1
504.804 0.05 0 0 1
504.848 0.044 0 0 1
504.99 0.142 0 0 1
505.032 0.04 0.002 0.002 1
505.084 0.05 0.004 0 1
505.136 0.054 0.002 0 1
505.188 0.054 0 0 1
505.242 0.052 0.002 0 1
505.294 0.052 0.002 0 1
505.344 0.05 0.002 0.002 1
505.396 0.052 0.002 0 1
505.444 0.048 0.002 0.002 1
505.494 0.052 0 0 1
505.546 0.05 0.002 0.002 1
505.594 0.048 0.002 0 1
505.644 0.048 0.004 0.002 1
505.69 0.05 0 0 1
505.744 0.052 0.002 0 1
505.792 0.05 0 0 1
505.84 0.048 0 0 1
505.892 0.05 0.002 0.002 1
505.938 0.048 0 0 1
505.98 0.04 0.002 0.002 1
506.022 0.044 0 0 1
506.164 0.136 0.006 0.002 1
506.178 0.02 0 0 1
506.232 0.052 0.002 0 1
506.284 0.052 0.002 0.002 1
506.33 0.046 0.002 0.002 1
506.38 0.05 0.002 0.002 1
506.432 0.054 0 0 1
506.486 0.05 0.004 0.002 1
506.536 0.052 0.002 0.002 1
506.588 0.052 0.002 0.002 1
506.64 0.052 0.002 0 1
506.69 0.05 0.002 0 1
506.738 0.048 0.002 0 1
506.784 0.048 0 0 1
506.834 0.048 0.002 0 1
506.884 0.05 0.002 0 1
506.936 0.052 0.002 0 1
506.976 0.042 0 0 1
507.028 0.05 0.002 0.002 1
507.2 0.172 0.002 0.002 1
507.224 0.026 0 0 1
507.274 0.05 0 0 1
507.322 0.046 0.002 0 1
507.368 0.048 0 0 1
507.424 0.054 0.002 0 1
507.476 0.052 0.002 0 1
507.526 0.05 0.002 0.002 1
507.578 0.05 0.004 0 1
507.63 0.054 0.002 0 1
507.678 0.048 0.002 0.002 1
507.73 0.052 0.002 0 1
507.78 0.048 0.004 0.002 1
507.82 0.044 0 0 1
507.87 0.05 0 0 1
507.92 0.048 0.002 0 1
507.966 0.048 0 0 1
508.018 0.05 0.002 0.002 1
508.064 0.046 0.002 0.002 1
508.202 0.14 0 0 1
508.244 0.042 0 0 1
508.3 0.054 0.002 0 1
508.348 0.05 0 0 1
508.4 0.05 0.002 0 1
508.45 0.05 0.002 0.002 1
508.498 0.05 0 0 1
508.554 0.054 0.002 0 1
508.604 0.052 0 0 1
508.652 0.046 0.002 0.002 1
508.702 0.052 0 0 1
508.754 0.05 0.002 0 1
508.804 0.052 0 0 1
508.856 0.048 0.004 0.002 1
508.906 0.052 0.002 0 1
508.954 0.05 0 0 1
509.006 0.05 0.002 0 1
509.132 0.128 0 0 1
509.176 0.044 0 0 1
509.228 0.05 0.002 0 1
509.276 0.048 0.002 0.002 1
509.328 0.052 0.002 0.002 1
509.38 0.054 0 0 1
509.432 0.052 0 0 1
509.484 0.05 0.002 0.002 1
509.536 0.052 0.002 0 1
509.586 0.05 0.002 0.002 1
509.626 0.04 0.002 0.002 1
509.676 0.05 0.002 0.002 1
509.726 0.05 0.002 0.002 1
509.778 0.052 0.002 0 1
509.828 0.05 0.002 0 1
509.874 0.048 0 0 1
509.922 0.046 0.002 0 1
509.972 0.05 0.002 0 1
510.118 0.146 0.002 0 1
510.15 0.034 0 0 1
510.202 0.05 0.002 0.002 1
510.248 0.048 0 0 1
510.302 0.052 0.002 0.002 1
510.352 0.052 0 0 1
510.402 0.05 0 0 1
510.442 0.038 0.002 0.002 1
510.49 0.05 0 0 1
510.54 0.05 0 0 1
510.59 0.05 0 0 1
510.642 0.05 0.002 0 1
510.692 0.05 0.002 0.002 1
510.74 0.05 0 0 1
510.788 0.046 0.002 0 1
510.836 0.05 0 0 1
510.884 0.048 0 0 1
510.928 0.044 0 0 1
510.98 0.052 0 0 1
511.03 0.05 0 0 1
511.186 0.154 0.002 0 1
511.216 0.03 0.002 0 1
511.296 0.074 0.008 0 1
511.316 0.024 0.004 0.002 1
511.37 0.056 0.002 0 1
511.422 0.052 0.002 0 1
511.474 0.052 0.002 0 1
511.526 0.052 0.002 0 1
511.576 0.05 0.002 0.002 1
511.628 0.052 0.002 0 1
511.678 0.05 0.002 0 1
511.726 0.048 0.002 0 1
511.776 0.052 0 0 1
511.828 0.052 0 0 1
511.876 0.048 0 0 1
511.928 0.05 0.002 0.002 1
511.978 0.052 0 0 1
512.03 0.05 0.002 0 1
512.08 0.05 0.002 0 1
512.122 0.044 0 0 1
512.172 0.05 0 0 1
512.22 0.048 0 0 1
512.27 0.048 0.002 0.002 1
512.322 0.052 0.002 0 1
512.372 0.05 0.002 0 1
512.42 0.05 0 0 1
512.472 0.052 0 0 1
512.52 0.048 0 0 1
512.57 0.05 0 0 1
512.618 0.048 0 0 1
512.664 0.046 0 0 1
512.716 0.048 0.004 0.004 1
512.766 0.052 0.002 0 1
512.816 0.05 0.002 0.002 1
512.866 0.052 0 0 1
512.91 0.044 0 0 1
512.962 0.052 0 0 1
513.07 0.106 0.002 0 1
513.074 0.006 0 0 1
513.114 0.04 0 0 1
513.162 0.044 0.004 0 1
513.21 0.052 0 0 1
513.264 0.054 0 0 1
513.314 0.048 0.002 0.002 1
513.368 0.056 0 0 1
513.42 0.052 0 0 1
513.472 0.048 0.004 0.002 1
513.518 0.05 0 0 1
513.568 0.05 0 0 1
513.614 0.046 0 0 1
513.664 0.05 0 0 1
513.718 0.054 0 0 1
513.772 0.05 0.004 0 1
513.822 0.052 0.002 0 1
513.872 0.052 0 0 1
513.912 0.04 0 0 1
514.042 0.128 0.002 0 1
514.064 0.024 0 0 1
514.116 0.052 0 0 1
514.168 0.05 0.002 0.002 1
514.216 0.05 0 0 1
514.268 0.052 0 0 1
514.312 0.044 0 0 1
514.36 0.046 0.002 0 1
514.404 0.044 0.002 0 1
514.456 0.052 0.002 0 1
514.504 0.05 0 0 1
514.552 0.048 0 0 1
514.604 0.052 0 0 1
514.66 0.056 0 0 1
514.702 0.042 0 0 1
514.752 0.05 0 0 1
514.802 0.05 0 0 1
514.85 0.048 0 0 1
514.902 0.052 0 0 1
514.95 0.048 0 0 1
515 0.048 0.002 0 1
515.038 0.04 0 0 1
515.186 0.146 0.002 0 1
515.214 0.03 0 0 1
515.268 0.052 0.002 0 1
515.316 0.05 0 0 1
515.368 0.052 0 0 1
515.422 0.052 0.002 0.002 1
515.474 0.052 0.002 0 1
515.524 0.05 0.002 0.002 1
515.576 0.05 0.004 0.002 1
515.624 0.052 0 0 1
515.676 0.05 0.002 0 1
515.726 0.05 0.002 0 1
515.776 0.05 0.002 0 1
515.824 0.05 0 0 1
515.872 0.048 0 0 1
515.924 0.052 0 0 1
515.976 0.05 0.002 0 1
516.02 0.046 0 0 1
516.072 0.05 0.002 0 1
516.122 0.05 0.002 0 1
516.25 0.128 0.002 0 1
516.26 0.012 0 0 1
516.308 0.048 0 0 1
516.358 0.05 0 0 1
516.412 0.052 0.002 0 1
516.46 0.05 0 0 1
516.512 0.05 0.002 0.002 1
516.564 0.052 0.002 0 1
516.612 0.05 0 0 1
516.662 0.048 0.002 0.002 1
516.708 0.046 0.002 0.002 1
516.758 0.05 0.002 0.002 1
516.808 0.05 0.002 0 1
516.858 0.052 0 0 1
516.906 0.046 0.002 0 1
516.954 0.05 0 0 1
516.994 0.04 0 0 1
517.044 0.05 0 0 1
517.094 0.05 0 0 1
517.144 0.05 0 0 1
517.192 0.048 0 0 1
517.358 0.164 0.002 0 1
517.374 0.018 0 0 1
517.426 0.05 0.002 0.002 1
517.48 0.054 0.002 0 1
517.532 0.052 0.002 0 1
517.582 0.05 0.002 0.002 1
517.632 0.052 0 0 1
517.684 0.05 0.002 0 1
517.736 0.052 0.002 0 1
517.784 0.05 0 0 1
517.836 0.05 0.002 0 1
517.886 0.05 0.002 0 1
517.926 0.042 0 0 1
517.976 0.05 0 0 1
518.026 0.048 0.002 0.002 1
518.076 0.05 0.002 0.002 1
518.126 0.05 0.002 0 1
518.272 0.146 0.002 0 1
518.312 0.042 0 0 1
518.368 0.054 0.002 0 1
518.42 0.052 0.002 0 1
518.468 0.05 0 0 1
518.52 0.052 0 0 1
518.564 0.042 0.002 0.002 1
518.614 0.052 0 0 1
518.662 0.046 0.002 0.002 1
518.71 0.05 0 0 1
518.764 0.052 0.002 0 1
518.804 0.042 0 0 1
518.858 0.052 0.002 0 1
518.9 0.042 0.002 0 1
518.954 0.054 0.002 0 1
519.004 0.05 0.002 0 1
519.054 0.052 0 0 1
519.204 0.15 0 0 1
519.242 0.036 0.002 0.002 1
519.29 0.048 0.002 0 1
519.344 0.054 0.002 0.002 1
519.396 0.054 0 0 1
519.444 0.048 0 0 1
519.498 0.052 0.002 0 1
519.55 0.052 0.002 0 1
519.6 0.052 0 0 1
519.644 0.042 0.002 0.002 1
519.694 0.052 0 0 1
519.74 0.046 0 0 1
519.792 0.052 0 0 1
519.842 0.05 0 0 1
519.892 0.05 0 0 1
519.944 0.05 0.002 0.002 1
519.994 0.052 0 0 1
520.04 0.046 0 0 1
520.18 0.14 0 0 1
520.216 0.034 0.002 0 1
520.27 0.054 0.002 0 1
520.324 0.054 0.002 0 1
520.374 0.052 0 0 1
520.428 0.052 0.002 0.002 1
520.478 0.052 0 0 1
520.526 0.048 0 0 1
520.576 0.048 0.002 0.002 1
520.626 0.052 0 0 1
520.678 0.052 0 0 1
520.722 0.044 0 0 1
520.774 0.05 0.002 0 1
520.822 0.05 0 0 1
520.874 0.052 0 0 1
520.926 0.05 0.002 0 1
520.97 0.046 0 0 1
521.016 0.046 0 0 1
521.066 0.05 0 0 1
521.162 0.096 0 0 1
521.188 0.024 0.002 0.002 1
521.246 0.058 0.002 0.002 1
521.3 0.056 0 0 1
521.356 0.054 0.002 0 1
521.406 0.052 0 0 1
521.46 0.052 0.002 0.002 1
521.51 0.052 0 0 1
521.562 0.05 0.002 0 1
521.612 0.052 0 0 1
521.662 0.05 0 0 1
521.712 0.048 0.002 0 1
521.762 0.052 0 0 1
521.814 0.05 0.002 0 1
521.854 0.04 0.002 0 1
521.906 0.054 0 0 1
521.956 0.05 0 0 1
522.006 0.048 0.002 0 1
522.056 0.052 0 0 1
522.108 0.05 0.002 0.002 1
522.158 0.052 0 0 1
522.21 0.05 0.002 0 1
522.258 0.05 0 0 1
522.378 0.118 0.002 0.002 1
522.378 0.002 0 0 1
522.422 0.044 0 0 1
522.47 0.046 0.002 0.002 1
522.52 0.05 0.002 0.002 1
522.574 0.054 0.002 0 1
522.622 0.048 0.002 0.002 1
522.676 0.054 0.002 0 1
522.724 0.048 0.002 0.002 1
522.776 0.052 0.002 0.002 1
522.826 0.052 0 0 1
522.882 0.054 0.002 0 1
522.924 0.042 0.002 0.002 1
522.972 0.05 0 0 1
523.024 0.05 0.002 0 1
523.074 0.05 0.002 0 1
523.122 0.048 0.002 0.002 1
523.172 0.052 0 0 1
523.224 0.048 0.004 0.002 1
523.274 0.052 0.002 0.002 1
523.434 0.16 0.002 0 1
523.484 0.002 0.05 0.05 1
523.518 0.084 0 0 1
523.564 0.044 0.002 0.002 1
523.616 0.052 0.002 0 1
523.664 0.05 0 0 1
523.718 0.052 0.002 0 1
523.768 0.05 0.002 0.002 1
523.818 0.052 0 0 1
523.868 0.05 0 0 1
523.92 0.05 0.002 0 1
523.97 0.05 0.002 0 1
524.016 0.048 0 0 1
524.066 0.05 0 0 1
524.116 0.05 0 0 1
524.166 0.05 0 0 1
524.216 0.05 0 0 1
524.266 0.05 0 0 1
524.316 0.05 0 0 1
524.364 0.046 0.002 0 1
524.414 0.05 0.002 0 1
524.568 0.152 0.004 0.002 1
524.602 0.036 0.002 0.002 1
524.654 0.052 0.002 0 1
524.704 0.052 0 0 1
524.756 0.05 0.002 0 1
524.804 0.048 0.002 0.002 1
524.856 0.052 0.002 0 1
524.904 0.05 0 0 1
524.954 0.048 0.002 0 1
525.004 0.052 0 0 1
525.056 0.05 0.002 0 1
525.104 0.048 0.002 0 1
525.152 0.048 0.002 0 1
525.194 0.042 0.002 0 1
525.246 0.052 0.002 0 1
525.292 0.048 0 0 1
525.34 0.048 0 0 1
525.39 0.05 0 0 1
525.502 0.11 0.002 0 1
525.538 0.036 0.002 0 1
525.588 0.05 0.002 0.002 1
525.64 0.052 0.002 0 1
525.69 0.052 0 0 1
525.74 0.048 0.002 0.002 1
525.792 0.052 0.002 0 1
525.84 0.05 0 0 1
525.888 0.048 0 0 1
525.942 0.052 0.002 0 1
525.992 0.05 0.002 0.002 1
526.042 0.05 0.002 0.002 1
526.088 0.046 0.002 0.002 1
526.138 0.05 0.002 0.002 1
526.186 0.05 0 0 1
526.234 0.048 0 0 1
526.288 0.052 0.002 0.002 1
526.336 0.05 0 0 1
526.386 0.05 0 0 1
526.514 0.126 0.002 0 1
526.522 0.006 0.004 0 1
526.572 0.054 0 0 1
526.626 0.05 0.004 0.002 1
526.676 0.054 0 0 1
526.726 0.05 0 0 1
526.776 0.05 0 0 1
526.828 0.052 0 0 1
526.878 0.05 0 0 1
