0.69454 -0.0417744 -0.0248661 0.693656 -0.000187869 -0.000684668 0.941142 -0.33801 0.00231623 -0.00339742 0.00506108 -6.98681e-05 0.0010619 -0.168207
0.711638 -0.0348356 -0.0282579 0.71178 -0.000841956 -0.000588246 0.963522 -0.267626 0.00164015 -0.00447973 -0.0106593 0.00159355 -0.000418419 -0.135058
0.715068 -0.0394547 -0.0399694 0.715114 -0.000362441 2.53435e-05 0.976801 -0.214148 -0.00193311 -0.00273867 -0.0152679 0.000163628 -0.00191645 -0.105556
0.711119 -0.0420437 -0.0431587 0.709913 -0.000340617 9.89095e-05 0.982567 -0.185906 0.000380115 0.000586048 -0.0126871 0.000452006 0.000199063 -0.0925082
0.671851 -0.0462708 -0.047397 0.673457 -0.000253406 0.000272452 0.989185 -0.146675 0.00219432 0.00263899 0.0300364 0.000592225 0.000351007 -0.0760826
0.693752 -0.0501698 -0.0509332 0.694862 -6.37849e-05 0.000556557 0.99256 -0.121752 0.00315056 0.00430454 0.006757 -3.94168e-05 -0.000279545 -0.067814
0.697497 -0.056743 -0.0513237 0.69622 0.000409023 0.000617116 0.994956 -0.100309 0.00334514 0.0059339 0.00208279 -0.000804932 -0.000920997 -0.0578495
0.693995 -0.0588822 -0.0499465 0.694244 0.000514711 0.000595722 0.996436 -0.084352 0.00538932 0.00639826 0.00656229 -0.000469301 -0.00014161 -0.0561601
0.700179 -0.0601422 -0.0464367 0.699613 0.000609023 0.000435116 0.997805 -0.0662214 0.00613422 0.00607056 -0.000212132 -0.000647926 -0.000470571 -0.0504243
0.701367 -0.0578345 -0.0433115 0.700824 0.000525898 0.000319065 0.998863 -0.0476609 0.00768715 0.00414867 -0.00197744 0.000389827 0.000901349 -0.0370894
0.70303 -0.0576632 -0.0411623 0.70369 0.000519768 0.000331312 0.999291 -0.0376487 0.00613009 0.00417523 -0.00268009 -0.000972765 -0.000894789 -0.0355922
0.704678 -0.057245 -0.0377823 0.705613 0.000661769 3.42329e-05 0.999633 -0.0270711 0.00679422 0.00337656 -0.0044439 -0.000348005 0.00110753 -0.0359693
0.714348 -0.0627212 -0.03649 0.715406 -0.00830479 -0.000125102 0.999792 -0.0186384 -0.0354512 0.000862035 -0.000566076 1.83772e-05 -0.0198935 -0.0175548
0.725317 -0.089635 -0.0360131 0.72157 -0.00607974 0.000841862 0.999858 -0.0157037 -0.0569297 0.0011567 0.0045661 0.00819361 -0.00608979 -0.00747463
0.71863 -0.135666 -0.0329997 0.718401 -0.00623247 0.000753851 0.999933 -0.00973158 -0.0622414 0.00699348 0.00492411 -0.000265368 0.00136645 -0.0224098
0.709219 -0.21383 -0.0267007 0.708144 -0.00666301 0.000842184 0.999976 0.00156348 -0.0677724 0.0094378 0.00361338 7.94098e-06 0.000802703 -0.0263385
0.717324 -0.27126 -0.0209341 0.714394 -0.00696904 0.000908972 0.999934 0.00914389 -0.0717137 0.0102274 0.00298679 0.000106603 0.000349942 -0.0251806
0.720202 -0.331659 -0.0170765 0.720908 -0.00708604 0.000942073 0.999856 0.0154209 -0.0775432 0.0102497 0.00442347 4.39345e-05 -0.00048989 -0.0239025
0.732225 -0.401206 -0.0127757 0.728754 -0.00729749 0.000872119 0.999737 0.0217193 -0.0828961 0.00931532 0.00341685 0.00065676 0.000609246 -0.018298
0.729976 -0.494862 -0.00817843 0.726006 -0.00762872 0.000858228 0.999579 0.0279698 -0.0894968 0.00814864 -0.00305758 -0.00123977 0.000787095 -0.014116
0.727567 -0.602792 -0.000203945 0.726509 -0.00768947 0.000965675 0.999456 0.032067 -0.0968702 0.00702382 -0.00243 5.18148e-05 -5.77988e-06 -0.0057962
0.735863 -0.673758 0.0075039 0.735791 -0.00757346 0.00130396 0.9994 0.0337676 -0.0986249 0.00862029 0.0035193 -0.000168458 0.000607464 -0.0107289
0.747051 -0.772149 0.0224926 0.752511 -0.00648779 0.00134414 0.999221 0.0388964 -0.0984218 0.0116955 0.055005 -0.00063848 0.00291666 -0.0169282
0.77007 -0.871384 0.0423489 0.76876 -0.00833452 0.000633835 0.998933 0.0454318 -0.104073 0.0116344 -0.00982553 0.00134468 -0.00339779 -0.0102051
0.764774 -0.942365 0.050425 0.762095 -0.00801775 0.000989747 0.998887 0.04648 -0.108864 0.0103034 -0.00946088 -0.00017025 -0.000360103 -0.00320978
0.763374 -1.00958 0.0607191 0.762165 -0.00792524 0.000941409 0.998883 0.0465686 -0.11184 0.0112976 -0.00698618 -0.00176013 -0.000774735 -0.00425601
0.776101 -1.08401 0.0716033 0.76741 -0.00780808 0.000440129 0.998931 0.0455638 -0.112631 0.00894458 0.00701695 -5.90606e-05 -0.000326889 0.00489846
0.793687 -1.15933 0.0809531 0.770055 -0.00780311 0.000464363 0.999057 0.0427134 -0.114401 0.00864774 0.00774918 -0.000189585 0.000179371 0.00821897
0.830623 -1.2652 0.0904615 0.775499 -0.00768751 0.000438013 0.999213 0.0389151 -0.117388 0.00844683 -0.00196497 -0.00111617 -0.00191967 0.00844274
0.798259 -1.37029 0.0984832 0.762956 -0.00759785 0.000402819 0.999429 0.0329065 -0.118639 0.00733789 -0.00258432 -0.000134364 0.000308736 0.0121865
0.752047 -1.45884 0.106254 0.760579 -0.00479298 0.000524213 0.999599 0.0279015 -0.116829 0.00743877 0.00141811 0.0123879 -0.09827 -0.00293192
0.733264 -1.50329 0.108031 0.76273 0.00216027 0.000912436 0.998174 0.0603538 -0.0568279 0.00788299 -0.00342598 -0.00202911 0.00016657 -0.202501
0.726515 -1.5187 0.109267 0.742048 0.00242726 0.000693092 0.993096 0.117279 -0.0262462 0.00393536 0.0114213 0.000792415 -0.00112157 -0.177763
0.719881 -1.52033 0.116173 0.735359 0.00294652 0.00104265 0.984015 0.178057 -0.0116621 0.00586928 0.0250974 -0.0038282 -0.00123455 -0.225307
0.717894 -1.50687 0.12128 0.751356 0.00276254 0.000471282 0.968159 0.25032 -0.00506015 0.00247285 0.0109095 -0.00168317 0.000748039 -0.230606
0.7215 -1.48488 0.125206 0.775604 0.00204351 -6.65043e-05 0.947234 0.320536 -0.00573213 -0.000626486 -0.0117744 -0.00394355 0.00159803 -0.210768
0.727916 -1.46142 0.125433 0.7721 0.0014505 -0.000636315 0.924134 0.382066 -0.00927732 -0.00450439 -0.014726 -0.00230875 0.00386662 -0.166331
0.73948 -1.44372 0.121118 0.763274 0.000364118 -0.000908034 0.905835 0.423629 -0.0139599 -0.00535855 -0.00425074 -0.0011975 0.00128106 -0.151168
0.748174 -1.43608 0.11493 0.758115 0.000114157 -0.000790142 0.888718 0.458454 -0.0184392 -0.00465823 0.00137268 -0.000792664 0.0008085 -0.125645
0.757169 -1.42876 0.108868 0.751617 -0.00025889 -0.000542267 0.864866 0.502003 -0.015603 -0.00167127 0.00666913 -0.00475662 0.00159839 -0.189559
0.762591 -1.41907 0.106849 0.760371 -0.00113456 -0.00150627 0.83409 0.551625 -0.0143919 -0.000197069 0.00261435 -0.00251164 0.00138028 -0.171331
0.767241 -1.41909 0.102743 0.764104 -0.00152753 -0.00162276 0.805443 0.592669 -0.0157404 -4.47999e-05 -0.0103487 0.000254109 0.000648177 -0.132519
0.769992 -1.43263 0.093805 0.747052 -0.00148109 -0.000904674 0.774736 0.632282 -0.0123057 0.000683982 0.0124345 0.00218597 0.00121579 -0.101742
0.769984 -1.44664 0.0888049 0.732879 -0.00126307 -0.000155468 0.754094 0.656765 -0.00593721 0.0032072 0.0286726 0.000721637 0.00012363 -0.0945238
0.765498 -1.45941 0.0893335 0.749342 -0.000863127 0.000205371 0.7366 0.676328 -0.000325463 0.00516431 0.0148681 0.0024134 -0.0003726 -0.0926145
0.75413 -1.47502 0.0965551 0.763491 0.000148498 0.000490014 0.717306 0.696758 0.00509809 0.00686466 -0.00359038 0.00339492 -0.00193249 -0.0925063
0.747769 -1.47924 0.100183 0.750228 -3.90759e-05 0.000769605 0.697922 0.716174 0.0136039 0.00392424 0.035027 -0.0113952 0.0399577 -0.0862075
0.738009 -1.48431 0.112125 0.781156 -0.00457089 0.00364304 0.6849 0.728614 0.00904791 0.0389867 0.057437 0.0016226 -0.00391156 -0.0352423
0.712443 -1.49088 0.137592 0.803899 -0.000399464 -0.000437217 0.67439 0.738375 0.00444087 0.00935566 0.0476464 0.00214478 0.0989657 -0.0634245
0.686149 -1.49815 0.164831 0.852672 -0.00480865 0.00392702 0.664238 0.747495 0.00815397 0.0481378 0.0346371 0.00056055 -0.0238839 -0.0198943
0.622138 -1.50854 0.20303 0.879535 -0.00309387 0.00334826 0.658855 0.752256 0.00840631 0.0366039 0.0630023 0.00496528 0.029618 -0.0282265
0.581192 -1.51335 0.242547 0.918568 -0.00357354 0.00352333 0.651089 0.758985 0.0146316 0.0552468 0.103863 -0.00915211 -0.0314954 -0.0287467
0.537983 -1.51875 0.283709 0.991717 -0.00269172 0.00169337 0.647242 0.762278 0.00765067 0.0439185 0.114796 0.000907851 0.00208755 -0.00493368
0.489976 -1.53209 0.32724 1.00308 -0.000294258 -0.0021287 0.63416 0.773199 -0.00372111 -0.000273567 -0.0095658 0.0100887 -0.000908934 0.297521
0.480943 -1.54584 0.330693 0.976241 0.00175765 -0.00116429 0.725404 0.688321 0.00154433 -0.00731117 0.00978547 0.00381711 -0.00219371 0.392298
0.483982 -1.55119 0.324286 0.978845 0.00189426 -0.00119586 0.808804 0.588075 0.0115446 -0.013329 0.015147 0.00189649 0.000810074 0.349004
0.499918 -1.55001 0.309377 0.999261 0.00302565 0.00196783 0.807759 0.589502 0.0331926 -0.00692243 -0.00529136 -0.0286798 0.00205058 -0.374558
0.515861 -1.54588 0.295115 1.00639 0.000688523 -0.000518164 0.809414 0.587238 0.00626249 -0.0106053 -0.015721 0.00871024 0.000149605 0.302349
0.5235 -1.54356 0.288427 1.00345 0.00147011 0.000406018 0.871509 0.490376 0.0107065 -0.00577459 -0.0143181 0.000304978 0.000798047 0.28794
0.527573 -1.53844 0.283833 0.98576 0.00126143 0.000432334 0.911923 0.41036 0.0121 -0.00339541 0.00419897 0.000481965 0.000731824 0.219293
0.532432 -1.53333 0.280457 0.992081 0.00114052 0.000585304 0.938744 0.344614 0.0104797 -0.00164136 -0.000278423 0.000241832 0.000455925 0.181647
0.534021 -1.52563 0.280699 0.990792 0.000897633 0.000431111 0.958211 0.286059 0.00858231 -0.000513152 -0.00180463 -0.000411193 0.00107156 0.16411
0.53582 -1.51644 0.280887 0.992471 0.000511347 0.000457372 0.974334 0.225104 0.00580711 -0.000713991 -0.000109889 -0.00071181 0.00249654 0.136815
0.538172 -1.5069 0.281817 0.9787 -0.00015471 0.000532916 0.985504 0.16965 0.00137119 -0.000269531 0.000630302 -0.00179328 0.000547159 0.105888
0.53234 -1.50461 0.286909 0.960646 -0.000266896 0.000208044 0.990966 0.134116 -0.000759901 -0.000993773 0.0346751 -0.00125261 0.000886899 0.101757
0.531494 -1.50274 0.288431 0.985803 -0.000548466 0.000204989 0.995263 0.0972209 -0.00185787 -0.00362612 0.0090924 -0.000175963 0.000856076 0.0841669
0.531133 -1.50551 0.290383 1.00494 -0.000597553 0.000112274 0.998137 0.0610061 -0.0026787 -0.00485863 -0.00961313 -1.97405e-05 -0.000520219 0.107314
0.528431 -1.51185 0.29315 1.02061 -0.000285416 6.36384e-05 0.999601 0.0282416 -0.00133426 -0.00497875 -0.0296815 -0.000869566 -8.85105e-05 0.0586867
0.52372 -1.51784 0.294215 0.992651 -0.000130154 -6.44947e-05 0.999979 0.00643915 0.000333246 -0.00618573 -0.00329727 -0.000465292 -0.00159334 0.049223
0.520942 -1.52227 0.295441 0.987265 1.56611e-05 -0.000200818 0.999911 -0.0133397 0.00340024 -0.00645597 -0.0012785 -0.000632722 -0.000154012 0.0368141
0.518451 -1.52554 0.29561 0.978662 0.000160933 -0.000400215 0.999613 -0.0278122 0.0051918 -0.00769436 0.0128218 0.00073822 -5.86347e-05 0.0355011
0.524044 -1.52716 0.289806 0.99344 0.000226714 -8.71414e-05 0.998985 -0.0450547 0.00649578 -0.00885956 -4.40378e-05 0.0015612 -0.000296736 0.0501463
0.525752 -1.53002 0.289126 0.992617 0.000421553 -3.47435e-05 0.997204 -0.0747282 0.00646562 -0.0058138 -0.00447849 -0.00017468 -0.000976464 0.0528414
0.524122 -1.53085 0.290109 0.989659 0.000459236 -0.00016239 0.995561 -0.0941177 0.00750674 -0.00503208 0.0036916 -0.00051759 -0.000353773 0.0381765
0.522434 -1.53069 0.29069 0.987892 -0.00455049 -0.00120501 0.993515 -0.113606 0.00178277 -0.00730765 0.0652167 -0.00422542 0.0764995 0.0297253
0.535088 -1.54925 0.282462 1.06869 -0.00520849 -0.00135821 0.992081 -0.125489 -0.041879 -0.0202712 0.045678 -0.00214857 0.00208018 0.0233105
0.559158 -1.58581 0.267128 1.13081 -0.00540967 -0.000758701 0.990619 -0.136547 -0.0543831 -0.025682 0.0550391 0.00928648 0.00489621 0.0209224
0.581003 -1.63598 0.248434 1.14983 -0.00559351 -0.000256064 0.989959 -0.141246 -0.0654319 -0.0236054 0.0508865 0.00839518 -0.00209434 -0.00361623
0.589509 -1.69526 0.229329 1.19568 -0.00545942 0.000394851 0.990558 -0.136982 -0.070557 -0.0196769 0.0456662 0.00620829 -0.00361975 -0.0266832
0.60351 -1.75433 0.213169 1.23666 -0.00511328 0.000337076 0.992051 -0.125729 -0.0734866 -0.0162298 0.0131583 -0.00935669 -0.0469497 -0.0392621
0.620783 -1.79907 0.20151 1.25916 0.00264682 0.000857211 0.994683 -0.102949 -0.00995407 -0.00605132 -0.0291448 0.00237817 -0.000613807 -0.0594826
0.620163 -1.79476 0.203497 1.25827 0.00237515 0.000987272 0.997697 -0.0677777 0.00449202 -0.000513956 -0.0301593 -0.000168282 0.000588319 -0.0740507
0.606355 -1.7792 0.215752 1.25243 0.00207643 0.000327183 0.999253 -0.038591 0.00376289 -0.00136989 -0.0262265 -0.00181021 0.00241446 -0.0673759
0.584495 -1.75925 0.22381 1.25256 0.00112088 -0.00012136 0.99989 -0.0147911 -0.00182825 -0.00550771 -0.0233988 -0.000962439 0.00113879 -0.060789
0.566219 -1.76848 0.236899 1.31865 -0.00502372 -0.00036446 0.999983 0.00294215 -0.0618773 -0.00250156 0.0578129 0.000989776 0.000328458 -0.00418215
0.560962 -1.80862 0.241788 1.38624 -0.00526589 -0.000168378 0.999986 -0.000203738 -0.0681278 -0.00309778 0.0572561 -0.000706343 0.000844868 0.00668457
0.562209 -1.86051 0.24241 1.43058 -0.00517516 -0.00076429 0.999961 -0.00713934 -0.068278 -0.005913 0.0554655 -0.000166282 0.00113914 0.0235414
0.566106 -1.90966 0.238999 1.4841 -0.00577138 -0.00100736 0.999836 -0.0171236 -0.0693293 -0.00769481 0.0489321 0.000449519 0.00152878 0.0262612
0.572379 -1.97762 0.226651 1.57021 -0.00383997 -0.000632379 0.999606 -0.0278078 -0.0699638 -0.00741812 0.0422078 -0.00977968 -0.00618884 0.0169948
0.595549 -2.04196 0.210312 1.62656 -0.00634041 -0.00111142 0.999197 -0.0395404 -0.0703735 -0.0133776 0.0485918 0.000384289 0.00106678 0.030113
0.623389 -2.09999 0.195497 1.63825 -0.00596892 -0.00114992 0.99852 -0.054038 -0.030051 -0.00533117 0.0168154 0.00635388 0.0145648 0.0311133
0.623953 -2.13309 0.18824 1.64937 0.000928769 0.000423332 0.998807 -0.0488131 -0.0160708 -0.000321882 -0.018241 -0.000947584 -0.00339042 -0.0486458
0.629386 -2.16185 0.186662 1.64446 -0.00760022 0.000446787 0.999467 -0.031758 -0.0641627 -0.00156925 -0.0213674 0.000905008 -0.0108998 -0.0332905
0.648123 -2.241 0.182785 1.64809 -0.00366112 0.00021161 0.999731 -0.0228901 -0.0837752 -0.00486492 0.000479059 -0.00314247 -0.100141 -0.0149185
0.606786 -2.28644 0.181468 1.65412 0.00225924 0.000325045 0.999977 -0.00646124 -0.0130318 -0.00374791 -0.0093346 0.000396363 0.000191997 -0.0587937
0.598937 -2.29128 0.181175 1.65 0.00205968 0.00073465 0.9998 0.0198959 0.00910055 -0.00170436 -0.00402831 -0.00140203 0.000107933 -0.0808263
0.612489 -2.27763 0.186796 1.65828 0.00167505 0.000291322 0.998127 0.061158 0.0152332 -0.00328743 -0.00913073 -0.000349196 0.00151971 -0.0620759
0.613427 -2.26492 0.192636 1.66954 0.00137292 0.000103265 0.995476 0.0950018 0.0130591 -0.00332801 -0.0239934 -0.0018581 0.000781114 -0.1071
0.609699 -2.25371 0.195222 1.6717 0.00111484 -0.000273347 0.991087 0.13321 0.0104426 -0.00674774 -0.0272674 -0.00136751 0.00187814 -0.0877038
0.608754 -2.24018 0.196405 1.66501 0.000529385 -0.000510995 0.987149 0.159799 0.00747194 -0.00851557 -0.0228663 -0.000882306 0.00141885 -0.0459554
0.602222 -2.24273 0.203737 1.68617 -0.00564291 0.00160375 0.984525 0.175146 -0.0358773 0.0162944 0.0558911 -0.00103172 -0.00461968 -0.0283742
0.584052 -2.26867 0.218796 1.69587 0.00115092 -0.000814387 0.984921 0.172998 -0.00360476 -0.000762029 0.00219109 0.00166947 0.00144616 0.0401746
0.574121 -2.2997 0.229964 1.76238 -0.00613436 0.00104192 0.986325 0.164696 -0.0509927 0.021923 0.0548438 -0.00133388 -0.00186049 -0.00298796
0.555456 -2.36499 0.248994 1.81558 -0.00612986 0.00070847 0.985885 0.167309 -0.0651887 0.0246055 0.0584451 0.00081836 3.67088e-05 -0.00174257
0.539573 -2.42291 0.262054 1.85165 0.00268679 -0.000611774 0.986742 0.162272 -0.0308255 0.0106114 -0.0110652 0.00287865 0.00864397 0.0478819
0.534735 -2.44038 0.26561 1.84593 0.00203549 -0.000292045 0.990759 0.135617 0.00452242 0.00259193 -0.00329495 -0.000134856 -0.0012214 0.0523664
0.538913 -2.43778 0.26684 1.84363 0.00228883 0.000126776 0.991783 0.127908 0.0137479 0.00407115 -0.0013381 -0.00152021 0.00113643 -0.0534753
0.53426 -2.42397 0.265605 1.84794 0.00169399 -0.00100084 0.987614 0.15689 0.0126948 0.0016855 -0.0121076 -0.00125351 0.000991014 -0.03518
0.542355 -2.40993 0.257209 1.85916 0.00133591 -0.000476166 0.989272 0.146078 0.00675404 -0.000227918 -0.0139031 0.00116764 0.00122472 0.0517788
0.550791 -2.39801 0.250711 1.86123 0.000887079 -0.000117648 0.992393 0.123108 0.0032037 0.00346254 -0.020781 0.000466505 0.0015785 0.0528687
0.558199 -2.38373 0.241966 1.86406 -0.00650006 -0.000715732 0.994976 0.0998982 -0.0205627 0.00538052 0.0652165 0.00100596 -0.00305187 0.0361064
0.554977 -2.40831 0.240196 1.86349 -0.00574849 0.00132334 0.995515 0.094425 -0.0527219 0.0180095 -0.0200927 -0.0015777 -6.28321e-05 -0.0197725
0.522647 -2.47142 0.244714 1.91016 -0.0056208 4.56329e-05 0.994918 0.100528 -0.0589946 0.0104423 0.0623216 0.0011182 0.00178735 0.00651031
0.495322 -2.54795 0.247916 1.96271 -0.00657906 0.000325319 0.995496 0.0945731 -0.0665196 0.00841932 0.0468194 0.000516614 0.00113857 0.0122961
0.494874 -2.6502 0.258924 2.05308 -0.00454917 0.000733288 0.995316 0.0965613 -0.0673718 0.0141388 -0.00188193 -0.00757751 -0.0796265 -0.0124056
0.489407 -2.70631 0.263853 2.07335 0.00252372 0.000331241 0.997045 0.0767755 -0.00600064 -0.00127368 -0.0343367 0.000389357 -0.00370469 0.0831545
0.48412 -2.71342 0.268768 2.04775 0.00264856 5.45156e-05 0.999054 0.0434136 0.020139 -0.00357343 -0.00971464 -0.000724002 0.000126944 0.0615038
0.47619 -2.70342 0.275201 2.02521 0.00263307 -0.000101026 0.999703 0.0242463 0.0237466 -0.00344602 0.0167013 -0.000109428 0.00113067 0.00250185
0.502001 -2.68528 0.276261 2.06862 -0.00783541 0.00102556 0.998935 0.0454651 -0.0320886 0.00464854 0.0579614 -0.00197905 -0.021304 -0.0307124
0.501778 -2.72944 0.287045 2.12498 -0.00587039 0.000742801 0.998563 0.0532643 -0.0611733 0.00976384 0.0567014 0.000302043 0.000303876 -0.0125236
0.499302 -2.79226 0.296348 2.16867 -0.00617765 0.00106301 0.998212 0.0594423 -0.0658233 0.0124008 0.0504411 8.51222e-05 0.000700344 -0.0179847
0.493031 -2.86363 0.310674 2.21727 -0.00708727 0.0005842 0.997833 0.0654095 -0.0717181 0.0116321 0.0512636 0.000467998 6.30597e-05 -0.00618473
0.476681 -2.96524 0.325004 2.26015 -0.00719405 0.000303505 0.997864 0.0649241 -0.0770017 0.0086359 0.0488789 0.000859351 0.000864801 0.0088499
0.46883 -3.05526 0.333843 2.29314 -0.00688465 -0.000152135 0.998189 0.0597677 -0.0788047 0.00483513 0.0536961 0.000786734 0.00166338 0.0210374
0.460626 -3.14276 0.340731 2.34192 0.00197015 0.000231363 0.99884 0.0481091 -0.0552822 0.00313958 -0.0162191 -0.000931971 -0.0103311 0.0422229
0.453223 -3.18509 0.350025 2.33281 0.00279126 -0.000577927 0.999781 0.0207558 0.000767919 0.000949229 -0.00432436 -0.00291849 6.7296e-05 0.079334
0.451747 -3.18756 0.349386 2.35683 0.00328322 -0.000901486 0.999849 -0.0170245 0.0157455 -0.00387966 -0.0313614 -0.00175249 0.000211993 0.110055
0.456226 -3.16085 0.343167 2.33567 0.00267992 -0.000659987 0.994993 -0.099907 0.0163489 -0.00288051 -0.0129915 0.00146789 0.00203637 0.135819
0.462285 -3.11857 0.338304 2.33564 0.000965808 -0.000298953 0.985447 -0.169979 0.00560797 0.00202786 -0.0130917 0.000602773 0.00176867 0.0961935
0.468173 -3.09356 0.333694 2.3299 -0.00138831 -0.000476079 0.9767 -0.214606 -0.00667098 0.00375508 0.0133764 -0.0160917 0.0763524 0.0511493
0.480999 -3.10435 0.316569 2.3356 -0.00558574 -0.00193613 0.97361 -0.228141 -0.0506377 -0.0266835 0.0168144 0.00100332 -0.000168573 0.0184361
0.502774 -3.14498 0.283446 2.36406 -0.00630638 -0.001326 0.971935 -0.235161 -0.0611692 -0.0333104 0.0208159 -0.000667449 0.000598248 0.00520187
0.484475 -3.17901 0.259835 2.3616 0.00168216 0.00092557 0.973424 -0.229004 -0.0090849 -0.00450469 0.00671931 6.98365e-05 0.00273372 -0.0389347
0.477447 -3.19596 0.249402 2.36584 0.000170749 0.000407469 0.978462 -0.206427 -0.00675342 -0.0046678 0.000326627 0.000923928 0.00361781 -0.0754971
0.475397 -3.20814 0.242049 2.35516 0.000354894 0.000901941 0.988154 -0.153463 0.00780456 0.00164919 0.014185 -0.000261146 -0.000786134 -0.0877307
0.481566 -3.21541 0.249072 2.36827 0.00107046 0.000686648 0.995563 -0.0940929 0.0131669 0.00229095 0.00285148 -0.00122248 -0.000217269 -0.0895029
0.488627 -3.22284 0.259393 2.39805 -0.00807944 0.000533683 0.997568 -0.069232 -0.035298 -0.00221914 0.0212954 -0.000735924 -0.02206 -0.0358314
0.514398 -3.27998 0.264053 2.38063 -0.00602728 0.000154884 0.998338 -0.0573218 -0.0669749 -0.00456095 0.0343968 0.000347835 -0.00031213 -0.0198768
0.535213 -3.35364 0.26734 2.3991 0.00310087 -0.000146084 0.998448 -0.0556118 -0.0283041 -0.00405222 0.00104044 0.000151032 0.00648964 0.0335225
0.532556 -3.36353 0.268568 2.41471 0.00244291 -0.000260449 0.99713 -0.0756663 0.0045526 -0.00379283 -0.0166688 0.00121918 0.000763186 0.0449181
0.532977 -3.35813 0.26835 2.41135 -0.000252137 9.0064e-05 0.995568 -0.0940442 -0.0104694 -0.00319511 0.00109932 -0.000822951 -0.00421517 0.0514846
0.531458 -3.35827 0.269244 2.42446 0.000235864 -4.47419e-05 0.993112 -0.117169 -0.014192 -0.00139876 -0.00898912 0.000106162 -0.000197553 0.0522672
0.531312 -3.35463 0.269843 2.41588 -0.00241761 -0.000984787 0.990566 -0.137012 -0.0152551 -0.00122542 0.0274932 -0.0154666 0.080583 0.0395909
0.544031 -3.39487 0.254331 2.45632 -0.00555594 -0.00136588 0.988601 -0.150453 -0.0707169 -0.0197328 0.0258019 -0.00444711 -0.00207846 0.00620338
0.576892 -3.46648 0.220468 2.51293 -0.00596411 -0.00132138 0.987579 -0.157002 -0.0753912 -0.0267648 0.0285845 0.0013548 0.00109767 0.0123612
0.603057 -3.53427 0.194141 2.54468 -0.00631223 -0.00134012 0.986971 -0.160768 -0.0802488 -0.027389 0.031612 5.20826e-05 0.00107663 0.00604026
0.642377 -3.61985 0.154856 2.60246 -0.0058401 -0.00187142 0.985873 -0.16738 -0.0773995 -0.0341419 0.0392727 0.000696334 0.00117848 0.0267966
0.696287 -3.70098 0.115079 2.66102 -0.00607232 -0.00146863 0.985315 -0.170634 -0.077721 -0.0273621 0.0519375 -0.0176499 0.00154229 -0.0107753
0.763539 -3.78367 0.0778729 2.72543 -0.00651976 -0.00187836 0.983842 -0.178913 -0.0756266 -0.0381114 0.0293668 -0.00332367 0.00461187 0.0295619
0.809123 -3.86164 0.040356 2.756 -0.00689896 -0.0019831 0.981148 -0.193127 -0.0793287 -0.0425509 0.0278363 -0.000304155 0.000473308 0.0305199
0.815143 -3.94424 -0.000873841 2.78823 -0.00707761 -0.00205998 0.97858 -0.205736 -0.0820783 -0.0452372 0.0284354 -0.000342889 0.000503733 0.0285361
0.874392 -4.02168 -0.0433862 2.82035 -0.00767752 -0.001765 0.976632 -0.214776 -0.0857411 -0.0459639 0.0385899 -7.62632e-05 -0.00207946 0.0141001
0.948264 -4.11248 -0.0928167 2.86352 -0.00747377 -0.00164225 0.97555 -0.219646 -0.0881589 -0.0478268 0.0408108 0.000442556 0.000438509 0.00916468
1.00885 -4.20309 -0.137333 2.82424 -0.00755977 -0.00127671 0.975222 -0.221094 -0.0921292 -0.0462465 -0.0574283 -0.00041096 -3.82908e-05 -0.00350386
0.925293 -4.28096 -0.173097 2.8344 -0.0110291 -0.00192453 0.977914 -0.208707 -0.0560994 -0.028153 -0.0540008 -0.000762511 0.00958789 -0.0300463
0.851786 -4.36403 -0.203114 2.78021 -0.00749248 -0.00127541 0.979062 -0.20342 -0.0917808 -0.0418628 -0.0587776 -0.000492034 -0.00247165 -0.00268406
0.758091 -4.46828 -0.242095 2.72303 -0.00665095 -0.00191624 0.979194 -0.202807 -0.0967281 -0.0435471 -0.0494971 -0.013081 -0.00777396 0.00203886
0.674237 -4.54966 -0.277679 2.67567 -0.0065575 -0.00202563 0.977691 -0.209937 -0.0917023 -0.0484155 -0.0503644 0.000530493 0.000516698 0.0277541
0.608965 -4.61429 -0.306078 2.62858 0.00218884 0.000688624 0.980422 -0.196894 -0.0335884 -0.013648 0.0504277 -0.000363967 -0.00198911 -0.0815064
0.595116 -4.62941 -0.311307 2.6588 -0.0101521 -0.00268422 0.987162 -0.159374 -0.0521877 -0.0229394 -0.0392047 0.00137349 -0.0281686 -0.0146378
0.558195 -4.67669 -0.333285 2.63429 0.00179298 0.000137639 0.986352 -0.164638 -0.0710222 -0.0316895 0.00425435 -0.00114388 -0.0428163 0.0404986
0.529472 -4.71426 -0.354738 2.56437 -0.0036882 -0.000956744 0.981863 -0.189555 -0.0571368 -0.0283659 -0.0986501 -0.000691067 4.75143e-05 0.0374685
0.50693 -4.73671 -0.362354 2.56418 0.000618331 -0.000311784 0.972979 -0.230893 -0.0239171 -0.0135758 0.00350734 0.00135967 -0.000492786 0.149611
0.506482 -4.73807 -0.36869 2.56248 0.000593898 0.000191701 0.954216 -0.299118 -0.00893095 -0.00424939 0.0057827 -0.00238489 0.000175847 0.0966733
0.513594 -4.73002 -0.369526 2.56014 0.000416463 0.000224072 0.915317 -0.402734 -0.00255697 -0.0023005 0.00806955 0.000650753 -0.000461085 0.243657
0.520224 -4.72329 -0.369468 2.56953 0.000155526 0.000756624 0.880146 -0.474703 -0.00364979 0.00261243 0.00125388 4.84501e-05 0.00079666 0.126695
0.496518 -4.72098 -0.365021 2.57354 0.000105981 0.000454635 0.855518 -0.517773 -0.00232389 0.00336057 -0.00522577 0.000178562 0.000402123 0.11125
0.49915 -4.72016 -0.358063 2.56075 -0.00112625 0.000598752 0.837324 -0.546705 -0.0065861 0.000390419 0.00603729 -0.00225747 0.00113706 -0.00520474
0.49453 -4.72453 -0.35711 2.55676 -0.000431053 -0.000507981 0.823015 -0.56802 0.00197893 -0.00422201 0.00946514 0.00334767 -0.000676997 0.180059
0.492962 -4.72903 -0.362016 2.5543 -0.000495197 0.000164842 0.769902 -0.638162 0.00136212 -0.00121303 0.0130547 -0.00198413 -0.000346199 0.132657
0.482187 -4.73744 -0.368079 2.57849 0.000203163 2.01012e-05 0.733853 -0.679308 0.00494599 0.000177129 -0.0095534 -0.000668447 -0.00094179 0.102288
0.477904 -4.74069 -0.367504 2.57989 0.000348761 -0.000184395 0.701698 -0.712475 0.00887353 0.00305029 -0.014842 1.12676e-05 0.000839065 0.100788
0.472302 -4.74607 -0.366599 2.58122 0.000550827 -0.000352466 0.752198 -0.658937 0.00338715 0.00241856 -0.0161982 -0.00906889 -0.00048407 -0.285026
0.475484 -4.74411 -0.36706 2.56415 0.00080648 -0.000375659 0.800255 -0.599659 0.0132707 0.00261013 0.000543374 0.000470053 -0.000216471 -0.097752
0.478919 -4.74088 -0.36936 2.56237 0.00126782 -0.000717747 0.800139 -0.599812 0.0159325 0.00149014 0.00175865 0.00290353 0.00020839 0.116282
0.490679 -4.72708 -0.366797 2.5551 0.000479871 -0.000203328 0.757415 -0.652934 0.0134454 0.00207977 0.00806871 0.00364132 0.000121621 0.165098
0.503556 -4.71524 -0.36406 2.55494 -1.09016e-05 8.5646e-05 0.697249 -0.71683 0.00834881 0.0025306 0.00698288 0.00277996 -2.86834e-05 0.24376
0.507366 -4.71461 -0.364162 2.54598 -0.000339514 0.000554599 0.626511 -0.779413 -0.00109643 0.00156611 0.0201777 -0.00131154 -3.28932e-05 0.122151
0.52673 -4.71528 -0.363105 2.56111 -0.00129444 0.00115065 0.63716 -0.77073 -0.00864946 -0.000221331 0.00273844 -0.00575747 -6.83408e-05 -0.262713
0.49084 -4.72856 -0.363907 2.57246 0.000217742 -6.29804e-05 0.742319 -0.670046 -0.00120969 0.00122086 -0.00620941 -0.00127549 -0.000912957 -0.275161
0.485761 -4.73181 -0.364189 2.5734 0.000381327 -0.000115068 0.80904 -0.587753 0.00645895 0.0029822 -0.0110117 -6.13925e-05 0.000184607 -0.202612
0.486852 -4.73069 -0.364149 2.57058 0.000523132 -0.000302862 0.853806 -0.52059 0.00972595 0.00212235 -0.00688913 0.0013169 0.000270363 -0.102185
0.489529 -4.72733 -0.366275 2.57499 0.000825208 -0.000774477 0.85171 -0.524012 0.0137131 -0.00166814 -0.00812954 0.00497746 -0.000865166 0.169015
0.502027 -4.71801 -0.367754 2.55898 0.000108304 0.000375145 0.800395 -0.599473 0.0068199 0.00203425 0.00404104 -8.8879e-05 0.000358134 0.173085
0.500276 -4.71856 -0.366002 2.56899 0.00017253 0.00018569 0.757114 -0.653283 0.00215297 0.00285607 -0.00260655 0.000575654 2.42782e-05 0.126691
0.499366 -4.71989 -0.365524 2.55864 0.000300753 8.50212e-05 0.723757 -0.690055 0.00125991 0.00241538 0.00538363 0.00152009 -2.02969e-05 0.0953399
0.50138 -4.71948 -0.363591 2.5564 0.00018465 8.34164e-05 0.694274 -0.719711 0.00051687 0.00251658 0.0122317 0.00036175 0.000479599 0.0922574
0.497278 -4.71896 -0.360526 2.5789 4.84581e-05 -9.11776e-05 0.653845 -0.756628 0.00112641 0.000864984 -0.0118257 0.0015375 -0.000344204 0.139625
0.498179 -4.72291 -0.358684 2.5519 -0.000174638 -5.56928e-06 0.711129 -0.703061 -0.0065232 -0.000686003 0.0167012 -0.00140859 -0.000283687 -0.297229
0.493224 -4.72319 -0.358603 2.57093 8.12533e-05 -0.000282539 0.781636 -0.623735 0.0024297 -0.000640842 -0.00655359 0.00293603 -0.000287773 -0.136103
0.493794 -4.72445 -0.360116 2.56602 0.000102427 -0.000140187 0.829264 -0.558858 0.000157651 0.000581525 -0.00113547 -0.00146154 -0.000208186 -0.204555
0.495967 -4.7209 -0.364853 2.56967 0.000600684 -0.000663767 0.834619 -0.550828 0.010185 -0.00331879 -0.00537748 0.00535478 -0.00058875 0.215953
0.507056 -4.72995 -0.384451 2.49853 -0.00362345 -0.00188738 0.806456 -0.59128 -0.01906 -0.0321827 -0.0875753 -0.00237537 0.000233281 -0.0161669
0.513027 -4.73839 -0.411153 2.4766 0.00131428 0.000439184 0.810306 -0.586005 -0.00389308 -0.00972218 0.002462 0.00220865 0.00495805 0.0243591
0.518964 -4.73915 -0.421044 2.46181 0.00123476 0.000653021 0.790504 -0.612456 0.00357375 0.00471101 0.0161068 0.00174178 -0.000655241 0.0988073
0.522958 -4.73413 -0.417333 2.46625 0.000989983 0.00100348 0.766164 -0.642643 0.000972195 0.00619642 0.0144029 -0.000137187 -0.000152432 0.0719019
0.51796 -4.73057 -0.406083 2.48172 0.000400824 0.00134189 0.759454 -0.65056 -0.00415552 0.00363731 0.000367921 -0.000543226 0.000932605 -0.0701947
0.492836 -4.72966 -0.393542 2.49305 0.000607148 0.00046814 0.771233 -0.636553 -0.00102837 -0.00270339 -0.0138044 0.00133508 0.000622051 0.0360549
0.491164 -4.73168 -0.378915 2.47507 -0.000173307 0.000178577 0.780077 -0.625684 -0.00528021 -0.0053278 0.00636448 -0.00283446 0.00197607 -0.0828993
0.486582 -4.72981 -0.370586 2.486 7.25985e-05 -0.000969083 0.78719 -0.61671 0.00368215 -0.0122171 -0.00962459 0.00376203 0.00101656 0.116851
0.491194 -4.72627 -0.369588 2.48444 -0.000758954 -0.000220553 0.742042 -0.670353 0.000753817 -0.0133554 -0.00331831 0.000377519 -0.000480674 0.161546
0.487239 -4.73015 -0.368657 2.48939 -0.00121521 -0.00030786 0.716137 -0.697959 -0.0061221 -0.0117617 -0.0117149 -0.00385034 0.000254808 -0.0465052
0.485025 -4.73456 -0.37223 2.4805 -0.00064732 -0.000835301 0.714895 -0.699231 0.00144769 -0.00984255 -0.000193177 0.000784036 0.000243865 0.0858514
0.484163 -4.73614 -0.377077 2.47681 -0.000942292 -0.000645576 0.71244 -0.701732 -0.00056652 -0.00745954 0.00343565 -0.00115683 -6.38221e-05 -0.0778425
0.48932 -4.73616 -0.389457 2.46443 -3.60784e-05 -0.000891043 0.727145 -0.686483 0.00594557 -0.00588175 0.02018 0.00203163 -0.00268951 0.0649682
0.487037 -4.74161 -0.405129 2.47882 -0.000291072 0.000670479 0.734558 -0.678545 -0.0037835 0.00146007 0.00176688 -0.00530045 -0.00153062 -0.256935
0.486077 -4.74142 -0.409665 2.48677 0.000862187 -0.000271951 0.759343 -0.65069 0.0122754 0.00496998 -0.00687902 0.00479653 -0.000484977 0.127022
0.493438 -4.74565 -0.431039 2.45134 -0.00568462 -0.00326075 0.738144 -0.674612 -0.00899164 -0.042967 -0.0391146 -0.00277109 -0.000424879 -0.00546062
0.502001 -4.7607 -0.480503 2.43853 0.00156094 0.000573177 0.737892 -0.674917 0.000531828 -0.0122658 -0.0033364 0.000751951 0.00491099 0.0734916
0.50963 -4.76673 -0.502947 2.42432 0.00103447 0.00153522 0.72517 -0.688568 0.00404148 0.0168225 0.0113354 -0.00269656 -0.00185951 -0.0916419
0.505521 -4.77089 -0.504603 2.42885 0.00171909 0.00135994 0.77378 -0.63345 0.00641666 0.0234105 0.00409295 -0.000945495 -0.00165577 -0.185196
0.501226 -4.77175 -0.492717 2.41717 0.00160798 0.00129226 0.826457 -0.562996 0.00795886 0.0238898 0.0131333 -0.00191763 0.000617239 -0.220058
0.496428 -4.76854 -0.475675 2.42472 0.00166587 0.000647184 0.862619 -0.50585 0.012765 0.0168711 0.00933463 0.000214064 0.0026193 -0.0789766
0.501353 -4.75566 -0.457441 2.42014 0.000947391 0.000121093 0.854014 -0.52025 0.0142458 0.00710213 0.0184 0.00210536 0.0030031 0.123185
0.499982 -4.74521 -0.445285 2.45371 -0.000222744 0.000692712 0.834627 -0.550815 0.00351168 0.00334981 -0.0169723 -0.00103452 0.00199193 -0.00331094
0.496691 -4.74386 -0.439411 2.46531 -0.000164216 8.68183e-07 0.845545 -0.533905 -0.00114424 -0.00187613 -0.0336735 -8.90619e-05 -0.000197694 -0.0480926
0.51458 -4.75006 -0.450547 2.36995 -0.00415544 -0.00222934 0.853685 -0.520768 -0.0181157 -0.0342731 -0.0840822 -5.44409e-07 -0.000870027 -0.0113178
0.491131 -4.75979 -0.462651 2.36953 0.000944387 5.34733e-05 0.835021 -0.550218 0.00333566 -0.000622609 0.00303685 0.00055395 0.000885466 0.147344
0.491839 -4.75889 -0.461864 2.36477 -4.66362e-05 0.000669757 0.811744 -0.584013 0.00127949 0.00833332 0.00523921 -0.00259993 0.0006506 -0.044633
0.493416 -4.75848 -0.460817 2.35011 0.000786728 -0.000593935 0.82217 -0.569241 0.00632885 0.00644535 0.017911 0.00211073 -6.53431e-05 0.0729932
0.49374 -4.75543 -0.462837 2.37015 0.000605382 6.52093e-05 0.792357 -0.610057 0.00611715 0.0059348 -5.12801e-06 0.00109593 -0.000501359 0.145311
0.493185 -4.75414 -0.461781 2.3881 0.00052922 0.000207021 0.756484 -0.654012 0.00141775 0.00720696 -0.0142309 -0.000777513 6.49339e-05 0.0949111
0.490298 -4.75478 -0.458548 2.39878 0.000381113 0.000283114 0.750258 -0.661145 -0.00302128 0.00747244 -0.0306515 -0.00211193 0.00109688 -0.0623038
0.489496 -4.75283 -0.453201 2.39409 0.00025724 4.81485e-05 0.78068 -0.62493 -0.00162592 0.00575832 -0.0274316 -0.000362787 0.00102832 -0.12852
0.495092 -4.74847 -0.45089 2.36726 0.000124782 3.89599e-05 0.808999 -0.58781 0.000111892 0.00276975 -0.00431365 0.000805787 0.000382092 -0.0764138
0.500337 -4.74437 -0.449783 2.35975 0.000369371 -0.00052356 0.813842 -0.581085 0.00318357 -0.000787616 0.0107352 0.00290169 -0.000297116 0.107811
0.501688 -4.74126 -0.448526 2.37206 -0.000612796 0.000709238 0.788924 -0.614491 -0.00291843 0.000836234 0.000138146 -0.00145602 0.000759193 0.00722737
0.501599 -4.74081 -0.444907 2.36471 -0.000378 -5.42477e-05 0.785873 -0.618388 -0.00113271 -0.000224614 0.00271463 0.0015611 0.000903499 0.0738205
0.499999 -4.74348 -0.448759 2.37377 -0.000299006 0.000204591 0.763327 -0.646013 -0.00243611 -0.00181975 -0.0020996 -0.000212158 -0.00122011 0.088074
0.495987 -4.7465 -0.450261 2.38147 -0.000231775 0.000132709 0.740616 -0.671928 -0.00190877 4.42313e-05 -0.013927 0.000171152 -0.000780266 0.0725734
0.498421 -4.7501 -0.455571 2.35809 0.000153917 0.000243115 0.719666 -0.69432 -0.00109204 -0.000435105 0.0137313 -4.70551e-06 -0.0016348 0.0712979
0.492088 -4.75526 -0.45741 2.37801 0.000191594 0.000590449 0.732325 -0.680955 -0.00457485 0.00160115 -0.00615854 -0.00283468 -0.000101782 -0.141892
0.486337 -4.75829 -0.452044 2.38544 1.35241e-05 0.000471957 0.781417 -0.624009 -0.00188975 0.00234399 -0.0181288 -0.0021716 0.000546271 -0.229696
0.482221 -4.76127 -0.447522 2.37183 0.000755905 -0.000422014 0.837622 -0.546249 0.00345977 -0.000757841 -0.00874859 0.000511469 8.09988e-05 -0.158298
0.486729 -4.7563 -0.444348 2.36585 0.000756656 -0.00120472 0.850736 -0.525591 0.00994324 -0.00520117 0.0052619 0.00331162 0.000131538 0.106994
0.495726 -4.7571 -0.449997 2.32454 -0.00422297 -0.00147634 0.820825 -0.571162 -0.0164089 -0.0281166 -0.0843582 -0.0044115 -0.00481309 0.0235202
0.50604 -4.76359 -0.466285 2.28756 0.000688335 0.000366907 0.828585 -0.559862 -0.00186603 -0.00116357 0.0163305 0.0012642 0.00253835 -0.0415865
0.50726 -4.76077 -0.467787 2.29667 0.00020587 0.000115016 0.82242 -0.56888 0.00476308 0.00603363 0.00880138 0.00196483 0.000240611 0.0953862
0.5033 -4.76302 -0.467558 2.30469 3.9462e-05 0.000479941 0.823755 -0.566946 -0.000654748 0.00946027 -0.000398911 -0.00139861 0.000192348 -0.0938079
0.503859 -4.76542 -0.468 2.29462 0.000271304 0.000346231 0.848354 -0.529429 0.00248778 0.00853063 0.0101533 0.000172021 -0.000392079 -0.093418
0.4845 -4.76432 -0.467386 2.30117 0.000532805 -0.000112946 0.856361 -0.516377 0.00744399 0.00678832 0.00608888 0.00230183 6.13804e-05 0.0785473
0.481679 -4.76469 -0.463743 2.32009 0.000323446 0.000173157 0.827636 -0.561266 0.00509063 0.0073503 -0.0151204 -0.000225464 0.000352917 0.105822
0.482552 -4.76244 -0.461275 2.32553 -7.11138e-05 0.000658041 0.822031 -0.569442 0.00131005 0.00743041 -0.0215075 -0.00202439 0.000798929 -0.0570884
0.486248 -4.77386 -0.476719 2.2458 -0.00377275 -0.0024326 0.83171 -0.555192 -0.0131082 -0.0342768 -0.102285 0.000331619 -0.000114401 -0.00254107
0.491395 -4.79418 -0.508011 2.21279 0.00127099 0.000862526 0.833837 -0.552009 -0.00524483 -0.00936206 -0.0010012 -0.00217971 0.00590866 -0.0343323
0.489404 -4.80078 -0.516511 2.21438 0.00123474 0.00063643 0.84741 -0.530938 0.00427157 0.00779647 0.000940304 0.000519771 -0.000317304 -0.0690305
0.488122 -4.79909 -0.510736 2.22007 0.00111143 0.000423312 0.865972 -0.500091 0.00511672 0.0111723 -0.00256457 -0.00049647 0.000432171 -0.0849487
0.485346 -4.79412 -0.504835 2.22821 0.00140829 -0.000407943 0.869502 -0.493927 0.0086559 0.00491488 -0.016151 0.00289358 -0.000233123 0.109093
0.493023 -4.78576 -0.501002 2.21761 0.000645461 0.000791248 0.85155 -0.524273 0.00122968 0.00660026 -0.00577707 -0.00142491 0.00166211 -0.0127766
0.49864 -4.77818 -0.495882 2.21252 0.000819891 -9.96943e-05 0.851416 -0.52449 0.00184738 0.00244678 0.0030284 0.00382685 0.0011709 0.0699641
0.504126 -4.76782 -0.488479 2.21612 -0.000504098 0.000948447 0.84338 -0.537316 -0.00694 0.00335949 -0.00318682 -0.00245193 0.00208986 -0.0684845
0.484398 -4.76988 -0.480733 2.21614 -0.000402506 7.7681e-05 0.864031 -0.503439 -0.00797843 -0.000559586 -0.00150273 -0.000443663 0.000455762 -0.090393
0.484942 -4.779 -0.487248 2.1591 -0.00404488 -0.00199469 0.877072 -0.480338 -0.023254 -0.030703 -0.0877817 3.54492e-05 -0.000776112 -0.0213086
0.491624 -4.80969 -0.521777 2.08546 -0.00456048 -0.00174043 0.881668 -0.471845 -0.0347434 -0.0399439 -0.0579924 -0.000332934 0.00171383 -0.0241028
0.48776 -4.82859 -0.541647 2.08466 0.00145454 1.69638e-05 0.861968 -0.50696 0.000834586 -0.00291309 0.00243221 0.00146963 -0.000114001 0.158648
0.495739 -4.82216 -0.545338 2.08265 0.00101649 0.000553931 0.824525 -0.565825 0.00528 0.00686423 0.00625945 0.000630184 0.0010442 0.101722
0.476881 -4.81794 -0.538653 2.06951 0.000511115 0.000892395 0.814981 -0.579487 -0.00231331 0.00849048 0.0219301 -0.00270931 0.000203587 -0.0625603
0.47509 -4.81127 -0.532143 2.08769 0.000775005 0.000248769 0.827568 -0.561365 0.00206425 0.0029932 0.00332085 0.00294768 0.000244323 0.0310051
0.475233 -4.80698 -0.525892 2.09756 0.000283497 0.000807332 0.823195 -0.567758 -0.00365835 0.00186434 -0.0081924 -0.00117872 0.000860116 -0.0300448
0.472074 -4.80529 -0.519398 2.1031 0.000512935 -6.67939e-05 0.816897 -0.576783 0.000259438 -0.00310676 -0.0159378 0.00272481 0.00061646 0.118015
0.472321 -4.80286 -0.515065 2.09975 0.000181292 0.000311317 0.779968 -0.625819 -0.00190686 -0.00389177 -0.0145227 0.000472496 0.0017468 0.129609
0.473773 -4.79763 -0.505428 2.06748 -0.000716225 0.000141542 0.743039 -0.669248 -0.00403691 -0.00598881 0.011883 0.000336584 0.000588032 0.0980883
0.471097 -4.80287 -0.50314 2.0788 -0.000727674 -0.000135353 0.716608 -0.697476 -0.00631647 -0.00786603 0.011845 -0.000857665 0.000512207 0.0472887
0.464397 -4.80632 -0.502864 2.08953 -0.000990363 -0.000223863 0.72334 -0.690492 -0.00551699 -0.0082721 -0.00269236 -0.00169263 -0.00021283 -0.0950934
0.461985 -4.81215 -0.506914 2.08832 -0.000725382 -0.000500652 0.786113 -0.618082 -0.00327106 -0.00675099 0.000823591 -0.00147863 -0.00172061 -0.228188
0.461472 -4.8162 -0.515108 2.09013 -0.000172225 -0.000449475 0.843633 -0.53692 0.0023107 -0.00430051 -0.00209218 0.000171917 -0.00101977 -0.191438
0.461592 -4.82031 -0.52393 2.09971 0.000479143 -0.000408253 0.878779 -0.477228 0.00536393 -0.00271974 -0.0117682 0.0012497 -0.00232595 -0.108695
