0.578923 0.0372039 0.0118935 0.449411 -0.000151355 -0.00442125 0.0105587 -0.999935 0.052002 0.003494 -0.0184321 0.0012576 -0.00411223 0.00582479
0.605174 0.0767033 0.014374 0.464683 -0.000201631 -0.00465523 0.0093158 -0.999946 0.0568034 0.00360478 -0.0211175 0.000377566 0.000565897 0.00566128
0.617104 0.102875 0.0146978 0.46625 -0.00024591 -0.00478771 0.00723674 -0.999962 0.0597287 0.00292125 -0.0170436 -0.000330772 -0.000144203 0.00260167
0.613911 0.129498 0.0129978 0.452777 -0.000143571 -0.00478967 0.00680162 -0.999965 0.0623951 0.00110984 -0.0114031 -0.00167183 0.000199266 0.00141367
0.627219 0.156849 0.0111444 0.456611 -4.39541e-05 -0.00475632 0.00563929 -0.999973 0.0620737 0.000415134 0.000365956 0.000168269 0.00267338 0.00031485
0.625366 0.184826 0.00805232 0.468065 -0.000180736 -0.00470218 0.00585601 -0.999972 0.0643433 -0.00243919 0.00996734 -0.000951468 -0.00176477 -0.00133022
0.625856 0.240185 0.00835996 0.489005 -0.000550372 -0.00443484 0.00812275 -0.999957 0.0667712 -0.00145298 0.0137802 0.00796104 -0.00407163 -0.00652721
0.623144 0.281807 0.0107966 0.499677 -0.000846232 -0.00414792 0.0117369 -0.999922 0.0682822 -0.00330027 0.0185492 -0.000167257 0.00134503 -0.021802
0.637714 0.313132 0.0106647 0.523957 -0.000752655 -0.00439724 0.0173661 -0.999839 0.0678325 -0.00405316 0.0215142 -0.000149734 0.000168671 -0.0270453
0.648847 0.347199 0.0100085 0.540347 6.94417e-05 -0.00514096 0.0235028 -0.999711 0.0697445 -0.000295519 0.0157042 0.000352676 -0.000460715 -0.0056126
0.657958 0.371426 0.00688749 0.552488 -0.000123365 -0.00531862 0.0231685 -0.999717 0.068056 -4.24238e-05 0.0173074 -0.000716506 0.00209429 0.0102433
0.650437 0.423542 -0.00229963 0.547037 0.000105123 -0.00595064 0.0186129 -0.999809 0.0709601 -0.00224099 -0.00490822 -0.000129875 0.000420596 0.0107931
0.639076 0.467439 -0.00465457 0.534618 1.28788e-05 -0.00594189 0.0157213 -0.999859 0.0751451 -0.00129897 -0.00383153 0.000446158 -0.00112987 0.0100198
0.625566 0.513199 -0.00724447 0.519707 -4.29737e-05 -0.00598461 0.0130968 -0.999896 0.0781498 -0.00232714 -0.0015026 0.0022894 -8.78356e-05 0.00418433
0.620286 0.561764 -0.00852455 0.520269 -0.000137042 -0.00595551 0.0125896 -0.999903 0.0811856 -0.00314171 0.000772036 0.000833167 2.58253e-05 -0.00174754
0.62878 0.601906 -0.00915408 0.525509 -4.26006e-05 -0.0058739 0.0130175 -0.999898 0.0815839 -0.00357314 0.016652 -0.0038441 -0.00230335 -0.00347618
0.626766 0.668409 -0.00967819 0.526354 5.84037e-05 -0.00603012 0.0128641 -0.999899 0.0818177 -0.00177893 0.0182274 0.000478356 -0.000508488 0.00494807
0.632048 0.712822 -0.00861597 0.529706 1.07804e-05 -0.00598816 0.0118348 -0.999912 0.0828315 -0.00128343 0.0185487 0.000119939 0.000752116 0.00648734
0.635385 0.761975 -0.00672156 0.536313 -3.89993e-05 -0.00613612 0.010169 -0.999929 0.0830781 -0.00086992 0.0200597 6.31832e-05 0.000898013 0.0046999
0.65432 0.806536 -0.00692013 0.55345 -1.85822e-05 -0.00614948 0.00930628 -0.999938 0.0848299 -0.00156322 0.0150602 0.000867092 0.00123089 0.0045358
0.664242 0.859457 -0.00728273 0.564877 -0.00010802 -0.00626554 0.00868592 -0.999943 0.0880703 -0.00250397 0.00931364 -0.000268759 -0.00104397 -0.00111429
0.676162 0.907515 -0.00606624 0.57322 -0.00012739 -0.0061893 0.00945307 -0.999936 0.0901264 -0.00203057 -0.00188875 8.62974e-05 0.000968351 -0.00129932
0.68298 0.953947 -0.0038447 0.582652 -0.000189782 -0.00628121 0.00991151 -0.999931 0.0899783 -0.00114277 -0.00102215 0.000921341 0.000651689 0.000732653
0.676511 1.0013 -0.00254728 0.569866 -0.000256969 -0.00642166 0.00972109 -0.999932 0.089065 -0.00131458 0.00285373 2.0043e-05 0.000433222 -0.0028342
0.664461 1.04858 -0.00239769 0.560741 -0.000164067 -0.00649937 0.0102622 -0.999926 0.0902141 -0.000988746 0.00767097 0.000965926 -0.000865778 -0.00243606
0.664633 1.09731 -0.000971901 0.562705 0.000166762 -0.00619927 0.00990392 -0.999932 0.089655 0.00127276 0.0102914 0.00068019 0.000897461 0.00414442
0.674539 1.1413 0.000699583 0.575085 -8.62693e-06 -0.00644514 0.00802472 -0.999947 0.0895845 0.0026049 0.00126811 0.00123291 -0.000185904 0.0112226
0.701359 1.19589 0.000419878 0.600447 -0.000196396 -0.00643292 0.00543732 -0.999965 0.0917431 0.00103861 0.00965353 -0.000388779 -0.000122986 0.00617656
0.716513 1.24601 0.000937348 0.616072 -0.000169728 -0.00644198 0.0041891 -0.99997 0.0927311 0.001178 0.00997095 0.000498248 -8.6823e-05 0.00210121
0.722383 1.29413 0.00090189 0.619929 -0.000120217 -0.00644643 0.0040552 -0.999971 0.0923996 0.000940425 0.00920114 -0.00108675 0.00022536 0.00278755
0.723091 1.34321 0.000810379 0.618984 -0.000139787 -0.00650203 0.0030387 -0.999974 0.0926986 0.00141286 0.00985715 0.000103374 -0.000193582 0.00585455
0.721743 1.39212 0.000612211 0.620085 -0.000511113 -0.00651042 0.0021076 -0.999976 0.0931666 0.00030972 0.00745944 -0.000106515 -0.000555703 0.000689125
0.739246 1.46623 -0.00434664 0.641055 -0.000298793 -0.00662139 0.00367584 -0.999971 0.0928249 -0.00189082 0.00886236 -0.000469306 -1.10766e-05 -0.00482942
0.758524 1.519 -0.00713026 0.657505 -0.000279853 -0.0066459 0.00477815 -0.999967 0.0934537 -0.00194663 0.00798518 -8.47975e-06 -0.000108415 -0.00653206
0.753528 1.56705 -0.00875606 0.646743 -0.000283685 -0.00661694 0.00628658 -0.999958 0.0941886 -0.00199601 0.00719163 -0.000193411 8.50062e-05 -0.00480704
0.739677 1.61894 -0.012188 0.638277 -0.000439693 -0.00644086 0.00759587 -0.99995 0.0942243 -0.00375133 0.0107356 -0.000900929 0.000326398 -0.00583259
0.743204 1.66251 -0.0141011 0.642627 -0.000376217 -0.00653751 0.00875074 -0.99994 0.0935676 -0.00415911 0.010712 0.000231911 0.000331136 -0.00998685
0.750078 1.71612 -0.0150095 0.650775 -0.000392019 -0.00664883 0.0115807 -0.999911 0.0926171 -0.00410673 0.0111303 -4.55113e-05 0.000280017 -0.0116649
0.761693 1.76134 -0.015882 0.662814 -0.000476281 -0.00666461 0.0141033 -0.999878 0.0924523 -0.00412162 0.0109928 0.00275709 -0.00128961 -0.00889435
0.754874 1.80741 -0.0189797 0.650362 -0.000517169 -0.0066119 0.0167137 -0.999838 0.0920493 -0.00574754 0.0102287 -0.000625137 0.000296401 -0.0116193
0.736894 1.86412 -0.0198372 0.637331 0.000171898 -0.00665035 0.0197796 -0.999782 0.0937165 -0.00414566 0.00689639 -0.00487504 -0.000831411 -0.00685907
0.745237 1.91252 -0.0198518 0.644189 8.09927e-05 -0.0065203 0.0190812 -0.999797 0.0949472 -0.000316456 0.00608749 0.00111049 -0.000210653 0.00808733
0.749069 1.96354 -0.0197189 0.648616 -0.000454343 -0.00668828 0.0166466 -0.999839 0.0960534 3.84638e-06 0.00573423 0.00247184 0.00156592 0.00948135
0.76442 2.03856 -0.0230788 0.666005 -0.000346183 -0.00670857 0.0156442 -0.999855 0.0966047 -0.00281328 0.00656463 -0.00047092 0.000386429 -0.00065861
0.775202 2.08918 -0.0259627 0.67663 -5.15993e-05 -0.00665957 0.0155904 -0.999856 0.0963451 -0.00199544 0.00224552 0.000512364 9.7064e-05 0.00457573
0.794045 2.1407 -0.0280555 0.696405 -0.000151408 -0.00666513 0.0139131 -0.999881 0.0969267 -0.00143641 0.00126676 0.000193782 -0.000152653 0.00458105
0.816824 2.22376 -0.03356 0.713815 -0.000263488 -0.00668039 0.0120598 -0.999905 0.0980757 -0.00268994 -0.000174565 3.11257e-05 0.000473508 0.00194487
0.783909 2.28203 -0.035525 0.679631 -0.00020129 -0.00685894 0.0123678 -0.9999 0.0954009 -0.0031492 0.00543878 -0.000647947 0.00107619 0.000671823
0.773364 2.33922 -0.0383899 0.673507 -7.49331e-05 -0.00691342 0.0123008 -0.9999 0.094466 -0.00416557 0.0105121 -0.000265187 0.00118539 0.000921975
0.781914 2.38752 -0.0385853 0.683409 -0.000147823 -0.00701531 0.0121429 -0.999902 0.0952711 -0.002904 0.0121012 0.000779351 -0.00143219 0.000880567
0.798024 2.44737 -0.0357575 0.698652 -0.000351875 -0.00699196 0.0119738 -0.999904 0.0950815 -0.00081242 0.013314 0.000504927 0.000127638 -0.00099353
0.810349 2.50436 -0.0331908 0.711554 -0.000450468 -0.00686022 0.0122238 -0.999902 0.0970894 0.000207526 0.014 0.000253657 -1.21986e-05 -0.000812172
0.824851 2.58405 -0.0329268 0.725567 -0.000469502 -0.00696839 0.0123326 -0.9999 0.0955283 -0.000124589 0.0135741 3.28641e-05 6.90794e-05 -0.0013072
0.848883 2.67276 -0.0369994 0.749408 -0.000427599 -0.0071993 0.0123298 -0.999898 0.0947054 -0.000463759 0.00756213 0.000189012 2.51127e-05 -0.000652951
0.850746 2.72761 -0.038869 0.747865 -0.000691217 -0.00695209 0.0125015 -0.999897 0.0959679 -0.000839889 0.00817412 0.00129635 -0.00123648 -0.00259096
0.852619 2.78802 -0.0442026 0.753345 -0.000582364 -0.00691948 0.0137024 -0.999882 0.0966316 -0.00312315 0.00887327 -0.000594671 -6.17242e-05 -0.00714243
0.861999 2.85222 -0.0508141 0.765303 -0.000668129 -0.00677003 0.0155676 -0.999856 0.0974521 -0.00455617 0.00461283 0.000649879 -0.000564729 -0.00868571
0.875871 2.90421 -0.0540241 0.774208 -0.000689142 -0.00687661 0.0181168 -0.999812 0.0949985 -0.00487091 0.00335977 0.000143715 0.00135018 -0.0121033
0.852432 2.99243 -0.0641274 0.771234 -0.000116014 -0.00701062 0.0216692 -0.999741 0.0973495 -0.00480331 0.00880272 0.000853372 -0.00147949 0.000248392
0.819185 3.04848 -0.065936 0.761038 -0.000236067 -0.0068609 0.0208593 -0.999759 0.0986261 -0.00352057 0.0125343 -0.00151573 -0.00150303 0.00444111
0.800384 3.10923 -0.0676887 0.765317 -1.31139e-05 -0.00651832 0.0189169 -0.9998 0.0994738 -0.00223422 0.014244 0.00122484 0.00120931 0.00848967
0.799618 3.20463 -0.0699558 0.787395 -0.000545405 -0.00671829 0.015855 -0.999852 0.0990924 -0.00385327 0.0156595 -0.000701416 -0.000632736 0.00147821
0.800056 3.2573 -0.0733958 0.795017 -0.000366648 -0.00676517 0.0163712 -0.999843 0.0975529 -0.00507267 0.0146604 -0.000301311 0.000998163 -0.00415195
0.802153 3.30144 -0.0760002 0.80066 0.00074854 -0.00635958 0.0169266 -0.999836 0.0954475 -0.00256469 0.0134328 -0.00198563 -0.00229711 0.00502262
0.790196 3.35474 -0.0758713 0.807959 0.000449753 -0.00642399 0.0120411 -0.999907 0.0935537 0.00196917 0.0140132 -9.11748e-05 -3.12878e-05 0.0266379
0.755161 3.40358 -0.0762095 0.822239 0.000233718 -0.00663252 0.00528361 -0.999964 0.0923736 0.00223397 0.0184951 0.00226196 0.00223264 0.0291118
0.706064 3.49202 -0.0740543 0.854927 0.000224043 -0.00666871 -0.00422948 -0.999969 0.0940981 0.00158278 0.0172347 -0.000249711 0.0004252 0.0150209
0.655318 3.58356 -0.0721325 0.870808 -0.000792446 -0.00635854 -0.00207961 -0.999977 0.0929741 -0.00661361 0.0116274 -0.00105503 5.48747e-05 -0.0281691
0.623055 3.63381 -0.0731673 0.883293 -0.000515328 -0.00643002 0.0053473 -0.999965 0.0928118 -0.00710146 0.0221757 -0.0101773 0.00331003 -0.0304214
0.59436 3.68668 -0.0729093 0.894157 7.81495e-05 -0.00671763 0.00997536 -0.999928 0.0948954 -0.00167054 0.0235625 0.00156961 -0.000587324 -0.00383248
0.56423 3.73716 -0.0716013 0.883291 -0.000154671 -0.00664358 0.0097422 -0.999931 0.0950497 -0.000264802 0.0264801 0.000244068 0.000371472 0.00496551
0.530724 3.80486 -0.0749115 0.880205 -0.000132725 0.0012104 0.0139897 -0.999901 0.0438556 -0.00154575 0.00165982 -0.00153071 0.000163671 -0.0355216
0.523954 3.82561 -0.0759112 0.886762 -2.09812e-06 0.00191196 0.0248081 -0.99969 0.0170662 9.08638e-05 -0.00797999 0.000352253 -0.00270783 -0.0408746
0.521474 3.8351 -0.0769929 0.895926 0.000257723 0.0023021 0.0328548 -0.999458 0.0170994 -0.000961085 -0.016818 -0.00294884 -0.0420002 -0.0193716
0.51867 3.8397 -0.0762837 0.89446 4.11757e-05 0.00294322 0.0330551 -0.999449 -0.00353269 0.0019839 -0.0161231 0.000946064 0.00040008 0.0105862
0.517616 3.83516 -0.0736537 0.88533 -0.00014807 0.0028581 0.0294741 -0.999561 -0.0134024 0.00269848 -0.0123624 0.00123481 0.00126252 0.0153146
0.518783 3.8315 -0.0745775 0.877522 -0.00118356 -0.00879789 0.0276783 -0.999577 0.0313127 -0.00443121 -0.0071734 -0.00168383 -0.0248928 -0.00792094
0.517361 3.85098 -0.0811275 0.877431 -0.00053852 -0.00600817 0.0322098 -0.999463 0.0588163 -0.00846546 -0.0169479 -0.00148639 -0.00157763 -0.0215242
0.511189 3.87479 -0.0831872 0.882141 8.56022e-05 -0.00200276 0.0337472 -0.999428 0.00591981 0.00104755 -0.000604871 -0.00141496 0.0349635 0.0406418
0.508486 3.88168 -0.0841733 0.878239 -2.47218e-05 -0.000578906 0.0115066 -0.999934 0.0157003 0.000813695 -0.000623059 0.000286886 -0.00259573 0.107685
0.503237 3.88713 -0.0871537 0.875615 2.72446e-05 -0.00138584 -0.028498 -0.999593 0.0110741 -0.000603617 0.00907798 0.0022041 0.0697383 0.0923745
0.491015 3.8996 -0.0881795 0.866558 -0.000333271 -0.00669733 -0.0420727 -0.999092 0.0475681 -0.000790386 0.00905202 -0.00189732 -0.0124018 0.0221111
0.481375 3.92101 -0.0885952 0.863085 -9.12407e-05 -0.00584772 -0.0434541 -0.999038 0.0585211 -0.000389857 0.00957839 -0.000656842 -0.000817602 -0.00435762
0.478043 3.95207 -0.0860038 0.868338 -6.70326e-05 -0.00576634 -0.0417876 -0.99911 0.0633538 0.00123633 0.00970777 3.97676e-05 3.91109e-05 -0.00915389
0.467912 3.98649 -0.0837661 0.86111 -3.43258e-06 0.00211053 -0.0424858 -0.999095 0.0348488 0.000869107 0.00780832 0.000817715 0.00561451 0.0232276
0.44253 4.01042 -0.080716 0.833941 6.14572e-05 -0.00361987 -0.058353 -0.998289 0.0250786 0.00211747 -0.089087 2.33819e-05 -0.00863734 0.0310476
0.414031 4.04683 -0.0786262 0.813061 -0.000341495 -0.006483 -0.0653209 -0.997843 0.0511999 0.0016312 0.0219605 -0.00146571 -0.00843562 -0.00610196
0.38502 4.08028 -0.0768419 0.775457 -0.000118656 -0.00591674 -0.0621377 -0.99805 0.0609161 0.00202763 0.0176118 -0.000611748 -0.00145909 -0.0172855
0.370876 4.11431 -0.0764083 0.768613 -4.02401e-05 0.000554123 -0.0589508 -0.998261 0.0373229 0.000593728 0.015274 0.00031564 0.012793 -0.00827968
0.365123 4.14844 -0.073497 0.764652 -8.24745e-05 -0.000956534 -0.0580433 -0.998314 0.021953 -1.78382e-05 0.0197598 2.84837e-05 -0.000286873 -0.000234719
0.371331 4.167 -0.0719949 0.770992 -2.5733e-05 -0.000822869 -0.0579991 -0.998316 0.0210826 2.764e-05 0.0210148 3.25863e-05 -0.000808251 -6.02265e-05
0.385363 4.18075 -0.0706993 0.78778 -2.29266e-06 -0.000664351 -0.0579973 -0.998317 0.020507 0.000212392 0.0196345 1.91921e-07 -0.000328269 -0.000154337
0.417353 4.19287 -0.0693059 0.81974 -1.48088e-05 -0.000559565 -0.0579692 -0.998318 0.0185563 0.000202379 0.0150832 -4.87501e-05 -0.000290919 -0.000294436
0.423956 4.20358 -0.0679437 0.816537 -0.00023095 0.000106615 -0.0491565 -0.998791 0.0160146 -0.00103708 0.00018192 -0.00027845 -0.00128414 -0.0531319
0.429946 4.2079 -0.0684964 0.829482 -0.000213056 0.000424279 -0.0242137 -0.999707 0.0112931 -0.00213306 -0.00606615 -0.00122493 -0.00116578 -0.0812496
0.432991 4.20942 -0.0708341 0.831083 7.94216e-05 0.000629001 -0.0037936 -0.999993 0.00862064 -0.00218327 -0.0104479 -0.0011359 -0.000710212 -0.0793041
0.432242 4.20852 -0.0710496 0.832362 8.59724e-05 0.000705277 0.014761 -0.999891 0.00621729 -0.000864805 -0.00961875 1.13853e-05 0.000494004 -0.0696857
0.439704 4.20468 -0.0718611 0.837173 -0.00175954 0.00056192 0.0677349 -0.997702 0.00410581 -0.00825491 -0.0167313 -0.00417261 0.000693789 -0.379202
0.430407 4.1982 -0.079003 0.82621 0.00028275 0.000536203 0.260255 -0.96554 0.00336804 -0.00571423 -0.0084086 -0.00285349 -0.00110679 -0.502957
0.431448 4.19632 -0.0815556 0.828386 0.000907818 0.000571501 0.368907 -0.929466 0.00404976 0.000380066 -0.00563042 -0.0133985 0.000435773 -0.417521
0.435945 4.19537 -0.0779443 0.832999 0.00216392 -0.000167164 0.408567 -0.912726 0.011345 0.011626 -0.0106354 0.00549865 0.00225086 0.0392564
0.429341 4.19378 -0.0724602 0.825032 0.000770118 8.13702e-06 0.376275 -0.926508 0.00969151 0.0102084 -0.00484612 0.00227049 0.000769696 0.18557
0.423336 4.19241 -0.0700688 0.817504 0.000686656 -5.25429e-05 0.336037 -0.941849 0.00593099 0.00548447 -0.000237208 0.000802012 0.000433195 0.172416
0.417362 4.19215 -0.0652387 0.811695 0.000412034 -0.000200532 0.296 -0.955188 0.00331415 0.00265472 0.00703763 0.00106096 0.00049146 0.145284
0.415047 4.19333 -0.0626261 0.812543 0.000223628 -0.00017699 0.262845 -0.964838 0.00145686 -0.000618187 0.00970337 9.85793e-05 0.00013375 0.125538
0.412368 4.19554 -0.0590137 0.810467 -0.000285145 -6.76487e-06 0.226627 -0.973982 0.000109463 -0.0016014 0.0016243 0.0137405 -0.000886577 0.0473762
0.415691 4.1988 -0.0567951 0.813313 -0.00157699 0.000439928 0.261538 -0.965192 -0.00358453 -0.00898696 -0.0043641 -0.00510406 -0.00178898 -0.32739
0.403881 4.19835 -0.0637864 0.799359 0.000270639 0.000385939 0.397756 -0.917491 -0.00507747 -0.00741302 0.00515759 -0.00246632 -0.00179977 -0.424709
0.399833 4.19832 -0.0650915 0.79826 0.000441592 0.000477858 0.481908 -0.876222 -0.00378444 -0.00131111 0.0100725 0.00110519 0.000276474 -0.385016
0.406333 4.19731 -0.0629192 0.805736 0.00128831 -0.000749876 0.54586 -0.837875 0.0012601 0.00298059 0.0107173 0.000303255 -0.000422184 -0.152479
0.411214 4.19822 -0.0606533 0.808185 -0.000582994 0.000678295 0.576917 -0.816803 -0.00200791 0.00312676 -0.000342977 -0.000351107 0.00133211 -0.203557
0.408934 4.19691 -0.0595273 0.807635 0.000122113 -7.55613e-06 0.628974 -0.777426 -0.00536102 0.00165227 0.00320676 -0.013938 0.000404629 -0.262899
0.412662 4.19896 -0.0585452 0.808546 0.00153509 -0.00121029 0.638613 -0.769525 0.00726436 0.00391878 -0.00101413 0.00742125 0.00110089 0.156345
0.408939 4.20319 -0.0556259 0.804613 5.06877e-05 -0.000248942 0.585893 -0.810388 0.00587678 0.00397931 0.000492173 0.00336013 -0.000750614 0.293895
0.408762 4.20583 -0.0538904 0.808395 -0.000348082 5.53751e-05 0.522941 -0.852369 -0.000775931 0.00346577 0.000833107 0.000507719 0.000578059 0.265302
0.415859 4.20838 -0.0556103 0.815507 -0.000399823 0.000302939 0.467984 -0.883737 -0.00398626 0.00230561 -0.00655088 0.000303448 -0.00102616 0.227325
0.420769 4.21005 -0.0588859 0.819089 -0.000317546 0.00055677 0.422629 -0.906303 -0.00525779 0.00214139 -0.0115796 0.000242145 -0.000822205 0.200959
0.409679 4.2102 -0.0628769 0.79854 -0.000124588 0.0008094 0.379813 -0.925063 -0.00631891 0.00299882 -0.00272936 -0.000256233 -0.000562839 0.178491
0.372926 4.20867 -0.0668861 0.766714 -0.00204583 0.000712905 0.380622 -0.924728 -0.00826388 -0.00459463 0.0265727 -0.00639731 -0.00276969 -0.263363
0.376621 4.20772 -0.0745111 0.780392 0.000727195 -6.73542e-05 0.455388 -0.890293 -0.000598986 5.7326e-05 0.0197131 0.00280585 -0.000194602 -0.118239
0.410272 4.20884 -0.0788474 0.810681 -0.000146463 0.000368012 0.46574 -0.884922 0.00257278 0.00270102 0.0176907 0.00184329 -1.79587e-05 0.00189738
0.408053 4.20842 -0.0826919 0.804475 0.00106566 0.000738298 0.461274 -0.887257 0.00268476 0.0068793 -0.00996136 -6.23687e-05 0.000229174 0.0405093
0.406705 4.20808 -0.0819519 0.803921 0.000916318 0.000697811 0.449161 -0.89345 0.003224 0.00996327 -0.00852924 0.00107615 0.000133738 0.0506786
0.405521 4.2059 -0.079058 0.801529 0.00102687 0.000436937 0.436927 -0.899496 0.00237993 0.00988048 -0.00701999 -0.00607616 0.000926751 0.0650413
0.395148 4.20519 -0.0749267 0.791999 0.00103923 0.000202033 0.402272 -0.91552 0.00573754 0.0101249 0.0026363 0.00234016 -0.000302718 0.171769
0.396444 4.20486 -0.0717676 0.791737 0.000726669 0.000320778 0.357197 -0.934029 0.00437257 0.00729082 0.00130629 -5.93674e-05 0.000277965 0.170571
0.392888 4.20319 -0.0687704 0.789903 -0.00034571 0.000620108 0.316464 -0.948604 0.0015352 0.00317496 0.0107853 0.00330934 -0.00042639 0.103446
0.391688 4.20031 -0.0660258 0.788491 3.56529e-05 0.000453817 0.30468 -0.952455 -0.0026251 -0.000756395 0.00957563 -0.0072225 0.00326195 0.00741784
0.397052 4.19964 -0.0627131 0.795264 0.000810786 -0.000444271 0.294633 -0.95561 0.0030724 0.00224158 0.0017926 0.00210105 -0.000691351 0.084628
0.402775 4.20015 -0.0580561 0.799997 9.48107e-05 -0.000292074 0.268439 -0.963297 0.00490372 0.00289298 -0.00483456 0.00184258 0.000414757 0.11876
0.389169 4.20227 -0.0569566 0.784704 -0.000103295 -0.00017669 0.239347 -0.970934 0.00491274 0.000289176 0.00905353 0.000352805 -0.00114846 0.109655
0.387681 4.20262 -0.0560085 0.786197 -0.000259109 0.000520637 0.218113 -0.975923 0.000180122 0.000345373 0.0136042 -0.000511877 0.00196987 0.0372545
0.394771 4.2017 -0.0565604 0.79364 -5.19295e-05 0.000303976 0.21489 -0.976638 -0.00148661 0.000513474 0.0137823 -0.000814396 0.000327937 -0.00179483
0.402972 4.20102 -0.0562543 0.801824 -3.61272e-05 0.000232475 0.215857 -0.976425 -0.00106806 0.00179459 0.0121633 0.000345183 -0.000302008 -0.00434999
0.41619 4.20015 -0.055309 0.81385 -0.000317736 5.13619e-05 0.221175 -0.975234 -0.00100139 0.00193175 -0.0329303 0.00317375 0.0165752 -0.0329806
0.397966 4.20234 -0.0601838 0.791501 -0.00135112 -0.00308028 0.230565 -0.973051 0.0162249 -0.0107118 -0.0709712 -0.000742108 -0.00523194 -0.037008
0.384477 4.20679 -0.0683382 0.781989 0.000297087 0.000688763 0.237471 -0.971394 0.00644164 -0.00366897 0.0102526 0.0015764 0.00816354 -0.0136365
0.388847 4.21172 -0.0724338 0.788221 -7.81198e-05 0.000174272 0.238655 -0.971104 0.00229354 -0.000200566 0.014675 0.00044359 0.00033073 -0.00164456
0.377961 4.21365 -0.0750719 0.764597 -0.000113252 6.37645e-05 0.238747 -0.971082 0.000759865 0.000118544 0.0122 -5.98665e-05 0.000113083 -0.00066146
0.352476 4.21506 -0.0781532 0.751081 -8.04845e-05 8.18194e-05 0.238636 -0.971109 0.000469675 -0.000395349 0.0174427 -0.000293897 -0.000333026 -0.000995195
0.367871 4.2157 -0.0820527 0.76883 -2.79643e-05 0.000142051 0.238734 -0.971085 6.13454e-05 -0.00105003 0.024545 -0.000157318 -0.000272092 -0.00086967
0.392228 4.21703 -0.0841625 0.790155 -5.54837e-05 0.000140091 0.238734 -0.971085 0.000238941 -0.000806886 0.0190572 0.000152615 0.000107511 -0.000787268
0.404025 4.21811 -0.0865808 0.802989 8.8774e-06 0.000141447 0.238864 -0.971053 0.000942365 -0.00128558 0.0121583 0.000253745 -0.000655556 -0.000479953
0.411283 4.22129 -0.0856859 0.809595 0.0022063 -0.000362519 0.183489 -0.983019 0.00694984 0.00928615 -0.00473423 0.00820108 -0.00218882 0.458095
0.412689 4.22476 -0.0801261 0.810073 0.000230446 0.000587965 0.0238766 -0.999715 0.00471641 0.0096828 -0.00916609 0.00411416 -0.00275491 0.61621
0.418371 4.22314 -0.0777289 0.817763 -0.000240493 0.000697546 -0.130746 -0.991416 -0.000980071 0.00293309 -0.0152325 0.00147284 0.000166188 0.566209
0.424342 4.22133 -0.078865 0.823961 -0.000200004 0.000655721 -0.269147 -0.963099 -0.00259695 -0.00178941 -0.0203611 0.00072826 0.000765918 0.482351
0.426116 4.22071 -0.0796749 0.829919 -0.000256627 0.000610779 -0.376947 -0.926235 -0.00151233 -0.00314807 -0.0280977 -8.85163e-05 -0.00085535 0.416516
0.425619 4.22062 -0.0803601 0.821632 -0.000229537 0.000698723 -0.466193 -0.884683 -0.000642915 -0.0032547 -0.0232649 -5.51249e-05 -0.000712965 0.365839
0.420217 4.2187 -0.0804944 0.818117 -0.000350872 0.000764484 -0.557421 -0.830229 -0.000551865 -0.00264782 -0.0153116 0.00131004 -7.80081e-05 0.32851
0.418145 4.21555 -0.0832965 0.81564 -0.000422404 0.000461997 -0.626329 -0.779558 0.000432887 -0.00241857 -0.0127262 0.00105158 0.000411425 0.289542
0.410582 4.21535 -0.0847755 0.807928 -0.000498135 0.000388297 -0.679155 -0.733995 0.00274939 -0.000912502 -0.00441102 0.00208553 -0.000128262 0.242542
0.407485 4.2159 -0.0886229 0.803973 -0.000387299 0.000322343 -0.717132 -0.696937 0.0048449 -0.000890812 -0.00148268 -0.00118486 0.00204723 0.172292
0.410728 4.2155 -0.0928916 0.809477 -0.0014803 -0.00141199 -0.731335 -0.682016 0.0104313 0.0017346 -0.00191985 0.00128347 0.000557555 -0.132102
0.40503 4.22032 -0.0962407 0.798539 -0.000193557 -0.000211046 -0.673809 -0.738906 0.0133224 0.00284451 0.00128116 -0.00505471 -0.000536854 -0.34447
0.38826 4.22296 -0.0989563 0.784513 0.000265318 0.000247262 -0.601103 -0.799171 0.00544941 0.00210668 0.0187399 -0.000648199 0.000718355 -0.311078
0.387265 4.22327 -0.0974282 0.78462 0.000372351 0.00026977 -0.534163 -0.845382 0.00115792 0.00364671 0.019912 3.31993e-06 -0.00175818 -0.263917
0.394244 4.2238 -0.0952191 0.791657 0.000202545 0.000540178 -0.477986 -0.878367 9.30708e-05 0.00232268 0.0123986 -0.00143484 -0.000119358 -0.231108
0.400554 4.22216 -0.0965083 0.797489 0.000488281 0.000498173 -0.427402 -0.904061 -0.00108164 0.000868223 0.00639202 -0.000384416 0.000537838 -0.202551
0.39613 4.21812 -0.0958516 0.795579 0.000519676 0.000427813 -0.388553 -0.921426 -0.00223833 0.00173408 0.0123807 0.00367522 0.00167601 -0.142795
0.410347 4.21487 -0.0959587 0.80613 0.00056234 0.000248737 -0.344931 -0.938628 0.00125168 0.000577685 -0.00344001 -0.000645329 0.000138865 -0.153314
0.410831 4.21047 -0.0937323 0.806135 0.000634755 0.000356856 -0.306968 -0.951719 0.0022288 0.000779491 0.00279368 -0.00854577 -0.00611966 -0.117872
0.414239 4.20264 -0.0896128 0.811531 0.00149792 0.000543752 -0.352378 -0.935856 -0.00502489 0.00696927 -0.00303632 0.00892415 -0.000766148 0.362067
0.412079 4.19303 -0.0799674 0.807599 -0.00045712 4.94746e-05 -0.461028 -0.887386 -0.00181939 0.00203793 -0.00347232 0.0043143 -0.00131163 0.410321
0.405284 4.18844 -0.0736817 0.801246 -0.00121738 5.8509e-05 -0.554076 -0.832466 0.00444585 -0.00577141 0.00322202 0.00139923 -0.00104806 0.349949
0.408572 4.18711 -0.0744874 0.807305 -0.00126757 -1.35405e-06 -0.62596 -0.779854 0.00782213 -0.0110024 0.00175799 0.000339126 0.000459492 0.283124
0.416102 4.18892 -0.0770142 0.812081 -0.00118887 -4.00401e-05 -0.681855 -0.731486 0.00931768 -0.0115104 -0.0062146 0.000482859 -0.00013545 0.236581
0.409487 4.19268 -0.0782315 0.806875 -0.00187722 -0.000625113 -0.722612 -0.691251 0.0107531 -0.010367 0.00354868 0.0174069 -0.000243354 0.110085
0.41022 4.19937 -0.0804718 0.805614 -0.00193009 -0.000862269 -0.699491 -0.714639 0.019903 -0.00870941 0.000701761 -0.00803107 -0.000503221 -0.288606
0.403359 4.20562 -0.082549 0.80042 -0.00111568 5.16844e-05 -0.642372 -0.766393 0.0143658 -0.00832571 0.0074604 -0.00251558 -0.000740759 -0.332811
0.401039 4.21255 -0.0847639 0.795157 -0.00088279 0.000335697 -0.574102 -0.818784 0.00685799 -0.00809377 0.00920475 -0.001751 -0.000231557 -0.288496
0.386375 4.21928 -0.0889823 0.78499 -0.000586035 0.000526773 -0.511958 -0.85901 0.00263605 -0.00792157 0.0243547 -0.0035022 8.19782e-05 -0.246387
0.402157 4.22271 -0.0944785 0.800165 -7.4364e-05 0.000640598 -0.461967 -0.886897 -0.00123164 -0.00714625 0.00907006 -0.00145334 0.00114989 -0.217808
0.409844 4.22222 -0.0982564 0.80865 0.000145892 0.000589442 -0.409918 -0.912122 -0.00427401 -0.00443864 0.00131956 2.75934e-05 0.000873975 -0.190533
0.407901 4.21958 -0.098354 0.822126 9.64515e-05 0.000505666 -0.363734 -0.931503 -0.00475778 -0.00186991 -0.0128677 0.000175909 3.87295e-05 -0.16512
0.407656 4.21999 -0.0991806 0.818802 0.000199664 0.000641791 -0.323076 -0.946373 -0.00296922 -0.00158483 -0.012014 -0.0012559 -0.000463426 -0.144227
0.406534 4.21929 -0.100246 0.813615 0.000808894 0.000638886 -0.288071 -0.957609 -0.0024902 -0.000850065 0.00355769 -0.014209 0.00312519 -0.0468818
0.409892 4.21634 -0.0961823 0.808882 0.00133293 0.000705469 -0.33237 -0.943148 -0.00454294 0.0075508 0.00490759 0.00742545 -0.00216796 0.354078
0.411805 4.21122 -0.0912892 0.809493 -0.000181692 0.000543817 -0.445898 -0.895084 -0.00167653 0.00135412 0.00420169 0.00250841 -9.46531e-06 0.419428
0.404016 4.20705 -0.0909496 0.803919 -0.000457772 0.000293678 -0.538656 -0.842526 0.0025408 -0.00564995 0.0131444 0.000713764 0.00100935 0.364629
0.413309 4.20414 -0.0907874 0.822921 -0.000560079 0.000120124 -0.613007 -0.790077 0.00553408 -0.00823704 -0.00897779 0.00094614 -0.000111505 0.312027
0.412912 4.20127 -0.0902973 0.825236 -0.000779278 -2.3411e-05 -0.668819 -0.743424 0.00703595 -0.00938154 -0.0155729 0.00123361 -0.000240243 0.272308
0.412016 4.20047 -0.0916835 0.818377 -0.00138624 -0.000766727 -0.716015 -0.698083 0.00947302 -0.0102556 -0.00391079 0.0186071 0.000697945 0.171351
0.412705 4.20681 -0.0916535 0.81819 -0.00161257 -0.00108096 -0.697104 -0.716967 0.0224226 -0.00868901 -0.00791249 -0.00909688 -0.0012798 -0.283727
0.413679 4.21384 -0.0923731 0.811535 -0.000795272 6.37132e-05 -0.635157 -0.772383 0.0151069 -0.00860976 -0.00181759 -0.00116936 -0.00092917 -0.313395
0.396555 4.21739 -0.0945852 0.789281 -0.000508832 7.54409e-05 -0.580166 -0.814498 0.0092399 -0.0097002 0.0170771 -0.000756952 0.000142083 -0.286618
0.384105 4.22042 -0.0954333 0.780333 -0.000373199 0.000142804 -0.519833 -0.854268 0.0052917 -0.00894246 0.0330295 -0.00119026 -0.000684144 -0.250222
0.396906 4.22167 -0.0957141 0.79585 -0.00027457 0.000222095 -0.465236 -0.885187 0.00222891 -0.00800475 0.019309 0.000150373 -0.000437625 -0.217877
0.409694 4.22205 -0.0950771 0.805245 -0.000316565 0.000230828 -0.416204 -0.909271 0.000770794 -0.00715383 0.00741335 -0.000260022 -0.000522637 -0.191075
0.412862 4.22465 -0.0948407 0.812047 -0.000235448 0.000463849 -0.372808 -0.927909 0.000843081 -0.00682906 0.00279289 -0.00300415 0.0013002 -0.16661
0.412726 4.22403 -0.0933034 0.829674 0.00189956 0.000888848 -0.387396 -0.921911 -0.00654298 0.00371997 -0.0132088 0.00766468 -0.00112315 0.288084
0.414952 4.21937 -0.0903357 0.832392 -2.50392e-05 0.000312377 -0.498688 -0.866782 -0.00450649 0.000603355 -0.0264635 0.00195766 -0.000352854 0.414787
0.416698 4.21833 -0.0882031 0.833792 -0.000275206 0.000258143 -0.586871 -0.80968 0.000255812 -0.00395409 -0.0242684 0.00122528 -0.00150842 0.361312
0.418243 4.21649 -0.0866525 0.83035 -0.000442662 0.000241997 -0.651014 -0.759066 0.00226036 -0.00672623 -0.0237013 0.000762515 -0.000265836 0.29765
0.419723 4.21525 -0.0859583 0.817089 -0.000566483 0.000234385 -0.705355 -0.708854 0.00372564 -0.00815102 -0.00814126 0.000469293 -4.8072e-05 0.255221
0.418117 4.21388 -0.0875459 0.81907 -0.000156907 0.000548214 -0.749711 -0.661766 0.00348468 -0.00888504 -0.00610415 -0.0112326 0.000172253 0.291322
0.415508 4.21165 -0.090058 0.815889 -0.000276463 0.00042161 -0.828454 -0.560057 -0.00227095 -0.00975501 -0.00743646 0.00537089 -0.000981714 0.511095
0.410628 4.20941 -0.0887718 0.8075 -0.00102616 0.000143293 -0.899892 -0.436112 0.00186653 -0.00803559 0.00265758 0.00101694 -0.0014967 0.490812
0.415709 4.21133 -0.0895139 0.813985 -0.00231625 -0.0033778 -0.939549 -0.34239 0.0120182 -0.000925278 0.00239223 0.0082094 0.00174431 -0.018294
0.419717 4.219 -0.0841392 0.822911 -0.0012568 -0.00117132 -0.908308 -0.418298 0.0186837 0.00862715 -0.0121623 -0.0106894 -0.00440091 -0.49799
0.425814 4.228 -0.0810326 0.820984 -0.00103957 0.000369247 -0.833359 -0.552732 0.0118227 -0.00304884 -0.0157524 -0.0015109 0.00168166 -0.50908
0.401892 4.23696 -0.0809021 0.799935 -0.000448478 0.000892229 -0.752644 -0.658427 0.00512951 -0.00949123 0.00851022 -0.00217763 3.452e-05 -0.400861
0.404613 4.24098 -0.0809772 0.802535 -0.000443873 0.00104016 -0.687401 -0.726278 -0.000358637 -0.0114788 0.00716753 -0.00126367 -0.000395159 -0.33127
0.40875 4.24056 -0.0819697 0.803421 -0.000496312 0.00108651 -0.620018 -0.784587 -0.00417804 -0.0114877 0.00233059 0.000524172 -0.000871214 -0.284795
0.392199 4.23863 -0.0857297 0.790366 -0.000517705 0.000859225 -0.56089 -0.82789 -0.00439949 -0.0114135 0.0200559 -0.00142854 0.000357176 -0.276253
0.3913 4.23903 -0.0869682 0.790167 0.000509535 0.000633868 -0.515287 -0.857017 -0.00344074 -0.00524304 0.0127816 -0.00156273 -0.00263754 -0.11245
0.397859 4.23882 -0.0882301 0.796963 -0.000108645 0.00104665 -0.50602 -0.862521 -0.00368022 -0.00247006 0.0159729 0.00271442 -0.00944278 -0.0177228
0.403887 4.23716 -0.0910661 0.804776 -0.000617232 0.000954254 -0.482199 -0.876061 -0.00195883 -0.00667354 0.00889226 -0.00270151 0.00113166 -0.171882
0.414961 4.23426 -0.0950597 0.818135 -0.000157158 0.00100514 -0.442787 -0.896626 -0.00227219 -0.00644119 -0.00200065 -0.00126605 0.00167792 -0.197813
0.407467 4.22862 -0.0999092 0.83947 0.000573674 0.000707973 -0.397864 -0.917444 -0.00294586 -0.00330269 -0.00143622 -0.0140115 0.00246213 -0.0977686
0.406529 4.22251 -0.0993859 0.849848 0.00124919 0.000783442 -0.426917 -0.904289 -0.00748381 0.00598288 -0.0177174 0.00815964 -0.000761176 0.310444
0.406936 4.21465 -0.0976178 0.8386 -0.000390228 0.000191552 -0.536128 -0.844137 -0.00115663 0.00261176 -0.0139882 0.0026071 -0.00064223 0.394515
0.407151 4.21189 -0.097672 0.833238 -0.000670363 5.98497e-05 -0.617302 -0.786726 0.00454657 -0.00210937 -0.003471 0.00112594 0.000752713 0.335637
0.406763 4.2098 -0.0980677 0.833733 -0.00064762 8.98082e-05 -0.681493 -0.731824 0.00782776 -0.00384074 -0.00161404 -0.00701489 0.000576064 0.298303
0.402114 4.20749 -0.10232 0.836981 -0.000321857 3.38653e-05 -0.762985 -0.646416 0.00420788 -0.00470945 -0.00589706 0.00503208 -0.000572443 0.467609
0.400577 4.20652 -0.103287 0.835141 -0.000938382 -0.000347321 -0.830812 -0.556553 0.00697517 -0.00386804 -0.00587783 0.00193277 -0.000788316 0.455711
0.400406 4.20671 -0.103321 0.835425 -0.00211359 -0.00202182 -0.88642 -0.462872 0.0118078 -0.00204105 -0.003425 0.0272787 0.000701809 0.233443
0.403507 4.21523 -0.101107 0.823193 -0.00182416 -0.00224179 -0.872684 -0.488277 0.0257939 0.00811965 0.00096691 -0.0117619 -0.000980027 -0.35667
0.403356 4.22696 -0.0984048 0.799702 -6.11792e-05 0.000405505 -0.810904 -0.58518 0.0148864 0.00299715 0.0202846 -0.00306474 -0.00166432 -0.439454
0.40552 4.23328 -0.0959532 0.801392 -4.75416e-05 0.000757079 -0.747108 -0.664703 0.00415695 -0.00220029 0.0174126 -0.0015124 -0.00136217 -0.381213
0.412676 4.2347 -0.0956481 0.811451 -0.00017434 0.000804247 -0.673271 -0.739395 -0.00285972 -0.00634684 0.00978093 -0.000490759 0.000356786 -0.322823
0.412564 4.2348 -0.0972639 0.811152 -0.000149403 0.000705579 -0.617904 -0.786253 -0.0044376 -0.0074638 0.0095096 -0.00154731 0.00033102 -0.30951
0.410325 4.2338 -0.0994928 0.818453 3.53514e-05 0.000839152 -0.556733 -0.830691 -0.00590057 -0.0073861 0.00449621 -0.000728914 0.000819289 -0.285415
0.406435 4.23186 -0.102445 0.821531 0.000227246 0.00077006 -0.494759 -0.86903 -0.00646464 -0.00608176 -0.000411956 -0.000978021 1.79492e-05 -0.250924
0.404879 4.23037 -0.103248 0.821844 0.000361433 0.00094144 -0.437834 -0.899055 -0.00626996 -0.0034466 0.000248521 -4.24904e-05 -0.000531937 -0.202262
0.404244 4.22714 -0.103162 0.830599 0.000240415 0.000941592 -0.391162 -0.920321 -0.00585009 -0.00222936 -0.00804927 0.000134411 0.000153156 -0.171324
0.403144 4.22345 -0.10305 0.830115 0.000278962 0.000694922 -0.356081 -0.934455 -0.00448056 -0.00137073 0.00321274 -0.0055014 0.00473792 -0.127148
0.406349 4.21905 -0.0987606 0.835125 0.00142463 0.0010078 -0.384131 -0.923277 -0.00664683 0.00766425 -0.00230423 0.00796734 -0.00171117 0.323833
0.408658 4.21031 -0.0960136 0.826961 -0.000282115 0.000388881 -0.476127 -0.879376 -0.00371988 0.00372295 0.00365523 0.00416988 -0.000191139 0.421282
0.408635 4.20499 -0.0950661 0.833207 -0.000755192 0.000171849 -0.561669 -0.827362 0.00232082 -0.0019191 -0.00348526 0.00197501 0.000106106 0.376277
0.407934 4.20168 -0.0955633 0.832186 -0.0009904 2.11097e-05 -0.633698 -0.77358 0.00698206 -0.0051225 -0.00202526 0.00111113 0.00020683 0.300829
0.404913 4.20021 -0.0982527 0.840625 -0.00103871 -0.000185434 -0.692768 -0.72116 0.00969474 -0.00622561 -0.00900779 0.000512121 0.000537465 0.252339
0.404469 4.20307 -0.098926 0.834567 -0.000629102 0.000361363 -0.736857 -0.676048 0.0107514 -0.00498379 -0.00321757 -0.0135271 -0.00033161 0.273576
0.40311 4.20099 -0.100997 0.820509 -0.000622061 0.000579923 -0.812391 -0.583113 0.00176514 -0.00532602 0.00575538 0.00649112 -0.001962 0.531408
0.400691 4.19936 -0.103959 0.822815 -0.00151453 1.68329e-05 -0.888948 -0.458005 0.0054577 -0.00499367 0.00772695 0.00176967 -0.000531432 0.536408
0.396131 4.20089 -0.107778 0.83192 -0.00181406 -0.0006999 -0.94237 -0.334567 0.00974384 -0.00292513 -0.000814995 0.00851533 0.000531782 0.419988
0.394833 4.2059 -0.109168 0.830362 -0.000672433 -0.00140894 -0.962604 -0.270909 0.00940274 0.00628742 0.00349229 -0.00218135 -0.00202929 0.103004
0.395361 4.2116 -0.109079 0.827476 -0.000765243 -0.000739555 -0.964589 -0.263755 0.00679034 0.00765178 0.00204941 -0.000918809 0.000226524 -0.0156905
0.39895 4.21807 -0.107519 0.811068 -0.000837379 -0.000667789 -0.963583 -0.267408 0.00563966 0.00536827 0.00316272 5.6427e-05 0.0010067 -0.0149566
0.401568 4.22527 -0.105403 0.815055 -0.000747023 -0.000677951 -0.962968 -0.269614 0.00512198 0.0040469 0.00334832 1.90384e-05 -0.000346977 -0.00977019
0.412025 4.23773 -0.0948782 0.828564 -0.000421601 -0.000481614 -0.927861 -0.372926 0.00687929 0.00809771 0.00265621 -0.00870695 -0.00178937 -0.470628
0.419503 4.24606 -0.090297 0.837877 -7.14701e-05 0.000858627 -0.873831 -0.48623 0.00227968 -0.0016004 -0.00713751 -0.00263583 0.000641303 -0.467509
0.420307 4.25195 -0.0907444 0.834131 0.000318699 0.00111122 -0.806439 -0.591317 -0.00279809 -0.00884154 -0.00855896 -0.00106058 0.000563489 -0.402285
0.421404 4.25256 -0.0902444 0.824755 0.00025349 0.00137595 -0.739446 -0.673214 -0.00647561 -0.010836 0.0034175 -0.000994928 -0.000421892 -0.350727
0.420587 4.24734 -0.0918333 0.820331 4.1256e-05 0.00140562 -0.674437 -0.738331 -0.00905591 -0.0120271 0.00975027 0.00093718 0.000836203 -0.304535
0.415769 4.24092 -0.0946447 0.819704 -2.88419e-05 0.00105768 -0.618908 -0.785463 -0.00860467 -0.0109192 0.0107927 0.000546779 0.00021983 -0.272686
0.413675 4.23713 -0.0960779 0.814193 -0.000115589 0.00109172 -0.558541 -0.829476 -0.00593596 -0.00872311 0.0190305 -0.000609169 -0.000369763 -0.238265
0.411206 4.2332 -0.0978905 0.819058 -0.000176421 0.00103165 -0.510133 -0.860095 -0.00471109 -0.00709116 0.0143786 1.49684e-05 0.000255785 -0.21233
0.407041 4.22529 -0.100434 0.827934 -0.000346596 0.000625663 -0.458659 -0.888612 -0.00376168 -0.00551033 0.00232097 0.000672954 0.00123687 -0.199391
0.403058 4.2204 -0.10388 0.828888 -0.000268403 0.000353803 -0.410982 -0.911643 -0.000957202 -0.00384836 0.00176939 -0.000463753 0.000974279 -0.179146
0.398319 4.21653 -0.107504 0.841922 0.00220098 0.00148446 -0.374659 -0.927159 -0.00222943 0.0012047 -0.00188596 -0.0204031 0.000239174 0.0796941
0.397539 4.20868 -0.106145 0.858713 -0.000101493 -8.7181e-05 -0.422046 -0.906574 -0.00736673 0.00897029 0.00226104 0.0113829 -0.00262646 0.213335
0.396271 4.2019 -0.107033 0.850885 -2.113e-05 4.06456e-05 -0.448037 -0.894015 -0.000605611 0.0024506 0.00400947 -0.00256217 0.000661092 0.026971
0.395119 4.19942 -0.107824 0.86178 0.000322139 0.000120559 -0.449198 -0.893432 -0.000186442 0.00268671 0.00267254 -0.000244887 2.4313e-05 0.0029054
0.396286 4.19749 -0.106418 0.870866 0.000286779 9.3878e-05 -0.449035 -0.893514 -0.000428403 0.00382947 0.00362989 0.00028795 0.000218022 0.00448877
0.396874 4.19373 -0.105583 0.871636 0.000240203 -4.07014e-06 -0.449155 -0.893454 -0.000977482 0.00415294 0.00363199 0.000267379 0.000116291 0.0056385
0.398252 4.19143 -0.103417 0.860025 0.000196322 -3.12878e-05 -0.449541 -0.89326 -0.000739934 0.00458033 0.00369544 2.00941e-05 0.000137077 0.0048718
0.400549 4.18965 -0.100827 0.849523 -0.000124188 -0.000254964 -0.449831 -0.893114 -0.000587494 0.00482234 -0.0123287 0.0216464 0.0025199 0.00137095
0.401611 4.19142 -0.10049 0.842218 -0.00176475 -0.00134343 -0.430933 -0.902381 0.0113555 -0.00209106 -0.0126601 -0.00421361 -0.000361606 -0.141591
0.400881 4.19646 -0.101899 0.837816 -0.00107364 -0.000974787 -0.392254 -0.919856 0.0126598 -0.00251356 -0.00577233 -0.00167273 -0.000968558 -0.175718
0.399069 4.20326 -0.104799 0.84473 -0.000706765 -0.000687286 -0.35516 -0.934805 0.0106203 -0.00147525 -0.00484639 -0.00839939 -0.00420458 -0.1591
0.394703 4.20943 -0.109572 0.853845 0.000304726 -0.000292494 -0.341362 -0.939932 0.000630578 0.0050539 0.00248701 0.00477031 0.000122724 0.0142111
0.394481 4.21122 -0.109962 0.864285 1.70844e-05 -0.000516522 -0.343963 -0.938983 -0.000535105 0.00554837 0.00367787 0.000322716 0.000215504 0.0129937
0.395646 4.21245 -0.108894 0.868003 -5.27267e-05 -0.000654118 -0.345277 -0.938501 -0.00054402 0.00584876 0.00354949 -7.73279e-05 6.31042e-05 0.00674623
0.399319 4.22284 -0.106792 0.875567 -1.71733e-05 -0.000523853 -0.345823 -0.9383 0.00224253 0.00624307 0.00362934 -0.000636151 -0.000419377 0.00468783
0.399414 4.22963 -0.105375 0.888854 -3.72658e-05 -0.00044202 -0.345893 -0.938274 0.00293355 0.00633853 0.00368797 -0.000214809 -0.000324503 0.00488629
0.398446 4.23737 -0.104654 0.899169 0.000181565 -0.000125004 -0.346206 -0.938158 0.00229945 0.00651177 0.00122391 0.000124652 0.000376757 0.00473288
0.398138 4.24275 -0.104549 0.901586 0.000215445 -0.000169847 -0.346362 -0.938101 0.00212138 0.00662206 0.000944539 -0.000244139 -0.00027023 0.00412403
0.398435 4.24733 -0.104374 0.899423 0.000260206 -0.000110297 -0.346618 -0.938007 0.0027192 0.00664178 0.00128525 -0.000241356 -3.65463e-05 0.00363276
0.398427 4.25145 -0.104063 0.896471 0.000519177 0.00246994 -0.345782 -0.938311 -0.000536013 0.00588605 -0.059737 -0.00576563 -0.0245387 -0.0230291
0.401364 4.24751 -0.104748 0.87793 0.000175238 0.00239994 -0.324746 -0.945798 -0.0136823 0.000321319 -0.0389118 -0.000633417 0.00211972 -0.121993
0.401486 4.24173 -0.107822 0.856269 0.000519248 0.00223426 -0.292486 -0.956267 -0.0145541 0.000685979 -0.0166268 -0.00030125 0.000390643 -0.131657
0.398375 4.22946 -0.108735 0.853724 -0.000411003 -0.000464135 -0.253919 -0.967225 -0.00316651 0.00213379 0.000818556 -0.00200585 -0.00227169 -0.114859
0.398564 4.22175 -0.107498 0.841139 0.000536493 0.00063652 -0.229133 -0.973395 0.00612986 0.00870689 0.00327027 0.000654323 -0.00123366 -0.0143375
0.398532 4.21814 -0.106727 0.843519 0.000396106 0.000814205 -0.22838 -0.973572 0.00747188 0.00981754 0.00260371 0.000435442 -2.28143e-05 0.00622333
0.397028 4.20625 -0.106438 0.852128 0.000367662 0.000791622 -0.229324 -0.97335 0.00725417 0.00922764 0.00190912 -0.000258166 -0.000219301 0.00538075
0.396724 4.19589 -0.105961 0.851683 0.000365982 0.000751282 -0.229821 -0.973233 0.0059136 0.00878682 0.00314034 -0.000103355 0.000783243 0.00423456
0.39461 4.18584 -0.106852 0.858015 0.000418886 0.000666819 -0.229999 -0.973191 0.00533915 0.00812334 0.00393363 -0.000242276 6.49967e-05 0.00420376
0.396969 4.17641 -0.104054 0.869382 0.000430971 0.000705731 -0.230298 -0.97312 0.00536 0.00852179 0.00392943 4.55653e-06 0.000595285 0.00360598
0.396677 4.16841 -0.104292 0.874629 0.000423725 0.0006354 -0.230509 -0.97307 0.00409178 0.00773784 0.0033775 0.000153761 0.00105909 0.00329193
0.395994 4.15816 -0.105388 0.880651 0.000507885 0.000564569 -0.23059 -0.973051 0.00228279 0.0069072 0.00340461 -5.7005e-05 0.000922724 0.00270091
0.397505 4.1473 -0.103709 0.886185 0.000471341 0.000429305 -0.230567 -0.973056 0.000858708 0.00751367 0.00381248 9.99638e-05 0.000439082 0.0035083
0.398669 4.13932 -0.103202 0.893243 0.00045856 0.000354964 -0.230775 -0.973007 -0.000339337 0.00704722 0.00361087 0.000133411 0.00118715 0.00285683
0.398241 4.1346 -0.102421 0.862082 -0.0021592 -0.00620503 -0.225921 -0.974123 0.027371 0.00195087 -0.0120379 -0.00579444 -0.0101246 -0.0525866
0.396633 4.14364 -0.103333 0.861237 0.00116753 0.00189298 -0.209487 -0.977809 0.0220037 0.0032573 0.00310988 0.00211458 0.00171687 -0.0495129
0.399333 4.14558 -0.100187 0.871252 -6.80346e-05 -0.000993794 -0.203539 -0.979066 0.000995097 0.00806297 -0.00958851 0.0402593 0.0450207 -0.00479858
0.402155 4.15321 -0.0986063 0.875763 -0.00219685 -0.00572642 -0.197257 -0.980333 0.0263818 0.00195132 -0.0228824 -0.00587174 -0.0118332 -0.0517416
0.39991 4.17762 -0.102285 0.8712 -0.00119539 -0.00364328 -0.180281 -0.983608 0.0348586 -0.00165674 -0.0193438 -0.00462414 -0.00604268 -0.0746739
0.396793 4.20026 -0.106838 0.872548 -0.000209083 -0.00195598 -0.163249 -0.986583 0.0285865 -0.00094694 -0.0153027 -0.00772066 -0.0130226 -0.069592
0.399158 4.23411 -0.108759 0.854691 -0.000292135 -0.00094093 -0.140909 -0.990022 0.0165472 0.00149334 -0.00174167 -0.00114962 -0.00400357 -0.0581543
0.397904 4.25115 -0.112273 0.857424 0.000100069 -0.000187592 -0.126577 -0.991957 0.00678056 0.00144332 -0.00321309 -0.00130287 -0.00187449 -0.0524285
0.395789 4.2651 -0.113686 0.860728 0.000481964 -0.00113589 -0.109638 -0.993971 -0.000653332 0.0042053 0.00163937 -0.000736553 0.00491107 -0.0306673
0.397539 4.2793 -0.111177 0.866203 0.000329843 -0.000784307 -0.105856 -0.994381 0.00378806 0.00684271 0.00124991 -0.000201709 -0.000451154 0.00278679
0.398257 4.28648 -0.109961 0.872709 0.000320321 -0.000755493 -0.106346 -0.994329 0.00404407 0.00638757 0.00132415 -0.000351004 -4.55925e-05 0.00290895
0.399968 4.30445 -0.107919 0.878823 0.000439706 -0.000488227 -0.106791 -0.994281 0.00698686 0.00587097 0.0007096 -0.000475136 -0.0011206 0.00221459
0.407939 4.31287 -0.107095 0.847252 0.000465431 -0.000453975 -0.106928 -0.994267 0.00766232 0.00538186 0.000645587 -0.000665946 -0.000520861 0.00182725
0.413566 4.32071 -0.10572 0.834215 0.00185539 0.000207559 -0.132422 -0.991192 0.00588512 0.0087428 0.0124401 -0.00188704 -0.00276383 0.284797
0.415913 4.3245 -0.101386 0.848416 0.000631604 0.000533685 -0.228802 -0.973473 0.00154191 0.0100181 -0.000842915 0.00472569 -0.00263404 0.482869
0.417783 4.32523 -0.0981824 0.850546 -4.54558e-06 0.000658791 -0.335413 -0.942071 -0.000942841 0.00419579 -0.00845571 0.00173331 -0.000706784 0.464239
0.420933 4.32513 -0.0947267 0.855807 -0.000271722 0.00085253 -0.442333 -0.89685 -0.0018855 -0.000888514 -0.0107463 0.000911389 -0.000441125 0.39978
0.425395 4.32376 -0.0943896 0.837045 -0.000298112 0.00087139 -0.524531 -0.851391 -0.00211569 -0.00398123 0.00808101 -0.000250346 0.000174674 0.349225
