0.615618 0.0977983 0.00576237 0.509576 -5.84764e-05 -0.00724464 0.00151429 -0.999973 0.0800233 0.00170821 -0.0115491 0.00090337 -0.000145355 0.0020221
0.578232 0.14338 0.00838629 0.493528 -0.00103476 -0.00641759 0.00187832 -0.999977 0.0814577 -0.000467165 0.00672301 0.00358365 -0.0039645 -0.00552477
0.555349 0.191106 0.00764658 0.492621 -0.000788123 -0.00672608 0.00576624 -0.99996 0.084415 -0.00471013 0.0120202 -0.000396111 -0.00172427 -0.022313
0.545093 0.22253 0.00749166 0.495322 -0.000659331 -0.00656182 0.00895292 -0.999938 0.0898962 -0.00462291 0.0155912 -0.0113412 -0.00319632 -0.0250507
0.536107 0.252947 0.00685767 0.498447 0.00110011 -0.00617431 0.0109717 -0.99992 0.0922987 -0.000581404 0.0203944 -0.00177525 -0.000615396 -0.00621065
0.526071 0.308548 0.00554945 0.506236 0.000779752 -0.00626433 0.00842621 -0.999945 0.0959418 0.00370895 0.0285196 -0.00034453 -0.00061712 0.0234454
0.575199 0.35552 0.00718912 0.568927 0.00137621 0.00386161 -0.0107013 -0.999934 0.066824 0.00649922 0.1089 -0.00411348 -0.00187531 0.208153
0.620566 0.375534 0.0128014 0.620044 0.000451703 0.00256277 -0.0851891 -0.996361 0.0275428 0.00992532 0.0626241 0.00626116 -0.00234327 0.389407
0.657791 0.384111 0.0191587 0.656227 -0.000240514 -0.0106712 -0.161984 -0.986736 0.0429576 0.0137703 0.0539508 0.0159711 0.00200494 0.232615
0.670386 0.394606 0.0239853 0.665559 -0.00115472 -0.00805018 -0.182009 -0.983263 0.0651407 0.01429 0.0517072 -0.00519534 -0.0136312 0.077473
0.679545 0.412348 0.0254999 0.674607 -0.000771976 -0.000778743 -0.185144 -0.982711 0.0614147 0.00801868 -0.0246606 -0.00926857 -0.0596779 -0.0368544
0.680814 0.432653 0.0255786 0.677162 -1.21592e-05 0.000648874 -0.170213 -0.985407 0.0285366 0.000438403 -0.0234157 -0.00115193 -0.00182343 -0.0919791
0.68446 0.444 0.0268729 0.680687 9.86821e-06 0.00129227 -0.154922 -0.987926 0.0164791 -5.21177e-05 -0.0258128 -0.000371306 -0.00264246 -0.09533
0.677984 0.450777 0.0284481 0.67324 1.10845e-05 0.00149204 -0.142923 -0.989733 0.00911578 7.36736e-05 -0.0205013 0.000380669 -0.00249734 -0.0884187
0.676007 0.456277 0.0297553 0.671573 -9.97912e-05 0.00195425 -0.13113 -0.991363 0.00408906 -0.000281819 -0.0159612 1.61401e-05 -0.00367109 -0.07886
0.6756 0.458308 0.0305619 0.670377 -0.000155511 0.0021614 -0.114614 -0.993408 -0.00544302 -0.00183975 -0.0147055 -3.08928e-05 0.000662142 -0.0668713
0.672719 0.457098 0.0305831 0.667786 -0.000172607 0.00205284 -0.106196 -0.994343 -0.00836888 -0.00241294 -0.00963374 -1.47942e-05 4.71889e-05 -0.0619277
0.662934 0.451145 0.028443 0.658014 -5.39279e-05 0.00178592 -0.0919734 -0.99576 -0.011893 -0.00415981 0.00080241 -0.00101425 0.00080625 -0.0557547
0.653978 0.448281 0.0289728 0.647961 -2.7564e-05 0.00185552 -0.0819254 -0.996637 -0.0113947 -0.00265317 0.00836552 0.000740863 -0.00086888 -0.0527143
0.642667 0.442289 0.0276591 0.637688 -8.13e-05 0.00110687 -0.0732988 -0.997309 -0.0143431 -0.00331828 0.0150198 0.0127252 0.0673698 -0.0451214
0.629414 0.447317 0.0268897 0.625323 -0.000441818 -0.00902801 -0.0618855 -0.998042 0.0457901 -0.00234303 0.00258563 -0.00104066 -0.0201849 -0.0363465
0.631355 0.4654 0.0274767 0.627427 -0.000450768 -0.00758305 -0.0549109 -0.998462 0.0642568 -0.00199672 0.00604061 0.000827245 -0.00426946 -0.0306481
0.626599 0.504995 0.027782 0.62501 -0.000431646 -0.00731306 -0.0466444 -0.998885 0.077149 -0.00272679 0.00761011 -0.000260552 -0.00182479 -0.0291351
0.635727 0.5349 0.0284665 0.6366 -0.000400117 -0.00728348 -0.0414853 -0.999113 0.0804038 -0.00281327 0.00988719 0.000118185 0.00153606 -0.028904
0.648234 0.565424 0.0299618 0.650772 -0.000274252 -0.00757793 -0.0368588 -0.999292 0.0845268 -0.00174435 0.01682 0.000333938 -0.000551584 -0.0261784
0.670092 0.618267 0.0286237 0.669798 -0.000158052 -0.00775975 -0.030355 -0.999509 0.0879587 -0.00285236 0.0174939 -0.000314625 0.00109755 -0.0201108
0.678953 0.653518 0.0287568 0.674744 -1.50556e-05 -0.00815778 -0.0270743 -0.9996 0.0919456 -0.00215596 0.00681153 -9.02369e-05 -0.000372992 -0.0152328
0.679476 0.689694 0.0294362 0.676294 -7.38011e-05 -0.00812717 -0.0247684 -0.99966 0.0958926 -0.00143821 0.00711989 0.000175428 -0.00121275 -0.0125234
0.683241 0.730278 0.0301459 0.680373 -9.551e-05 -0.00821396 -0.0223989 -0.999715 0.0979968 -0.00128243 0.0025333 0.00155896 0.000812434 -0.0110561
0.683652 0.796379 0.0313032 0.681259 -0.00023099 -0.00840964 -0.0181891 -0.999799 0.101008 -0.00173489 -0.00339492 0.000578114 0.000247192 -0.0120084
0.686298 0.862518 0.035975 0.686697 -0.00017567 -0.00870971 -0.0150127 -0.999849 0.104072 -0.000332315 0.00547118 4.39251e-05 0.00143334 -0.0107607
0.693588 0.901933 0.0377975 0.692421 -0.000206993 -0.00878895 -0.0136839 -0.999868 0.106973 -9.57072e-05 0.00522628 -3.50031e-05 -0.000978894 -0.0108671
0.693534 0.97733 0.0401723 0.693644 -4.82081e-05 -0.00893134 -0.0106171 -0.999904 0.11138 0.000378241 0.00943897 -8.3554e-05 -0.00036894 -0.00666292
0.693921 1.02094 0.0429467 0.693736 -0.000140092 -0.00903527 -0.00967999 -0.999912 0.112403 0.00172786 0.0103106 0.000919634 0.000874123 -0.00424924
0.70118 1.08629 0.0478908 0.700759 -0.000337904 -0.00918487 -0.00872482 -0.99992 0.114757 0.00252417 0.0103254 0.000918346 -0.000433213 -0.00305369
0.691222 1.13069 0.051751 0.688519 -0.000403752 -0.00924541 -0.00836535 -0.999922 0.116417 0.00298473 0.0100759 0.00072016 -0.000314477 -0.00601737
0.687053 1.17703 0.0539873 0.68716 -0.000411009 -0.00928627 -0.00733772 -0.99993 0.118384 0.00268422 0.0115245 0.000667637 -0.000501482 -0.00665042
0.701343 1.2532 0.054679 0.704016 -0.00064082 -0.00911127 -0.00564692 -0.999942 0.120641 0.000407577 0.0144681 -0.000517401 0.000450129 -0.0120926
0.713686 1.29755 0.0545808 0.715893 -0.000562872 -0.00924573 -0.00338974 -0.999951 0.121098 -0.000108067 0.0151112 -0.0001585 0.000754094 -0.0132183
0.715937 1.34388 0.0533465 0.714807 -0.000293201 -0.00950286 -0.00156272 -0.999954 0.123197 -0.000342504 0.0143419 -0.000570143 -0.000297024 -0.009281
0.726022 1.41904 0.0531996 0.726613 -0.000343676 -0.00951311 -0.000537752 -0.999955 0.126676 0.00063791 0.01546 0.000862043 -0.00097532 -0.00644633
0.740855 1.50634 0.0574298 0.740376 -0.000372864 -0.00951981 0.000137399 -0.999955 0.130494 0.00259837 0.00371224 0.000661431 -0.000712933 -0.0033405
0.744588 1.54742 0.0568844 0.745334 -0.000323214 -0.00960798 0.000228857 -0.999954 0.130268 0.00183061 0.00363879 -0.000466533 0.00111018 -0.00258112
0.749197 1.63112 0.0573516 0.749309 -0.000598358 -0.00969972 0.0010361 -0.999952 0.130034 0.000407453 0.00752616 -0.000455587 0.000409198 -0.00409706
0.75281 1.67736 0.0558618 0.75299 -0.000517674 -0.00971194 0.00188055 -0.999951 0.13161 -0.000642471 0.0072369 -0.000298554 -0.000549666 -0.00537975
0.756067 1.72169 0.0552759 0.755834 -0.000905357 -0.00936765 0.00273976 -0.999952 0.132958 -0.0013349 0.0116308 0.00500486 -0.00439039 -0.00689464
0.768611 1.81286 0.0526746 0.769105 -0.000867904 -0.00943894 0.00683601 -0.999932 0.132453 -0.00484475 0.0116372 -0.000326435 0.00027441 -0.017797
0.776474 1.85874 0.0512276 0.77769 -0.000132197 -0.00980244 0.00991024 -0.999903 0.133084 -0.00417781 0.0158147 -0.0035982 0.00271295 -0.0137203
0.781519 1.90087 0.0501833 0.780316 -0.000107385 -0.00979653 0.0110633 -0.999891 0.135051 -0.00199856 0.0159062 0.0013148 -0.00101464 -0.00295926
0.784061 1.9474 0.0494748 0.785529 -0.000252087 -0.00977161 0.0111488 -0.99989 0.135584 -0.00123493 0.0159373 -6.12102e-05 0.000397077 0.00297437
0.800999 2.04439 0.0479058 0.80249 -0.000141712 -0.00977942 0.00891886 -0.999912 0.136162 -0.000698686 0.0159924 0.000302591 0.000676801 0.00694
0.824519 2.13643 0.05102 0.829556 -2.40899e-05 -0.00959967 0.00635979 -0.999934 0.135839 0.000962668 0.0274959 -0.000262046 0.00093117 0.00619655
0.846504 2.22883 0.0532938 0.8472 -9.31689e-05 -0.0098107 0.00369948 -0.999945 0.135274 0.00201794 0.0271997 4.378e-05 0.000666594 0.0123171
0.852572 2.27118 0.0544968 0.852762 -0.00131301 -0.00958328 0.00231711 -0.999951 0.135242 -7.87332e-05 0.0228789 0.00549437 -0.00200584 0.00380719
0.846597 2.31807 0.0546693 0.845896 -0.00121129 -0.00956008 0.00353882 -0.999947 0.1348 -0.00430849 0.0233289 -0.00157535 0.000300656 -0.0134813
0.852304 2.36603 0.0539807 0.854954 -0.00102745 -0.00964311 0.00659354 -0.999931 0.134849 -0.00579661 0.0243162 -0.00034312 0.000289981 -0.0208459
0.860325 2.40865 0.0530379 0.867166 -0.000885305 -0.00979688 0.00977524 -0.999904 0.135409 -0.00609083 0.0196791 -0.000466431 0.000789067 -0.0214394
0.830737 2.45203 0.0527418 0.875827 -0.000886191 -0.00980543 0.012617 -0.999872 0.136794 -0.00556072 0.0190777 0.000642284 -0.000533277 -0.0191786
0.76673 2.54859 0.0472615 0.89391 -0.000918947 -0.00980729 0.0181854 -0.999786 0.137374 -0.00689465 0.0198613 0.0018392 2.14855e-05 -0.0145354
0.711291 2.64075 0.041479 0.90629 -0.000868009 -0.0100507 0.0231918 -0.99968 0.134989 -0.00906252 0.0199025 -0.000745192 0.00125305 -0.0135509
0.690049 2.6755 0.0385071 0.915567 -0.000629386 -0.0102872 0.0249007 -0.999637 0.133621 -0.00976174 0.0173478 -0.00749665 0.00462764 -0.0128421
0.658807 2.72217 0.0388148 0.926731 -0.00026782 -0.0106448 0.0263661 -0.999596 0.135112 -0.00482404 0.0160293 0.00301923 -0.000983176 -0.0041947
0.627698 2.77149 0.0404984 0.928657 -0.000639136 -0.0105134 0.0263973 -0.999596 0.137261 -0.0023125 0.0159534 0.000860785 -0.000750869 0.00269658
0.594646 2.82341 0.0394633 0.935967 -0.000645608 -0.0103259 0.0255791 -0.999619 0.139759 -0.00315471 0.0160299 -0.00030516 -0.000885531 0.00361767
0.532039 2.92379 0.0350076 0.923599 -0.000880428 -0.0103499 0.025102 -0.999631 0.140444 -0.00544699 0.0051509 7.69368e-05 0.000546959 -0.00271979
0.50802 2.96842 0.0341328 0.92713 -0.000873415 -0.0104611 0.0256349 -0.999616 0.140539 -0.00508439 0.00646746 0.000305048 0.000388214 -0.00386103
0.477958 3.05765 0.0315423 0.940266 -3.11671e-05 -0.00546189 0.0248433 -0.999676 0.137251 -0.00460749 0.00177255 -0.0299477 -0.11793 0.0680254
0.464816 3.12338 0.0325742 0.946692 0.000811246 0.00231334 -0.101838 -0.994798 0.0611963 0.0126235 -0.0113739 0.00993441 -0.00768457 0.649658
0.457478 3.13879 0.033985 0.94457 0.000664009 0.00315197 -0.200334 -0.979722 0.035099 0.00922532 -0.00888001 -0.00233925 -0.00337653 0.686962
0.45576 3.1461 0.0345428 0.945871 0.00131195 0.00334872 -0.309998 -0.950731 0.0135988 0.00476566 -0.00871775 -0.0023344 -0.000793353 0.701879
0.460697 3.14623 0.033784 0.951262 -0.000843785 0.0022217 -0.401488 -0.915861 0.00350988 -0.002515 -0.0125157 0.0214457 0.000958194 0.40956
0.457721 3.14229 0.0308324 0.954054 -0.000987296 0.00162109 -0.4285 -0.90354 0.00389663 -0.0155055 -0.0160377 -0.00741531 0.00379583 -0.0157999
0.462951 3.13683 0.0264076 0.949604 0.00043876 0.0019113 -0.406796 -0.913517 0.00125092 -0.0198001 -0.0148954 -0.007582 0.00219109 -0.231269
0.456991 3.12801 0.0222168 0.941063 0.00128064 0.0019169 -0.37055 -0.92881 -0.00474046 -0.018474 -0.00686218 -0.00215015 0.0026184 -0.26785
0.453881 3.11827 0.0220436 0.933537 0.00138682 0.00181547 -0.329801 -0.944048 -0.00940793 -0.0140626 -0.000359027 0.0023515 0.00165434 -0.246219
0.449123 3.10611 0.0243622 0.927663 0.00104295 0.00149741 -0.287593 -0.957751 -0.0117691 -0.00978301 0.00934595 0.00176977 0.00100204 -0.20655
0.456447 3.08812 0.0289525 0.931419 0.000509073 0.000982575 -0.240303 -0.970697 -0.0127361 -0.00633535 0.00623895 0.00244942 0.00190669 -0.165764
0.474238 3.07243 0.0343558 0.945019 -7.47225e-05 0.000541811 -0.202729 -0.979235 -0.00963485 -0.00485585 -0.00714631 0.00171845 0.00125404 -0.139867
0.478812 3.05719 0.0391273 0.958221 -0.000460405 -0.000188125 -0.170047 -0.985436 -0.00777293 -0.0037395 -0.0202742 0.00217516 0.00233502 -0.122168
0.478984 3.04366 0.0487183 0.963448 -0.00134425 -0.000813059 -0.141156 -0.989986 -0.00471652 -0.000445409 -0.0265068 0.0042784 0.00143037 -0.107319
0.480283 3.03998 0.051544 0.960614 -0.00169855 -0.000914474 -0.126142 -0.99201 -0.00142523 -0.00145154 -0.0284453 0.000900987 -0.000593621 -0.0977759
0.49063 3.0372 0.0523877 0.951146 -0.00177072 -0.000931269 -0.11032 -0.993894 0.000713369 -0.002634 -0.0182714 0.000311774 0.00016682 -0.0870232
0.491538 3.03491 0.0518638 0.946889 -0.00182655 -0.00103029 -0.0978296 -0.995201 0.0014768 -0.00315672 -0.0117721 2.75815e-05 0.000755502 -0.0798947
0.480619 3.03114 0.0503012 0.926462 -0.00182458 -0.00131386 -0.0840249 -0.996461 0.00119447 -0.00248531 -0.000478256 0.000357067 0.00118096 -0.0738687
0.467906 3.02962 0.0459082 0.919174 -0.0017253 -0.0014729 -0.0734731 -0.997295 0.00170816 -0.0031655 0.0186603 -0.00176793 0.00119636 -0.0691649
0.471555 3.03063 0.0410885 0.9237 -0.00136851 -0.0014698 -0.0634118 -0.997985 0.00301628 -0.00239857 0.0150427 -0.00191273 -0.000977762 -0.0629706
0.47415 3.03772 0.0358438 0.92904 -0.000405457 -0.0115978 -0.0472999 -0.998813 0.0333733 0.00605622 0.0183388 -0.000491496 -0.00123305 -0.0330305
0.472437 3.07833 0.0311797 0.942094 -0.000745599 -0.0087738 -0.0430643 -0.999034 0.0729903 0.0113935 0.0163893 0.000999706 -0.00154228 0.000279186
0.469752 3.10506 0.0295665 0.948692 -0.000806251 -0.00858545 -0.0430654 -0.999035 0.0803724 0.0113075 0.016517 -0.000419441 -0.000869873 0.00315001
0.46088 3.13908 0.0275504 0.955036 -0.00114578 -0.00835679 -0.043338 -0.999025 0.0858926 0.0104999 0.0136459 0.00662593 -0.00440987 0.00228955
0.451023 3.17104 0.0253281 0.95834 -0.00136592 -0.00822319 -0.0429234 -0.999044 0.0881188 0.00764931 0.0140475 -0.000924078 0.00155263 -0.00599948
0.439581 3.20552 0.0224805 0.965665 -0.00117377 -0.00837803 -0.0412191 -0.999114 0.0910683 0.0060007 0.0145873 -0.000791202 0.000387771 -0.0112087
0.429724 3.24016 0.020932 0.971434 -0.00116617 -0.00849683 -0.0393846 -0.999187 0.094099 0.00570853 0.0137538 -0.000161994 0.000226578 -0.0125524
0.420617 3.31271 0.0181643 0.982912 -0.00107061 -0.00747094 -0.0354104 -0.999344 0.0991848 0.00548145 0.0031102 -0.00402615 -0.0765994 -0.0117507
0.41157 3.36525 0.0161203 0.990357 -0.000973545 0.00260198 -0.0258052 -0.999663 0.0337746 0.00334907 -0.0097393 -0.00148803 0.00109186 -0.0461886
0.410432 3.37702 0.0140969 0.991926 -0.000794221 0.0027824 -0.0190994 -0.999813 0.0153274 0.00300092 -0.010947 -0.000640345 -0.00131087 -0.0507427
0.404287 3.39318 0.00892943 1.00004 -0.00229151 -0.0120011 -0.00426134 -0.999916 0.0517874 -0.00265944 0.0119324 -0.00352012 -0.0220764 -0.0454293
0.413704 3.44067 0.00144467 0.995507 -0.0014947 -0.00846025 0.00706794 -0.999938 0.0923861 -0.00385934 0.0105062 0.000284106 -0.00195635 -0.0229117
0.419446 3.46956 -0.002652 0.998511 -0.00154191 -0.00823381 0.010233 -0.999913 0.0985442 -0.00419609 0.0111408 0.000340039 -0.00070856 -0.01837
0.426784 3.52618 -0.0114351 1.0076 -0.001424 -0.00834475 0.0152331 -0.999848 0.103148 -0.00559183 0.0120927 -0.00879084 -0.000861478 -0.0136451
0.431439 3.55632 -0.013752 1.01427 0.000440212 -0.00784233 0.0162276 -0.999837 0.104032 7.7932e-05 0.0124856 0.00036592 -0.000790011 0.00618254
0.442162 3.59116 -0.0145395 1.01973 1.70046e-05 -0.00797757 0.0139969 -0.99987 0.104294 0.00560852 0.0124006 0.00214626 0.00111799 0.0277315
0.459468 3.62462 -0.0148028 1.01831 -0.000308883 -0.00821987 0.0092431 -0.999923 0.104734 0.0074039 0.0116739 0.000953046 0.00144786 0.0363544
0.496218 3.66643 -0.0171429 0.996653 -0.000354755 -0.00841903 0.00308523 -0.99996 0.105827 0.00666758 0.0131398 -0.00118153 0.00107844 0.0353197
0.528084 3.72735 -0.0209163 1.01109 -0.00136498 -0.00829975 -0.00276896 -0.999961 0.104819 0.00032198 0.0691858 -0.00211518 0.00171396 0.00879627
0.542284 3.76942 -0.0239755 1.03571 -0.00115469 -0.00854157 -0.00312266 -0.999958 0.104977 -0.00180953 0.0672816 -0.000843849 0.00106982 -0.00328308
0.549853 3.80515 -0.0260998 1.06503 -0.00105676 -0.00866009 -0.00217086 -0.99996 0.10625 -0.00242686 0.0655199 -0.000439696 8.80303e-05 -0.00674574
0.558375 3.84626 -0.0293398 1.09086 -0.00146162 -0.00943629 -0.000632203 -0.999954 0.10845 -0.00378937 0.018375 0.00116678 0.00195066 -0.00940334
0.585153 3.89035 -0.0323477 1.10526 -0.00138534 -0.00925706 0.00137588 -0.999955 0.11285 -0.00566637 0.0170793 -0.000901327 -0.00139834 -0.0139469
0.617792 3.92927 -0.0341695 1.11586 -0.00132171 -0.0092912 0.00391253 -0.999948 0.114247 -0.00589607 0.0184902 -1.31538e-05 0.00090659 -0.0160261
0.646616 3.96994 -0.035096 1.12987 -0.00145417 -0.0090721 0.0062307 -0.999938 0.116355 -0.00582364 0.0514425 0.00752082 -0.0160654 -0.0158516
0.676156 4.01509 -0.0366154 1.15635 -0.00204541 -0.00798773 0.00968446 -0.999919 0.112473 -0.00836268 0.0549328 -0.000490781 0.00327618 -0.0263901
0.704555 4.05857 -0.0398975 1.17908 -0.00188178 -0.00840022 0.0148704 -0.999852 0.111296 -0.0100975 0.0560704 -0.000559121 0.000849968 -0.0334789
0.762422 4.12171 -0.0464868 1.20262 0.000435883 -0.0083813 0.0227682 -0.999706 0.111795 -0.00795819 0.0563897 -0.0133321 -0.00208739 -0.0190998
0.792517 4.16011 -0.0476203 1.22738 0.000420578 -0.00832469 0.0228485 -0.999704 0.112362 0.000954476 0.0561405 0.00423776 0.000130588 0.0168095
0.849491 4.2373 -0.0464789 1.26884 -0.00156105 -0.00840187 0.013217 -0.999876 0.114354 0.00489615 0.0687137 0.0200008 0.00174132 0.0361327
0.916944 4.31173 -0.0528112 1.30229 -0.00170375 -0.00843314 0.0107914 -0.999905 0.115747 -0.00640253 0.0697466 -0.00163338 2.04041e-05 -0.0118588
0.948486 4.34463 -0.0553328 1.32783 -0.00149058 -0.00846449 0.0129053 -0.99988 0.116378 -0.00734951 0.0733842 -0.00845958 -0.00068705 -0.0185324
0.964365 4.387 -0.0581158 1.36579 -0.000385865 -0.00838235 0.015189 -0.999849 0.1173 -0.00355379 0.0756419 0.00137191 -0.000238253 -0.00467873
0.973803 4.44941 -0.060232 1.41756 -0.000765058 -0.00839259 0.0140292 -0.999866 0.117967 -7.55842e-05 0.0743719 0.000168471 -0.000139021 0.0127278
0.988498 4.52377 -0.060977 1.46434 -0.00044962 -0.00853186 0.00849782 -0.999927 0.119843 0.00325452 0.0604833 0.000656015 -0.000483446 0.0236366
1.00812 4.59833 -0.0614454 1.49624 -0.000550623 -0.00858785 0.00116359 -0.999962 0.120747 0.00371888 0.0598036 -0.000273037 0.000142556 0.0229257
1.03371 4.63927 -0.0609644 1.49443 -0.000833734 -0.00836683 -0.00223732 -0.999962 0.121041 0.00359537 0.080389 0.00357133 -0.00211844 0.0192777
0.999467 4.71414 -0.0615364 1.5226 -0.000831992 -0.00849501 -0.00619972 -0.999944 0.120611 0.00160348 0.0810807 -0.000417349 0.000156811 0.00712502
0.945346 4.77067 -0.0617215 1.54712 -0.00202275 -0.00848705 -0.00629168 -0.999942 0.119844 -0.00260663 0.0638322 -0.000958269 0.000103264 -0.0119622
0.903348 4.81458 -0.0639875 1.56218 -0.00172725 -0.00859946 -0.0026872 -0.999958 0.119231 -0.00625429 0.0642918 -0.00148891 0.000622611 -0.0264335
0.862559 4.85519 -0.067575 1.58862 -0.00141737 -0.00825946 0.00221368 -0.999963 0.119101 -0.00758499 0.076459 -0.00135715 -0.00196245 -0.0283313
0.826436 4.90019 -0.0727325 1.60889 -0.0010257 -0.00591007 0.00690947 -0.999958 0.116419 -0.00798882 0.00137179 -0.00747647 -0.0854912 -0.0270841
0.753996 4.96622 -0.0763087 1.6187 -0.00051007 0.000694988 0.0255312 -0.999674 0.0387959 -0.0017936 0.0634766 -0.0102513 0.0999468 -0.0552036
0.748412 4.98033 -0.0750974 1.65279 0.00027422 -0.0117588 0.0309848 -0.999451 0.0665632 0.00174524 0.0732588 5.04627e-05 -0.0116458 -0.0116251
0.732227 5.00525 -0.0733925 1.67472 4.88347e-05 -0.00880464 0.0293589 -0.99953 0.0897405 0.00428848 0.0722984 0.00157529 -0.00698977 0.0252391
0.715974 5.03212 -0.0727032 1.70365 -0.000116924 -0.00837335 0.0245054 -0.999665 0.0966956 0.00441525 0.0724979 0.000336112 -0.00136793 0.0377853
0.694348 5.06086 -0.070944 1.71305 -0.000444808 -0.0069234 0.0186295 -0.999802 0.0991402 0.00461155 0.0200319 0.0134949 -0.0727688 0.0393729
0.643463 5.13025 -0.0658141 1.75086 0.000180133 -0.00962964 0.00266052 -0.99995 0.0945498 0.00638323 0.0496491 0.00103384 -0.0166868 0.0429464
0.617899 5.15995 -0.0644292 1.75747 -0.00153067 0.000896576 -0.00159016 -0.999997 0.0806471 0.00352218 -0.00901682 0.00306705 -0.0380937 0.00811454
0.598039 5.18407 -0.0646838 1.75838 -0.00113601 0.00150461 0.00149588 -0.999997 0.048972 -0.00107054 -0.00958777 -0.00263959 0.000531919 -0.0387867
0.585309 5.19925 -0.064496 1.76331 -0.000930821 0.00196651 0.0104645 -0.999943 0.0280929 -0.00199469 -0.0129763 -0.000346963 -0.00264971 -0.0560725
0.594163 5.2093 -0.0647324 1.80319 -0.000626169 -0.011914 0.0277147 -0.999545 0.0512828 -0.00224565 0.0871049 -0.00062342 -0.0150429 -0.0278972
0.599963 5.22618 -0.0644039 1.8355 -0.000599808 -0.00851037 0.030178 -0.999508 0.0800262 -0.00201057 0.085383 0.00104086 -0.0124848 -0.00657989
0.600485 5.2516 -0.0636014 1.86895 -0.000616799 -0.00671083 0.0302415 -0.99952 0.0926651 -0.00149671 0.115129 -0.0038875 -0.0440776 0.00545671
0.606453 5.27441 -0.0624918 1.90446 -0.000297455 -0.00354697 0.0284907 -0.999588 0.0846294 0.000690449 0.118957 0.000660516 0.00496652 0.0179836
0.618076 5.30106 -0.0607034 1.95661 -0.000470496 -0.004322 0.0243197 -0.999695 0.07942 0.0019977 0.121533 0.000566328 0.000599059 0.0262709
0.644445 5.32058 -0.0600278 2.0025 -0.000409579 -0.00604714 0.0202897 -0.999776 0.0780599 0.00208298 0.0561509 -0.00388492 0.0527417 0.0272573
0.66179 5.38252 -0.0579183 2.05833 -0.000354721 -0.00787067 0.0109138 -0.999909 0.105189 0.00238086 0.0483861 0.000105401 0.00120986 0.0198747
0.649857 5.4293 -0.0574761 2.07164 -0.000568439 -0.00849161 0.00688085 -0.99994 0.111958 0.000732905 0.0299266 -0.000960804 -0.000917948 0.0119881
0.640847 5.50733 -0.057453 2.09673 -0.000420678 -0.00854859 0.00368406 -0.999957 0.116446 -0.000296625 0.0302766 0.000131687 0.000659285 0.00698548
0.639716 5.5478 -0.0551025 2.10958 -0.000762148 -0.00884882 0.00269162 -0.999957 0.117569 -0.0010577 0.0269986 -0.000202918 0.000261752 0.00241834
0.643779 5.58417 -0.0519773 2.1256 -0.000752562 -0.00893474 0.00266613 -0.999956 0.117998 -0.000890461 0.0273857 0.000292248 0.000948487 -0.00178502
0.653037 5.65889 -0.0457425 2.14806 -0.000256847 -0.00893987 0.00339961 -0.999954 0.119828 6.65333e-05 0.0231158 -0.00862077 -0.00447909 -0.000225051
0.658481 5.70102 -0.0433071 2.15798 3.25091e-05 -0.00880288 0.00229372 -0.999959 0.118839 0.00331971 0.0227558 0.00120316 0.00179695 0.0115012
0.666681 5.7434 -0.0405718 2.1702 -0.000123828 -0.00901757 -6.64656e-05 -0.999959 0.118922 0.00468645 0.0235249 0.000465047 0.000748347 0.0180027
0.684244 5.78722 -0.0381438 2.18822 -0.000166538 -0.00911154 -0.00321812 -0.999953 0.120165 0.00497817 0.0180847 0.000236992 0.000566423 0.0195751
0.690482 5.82532 -0.0350448 2.1871 -0.000773674 -0.00958966 -0.0057573 -0.999937 0.121397 0.00428764 -0.034175 0.000722714 -0.00113536 0.013313
0.704557 5.91358 -0.0269571 2.18633 -0.00122828 -0.00901869 -0.00768729 -0.999929 0.122828 0.00306539 -0.0595718 0.00478196 -0.00701042 -0.00117
0.694122 5.99772 -0.0193651 2.15018 -0.00132971 -0.00907485 -0.00472534 -0.999947 0.119549 0.00144176 -0.0576547 -0.000826619 0.00158391 -0.0152625
0.695325 6.03722 -0.0193776 2.13831 -0.00108941 -0.00927511 -0.00247314 -0.999953 0.120008 0.00014551 -0.0639306 -0.00692275 0.00102703 -0.0149809
0.699428 6.12388 -0.0164915 2.09906 -0.000832279 -0.00923311 -0.000584745 -0.999957 0.122087 0.00422161 -0.0660265 0.000469398 0.000160093 0.000227231
0.703376 6.16965 -0.0160538 2.07666 -0.00097299 -0.00929401 -0.000911678 -0.999956 0.123399 0.00387113 -0.0657816 0.00014756 -0.000246214 0.00206452
0.723769 6.24832 -0.0135978 2.04352 -0.00100072 -0.00931481 -0.00155476 -0.999955 0.125165 0.0037223 -0.0660155 0.000268496 -0.000512762 0.000662244
0.734852 6.29517 -0.0124094 2.01263 -0.00105422 -0.00927234 -0.00161271 -0.999955 0.126443 0.00342817 -0.0659067 7.09721e-05 -0.000582695 -0.000268186
0.751945 6.36946 -0.0116128 1.96476 -0.000296752 -0.00889489 -0.00148357 -0.999959 0.127278 0.00332032 -0.0547744 -0.0108795 -0.0065872 0.00190059
0.769008 6.41449 -0.0104685 1.94686 -7.5349e-05 -0.0087834 -0.00300035 -0.999957 0.125216 0.00720268 -0.05576 0.00150337 0.00119274 0.0184529
0.782362 6.46463 -0.00668365 1.92536 -0.00038759 -0.00890592 -0.00732866 -0.999933 0.124856 0.00990182 -0.056798 0.00081133 0.000111612 0.0262853
0.810085 6.53699 -0.00438449 1.89255 -0.000429966 -0.00908122 -0.0139367 -0.999862 0.125917 0.0095668 -0.0539798 -0.000447671 3.03004e-05 0.0249846
0.830446 6.58147 -0.00447734 1.87264 -0.000502854 -0.00914114 -0.0178907 -0.999798 0.126121 0.00817309 -0.0572972 0.000460514 0.000909827 0.0219245
0.850557 6.62461 -0.00402107 1.85162 -0.000457126 -0.00925352 -0.0213143 -0.99973 0.12638 0.00721205 -0.0585467 -0.000177319 0.00013462 0.0161412
0.873014 6.67105 -0.00307771 1.8259 -0.000934158 -0.00938911 -0.0233007 -0.999684 0.128374 0.00506819 -0.0629583 -0.000537766 -0.00100454 0.00695779
0.918074 6.74502 -0.00142099 1.78397 -0.00064264 -0.00930343 -0.0235334 -0.99968 0.129487 0.00310096 -0.0633067 -0.00155918 0.000569081 -0.00179492
0.961319 6.82531 0.00329784 1.72484 -0.000567163 -0.0094364 -0.023084 -0.999689 0.129355 0.0039424 -0.0616406 0.000237105 0.000240455 -0.000547574
0.995992 6.86972 0.00584247 1.70443 -0.00160889 -0.00877505 -0.0225381 -0.999706 0.127474 0.00116233 -0.0577645 -0.000278313 0.000470562 -0.00980037
0.991989 6.93612 0.0090671 1.65668 -0.0015314 -0.00908335 -0.01779 -0.999799 0.125299 -0.00235412 -0.0352458 0.00501958 0.00128828 -0.0256544
0.990504 7.00896 0.0109667 1.62877 -0.00156341 -0.00946249 -0.00895279 -0.999914 0.125731 -0.00543024 -0.0366577 -0.000207552 -8.64245e-05 -0.0341663
0.987958 7.07773 0.0129802 1.61594 -0.000660113 -0.0101176 -0.00237047 -0.999946 0.129986 -0.0015764 -0.0408451 0.00164114 -0.00133073 -0.0156396
0.986656 7.12544 0.0151067 1.60866 -0.00129466 -0.00976591 -0.000602953 -0.999951 0.13173 -0.000490975 -0.0392846 0.00794344 -0.00573088 -0.00789466
0.986197 7.20104 0.0160074 1.59741 -0.00205938 -0.00915729 0.00291547 -0.999952 0.129479 -0.00532729 -0.0396277 0.00209905 -0.00204397 -0.021092
0.985213 7.27285 0.0145323 1.57009 -0.00180161 -0.0093895 0.0102202 -0.999902 0.128164 -0.00922222 -0.0380037 -0.000715066 0.00040943 -0.0352306
0.989053 7.31619 0.0111459 1.56002 -0.00167422 -0.0093676 0.0158958 -0.999828 0.128607 -0.0107514 -0.0456434 -1.7955e-05 -0.00164155 -0.0354966
0.993011 7.3823 0.00730291 1.53829 -0.00100728 -0.00982424 0.0238979 -0.999666 0.128734 -0.0107964 -0.0459001 -0.00988264 0.00938183 -0.0289108
0.99428 7.4302 0.00663211 1.5143 -0.000754003 -0.0101963 0.0274422 -0.999571 0.132526 -0.00663925 -0.0450721 0.00229442 -0.00166352 -0.00986889
0.994574 7.49265 0.00606912 1.48194 -0.00242976 -0.00868971 0.0291137 -0.999535 0.131243 -0.00848862 -0.0502933 0.0017706 -0.00256696 -0.0129425
0.996982 7.54029 0.00230603 1.46199 -0.000678249 -0.00930608 0.0327259 -0.999421 0.128369 -0.0113197 -0.0612616 -0.0178584 0.00415619 -0.021843
1.00003 7.58252 -0.000232731 1.44133 -0.000266431 -0.00941744 0.0343975 -0.999364 0.129568 -0.00593482 -0.0466238 0.012005 0.00260796 -0.00146856
1.00312 7.66378 -0.00314183 1.41694 -0.00154512 -0.00991791 0.0345773 -0.999352 0.13401 -0.00877002 -0.0359154 -0.000541125 -0.00123998 -0.00521978
1.0065 7.7351 -0.00577682 1.40803 -0.000505753 -0.0101237 0.0358436 -0.999306 0.135683 -0.0060293 -0.0173026 0.00124679 8.27496e-05 0.000437324
1.00798 7.78409 -0.00711038 1.40586 -0.000468775 -0.00985981 0.0346822 -0.99935 0.13685 -0.00342045 -0.0210605 0.000280025 -0.00159776 0.0125663
1.00927 7.82732 -0.00815615 1.40699 -0.000595862 -0.00982214 0.0322927 -0.99943 0.137354 -0.00209034 -0.0216994 0.00107275 0.000277918 0.018238
1.00075 7.90582 -0.0105008 1.39231 -0.00116156 -0.0101201 0.0271968 -0.999578 0.138124 -0.00248832 -0.0318496 0.00327433 0.00167734 0.0154573
0.952426 7.96057 -0.0114064 1.37501 -0.00119219 -0.0101178 0.02518 -0.999631 0.139537 -0.00430554 -0.031119 -0.000554533 -0.000329981 0.00639621
0.903815 8.01142 -0.0118993 1.36362 -0.00131949 -0.0100802 0.0245693 -0.999646 0.140581 -0.0048025 -0.0270485 0.000982479 -0.000139965 0.00152719
0.815623 8.10212 -0.013506 1.33295 -0.00130762 -0.00991803 0.0250047 -0.999637 0.141183 -0.00562261 -0.0408181 -9.40525e-06 -0.00131731 -0.00324972
0.765364 8.15628 -0.0166786 1.31129 -0.00126936 -0.00989561 0.0257736 -0.999618 0.140552 -0.00630812 -0.039769 -0.00035301 0.000549428 -0.00309
0.721265 8.20901 -0.020923 1.29267 -0.00192008 -0.00953309 0.0263343 -0.999606 0.139935 -0.00752556 -0.0260174 0.0134765 -0.00838558 -0.00552434
0.665868 8.26891 -0.0269108 1.28274 -0.00222092 -0.00931246 0.029474 -0.99952 0.137241 -0.0132724 -0.0272865 -0.00135818 0.0012448 -0.0252627
0.616318 8.31654 -0.0314307 1.27406 -0.000264621 -0.00992929 0.0331959 -0.9994 0.137804 -0.00946522 -0.0359918 3.88168e-05 -0.000476153 -0.0125402
0.569647 8.36892 -0.0348344 1.25842 -0.000737362 -0.00981266 0.03349 -0.999391 0.138513 -0.00489625 -0.0457718 0.00400962 -3.63172e-05 0.00704975
0.527877 8.42218 -0.0358228 1.23394 -0.00106836 -0.00975098 0.0314919 -0.999456 0.13909 -0.00386914 -0.0456499 0.00050349 -0.000271345 0.0108364
0.458819 8.49889 -0.0392571 1.22622 -0.00146684 0.00190602 0.0395416 -0.999215 0.0804099 -0.00441594 0.00450937 -0.00292963 0.00406339 -0.0833836
0.435365 8.52892 -0.0437706 1.21545 -0.00103734 -0.0120979 0.0586745 -0.998203 0.0759783 -0.00523642 -0.0601911 -0.00756903 0.0560662 -0.0792659
0.421783 8.55612 -0.0460545 1.19643 -0.000629664 -0.0108997 0.0662993 -0.99774 0.109622 -0.005213 -0.0590247 0.00298222 -0.0216413 -0.0240262
0.364814 8.62702 -0.0506567 1.19593 -1.69007e-05 0.00148114 0.0232383 -0.999729 0.067277 0.0047386 -0.000788355 0.00574875 -0.000562619 0.291407
0.345727 8.64394 -0.0495592 1.2033 -0.00197985 -0.00146906 -0.031802 -0.999491 0.0528531 0.00271101 -0.00676269 0.0106819 0.00451941 0.220602
0.335917 8.65494 -0.0514687 1.20166 -0.00191481 -0.000726663 -0.0539652 -0.998541 0.0493797 -0.0043976 -0.00973515 -0.00472883 -0.0024216 0.07291
0.344442 8.66279 -0.0541467 1.17405 -0.0012088 -0.000465401 -0.0600734 -0.998193 0.0435087 -0.00589153 -0.0112018 -0.00190948 -0.000355253 0.00351609
0.353545 8.66895 -0.05552 1.16082 -0.00104744 -0.000601812 -0.0594841 -0.998229 0.0398265 -0.00468173 -0.0109188 -0.000225151 -1.63046e-05 -0.00769372
0.353394 8.67207 -0.0566966 1.15675 -0.00104986 -0.000596193 -0.0584658 -0.998289 0.0367125 -0.00375784 -0.0103398 -5.54815e-05 -0.000524638 -0.00564332
0.364988 8.6799 -0.0576452 1.13355 -0.00105122 -0.000159663 -0.0576085 -0.998339 0.0323877 -0.00288422 -0.0106252 -0.000106033 -0.00110194 -0.00269216
0.362846 8.679 -0.0591197 1.13827 -0.00101264 -0.000271216 -0.0570848 -0.998369 0.0261881 -0.00294926 -0.0112101 -0.000266315 -0.000197211 -0.00162009
0.365267 8.67749 -0.0606983 1.13705 -0.000977505 -0.000175363 -0.0570807 -0.998369 0.0232684 -0.00312265 -0.011064 -7.9139e-05 0.000103079 -0.00186413
0.372965 8.67539 -0.0660793 1.12615 -0.000840047 -0.000125736 -0.0567709 -0.998387 0.0176868 -0.00407566 -0.0120109 -0.000119678 -0.00037203 -0.00152749
0.381506 8.67362 -0.0670198 1.11785 -0.000941315 -0.000234794 -0.0566672 -0.998393 0.0152792 -0.00412451 -0.0100479 0.000134396 0.000635019 -0.00134191
0.399414 8.66828 -0.0651272 1.09685 -0.000965501 -0.000338583 -0.0565078 -0.998402 0.0107534 -0.00294875 -0.00923406 0.000533766 -0.000188494 -0.00120332
0.405619 8.66334 -0.0656595 1.09674 -0.000903848 -0.000630605 -0.0564359 -0.998406 0.00724465 -0.00313829 -0.00511037 3.95527e-05 9.6042e-05 -0.00089631
0.392017 8.66077 -0.0653005 1.12058 0.000516078 0.00551418 -0.0550252 -0.99847 -0.0105525 0.000296897 0.0770879 0.00143297 -0.00308393 -0.0252327
0.388388 8.6529 -0.0640281 1.12493 -0.00118435 -0.00185362 -0.0488883 -0.998802 -0.014468 -0.000300759 -0.00752822 -0.00104439 0.0119563 -0.0315379
0.392996 8.65087 -0.0641366 1.12299 -0.000823667 -0.000663641 -0.0453262 -0.998972 -0.00364265 -0.00174495 -0.0065854 -0.000860825 -0.00498337 -0.0113502
0.391215 8.64966 -0.0624877 1.12873 -0.000825897 -0.000530887 -0.0442875 -0.999018 -0.00202889 -0.00165329 -0.00513727 5.1703e-05 -0.000350447 -0.00122079
0.386609 8.6481 -0.0607233 1.13453 -0.000835098 -0.000439467 -0.0442971 -0.999018 -0.00237484 -0.00174953 -0.00639 0.000236374 -0.000145154 0.000774245
0.394078 8.64556 -0.058667 1.12652 -0.000827886 -0.000478993 -0.0445378 -0.999007 -0.00578572 -0.00173682 -0.0067721 9.50973e-05 0.000249683 0.00014955
0.395986 8.64476 -0.0571669 1.12411 -0.000860409 -0.000677933 -0.0446607 -0.999002 -0.00678352 -0.00123462 -0.00661369 0.000398616 0.000540482 -0.00035325
0.399676 8.64862 -0.0542908 1.11528 -0.00092263 -0.000669885 -0.0446041 -0.999004 -0.00686711 -0.00061594 -0.00564168 -5.17034e-05 -0.000372405 -0.000166845
0.410496 8.65045 -0.0543707 1.09849 -0.000892969 -0.000780917 -0.0445973 -0.999004 -0.00759472 -0.00097434 -0.00504908 -0.000141544 0.000225317 -8.79668e-05
0.416387 8.65415 -0.0533473 1.08862 -0.00200552 -0.0100365 -0.0438685 -0.998985 0.0115901 -0.00237535 -0.0445379 0.00254775 0.0270576 -0.0134464
0.413081 8.67466 -0.0536739 1.07941 -0.00176524 -0.00819728 -0.0387584 -0.999213 0.0459617 -0.00449102 -0.0470127 -0.00106546 -0.00712621 -0.0348943
0.404481 8.70174 -0.0542977 1.07096 -0.00163005 -0.0078492 -0.0321274 -0.999452 0.0569823 -0.00475487 -0.0489353 -0.000213622 -0.00064318 -0.0401781
0.398206 8.76022 -0.056494 1.04247 -0.00169721 -0.0103024 -0.0148066 -0.999836 0.0485148 -0.00429929 -0.0472931 -0.00205625 -0.011222 -0.0429973
0.396878 8.79081 -0.058346 1.03372 -0.00053623 0.00175213 -0.00894959 -0.999958 0.0474529 -0.00357111 -0.00838996 -0.00109196 -0.0264727 -0.0248585
0.392385 8.81455 -0.0583025 1.02887 -0.00082192 -0.000349463 -0.00640147 -0.999979 0.0238318 -0.000861629 -0.00946611 0.00137554 0.00784755 -0.0057673
0.39536 8.83323 -0.057657 1.0184 -0.000963807 -0.000529749 -0.0060318 -0.999981 0.0188545 -0.000163572 -0.0108946 0.000383157 -0.000395968 0.000943331
0.401587 8.8448 -0.0563258 1.01038 -0.00103621 -0.000710839 -0.00632177 -0.999979 0.0164259 0.000437548 -0.0095553 0.000633553 0.000413473 0.00141221
0.406904 8.85974 -0.0563588 1.00227 -0.00233594 -0.0105465 -0.00531961 -0.999927 0.0486124 -0.00428918 -0.0178979 -0.000817347 -0.008904 -0.0157831
0.411633 8.88564 -0.0595391 0.990269 -0.00200258 -0.00788485 -0.000222915 -0.999967 0.0745929 -0.00856621 -0.018499 -0.00102307 -0.00339678 -0.0319564
0.440878 8.94665 -0.0620122 0.95837 -0.00196678 -0.00755806 0.0116707 -0.999901 0.0896712 -0.00799557 -0.0160644 0.00118303 0.000114561 -0.0328406
0.468623 9.02914 -0.0677429 0.932564 -0.00211133 -0.00769367 0.0235214 -0.999691 0.0978791 -0.00949031 -0.0144045 -0.000110825 0.000147275 -0.0282748
0.518467 9.10615 -0.0790893 0.893273 -0.00200092 -0.00616167 0.0327895 -0.999441 0.0979162 -0.0113629 -0.07666 -9.86132e-05 0.00227267 -0.026357
0.563483 9.14458 -0.083995 0.860649 -0.00203425 -0.00671561 0.0376105 -0.999268 0.0961225 -0.0112484 -0.071295 5.51984e-05 0.000505575 -0.0254802
0.621462 9.20531 -0.0909139 0.822482 -0.00265837 -0.00832036 0.0499998 -0.998711 0.0702835 -0.008714 -0.0818051 -0.00185761 0.0132547 -0.0432812
0.660051 9.23737 -0.0995636 0.799349 -0.002207 -0.00681506 0.0573854 -0.998326 0.0866578 -0.0134858 -0.0787018 -0.000682342 -0.00358913 -0.0349235
0.675996 9.27415 -0.108139 0.79935 -0.00249036 -0.00839376 0.0636608 -0.997933 0.0986048 -0.0165276 -0.0164023 0.000166868 -0.00270114 -0.0292503
0.691729 9.31381 -0.118177 0.802855 -0.00198508 -0.00752797 0.0691576 -0.997575 0.105494 -0.0189855 0.0692522 -0.00851394 -0.0114064 -0.0247788
0.686121 9.3471 -0.127342 0.830389 -0.00167661 -0.00761026 0.0722778 -0.997354 0.104482 -0.0172655 0.0643341 0.000673386 0.00342143 -0.0141098
0.7123 9.41288 -0.14625 0.839876 -0.00232207 -0.00711343 0.0754481 -0.997122 0.102908 -0.020124 0.0711146 -0.000722953 0.00184964 -0.0137859
0.723912 9.45327 -0.155403 0.860096 -0.00222798 -0.00745605 0.078844 -0.996857 0.102104 -0.0209273 0.0712236 0.000895593 0.000281413 -0.0206065
0.733311 9.48997 -0.163022 0.879783 -0.00228836 -0.00751642 0.0823916 -0.996569 0.102317 -0.0214267 0.0703329 9.9354e-05 0.00063867 -0.0222779
0.747383 9.53469 -0.174569 0.899807 -0.00219581 -0.0077586 0.0870518 -0.996171 0.102886 -0.0225505 0.0652756 -0.00141395 0.00472873 -0.0205752
0.770372 9.57137 -0.184253 0.907146 -0.00208973 -0.00811647 0.0902259 -0.995886 0.104602 -0.0227988 0.0656572 0.000305366 -0.000194826 -0.0165543
0.802046 9.64423 -0.199891 0.939026 -0.00106447 -0.00821334 0.0942307 -0.995516 0.107298 -0.0192615 0.0650343 4.41832e-05 -0.000216743 0.000119527
0.793488 9.68724 -0.208925 0.96395 -0.00132828 -0.00828909 0.0927655 -0.995653 0.108422 -0.0167682 0.0650401 0.000790537 0.000463963 0.0157485
0.786315 9.73285 -0.217252 1.001 -0.00153085 -0.00839258 0.0898446 -0.995919 0.109996 -0.0161992 0.0638978 0.000537914 0.000210849 0.0185205
0.779278 9.81726 -0.230018 1.06303 -0.00194013 -0.00855203 0.0856622 -0.996286 0.112418 -0.0172943 0.0682885 -0.000481256 -0.000305155 0.00727309
0.77202 9.89926 -0.250069 1.12952 -0.00167235 -0.00867478 0.0844576 -0.996388 0.113107 -0.0196217 0.0663862 -0.000769679 -0.000226084 0.00421098
0.765065 9.97249 -0.26666 1.17205 -0.00182531 -0.0088638 0.0837478 -0.996446 0.115274 -0.0211066 0.0636862 -0.000590826 -0.000933206 0.00171276
0.758879 10.0213 -0.276845 1.17399 -0.00102366 -0.00959794 0.0833864 -0.996471 0.117764 -0.0200114 0.00621966 -0.00317566 7.50565e-05 0.0056147
0.746654 10.0778 -0.285649 1.16997 -0.00121768 -0.0093962 0.0811004 -0.996661 0.121906 -0.0170433 -0.00275888 0.00439184 0.00290936 0.0160326
0.740187 10.1618 -0.29429 1.17626 -0.00159539 -0.00957736 0.0766256 -0.997013 0.12466 -0.0161172 -0.000420721 -0.000225132 0.000109488 0.0129969
0.735126 10.2148 -0.299972 1.16921 -0.00163485 -0.00963699 0.074396 -0.997181 0.126356 -0.0156901 -0.000154531 0.000198309 -0.000110729 0.0113752
0.702383 10.2734 -0.306925 1.1407 -0.00196965 -0.00972208 0.0723173 -0.997332 0.12779 -0.0158058 0.000490078 0.00504199 0.00221496 0.00861691
0.693148 10.3262 -0.315762 1.14486 -0.00206192 -0.00986211 0.071458 -0.997393 0.129067 -0.018631 0.00164 -0.0013774 -0.000498462 0.00121238
0.681893 10.3854 -0.326253 1.15856 -0.00127818 -0.00966863 0.0712989 -0.997407 0.129691 -0.0176204 -0.00363481 -3.86467e-05 8.30529e-05 0.00484975
0.673741 10.4443 -0.333061 1.16657 -0.00148949 -0.00975203 0.0697395 -0.997516 0.130353 -0.0148289 -0.00356121 0.00106798 0.000621603 0.0114894
0.668406 10.4881 -0.337705 1.17183 -0.00213262 -0.0100878 0.0682825 -0.997613 0.130928 -0.0154614 -0.00786114 0.000718404 0.000642738 0.00792114
0.66025 10.547 -0.344784 1.17743 -0.00203629 -0.0100994 0.0674382 -0.99767 0.132071 -0.0166011 -0.00368739 -0.000219107 0.00053402 0.000920145
0.654085 10.6032 -0.352904 1.17361 -0.00199591 -0.0100994 0.0676258 -0.997658 0.133543 -0.0173362 -0.00394984 -0.000744649 -0.000321858 -0.000927366
0.64537 10.6582 -0.36076 1.1697 -0.0019472 -0.0101644 0.0677897 -0.997646 0.13411 -0.0168363 -0.00340531 0.000508498 0.000354906 2.87331e-05
0.629648 10.7739 -0.378114 1.15985 -0.00199164 -0.0101978 0.0674932 -0.997666 0.136551 -0.0169211 -0.00402374 0.000161985 -0.000452529 -1.50226e-05
0.6209 10.8316 -0.387263 1.16243 -0.00198488 -0.0101798 0.0675369 -0.997663 0.137419 -0.0173421 -0.00332394 -0.000413273 -5.58075e-05 0.000330275
0.608608 10.8897 -0.397485 1.1686 -0.00196458 -0.0102069 0.0673933 -0.997672 0.138591 -0.0178243 -0.00350684 -8.89521e-05 -0.000742074 0.000528049
0.573567 10.9487 -0.407673 1.16217 -0.0029473 -0.00923892 0.0674903 -0.997673 0.138539 -0.0194041 0.0167704 0.0112062 -0.00988905 -0.00347448
0.50154 11.0577 -0.428575 1.15937 -0.0025024 -0.00827297 0.0755157 -0.997107 0.131959 -0.0264339 0.00457736 -0.0129408 -0.079745 -0.0344331
0.456249 11.1379 -0.445646 1.16112 -0.00082968 0.00278926 0.0963509 -0.995343 0.0533474 -0.00838074 -0.00138335 -0.000748772 -0.00496033 -0.076583
0.448428 11.1564 -0.451664 1.16606 -0.000694431 0.00350815 0.110114 -0.993913 0.0264121 -0.00304995 -0.00652412 -0.000447202 -0.00279524 -0.0753029
0.446395 11.1647 -0.456287 1.14791 -0.000646539 0.00400343 0.123772 -0.992302 0.00844646 0.000353913 0.00505732 0.000401165 -0.00163162 -0.0733986
0.447215 11.1648 -0.457656 1.1456 -0.000602491 0.00418084 0.138829 -0.990307 -0.00372804 0.00318132 0.0146965 -0.000440129 -0.00108893 -0.0780413
0.451188 11.1586 -0.459267 1.15824 -0.000422718 0.00424298 0.152342 -0.988319 -0.0105003 0.00444219 0.00524418 -0.00151692 0.000299354 -0.0739404
0.459035 11.15 -0.461926 1.17386 -0.00385773 -0.0139267 0.16484 -0.986215 0.0341695 -0.0137421 -0.00247303 -0.00542444 -0.0071503 -0.0533616
0.460581 11.1649 -0.471949 1.18167 -0.00264167 -0.00886196 0.172756 -0.984921 0.0838524 -0.0306937 -0.00399367 0.00161342 -0.0106566 -0.0307445
0.456922 11.1939 -0.48496 1.19069 -0.00235178 -0.00792867 0.178404 -0.983923 0.100508 -0.0370803 0.0256379 -0.00675 -0.00101167 -0.020793
0.452881 11.2325 -0.500052 1.20167 -0.00220836 -0.00792885 0.181888 -0.983285 0.108756 -0.037716 0.0216866 0.00075451 -0.000777246 -0.00792607
0.450461 11.2698 -0.512789 1.2112 -0.00234895 -0.00789008 0.183119 -0.983056 0.111249 -0.038354 0.0212472 0.000780353 0.000294063 -0.00296539
0.448586 11.3087 -0.524829 1.20017 -0.000911358 -0.00764391 0.183088 -0.983066 0.112348 -0.0345888 -0.00580857 -0.00158136 -0.00191535 0.00943253
0.44901 11.3484 -0.537409 1.19521 -0.00126473 -0.00782357 0.179506 -0.983725 0.112333 -0.0296964 0.000982888 0.00168866 0.00205349 0.0274639
0.454729 11.3902 -0.551426 1.19716 -0.00141943 -0.00801599 0.173483 -0.984803 0.11314 -0.0297113 0.0010321 -0.000515614 0.0004038 0.032044
0.441503 11.4321 -0.563299 1.19885 -0.000405203 0.00207114 0.165925 -0.986136 0.0926926 -0.0234901 -6.74164e-05 0.000314234 -0.0482786 0.0590542
0.433574 11.4554 -0.569345 1.19236 -0.000421789 0.00206686 0.147333 -0.989085 0.045463 -0.0096628 0.0048346 0.00158996 0.00558451 0.123
0.431086 11.4659 -0.571732 1.19797 -0.000784553 0.00197047 0.123955 -0.992286 0.022403 -0.00443453 0.00333753 0.000262164 0.000167268 0.118853
0.429643 11.4693 -0.573139 1.20289 -0.00133977 0.00174987 0.102472 -0.994733 0.0035166 -0.00227094 -0.00407898 0.00371648 0.000547455 0.0174856
0.428261 11.4697 -0.574821 1.19574 -0.00111189 0.00172582 0.112755 -0.993621 -0.00421552 -0.00402904 0.00107533 -0.00338217 -0.000751171 -0.101703
0.426908 11.4678 -0.575958 1.19952 -0.000665103 0.00173076 0.133817 -0.991004 -0.00815056 -0.00227743 0.000840536 -0.00149414 -0.00047249 -0.126329
0.428276 11.4636 -0.574333 1.20431 -0.000701143 0.00173228 0.163926 -0.986471 -0.0107621 0.00099991 -0.00468267 0.000130174 0.000259539 -0.113799
0.427084 11.4588 -0.574951 1.20771 -0.000537161 0.00179631 0.189313 -0.981915 -0.0113759 0.00164019 -0.00840532 -0.000854705 -0.000312315 -0.0975227
0.426725 11.4527 -0.575128 1.20824 -0.000393254 0.00163633 0.205863 -0.978579 -0.0117489 0.00238836 -0.00938032 -0.000780066 0.000425204 -0.0868057
0.427603 11.4459 -0.573181 1.21466 -0.000339514 0.00156448 0.222891 -0.974842 -0.0106547 0.00341751 -0.0151241 -0.000436912 0.000505691 -0.0758966
0.430295 11.4398 -0.570884 1.18676 -0.000403043 0.00137485 0.236191 -0.971706 -0.00976853 0.00353652 0.0100998 -0.00046433 0.00111716 -0.0673856
0.433063 11.4346 -0.567787 1.18352 -0.000452459 0.00115696 0.246885 -0.969044 -0.00813392 0.00342879 0.0155984 0.000217732 0.000618558 -0.0611921
0.437252 11.4297 -0.563909 1.1883 -0.000561881 0.0010777 0.257609 -0.966249 -0.00583636 0.00288628 0.0116406 0.000781918 0.000434947 -0.0553818
0.440629 11.4255 -0.561302 1.19331 -0.0011223 1.926e-05 0.267904 -0.963445 -0.00415454 0.00150106 -0.0132488 0.0121853 0.0825839 -0.048597
0.441393 11.4264 -0.56094 1.18478 -0.00437391 -0.00916278 0.275417 -0.961271 0.0288797 -0.0225854 -0.0213621 -0.00224337 -0.0165379 -0.0428934
0.435271 11.4364 -0.567515 1.15981 -0.00351722 -0.00672496 0.283469 -0.958951 0.0500561 -0.0375052 -0.0215638 0.000182623 -0.00220651 -0.0372946
0.42381 11.4572 -0.5801 1.16492 -0.00275401 -0.00638529 0.290272 -0.956919 0.0596602 -0.042268 0.0606694 -0.00320091 0.000665699 -0.0290706
0.407439 11.4803 -0.598571 1.19802 -0.00288567 -0.0067699 0.294447 -0.955639 0.0645799 -0.0442856 0.055143 0.000334877 0.000439241 -0.0131572
0.386292 11.5091 -0.617901 1.23767 -0.00304522 -0.0068924 0.296497 -0.955004 0.0684742 -0.0461656 0.0524194 0.000744995 0.000997653 -0.00640312
0.364685 11.5398 -0.637915 1.26362 0.000846576 0.00253793 0.297762 -0.954636 0.0458118 -0.0265079 -0.00180224 0.00158944 0.00763883 -0.000826955
0.35493 11.5562 -0.646473 1.26818 0.000133798 -5.2783e-05 0.297893 -0.954599 0.0247085 -0.00724995 0.0061866 0.000955994 0.00487666 0.0024816
0.350528 11.5667 -0.65106 1.27063 0.000147656 -0.000916963 0.297654 -0.954673 0.0195406 -0.00082898 0.00705064 0.00030867 0.00147735 0.0028128
0.347512 11.5788 -0.655084 1.28352 8.8087e-05 -0.000466567 0.297354 -0.954767 0.0156823 0.00284078 0.00796437 -0.000228719 0.00111914 0.00170204
0.347291 11.5879 -0.656104 1.28711 0.000264546 -0.000701969 0.297234 -0.954804 0.0141078 0.00481011 0.00266573 -0.000263471 -0.000272815 0.00147343
0.34865 11.5971 -0.656158 1.29302 0.000311896 -0.00119313 0.297124 -0.954838 0.0155482 0.00589778 0.00255172 0.000221058 -0.000429632 0.00147164
0.350267 11.6071 -0.654724 1.29946 0.000175391 -0.000968679 0.297057 -0.954859 0.0164623 0.00600335 0.0106132 -0.000231662 -0.000698705 0.00127414
0.350778 11.6158 -0.652532 1.31021 0.000124451 -0.000108705 0.296912 -0.954905 0.0128675 0.00654489 0.010187 -0.000701185 0.000653457 0.00109705
0.351608 11.6216 -0.650489 1.31576 0.000339005 -0.000253028 0.296838 -0.954928 0.0096652 0.00749235 -0.00263409 -0.000479839 -6.60489e-05 0.000570508
0.353862 11.6277 -0.64796 1.31135 0.000356362 -0.000262622 0.296889 -0.954912 0.00869839 0.008659 -0.00266692 0.000383968 -0.000420137 0.000946529
0.357479 11.6354 -0.644267 1.30942 0.000385059 -0.000360554 0.296842 -0.954927 0.00900184 0.00923246 -0.00274048 8.55009e-05 -0.000827372 0.000937494
0.360351 11.6418 -0.64101 1.3096 0.000378365 -0.000275637 0.296885 -0.954913 0.00890127 0.009416 -0.00274089 4.26036e-05 -0.000387794 0.00116507
0.366284 11.6468 -0.634626 1.30827 0.000337973 -0.000299557 0.296799 -0.95494 0.00767517 0.0105656 -0.00259257 9.97379e-06 0.000203372 0.00102932
0.374535 11.6515 -0.626827 1.30274 0.000231274 -0.000365574 0.296714 -0.954966 0.0064914 0.0112777 -0.00214466 8.62461e-05 3.81913e-05 0.000777357
0.380261 11.656 -0.621157 1.30702 9.01853e-05 -0.000420792 0.296568 -0.955012 0.00611773 0.0110385 -0.00147704 -0.0001138 -0.000350212 0.000192504
0.385227 11.6621 -0.616051 1.31278 2.46338e-05 -0.000379353 0.296708 -0.954968 0.00629286 0.0108456 -0.00121618 0.000151711 -0.000252128 0.000213013
0.392337 11.6721 -0.609154 1.31091 -0.000101385 -0.000285998 0.296824 -0.954932 0.00716646 0.0109285 -0.00109112 0.000176664 -0.000522072 0.00124504
0.396422 11.6795 -0.606052 1.30607 -0.000204015 -0.000251884 0.296698 -0.954971 0.0072964 0.00999604 -0.00109667 -0.000228259 -0.000455749 0.000804016
0.400673 11.6864 -0.602783 1.30105 -0.000247712 -0.000220137 0.296698 -0.954971 0.0074706 0.00952731 -0.00117302 0.000161327 -0.000607317 0.000629244
0.403939 11.6921 -0.599338 1.28936 -0.000934507 -0.000362578 0.295584 -0.955316 0.00704444 0.00782815 0.00675614 0.00111697 -0.00045191 0.0232236
0.405886 11.6981 -0.598065 1.28854 -0.00110866 6.06387e-05 0.287807 -0.957688 0.00569316 0.00491697 0.0144737 0.00169117 -0.00196997 0.0542396
0.405628 11.7015 -0.599161 1.29201 -0.00104364 0.000346589 0.275498 -0.961301 0.00219761 0.00317781 0.00925159 0.00011668 -0.000747102 0.0741099
0.403347 11.7029 -0.600037 1.27408 -0.00105018 0.000450873 0.257562 -0.966261 -0.00150146 0.00323476 0.0227736 0.000321009 0.00022449 0.0778337
0.403669 11.7042 -0.599559 1.28019 -0.00119838 0.000438004 0.243169 -0.969983 -0.00314508 0.00371126 0.0233058 0.00107381 -0.000161464 0.070981
0.404585 11.7077 -0.599133 1.29233 -0.00137352 0.000701183 0.231263 -0.97289 -0.0034241 0.00385009 0.0126808 0.00154138 -0.00169389 0.0631224
0.406521 11.7097 -0.597716 1.29974 -0.00159698 0.000637261 0.219679 -0.975571 -0.00573903 0.0045564 -0.0223538 -0.00699391 0.0351089 0.0547937
0.405555 11.7134 -0.598726 1.28755 -0.0025362 -0.00957214 0.211559 -0.977315 0.0286731 -0.00660534 -0.0551084 0.00191155 -0.0115216 0.0358308
0.396244 11.7302 -0.6054 1.26769 -0.00227497 -0.00733114 0.206234 -0.978473 0.0523591 -0.0142978 -0.0559422 0.000297177 -0.00239009 0.0203717
0.386395 11.7515 -0.615505 1.25526 -0.000163658 0.00254208 0.203194 -0.979135 0.0344684 -0.00610852 -0.000903918 0.000378838 0.000780011 0.00867683
0.378117 11.7701 -0.623038 1.25471 -0.000455206 7.81535e-05 0.202383 -0.979306 0.0163939 0.00314688 0.000263643 -7.82275e-08 0.00144096 -0.00021661
0.37323 11.7816 -0.629083 1.24152 -0.000296317 -8.02339e-05 0.202506 -0.979281 0.0115978 0.00563154 0.00032401 -0.000221798 0.001394 -0.00199598
0.371154 11.7877 -0.630668 1.24518 -0.000244016 -0.000188982 0.202693 -0.979242 0.0100138 0.00736636 0.000489942 -2.11992e-05 -0.000198456 -0.00181929
0.370579 11.7953 -0.632696 1.25732 -0.000153084 -0.000205406 0.202871 -0.979205 0.0109483 0.0070144 0.000613802 -0.000292534 -0.00123778 -0.00158906
0.367257 11.8018 -0.636228 1.26147 7.27643e-05 -1.45978e-05 0.203059 -0.979167 0.011513 0.00555079 0.000544535 -0.000497489 -0.000774539 -0.0010984
0.365985 11.8076 -0.636683 1.26638 0.000126309 0.00012576 0.203175 -0.979143 0.0123535 0.00571487 0.00559355 -0.000196619 -0.00086791 -0.000995392
0.366591 11.8127 -0.634765 1.26656 0.000181966 0.000512024 0.203328 -0.979111 0.0116068 0.00618143 0.00636524 0.000194553 -0.0001838 -0.000450703
0.370674 11.8157 -0.630515 1.27538 0.000170582 0.000519174 0.203235 -0.97913 0.0107087 0.00696951 0.00621494 9.88477e-05 -0.000115702 -0.000859867
0.376868 11.8178 -0.624648 1.28228 0.000127253 0.000534387 0.203351 -0.979106 0.0100358 0.00723982 0.0059779 -9.23562e-05 -0.00016161 -0.000921322
0.382425 11.8192 -0.61971 1.28604 0.000132988 0.000587528 0.203362 -0.979103 0.00973058 0.0070376 -0.000298606 -0.000255209 -0.000403276 -0.000845639
0.386732 11.8195 -0.614628 1.28205 0.000109666 0.000608867 0.203457 -0.979084 0.00901031 0.00660714 -0.000145168 -0.00015117 -5.04813e-05 -0.000683293
0.390767 11.8197 -0.61015 1.27776 0.000106411 0.000644527 0.203408 -0.979094 0.00872044 0.00610324 -0.000609957 1.56775e-05 -0.000334205 -0.000767219
0.398609 11.8189 -0.601302 1.26885 2.05707e-05 0.00066426 0.203422 -0.979091 0.00789355 0.00686898 -0.000186923 9.30548e-05 3.47657e-05 -0.00102014
0.406663 11.8164 -0.592846 1.26038 -0.000132513 0.000581765 0.203427 -0.97909 0.00661372 0.00691881 0.000120193 -0.00021966 0.000465959 -0.000936597
0.412046 11.8148 -0.589054 1.26284 -0.000659395 0.000256332 0.20221 -0.979342 0.00680821 0.00344621 -0.00171973 -0.000969606 0.00023874 0.0223233
0.414558 11.8131 -0.587285 1.27307 -0.000479235 -0.00130163 0.195954 -0.980612 0.00710105 0.000767919 -0.00523139 -0.0205021 0.0848727 0.0415181
0.416561 11.8192 -0.585679 1.28604 -0.000836394 -0.00794104 0.186375 -0.982446 0.0452943 -0.00826984 -0.00873595 0.00155031 -0.0127573 0.0435602
0.416103 11.835 -0.585639 1.28657 -0.00152467 -0.00747968 0.179253 -0.983773 0.0586901 -0.0126665 -0.0107766 0.00132064 0.000899546 0.0334909
0.41431 11.8605 -0.588815 1.29515 -0.00151854 -0.00752729 0.173993 -0.984717 0.0650478 -0.0159542 -0.0113243 -0.000331537 0.00127609 0.0199407
0.41057 11.8902 -0.594099 1.30367 -0.00153469 -0.00782507 0.170903 -0.985256 0.0685708 -0.017104 -0.0121134 0.000396331 0.00130329 0.0146934
0.402993 11.928 -0.601276 1.30517 -0.00159421 -0.0081097 0.168215 -0.985716 0.0711499 -0.017582 -0.0132221 -0.00160948 0.00106975 0.0122131
0.395903 11.9656 -0.607419 1.30829 -0.00165857 -0.00848194 0.165747 -0.986131 0.0727282 -0.0166937 -0.0139363 0.000764164 0.0019409 0.0127274
0.390608 12.0103 -0.615684 1.31314 0.000117698 0.00155017 0.163369 -0.986564 0.0421292 -0.00489699 -0.00214916 0.000724837 0.0111485 0.00632804
0.387126 12.0374 -0.618088 1.31359 -0.000347485 -0.00145147 0.162853 -0.986649 0.0206551 0.00431551 -0.00188416 0.000558019 0.00675847 0.000633043
0.383555 12.0623 -0.618204 1.28345 -0.000498833 -0.00188521 0.162953 -0.986632 0.0107474 0.00945966 0.000664603 0.000854802 0.00194872 -0.000250229
0.384162 12.092 -0.618338 1.28185 -0.000541571 -0.00221962 0.162894 -0.986641 0.00810068 0.01185 0.000173999 0.00056587 -0.00114682 -0.000933622
0.383463 12.1117 -0.620435 1.28523 -0.000554744 -0.0022175 0.162984 -0.986626 0.00746817 0.0119156 0.000151387 -0.000104206 -0.000506239 -0.000901449
0.380678 12.1337 -0.622776 1.28987 -0.000576263 -0.00207842 0.162835 -0.986651 0.00730243 0.0116981 0.000140663 -0.000425578 -0.00166365 -0.00135094
0.377617 12.1523 -0.624332 1.28874 -0.00047445 -0.002415 0.162946 -0.986632 0.00745873 0.0117737 0.00447664 0.000318866 -0.000476057 -0.0017003
0.376882 12.1733 -0.625683 1.28838 -0.000385901 -0.0019583 0.163101 -0.986607 0.0082875 0.0120266 -2.99691e-05 -0.000448185 -0.000978586 -0.00106985
0.376642 12.1925 -0.627052 1.28514 -0.000354356 -0.00192411 0.163186 -0.986593 0.00851494 0.0123763 -0.000149769 0.000587426 -0.000594458 -0.000719439
0.374975 12.2133 -0.628348 1.27811 -0.000344247 -0.00179454 0.163222 -0.986588 0.010367 0.0120963 0.000150001 0.000187376 -0.0021636 -0.000434165
0.372229 12.2313 -0.628993 1.27527 -0.000319911 -0.0013865 0.16316 -0.986599 0.0116892 0.0119671 0.000302883 7.63709e-05 -0.00186454 -0.000621432
0.371282 12.2505 -0.630495 1.28318 -0.000235674 -0.00170641 0.16305 -0.986616 0.0128742 0.0111907 0.00619266 -0.000459198 -0.0015113 -0.00130735
0.369998 12.2643 -0.631455 1.28 -8.77639e-05 -0.00122462 0.163085 -0.986611 0.0131975 0.0109852 -2.24805e-07 -0.000109197 -0.00112322 -0.00132438
0.369941 12.281 -0.631717 1.27218 -5.80994e-05 -0.00150677 0.16312 -0.986605 0.0154703 0.01088 -0.000119874 -2.90744e-05 -0.00184654 -0.0012191
0.371816 12.2975 -0.630261 1.26247 -0.000100104 -0.000816408 0.16317 -0.986598 0.0158309 0.0110192 0.00628297 -0.000133075 -0.000275411 -0.00110866
0.373078 12.3102 -0.629168 1.27198 -3.91252e-05 -0.000919506 0.163261 -0.986583 0.0157947 0.0101859 0.00654703 -0.000316092 -0.000938228 -0.000777708
0.374875 12.3222 -0.62724 1.2859 -6.5409e-05 -0.000463465 0.163272 -0.986581 0.0162824 0.0101549 0.00630795 0.000388857 -0.00126097 -0.000509276
0.377513 12.3324 -0.62523 1.30698 -3.82532e-05 -0.000785292 0.163044 -0.986618 0.0166949 0.00959242 0.00679505 -0.000421758 -0.000856794 -0.00118798
0.378803 12.3405 -0.621876 1.31051 -1.93428e-05 -0.000215876 0.163034 -0.98662 0.0161268 0.00989683 -0.00182095 0.000278037 -0.000658006 -0.0017288
0.382706 12.3451 -0.618913 1.30666 -2.63869e-05 -0.000247638 0.163155 -0.9866 0.0147303 0.0097458 -0.00198122 -0.000548793 -8.19597e-05 -0.00153779
0.385422 12.3491 -0.616328 1.29287 4.75376e-06 -0.000220675 0.163328 -0.986572 0.0136606 0.00886103 -0.00166636 -0.000344312 -0.000392894 -0.000553243
0.387608 12.3518 -0.614056 1.29318 4.64119e-05 -0.000276047 0.163227 -0.986588 0.0131161 0.0080706 0.000657225 -0.00068875 -8.12527e-05 -0.00063244
0.390417 12.3566 -0.611727 1.29639 8.73578e-05 -0.000121701 0.163206 -0.986592 0.0138256 0.00741645 8.96525e-05 2.41036e-05 -0.000768159 -0.000853962
0.393116 12.3603 -0.60882 1.30084 3.91816e-05 -0.000308126 0.163094 -0.986611 0.0143742 0.00617367 0.00541192 -0.000393941 -0.000830279 -0.00127318
0.397755 12.3628 -0.604318 1.30138 7.87996e-05 9.20591e-05 0.163218 -0.98659 0.0140223 0.00643307 -0.00159731 4.12962e-05 -0.000777525 -0.00123997
0.401953 12.3638 -0.599097 1.29219 9.92155e-06 7.26651e-05 0.163245 -0.986586 0.0126874 0.00667521 -0.00127694 0.000192677 0.00011284 -0.00087097
0.408458 12.3648 -0.59296 1.29207 -0.000341025 -0.000177453 0.159251 -0.987238 0.0124986 0.00565222 0.000449094 -0.00129893 -4.09204e-05 0.0641566
0.413253 12.3664 -0.588424 1.2939 -0.000657958 5.11622e-05 0.137519 -0.990499 0.0125825 0.00392542 -0.00296992 0.0036661 -0.00087362 0.140527
0.416943 12.367 -0.585003 1.29286 -0.0011238 0.000233416 0.107395 -0.994216 0.0106968 0.000389681 -0.00248848 0.00152531 -7.28104e-05 0.15025
0.418832 12.366 -0.583209 1.29606 -0.00122163 0.000220908 0.0788447 -0.996886 0.00850404 -0.00247741 -0.0035153 0.000915378 0.000951558 0.136442
0.419549 12.3647 -0.583168 1.29678 -0.00130913 0.000141362 0.0529984 -0.998594 0.00722373 -0.00494624 -0.00538346 -0.000267091 0.000500629 0.118965
0.418696 12.3644 -0.583782 1.2949 -0.00127663 0.000167646 0.0304536 -0.999535 0.00676821 -0.00608895 -0.0039251 0.000143342 -0.00025785 0.102962
0.417951 12.3644 -0.584644 1.29503 -0.0013435 0.000212555 0.0133391 -0.99991 0.00610723 -0.00659631 -0.00252796 -0.00019008 -3.0525e-05 0.0853848
0.415046 12.3607 -0.587283 1.29409 -0.00118123 -5.33712e-05 -0.00768168 -0.99997 0.0041256 -0.00682492 -0.00375428 -0.000189044 0.00153989 0.067773
0.414896 12.3591 -0.58775 1.29569 -0.00123754 -0.000200324 -0.02071 -0.999785 0.00448689 -0.00612025 -0.00445787 1.10811e-05 0.000421138 0.0598176
0.414916 12.3578 -0.586915 1.29324 -0.00133375 -0.000257935 -0.0328891 -0.999458 0.00436125 -0.00510347 -0.00165713 0.00143651 0.000737973 0.0564484
0.415028 12.3571 -0.586856 1.28954 -0.0014753 -0.000340418 -0.0451466 -0.998979 0.00435536 -0.00534671 -0.000189325 0.000321873 0.000216333 0.0508774
0.413853 12.3564 -0.587977 1.28626 0.000150883 -0.00468165 -0.0552455 -0.998462 0.0068912 -0.0041821 -0.0056394 -0.0247871 0.0942332 0.0460004
0.41504 12.3731 -0.585691 1.2775 0.000574978 -0.00723404 -0.0680731 -0.997654 0.0546303 0.0131549 -0.00731349 0.000563964 -0.003197 0.0371641
0.420275 12.3951 -0.581006 1.27455 0.000468656 -0.00708525 -0.0748273 -0.997171 0.0647077 0.016848 -0.00819092 0.000429467 -0.00076924 0.0333528
0.427671 12.4264 -0.572306 1.28922 0.000345584 -0.00565142 -0.0822321 -0.996597 0.0675943 0.01913 0.0647149 -5.24925e-05 0.00094593 0.030392
0.438307 12.4567 -0.56334 1.30688 0.000361527 -0.00640733 -0.0888134 -0.996028 0.066794 0.019709 0.0659557 -0.000205393 0.00185859 0.0306325
0.445843 12.4919 -0.553809 1.33235 0.000395613 -0.00672477 -0.095391 -0.995417 0.0689799 0.0202692 0.0664933 -0.000340555 0.00136801 0.0280871
0.460599 12.5282 -0.542634 1.35191 0.000299585 -0.00842577 -0.101061 -0.994844 0.0747703 0.0219419 -0.0136911 0.00132424 0.00635353 0.0230168
0.48534 12.5912 -0.52191 1.35759 0.000260036 -0.00825297 -0.107017 -0.994223 0.0858052 0.0241423 -0.0109378 -0.000287461 0.000858148 0.011773
0.500363 12.6365 -0.50799 1.36567 -6.50994e-05 -0.00632766 -0.109826 -0.993931 0.0896581 0.0251814 -0.00141865 0.0023568 -0.101583 0.0142355
0.508391 12.6729 -0.495858 1.37165 -0.0010644 0.00305187 -0.122414 -0.992474 0.0428996 0.0152673 -0.00631102 0.00352946 0.00956947 0.110098
0.522978 12.6993 -0.48392 1.36293 -0.00158059 0.00274443 -0.168085 -0.985768 8.34734e-06 0.00200223 -0.00219773 0.000437057 -0.000724967 0.15925
0.526699 12.7011 -0.482552 1.35883 -0.00166795 0.00260714 -0.198092 -0.980179 -0.0133074 -0.00351975 0.00413811 0.00172929 0.0010142 0.12899
0.525282 12.7009 -0.485491 1.35384 -0.00146881 0.00258815 -0.218065 -0.97593 -0.0179625 -0.00796622 0.0106516 -0.00199774 0.00012001 0.082323
0.519099 12.6983 -0.490824 1.36365 -0.000977602 0.00267272 -0.232685 -0.972548 -0.0204211 -0.00958514 0.00257181 -0.00182785 0.000618126 0.0578331
0.519858 12.7004 -0.488447 1.35114 0.00173956 -0.00934648 -0.246225 -0.969166 0.0418703 0.0248745 -0.0260661 -0.00075744 -0.0236249 0.0328139
0.528878 12.7183 -0.477931 1.34396 0.00156577 -0.00790279 -0.252175 -0.967648 0.0588441 0.0334066 -0.0266199 -0.000845928 -0.000921441 0.0228665
0.542077 12.7465 -0.462967 1.34462 0.00188665 -0.00775657 -0.256927 -0.966398 0.0655262 0.0373617 -0.0035605 -0.000973902 0.00118883 0.020878
0.561478 12.7773 -0.443418 1.34623 0.00192651 -0.00793867 -0.261506 -0.965167 0.0679608 0.0405211 -0.00432479 6.14968e-05 0.00165894 0.0213006
0.607221 12.8358 -0.399928 1.34092 -0.00159245 0.00223915 -0.271234 -0.96251 0.0483751 0.0302936 0.000973745 0.00160391 -0.027836 0.0565572
0.630602 12.8561 -0.380965 1.33851 -0.0019274 0.0014863 -0.288477 -0.957484 0.0123512 0.00601033 0.0034788 0.00262071 0.000577408 0.106858
0.645353 12.8687 -0.369371 1.34348 -0.000774017 -0.00317465 -0.312428 -0.949936 -0.00442386 -0.008113 -0.00382121 0.00380504 0.167952 0.104446
0.659031 12.8861 -0.359941 1.35078 0.0013137 -0.0121133 -0.323986 -0.945983 0.042107 0.0201287 -0.00763385 -0.00172763 -0.0333206 0.0242583
0.680809 12.9194 -0.340584 1.34472 0.00102081 -0.00929176 -0.322575 -0.946498 0.0641121 0.0339002 -0.00933498 -0.0011384 -0.00193085 -0.0277348
0.729278 12.9853 -0.302719 1.33582 0.00069823 -0.00890031 -0.311513 -0.9502 0.0755285 0.0406043 -0.0033994 0.00522147 -0.00487742 -0.0371637
0.768968 13.0302 -0.277395 1.33478 0.000567357 -0.00875641 -0.304445 -0.952489 0.0803776 0.0409379 -0.00394529 -0.000391929 0.000458858 -0.0424745
0.807487 13.0689 -0.253506 1.32492 0.000667753 -0.0089051 -0.297349 -0.954727 0.0828601 0.0425095 -0.00318464 0.000534729 0.000563012 -0.0422008
0.782257 13.1267 -0.221017 1.33167 0.000782869 -0.00890828 -0.289049 -0.957272 0.0893575 0.0452827 -0.00317057 -0.000184316 -0.000958082 -0.038308
0.737478 13.1685 -0.196817 1.33166 0.00056451 -0.00851461 -0.283242 -0.95901 0.0927627 0.0469073 -0.0365055 0.000301452 -0.00318521 -0.0363019
0.691574 13.222 -0.165712 1.31124 0.000618886 -0.00854354 -0.276258 -0.961045 0.0960508 0.0484175 -0.037193 -9.36437e-05 -0.000525203 -0.0342888
0.595541 13.3092 -0.112193 1.26327 0.00210564 -0.00840474 -0.270773 -0.962604 0.0979353 0.0610306 -0.0182579 0.00227709 -0.000404699 0.00795715
0.526074 13.357 -0.0802745 1.24313 0.000559794 -0.00506237 -0.274024 -0.961709 0.0983435 0.0634811 0.0028863 0.00824236 -0.116934 0.0203074
0.504747 13.3961 -0.0526164 1.25183 -0.00203137 0.00274433 -0.281276 -0.959621 0.0533088 0.0333139 -0.00415737 0.00109796 0.00423376 0.0434655
0.480783 13.42 -0.0309123 1.25494 -0.00211996 0.00348794 -0.302305 -0.953203 0.0104317 0.00495031 -0.00548407 -0.0022833 -0.000128729 0.0859148
0.480441 13.4193 -0.0319239 1.25624 -0.00207045 0.00361713 -0.324574 -0.945851 0.00106292 -0.000368116 -0.0131596 0.000625042 0.000207615 0.134015
0.484813 13.4141 -0.0385332 1.2466 -0.00173909 0.00361752 -0.352475 -0.935813 -0.00285514 -0.00408051 -3.28658e-05 -0.00954444 0.00189179 0.158009
0.492143 13.4052 -0.0472663 1.24723 0.000291204 0.00403676 -0.406018 -0.913856 -0.00862228 -3.47986e-05 2.15899e-05 0.00255143 0.000865139 0.415883
0.506621 13.3892 -0.0552927 1.25074 -0.000484819 0.00319433 -0.50256 -0.864536 -0.0101981 0.00124462 -0.00582556 0.00658163 0.000734432 0.526282
0.526359 13.3708 -0.0653313 1.25057 -0.000531905 0.00239871 -0.590731 -0.806865 -0.00648175 -0.00288533 -0.00587716 0.00199101 0.00429777 0.529336
0.54297 13.3551 -0.0757136 1.24892 -0.000656564 0.00125936 -0.673904 -0.738817 -0.000328942 -0.00558595 -0.00494729 0.013752 0.00299079 0.506647
0.555728 13.3432 -0.0864101 1.24755 -0.00163924 -0.000565899 -0.72594 -0.687756 0.0134733 -0.00802403 -0.00166972 0.00156942 0.00475622 0.224144
0.566359 13.3345 -0.0976274 1.25292 0.00648971 -0.00556362 -0.744212 -0.667888 0.0175626 0.00546564 -0.00440757 -0.00945254 0.0542916 0.0587069
0.574279 13.3261 -0.0935204 1.25688 -0.00179205 9.37506e-05 -0.748254 -0.663409 0.0129363 0.0267749 -0.000493261 0.0104477 -0.0619754 -0.0207355
0.58322 13.3159 -0.0939829 1.25791 -0.0012946 -0.000748663 -0.737667 -0.675163 0.0188602 -0.00196557 -0.00148095 0.000449024 0.00710105 -0.116511
0.591827 13.3095 -0.0940529 1.26225 -0.000973544 -0.00139016 -0.7202 -0.693765 0.0200896 -0.00888834 -0.00656679 8.09489e-06 0.000889268 -0.12804
0.596152 13.3054 -0.093905 1.26425 -0.000579014 -0.00129965 -0.709866 -0.704335 0.0175993 -0.012363 -0.00737183 0.00318732 0.000919529 -0.0141803
0.597615 13.3039 -0.09469 1.26019 -0.000852166 -0.0018941 -0.714282 -0.699855 0.01711 -0.0144132 -0.00490971 0.00290743 0.000872088 0.0473474
0.601368 13.2995 -0.0900156 1.23705 0.00714062 -0.00722725 -0.722254 -0.691554 0.0108211 0.00508566 -0.0563942 -0.00356143 0.0395561 0.0408273
0.604465 13.2957 -0.0691722 1.2149 0.00562611 -0.00646076 -0.726371 -0.68725 0.00135636 0.0421848 -0.0574533 0.00170838 -0.00886726 0.0118678
0.611424 13.2882 -0.0265336 1.18324 0.00491223 -0.00618894 -0.72772 -0.685829 -0.00484377 0.059823 -0.0626284 0.00137738 -0.00254724 -0.000587204
0.619046 13.2828 0.0136032 1.16368 0.00464512 -0.00619133 -0.72803 -0.685502 -0.0072084 0.0663792 -0.0650838 0.000327874 0.000131028 -0.00201054
0.62931 13.2775 0.0621188 1.14649 0.0046505 -0.00627512 -0.728345 -0.685167 -0.00904109 0.072202 -0.0665344 0.000661594 0.000284463 -0.00227132
0.645295 13.2723 0.11359 1.14038 -0.00407518 0.00094849 -0.725905 -0.687782 -0.00666996 0.042129 0.00254583 0.00102683 0.000465187 -0.0542521
0.654254 13.2707 0.139085 1.13703 -0.00322966 0.000379 -0.714101 -0.700036 -0.00346965 0.00489247 0.00674296 -0.00110565 -0.00264825 -0.100888
0.65676 13.2734 0.153116 1.13441 -0.00345113 0.000908168 -0.698738 -0.715369 -0.00191523 -0.0135226 0.00978985 -0.00237245 -0.00122632 -0.0908066
0.65574 13.2763 0.159717 1.13102 0.0050977 -0.00922926 -0.689474 -0.724234 6.86106e-05 0.00141416 -0.0258992 0.00179664 0.0847288 -0.0613058
0.657933 13.2821 0.18419 1.12076 -0.00223752 -0.000620642 -0.6789 -0.734227 0.00332533 0.0449557 0.00547062 0.00512008 -0.0598267 -0.111249
0.658732 13.2881 0.20186 1.12815 -0.00216663 -0.000495921 -0.649337 -0.760498 0.000953708 0.0172288 9.98152e-05 -0.00410812 0.000302821 -0.265812
0.656455 13.2956 0.212743 1.12822 -0.00173739 0.000302877 -0.602682 -0.797979 -0.00289757 0.00319069 -0.00338776 -0.0107847 -0.00166377 -0.271212
0.652457 13.3046 0.22541 1.13028 0.00544408 -0.00982295 -0.570686 -0.821092 0.0102161 0.0443879 -0.00124435 0.000459415 -0.0224473 -0.0978213
0.650134 13.3198 0.252996 1.12061 0.00317026 -0.00777686 -0.561858 -0.827191 0.021417 0.0696452 0.0230672 0.0034127 -0.00395092 -0.0241453
0.650084 13.3368 0.287634 1.12447 0.00295951 -0.00768435 -0.558786 -0.829271 0.0283039 0.077683 0.0213347 -0.000261213 -0.00107093 -0.0171168
0.654485 13.3563 0.328659 1.10393 0.00339807 -0.00778924 -0.555715 -0.831329 0.0318064 0.0831962 -0.0116511 -0.00353084 0.00465163 -0.0160705
0.63609 13.3761 0.373653 1.09259 0.00345004 -0.00785407 -0.553484 -0.832816 0.0330919 0.0896736 -0.0107293 0.000270291 4.32002e-05 -0.00914475
0.595044 13.4003 0.42001 1.09785 -0.000737054 -0.00166366 -0.551767 -0.833996 0.0336447 0.0869805 -0.000841292 0.00578023 -0.11056 -0.0308781
0.551232 13.4202 0.45559 1.10815 -0.00287131 0.00204318 -0.535033 -0.844824 0.0137747 0.0353691 -0.00906208 -0.00432973 0.00402854 -0.142364
0.530337 13.4302 0.474301 1.10448 -0.00315662 0.00238528 -0.5029 -0.864336 -0.000228896 0.00897775 -0.0107918 0.00458251 -0.00216789 -0.182639
0.525108 13.4371 0.47654 1.10255 -0.00334393 0.00243967 -0.462041 -0.886849 -0.00444213 -0.00657221 -0.00792956 -0.00375517 -0.00107451 -0.231941
0.52903 13.441 0.471644 1.09297 -0.00312888 0.0027181 -0.41805 -0.908415 -0.00779182 -0.012072 -0.000505276 0.000490234 -0.000989345 -0.238195
0.537766 13.4436 0.461616 1.09379 -0.00306167 0.00288486 -0.365366 -0.930855 -0.00840051 -0.0138344 -0.000173191 -0.00351447 -0.00126622 -0.270748
0.553469 13.4432 0.446136 1.09063 -0.00234649 0.00312636 -0.309683 -0.950832 -0.0100185 -0.0121111 -0.00208575 -0.00449328 0.00100235 -0.256925
0.56821 13.4326 0.42899 1.07967 -0.0018132 0.00274074 -0.257488 -0.966276 -0.0134386 -0.00586427 0.0154955 -0.00107704 0.00346574 -0.216555
0.583705 13.4181 0.415277 1.09116 -0.00162721 0.00178557 -0.212434 -0.977172 -0.0112973 0.00222658 0.00574001 -0.000503587 0.00155943 -0.177457
0.596584 13.4109 0.402604 1.09744 -0.00125811 0.00177424 -0.180795 -0.983519 -0.00588078 0.0070586 -0.000508515 -0.00338603 0.00133969 -0.140709
0.597725 13.3996 0.387944 1.09694 0.000745944 -0.00802875 -0.151009 -0.988499 0.0101625 0.0157753 -0.01281 -0.00559459 0.0744488 -0.0898099
0.593206 13.4044 0.382665 1.09194 0.00109981 -0.00702732 -0.141469 -0.989917 0.0554431 0.0341775 -0.0132274 0.00299089 -0.0152825 -0.00836411
0.582393 13.4192 0.38274 1.07871 -0.000527013 -0.0013789 -0.142977 -0.989725 0.0654514 0.036977 0.00400734 0.00600008 -0.114264 0.0265365
0.562737 13.4366 0.375141 1.08688 0.00115575 -0.00808795 -0.161558 -0.986829 0.0500426 0.0314991 -0.0121585 0.00769173 -0.00936893 0.0488725
0.547726 13.4607 0.380746 1.07767 0.000860412 -0.00725013 -0.169493 -0.985504 0.0665816 0.0333334 -0.0135493 -0.00174643 0.000189731 0.0277348
0.529358 13.4903 0.386929 1.07007 0.00102954 -0.00734025 -0.173181 -0.984862 0.0726534 0.0331936 -0.0123956 -0.000999724 0.000834247 0.0198418
0.48179 13.5688 0.407146 1.07646 0.00196396 -0.00739197 -0.181461 -0.983368 0.0731383 0.0361206 -0.00347049 0.00137118 0.00235202 0.033208
0.462063 13.6142 0.423747 1.07642 0.000348567 -0.0030155 -0.188523 -0.982064 0.0709286 0.0349705 0.000530255 0.00950578 -0.106041 0.0371038
0.447702 13.6482 0.437234 1.0787 0.00140138 -0.00365803 -0.196911 -0.980414 0.0289489 0.0153746 -0.0248798 -0.016139 0.136257 0.0475458
0.442458 13.6797 0.45508 1.07893 0.00232464 -0.00869679 -0.207011 -0.978297 0.0611135 0.0368116 -0.0138886 0.00433489 -0.011582 0.0456662
0.442364 13.7677 0.502619 1.07373 0.00183502 -0.00796211 -0.22097 -0.975246 0.0841668 0.0486217 -0.0145614 7.33095e-05 -0.00169782 0.028425
0.453178 13.8235 0.529078 1.05553 -0.000285248 -0.00783723 -0.223514 -0.974669 0.0935444 0.0429067 -0.0160026 -0.00344998 -5.28789e-06 -0.00689513
0.454877 13.877 0.547857 1.04414 0.000363441 -0.00788665 -0.218324 -0.975844 0.09846 0.0394113 -0.0147151 -0.00122602 0.000448333 -0.0288776
0.437971 13.9305 0.56485 1.02686 -0.00128185 0.00336028 -0.205964 -0.978553 0.0686958 0.02687 0.0122285 -0.00175998 -0.00300348 -0.0896007
0.429169 13.9601 0.572372 1.02313 -0.000817665 0.00314929 -0.174911 -0.984579 0.0275982 0.0121981 0.0211652 -0.000558489 -0.00268666 -0.141772
0.424336 13.9707 0.577522 1.03205 -0.000655184 0.00362113 -0.142448 -0.989795 0.00697754 0.0081265 0.0143173 -0.00394055 -0.00221581 -0.0799319
0.420112 13.9686 0.580857 1.0353 -0.000924751 0.00376091 -0.140249 -0.990109 -0.00421381 0.00878111 0.00711811 0.00265251 0.000515238 0.0464925
0.41555 13.9555 0.586986 1.02529 0.00114407 -0.00884228 -0.169212 -0.985539 0.059955 0.0347548 -0.00164269 0.00124803 -0.0232855 0.0420903
0.406781 13.9735 0.59578 1.0306 0.000885017 -0.00712436 -0.17622 -0.984325 0.0798979 0.0416782 -0.00272308 -0.000684293 -0.000191738 0.0271027
0.398873 14.0017 0.606225 1.03542 0.00114839 -0.0067355 -0.181286 -0.983407 0.0857608 0.044776 -0.00377308 -0.000255037 0.000378783 0.0257999
0.385672 14.0332 0.616063 1.04763 -0.00208911 0.00227805 -0.186204 -0.982506 0.0514818 0.0248182 -0.00110592 -0.00281195 0.0209685 0.0124299
0.384282 14.048 0.615398 1.04914 -0.00147477 0.000291843 -0.187061 -0.982347 0.0312313 0.0120892 0.00123553 -0.0007175 0.00334973 0.00290791
0.385979 14.0593 0.613944 1.05619 -0.0014984 -0.000551122 -0.187057 -0.982348 0.0258269 0.00775967 0.00328448 -5.8019e-05 -0.000945098 0.00123822
0.388286 14.0654 0.611857 1.06115 -0.00145318 -0.000102142 -0.186823 -0.982393 0.0215992 0.00637976 0.000521757 0.000666614 0.0008945 0.00187571
0.390449 14.0682 0.609882 1.06873 -0.00157057 -0.000189866 -0.186708 -0.982414 0.0184348 0.00610851 0.000570114 0.000435914 -0.000203732 0.00256157
0.39976 14.0735 0.600316 1.06524 -0.00160562 -8.17639e-05 -0.186821 -0.982393 0.0156299 0.00360807 4.47623e-05 -0.000106743 5.02998e-05 0.00225863
0.406567 14.0773 0.592077 1.05058 -0.00147939 -7.03992e-05 -0.186821 -0.982393 0.014575 0.00266374 0.000300683 -0.000398349 -0.000305409 0.00166345
0.414898 14.0856 0.585784 1.03524 -0.000550131 -0.00971095 -0.184977 -0.982695 0.0488473 0.011702 -0.00424295 -0.00050889 -0.0143122 -0.0180009
0.41509 14.138 0.587057 1.01427 -0.000303985 -0.0075279 -0.171661 -0.985127 0.0792406 0.0203937 -0.00433215 -0.000330571 8.4807e-05 -0.0264992
0.410805 14.1834 0.591877 1.01598 -0.00023452 -0.00764047 -0.16533 -0.986209 0.0847873 0.0212909 -0.00419662 -0.000843357 0.00150991 -0.0210349
0.407224 14.2358 0.594433 1.02732 -7.56108e-06 -0.00799778 -0.159954 -0.987092 0.0885351 0.0190964 -0.00607883 -0.000937633 0.00119013 -0.0187501
0.401876 14.2961 0.601759 1.02874 0.000203678 -0.00821379 -0.154749 -0.98792 0.0930416 0.0191948 -0.00709293 -0.000324179 0.000794238 -0.0164173
0.3913 14.3545 0.61222 0.993199 -0.00083236 0.00255951 -0.15002 -0.988679 0.0745264 0.0137167 0.0135773 -0.00227604 -0.0400331 -0.027269
0.385024 14.3951 0.619059 0.991985 -0.000871905 -0.000985918 -0.141867 -0.989885 0.0366498 0.0005589 0.00212201 -0.00157375 0.00104959 -0.0162899
0.382543 14.4205 0.62159 0.998485 -0.000952854 -0.00122851 -0.140064 -0.990141 0.028779 -0.00377335 0.00181181 -0.000283965 0.000665484 0.00157402
0.380521 14.4417 0.622767 1.00018 -0.00091596 -0.00133555 -0.140302 -0.990107 0.0275546 -0.00600976 0.00555454 -0.000365994 -0.001263 0.00259695
0.380341 14.4596 0.623795 1.00869 -0.000924405 -0.000792447 -0.140344 -0.990102 0.0263593 -0.00677789 0.00204834 -0.000245771 -0.00116294 0.00284652
0.3796 14.4871 0.624615 1.00229 -0.00100267 -0.000569136 -0.14071 -0.99005 0.022081 -0.00747705 0.00236453 -0.000130001 -0.000629576 0.00142702
0.384888 14.5008 0.623329 1.01982 -0.00115395 -0.000514784 -0.140863 -0.990028 0.0174794 -0.00782066 0.00269275 0.00051967 0.000128147 0.0014362
0.379318 14.504 0.623959 1.02347 -0.00109582 -0.000342477 -0.140775 -0.990041 0.0144339 -0.00681017 0.00172407 0.000645824 0.000117426 0.00150798
0.378599 14.508 0.624238 1.02659 -0.00129097 -0.000293973 -0.140663 -0.990057 0.0123352 -0.00666071 -0.00137415 0.00029997 -0.000467722 0.00249877
0.378699 14.5128 0.623239 1.03227 -0.00135916 -0.00020554 -0.140787 -0.990039 0.0109609 -0.00684247 -0.000925004 0.00038991 -0.0003908 0.00217893
0.379192 14.5159 0.622175 1.03946 -0.00145604 -0.000174214 -0.141025 -0.990005 0.0093097 -0.00653947 -0.00150005 0.000375944 -0.000101026 0.00125191
0.379935 14.5187 0.621019 1.04795 -0.00155683 -0.000173743 -0.140926 -0.990019 0.00758604 -0.0061198 -0.00237768 0.000299407 -0.000354363 0.00104997
0.381399 14.5224 0.618857 1.04834 -0.00162122 -9.83526e-05 -0.140852 -0.990029 0.0069297 -0.00611881 0.000229922 0.000148469 -0.000518838 0.00163859
0.386369 14.5263 0.613229 1.05157 -0.00157979 -5.33294e-05 -0.140946 -0.990016 0.00633709 -0.00722369 -0.000179165 -8.45444e-06 -0.000249056 0.00147172
0.392278 14.5294 0.607412 1.0598 -0.00152032 -6.73249e-05 -0.141154 -0.989987 0.0054915 -0.00709693 0.000312105 0.000549778 -0.00035089 0.00055606
0.39667 14.5326 0.603238 1.06831 -0.00152026 -6.1769e-05 -0.140934 -0.990018 0.00525468 -0.00628331 0.00026381 2.34699e-06 -0.000639328 0.00102262
0.402956 14.5384 0.597119 1.07224 -0.0014356 2.94841e-05 -0.140935 -0.990018 0.00587839 -0.00622527 0.000152325 0.000329573 -0.000716941 0.00127983
0.407013 14.5351 0.592773 1.0573 0.00141971 0.0147419 -0.137519 -0.990388 -0.0437161 -0.00183379 -0.0557707 0.0066762 0.0112707 -0.0441961
0.412611 14.4991 0.589305 1.02956 0.000808695 0.00934599 -0.119741 -0.992761 -0.0867192 0.00161655 -0.0302943 0.00216558 0.012202 -0.0855919
0.417981 14.4497 0.585708 1.00925 0.000709927 0.00652856 -0.098211 -0.995144 -0.0867437 0.00446066 -0.00412298 0.00117486 0.0104006 -0.0825075
0.419551 14.3975 0.587133 1.01129 0.000418577 0.0039775 -0.0775353 -0.996982 -0.0710438 0.00813872 -0.00264663 0.00185098 0.00798678 -0.0675774
0.414556 14.3563 0.589237 1.0079 9.78477e-05 0.00217756 -0.0619784 -0.998075 -0.0520459 0.00850797 -0.000574374 0.000353938 0.0065037 -0.0559232
0.414253 14.3219 0.590122 1.0078 0.00014184 0.000768679 -0.0481765 -0.998839 -0.0335782 0.00774437 0.000240344 1.20685e-05 0.00632737 -0.0481706
0.415968 14.3058 0.590355 1.01405 -0.00152753 -0.00804698 -0.0354507 -0.999338 0.0200605 -0.000125227 0.00384252 -0.00413525 -0.0184671 -0.0405599
0.41772 14.3199 0.588783 1.02376 -0.0012006 -0.00652139 -0.0244512 -0.999679 0.0450115 -0.0033809 0.00258981 -0.000110434 0.000108111 -0.0340164
0.424148 14.4057 0.585508 1.03352 -0.000970555 -0.00762396 -0.00879419 -0.999932 0.0627342 -0.00275272 -0.00590577 0.000130399 0.000986608 -0.0158391
0.42246 14.4554 0.584832 1.03189 8.03549e-05 -0.00792968 -0.0061684 -0.99995 0.0695743 0.00121554 0.00329153 0.00127402 -0.000405058 0.000172926
0.420935 14.5233 0.586476 1.02177 -0.000242058 -0.00812205 -0.00820624 -0.999933 0.0772908 0.00375595 0.00507552 1.68944e-05 -0.000597955 0.0137996
0.420625 14.6028 0.586382 1.01917 -0.00161357 -0.00783161 -0.0109672 -0.999908 0.0835995 -0.000903871 0.0033918 -0.000298973 0.000450524 0.00101398
0.418161 14.7739 0.584765 1.02822 -0.000872023 -0.00861255 0.00163344 -0.999961 0.0961135 -0.00525212 -5.23087e-05 0.000419289 -0.000441375 -0.0175905
0.406884 14.8431 0.584562 1.0233 -0.000956567 -0.00855648 0.00524138 -0.999949 0.103222 -0.00436787 0.000381397 0.000485833 -0.000789707 -0.0124097
0.413054 14.9179 0.583415 1.02853 -0.0009912 -0.0086358 0.00856298 -0.999926 0.107614 -0.00458598 0.000401654 -0.000168704 0.000211572 -0.00942318
0.410394 14.9894 0.581974 1.02384 -0.00100203 -0.0086571 0.0110582 -0.999901 0.111948 -0.00432565 0.000545248 0.000679318 0.000374686 -0.00762625
0.409517 15.0706 0.579946 1.02298 -0.00100222 -0.00878658 0.0133246 -0.999872 0.116822 -0.00447985 0.000817552 -0.000172495 -0.000513836 -0.00550014
0.422101 15.157 0.575658 1.02321 -0.000965117 -0.00877611 0.0152518 -0.999845 0.12105 -0.00479396 0.000613294 7.96215e-05 9.33304e-05 -0.0039035
0.467704 15.2662 0.567581 1.02835 -0.0007607 0.00428306 0.0693424 -0.997583 0.0138483 -0.00239041 -0.00219544 -0.000490565 -0.00228438 -0.121574
0.47766 15.2689 0.56357 1.03641 -0.00062294 0.00455113 0.0993119 -0.995046 -0.00426394 -0.00119956 -0.0104591 -0.00120402 -0.000201836 -0.0998424
0.478929 15.2539 0.561566 1.03977 -0.000413417 0.00420835 0.126545 -0.991952 -0.0122671 0.00102476 -0.0219302 -0.00125052 0.002413 -0.0771616
0.462537 15.236 0.562357 1.02768 -0.00052297 0.00385594 0.147982 -0.988982 -0.00986249 0.00208584 -0.0024826 0.00329096 0.00103809 -0.0806741
0.455694 15.2088 0.565795 1.03702 -0.000674055 0.00297445 0.18272 -0.98316 -0.00662444 -0.000204906 -0.0121686 -0.00278964 0.00394689 -0.131276
0.443293 15.186 0.569755 1.02957 -0.000596943 0.00215438 0.221266 -0.975211 0.00129881 -0.00045602 -0.00583778 -0.00055763 0.00281196 -0.138836
0.436558 15.1622 0.575706 1.03833 -0.000600042 0.00100311 0.262207 -0.965011 0.00856854 -0.00138277 -0.0143308 -0.00218059 0.00282119 -0.134363
0.431648 15.149 0.576705 1.03676 -0.0012103 -0.00858962 0.284305 -0.958695 0.0458662 -0.0167927 -0.0147766 -0.00198156 -0.0193673 -0.0406312
0.433304 15.1628 0.56711 1.02434 -0.0012476 -0.00611035 0.281721 -0.959476 0.0706045 -0.0265642 -0.0154923 0.00144597 5.46824e-05 0.039667
0.492333 15.2522 0.516496 1.01931 -0.00233967 -0.00734111 0.269797 -0.962887 0.0780819 -0.0420333 -0.00868046 0.000101472 0.00132659 0.00657334
0.534829 15.3004 0.487168 1.01535 -0.00164456 -0.00746333 0.26852 -0.963244 0.0795365 -0.0421231 -0.00796586 -0.000407755 0.00138948 0.0114939
0.566798 15.3568 0.454445 1.00856 -0.00201352 -0.0079697 0.263938 -0.964505 0.0818685 -0.0414365 -0.00777254 0.000250638 0.000760622 0.0192263
0.614054 15.4288 0.41588 1.01612 -0.00169309 -0.0078517 0.257878 -0.966144 0.0840003 -0.0400687 0.0344995 0.000543739 0.00244979 0.0248437
0.660205 15.493 0.384527 1.0217 -0.00157528 -0.00800879 0.251271 -0.967882 0.0877104 -0.0401189 0.0339488 -0.00440207 -0.00324921 0.0264066
0.726433 15.5726 0.351036 1.03768 -0.00175361 -0.00808211 0.24214 -0.970206 0.0932442 -0.0379185 0.0340417 0.00107675 0.000346376 0.032313
0.807831 15.6676 0.309678 1.04357 0.000267169 0.00403756 0.196631 -0.980469 -0.0011658 0.00220411 -0.00361277 -0.00138363 -0.00231606 0.0814564
0.807494 15.6628 0.306861 1.026 0.000643889 0.00415333 0.169131 -0.985585 -0.0171345 0.0101752 0.00351496 -0.000246409 0.00318738 0.076031
0.791135 15.6461 0.311604 1.02699 0.00066456 0.00370409 0.145539 -0.989345 -0.0178018 0.0108288 0.0150015 -0.00110929 0.00125456 0.0619955
0.782534 15.6233 0.322331 1.04645 0.000425231 0.00287238 0.126806 -0.991923 -0.0149237 0.0108516 -0.0059614 0.00120048 0.00405108 0.0520445
0.769761 15.6133 0.331383 1.04945 -0.000596271 -0.00751123 0.108702 -0.994046 0.0565781 -0.00617697 -0.000399826 -0.00082473 -0.0169867 0.0402712
0.781045 15.6442 0.331488 1.04705 -0.000425597 -0.00623985 0.0971041 -0.995255 0.0802081 -0.00968606 -0.00171333 0.000201617 0.000313453 0.0327802
0.798396 15.6921 0.334658 1.03934 -0.000620792 -0.00649247 0.0868946 -0.996196 0.0880409 -0.00847483 -0.00259743 0.000359026 0.000721953 0.0275055
0.825094 15.7429 0.335058 1.04354 -0.000760535 -0.00698127 0.0791571 -0.996837 0.0905804 -0.00696738 -0.00196049 0.000402264 0.00176236 0.0225224
0.868155 15.8122 0.331422 1.04714 -0.000885555 -0.007296 0.0718981 -0.997385 0.0962183 -0.00647305 -0.00216538 0.000275878 0.000804386 0.0178415
0.917439 15.8785 0.328128 1.05488 -0.00104407 -0.00770092 0.0666395 -0.997747 0.0989576 -0.00557052 -0.00261691 0.000159241 0.00156723 0.0142633
1.01531 15.957 0.323506 1.05702 -0.00120642 -0.00804666 0.0617912 -0.998056 0.102669 -0.00450515 -0.00292611 0.000439027 0.00139359 0.0115117
1.01679 16.0281 0.318628 1.0335 -0.00135168 -0.00833648 0.0584854 -0.998253 0.105972 -0.00414998 -0.00213124 0.000216844 0.000308593 0.00931318
1.07283 16.2036 0.295016 1.04572 -0.00139338 -0.00855665 0.0527633 -0.998569 0.11584 -0.00570551 -0.00220279 0.000321153 -0.000278053 0.00627055
1.09056 16.3004 0.284064 1.05968 -0.00142263 -0.00856534 0.0505763 -0.998682 0.120332 -0.00658331 -0.00164673 -0.000258424 0.000139849 0.00474054
1.08978 16.4028 0.271513 1.05466 -0.00142208 -0.00869954 0.0485981 -0.99878 0.123613 -0.00690758 -0.00275533 -7.54554e-05 -0.000346659 0.00422906
1.10244 16.6142 0.248104 1.03109 -0.00150093 -0.00874922 0.0449349 -0.99895 0.130661 -0.00714885 -0.00232001 0.000782091 5.68548e-05 0.00266378
1.08279 16.732 0.23526 1.04156 -0.0015271 -0.00885117 0.0435557 -0.999011 0.132979 -0.00755314 -0.00157066 -3.84233e-05 0.00016639 0.0023904
1.0795 16.8361 0.222515 1.05674 -0.00153538 -0.00894243 0.0421436 -0.99907 0.134651 -0.0083566 -0.00241811 -0.000400307 -8.13704e-05 0.00177058
1.08296 17.0453 0.193354 1.07484 -0.00141079 -0.00899837 0.0397743 -0.999167 0.138286 -0.0104159 -0.00351263 -0.000454848 -0.000313271 0.0015191
1.07147 17.2498 0.169771 1.0617 -0.00126775 -0.00903338 0.0379962 -0.999236 0.140046 -0.0107129 -0.0036997 0.000467534 0.000882909 0.0021759
1.07011 17.3703 0.162318 1.06521 -0.00139673 -0.00921956 0.036634 -0.999285 0.140022 -0.00976455 -0.00403555 4.19454e-05 0.000633217 7.82609e-05
1.06872 17.4763 0.155303 1.05893 -0.00139693 -0.00937771 0.0358044 -0.999314 0.139555 -0.00903857 -0.00378167 -3.55738e-05 0.000486039 0.000659556
1.06201 17.5945 0.145101 1.05632 -0.00139518 -0.00932749 0.0347026 -0.999353 0.142032 -0.00945466 -0.00350796 -0.00019935 -0.000106517 0.00045429
1.05519 17.7044 0.134552 1.04845 -0.00131392 -0.00929341 0.0341247 -0.999374 0.142733 -0.00992848 -0.00412368 4.5172e-05 0.000596699 0.00116912
1.03943 17.9032 0.115263 1.03078 -0.00123766 -0.00943132 0.0325888 -0.999424 0.143753 -0.0107812 -0.00309172 -0.000807258 -0.000288595 0.000190559
1.04278 18.0126 0.106031 1.03257 -0.0012085 -0.00943647 0.0319461 -0.999444 0.144376 -0.0104642 -0.00342466 0.000358067 0.000814552 0.000888122
1.03977 18.1197 0.0994688 1.02764 -0.00121474 -0.00950536 0.0311854 -0.999468 0.145137 -0.00977195 -0.00278229 0.000196943 -0.00128834 0.000817933
1.01866 18.2343 0.0954566 1.00786 -0.00127807 -0.00906052 0.0304946 -0.999493 0.142828 -0.00840353 -0.00123753 0.000272467 -0.00126629 0.000717287
1.01488 18.3369 0.0898327 1.00593 -0.00130094 -0.00866556 0.0297541 -0.999519 0.139374 -0.00803649 -0.00214693 -0.000627067 -0.000798181 0.000155804
1.02315 18.4334 0.0819018 1.0164 -0.0012513 -0.00840619 0.0294757 -0.999529 0.134634 -0.00794128 -0.000853244 3.01582e-05 -0.00106939 0.00130705
1.02372 18.5362 0.0738237 1.0157 -0.00122974 -0.00792368 0.0286238 -0.999558 0.131378 -0.00806089 -0.000275538 -3.9159e-05 -0.00123686 0.000604862
1.0272 18.6429 0.0685475 1.01959 -0.00129561 -0.00744536 0.0280733 -0.999577 0.127249 -0.00677572 -0.00062213 -0.000186966 -0.00139828 -0.00055004
1.03118 18.7422 0.0606733 1.02534 -0.00122317 -0.00700093 0.0278091 -0.999588 0.121662 -0.00684141 -0.00130849 -0.0005405 -0.00100436 0.000393848
1.04135 18.8292 0.0499345 1.03953 -0.0010809 -0.00667991 0.0271163 -0.999609 0.115714 -0.00793612 -0.0014501 -0.000248347 -0.000733119 0.000618378
1.0501 18.9113 0.0417421 1.04142 -0.00100569 -0.00625639 0.0265975 -0.999626 0.110847 -0.00778646 -0.00174649 0.000254437 -0.000144224 0.000914887
1.04803 19.0546 0.0329423 1.02782 -0.000984062 -0.00573922 0.024608 -0.99968 0.0996217 -0.00608832 -0.00392369 0.000260602 -0.000864965 0.00182296
1.00801 19.1277 0.0291877 1.003 -0.000950635 -0.00546855 0.023448 -0.99971 0.0933354 -0.00584613 -0.00119155 0.000133894 -1.68475e-06 0.00108068
1.01957 19.192 0.0234584 1.01282 -0.000817321 -0.00517577 0.0226444 -0.99973 0.0889383 -0.00636001 -0.000333703 -0.000108215 -0.00139688 0.00229183
1.01689 19.2602 0.0220961 1.00898 -0.000938173 -0.00483271 0.021379 -0.999759 0.0848673 -0.00473986 -2.14168e-05 0.000199495 -0.00109654 0.00309086
1.0139 19.3164 0.0201573 1.00637 -0.000889539 -0.00470283 0.0201993 -0.999785 0.0781302 -0.00428162 0.00015415 6.16292e-05 -0.000230781 0.00221268
0.97649 19.4175 0.0171284 0.967628 -0.000909395 -0.00438728 0.0184386 -0.99982 0.0682686 -0.00376944 0.000760018 -0.000992895 -3.86124e-06 0.00132864
0.979942 19.4729 0.0115873 0.974956 -0.000842529 -0.0041705 0.0174482 -0.999839 0.0638963 -0.0038275 0.00267764 0.000194149 -0.000858699 0.00041798
0.991094 19.5219 0.0104448 0.983221 -0.000844845 -0.00385876 0.0168257 -0.999851 0.0609634 -0.0029927 0.00246307 0.00017595 -0.00052639 0.00177002
