0.619526 0.144791 0.00529872 0.41788 -0.000665488 -0.0073142 0.00838305 -0.999938 0.0863891 -0.00357828 -0.0416509 0.000772189 -0.000257488 -0.0244291
0.584839 0.183493 0.00248381 0.402932 -0.000618194 -0.00761819 0.0122022 -0.999896 0.0890087 -0.00586651 -0.0357389 -0.0014046 0.000695391 -0.0252126
0.566447 0.215798 -0.00145663 0.397157 -0.000410403 -0.00766527 0.0157953 -0.999846 0.0920746 -0.0073936 -0.00427939 -0.00383671 -0.00842479 -0.024762
0.566715 0.250392 -0.00474017 0.417449 -2.18419e-05 -0.00689729 0.0190048 -0.999796 0.092995 -0.00655626 0.0265075 0.000397469 0.00195687 -0.0162759
0.577267 0.288407 -0.00643651 0.438977 -0.000121063 -0.00718524 0.0211887 -0.99975 0.0948927 -0.00508201 0.0281007 0.00115981 -7.7964e-05 -0.00816162
0.615663 0.352134 -0.00735656 0.496353 -0.000573072 0.00355707 0.0264335 -0.999644 0.0651801 -0.0042006 0.177788 8.13346e-06 -0.0051939 -0.0592738
0.675493 0.381818 -0.00752526 0.564991 -0.000399667 0.00228133 0.0584969 -0.998285 0.017105 -0.00235701 0.0848087 -0.0056967 0.0447474 -0.129744
0.686252 0.391888 -0.00886778 0.570699 0.00096645 -0.0116907 0.0755825 -0.99707 0.0520011 -0.0012245 0.0121753 -0.00135711 -0.0171183 -0.0447749
0.690713 0.418908 -0.00911798 0.578518 0.000557401 -0.00827903 0.0758757 -0.997083 0.0806084 0.00122102 0.0140393 0.00333792 -0.00339088 0.0314921
0.694914 0.453102 -0.00920166 0.587741 0.000131791 -0.00781623 0.0681159 -0.997647 0.0915738 0.000437902 0.0138897 0.000633462 -0.00200174 0.0484533
0.690053 0.491259 -0.00974119 0.584273 0.000549815 -0.00789696 0.0584066 -0.998262 0.0945472 0.000284356 -0.0127918 -0.00173922 0.00116821 0.0489251
0.68286 0.559693 -0.00953791 0.58337 0.000314442 -0.0080257 0.0428327 -0.99905 0.101756 0.00202004 -0.00335221 0.00123233 0.000694934 0.043778
0.696102 0.606157 -0.0116024 0.596784 0.000181603 -0.00845558 0.0347932 -0.999359 0.10259 -0.00126263 0.00105644 -0.00350766 0.00146083 0.0380068
0.698071 0.644654 -0.0140929 0.59636 0.000389878 -0.00853261 0.0289229 -0.999545 0.105663 -0.00233836 1.52518e-05 7.2218e-05 -0.000394018 0.0318819
0.693336 0.692873 -0.0143017 0.590303 0.000303792 -0.00864297 0.0236562 -0.999683 0.108851 -0.000580263 0.001724 0.00152884 -8.17671e-05 0.0242987
0.688403 0.75597 -0.0107878 0.587241 -0.000309205 -0.00898858 0.0193607 -0.999772 0.113347 0.000619529 0.0013215 -0.000887672 -0.000199857 0.0164332
0.693672 0.834728 -0.00867676 0.593961 -8.64514e-05 -0.00918321 0.0155487 -0.999837 0.113318 0.00164249 0.00311158 -0.000233069 0.00159936 0.0121496
0.694982 0.890414 -0.00853147 0.592634 -0.000104651 -0.00922862 0.0132845 -0.999869 0.117894 0.0015537 0.00322275 2.47686e-05 -0.00221855 0.0140556
0.6904 0.936673 -0.00889053 0.589799 -0.000182519 -0.00910335 0.0110632 -0.999897 0.121183 0.0013378 0.00867736 0.00118312 0.000150039 0.0124092
0.700548 1.02655 -0.0106409 0.599917 -0.00020173 -0.00906082 0.00855488 -0.999922 0.125783 0.000432109 0.00950951 -0.000119423 0.00117143 0.00495222
0.70416 1.08087 -0.00994626 0.599939 -0.000264134 -0.00907969 0.0071071 -0.999934 0.126443 0.00170064 0.00993009 0.000636203 0.0009464 0.00410084
0.702895 1.15079 -0.012728 0.603453 -3.8431e-05 -0.00911245 0.00516185 -0.999945 0.128594 -0.00104016 0.012175 -0.000378682 0.00032657 0.000371094
0.709915 1.19354 -0.0136482 0.608886 1.96981e-05 -0.00944467 0.00430088 -0.999946 0.12679 -0.000510863 0.00395158 -0.000277037 0.00167093 -0.000745353
0.706027 1.25928 -0.0154359 0.604722 1.86743e-05 -0.00965229 0.00362623 -0.999947 0.127131 -0.000174996 0.00387491 -0.000192153 0.000159991 0.00186959
0.712162 1.34649 -0.0156076 0.614814 -0.000562933 -0.00960361 0.00313446 -0.999949 0.129194 -0.00123829 -0.00161154 -0.00058734 0.000530686 -0.00184993
0.735604 1.42207 -0.0213661 0.636424 -0.000112387 -0.00977196 0.00530439 -0.999938 0.129437 -0.00513624 0.00201685 -0.00793035 -0.00135219 -0.00908213
0.749339 1.47584 -0.0222931 0.65048 0.000606172 -0.00965742 0.00526258 -0.999939 0.129152 -0.00029273 0.00541805 0.0023104 0.000703764 0.00645614
0.76067 1.55152 -0.0204098 0.661579 0.00028648 -0.00988322 0.00158084 -0.99995 0.129532 0.00257028 0.00593099 0.000734639 0.000273973 0.0190381
0.770164 1.61808 -0.0160764 0.669191 -9.07385e-05 -0.00996807 -0.0032185 -0.999945 0.131834 0.00420509 0.00605205 0.00445447 0.00227275 0.0159954
0.769275 1.67437 -0.0139707 0.666529 -0.000229991 -0.0100603 -0.00545368 -0.999935 0.133597 0.00242728 0.00608618 -0.000906701 0.000941025 0.00593703
0.763242 1.75046 -0.0117826 0.661259 -0.000515642 -0.0100266 -0.00690471 -0.999926 0.135379 0.00168842 0.00230538 0.0024556 -0.00241598 -0.00487083
0.749844 1.84743 -0.0103822 0.646844 -0.000430467 -0.00981413 -0.00361544 -0.999945 0.137982 8.56998e-05 0.00265266 -0.000308068 0.000817592 -0.012577
0.749639 1.93486 -0.00932522 0.646913 -0.000357111 -0.00996066 -0.000325542 -0.99995 0.139229 0.0012444 0.00308973 0.000851301 0.000685359 -0.00587472
0.749338 1.9942 -0.0100563 0.647741 -0.000409873 -0.00995942 0.000545549 -0.99995 0.140733 0.000931921 0.00375767 -0.000261954 -0.000273392 -0.0041782
0.750997 2.05336 -0.0118123 0.649035 -0.000159798 -0.00993537 0.000834381 -0.99995 0.141888 0.00128522 0.003489 0.000203346 -0.000226239 -0.000660341
0.754526 2.14589 -0.0155801 0.6555 -0.000247374 -0.0100414 0.000114513 -0.99995 0.142006 0.0006715 0.00464653 0.000243899 0.00106294 0.00107652
0.762733 2.22473 -0.0196715 0.662148 -0.000162076 -0.0100181 -3.91123e-05 -0.99995 0.143922 -0.00066395 0.00387459 -0.000110681 -0.000462007 0.000100528
0.772444 2.29944 -0.0196904 0.671328 -0.000214751 -0.00998828 -1.87132e-05 -0.99995 0.144797 0.000415574 0.0114947 0.000739052 -4.72878e-05 -0.000199859
0.768892 2.3685 -0.0183601 0.669014 -0.000298297 -0.00980302 1.38663e-05 -0.999952 0.147273 0.00115641 0.0122287 0.00023694 -0.000756027 -0.00015344
0.778239 2.42317 -0.0183287 0.679916 -0.00029663 -0.00983231 2.68054e-05 -0.999952 0.146546 0.000837093 0.0128892 -0.000284775 0.00116313 -0.000173664
0.788929 2.48105 -0.0182779 0.68833 -0.000270812 -0.00997407 3.91966e-05 -0.99995 0.145771 0.00100109 0.0122453 0.000473885 0.000180722 -0.0001325
0.781857 2.58871 -0.0212482 0.681158 4.10207e-05 -0.00989464 -2.33072e-05 -0.999951 0.14548 -5.66951e-06 0.00833087 -0.0021572 -0.00101558 0.00171253
0.784273 2.6463 -0.0237747 0.684903 6.84221e-05 -0.00991334 -0.0009757 -0.99995 0.144059 0.000410654 0.00854393 -0.000387303 0.00140977 0.00701518
0.788036 2.71967 -0.0264788 0.687447 8.84659e-05 -0.00993312 -0.00209099 -0.999949 0.143833 0.000486997 0.0181301 3.63562e-05 -0.000857841 0.011836
0.795525 2.77779 -0.0279769 0.694911 5.60405e-05 -0.0100206 -0.00469234 -0.999939 0.14313 0.000353193 0.0197211 7.77706e-05 0.00045677 0.00992245
0.786634 2.83641 -0.0291716 0.682507 0.000102388 -0.0100771 -0.00553426 -0.999934 0.143208 5.09957e-05 0.0198016 -0.000666518 4.01408e-05 0.00716846
0.781092 2.89269 -0.0300191 0.682923 -7.74758e-05 -0.0100407 -0.00618905 -0.999931 0.143699 -0.000302691 0.0273372 0.00098269 0.000380484 0.00680219
0.794968 2.95506 -0.0273084 0.69948 -0.000158039 -0.010073 -0.00669857 -0.999927 0.144501 0.000183692 0.0252423 0.000267347 -0.000548641 0.00202655
0.809191 3.06664 -0.025153 0.708137 -0.00142621 -0.00907751 -0.00574887 -0.999941 0.141335 -0.00375215 0.026202 0.000327142 -0.000192847 -0.0202887
0.802766 3.12638 -0.0257715 0.700527 -0.00104242 -0.00941398 0.000959726 -0.999955 0.13889 -0.00771923 0.0275664 -0.000971718 0.000151882 -0.0428581
0.769878 3.17516 -0.0264557 0.708556 -0.000901854 -0.00956912 0.00833382 -0.999919 0.137562 -0.00805272 0.0283252 0.000567282 0.00102235 -0.0447436
0.735605 3.23794 -0.0268633 0.730253 -0.000359206 -0.0100693 0.0171814 -0.999802 0.137605 -0.00553426 0.033052 0.000921332 0.00127904 -0.0302962
0.70414 3.29586 -0.0291051 0.754692 -0.000544643 -0.0102348 0.021889 -0.999708 0.138123 -0.00498762 0.0324598 -0.000643578 -0.000235995 -0.0130888
0.67523 3.35095 -0.0353451 0.769673 -0.000314956 -0.0102168 0.0241178 -0.999657 0.13902 -0.00793196 0.0307448 -0.00489778 -0.00130981 -0.00784351
0.629862 3.4166 -0.0365711 0.783613 0.000792845 -0.00951137 0.0235983 -0.999676 0.142126 -0.00119173 0.0258918 0.0029684 -0.00143547 0.0173083
0.590238 3.48147 -0.0361385 0.799563 0.000321547 -0.00945372 0.0181978 -0.99979 0.143236 0.00163092 0.0260156 0.000120969 -0.000333426 0.0307618
0.53208 3.58581 -0.0358543 0.828171 -0.000167053 0.0013983 0.0060023 -0.999981 0.112844 0.00196931 -0.00453353 0.000314049 -0.0374113 0.050229
0.514705 3.62114 -0.03674 0.823546 -0.00014305 0.00173186 -0.00722587 -0.999972 0.0621922 0.000144794 -0.000970981 -0.000473266 -0.00145551 0.0791993
0.505883 3.64177 -0.0363493 0.823914 -0.000120127 0.00235869 -0.0229622 -0.999734 0.0360025 -4.00745e-05 0.000549624 0.000925532 -0.00497801 0.0797625
0.502053 3.65192 -0.0353542 0.832743 0.000227003 0.00298131 -0.0386145 -0.99925 0.0151114 -0.000203391 -0.00524187 -0.0139033 -0.000379764 0.0992173
0.496478 3.64943 -0.0303573 0.843011 0.00109315 0.00306069 -0.164612 -0.986353 -0.00512136 0.0100846 -0.0202722 0.00596503 -0.00385539 0.513685
0.495229 3.64038 -0.0303628 0.846774 0.00072131 0.00302266 -0.260778 -0.965394 -0.0116794 0.00400787 -0.0258923 0.0020837 0.00279083 0.495579
0.499935 3.62669 -0.0300601 0.845912 0.000216091 0.00214621 -0.344858 -0.938653 -0.0137055 -0.00123998 -0.0251263 0.0200104 0.00133795 0.37215
0.516273 3.61393 -0.0325402 0.833572 -0.0016031 0.000988222 -0.373352 -0.927688 -0.00552897 -0.0135035 -0.0157292 -0.00508182 0.00290832 -0.0799589
0.520051 3.60112 -0.0380845 0.817661 -0.000233523 0.000887744 -0.338155 -0.94109 -0.00261095 -0.0174319 0.00391885 -0.00600887 0.00271363 -0.265144
0.521383 3.59069 -0.0421413 0.809977 0.000565906 0.000961717 -0.279836 -0.960047 -0.00354767 -0.0122656 0.0104032 -0.0010079 0.00118774 -0.262789
0.523827 3.58385 -0.0419687 0.81238 0.000890342 0.001064 -0.236089 -0.97173 -0.00461685 -0.00643346 0.0100838 0.000396784 0.000362489 -0.184532
0.530302 3.5749 -0.0396957 0.806388 0.000464571 0.000712242 -0.20915 -0.977883 -0.00623677 -0.00277235 0.0128424 0.00226749 0.00192402 -0.110803
0.534346 3.5672 -0.0390851 0.813823 0.000293792 0.000343961 -0.19082 -0.981625 -0.00497061 -0.00255824 0.0120154 0.00393164 0.0102011 -0.0754199
0.537351 3.56677 -0.0365444 0.817149 0.000751555 -0.00502321 -0.178949 -0.983845 0.0329437 0.0043668 0.00170713 -0.0324488 -0.113721 -0.0249018
0.537743 3.57237 -0.0331395 0.810847 0.00104217 0.000907336 -0.196777 -0.980447 0.0146914 0.00513835 0.00236711 0.0055104 0.0126677 0.208304
0.539535 3.57438 -0.0300301 0.810684 0.000196345 1.08136e-05 -0.246746 -0.96908 0.00687636 0.00267881 0.00263617 0.00377455 -0.00108848 0.304798
0.54185 3.57395 -0.0265285 0.809286 -0.00035096 -0.000164635 -0.311702 -0.95018 0.00214106 -0.00220219 0.0030249 0.00308225 0.000195903 0.288209
0.548969 3.57186 -0.0205748 0.810688 -0.0010447 -0.000333042 -0.377443 -0.926032 0.000135651 -0.00713795 0.00522204 0.00156 -0.000513079 0.202694
0.552017 3.57069 -0.0181765 0.805025 -0.00115578 -0.000314062 -0.41709 -0.908865 -0.000896989 -0.010574 0.0117697 0.000136725 0.000169103 0.147692
0.551992 3.57118 -0.0179173 0.815322 -0.00124003 -0.000316831 -0.441968 -0.89703 -0.00129176 -0.0121143 0.00197916 -0.000338436 -0.000216244 0.122767
0.553391 3.57352 -0.015672 0.80167 -0.00116374 -3.88641e-05 -0.46319 -0.886258 -0.00187329 -0.0111726 0.0128887 -0.00075985 -0.00240538 0.117516
0.549845 3.57761 -0.0147237 0.81862 -0.00124059 0.000312334 -0.485897 -0.874015 -0.00296549 -0.0111688 0.000925885 -0.000564887 -0.00165913 0.128788
0.538611 3.58339 -0.0143718 0.825877 -0.00123488 0.000778158 -0.511376 -0.859356 -0.00443178 -0.011518 -0.0131007 -0.000985591 -0.00121303 0.119311
0.538875 3.58718 -0.0169753 0.825049 -0.00120745 0.000887342 -0.532583 -0.846377 -0.00647387 -0.0124585 -0.00956313 0.00431791 0.000508965 0.0850895
0.53239 3.58912 -0.0233996 0.828017 -0.00122165 0.000444985 -0.536262 -0.844051 -0.0054356 -0.0140933 -0.0165548 -0.00285666 0.00182329 -0.0461955
0.534171 3.59063 -0.0284803 0.81651 -0.000694865 0.000566219 -0.523992 -0.851723 -0.00600526 -0.012276 -0.00291948 -0.00174751 0.000378364 -0.0975435
0.527844 3.59191 -0.0345703 0.82272 -0.000215293 0.000650658 -0.505339 -0.862921 -0.00803259 -0.00989071 -0.00508518 -0.0019993 0.000186593 -0.111329
0.523634 3.5934 -0.0377281 0.832784 4.48604e-05 0.000838609 -0.487508 -0.873118 -0.00968384 -0.00663178 -0.0168893 -0.0013985 -0.000722567 -0.100393
0.517901 3.59522 -0.0440911 0.836114 0.000610028 0.000231938 -0.46894 -0.88323 -0.0114861 -0.00554511 0.0271205 0.0176828 0.0623704 -0.0796274
0.499107 3.59817 -0.0418138 0.868139 0.00354488 -0.00832611 -0.459162 -0.888306 0.0164601 0.025626 0.0663474 -0.00232389 -0.0166838 -0.0387568
0.467561 3.60906 -0.0277341 0.900908 0.00278992 -0.00653482 -0.455252 -0.890334 0.0313033 0.0424928 0.065415 0.000403399 -0.00107843 -0.00984905
0.433971 3.6269 -0.00921943 0.929268 0.00294005 -0.00653536 -0.454515 -0.89071 0.0382716 0.0479392 0.0634762 -0.000656403 0.000489979 -0.00365119
0.411297 3.6468 0.0176725 0.938437 -0.00223188 0.00190527 -0.45061 -0.892716 0.0309663 0.0361889 -0.00425758 0.00627102 -0.0391502 -0.0816131
0.403525 3.65982 0.0321344 0.940557 -0.00169349 0.00157303 -0.42474 -0.905312 0.0102347 0.00176419 -0.00383648 -0.00469847 0.00541329 -0.204738
0.407682 3.66864 0.041608 0.927689 -0.0012543 0.0016085 -0.373556 -0.927605 -0.00424589 -0.014075 0.00512209 -0.000618054 -0.000534699 -0.222686
0.407332 3.67191 0.0452466 0.930773 -0.00149816 0.00164873 -0.327327 -0.944908 -0.0120051 -0.0204692 0.00836295 0.00527866 -0.000232016 -0.200668
0.400013 3.67129 0.0435617 0.937116 -0.00183766 0.00134626 -0.27763 -0.960685 -0.0141304 -0.0257239 -0.00183057 -0.0020823 6.28946e-05 -0.265044
0.398059 3.66932 0.0377764 0.938408 -0.00135588 0.00136795 -0.197094 -0.980383 -0.0161279 -0.024941 -0.00496044 -0.00153637 -0.00021235 -0.247411
0.400473 3.66669 0.0350719 0.939755 0.00167839 -0.00106575 -0.156739 -0.987638 -0.0117405 -0.0121243 -0.00799173 -0.00325786 -0.00133837 -0.131766
0.396664 3.66599 0.0359796 0.943516 -0.00230328 0.00200389 -0.137249 -0.990532 -0.0121537 -0.00911446 -0.00695542 0.00343367 0.000749606 -0.089265
0.403847 3.66456 0.0328232 0.933919 0.000314667 0.000253713 -0.111498 -0.993765 -0.00416421 0.00273381 -0.0087056 0.00300647 -0.00246593 -0.0161414
0.413068 3.6614 0.0314103 0.926422 -0.00295822 0.00219681 -0.105501 -0.994412 -0.00814142 -0.00330151 0.00922621 0.000149864 0.00401201 -0.0600403
0.40809 3.65573 0.0261818 0.937536 -0.00238432 0.00142255 -0.0830465 -0.996542 -0.00958438 -0.00864855 0.00163709 -0.00196665 0.00151187 -0.123537
0.406057 3.64577 0.0166956 0.942142 -0.00201452 0.000857069 -0.0532038 -0.998581 -0.00932951 -0.00839218 -0.00723264 -0.00392726 0.00354429 -0.126157
0.413559 3.64045 0.00158764 0.935993 -0.000859932 -0.00153942 -0.0246976 -0.999693 -0.00430074 -0.00471268 -0.00129484 -0.00490828 0.100627 -0.101399
0.454985 3.66373 -0.0165262 0.878102 -0.000458794 -0.00715094 -0.00764889 -0.999945 0.067783 0.00739848 -0.00065413 0.000766691 -0.00122028 0.0053579
0.456127 3.69029 -0.0240388 0.87126 -0.000601534 -0.00700801 -0.00894929 -0.999935 0.0771151 0.00721862 9.21581e-05 -0.000173752 -9.70396e-06 0.0147867
0.445864 3.72508 -0.0317127 0.873946 -0.00137221 -0.00685608 -0.0107889 -0.999917 0.0824692 0.00476684 -0.0104498 0.00138171 -0.000373092 0.00791235
0.41446 3.75738 -0.038377 0.874354 -0.00123484 -0.00707223 -0.0101823 -0.999922 0.0852414 0.00178861 -0.0109701 -0.0013961 0.00102432 -0.00635483
0.369848 3.82997 -0.0566421 0.873899 -0.000934236 -0.00755946 -0.00432743 -0.999962 0.0897637 -0.00169611 -0.0128507 -0.00070363 0.00180406 -0.0109969
0.351383 3.86941 -0.0674635 0.870531 0.000750767 0.00244502 -0.00176271 -0.999995 0.0574314 0.00253259 0.00166013 0.00159154 0.016379 -0.00180414
0.339087 3.89321 -0.0763978 0.869066 0.000909343 -0.000294661 -0.00138908 -0.999999 0.0334464 0.00592173 0.00302801 0.000308301 0.00353105 0.00418687
0.328082 3.9081 -0.0830685 0.875889 0.00112849 -0.000970224 -0.00156968 -0.999998 0.0246926 0.00766228 0.00378597 -0.000482238 0.00217651 0.00473811
0.32237 3.92178 -0.0851643 0.885455 0.001359 -0.00113572 -0.00165557 -0.999997 0.0215828 0.0100933 0.00432038 3.49338e-05 -0.000108526 0.00485875
0.319371 3.93461 -0.0848378 0.895837 0.00148261 -0.00137896 -0.00189619 -0.999996 0.0205422 0.0113927 0.0042479 -0.000472029 -0.000253278 0.00465725
0.321585 3.9471 -0.0806976 0.903401 0.00156495 -0.00129314 -0.00217393 -0.999996 0.0204645 0.0130109 0.00391978 -0.000254379 -0.000745953 0.0037787
0.324873 3.9616 -0.0764215 0.912578 0.00163732 -0.00118617 -0.00233409 -0.999995 0.020209 0.0129581 0.00332284 -0.000996114 -0.000264799 0.00302431
0.329463 3.97404 -0.0713393 0.915452 0.00162593 -0.00132192 -0.00257547 -0.999995 0.0204478 0.0130422 0.00648152 -7.76132e-05 -0.000386241 0.00239595
0.339383 3.98661 -0.0620369 0.920782 0.0016023 -0.00122362 -0.0025509 -0.999995 0.0198556 0.0134483 0.00701078 -0.000616724 -0.000364771 0.00225347
0.358624 4.00781 -0.0454746 0.915951 0.0016214 -0.00115002 -0.00248671 -0.999995 0.0180257 0.0129792 0.00580819 -0.000551793 -0.000211259 0.0028485
0.366671 4.01789 -0.0390719 0.918516 0.00135453 -0.00114433 -0.00255861 -0.999995 0.0172248 0.0108198 0.00460152 -0.00132163 0.000127475 0.00265805
0.375812 4.02941 -0.0291683 0.916537 0.00132319 -0.00104604 -0.00253863 -0.999995 0.0172616 0.0108979 0.00386178 0.000335198 -0.000609689 0.00273474
0.390951 4.0476 -0.0133088 0.911251 0.00123929 -0.000885356 -0.00273171 -0.999995 0.0162438 0.00998108 0.00380165 -0.000700447 -6.5753e-05 0.00185122
0.401187 4.06651 0.000928042 0.900416 0.000495492 -0.000127928 -0.00261875 -0.999996 0.0135522 0.00630379 -0.0120185 -0.000540576 0.000337356 0.0021938
0.403958 4.07275 0.00921555 0.884118 -0.00030551 -0.000157209 0.000921414 -1 0.011173 0.00387297 0.00341081 0.00303612 -0.00233415 -0.0429918
0.429195 4.07603 0.0123952 0.873991 -0.000531048 6.28191e-05 0.0146816 -0.999892 0.00851731 -0.000605691 0.0285699 0.000707697 -0.000352665 -0.0908717
0.419862 4.07957 0.0130559 0.885228 -0.000424982 0.000305523 0.0393197 -0.999227 0.00625141 -0.00359979 0.0191618 -0.00111083 -0.000841196 -0.122538
0.407165 4.08291 0.0131622 0.898231 -0.000276374 0.000505457 0.064131 -0.997941 0.00465403 -0.00377231 0.00449923 9.44285e-05 -0.00155741 -0.116074
0.398351 4.08557 0.0137883 0.905841 -0.000356359 0.000755408 0.0854797 -0.996339 0.00279259 -0.00314504 -0.00485607 0.000974339 -0.000936775 -0.0978425
0.392446 4.08752 0.015335 0.910904 0.000524184 6.38866e-05 0.105739 -0.994394 0.00535583 0.00214262 -0.00978786 0.00180463 -0.00118688 -0.0158362
0.393361 4.08883 0.0171306 0.909609 0.000162053 0.000200818 0.106743 -0.994287 0.0055292 0.00288506 -0.0114137 0.000860563 -0.000248903 0.00341787
0.39543 4.09012 0.0183996 0.9066 7.91787e-05 0.000212356 0.106239 -0.994341 0.00536341 0.00218697 -0.0113362 0.000129455 -0.000504793 0.00490304
0.400586 4.09186 0.0193526 0.901208 9.48662e-05 0.000289227 0.105875 -0.994379 0.00512857 0.00141725 -0.0105659 -4.13147e-05 1.03801e-05 0.00411454
0.402931 4.09153 0.019536 0.898178 -0.000641704 0.00157592 0.101749 -0.994809 -0.000431159 -0.00178496 0.000316824 -0.00250896 0.00169213 0.0540088
0.402006 4.08801 0.0198733 0.90291 -0.000763644 0.00118217 0.073707 -0.997279 -0.00501605 -0.00392671 -0.000713634 0.000846932 0.000813027 0.0996591
0.393427 4.08453 0.0192109 0.910018 -0.000856208 0.00104553 0.0551379 -0.998478 -0.00528269 -0.00510646 -0.00907897 0.000388199 0.000625288 0.0893798
0.38848 4.07992 0.0175807 0.913746 2.14953e-07 0.000142791 0.0407711 -0.999169 -0.00271683 -0.00301041 -0.0117862 0.0029477 -0.00021045 0.0463575
0.389369 4.07599 0.0157973 0.912068 -0.0001694 0.000435629 0.0360844 -0.999349 -0.00064669 -0.00140738 -0.0133251 -0.000423111 -0.000577398 0.00633007
0.39209 4.07307 0.0143705 0.907623 -8.08949e-05 0.000462705 0.0359053 -0.999355 -0.000312947 -0.000117493 -0.0135163 0.00015016 -0.000279701 -0.0012672
0.405283 4.07083 0.0121633 0.893864 -4.70648e-05 0.000490474 0.0363491 -0.999339 -0.000440116 -9.86606e-05 -0.0123427 -9.38607e-05 0.000171685 -0.000936035
0.409418 4.0699 0.0102784 0.895295 -0.000762742 -0.00975022 0.0369866 -0.999268 0.0319425 -0.00350705 0.0478323 -0.000441091 -0.0120497 -0.00467857
0.407969 4.08621 0.00556705 0.897573 -0.000517827 -0.00714867 0.0388523 -0.999219 0.05839 -0.00702039 0.0478018 -0.000627159 -0.00137019 -0.00819626
0.393062 4.11201 0.00132951 0.918407 -0.000464472 -0.00711955 0.0409323 -0.999137 0.0683692 -0.00770427 0.0472003 -3.54099e-05 -0.000287902 -0.00801907
0.38751 4.14635 -0.00217374 0.924511 -0.000207748 0.00302496 0.042533 -0.99909 0.0441423 -0.00560598 -0.0111107 -0.000283779 0.00544272 -0.00290487
0.399568 4.16889 -0.00522156 0.915563 -4.46137e-05 -0.000230398 0.043108 -0.99907 0.0222599 -0.00280114 -0.012826 0.000674188 0.00251038 0.000947204
0.414658 4.18445 -0.00750814 0.893301 -1.75426e-05 -0.000312292 0.0430017 -0.999075 0.0160536 -0.00124673 -0.0100127 0.000424537 0.00162007 0.00162302
0.428305 4.21058 -0.00967227 0.904911 -0.000412061 -0.00811724 0.03889 -0.99921 0.0627568 -0.00128901 0.0499981 0.00332133 -0.00579376 0.0228663
0.42151 4.24555 -0.0112069 0.925712 -0.000421719 -0.00736477 0.0354615 -0.999344 0.0787773 -0.00429053 0.048847 -0.00043965 -0.0015063 0.0104357
0.417137 4.31134 -0.0153064 0.963942 -0.000297966 -0.00734229 0.0339893 -0.999395 0.0887652 -0.00509617 0.0495033 -0.00705161 -0.00491458 0.00245522
0.41641 4.35782 -0.0187122 0.998574 0.000476495 -0.0067776 0.0318294 -0.99947 0.0901192 -0.00117964 0.0508867 0.00146317 0.00168182 0.0199797
0.422936 4.39662 -0.0192435 1.0275 0.000194933 -0.00704306 0.0270303 -0.99961 0.0914282 0.000809646 0.0513086 0.000788288 0.00129979 0.0286017
0.436964 4.44247 -0.0193937 1.05541 6.83549e-05 -0.00727755 0.0210042 -0.999753 0.0936013 0.0014169 0.0508794 9.48758e-05 0.00106361 0.0274101
0.458436 4.48861 -0.0202678 1.08266 0.000387768 -0.00685675 0.0148487 -0.999866 0.093426 0.00268814 0.0619979 0.000303357 0.0023009 0.030052
0.484726 4.5345 -0.021037 1.10888 0.000255605 -0.00721268 0.00807791 -0.999941 0.0945561 0.00363535 0.0633267 0.000207342 0.000631225 0.0310749
0.517985 4.58323 -0.0226562 1.1299 0.000119731 -0.00754583 0.00203687 -0.999969 0.0971147 0.00348674 0.0133939 0.00909799 0.0158734 0.0277593
0.562863 4.63236 -0.0241427 1.12378 -0.000620683 -0.00857341 -0.00129631 -0.999962 0.107064 -0.000835955 -0.00455902 -0.00177264 -0.00436099 0.00438301
0.6189 4.6846 -0.0251729 1.12954 -0.000404911 -0.00831624 -0.00054007 -0.999965 0.11225 -0.00215541 -0.00324656 -0.000387621 -0.00021462 -0.00956408
0.667144 4.74032 -0.026617 1.14353 0.000689852 -0.00729268 0.00149149 -0.999972 0.113399 -0.000154421 0.0486669 -0.00394567 -0.002202 -0.00303641
0.708777 4.79166 -0.0266264 1.15643 0.000502813 -0.00764549 -0.000352601 -0.999971 0.112286 0.0042759 0.0492133 0.00149641 0.000816521 0.0196946
0.749168 4.83699 -0.0261368 1.17373 0.000324122 -0.00777167 -0.00454651 -0.999959 0.113077 0.00531889 0.0489371 0.000749201 0.000744068 0.025636
0.826044 4.9234 -0.0242124 1.20592 0.000214738 -0.00798253 -0.0129212 -0.999885 0.116015 0.00552498 0.0494335 -0.000230529 -0.000143049 0.0200893
0.872212 4.97462 -0.0229302 1.22027 -0.000191178 -0.0079337 -0.016213 -0.999837 0.117946 0.00465736 0.0635065 0.000668507 0.000554398 0.0124636
0.936776 5.04381 -0.0212155 1.25678 -8.31366e-05 -0.00808012 -0.0177494 -0.99981 0.119264 0.00347944 0.0631187 -0.000306185 -0.000153346 -0.000201548
0.981138 5.09508 -0.0204237 1.29547 -0.00152789 -0.00694784 -0.0156335 -0.999853 0.117286 -0.00165959 0.0585863 -0.00154431 0.00117308 -0.0282782
0.978158 5.15002 -0.0225047 1.32795 -0.00105483 -0.0072658 -0.00698087 -0.999949 0.116085 -0.00589286 0.0588447 -0.00100693 0.000847544 -0.0506682
0.97011 5.24607 -0.0308105 1.37842 -0.000714488 -0.0075527 0.0126398 -0.999891 0.116814 -0.00842779 0.0610302 9.50557e-05 0.000873959 -0.0427634
0.967836 5.31907 -0.0357105 1.42275 -0.00057552 -0.00681067 0.0242905 -0.999682 0.117613 -0.00857776 0.0149667 -0.00780254 -0.0639668 -0.0298229
0.962979 5.35835 -0.0373963 1.42712 0.000471743 0.00273481 0.0213864 -0.999767 0.0704388 -0.00168124 -0.0100749 0.00282089 0.00611899 0.0570398
0.962987 5.37967 -0.0377438 1.42654 1.12603e-05 0.00245231 0.00439857 -0.999987 0.0378461 0.000569215 -0.0110807 0.000661724 -0.00258682 0.0928549
0.962181 5.3899 -0.0392954 1.42909 0.000176434 0.00290057 -0.0175368 -0.999842 0.0175347 0.000310317 -0.0108639 -0.0012299 -0.000639969 0.0864725
0.965937 5.39419 -0.0391895 1.45669 0.00120224 -0.0112769 -0.0351017 -0.999319 0.0451292 0.00536468 0.061401 0.00228779 0.00541285 0.0663891
0.964114 5.41858 -0.0357969 1.44099 0.000343405 -0.00568052 -0.0484248 -0.998811 0.0817504 0.00907782 0.00680391 0.0146397 -0.0873263 0.044854
0.968797 5.45153 -0.031121 1.44948 -0.000825552 -0.00200785 -0.0371435 -0.999308 0.0311549 -0.00266301 0.0335918 0.0125946 0.126932 -0.0735634
0.947943 5.48488 -0.0341103 1.4772 -0.000575399 -0.0084412 -0.0179956 -0.999802 0.0853617 -0.00421535 0.0312748 -0.0001718 -0.00665596 -0.0493397
0.921134 5.51912 -0.0363019 1.49854 -0.000556028 -0.00810246 -0.00966828 -0.99992 0.0950486 -0.00445729 0.0302472 0.000255408 -0.000297005 -0.035874
0.886825 5.5616 -0.0372718 1.51892 -0.000822537 -0.00811439 -0.00260712 -0.999963 0.0995865 -0.00486851 0.0216556 0.000705254 -0.000133757 -0.0313707
0.841774 5.60939 -0.0398368 1.52748 -0.000727367 -0.00829231 0.00427394 -0.999956 0.101901 -0.00620912 0.0214891 -0.000123043 0.0010437 -0.0307648
0.778973 5.69004 -0.043336 1.55631 0.000438048 -0.00869072 0.0088634 -0.999923 0.106338 -0.000229924 0.0227178 0.00149303 -7.37227e-05 0.00727477
0.726994 5.75791 -0.0435399 1.57985 -0.00107645 -0.00815823 0.00604618 -0.999948 0.107966 -0.00252902 0.0444362 0.000305482 0.000689571 0.00381548
0.679704 5.81487 -0.0466022 1.59762 -0.000678331 -0.00852421 0.00804352 -0.999931 0.107427 -0.00728942 0.0457592 -0.00122211 0.000725601 -0.0191006
0.643067 5.87265 -0.0491171 1.61522 -0.00120634 -0.00781185 0.0132422 -0.999881 0.106139 -0.0100944 0.0539376 0.000253298 9.95024e-05 -0.0342196
0.563673 5.99948 -0.0539373 1.65333 0.000849977 -0.00918499 0.0305827 -0.99949 0.111684 -0.0063389 0.0356905 0.0020554 -0.00301344 -0.00894696
0.531947 6.05827 -0.0560746 1.6728 0.000428109 -0.00898392 0.0286121 -0.99955 0.114865 -0.00285587 0.0361211 0.00128142 0.000282058 0.0213573
0.502937 6.16667 -0.0567975 1.72548 -0.000483629 -0.00713164 0.0195013 -0.999784 0.115341 -0.00361145 0.0944512 0.00261682 -0.00686003 0.0165967
0.519138 6.27651 -0.0595996 1.79695 -0.000244447 -0.00765933 0.0195867 -0.999779 0.109763 -0.00635829 0.0959345 0.000371641 -0.000298449 -0.00965464
0.556097 6.33396 -0.0598088 1.85175 0.000181781 -0.00752989 0.0216239 -0.999738 0.110787 -0.00551035 0.0916961 -0.00921874 -0.00296443 -0.0060804
0.634519 6.43503 -0.0589041 1.94329 0.000225882 -0.00744666 0.0160908 -0.999843 0.111284 5.63534e-06 0.0629847 0.00304505 0.0100658 0.0259884
0.671748 6.52717 -0.0584782 1.96794 -0.000410461 -0.00909957 0.0116161 -0.999891 0.128324 -0.00377433 0.0297854 -0.000619044 -0.00172303 -0.000754214
0.688981 6.60906 -0.0595618 1.97536 -0.000505885 -0.00906696 0.0129933 -0.999874 0.13205 -0.00413347 0.00513092 0.00208794 0.00116104 -0.00762408
0.701962 6.66975 -0.0610697 1.96824 0.00110776 -0.00807096 0.0147361 -0.999858 0.133002 -0.00252113 -0.0426433 -0.0138732 -0.0123658 0.00070777
0.708087 6.73707 -0.0597272 1.95454 0.000931783 -0.00792268 0.00756431 -0.99994 0.127697 0.00691404 -0.0434639 0.00203031 0.00194468 0.0459362
0.717006 6.79573 -0.0584022 1.93742 0.000317176 -0.00808348 -0.00324885 -0.999962 0.125932 0.00692152 -0.0589273 -0.000677182 0.00143604 0.0446166
0.725282 6.85363 -0.0568321 1.91479 0.000341382 -0.00826445 -0.0126342 -0.999886 0.125792 0.00696634 -0.0596639 -0.000240712 0.000581763 0.0336749
0.73397 6.90978 -0.0532762 1.89012 0.000557323 -0.00811892 -0.0192046 -0.999782 0.126456 0.00920206 -0.0577975 0.000302313 -8.58554e-05 0.0320387
0.759652 6.98767 -0.0491873 1.86049 0.000580179 -0.00807572 -0.0292112 -0.999541 0.126409 0.0109918 -0.0585574 -0.000359492 0.000810379 0.0319803
0.754293 7.03833 -0.0455705 1.79801 0.000531452 -0.00821321 -0.0357602 -0.999327 0.126481 0.0122228 -0.0550862 -0.00141144 -0.000431942 0.0309
0.768948 7.09947 -0.0414119 1.75881 -0.00171976 -0.0075428 -0.0422797 -0.999076 0.126697 0.00928041 -0.0565836 0.00812986 -0.00371562 0.00848374
0.801042 7.15807 -0.041712 1.73608 -0.000879502 -0.00786488 -0.0372348 -0.999275 0.12383 -0.000400106 -0.0613089 -0.0178883 0.0105509 -0.0443428
0.837904 7.21611 -0.0395753 1.71597 0.000542137 -0.00858525 -0.0298013 -0.999519 0.127022 0.0066448 -0.0631302 0.00230983 -0.00189758 -0.0160348
0.878329 7.29452 -0.0331138 1.66578 -0.000136062 -0.00877706 -0.0298538 -0.999516 0.127079 0.00908707 -0.0632534 0.000742687 0.000715693 0.00602906
0.923949 7.37079 -0.0293875 1.63585 -0.000105491 -0.00870046 -0.0310497 -0.99948 0.128766 0.00792793 -0.0639581 -0.000494265 0.000381311 0.000636961
0.973249 7.463 -0.0278587 1.59697 -0.00095977 -0.00821699 -0.0288101 -0.999551 0.126123 0.00209671 -0.0596887 -0.0017736 0.00133891 -0.0231668
0.97942 7.55102 -0.0283253 1.56897 -3.05166e-05 -0.00915254 -0.0182507 -0.999792 0.125809 -7.12464e-05 -0.0312171 -0.00872238 0.0131368 -0.0308756
0.974917 7.6105 -0.0297671 1.56393 0.000234387 -0.00946278 -0.0143109 -0.999853 0.131442 0.00295258 -0.0341268 0.00107093 -0.00140641 -0.00753954
0.976007 7.67037 -0.0274867 1.55509 -0.000386915 -0.0090176 -0.0139386 -0.999862 0.132734 0.00405134 -0.0570849 0.00547393 -0.00734234 -0.000163429
0.981371 7.73118 -0.0260876 1.51929 -0.000491618 -0.00879759 -0.0126881 -0.999881 0.130473 0.00142458 -0.0559889 -0.000671288 0.00117882 -0.0113007
0.98711 7.79195 -0.024384 1.49386 -0.000939114 -0.00854569 -0.00954011 -0.999918 0.129678 -8.23273e-06 -0.0531329 0.000538483 -0.00034487 -0.020784
0.992205 7.84884 -0.0242206 1.49095 -0.000267773 0.00172067 -0.00310428 -0.999994 0.107613 -0.000488833 0.00103684 0.000619381 -0.0441156 -0.0457783
0.997152 7.88948 -0.024314 1.4858 -0.00130997 -0.0106308 0.0105914 -0.999887 0.0831737 -0.0019988 -0.0603479 -0.0014432 0.0463308 -0.066871
0.976622 7.93848 -0.0270787 1.46721 -0.000293286 -0.00970152 0.0222126 -0.999706 0.113606 -0.00339577 -0.054969 -0.00160915 -0.00229099 -0.0396213
0.977212 7.99114 -0.0290676 1.44176 -0.000700121 -0.00903132 0.0274589 -0.999582 0.12294 -0.0024791 -0.0572285 0.00193519 -0.0024436 -0.0135951
0.975641 8.06457 -0.0351918 1.40379 0.000127159 -0.00892228 0.0296294 -0.999521 0.125422 -0.00190912 -0.051939 0.000507551 0.000223694 0.00224702
0.973984 8.12272 -0.0408889 1.37678 -0.00194278 -0.00805855 0.0298261 -0.999521 0.123073 -0.0082161 -0.0523812 -0.00226199 0.000938209 -0.0168746
0.976231 8.20296 -0.0523136 1.31586 -0.00105 -0.00717449 0.0413267 -0.999119 0.121553 -0.0146209 -0.00445883 -0.0146508 -0.0774049 -0.050455
0.96964 8.2463 -0.0593506 1.30842 -0.00116923 -0.0049026 0.0522352 -0.998622 0.0821975 -0.00860662 -0.0486263 0.0142616 0.119498 -0.0581184
0.972047 8.32563 -0.0696772 1.26182 -9.05018e-05 -0.00989222 0.0670433 -0.997701 0.118201 -0.0100114 -0.0401019 -0.000639032 -0.00616162 -0.0118853
0.972554 8.40711 -0.0799699 1.22963 -0.000178905 -0.00930938 0.064809 -0.997854 0.122976 -0.00882066 -0.0407959 -0.000161515 0.000784902 0.019595
0.970272 8.47213 -0.0874945 1.21216 -0.000303354 -0.0095304 0.0599638 -0.998155 0.124472 -0.00934891 -0.038086 0.000169297 -0.00014563 0.0192858
0.959887 8.56392 -0.0974966 1.18695 -0.000323828 -0.00956128 0.0547869 -0.998452 0.12624 -0.0102206 -0.0399027 0.000657789 0.000530727 0.0136734
0.892361 8.63904 -0.104881 1.17488 -0.000474551 -0.00975205 0.0522414 -0.998587 0.128152 -0.0113244 -0.0392586 -0.000191197 -0.000147506 0.00651835
0.798457 8.73526 -0.113202 1.17756 0.0001662 -0.00641661 0.0483654 -0.998809 0.124817 -0.00701881 0.001607 0.0120022 -0.107564 0.025577
0.738448 8.78872 -0.117839 1.17524 0.00079527 -0.00407267 0.0395344 -0.99921 0.0742624 -0.00361594 -0.0228671 -0.0169863 0.146808 0.0533536
0.666079 8.87276 -0.116072 1.14705 2.15937e-05 -0.00973168 0.0194843 -0.999763 0.117275 0.00193995 -0.0146822 0.0213895 0.0045135 0.0514807
0.61459 8.93398 -0.117077 1.14154 -0.00120392 -0.00974813 0.0133104 -0.999863 0.127802 -0.00562527 -0.0126828 -0.00266443 -0.00320109 0.00439481
0.507735 9.05029 -0.122891 1.1392 -0.000304492 -0.00942231 0.0167539 -0.999815 0.136078 -0.00482646 -0.0372539 0.000733977 -0.00196566 -0.00732975
0.456683 9.11659 -0.127496 1.09793 -0.000786749 -0.00351763 0.0192774 -0.999808 0.113895 -0.00535536 -0.132585 -0.000695318 0.0110347 -0.0203586
0.442999 9.20044 -0.133654 1.00724 -0.00319405 0.00033708 0.045871 -0.998942 0.0861587 -0.0087196 0.0323881 0.0209125 -0.0160853 -0.356401
0.427295 9.23073 -0.143236 1.00241 -0.000923569 0.00159327 0.178707 -0.983901 0.0541372 -0.0145256 0.0382232 -0.00546184 -0.00851811 -0.669831
0.407173 9.24508 -0.151332 1.00975 -0.00111177 0.00278272 0.344521 -0.938774 0.0289524 -0.00568829 0.0259253 0.000537102 -0.00297377 -0.700497
0.408176 9.24652 -0.157669 1.00863 0.00210437 0.00162436 0.467732 -0.883866 0.0237271 0.0133644 0.0333231 0.00739177 -0.000761107 0.0301333
0.394924 9.24432 -0.155697 1.02832 0.00054511 0.00267154 0.421043 -0.907037 0.018354 0.0187195 0.0106166 0.00524868 -0.000266504 0.294696
0.393523 9.23651 -0.153444 1.03545 -0.00079987 -0.000908167 0.36678 -0.930307 0.0231857 0.00560404 -0.00479335 0.00220717 -0.00906715 0.126633
0.396898 9.23344 -0.152054 1.03218 -0.000128042 -2.84152e-05 0.355126 -0.934819 0.02393 -0.000202257 -0.00462076 -0.00111954 -0.000387608 0.0141033
0.401582 9.22952 -0.152457 1.03166 8.45024e-05 -3.27741e-05 0.355031 -0.934855 0.0224813 -0.000942277 -0.0041244 -0.000249703 -0.000446394 0.00276181
0.401225 9.22806 -0.154368 1.0337 0.00131882 0.00353227 0.347238 -0.93777 0.0103412 0.00623374 0.00379118 -0.00270598 0.00485926 0.107854
0.404776 9.21777 -0.150752 1.03858 0.00101969 0.00233835 0.314322 -0.949313 0.00095231 0.0128352 -0.00115076 0.00193652 0.00389648 0.185455
0.410726 9.21023 -0.144707 1.03547 0.000522282 0.00194709 0.27245 -0.962168 -0.000272833 0.0115926 -0.00280245 0.00180347 0.000826584 0.174561
0.422124 9.19715 -0.140211 1.03532 0.000481545 0.00141336 0.235585 -0.971853 -0.00203853 0.00790483 0.00365028 -0.000203584 0.00270284 0.140539
0.426239 9.18802 -0.138352 1.04046 0.000526318 0.00102344 0.208754 -0.977968 -1.73052e-05 0.00442671 -0.00194154 -0.000804666 0.00123172 0.103803
0.428285 9.17707 -0.13465 1.04787 0.000496569 0.000518291 0.187185 -0.982325 0.00113328 0.00304603 -0.0119298 -0.000698061 0.00290971 0.0826918
0.437393 9.16637 -0.132515 1.04582 0.00051322 -0.000124451 0.167823 -0.985817 0.00302202 0.00138379 -0.0103847 -0.000206387 0.00260653 0.0767119
0.452465 9.16197 -0.127781 1.03267 0.000857532 -0.000532051 0.0778951 -0.996961 0.00970174 0.00657562 0.00508077 0.00568523 -0.00111687 0.357094
0.453067 9.1619 -0.122339 1.02761 -0.00102711 -0.0040431 -0.00260012 -0.999988 0.0143797 0.00247037 -0.00592736 0.00689797 -0.0103659 0.290976
0.454886 9.16503 -0.120487 1.02223 -0.0010836 0.000550379 -0.0338836 -0.999425 0.00739282 -0.0062966 0.00639164 -0.00555135 0.00619151 -0.0130355
0.486955 9.18598 -0.119075 0.954294 0.000484263 -0.00734721 -0.0158114 -0.999848 0.0566357 0.00455931 -0.0582125 0.00190894 -0.00470304 -0.0190486
0.472876 9.21106 -0.118339 0.95508 0.000170621 0.00217367 -0.0233106 -0.999726 0.0162726 0.00545982 0.0011715 0.00173486 0.0119335 0.0785956
0.466379 9.2195 -0.118547 0.957401 -9.27563e-05 0.00129507 -0.0463093 -0.998926 -0.00433749 0.00421976 0.00110668 0.000407378 0.00111297 0.105844
0.463072 9.22316 -0.118015 0.957293 -0.000751741 0.00111355 -0.0628835 -0.99802 -0.0118571 0.00214251 0.00161273 0.00136509 -0.000733091 0.0150238
0.465884 9.22817 -0.119719 0.948397 -0.000368201 0.00143731 -0.0530754 -0.998589 -0.0144692 -0.000314719 0.00804059 -0.00194894 -0.00237779 -0.0782193
0.460709 9.22847 -0.120977 0.9563 -0.00010967 0.00169637 -0.0326068 -0.999467 -0.0175041 0.00102933 0.00374445 -0.00047783 -0.000503917 -0.093156
0.456828 9.22859 -0.125565 0.955918 -0.00115446 -0.00755988 -0.0123151 -0.999895 -0.00577088 -0.000676395 -0.0528256 0.00754431 0.0876109 -0.0747894
0.46345 9.24914 -0.131575 0.938213 -0.000287985 -0.00430559 0.00218814 -0.999988 0.0487415 -0.00531884 0.00239897 -0.0119065 -0.113165 -0.0613331
0.450608 9.26648 -0.134164 0.940359 -3.04809e-05 0.00224142 0.0250516 -0.999684 0.0146218 -0.002381 0.000883522 -0.0012914 0.00965709 -0.136812
0.441076 9.2747 -0.136403 0.945434 -0.00103011 -0.00779836 0.0574419 -0.998318 0.0141916 -0.00344422 0.0056553 -0.000293158 0.0922045 -0.132735
0.43334 9.29881 -0.141864 0.937776 -0.000258797 -0.00802618 0.0775055 -0.99696 0.0642892 -0.00979924 0.00398679 0.001654 -0.00617691 -0.0380906
0.403877 9.33733 -0.148683 0.955185 0.000501926 -0.00700908 0.0811766 -0.996675 0.0775887 -0.010097 0.0336135 0.00133778 0.000432661 0.00796803
0.367778 9.37759 -0.153649 0.974259 0.000208407 -0.00718124 0.0771458 -0.996994 0.082507 -0.00973343 0.0318081 0.000606893 0.000645225 0.0233134
0.342292 9.42275 -0.156233 0.983071 0.00027192 0.00270229 0.0724264 -0.99737 0.0393619 -0.00577462 -0.0151922 -0.000818767 0.0233078 0.0105426
0.3318 9.44514 -0.157437 0.980068 0.00026711 0.000455311 0.0712389 -0.997459 0.0172444 -0.00425329 -0.0238712 -0.000394 0.00188975 0.00177971
0.347548 9.46807 -0.159096 0.960744 0.000368283 -4.453e-07 0.0709917 -0.997477 0.00754918 -0.00401479 -0.0269711 -3.85416e-05 3.37545e-05 0.000331181
0.368186 9.48181 -0.161642 0.935005 0.000520627 -1.81915e-05 0.0708524 -0.997487 0.00596571 -0.00505646 -0.0226827 -3.12306e-05 -0.000727088 3.0437e-05
0.376126 9.48886 -0.16085 0.928771 0.000550806 -0.000265913 0.0706549 -0.997501 0.00664335 -0.00493313 -0.0172771 6.9108e-05 -0.000770796 -0.000146394
0.383428 9.49577 -0.160073 0.915485 0.000602531 -0.000115036 0.07072 -0.997496 0.00707599 -0.00510604 -0.0156596 -0.000164833 -0.000367848 -0.000587053
0.395931 9.50134 -0.158504 0.906129 0.000630604 -0.000106571 0.0707273 -0.997495 0.00685197 -0.0049132 -0.013536 0.000104444 -0.000486529 0.000182894
0.39992 9.51048 -0.154185 0.899841 0.000612134 -2.30656e-05 0.0707072 -0.997497 0.00814917 -0.00397201 -0.010761 0.000379689 -0.00120044 -9.12331e-05
0.40709 9.51803 -0.147898 0.892824 0.000704286 -0.000355649 0.0707676 -0.997493 0.00982936 -0.00223885 -0.009335 0.000630337 -0.00137315 0.000277909
0.412665 9.53168 -0.144492 0.885481 0.000447844 -0.00966557 0.0696101 -0.997527 0.050965 -0.00588409 -0.0121497 0.000329215 -0.021047 0.0114763
0.424952 9.56665 -0.142828 0.874898 0.000419872 -0.0075081 0.0655307 -0.997822 0.0756522 -0.00760136 -0.00894677 0.000579555 -0.000506293 0.0177536
0.423641 9.61032 -0.140616 0.881821 0.000326168 -0.00751536 0.0612304 -0.998095 0.0839667 -0.00787269 -0.00842119 -0.000210661 0.000933964 0.0144403
0.412249 9.64801 -0.138733 0.888418 0.000322096 -0.00771091 0.0585606 -0.998254 0.0871193 -0.00733793 -0.00972961 -0.0001426 0.000645126 0.0127674
0.420748 9.71243 -0.134879 0.880872 0.000151212 -0.00806734 0.0547838 -0.998466 0.091223 -0.00564259 -0.00958022 0.000366592 0.00133179 0.0123379
0.430426 9.82395 -0.132005 0.874425 -0.000205694 -0.00852503 0.0510699 -0.998659 0.0995558 -0.00586584 0.00390082 0.00017603 0.000604135 0.00303171
0.474069 9.93085 -0.132171 0.853878 -0.000256682 -0.00866252 0.0499623 -0.998714 0.1056 -0.00474139 -0.00504149 -9.02313e-05 0.000184632 0.00352131
0.504984 9.99337 -0.136596 0.844083 -0.000645334 -0.0080485 0.0488496 -0.998774 0.107798 -0.00576189 -0.0765304 0.00708481 -0.0176063 0.00196189
0.562909 10.0683 -0.142562 0.807693 -0.000790007 -0.00727191 0.0510523 -0.998669 0.102235 -0.00849607 -0.0801756 -0.000304226 0.00239815 -0.0173494
0.6448 10.1277 -0.147876 0.751211 -6.7031e-05 -0.00278362 0.055067 -0.998479 0.0927892 -0.00717152 -0.144481 -0.00108929 -0.0225916 -0.0162596
0.77178 10.2041 -0.154681 0.662883 -0.00162151 -0.0071043 0.0579772 -0.998291 0.0749242 -0.0052337 0.080444 0.0101213 0.0394659 -0.0102203
0.777293 10.2682 -0.166171 0.70458 -0.00147167 -0.00737553 0.0687349 -0.997607 0.0949038 -0.0153206 0.0698034 -0.00113149 0.000605866 -0.0482439
0.796737 10.3469 -0.180359 0.743431 0.00405115 0.00221211 0.0560034 -0.99842 0.0802123 -0.00265574 -0.00320706 -0.0107086 -0.0218791 0.390238
0.819458 10.3879 -0.181103 0.743603 0.00143406 0.00359312 -0.161397 -0.986882 0.0265669 0.011209 -0.0176807 -0.00184522 -0.00433026 0.688437
0.820212 10.3943 -0.181187 0.735875 0.000331426 0.00347466 -0.300869 -0.953659 0.00955515 0.00684545 -0.00982868 0.0115242 -0.000826167 0.514428
0.817991 10.3918 -0.184255 0.728687 0.00117193 0.0033709 -0.375454 -0.926834 0.00395569 -0.0026777 0.000204357 -0.00654517 0.00142116 0.148178
0.815212 10.3809 -0.185895 0.72256 0.0024515 0.00340038 -0.407924 -0.913006 -0.00269678 0.000794749 0.00720956 0.00249809 0.00198164 0.163324
0.814901 10.365 -0.185266 0.728177 0.00196331 0.00263421 -0.445976 -0.895039 -0.00335225 0.00330081 0.000407241 0.00344943 0.00134325 0.182496
0.813078 10.3459 -0.18417 0.731062 0.00310643 0.00270317 -0.491191 -0.871042 -0.00321658 0.00483155 0.00146839 -0.00721965 0.00312078 0.336673
0.809494 10.3254 -0.179751 0.713889 0.00190804 0.00144697 -0.589227 -0.807964 -0.00365256 0.00856637 0.0151766 0.0109899 -0.00359857 0.573532
0.778658 10.3061 -0.174111 0.74923 0.00419221 -0.00725946 -0.669746 -0.742543 0.0156723 0.0287162 0.0787601 0.00241979 -0.00298949 0.248901
0.728843 10.292 -0.151239 0.8043 0.00393817 -0.00490684 -0.688289 -0.725409 0.0261188 0.0512067 0.0738466 -0.00498262 -0.00134637 -0.0035806
0.690414 10.2833 -0.116367 0.839375 -0.00042036 0.00326875 -0.689965 -0.723835 0.0164008 0.0432941 -0.0130146 -0.00995768 -0.0442586 0.122054
0.688845 10.2708 -0.0952818 0.828534 -0.00141615 0.0020305 -0.745864 -0.666094 0.00207727 0.00284332 -0.00578498 0.00958436 -0.00125896 0.44102
0.68397 10.2628 -0.0886485 0.827482 -0.00527925 -0.00253555 -0.776299 -0.630338 0.0222673 -0.0109869 0.00509171 -0.000684745 0.00182159 -0.234943
0.686764 10.2704 -0.0853507 0.828029 -0.00336165 -0.000237334 -0.70081 -0.71334 0.0329628 -0.0154114 -0.0034284 -0.0119744 -0.00612333 -0.626756
0.690629 10.2798 -0.0880383 0.833681 -0.00276207 0.000708665 -0.574695 -0.818363 0.0221993 -0.0238653 -0.0088762 -0.00468421 -0.000574396 -0.630403
0.693096 10.2864 -0.0910177 0.836682 -0.00232694 0.000799859 -0.463624 -0.886028 0.0111686 -0.026818 -0.0126888 -0.00130533 -0.000411542 -0.510912
0.695453 10.2918 -0.0976399 0.840512 -0.00203609 0.000642319 -0.361243 -0.932469 0.00309064 -0.0280131 -0.0149511 -0.00177882 0.000810178 -0.400694
0.704747 10.2952 -0.106656 0.828372 -0.00160704 0.000416749 -0.273403 -0.961898 -0.00144899 -0.0275585 -0.00551669 -0.00262026 0.000229111 -0.350179
0.705398 10.2987 -0.112779 0.832613 -0.00106436 0.000500348 -0.200329 -0.979728 -0.00411376 -0.0246178 -0.00625699 -0.00152112 -0.000598053 -0.302711
0.706077 10.3006 -0.11882 0.831092 -0.000629082 0.000544317 -0.138576 -0.990351 -0.00638699 -0.022141 -0.00839309 -0.00266824 -0.000489017 -0.238256
0.71557 10.3044 -0.12397 0.815486 -0.00025241 0.000719162 -0.0881071 -0.996111 -0.00659737 -0.0195287 0.00636345 -0.00109976 -0.00223573 -0.175976
0.722912 10.3069 -0.12707 0.815474 -0.000182865 0.0010094 -0.0489117 -0.998803 -0.00732255 -0.0183371 0.0122893 -0.00120689 -0.000604364 -0.155488
0.721102 10.3089 -0.130184 0.825667 0.000170418 0.00128203 0.00287926 -0.999995 -0.00743668 -0.0168376 0.00127594 -0.000317222 -0.00112264 -0.124447
0.720166 10.31 -0.130639 0.825068 -0.000177291 -0.00410434 0.0302133 -0.999535 -0.00251713 -0.0169126 0.069327 0.00224331 0.104472 -0.0951634
0.714552 10.3357 -0.132217 0.85677 -7.76444e-05 -0.00583333 0.0509659 -0.998683 0.0574851 -0.0211289 0.062082 0.00989597 -0.0079238 -0.0290517
0.722911 10.3637 -0.132419 0.880019 -0.000545976 -0.00532786 0.0596093 -0.998207 0.0641839 -0.0253506 0.063483 -0.000702954 0.000576634 -0.039475
0.728532 10.3983 -0.134118 0.917001 -0.00038844 -0.00561426 0.0709621 -0.997463 0.0686436 -0.0269242 0.0626357 0.000313936 0.00130341 -0.0412213
0.753252 10.442 -0.138843 0.937147 -0.00056878 0.00270902 0.211863 -0.977295 0.0147016 -0.0295891 -0.0153083 -0.0107706 -0.000776558 -0.672745
0.765054 10.4522 -0.135893 0.926349 0.00239042 0.0017411 0.396587 -0.917992 0.00138176 -0.00736906 -0.00849482 0.00654874 0.00275852 -0.109134
0.777053 10.4537 -0.1293 0.912704 0.000555913 0.00206951 0.380753 -0.924675 0.000740644 -0.00229922 0.00827188 0.00766289 -0.000258692 0.19955
0.77937 10.4521 -0.12239 0.91169 -0.000401211 0.00258355 0.329143 -0.944276 -0.00484574 -0.00659059 0.0137901 0.00347819 0.00084077 0.222948
0.77411 10.4462 -0.113292 0.912718 -0.000878044 0.00246753 0.280486 -0.959855 -0.0085248 -0.0108915 0.011653 0.00224225 0.00172005 0.166291
0.762423 10.4346 -0.110185 0.916233 -0.000892892 0.00215553 0.245341 -0.969434 -0.00990102 -0.015214 0.00624623 -0.000981584 0.00358791 0.134928
0.751675 10.4216 -0.10967 0.915757 -0.000823653 0.00149688 0.216061 -0.976378 -0.00666887 -0.0167 0.00634614 0.000951364 0.00210332 0.111429
0.743065 10.4099 -0.107039 0.91583 -0.00107478 0.000888248 0.194376 -0.980926 -0.00329518 -0.0169888 0.0440476 -0.0102808 0.0286217 0.0876932
0.727367 10.4088 -0.109161 0.942346 -0.00107955 -0.0062939 0.179541 -0.98373 0.0433246 -0.024085 0.0741037 0.00179809 -0.010594 0.0296795
0.719286 10.4227 -0.112584 0.97688 -0.000792308 -0.00320433 0.176355 -0.984321 0.0549901 -0.0237147 0.00178892 0.000502582 -0.0919644 0.0115566
0.719447 10.4354 -0.116024 1.00491 -0.00113354 -0.00743191 0.169844 -0.985442 0.0387995 -0.0131117 0.0666106 0.00243471 0.0285374 0.0376417
0.721169 10.4757 -0.126484 1.08095 -0.00217515 -0.00612415 0.161657 -0.986826 0.0632576 -0.0205138 0.0595707 0.00414315 -0.000161465 0.005074
0.746874 10.5123 -0.141757 1.09773 -0.00218566 -0.00616536 0.164648 -0.986331 0.0668571 -0.02511 0.0618891 -0.000782462 0.00133071 -0.0197014
0.791554 10.5728 -0.171027 1.14829 -0.000980136 -0.00679499 0.171781 -0.985111 0.0724066 -0.0231578 0.0622644 0.000424772 0.00096187 -0.00122333
0.801323 10.6511 -0.204966 1.19864 -0.00153532 -0.00699933 0.165822 -0.98613 0.0801632 -0.0221272 0.0638094 -0.000663471 -0.000117775 0.0247266
0.771938 10.7291 -0.239343 1.26805 -0.000860915 -0.00695034 0.153649 -0.988101 0.0833893 -0.0182041 0.0590023 0.00134168 0.00205668 0.0452769
0.747855 10.7723 -0.256422 1.29878 -0.000589739 -0.00762582 0.141457 -0.989915 0.0637811 -0.0120165 0.0550801 -0.00242055 0.0452797 0.0563705
0.732776 10.818 -0.271663 1.33633 -0.000890508 -0.00764284 0.128931 -0.991624 0.0807794 -0.0130192 0.0355242 0.00139904 0.00293914 0.0550222
0.717357 10.8671 -0.285051 1.35181 -0.00137891 -0.00861948 0.118875 -0.992871 0.0912952 -0.0150167 0.00395512 -0.000660021 -0.00274423 0.0410657
0.699308 10.933 -0.305096 1.37284 -0.00120572 -0.00854206 0.110336 -0.993857 0.098228 -0.0162758 -0.00445106 -0.00187242 -0.00137085 0.0293824
0.680737 10.9897 -0.322742 1.3788 -0.00114654 -0.00854733 0.104261 -0.994513 0.101472 -0.0162054 -0.0043993 -0.000144354 0.000741767 0.0279064
0.661351 11.058 -0.34405 1.38155 -0.00077638 -0.0084693 0.0975695 -0.995192 0.105546 -0.0162386 -0.0123741 -0.00238138 -0.00259551 0.0274178
0.645957 11.1177 -0.360225 1.37947 -0.000708941 -0.0084644 0.0908758 -0.995826 0.107348 -0.0140861 -0.00739003 -0.00434859 -0.002088 0.0335698
0.619923 11.2314 -0.383469 1.37856 -0.000814482 -0.00858656 0.07505 -0.997142 0.111963 -0.00890564 -0.00381268 0.000675951 0.000340535 0.0424604
0.606748 11.2969 -0.396916 1.36963 -0.00076235 -0.00852767 0.0655819 -0.99781 0.115133 -0.00857235 -0.0193645 -0.000657456 -0.000455016 0.0394826
0.593593 11.368 -0.408205 1.35762 -0.000952395 0.00247898 0.055457 -0.998458 0.0963629 -0.00571252 0.00400597 0.000390073 -0.0430785 0.0457661
0.583859 11.4052 -0.419574 1.35682 -0.000422305 0.00329683 0.0433007 -0.999057 0.0477683 -0.00219304 0.00133866 -0.00260484 -0.00339454 0.0601588
0.573538 11.4233 -0.428013 1.34191 0.000277386 0.00394015 0.0291445 -0.999567 0.0205273 0.00318738 0.0199073 -0.00254591 -0.00225021 0.0759551
0.567718 11.431 -0.433065 1.34811 0.000577964 0.00454239 0.00959043 -0.999944 0.00543809 0.00881797 0.0160579 -0.000406075 -0.00233787 0.077113
0.564708 11.4241 -0.435804 1.35575 0.000871154 0.00460752 -0.00872887 -0.999951 -0.00332407 0.0119913 0.00472215 -0.00137877 0.0017635 0.0714781
0.564246 11.4061 -0.437634 1.35557 0.00103772 0.00400258 -0.0252059 -0.999674 -0.00553434 0.0135172 0.00523672 -0.00049735 0.00266766 0.0678839
0.562908 11.3834 -0.438234 1.35494 0.00112649 0.00174248 -0.0418317 -0.999123 -0.00280266 0.0143649 -0.004776 0.0122577 0.108996 0.0617465
0.562255 11.3732 -0.438147 1.35282 -0.000427635 -0.00280066 -0.0565218 -0.998397 0.0597945 0.0111435 -0.00791939 -0.00832126 -0.040528 0.0554323
0.563012 11.3853 -0.437241 1.35738 0.00104185 -0.00637347 -0.0715948 -0.997413 0.0826562 0.0126711 -0.0146394 -7.79689e-05 -0.00679422 0.0516632
0.567239 11.4053 -0.433994 1.36262 0.00146489 -0.00585599 -0.0832444 -0.996511 0.08901 0.0151991 -0.00614223 -0.000182595 0.00143559 0.0497859
0.578218 11.4569 -0.41964 1.35563 0.000127928 -0.00767912 -0.1037 -0.994579 0.0933535 0.0152157 -0.016282 -0.00111212 -0.000155406 0.0191913
0.591134 11.4953 -0.409035 1.32693 0.000420119 -0.00764184 -0.104898 -0.994454 0.0970616 0.0143247 -0.0163805 -0.0011989 0.000587623 -0.00572844
0.600721 11.5376 -0.399031 1.30844 0.000556377 -0.00798181 -0.102936 -0.994656 0.097765 0.0152191 -0.0151296 -0.000211481 0.00177325 -0.00907384
0.610795 11.5941 -0.386856 1.26369 -0.000311554 -0.00789184 -0.100801 -0.994875 0.0985982 0.0150982 -0.0145653 0.00404139 -0.00192958 -0.0140116
0.620798 11.6451 -0.377215 1.25355 -9.72766e-05 -0.00826262 -0.0957136 -0.995375 0.0989033 0.0119816 -0.0145388 -0.000667213 0.00136812 -0.0311439
0.572879 11.6981 -0.366327 1.25312 -0.000717787 0.00306747 -0.0853243 -0.996348 0.0642372 0.00749946 0.00315161 0.00102573 -0.00595958 -0.0690693
0.542392 11.7293 -0.361064 1.26663 -0.000654637 0.00251165 -0.0631747 -0.997999 0.0208923 0.000627048 -0.0108086 -0.000888784 -0.00278135 -0.100819
0.528589 11.7446 -0.361023 1.2747 -0.0012788 0.00312815 -0.0283648 -0.999592 -0.00135704 -0.00499074 -0.0188942 -0.00107753 -0.00149919 -0.182882
0.465858 11.7469 -0.363987 1.27752 -0.000897804 0.00322483 0.0175558 -0.99984 -0.0128286 -0.00768369 -0.0250566 -0.00268623 -0.000621543 -0.208975
0.469931 11.7434 -0.366568 1.27012 -0.000742908 0.00341422 0.0660651 -0.997809 -0.0183091 -0.00572339 -0.0187708 -0.000669291 -0.000260774 -0.179185
0.540238 11.7327 -0.371907 1.2576 -0.000821477 0.00330382 0.11105 -0.993809 -0.0208903 -0.00602569 -0.00690803 -0.00298748 0.00186178 -0.185671
0.55368 11.7175 -0.375144 1.24573 -0.000446953 0.00268203 0.153037 -0.988217 -0.0197263 -0.00385921 0.0017223 -0.00173543 0.00137446 -0.173161
0.567865 11.7008 -0.376392 1.24401 -0.000308001 0.00209157 0.19063 -0.98166 -0.0169687 -0.00119796 0.0122152 -0.00131173 0.00355893 -0.159758
0.577837 11.6853 -0.375299 1.24728 -0.000723058 -0.000268107 0.226211 -0.974078 -0.0116329 0.000638393 -0.0232296 0.00342711 0.100335 -0.134987
0.584398 11.6874 -0.384359 1.24276 -0.00187759 -0.00706556 0.252298 -0.967622 0.0506578 -0.0273607 -0.0354357 0.00234598 -0.00902663 -0.045217
0.584825 11.7049 -0.402622 1.23834 -0.00163201 -0.00690824 0.259359 -0.965755 0.064362 -0.0362975 -0.0154479 -0.00673451 0.00613922 -0.0195715
0.580267 11.7367 -0.425227 1.23492 -0.0016078 -0.00705967 0.261663 -0.965132 0.075483 -0.0403338 -0.0188721 0.000977701 -0.000825283 0.00122826
0.557783 11.7715 -0.448645 1.20782 -0.000911928 -0.00690025 0.261287 -0.965236 0.0790972 -0.0427628 -0.0148207 -0.0133159 -0.00846081 0.00954331
0.530118 11.8191 -0.476301 1.17907 -0.000731024 -0.00707843 0.254379 -0.967078 0.0816655 -0.0380816 -0.0133325 0.00145322 0.00208211 0.0388959
0.505853 11.8676 -0.499488 1.18148 0.000585088 0.0017108 0.244477 -0.969654 0.0706345 -0.032593 -0.00108388 0.00212053 -0.0701367 0.0465233
0.490529 11.8961 -0.513699 1.16901 -0.000377646 -0.00844361 0.229848 -0.97319 0.0375724 -0.0151639 -0.0319796 -0.00349092 0.0759875 0.0618787
0.476044 11.9307 -0.526371 1.16252 -0.000191207 -0.00267528 0.215484 -0.976504 0.0729854 -0.0271861 0.00286229 0.0107864 -0.113627 0.0622304
0.46706 11.9592 -0.533999 1.17044 0.000322849 0.00220733 0.19469 -0.980862 0.0312095 -0.011252 -0.00432719 0.00183693 0.00232754 0.106372
0.463719 11.9696 -0.537322 1.16991 0.000384044 0.00239288 0.168293 -0.985734 0.0114227 -0.00517046 -0.00717358 -1.54276e-05 -0.00011121 0.104997
0.463251 11.9713 -0.537351 1.1698 0.00047667 0.00243297 0.143682 -0.989621 0.00230066 -0.00153141 -0.00496855 0.000617382 -0.000487708 0.0974469
0.46363 11.9683 -0.537625 1.172 0.000449463 0.00266311 0.11669 -0.993165 -0.00141964 -0.000874578 -0.0096612 -0.000659094 -0.000469712 0.0828582
0.463679 11.9596 -0.53599 1.14749 0.00122193 0.00246911 0.0950468 -0.995469 -0.00299366 0.00113673 0.00937204 -0.0058855 0.00291553 0.131587
0.465949 11.9453 -0.53306 1.1378 0.00111708 0.00176404 0.0505133 -0.998721 -0.00179275 0.00439666 0.0242069 0.00329692 0.0024553 0.233124
0.471376 11.9315 -0.527692 1.14404 0.00040248 0.00120067 -0.011024 -0.999938 0.00246189 0.00202061 0.0224328 0.00330308 0.000916634 0.204725
0.47615 11.92 -0.524255 1.15783 1.45088e-05 0.000464775 -0.051998 -0.998647 0.00618044 -0.0033719 -0.013296 -0.00895633 0.0442551 0.0978994
0.478578 11.9226 -0.520659 1.14092 0.00136561 -0.00679378 -0.0695694 -0.997553 0.0532385 0.00567849 -0.0454874 0.000884304 -0.0156912 0.0503026
0.487361 11.9367 -0.51191 1.1434 -0.00091344 0.00143629 -0.0786432 -0.996901 0.0600976 0.00526077 -0.00670723 -0.00302763 -0.0646551 0.00599581
0.492099 11.9463 -0.507377 1.14314 -0.000559779 0.00207227 -0.0721364 -0.997392 0.02208 -0.00339926 0.0451753 0.00373137 0.0308343 -0.0561338
0.487568 11.966 -0.500315 1.1996 0.000414351 0.0018852 -0.0503852 -0.998728 0.0459365 0.00409104 0.00182529 0.0063898 -0.0487188 -0.00426704
0.4782 11.9754 -0.49798 1.19274 8.83876e-05 0.000537962 -0.0593048 -0.99824 0.0121851 0.000752993 -0.0234859 -0.0159031 0.0723446 0.055811
0.466146 11.9908 -0.492586 1.17678 0.000134086 -0.00272024 -0.0748992 -0.997187 0.0510532 0.01215 0.00306493 0.0192661 -0.117553 0.0426813
0.453154 12.0097 -0.489877 1.17657 -0.000491852 0.00157658 -0.0695668 -0.997576 0.0136926 -0.00140355 0.00526969 -0.00321369 0.00252178 -0.0725344
0.447935 12.0189 -0.489052 1.18112 -0.000164298 0.00170976 -0.0468677 -0.9989 -0.000319634 -0.0031385 -0.00153532 1.58851e-05 -0.00106731 -0.0917666
0.445606 12.0192 -0.486703 1.18662 0.000600804 0.00171574 -0.0364179 -0.999335 -0.0076647 -9.57748e-05 -0.0077839 0.000334646 0.000710206 0.0353899
0.443088 12.0177 -0.483407 1.18089 -0.000100844 0.00164613 -0.0590867 -0.998251 -0.00987693 0.00186351 -0.00415765 0.00301301 -0.000401062 0.132771
0.44302 12.0132 -0.482036 1.17845 -0.000438477 0.00160343 -0.0932508 -0.995641 -0.0105575 -0.000963802 0.00195893 -2.45493e-05 0.000722593 0.132795
0.449522 12.004 -0.483767 1.18563 -0.000419006 0.00137933 -0.147529 -0.989057 -0.00822705 -0.00326865 -0.0118387 9.5774e-05 0.000443257 0.118309
0.451179 11.9966 -0.480407 1.18393 0.00226297 -0.00826873 -0.186599 -0.982399 0.0269961 0.0161751 0.0501139 0.00303919 -0.015612 0.0695408
0.439271 12.0112 -0.472088 1.21438 0.00164969 -0.00616865 -0.200226 -0.979729 0.0519157 0.0284341 0.0480996 -0.000526417 -0.000602997 0.0415492
0.399818 12.0525 -0.449661 1.2408 0.00098002 -0.00643711 -0.212967 -0.977038 0.0612487 0.0316078 0.0725717 -0.000779175 0.00159603 0.0124398
0.371288 12.0854 -0.432904 1.22857 -0.00111533 0.00216696 -0.214385 -0.976746 0.0280102 0.014209 -0.00141035 -0.000726633 0.0197435 -0.00170398
0.357165 12.1023 -0.427103 1.23915 -0.000898496 0.000575956 -0.214154 -0.976799 0.0101449 0.00362521 -0.00236826 -0.000821616 0.0019602 -0.00353392
0.349042 12.1164 -0.425289 1.23901 -0.00102769 0.00040565 -0.213777 -0.976882 0.00479374 -0.00146031 -0.000404348 -0.000573669 0.000453679 -0.00328764
0.348304 12.1259 -0.428492 1.24299 -0.00102666 0.000488151 -0.213436 -0.976956 0.00270407 -0.00494707 0.000436725 -0.000534521 -0.000160222 -0.00241467
0.349208 12.1346 -0.432531 1.25883 -0.00104879 0.000656066 -0.213332 -0.976979 0.00230752 -0.00610073 0.00049018 0.000253484 -0.000326541 -0.00245266
0.352853 12.1394 -0.437324 1.2719 -0.0011791 0.000669234 -0.213157 -0.977017 0.00280461 -0.00713344 0.000285442 -0.000204812 -0.000741334 -0.00270841
0.354763 12.1437 -0.441151 1.26715 -0.00121803 0.000824934 -0.213021 -0.977047 0.00341853 -0.00711184 -0.000654262 -8.31467e-05 -0.000838681 -0.00215999
0.362039 12.1444 -0.450283 1.25248 -0.0011597 0.000891871 -0.212881 -0.977077 0.00247334 -0.00875471 -0.000317412 -0.000263426 -0.000259072 -0.00178526
0.376504 12.1458 -0.465273 1.23849 -0.00106068 0.00103445 -0.212961 -0.977059 0.00272784 -0.00958276 -0.000267657 -0.00012799 -0.000163065 -0.00240851
0.391194 12.1429 -0.479754 1.25076 -0.000882955 0.000980054 -0.212606 -0.977137 0.00247368 -0.0093319 -0.000347791 -0.000238991 -0.000156895 -0.00123751
0.400235 12.1404 -0.487499 1.25907 -0.000702808 0.000880381 -0.212713 -0.977114 0.00248295 -0.00831717 -0.000337831 0.00040507 -0.000403366 -0.00152151
0.405461 12.1424 -0.491838 1.25141 0.00275133 -0.00910511 -0.213659 -0.976862 0.0371631 0.0130677 -0.00856129 0.0018712 -0.0179601 0.0119388
0.395545 12.163 -0.483579 1.25284 0.00183384 -0.00655472 -0.218417 -0.975832 0.0625727 0.0288183 -0.00843826 0.000237823 -0.00143267 0.0222279
0.37652 12.1968 -0.471391 1.28388 -0.000717624 0.00121109 -0.22392 -0.974606 0.0193599 0.00180155 0.000890998 -0.000484863 0.00421638 0.000748173
0.37391 12.2003 -0.469924 1.2803 -0.000928248 0.000891305 -0.223933 -0.974604 0.0105251 -0.00379168 0.000197671 -0.000373042 0.00141519 -0.00198115
0.375556 12.2036 -0.47339 1.26589 -0.000895272 0.000956129 -0.223599 -0.97468 0.00866793 -0.00613905 -0.000437044 -2.6367e-05 -0.000468392 -0.00104292
0.379959 12.2029 -0.478405 1.25929 -0.000915504 0.00104118 -0.223583 -0.974684 0.00789915 -0.0066064 0.000505444 -7.91509e-05 -0.00014089 -0.000649201
0.385808 12.2016 -0.484054 1.26932 -0.000891991 0.00112022 -0.223706 -0.974656 0.00772953 -0.00646648 4.10761e-05 0.000118551 -0.00037679 -0.00109931
0.393342 12.1961 -0.490279 1.27565 -0.000839088 0.0010832 -0.223684 -0.974661 0.00620615 -0.00626852 -0.000475582 0.000372225 4.28618e-05 -0.00139085
0.401702 12.1882 -0.49871 1.27367 -0.000748603 0.000968738 -0.223652 -0.974668 0.00484901 -0.00651 5.90577e-05 1.85893e-06 -0.00040901 -0.00132771
0.401245 12.2022 -0.494974 1.27899 0.00233924 -0.00605205 -0.232548 -0.972563 0.054522 0.0310414 -0.00837905 0.000753088 -0.000688424 0.0408096
0.37648 12.2383 -0.471493 1.28075 0.0024088 -0.00609216 -0.247766 -0.968798 0.0633688 0.0386003 -0.00886173 -0.000640668 0.00114616 0.0388502
0.35743 12.2643 -0.454511 1.28158 -0.00194182 0.00312188 -0.255232 -0.966873 0.0340956 0.0157238 -0.000172479 -0.0031871 0.0211823 0.0176351
0.349292 12.2878 -0.44657 1.27752 -0.00095797 0.00030852 -0.257094 -0.966386 0.0106655 -0.00563943 0.00245855 -0.000381847 0.00138243 -0.0025631
0.349147 12.2948 -0.445857 1.27305 -0.00115547 8.31911e-05 -0.256791 -0.966466 0.00420969 -0.00905913 3.21222e-05 0.000725588 0.000162961 -0.00223423
0.354054 12.3021 -0.452052 1.25993 -0.0013066 3.48538e-05 -0.256443 -0.966558 0.00440101 -0.0110335 -0.000320809 -0.00033989 -0.000410537 -0.00119422
0.361998 12.3097 -0.460497 1.25299 -0.00104169 0.000406806 -0.256467 -0.966552 0.00137114 -0.0100995 0.00819547 0.00079813 -0.000624808 -0.00144959
0.364915 12.3131 -0.463687 1.27314 -0.00116112 0.000246276 -0.256266 -0.966606 0.00117616 -0.00907658 0.00776909 0.000446226 -0.000842785 -0.000616452
0.370923 12.3204 -0.469438 1.28894 -0.00115534 0.000406912 -0.256495 -0.966545 0.00252823 -0.00945534 0.00640648 -0.000414565 -0.000945211 -0.00131365
0.375643 12.3248 -0.47466 1.27836 -0.00112998 0.000428501 -0.25634 -0.966586 0.00202619 -0.00890134 0.00510017 0.000340495 -0.000307197 -0.0013181
0.386369 12.3301 -0.486503 1.27393 -0.00103649 0.000459833 -0.256252 -0.966609 0.00181181 -0.0101392 0.00622023 -0.000182594 -2.3823e-06 -0.000704507
0.396537 12.3329 -0.496101 1.28501 -0.000825333 0.000365251 -0.256162 -0.966633 0.00173207 -0.0101407 0.0040168 0.000288495 -0.000652387 -0.000299621
0.407858 12.3376 -0.507706 1.28015 -0.000729362 0.000369043 -0.256145 -0.966638 0.00168965 -0.00906802 0.00415607 0.000248499 -0.000239477 0.00018487
0.410713 12.3428 -0.508044 1.2865 0.00340752 -0.00876376 -0.258416 -0.965988 0.0337831 0.0189677 -0.00712632 0.00303218 -0.0205225 0.0229593
0.400422 12.3674 -0.494742 1.29445 -0.000193664 -0.000281957 -0.267072 -0.963677 0.0494713 0.0317064 -0.00228118 0.0091399 -0.0994329 0.0432716
0.389694 12.3856 -0.484931 1.29009 0.00343305 -0.00757626 -0.279081 -0.960232 0.0311209 0.0210544 -0.00844855 -0.000469649 0.0384753 0.0568025
0.379134 12.4088 -0.474038 1.27537 -0.00177793 0.00217838 -0.289931 -0.957044 0.0263744 0.0108357 0.00385015 -0.0038665 0.0175536 0.0226313
0.381147 12.4205 -0.474464 1.28313 -0.000994116 0.000814564 -0.291972 -0.956426 0.0172319 -0.000196156 0.00531999 -0.000915978 0.000928302 0.000980537
0.385834 12.4294 -0.47786 1.2846 -0.00100828 0.000859509 -0.291753 -0.956493 0.0141724 -0.00118639 0.00481558 0.000353582 -0.000922788 -0.00207691
0.388851 12.4329 -0.479826 1.29151 -0.00114032 0.000991113 -0.291566 -0.956549 0.0152009 0.000575473 0.00415289 0.000171534 -0.00132087 -0.00159438
0.39391 12.4331 -0.48545 1.29496 -0.00118276 0.00116078 -0.291517 -0.956564 0.0145214 0.000413621 0.00346689 -3.55361e-05 -1.66838e-05 -0.00150145
0.402051 12.4297 -0.494444 1.29017 -0.00110044 0.00114729 -0.291524 -0.956562 0.0131815 0.000147717 0.00451334 0.000418508 -0.000442564 -0.00150731
0.408573 12.4299 -0.499243 1.29379 0.00330819 -0.00829436 -0.292673 -0.956171 0.0385904 0.0240272 -0.00639712 0.00193409 -0.0150117 0.0125547
0.398752 12.4568 -0.483201 1.28601 0.00216155 -0.00607748 -0.30218 -0.953229 0.0619269 0.0457331 -0.00889369 -0.0024668 -0.000788988 0.0256381
0.393978 12.4887 -0.469896 1.30414 -0.000770948 0.000652308 -0.308757 -0.95114 0.0195927 0.00481414 0.00328245 -0.00118253 0.00390477 0.00184396
0.396712 12.4978 -0.469942 1.30486 -0.00065245 5.95767e-05 -0.308752 -0.951142 0.0110911 -0.00255043 -0.00140119 2.45721e-05 0.000489981 -0.00126032
0.400807 12.5028 -0.471862 1.304 -0.000623786 5.29131e-05 -0.3084 -0.951257 0.00931486 -0.00323186 -0.000722135 0.000143544 -0.000215802 -0.000394598
0.402067 12.5095 -0.470125 1.30858 0.0035832 -0.00909664 -0.309551 -0.950832 0.0387532 0.0248486 -0.007885 0.00205003 -0.0182145 0.0112324
0.396238 12.5317 -0.453408 1.30968 0.00251185 -0.00730021 -0.31326 -0.949636 0.056594 0.041554 -0.00910818 0.00171178 -1.71338e-05 0.0165331
0.390771 12.559 -0.436586 1.31469 -0.00148261 0.00203285 -0.316066 -0.948734 0.0319323 0.0163472 -0.00187192 -0.00254641 0.0236753 0.00575919
0.392206 12.5766 -0.427246 1.30488 -0.000615014 -0.000266221 -0.316524 -0.948584 0.0164805 0.00186212 -0.00116298 -0.000180175 0.00199339 -0.000160733
0.395816 12.598 -0.418705 1.3105 -0.000442995 -0.000560417 -0.316423 -0.948618 0.0118823 -0.00250815 -0.00153355 0.000214144 -0.000572598 -0.000539805
0.398943 12.6078 -0.415913 1.30689 -0.000394938 -0.000659773 -0.316337 -0.948647 0.0106423 -0.00346456 -0.000958165 -0.000146153 1.41404e-05 -0.000163933
0.405035 12.6244 -0.411969 1.2892 -0.000366817 -0.000525582 -0.316361 -0.948639 0.0107726 -0.00357157 -0.000668974 -4.41606e-05 -0.000469676 -0.000250885
0.413182 12.6567 -0.394831 1.30023 0.0016099 -0.0076984 -0.311684 -0.950153 0.0596749 0.0306457 -0.00462298 -0.00113683 -0.00464576 -0.0299086
0.421131 12.6929 -0.372901 1.30119 0.00171322 -0.00741513 -0.303766 -0.952716 0.0697164 0.037495 -0.00542427 -0.000166964 -6.27603e-05 -0.0336552
0.437603 12.7392 -0.346047 1.29945 0.00178975 -0.00751222 -0.295829 -0.95521 0.0754484 0.0408626 -0.0117192 9.11335e-05 0.00095354 -0.0281816
0.463414 12.7941 -0.314805 1.29667 0.00198947 -0.0077738 -0.288881 -0.957332 0.0804437 0.0428373 -0.0127027 -0.000494668 0.000734233 -0.0226097
0.493968 12.8487 -0.281844 1.27763 0.00140527 -0.00502806 -0.283718 -0.958894 0.0841081 0.0452189 0.00121849 0.000360275 -0.109638 -0.0267769
0.521427 12.8853 -0.258655 1.25342 -0.00134947 0.002889 -0.259785 -0.965661 0.0356137 0.011741 0.0247022 -0.00347379 0.006594 -0.172921
0.538634 12.9063 -0.248067 1.2595 -0.00103624 0.00319221 -0.208924 -0.977926 0.00603186 -0.00608318 0.0202262 -0.000592013 -0.00146086 -0.207829
0.549632 12.9233 -0.240174 1.25478 0.00254263 -0.0106941 -0.169852 -0.985408 0.0563752 0.0143755 -0.0131886 0.000711861 -0.028126 -0.0991972
0.57625 12.9581 -0.2239 1.26427 0.00160728 -0.00843046 -0.156315 -0.98767 0.0812396 0.0253574 -0.0144263 0.00171083 -0.00150649 -0.0260629
0.616786 13.0072 -0.204423 1.25814 0.00199186 -0.0084777 -0.152796 -0.988219 0.091244 0.0293213 -0.0123732 0.000647464 -0.00047261 -0.000219975
0.667596 13.0671 -0.176487 1.26386 0.00176661 -0.00854382 -0.153304 -0.988141 0.0967842 0.0323138 -0.0141668 0.00206504 -0.000773866 0.0046647
0.729091 13.1337 -0.15091 1.26289 0.00166504 -0.00866251 -0.153231 -0.988151 0.0993934 0.0306184 -0.0164444 -0.000455313 0.00078696 -0.00197478
0.828099 13.2392 -0.109488 1.25228 0.00197482 -0.00898883 -0.151579 -0.988402 0.104771 0.0331809 -0.011876 0.000849699 -0.000244576 -0.000538387
0.93588 13.3516 -0.065074 1.25796 0.0018131 -0.00915549 -0.151735 -0.988377 0.109461 0.0349156 -0.0124421 -0.000210158 0.000161208 0.0018597
0.976045 13.426 -0.0381667 1.25228 0.00188681 -0.00929098 -0.151844 -0.988359 0.112222 0.0353988 -0.0119722 0.000366027 -0.000205949 0.000597592
0.991295 13.4964 -0.0102724 1.25478 0.00181821 -0.00936707 -0.151719 -0.988378 0.115067 0.0369351 -0.0110301 0.000109039 -0.000523518 -0.000140864
0.924877 13.5966 0.0299885 1.26138 0.00217693 -0.00891135 -0.153606 -0.98809 0.117584 0.0418587 -0.0119445 0.00110344 -0.000234717 0.0151746
0.857318 13.6631 0.0575559 1.25251 0.000967023 -0.00897149 -0.1568 -0.987589 0.11923 0.0410313 -0.0276124 0.00435652 -0.00205296 0.00921471
0.786372 13.7456 0.0891898 1.23742 0.00115258 -0.00897585 -0.154179 -0.988002 0.121126 0.036389 -0.0274872 -0.00144278 0.000590535 -0.0186052
0.716819 13.8208 0.114487 1.2118 0.00308037 -0.00825875 -0.153003 -0.988186 0.11659 0.0441625 -0.0251255 0.00334165 0.00130742 0.0243918
0.647882 13.8959 0.150707 1.18747 0.00174045 -0.00908826 -0.164089 -0.986402 0.117446 0.0500592 -0.025888 0.00809556 0.00620214 0.0431705
0.591374 13.9669 0.179755 1.17461 0.0016209 -0.00923874 -0.171135 -0.985203 0.123456 0.0471472 -0.0270974 -0.0014372 1.13816e-05 0.0143576
0.504891 14.0716 0.217347 1.17543 0.000133586 0.0033022 -0.225447 -0.97425 0.0412252 0.0200511 -0.00150621 0.00183415 -0.00397616 0.218389
0.497176 14.0838 0.228779 1.1825 6.98209e-05 0.00403497 -0.295328 -0.955387 0.0116589 0.00996706 -0.00936452 0.00209954 -0.00170395 0.255842
0.503105 14.0767 0.233668 1.18505 -0.000367819 0.00415729 -0.359184 -0.933258 -0.000556996 0.00309731 -0.0132449 0.00256273 -0.000178763 0.219946
0.516258 14.0618 0.230751 1.1767 0.000230814 0.00404932 -0.412105 -0.911128 -0.0036044 -0.00125627 -0.00613126 -0.00422704 0.0013673 0.247839
0.554797 14.0417 0.224301 1.16119 0.000125485 0.00341195 -0.479716 -0.877417 -0.00506359 -0.00119038 0.00608957 0.00612144 0.00250959 0.325626
0.567397 14.0235 0.21599 1.16433 -0.000767907 0.00232161 -0.547147 -0.837033 0.00470264 -0.00334032 0.00958004 0.00158703 0.000604502 0.211735
0.578921 14.0022 0.204314 1.17023 -0.000495692 0.00157362 -0.580211 -0.814465 0.0107439 -0.00472282 0.00308316 0.00335328 0.00410513 0.0936102
0.592137 13.9808 0.193991 1.17389 0.00114519 -0.00222946 -0.600994 -0.79925 0.0168163 0.000498059 -0.0461588 0.00874873 0.106144 0.0642752
0.604773 13.977 0.205653 1.14801 0.00340211 -0.00547835 -0.605123 -0.796106 0.0393879 0.0553571 -0.0507924 -0.00110717 -0.00213347 -0.0268101
0.625152 13.9786 0.240438 1.12921 0.00459938 -0.00574468 -0.598426 -0.801144 0.0375301 0.0728193 5.5176e-05 0.00133378 -0.00124973 -0.0228337
0.640537 13.9824 0.281697 1.12863 0.00437184 -0.0059238 -0.596169 -0.802826 0.0344029 0.0801007 0.000544061 0.00132547 -0.000960376 -0.00603583
0.661113 13.9826 0.320995 1.12182 -0.00295374 0.0022076 -0.590355 -0.807136 0.0176739 0.0301061 0.00622982 0.00227141 0.0114436 -0.0629186
0.66885 13.9812 0.333485 1.11682 -0.00273008 0.00113943 -0.574532 -0.818477 0.0115307 0.000951156 0.011402 0.000889495 0.000774638 -0.0865902
0.66753 13.983 0.333838 1.11216 -0.00260553 0.000915466 -0.555939 -0.831219 0.0103456 -0.0109006 0.0167482 -0.00172297 0.000491035 -0.10412
0.668603 13.9845 0.326358 1.12155 -0.0027217 0.000512068 -0.531048 -0.847337 0.00883876 -0.0150701 0.00908172 0.00187335 0.00159054 -0.148842
0.658956 13.9895 0.314779 1.119 -0.00191875 0.000598117 -0.489521 -0.871989 0.00918152 -0.0154072 0.0106651 -0.00461788 0.00126473 -0.215258
0.646084 13.9932 0.300753 1.12763 -0.00103081 0.000700714 -0.434927 -0.900465 0.00339398 -0.0110363 0.00251671 -0.00150142 0.00134068 -0.187382
0.640203 13.9943 0.29241 1.12792 -0.00074293 0.000656853 -0.396995 -0.917821 6.34966e-05 -0.00630143 0.00164903 -0.00177418 0.000114618 -0.148087
0.636063 13.9973 0.281034 1.11911 -4.89266e-05 0.000744104 -0.366023 -0.930605 -0.00182948 -0.00341235 0.0113158 -0.00260014 0.00122144 -0.092686
0.626917 14.0006 0.277217 1.13427 0.00332229 -0.00985166 -0.347596 -0.937587 0.022637 0.0191562 -0.0198332 -0.00223785 -0.00219423 -0.0453576
0.617319 14.0247 0.291654 1.12718 0.00248001 -0.00708802 -0.341468 -0.939864 0.0536143 0.0427352 -0.0135739 -0.00598542 -0.00380032 -0.0064417
0.605436 14.0595 0.320573 1.12719 0.0030958 -0.00638554 -0.34407 -0.938917 0.0575897 0.0525165 -0.00406939 0.00114667 0.000926631 0.0251669
0.596232 14.0956 0.354919 1.13385 0.00305252 -0.00686168 -0.351438 -0.936181 0.0600327 0.0560324 -0.0044799 0.000130289 0.00145244 0.0304964
0.583358 14.1305 0.387824 1.1268 -0.0011978 0.00355855 -0.360822 -0.932627 0.0377113 0.03449 0.00363982 -0.000654402 -0.000249641 0.0664626
0.575094 14.1506 0.405198 1.13237 -0.000818106 0.00255988 -0.383814 -0.923407 0.00547787 0.00311808 0.00300875 -0.000361143 -0.00191079 0.100147
0.575423 14.1559 0.411363 1.12494 -0.00169028 0.00234316 -0.389698 -0.920938 -0.00451681 -0.0116939 0.0107607 -0.00170747 -0.00049087 -0.0738613
0.57152 14.1566 0.410509 1.1382 -0.0012522 0.00270592 -0.354519 -0.935044 -0.00937845 -0.0172971 -0.00516338 1.19341e-05 -0.000426169 -0.140017
0.588828 14.1512 0.402756 1.14038 -0.00101834 0.00258963 -0.318364 -0.947964 -0.0121145 -0.018283 -0.00654898 -0.00145789 0.00158066 -0.137514
0.591428 14.1399 0.394271 1.13295 -0.000893062 0.00209177 -0.282043 -0.959399 -0.0121751 -0.0148043 -0.00198048 8.93084e-05 0.00140147 -0.11298
0.579879 14.1303 0.387317 1.13162 -0.000790598 0.00176867 -0.257047 -0.966397 -0.0100394 -0.0116831 0.00208415 0.000102074 0.00188078 -0.0926415
0.58658 14.118 0.378623 1.12837 8.72199e-05 -0.00418296 -0.23302 -0.972463 -0.00288433 -0.00730128 -0.002208 0.00828753 0.115943 -0.0666288
0.576482 14.1316 0.376041 1.12953 0.00127448 -0.00698236 -0.215948 -0.976379 0.0544834 0.0161119 -0.0170781 -0.0167463 0.00361689 -0.0467413
0.5587 14.163 0.386107 1.12043 0.00218035 -0.00670194 -0.209633 -0.977755 0.0672919 0.0305554 -0.0220869 0.00176324 -0.000197929 0.00342423
0.540749 14.2052 0.404788 1.10426 0.00235655 -0.00654495 -0.212952 -0.977038 0.0712275 0.0344809 -0.0295109 -0.00270895 -0.00172458 0.0210558
0.519968 14.281 0.442884 1.07053 0.00196795 -0.00760991 -0.224327 -0.974482 0.0739455 0.037653 -0.0283944 0.00836878 0.00568006 0.0272495
0.510085 14.3698 0.491415 1.05128 0.00192785 -0.00816982 -0.226529 -0.973968 0.0826914 0.0378125 -0.0282923 -0.000447173 0.00101262 -0.0043929
0.482593 14.4307 0.525376 1.02649 0.00194523 -0.00843428 -0.224553 -0.974424 0.0858472 0.0406629 -0.0290436 0.000753788 0.000344369 -0.0044476
0.449069 14.4902 0.556776 1.01824 -0.00113399 0.0029088 -0.210337 -0.977624 0.0372137 0.0152317 0.00841224 -0.00102456 0.00803178 -0.104398
0.43368 14.5186 0.569862 1.02553 -0.00113759 0.00350505 -0.172285 -0.98504 0.00172573 -0.00195102 0.00534271 0.000129524 -0.00131949 -0.132564
0.426984 14.5228 0.574249 1.02956 -0.00173588 0.0035086 -0.137811 -0.990451 -0.0133386 -0.00879899 -0.00432814 0.000428602 -0.00142679 -0.130983
0.434573 14.5112 0.565794 0.985879 -0.00191832 0.00366319 -0.0566402 -0.998386 -0.020658 -0.0132913 0.0451098 -0.00180618 0.00225319 -0.168817
0.448248 14.4945 0.552814 0.991722 -0.000294924 0.00305831 -0.0238024 -0.999712 -0.0177879 -0.00706152 0.0385648 -0.00469483 0.000152613 0.00302074
0.46565 14.4508 0.533075 1.02904 -0.001786 0.00145816 -0.0744598 -0.997221 -0.00555025 -0.00174328 0.0028254 -0.00113197 0.00289062 -0.0721744
0.474768 14.4334 0.524529 1.03749 -0.000660425 0.000746569 -0.0348012 -0.999394 0.00133542 -0.00211126 -0.0123648 -0.0036052 0.00334925 -0.168858
0.48627 14.4188 0.511755 1.04066 0.000345031 7.69242e-05 0.0136192 -0.999907 0.00712326 0.00166249 -0.014303 -0.00473633 0.001899 -0.141903
0.473842 14.4193 0.50147 1.02414 -0.000529313 -0.00747269 0.0443591 -0.998988 0.0509005 -0.00247605 -0.0484087 -0.000582901 -0.0136855 -0.0493665
0.464899 14.4482 0.494677 0.994153 -0.000737111 -0.00659731 0.0513194 -0.99866 0.0689777 -0.00498521 -0.0469496 1.09946e-06 0.00074293 -0.00400978
0.450233 14.4922 0.483963 0.967287 -0.000381696 -0.00688437 0.0526406 -0.99859 0.0740205 -0.00788996 -0.0433182 -0.013029 -0.00299222 0.000445733
0.441257 14.5348 0.475675 0.935193 0.000181104 -0.00718604 0.0499048 -0.998728 0.073927 -0.00325657 -0.0410558 0.000758085 0.00234849 0.0252993
0.43582 14.5923 0.46869 0.911678 -4.37902e-05 -0.00776585 0.0419515 -0.99909 0.0770035 -0.00239978 -0.0343257 -0.00369107 -0.000868026 0.0306052
0.435578 14.6624 0.464425 0.889531 0.000452891 -0.00798316 0.0301499 -0.999513 0.0799886 0.00255557 -0.0290196 0.00129346 0.00123546 0.0476958
0.450265 14.7344 0.461893 0.86126 0.000244336 -0.0081882 0.0178324 -0.999807 0.0858552 0.00369565 -0.0129088 0.00292587 -0.0182132 0.042893
0.438999 14.824 0.452188 0.879884 -0.00191362 -0.00987631 0.0464935 -0.998868 -0.000226315 -0.00182142 0.0140218 0.00568061 0.110099 -0.0654556
0.362286 14.8625 0.44254 0.896362 -0.00136512 -0.00878402 0.0630928 -0.997968 0.0710317 -0.0154913 0.0105642 -0.000337867 -0.00614691 -0.0485768
0.366767 14.9107 0.43362 0.904023 0.00150408 -3.38624e-05 0.0729579 -0.997334 0.0462481 -0.000209884 0.00248692 0.0038177 0.0139586 -0.0105831
0.382102 14.9498 0.433404 0.907875 0.000918773 -0.000983169 0.0735456 -0.997291 0.0353716 0.00489371 0.00219092 7.53936e-05 -0.00028034 0.00281798
0.411006 14.9972 0.438047 0.905083 0.000717951 -0.00068859 0.0730552 -0.997328 0.0357336 0.00173694 0.00433899 -0.000101603 -0.000939714 0.00196018
0.420738 15.0111 0.441405 0.915839 -0.000528084 0.000816898 0.0902528 -0.995919 0.0269554 -0.00552532 -0.00992302 -0.00184167 -0.000578822 -0.111819
0.424693 15.0144 0.442508 0.912824 -0.000214952 0.00110459 0.13162 -0.9913 0.0192102 -0.00601904 -0.00865166 -0.000213151 0.000786762 -0.121438
0.425029 15.0133 0.443846 0.913325 -0.000344296 0.00111742 0.169587 -0.985515 0.0164189 -0.00557353 -0.00685636 0.000417012 -0.000309412 -0.104411
0.424838 15.0106 0.443616 0.903445 -0.000341673 0.00123846 0.20072 -0.979648 0.0148117 -0.00544951 0.00053065 -0.000571103 0.000377145 -0.0837017
0.421884 15.0062 0.441531 0.89756 -0.00318817 -0.00815823 0.223505 -0.974663 0.0312307 -0.0155144 0.00553912 -0.000834712 0.0277469 -0.0595224
0.417425 15.0592 0.396303 0.895168 -0.00246306 -0.0061424 0.256611 -0.966492 0.0732083 -0.0436797 0.00468688 -0.000305685 0.00177473 -0.0366953
0.420466 15.0979 0.363805 0.899038 -0.00224427 -0.00686609 0.265573 -0.964064 0.0781909 -0.0472936 0.00327655 0.000185043 0.000449642 -0.0186524
0.426827 15.1488 0.325401 0.896782 -0.00150724 -0.00734345 0.270608 -0.962661 0.0818841 -0.0494568 0.00369475 -0.0052108 0.000598346 -0.00486977
0.445083 15.207 0.289085 0.899348 -0.00185523 -0.00762972 0.267988 -0.96339 0.08682 -0.0473432 0.00465405 0.000537038 0.000941894 0.0192397
0.472572 15.2672 0.252402 0.901916 0.00129267 0.00300166 0.245263 -0.969451 0.0411646 -0.0189953 0.000107214 0.00101989 0.00856455 0.158071
0.485019 15.2857 0.241942 0.905465 0.00085577 0.00273116 0.184069 -0.982909 0.00560705 0.00101819 -0.00261954 0.00383953 -0.00023641 0.177978
0.483561 15.3027 0.234231 0.925294 -0.00111466 -0.00946272 0.146874 -0.989109 0.0603469 -0.0174528 0.0234625 -0.0011475 -0.0256588 0.0588046
0.514977 15.3447 0.224419 0.940769 7.76985e-05 0.00195611 0.0664451 -0.997788 0.00691118 -0.00503569 -0.0150068 0.000254082 0.0001834 0.128641
0.513418 15.3423 0.224816 0.941104 7.45413e-05 0.00194004 0.026423 -0.999649 -0.000150781 -0.00318641 -0.0169584 -0.000325386 0.000207979 0.0900418
0.50896 15.3335 0.223612 0.932627 0.00023523 0.00159752 0.00171268 -0.999997 -0.00184297 -0.00244773 -0.00610488 -0.000294298 0.000485121 0.0669707
0.510485 15.3426 0.220987 0.940643 -0.001083 -0.00796279 -0.0079462 -0.999936 0.062712 -0.00954491 0.00171314 -0.00214681 -0.00759391 -0.00971644
0.61981 15.4608 0.214768 0.892222 -0.00084693 -0.00834886 0.00656597 -0.999943 0.0819566 -0.00634467 0.00187239 4.74766e-05 0.00153125 -0.017056
0.691525 15.5439 0.210024 0.900575 -0.00087929 -0.00915246 0.0116148 -0.99989 0.0843635 -0.00477203 0.00185101 0.000674986 0.000948846 -0.0108426
0.771708 15.6375 0.2025 0.915307 -0.00101701 -0.00934487 0.0147181 -0.999848 0.090323 -0.00575359 -0.0132901 1.52209e-06 -0.000303736 -0.0115102
0.805013 15.7422 0.196498 0.914208 -0.00112332 -0.00963822 0.0186459 -0.999779 0.0955412 -0.00554174 -0.0124269 0.000687791 -0.000597338 -0.0125793
0.812009 15.8551 0.189681 0.911988 -0.00119091 -0.0098166 0.0228728 -0.99969 0.102071 -0.00536899 -0.0123936 0.00256453 -0.00151424 -0.0134093
0.860033 16.0872 0.165945 0.898802 -0.00123973 -0.0101478 0.0322564 -0.999427 0.111926 -0.00856264 -0.0113643 -0.000421222 -0.000943467 -0.0120186
0.906398 16.203 0.155293 0.895306 -0.00127378 -0.0101004 0.0360027 -0.9993 0.117685 -0.00832291 -0.0120971 0.000283798 0.000379698 -0.0102702
0.978305 16.3549 0.140491 0.88712 -0.000814849 -0.00988092 0.0360265 -0.999302 0.12662 -0.00575408 0.00388977 0.000572411 -0.000799703 0.00842235
0.985323 16.4867 0.125753 0.879623 -0.000796424 -0.00976977 0.0318545 -0.999444 0.132168 -0.00683645 0.00491426 -6.18381e-06 -0.000583935 0.00885307
0.991335 16.6259 0.113981 0.88416 -0.000833754 -0.00959854 0.0282861 -0.999553 0.137581 -0.00662211 0.00439076 -0.000116885 -0.000377273 0.0070222
1.00455 16.7547 0.102771 0.894757 -0.000830725 -0.00942191 0.0254057 -0.999632 0.141739 -0.00643337 0.00460374 5.90847e-06 -0.000835908 0.00538352
1.01254 16.9004 0.0897547 0.895827 -0.000788412 -0.00931337 0.0226152 -0.999701 0.144503 -0.00641003 0.00482412 -3.84016e-05 -0.000229342 0.0041735
1.03009 17.046 0.0759431 0.904932 -0.000719644 -0.00926066 0.0203138 -0.999751 0.146504 -0.00689711 0.00482318 -0.000345561 -0.000387826 0.00239187
1.05674 17.1723 0.0663085 0.922768 -0.000713509 -0.00910356 0.0186434 -0.999785 0.14871 -0.00655865 0.00486478 -0.000591645 -0.000472132 0.00245079
1.07412 17.2927 0.0563318 0.937176 -0.000659705 -0.00913463 0.017281 -0.999809 0.148843 -0.00641764 0.00415781 -0.000199131 -0.000417666 0.00294666
1.05438 17.4165 0.0486656 0.94365 -0.000643047 -0.00911539 0.0156707 -0.999835 0.148728 -0.00569398 0.00333335 -7.50752e-05 -0.000150794 0.00210357
1.03004 17.5317 0.0389009 0.919063 -0.000543123 -0.00920071 0.0141422 -0.999858 0.14745 -0.00631655 0.00432449 -0.000389233 9.94084e-05 0.00227132
1.04176 17.7477 0.0280478 0.936996 -0.000518424 -0.00930444 0.012012 -0.999884 0.146938 -0.00497781 0.0045229 -1.26933e-05 -2.92845e-06 0.00235335
1.04386 17.8692 0.0228337 0.938478 -0.000580465 -0.00931812 0.0105517 -0.999901 0.147033 -0.00419479 0.0045213 8.11283e-05 0.000251392 0.00131602
1.06231 17.9938 0.0176978 0.95821 -0.000518963 -0.00938532 0.009516 -0.999911 0.146378 -0.00371955 0.00410815 -0.000166606 0.000549049 0.000911282
1.07845 18.1244 0.0141909 0.971148 -0.000584884 -0.00943367 0.00838073 -0.99992 0.147092 -0.00258792 0.00353034 0.000156866 -0.000995157 0.00189944
1.07773 18.3566 0.00539674 0.965762 -0.000555276 -0.00872192 0.006159 -0.999943 0.138527 -0.00248681 0.000976122 -0.000687464 -0.00163515 0.00029608
1.05269 18.4811 -0.000627926 0.949402 -0.000531 -0.00822224 0.00531366 -0.999952 0.133062 -0.00216059 0.00265491 -0.000155049 -0.000631168 0.00128843
1.0965 18.6855 -0.0104001 0.990112 -0.000436374 -0.00750155 0.00331932 -0.999966 0.121884 -0.00205076 0.00299992 -8.60257e-05 -0.000588922 0.00236458
1.10068 18.7834 -0.0143336 0.988663 -0.000435065 -0.00714818 0.00186517 -0.999973 0.116042 -0.0019078 0.00311381 0.000148293 -0.000654792 0.00169488
1.10428 18.8892 -0.0166534 0.998481 -0.000429322 -0.00663865 0.000721933 -0.999978 0.111535 -0.000793314 0.000222077 -0.000135256 -0.0014753 0.00270081
1.09879 18.9999 -0.0178573 0.992699 -0.00045208 -0.00614322 -0.00141323 -0.99998 0.103986 6.17873e-05 0.000511235 0.000124905 -0.00098833 0.00394231
1.10412 19.089 -0.0181194 0.999173 -0.000495747 -0.00574404 -0.00357527 -0.999977 0.0981035 0.000733828 0.00103629 0.000329746 -0.00119912 0.00161874
1.1285 19.1731 -0.0214311 1.02438 -0.000473573 -0.00540155 -0.00481717 -0.999974 0.0908411 0.000751231 0.000398178 -8.26153e-05 -0.000366799 0.00309931
1.14323 19.3118 -0.0289942 1.03356 -0.000408158 -0.004635 -0.00829973 -0.999955 0.0823717 0.000246878 -0.00147706 1.88848e-05 -0.00107757 0.00365426
1.12832 19.4356 -0.0372221 1.02238 -0.000319001 -0.00406313 -0.012924 -0.999908 0.0717214 -8.65547e-05 -0.0019405 -0.000116712 -0.000595144 0.00550104
1.13488 19.4974 -0.0396793 1.02981 -0.000239369 -0.00365627 -0.0168502 -0.999851 0.0674502 0.000319051 -0.00127661 -4.85074e-05 -0.000873566 0.0101534
1.12906 19.5604 -0.0414393 1.01622 -0.000213615 -0.00331039 -0.0229911 -0.99973 0.0617274 0.000478201 -0.00182711 -0.000132011 -0.000674961 0.0113072
1.11425 19.6149 -0.0400979 1.00545 -0.000228936 -0.00303767 -0.0291818 -0.99957 0.056278 0.00130549 -0.000689657 -0.000169679 -0.000608536 0.012107
1.09529 19.6614 -0.0432349 0.986927 -0.000118067 -0.00296467 -0.0356406 -0.99936 0.0495166 0.000227014 -0.000223811 -0.000408285 -0.000193824 0.0111702
1.10464 19.7067 -0.0447769 0.997714 -4.10739e-05 -0.00264428 -0.0421354 -0.999108 0.046389 0.000178582 0.00202396 -0.000404657 -0.000825143 0.0141003
1.11875 19.7966 -0.0373566 1.01192 0.00142642 -0.0120621 -0.0457336 -0.99888 0.14319 0.0177914 -0.0154273 0.00106604 -0.0197951 -0.00420762
1.11304 19.9208 -0.0214281 1.00542 0.000893412 -0.00520603 -0.0438041 -0.999026 0.114608 0.01514 -0.00635587 -0.000489006 -0.0135144 -0.00414223
1.11153 19.9941 -0.00963705 1.00216 0.000589888 -0.00157042 -0.043068 -0.999071 0.0760576 0.0109759 -0.00289877 0.000981157 -0.00830835 -0.00327605
1.09721 20.0725 0.0123871 0.989235 -0.000386077 0.00230157 -0.0421995 -0.999106 0.0047685 -0.00211654 0.0111301 0.000204127 -0.00199635 -0.00178463
1.0995 20.0682 0.0128617 0.992018 -0.000469038 0.00257516 -0.0420034 -0.999114 -0.0064254 -0.0043679 0.00786744 -0.000407008 0.000680741 -0.00137986
1.11534 20.0473 0.00456857 1.00809 1.85272e-05 0.00193393 -0.0418052 -0.999124 -0.00839008 -0.00468711 -0.00644249 -0.0010008 0.00285407 -0.000274449
1.10983 20.0271 0.00656133 1.00021 -0.000303887 0.00133004 -0.0420116 -0.999116 -0.00365538 -0.00103556 -0.00231356 0.00162923 0.00200662 -0.000842701
1.09551 20.0039 0.00120676 0.993368 -9.53338e-05 0.000211215 -0.0417335 -0.999129 0.00084814 -0.00347937 0.0114988 -0.00196814 0.00227031 -0.000356327
1.12169 19.9947 -0.00142027 1.00982 7.43516e-05 -0.00018106 -0.0417657 -0.999127 0.00588823 -0.000553775 -0.0109165 -0.000444492 0.000898617 -0.00043592
1.11712 19.9962 -0.000311769 1.00969 1.96515e-05 -0.000267963 -0.0417888 -0.999126 0.00483841 0.000152308 -0.00736669 0.000584461 -0.000371957 2.3825e-05
1.11266 19.9972 0.000388614 1.00179 1.40865e-05 -0.00044435 -0.0418395 -0.999124 0.00200925 -0.000453972 -0.00203213 0.000168746 -7.72069e-05 -0.000309996
1.1077 20.0019 0.000515481 0.994996 1.56524e-06 -0.000201662 -0.0416693 -0.999132 -0.00103875 -0.000932545 0.00325404 -0.00011978 0.000503752 0.000334476
1.09085 20.0087 0.00172836 0.981538 -7.65468e-05 7.40284e-05 -0.04196 -0.999119 -0.00301083 -0.000601927 0.019952 0.000326191 -0.00131975 -8.2048e-05
1.09027 20.0137 0.000577098 0.979989 4.74292e-05 0.000261213 -0.0419901 -0.999118 -0.00654813 -0.00108668 0.0188561 0.000163781 -0.000884091 -0.00144806
1.08963 20.0192 0.00371558 0.980652 -0.000175832 0.00066912 -0.041756 -0.999128 -0.00810366 -0.000611341 0.0199452 0.000436832 -0.00189361 -0.000177099
1.11453 20.0206 0.00435011 1.00756 -0.000245072 0.00081215 -0.0417537 -0.999128 -0.0110627 -0.00200794 -0.00715382 -0.000292622 -0.000165474 -0.000324156
1.10607 20.0196 0.0013507 1.00056 -8.46689e-05 0.000926006 -0.0418602 -0.999123 -0.0109169 -0.00196474 0.00115917 -0.000870949 -0.000837827 -0.000340345
1.10009 20.0184 0.000274136 0.990225 -2.95499e-05 0.00104856 -0.0417819 -0.999126 -0.0103219 -0.000395334 0.00969662 0.000111886 -6.57729e-05 0.00015067
1.10564 20.0129 0.00105975 0.996803 -0.000114817 0.000887434 -0.0416455 -0.999132 -0.00933978 -3.65345e-05 0.00301291 0.000286087 0.000199265 0.000468048
1.11979 20.007 -0.00134246 1.0125 7.46948e-05 0.000677038 -0.0419439 -0.99912 -0.00701531 -0.000528804 -0.0113597 -6.03608e-05 0.000769527 -0.000253485
1.10066 20.0033 -0.00197286 0.989188 0.000122361 0.000500886 -0.0418684 -0.999123 -0.0037706 7.01845e-05 0.00946795 6.11324e-05 -0.000500193 0.000126351
1.10029 20.0009 -0.000162079 0.992267 -1.22749e-05 0.000439315 -0.0420288 -0.999116 -0.0031563 0.000408169 0.0105673 0.000362422 0.000651266 -0.000861672
1.109 19.9982 -8.14321e-05 1.00069 1.8991e-05 0.000259928 -0.0418007 -0.999126 -0.00147741 -0.000449573 0.000619209 -0.000101901 -5.23019e-05 -0.000474656
1.12244 19.9997 -0.0013944 1.01293 0.000158029 0.000364701 -0.0417032 -0.99913 -0.000585335 -0.0005518 -0.0126575 -0.000126899 -0.000344807 6.45944e-05
1.12318 19.9971 -0.00203633 1.0138 0.000211754 0.000108047 -0.0418458 -0.999124 -0.00107655 -0.000131581 -0.0133817 0.00013712 8.31042e-06 -0.000156089
1.11651 19.9971 0.000759058 1.00497 5.58935e-05 0.000131998 -0.041688 -0.999131 -0.00066264 -2.09304e-05 -0.00657854 0.000385589 0.000149881 -0.000567569
1.09018 19.9946 0.00403547 0.978422 -0.000165539 -0.000195634 -0.0416804 -0.999131 -0.000672452 -0.00109347 0.0212637 0.000403883 -0.000144624 0.000887834
1.07478 20.0012 0.00801453 0.96876 -0.000461398 0.000282706 -0.0420138 -0.999117 -0.000490451 -0.00198699 0.0356618 0.000538658 -0.000173954 -0.000911852
1.10042 20.0018 0.00655799 0.997317 -0.000421764 0.000154336 -0.0417837 -0.999127 -0.00207854 -0.0034707 0.00777707 -0.0006651 -0.000711631 -0.00034387
