0.426827 -0.0508592 0.00343805 0.424233 0.00016366 -0.0103891 0.014533 -0.99984 0.104495 -0.00150759 -0.0104046 -0.000164102 0.00031915 0.00324148
0.4227 -0.0115288 0.00394272 0.418245 0.000170936 -0.0105008 0.0140872 -0.999846 0.110108 -0.00153205 -0.0103343 7.36762e-05 0.000396229 0.00317995
0.41995 0.0652293 0.00519775 0.418052 0.000146116 -0.010762 0.0130409 -0.999857 0.117833 -0.00125605 -0.0101109 0.000197353 0.000961723 0.0033625
0.426564 0.106017 0.00582177 0.424127 0.000121515 -0.0109146 0.012667 -0.99986 0.121318 -0.00116218 -0.00948494 0.00011245 0.000427062 0.00291571
0.43303 0.141104 0.00620152 0.431571 0.000119917 -0.0110868 0.0125775 -0.99986 0.123323 -0.00110944 -0.00972799 7.3278e-05 0.00116056 0.00362583
0.420296 0.186231 0.00672381 0.432473 9.7674e-05 -0.0112875 0.0121651 -0.999862 0.12625 -0.00099174 -0.00759644 0.000240029 0.000926564 0.00431223
0.360191 0.265847 0.00822651 0.437401 0.000611856 -0.0111433 0.0103018 -0.999885 0.129127 0.00221887 0.0181908 0.00106168 0.00173665 0.0134113
0.331815 0.31237 0.00931045 0.43757 -0.000194194 0.00172953 0.00789368 -0.999967 0.110344 0.00201116 0.0162872 0.00248551 -0.0680266 0.0122846
0.309721 0.340767 0.00964013 0.437841 -0.000110477 0.00168177 0.00677654 -0.999976 0.0715814 0.000683729 0.0264592 -0.00154284 0.0278067 0.00614665
0.299533 0.371822 0.00983327 0.446314 -0.000100403 -0.000714529 0.00625666 -0.99998 0.0476034 -0.00052507 0.0327423 -0.000367545 0.00394194 0.000599454
0.298091 0.405531 0.0114406 0.464888 -2.76658e-05 -0.00145615 0.00622724 -0.99998 0.0348374 -0.000761937 0.0384643 0.000186032 0.000204008 -0.00102614
0.298544 0.420841 0.0124945 0.470323 3.10584e-05 -0.00173759 0.00637475 -0.999978 0.0322713 -0.00054865 0.0393196 0.000141003 0.000706448 -0.0006088
0.299535 0.433971 0.015526 0.479193 0.000181783 -0.00193959 0.00650216 -0.999977 0.0309898 0.00114107 0.0411796 0.00023566 0.000588217 -0.00011227
0.307946 0.443787 0.0180368 0.491994 -0.000108708 -0.00183166 0.00660863 -0.999976 0.030237 0.00189839 0.0402418 0.00130448 -0.000979893 0.000539763
0.319108 0.462438 0.0199178 0.507959 -9.51696e-05 -0.00152735 0.00656526 -0.999977 0.0305547 0.00140725 0.038059 -2.68844e-05 -0.0013442 0.000491329
0.32611 0.472917 0.0204421 0.51854 -9.11945e-05 -0.00139132 0.00655426 -0.999978 0.0294626 0.0012133 0.0344596 1.87649e-05 -0.000190715 0.000612599
0.350781 0.488988 0.0200391 0.548051 -8.89383e-05 -0.0011961 0.00625569 -0.99998 0.0288187 0.00064352 0.031804 7.45614e-06 -0.00113535 -0.000605905
0.36162 0.497007 0.0202401 0.558687 -8.4135e-05 -0.00109259 0.00606422 -0.999981 0.0280905 0.000651392 0.0244893 6.33442e-06 -0.000344236 -0.00169168
0.373995 0.503361 0.0203585 0.571573 -7.08166e-05 -0.0010468 0.00609654 -0.999981 0.0271292 0.000711294 0.0212289 -6.5999e-05 -0.000470362 -0.00199546
0.367764 0.5107 0.0195925 0.565258 -5.79509e-05 -0.000935055 0.00631073 -0.99998 0.0260373 0.000634319 0.0179942 -9.35726e-05 -0.000245749 -0.00155967
0.37079 0.514924 0.0196272 0.56908 -7.01871e-05 -0.0008814 0.0063777 -0.999979 0.0244218 0.000888697 0.0195503 0.000294254 -6.48781e-05 -0.000844727
0.378235 0.519293 0.0192164 0.576911 -9.41593e-05 -0.000827977 0.00641542 -0.999979 0.0233182 0.000844191 0.0186173 -8.5084e-05 -0.000474943 -0.000744162
0.39229 0.525804 0.0162429 0.592925 -2.64381e-05 -0.000726026 0.0065264 -0.999978 0.0221319 -0.000189996 0.0163873 -0.000489583 -0.000378829 -5.50254e-05
0.399667 0.529217 0.0154935 0.59819 -2.08009e-05 -0.000708194 0.00658174 -0.999978 0.0208605 6.27672e-05 0.012032 0.000110811 -4.4131e-06 1.50637e-05
0.404738 0.532563 0.0147561 0.604214 -2.77948e-05 -0.000682447 0.00653394 -0.999978 0.0197793 9.32329e-05 0.0101148 1.98808e-05 -0.000238167 0.000220739
0.416658 0.538294 0.014244 0.618074 0.000262236 -0.0140399 0.0062988 -0.999882 0.0472717 0.000529067 0.0211138 -0.000943187 0.0462627 0.00231772
0.434747 0.561864 0.0147687 0.637088 0.000219316 -0.0113604 0.00547336 -0.99992 0.0956798 0.00164132 0.0187295 0.000640427 -0.0151669 0.00708351
0.440553 0.616866 0.0150293 0.636364 0.000129954 -0.010302 0.00315406 -0.999942 0.118302 0.00172948 0.0185891 -7.88815e-07 -0.00150096 0.0089197
0.451733 0.686379 0.013804 0.65108 -0.000479181 -0.0102585 0.00225431 -0.999945 0.126595 -0.00191397 0.0177741 -0.00138083 0.000899639 -0.00386317
0.463128 0.74026 0.0129247 0.662367 -0.000323288 -0.0104587 0.0037066 -0.999938 0.130542 -0.0030107 0.0167868 8.14917e-05 0.000986041 -0.00900564
0.467458 0.791861 0.0123287 0.664306 -0.000213102 -0.0107769 0.00536597 -0.999928 0.133979 -0.00308817 0.0106157 -0.000538804 0.00136173 -0.0100183
0.467814 0.85275 0.0116469 0.667064 -0.000207067 -0.0109175 0.00701024 -0.999916 0.138383 -0.0027795 0.010654 0.000249306 0.000449245 -0.00768889
0.479225 0.906271 0.00976026 0.676303 -0.000194513 -0.0111388 0.00823811 -0.999904 0.140632 -0.00336629 0.0178746 -0.000143742 -0.000939592 -0.0062364
0.52601 0.961713 0.00648669 0.733091 -0.000777233 -0.0025572 0.0113012 -0.999933 0.108631 -0.00628955 0.165063 -0.00149609 0.0204364 -0.028705
0.584639 1.00487 0.00284648 0.793124 -0.000497991 -0.00497556 0.0190136 -0.999807 0.0895937 -0.00808202 0.169596 -0.000786437 0.00323504 -0.0445331
0.642257 1.04453 -0.000217523 0.839523 0.000324496 -0.0130901 0.027476 -0.999537 0.0936719 -0.00769343 0.00310934 -0.00702276 0.0622621 -0.0356754
0.657539 1.12786 -0.000147624 0.856988 0.00019254 -0.0117313 0.0307271 -0.999459 0.140064 -0.00330467 0.00395239 0.00135 -0.00257413 0.00780544
0.677806 1.18267 -0.000229206 0.878479 0.000329899 -0.00966741 0.0283615 -0.999551 0.145167 -0.00242205 0.0831207 -0.000691804 -0.00278249 0.0155033
0.698783 1.25295 -9.3374e-05 0.904859 0.000183195 -0.0101928 0.0242552 -0.999654 0.144833 -0.000997551 0.0837823 0.00038464 0.000771714 0.0191878
0.742277 1.31398 -4.18237e-05 0.941161 0.000367808 -0.0115677 0.0202425 -0.999728 0.146452 -0.000450334 0.0143668 -0.00252354 0.0115271 0.0186618
0.761651 1.38257 0.000375706 0.962943 0.000318452 -0.0114638 0.0157168 -0.999811 0.154265 0.00109756 0.0144895 0.000310089 0.000453899 0.020227
0.779745 1.44903 0.00259189 0.979818 -0.000116992 -0.0118674 0.011406 -0.999865 0.158183 0.00203316 -0.0116065 0.00560882 0.00504051 0.0170023
0.788283 1.52479 0.00339589 0.986772 -0.00029091 -0.0118771 0.00872629 -0.999891 0.164007 -0.000570703 -0.0125336 -0.000842228 2.9594e-05 0.0045914
0.792373 1.59742 0.00418845 0.992754 0.000324192 -0.0114804 0.00801578 -0.999902 0.166905 0.000117924 0.0098037 -0.00306468 -0.00153012 0.00240784
0.80508 1.71241 0.00348322 1.00332 0.000215347 -0.0116734 0.00528998 -0.999918 0.168685 0.00274702 0.00881621 0.00021828 0.00111399 0.013791
0.808458 1.82925 0.00423658 1.00798 0.000206264 -0.0120953 4.9944e-05 -0.999927 0.167322 0.0040931 0.00949267 0.0007206 0.00268342 0.01496
0.815642 1.92626 0.00845301 1.01365 -0.000316161 -0.012512 -0.00357793 -0.999915 0.170934 0.00536958 0.00423405 0.000373858 -0.000550476 0.00855878
0.818266 2.01056 0.0100098 1.01722 -0.000163893 -0.0127853 -0.00480107 -0.999907 0.170181 0.00303853 0.00477447 -0.000731179 0.00273106 0.00256214
0.823979 2.08749 0.0102852 1.02241 0.000188701 -0.012757 -0.00516379 -0.999905 0.171855 0.00329552 0.0044001 7.6063e-05 0.000315824 0.00535541
0.82588 2.17163 0.0119753 1.02468 8.84531e-05 -0.0129007 -0.00675087 -0.999894 0.17313 0.00457081 0.00424098 0.000852766 -6.93028e-05 0.00759131
0.831371 2.26411 0.0126329 1.0331 -0.000604317 -0.0129436 -0.00789579 -0.999885 0.174252 0.00149162 0.00459354 -0.00134217 -0.000385431 -0.000984646
0.839881 2.35237 0.01154 1.03756 -0.000360672 -0.0128953 -0.00657293 -0.999895 0.176696 -0.000893045 0.00388924 -0.00054892 -0.00030039 -0.0103979
0.83994 2.44118 0.010652 1.03992 0.000191962 -0.0133108 -0.00420959 -0.999903 0.17641 0.000315649 0.0152481 0.000890968 0.00113377 -0.00659627
0.845318 2.53414 0.0118047 1.04748 2.47725e-05 -0.0132745 -0.00362834 -0.999905 0.178445 0.00196475 0.0158078 0.000209224 0.000580431 0.00198544
0.865176 2.61531 0.0144429 1.06638 -0.000179791 -0.0134337 -0.00434601 -0.9999 0.179647 0.00285081 0.0156004 0.000796363 0.000726626 0.00235741
0.88292 2.7782 0.0119042 1.0828 -5.98683e-06 -0.0134206 -0.00472761 -0.999899 0.1836 0.000431543 0.00668735 -0.000233795 0.00134012 -0.000750556
0.881537 2.93526 0.00852889 1.07796 9.33349e-05 -0.0134168 -0.00450811 -0.9999 0.186466 -0.000473475 0.0041869 4.5218e-05 0.000432556 -0.000446167
0.859081 3.0893 0.00895367 1.06049 0.000335633 -0.0131641 -0.00430547 -0.999904 0.187609 0.000169589 0.0357291 -0.00436092 -0.00689223 0.000827938
0.876391 3.17488 0.0100441 1.07882 0.000408336 -0.0132378 -0.00533617 -0.999898 0.186149 0.00217268 0.0325197 0.000563434 0.00088767 0.00760802
0.862007 3.26491 0.0127761 1.0915 0.000308155 -0.0133356 -0.00737161 -0.999884 0.18639 0.00298486 0.0308866 2.29606e-05 0.000122782 0.00847237
0.789458 3.36214 0.0156769 1.11455 0.000299156 -0.0134055 -0.00936891 -0.999866 0.187245 0.00317368 0.0311854 -0.000167838 0.000111161 0.00740056
0.667216 3.52127 0.0197845 1.15595 4.91327e-05 -0.0135987 -0.0117331 -0.999839 0.189521 0.00302789 0.0203854 0.00201751 0.000936695 0.00416872
0.603122 3.6133 0.0231021 1.1729 0.000718435 -0.0131276 -0.0117481 -0.999845 0.190996 0.00264906 0.0246097 -0.0190732 -0.0119704 0.000671179
0.520731 3.75697 0.03295 1.13812 0.00107152 -0.0127902 -0.0189382 -0.999738 0.185895 0.0124814 0.0267625 0.00097234 0.000699335 0.0316889
0.462122 3.90444 0.0472556 1.13793 0.000759743 0.00304303 -0.0435657 -0.999046 0.137026 0.0115248 0.0067222 -0.00120493 -0.0127265 0.180816
0.450589 3.97247 0.0562114 1.14956 7.3334e-05 0.00358528 -0.162669 -0.986674 0.0370244 0.00134582 -0.00210431 -0.000582127 -0.00135892 0.305488
0.444589 3.9799 0.0571824 1.16171 -0.000542021 0.00355254 -0.222455 -0.974936 0.0121766 -0.00445528 -0.0145891 0.00785094 -0.00150336 0.148173
0.440991 3.97061 0.0548086 1.1661 -0.000268304 0.00369136 -0.214966 -0.976615 -0.00399522 -0.0122272 -0.0200727 -0.00229542 0.00196493 -0.124022
0.457234 3.95611 0.0503293 1.14789 0.000106991 0.00337416 -0.185503 -0.982638 -0.00948516 -0.0111147 -0.00624554 -0.00118215 0.00220854 -0.129254
0.458503 3.93503 0.0456543 1.15416 0.000195247 0.0028128 -0.154388 -0.988006 -0.0117431 -0.00767048 -0.00888063 0.000225762 0.00333076 -0.109431
0.457172 3.91023 0.043061 1.16174 0.000108444 0.00184896 -0.129729 -0.991548 -0.0108917 -0.00437658 -0.0178354 0.000267863 0.00416021 -0.090968
0.466864 3.89132 0.0424325 1.14645 6.58791e-07 0.00106046 -0.111716 -0.99374 -0.00679829 -0.00210529 -0.00267668 0.000701795 0.00329182 -0.0755976
0.465327 3.88246 0.042044 1.13728 -0.000742497 -0.0148773 -0.0972743 -0.995146 0.037326 0.000317999 0.0219041 -0.000697851 0.0277148 -0.0624416
0.466632 3.90228 0.0437115 1.15263 -0.000401154 -0.0108012 -0.0822941 -0.996549 0.0964093 0.00455302 0.0193795 -0.000377399 -0.00218444 -0.0486332
0.447514 3.93759 0.0463816 1.16999 -0.000290433 -0.0105308 -0.0724781 -0.997314 0.110416 0.00513777 0.0182189 -0.00021011 0.000245334 -0.0401747
0.423081 3.98958 0.050412 1.18771 0.000771538 -0.0111691 -0.0643281 -0.997866 0.119152 0.00757474 0.027267 -0.000949079 0.00322774 -0.026389
0.40084 4.04261 0.0569393 1.21287 0.000560458 -0.0113227 -0.0609154 -0.998079 0.125401 0.0112665 0.0259225 0.00102031 0.000484085 -0.00932022
0.355779 4.14728 0.0714725 1.2474 0.000446005 -0.0118179 -0.0591826 -0.998177 0.131043 0.0127785 0.0257018 0.000401538 0.000977009 -0.000755555
0.358318 4.2127 0.0826814 1.24583 -0.00024673 0.000980337 -0.0589731 -0.998259 0.0858123 0.00857783 -0.0230569 0.000660847 0.0175097 0.000204067
0.376375 4.25695 0.0953885 1.2357 -0.000228243 -0.00283816 -0.0590883 -0.998249 0.0505111 0.00670307 -0.0217221 0.000619121 0.00353093 0.000885371
0.392919 4.29487 0.103762 1.23351 -0.000244227 -0.00326745 -0.0593854 -0.99823 0.0408637 0.00558881 -0.0140659 -2.0964e-05 0.000307943 0.000341685
0.421176 4.32396 0.107237 1.21174 -0.000651239 -0.00297834 -0.0595701 -0.99822 0.0351961 0.00249606 -0.0089407 -0.000884653 0.00125331 -0.000684113
0.429325 4.39644 0.115037 1.23722 -0.000415156 -0.0128169 -0.0553535 -0.998384 0.108644 0.00638355 0.0186948 -0.000739764 -0.00793595 -0.0213051
0.470205 4.50517 0.124008 1.2635 -0.000216848 -0.0120916 -0.0472242 -0.998811 0.131246 0.00808207 0.0222192 -0.00110976 -1.16632e-05 -0.0209227
0.547488 4.62874 0.131814 1.27994 -0.000166116 -0.0123512 -0.0411025 -0.999079 0.139492 0.00868708 0.0226442 -0.000214311 0.00062185 -0.0129443
0.640829 4.7461 0.143635 1.29221 -0.000748515 0.00228963 -0.0362678 -0.999339 0.11877 0.00869905 -0.00294981 0.00138908 -0.0699357 -0.0262287
0.688192 4.80119 0.149958 1.29537 -0.00171036 -0.00753305 -0.0263427 -0.999623 0.0516971 0.00254184 0.0903808 0.0132749 0.184109 -0.0565407
0.714606 4.8536 0.152299 1.33467 -0.000378196 -0.0129386 -0.0128992 -0.999833 0.106737 -0.00092431 0.09411 -0.022078 -0.00367594 -0.0532954
0.758042 4.91955 0.153767 1.3792 0.000282828 -0.0120873 -0.00598553 -0.999909 0.128109 0.00653421 0.0874061 0.00200934 -0.00385797 -0.00523604
0.814406 4.99322 0.157967 1.42224 -0.000717439 -0.0114926 -0.00718473 -0.999908 0.136348 0.00832181 0.090898 0.019043 -0.0088353 0.0106327
0.878578 5.07187 0.164507 1.4704 -0.00150663 -0.0110888 -0.00632013 -0.999918 0.138465 0.00204898 0.0907936 -0.00179575 0.000274891 -0.0171961
0.93469 5.15272 0.166334 1.51626 -0.00181107 -0.0107405 -0.000342317 -0.999941 0.141231 -0.00139284 0.0859893 0.00594273 -0.00574495 -0.031806
0.935929 5.23694 0.163936 1.55508 -0.00162251 -0.0107975 0.00986595 -0.999892 0.142299 -0.0068801 0.0870472 -0.00117478 6.46337e-05 -0.045249
0.939194 5.31601 0.162236 1.58677 -0.00162976 -0.0109559 0.0201792 -0.999735 0.144941 -0.00797878 0.086755 0.000665592 0.000293668 -0.0423525
0.941227 5.41708 0.159499 1.6338 -0.00147881 -0.0111701 0.0320732 -0.999422 0.149432 -0.00919038 0.0830134 -0.00824892 0.00900672 -0.0343021
0.94257 5.49796 0.158009 1.68067 -0.00102149 -0.0118252 0.0375958 -0.999223 0.158264 -0.00582867 0.081993 0.00156483 -0.0014247 -0.0135214
0.93857 5.57582 0.155381 1.73159 -0.00120918 -0.0116121 0.039205 -0.999163 0.163247 -0.0056298 0.0797657 0.00059846 -0.000677516 -0.00448404
0.863236 5.65687 0.152661 1.78414 -0.00100108 -0.0118592 0.0400082 -0.999128 0.166106 -0.00563059 0.0652297 -0.00215631 0.00210202 -0.000481098
0.76778 5.76344 0.146809 1.83439 -0.00103596 -0.0118415 0.0388221 -0.999175 0.169017 -0.00541107 0.0714896 -0.000985463 -0.00173232 0.00706201
0.692273 5.85908 0.141651 1.88532 -0.000169066 -0.0102555 0.0343032 -0.999359 0.160842 -0.000583947 0.10119 0.00112107 0.00358664 0.0274486
0.61974 5.95186 0.141145 1.9342 -0.000479802 -0.0105201 0.0252174 -0.999627 0.160055 0.000998072 0.101979 0.000245886 0.000530464 0.031463
0.556418 6.03768 0.140787 1.95729 -0.00212608 -0.0123562 0.0192612 -0.999736 0.167726 -0.00399806 0.0461479 -0.000886786 -0.00331486 0.00765992
0.503222 6.11117 0.139115 1.97504 -0.00170453 -0.0117568 0.0207388 -0.999714 0.172733 -0.00850645 0.0466104 -0.00065087 0.000348505 -0.0155458
0.462418 6.19939 0.138635 2.01885 0.000243168 -0.00937973 0.0234656 -0.999681 0.165614 -0.0011201 0.108115 0.00310694 0.00599319 0.00768538
0.488324 6.33876 0.138959 2.1547 -0.00149559 -0.00444157 0.0117517 -0.99992 0.141406 0.000995563 0.180538 -0.000396018 0.00490848 0.0179924
0.56174 6.4033 0.139128 2.26056 -0.00124946 -0.0062725 0.0109799 -0.999919 0.120046 -0.00144332 0.178682 -0.000466987 0.000959488 -0.00819847
0.638915 6.44994 0.137515 2.35007 -0.00111296 -0.00673864 0.0132234 -0.999889 0.113974 -0.00234846 0.177349 -0.000512354 0.00010029 -0.0102371
0.685208 6.4971 0.13577 2.38624 0.000281038 0.000315529 0.0031879 -0.999995 0.0859505 0.00249268 -0.0173072 -0.000275548 -0.00765844 0.149277
0.709152 6.55435 0.137242 2.41404 -0.00318567 -0.0155426 -0.0937145 -0.995473 0.105258 0.00232044 0.0287583 -0.00257072 -0.03182 0.104726
0.714807 6.6467 0.141587 2.40806 -0.00144538 -0.0117193 -0.0905194 -0.995825 0.145592 0.00371112 -0.00210345 -0.000830262 -0.000170851 -0.0533906
0.708692 6.71257 0.144048 2.39214 -0.00116114 -0.00784065 -0.0792652 -0.996822 0.150037 0.00642644 0.000804121 -0.012792 -0.144717 -0.0505633
0.71222 6.7711 0.145534 2.38277 -0.0013392 0.00287789 -0.0600982 -0.998187 0.070288 0.000438549 0.0136499 -0.00240105 0.00790797 -0.102704
0.710423 6.81822 0.144787 2.36042 -8.67303e-06 -0.0152543 -0.0292384 -0.999456 0.106746 0.00597994 -0.0717815 0.000346393 -0.0366782 -0.0378737
0.707742 6.87692 0.148598 2.33421 -0.00128831 -0.0119712 -0.0263347 -0.999581 0.134426 0.00760902 -0.0824295 0.000968643 -0.00277745 0.00156398
0.715351 6.94257 0.152223 2.30806 -0.00110874 -0.0115949 -0.0260861 -0.999592 0.142739 0.00524944 -0.0976196 -0.00349365 -0.00183701 -0.00362983
0.716756 7.05278 0.158376 2.23071 -0.000830007 -0.01131 -0.0253846 -0.999613 0.146788 0.00666337 -0.0989476 0.000226114 0.00035659 0.000173227
0.739176 7.1351 0.162447 2.19585 -0.00121593 -0.000364223 -0.0251133 -0.999684 0.13408 0.00550777 0.0103772 0.00347108 -0.110535 -0.0112737
0.793048 7.20829 0.163838 2.17403 -0.000746401 -0.0141217 -0.00792057 -0.999869 0.0651719 0.000120848 -0.0793003 -0.0033016 0.123587 -0.0526432
0.805436 7.27052 0.165513 2.13734 -0.000560616 -0.0122149 -0.00119718 -0.999925 0.134146 0.00372267 -0.0787076 0.00121577 -0.00695999 -0.00252584
0.82789 7.33564 0.16704 2.09632 -0.000751939 -0.0113847 -0.00233502 -0.999932 0.147958 0.00341839 -0.086534 3.50617e-05 -0.00290362 0.00825289
0.859252 7.416 0.170577 2.04845 -0.00098745 -0.0112774 -0.00433215 -0.999927 0.154074 0.00306273 -0.0870306 0.00158762 -0.000860686 0.00558394
0.901962 7.49741 0.173017 1.9958 -0.000937804 -0.0110896 -0.00478561 -0.999927 0.157961 0.00182145 -0.0862817 -0.000270773 0.000627098 0.000237085
0.921609 7.57213 0.174384 1.94853 -0.000832265 -0.0112088 -0.00460998 -0.999926 0.159401 0.00168733 -0.0856607 -0.000179052 0.000659526 -2.97503e-05
0.882112 7.65845 0.177449 1.89063 -0.00155901 -0.0105397 -0.00426079 -0.999934 0.1593 0.000427758 -0.090383 0.000753133 -0.000816963 -0.00661459
0.85401 7.73261 0.178775 1.84657 -4.93737e-05 -0.0108788 -0.00185615 -0.999939 0.157902 -4.88235e-05 -0.0867118 -0.00571517 0.00137226 -0.00758439
0.830858 7.85033 0.181672 1.79419 -0.00246302 -0.0113188 -0.00109417 -0.999932 0.154959 -0.00560567 -0.0644635 -0.00179028 -0.00112112 -0.0216322
0.829055 7.9208 0.17991 1.7673 -0.00228212 -0.0112791 0.00795834 -0.999902 0.153171 -0.0108012 -0.0648859 -0.000821908 0.00218224 -0.0480758
0.830444 8.04057 0.175251 1.71127 -0.00186355 -0.0116839 0.0243179 -0.999634 0.158201 -0.0108665 -0.0672966 0.00273014 -0.000992581 -0.0375334
0.843602 8.12499 0.171508 1.67726 -0.00203115 -0.0117182 0.0328616 -0.999389 0.160451 -0.0116112 -0.0684423 0.00023689 0.000554231 -0.0302179
0.867641 8.21195 0.165822 1.63555 -0.00181943 -0.0115054 0.0395833 -0.999148 0.162372 -0.0117407 -0.0832907 -0.000102867 0.000370601 -0.0217986
0.905178 8.30013 0.156385 1.6033 -0.000668436 -0.0123727 0.0423419 -0.999026 0.168578 -0.00807652 -0.0500831 0.00202802 -0.00220998 0.00359921
0.948679 8.40949 0.152642 1.57353 -0.000528926 -0.012158 0.0367032 -0.999252 0.170128 -0.000973242 -0.024601 0.0107428 0.00733127 0.0313901
0.948066 8.49717 0.152452 1.5591 -0.00143972 -0.0127424 0.0300726 -0.999465 0.174854 -0.00310643 -0.024888 -0.000806529 -0.00101316 0.0196708
0.950754 8.59492 0.149336 1.53448 -0.0018659 -0.0124454 0.0273951 -0.999546 0.177208 -0.00675905 -0.046557 -0.000996961 -0.000235753 0.000434147
0.955313 8.6824 0.145243 1.48069 -0.000723636 -0.0119996 0.0277662 -0.999542 0.177552 -0.00566618 -0.0551692 -0.000735833 -0.00105936 0.00203292
0.954012 8.78504 0.140391 1.44637 -0.00194231 -0.0125938 0.0261376 -0.999577 0.178544 -0.0069085 -0.0460332 -0.00067224 -0.00155976 0.00200924
0.862303 8.87764 0.133438 1.42504 -0.00204149 -0.0121509 0.0278123 -0.999537 0.178737 -0.0114973 -0.049814 -0.00111133 0.000613035 -0.0134157
0.785239 8.96259 0.126679 1.40451 -0.000316835 -0.0124046 0.0309191 -0.999445 0.179095 -0.0089643 -0.0349325 -1.2593e-05 0.0013237 -0.00354317
0.658311 9.1108 0.118529 1.36959 -0.0021244 -0.0119218 0.0293964 -0.999495 0.179502 -0.0113553 -0.0639776 -0.00108525 0.000600131 -0.00670474
0.5852 9.20691 0.110444 1.33778 -0.00189738 -0.0120934 0.0329799 -0.999381 0.179261 -0.0136781 -0.0651184 -0.000340643 1.69809e-05 -0.0158253
0.524806 9.28705 0.104331 1.32495 -0.00146353 0.00344703 0.0432532 -0.999057 0.122943 -0.00960594 0.00967059 0.000680235 0.00360744 -0.0932312
0.501998 9.33788 0.100386 1.28383 -0.00134465 -0.0142264 0.075426 -0.997049 0.111158 -0.00873256 -0.140997 -0.00414892 -0.0142878 -0.0834021
0.498819 9.40125 0.0958271 1.23422 -0.00075115 -0.000241225 0.0847064 -0.996406 0.12367 -0.00648046 0.013893 0.00356057 -0.0640479 0.0166436
0.478194 9.44336 0.0939089 1.22625 -0.00149181 0.00140895 0.0734878 -0.997294 0.0713283 -0.00113644 0.0263527 0.0106738 -0.0031237 0.0478951
0.450717 9.46026 0.0848582 1.2471 -0.00406252 0.00201861 0.141414 -0.98994 0.0397276 -0.0178766 0.00727702 -0.0243838 -0.00622821 -0.592394
0.434893 9.4653 0.0753032 1.26027 -0.00169747 0.00283397 0.303113 -0.952949 0.0209471 -0.0114971 -0.0123318 0.000195888 -0.00356125 -0.691679
0.446149 9.46077 0.0704318 1.24566 0.000131722 0.00214806 0.432806 -0.901485 0.012822 -0.00266122 5.09864e-05 -0.031386 -0.00166426 -0.507438
0.448512 9.45344 0.0703573 1.25053 0.0010594 0.00177348 0.466541 -0.884497 0.0215183 0.0125279 0.000357142 0.00583369 -8.70231e-05 0.119364
0.444228 9.44466 0.0738416 1.26153 -0.000149761 0.00272804 0.41162 -0.911352 0.0174688 0.0140868 -0.0145358 0.0027501 0.000905183 0.288531
0.450515 9.43342 0.0799305 1.26302 -0.000472925 0.00262561 0.350305 -0.936632 0.0103005 0.0107173 -0.016229 -0.000675334 0.002094 0.234408
0.472106 9.4152 0.087896 1.24686 -0.000310942 0.00187711 0.29167 -0.956517 0.00504418 0.00662705 -0.0043445 -0.00140271 0.00399715 0.165678
0.486834 9.39765 0.0936609 1.2448 -0.000226566 0.000986824 0.254364 -0.967108 0.00452599 0.00387512 0.00214869 -0.000357281 0.00330028 0.147933
0.500669 9.37499 0.101117 1.24855 -0.00041759 -0.000246612 0.203784 -0.979016 0.00812945 -0.000427319 -0.00249344 0.000721753 0.00204145 0.117222
0.504359 9.36904 0.104429 1.25075 -0.000795236 -0.000418829 0.177174 -0.984179 0.0105327 -0.00277955 -0.00203556 0.000322481 0.00039775 0.0860654
0.504624 9.3653 0.105876 1.24736 -0.000997035 -0.0099204 0.158251 -0.987349 0.0220436 -0.00515623 -0.0892746 0.00901298 0.105647 0.0624926
0.526084 9.38491 0.101069 1.20516 -0.00234481 -0.0099802 0.149704 -0.988678 0.076496 -0.0227128 -0.0840742 -0.00076861 -0.00566305 0.0118326
0.535468 9.41975 0.0924064 1.16245 -0.00231097 -0.00978142 0.149738 -0.988675 0.0912377 -0.0266458 -0.0761134 7.47233e-05 0.000338096 -0.00624701
0.562398 9.46648 0.0816443 1.10277 -6.89124e-05 -0.00743649 0.148433 -0.988895 0.0907839 -0.0158784 -0.1079 0.00399938 0.00560824 0.0275739
0.601925 9.52774 0.0723435 1.03387 -0.0010234 -0.00840411 0.13688 -0.990552 0.0921338 -0.00904455 -0.105789 0.00101125 0.00206748 0.0529223
0.621959 9.58327 0.062347 0.993493 -0.001222 -0.00895954 0.124987 -0.992117 0.0955954 -0.00834273 -0.105422 0.000248246 0.00108636 0.0489721
0.653637 9.65129 0.0499838 0.953243 -0.00127923 -0.0107486 0.11323 -0.99351 0.103267 -0.00826242 0.00357945 -0.000951119 0.0201005 0.0413307
0.671403 9.73399 0.0350583 0.923079 -0.00207125 -0.0114131 0.10258 -0.994657 0.120023 -0.00990907 -0.0380259 0.0140696 0.00864358 0.0333125
0.698651 9.80443 0.0191516 0.899726 -0.00265922 -0.0116068 0.0980291 -0.995112 0.127526 -0.0174545 -0.040978 -0.00230212 -0.000913167 0.0071324
0.733098 9.89004 -0.00318004 0.876481 -0.00219368 -0.0117334 0.0979753 -0.995117 0.133354 -0.0206102 -0.014352 -0.00607628 -0.0012453 -0.00309251
0.756326 10.0179 -0.0335267 0.876621 -0.00210194 -0.0118517 0.0968549 -0.995226 0.143638 -0.0195213 -0.0155649 0.00103803 -0.000497556 0.00653821
0.767671 10.1063 -0.0514708 0.869923 -0.00116038 -0.0112727 0.0943948 -0.99547 0.14635 -0.0157141 -0.0154296 0.000703986 0.00103517 0.0191611
0.789051 10.1947 -0.0729301 0.867127 -0.00196646 -0.0103216 0.0875198 -0.996107 0.14758 -0.0157045 0.0925658 0.00438254 -0.00226208 0.0281019
0.79151 10.2836 -0.092732 0.892868 -0.00203998 -0.0110689 0.0825148 -0.996526 0.148096 -0.0187215 0.0839426 -0.00314037 9.57075e-05 0.0136463
0.795056 10.4215 -0.127743 0.958528 -0.00166216 -0.0110364 0.0780934 -0.996884 0.154197 -0.0217844 0.0820693 -0.00103046 0.000755657 0.010823
0.809546 10.5093 -0.147072 1.00269 -0.00181722 -0.0108116 0.0755764 -0.99708 0.157044 -0.0226938 0.0922517 -0.000499911 -0.000275457 0.0076995
0.824868 10.5957 -0.167962 1.0591 -0.00314581 -0.00966264 0.0749487 -0.997136 0.155966 -0.0289892 0.0884298 -0.000941103 -0.00136087 -0.0112874
0.807825 10.7119 -0.196933 1.09417 -0.000103139 -0.0115837 0.0795823 -0.996761 0.162473 -0.0231761 2.13601e-05 0.00675921 -0.000841546 0.0107903
0.791534 10.7964 -0.213432 1.09815 -0.00118238 -0.0118392 0.0739662 -0.99719 0.168364 -0.0234185 0.00045805 -0.00025769 -0.000494593 0.0240012
0.776637 10.8875 -0.226681 1.10484 -0.0013512 -0.0118054 0.0688114 -0.997559 0.173069 -0.0240912 0.0158927 -0.000342222 0.000616056 0.0161954
0.765652 10.9842 -0.23707 1.09939 -0.00127655 -0.0117879 0.0652153 -0.997801 0.176431 -0.022825 -0.00632137 0.000791187 -0.000463217 0.0111974
0.74874 11.1268 -0.25424 1.08187 -0.0016932 -0.0120762 0.0631364 -0.99793 0.178411 -0.0254227 9.37723e-05 -0.00090691 0.000772301 -0.00310877
0.737009 11.2291 -0.266794 1.08111 -0.00168401 -0.0121962 0.0641568 -0.997864 0.180249 -0.0247636 -3.30691e-05 0.000146031 0.000205433 -0.00299829
0.726363 11.3208 -0.279077 1.0879 -0.000876709 -0.0118769 0.064314 -0.997859 0.180419 -0.0229021 6.88976e-05 -0.00234651 -0.00146889 0.00426575
0.712135 11.4014 -0.29193 1.09259 -0.0014083 -0.0122163 0.061769 -0.998015 0.180572 -0.0213523 -0.00549304 0.00858934 0.00521669 0.0133196
0.688828 11.558 -0.313147 1.10679 -0.00160534 -0.0125167 0.0598234 -0.998129 0.181758 -0.0243641 -0.000448318 -0.000189377 0.00125338 -0.00228476
0.676277 11.6617 -0.326837 1.11681 -0.0016449 -0.0126625 0.060398 -0.998093 0.18247 -0.024083 0.000189316 -0.000305771 0.000498665 -0.00257138
0.661766 11.7549 -0.341102 1.12761 -0.00150303 -0.012749 0.0610017 -0.998055 0.182742 -0.0243689 0.00531287 -0.000475114 0.000427831 -0.00161122
0.604384 11.8469 -0.353596 1.11849 -0.00153485 -0.0130011 0.0610498 -0.998049 0.182068 -0.023479 0.00537421 0.000116177 0.000350562 0.000327006
0.536596 11.9549 -0.368175 1.12397 -0.00100859 0.000688829 0.0615824 -0.998101 0.16119 -0.0210783 0.000793736 0.00320748 -0.102961 -0.017646
0.485387 12.0377 -0.380334 1.09898 -0.000540722 0.00388567 0.0822601 -0.996603 0.0443406 -0.00675415 0.0228745 -0.000153753 -0.00410268 -0.073172
0.476742 12.0542 -0.383271 1.109 -0.000945976 0.00443989 0.103626 -0.994606 0.00842827 -0.00229256 0.0212944 0.000734111 -0.00145134 -0.109085
0.479057 12.0516 -0.386933 1.12431 -0.000665801 0.00433866 0.133866 -0.99099 -0.0125093 -0.0011541 0.00309934 -0.00176888 0.000602758 -0.125177
0.490952 12.0308 -0.389225 1.1316 -0.00030387 0.00381997 0.174393 -0.984669 -0.0242701 0.00277721 -0.00626912 -0.00195229 0.00193819 -0.0964413
0.507024 12.0066 -0.390356 1.13391 9.80976e-05 0.00308397 0.198251 -0.980146 -0.0250479 0.00485937 -0.00584811 -0.00285164 0.00270275 -0.0759479
0.518111 11.9936 -0.391571 1.12077 -0.00454966 -0.0159151 0.216929 -0.976047 0.0432257 -0.0259432 -0.009101 -0.00413926 -0.0309539 -0.0576698
0.513059 12.0446 -0.422502 1.12462 -0.00321385 -0.010007 0.233819 -0.972223 0.10215 -0.0542885 -0.012276 -0.000392558 -0.00176551 -0.0390478
0.516212 12.1036 -0.459468 1.12559 -0.00209922 -0.0104499 0.243784 -0.969771 0.112136 -0.0604643 0.0235084 -0.0122435 0.00639655 -0.0262976
0.510519 12.1708 -0.494879 1.11339 -0.00220311 -0.0107784 0.246097 -0.969183 0.121207 -0.0583385 0.022414 0.00170233 0.00153285 0.00718046
0.478007 12.2341 -0.527497 1.12786 -0.00247042 -0.0111515 0.243787 -0.969761 0.123916 -0.0602389 0.0228482 7.05854e-05 0.00135368 0.0118649
0.448615 12.3038 -0.55761 1.14877 0.00134242 0.00467839 0.23824 -0.971194 0.0841088 -0.0376462 -0.0132075 0.00402443 -0.00516019 0.0518181
0.42882 12.3442 -0.572304 1.15823 0.000307738 0.00364532 0.218923 -0.975735 0.0214435 -0.00773729 -0.0239813 0.00155714 -0.00184945 0.0893205
0.426002 12.3548 -0.574037 1.15443 0.000107072 0.00350032 0.198311 -0.980133 -0.00929894 0.00469916 -0.0210294 0.000350207 0.00191712 0.0773217
0.352261 12.3699 -0.582512 1.14155 -0.00445924 -0.015362 0.185777 -0.982462 0.0683695 -0.0329008 -0.0106982 -0.00250309 -0.0490865 0.00916641
0.348086 12.4091 -0.601181 1.14279 0.00142755 0.000232826 0.187576 -0.982249 0.0582125 -0.0199538 0.000280386 0.0036543 0.0234786 -0.0105779
0.314613 12.438 -0.61182 1.14662 0.000547569 -0.00231849 0.188967 -0.981981 0.0424874 -0.00712391 0.000264573 0.00025523 0.000394938 -0.00210102
0.357822 12.463 -0.616278 1.14465 0.0012076 -0.00227223 0.189283 -0.981919 0.0388126 6.87843e-05 -0.000559074 0.00134456 0.000516807 -0.000344606
0.372984 12.4861 -0.617097 1.13235 0.000148498 -0.00239401 0.189377 -0.981901 0.0372687 -0.000792725 0.000214019 -0.0013622 -0.00113544 -0.000110881
0.384435 12.5135 -0.61836 1.12486 0.000140788 -0.00208121 0.189354 -0.981907 0.0361817 -0.00355222 0.000734908 -0.000462668 -0.00100254 -0.000321285
0.38224 12.5338 -0.618861 1.12629 0.000277251 -0.000815731 0.189405 -0.981899 0.0305017 -0.00263618 -0.000750288 -0.000385564 0.00169663 -0.000415268
0.381826 12.5518 -0.618682 1.13538 0.000397317 -0.00101817 0.189558 -0.981869 0.0270908 -0.00135711 -0.000540773 -0.000140046 -0.000813733 8.11127e-05
0.381052 12.5696 -0.6192 1.14109 0.000514889 -0.00111362 0.189462 -0.981887 0.027357 -0.00103705 0.00353463 0.000335881 -0.00144668 -0.000112111
0.384014 12.5826 -0.617038 1.13686 0.000554589 -0.0006011 0.189496 -0.981881 0.02549 0.000203258 0.000152729 0.000201502 -0.000102912 -0.000251816
0.386411 12.5927 -0.615979 1.12726 0.000602759 -0.000701081 0.189364 -0.981907 0.0230181 0.000194355 -0.00175148 -0.000596497 -9.16917e-05 -0.00089833
0.391149 12.6035 -0.611603 1.12655 0.000592303 -0.000584565 0.189509 -0.981879 0.0218894 0.00130748 -0.000374753 -4.6465e-05 -0.000339903 -0.000664646
0.397377 12.6124 -0.603589 1.13804 0.000446906 -0.000389734 0.189565 -0.981868 0.0189554 0.00281357 -0.00111885 9.37072e-05 3.67287e-05 -6.84593e-05
0.401548 12.6215 -0.59858 1.13689 0.000407977 -0.000283789 0.189598 -0.981862 0.01769 0.00238073 -0.000714228 -0.000348737 -0.000160343 3.88748e-05
0.405213 12.6271 -0.594976 1.13844 0.000240338 -0.000470357 0.179872 -0.98369 0.0164943 0.000986255 -0.00173857 0.000874558 -0.00196347 0.100177
0.410624 12.636 -0.58957 1.12323 -0.000582964 0.000264603 0.140002 -0.990151 0.013345 -0.00107766 0.0125438 0.00265331 -0.00246068 0.143159
0.413906 12.6394 -0.587836 1.1049 -0.000794988 0.000619506 0.106808 -0.994279 0.00713959 -0.00407549 0.0243259 0.000101882 0.00041567 0.120441
0.41475 12.6406 -0.587867 1.10212 -0.000561695 -0.000689953 0.0799006 -0.996803 0.00327084 -0.00534217 0.0092046 -0.0225409 0.0911231 0.0952874
0.413747 12.6603 -0.588404 1.10843 -0.000153454 -0.0112531 0.0610534 -0.998071 0.0758018 -0.00519521 -0.00467594 0.000684638 -0.0178284 0.04582
0.415031 12.7001 -0.588313 1.11401 -0.000222906 -0.0101835 0.0530387 -0.998541 0.0975126 -0.00390551 -0.00605235 0.000539794 -5.96022e-06 0.0270626
0.41417 12.7745 -0.587075 1.11828 -0.000196181 -0.0101228 0.0455769 -0.99891 0.108825 -0.00161238 0.0204794 -0.0034728 -0.00340628 0.020269
0.415568 12.8453 -0.584683 1.13957 -0.000332082 -0.0105931 0.0397042 -0.999155 0.113426 0.00178034 0.0184132 0.000869031 0.00159148 0.0236002
0.418296 12.9207 -0.583311 1.16268 -0.00053809 -0.010994 0.0338072 -0.999368 0.117544 0.00301326 0.0166421 0.00036897 0.00199312 0.0218242
0.419535 12.9996 -0.581905 1.1581 -0.000827397 -0.00230947 0.0280721 -0.999603 0.113407 0.00413493 0.000211007 0.00309416 -0.140276 0.0299962
0.41702 13.0612 -0.584329 1.12795 -0.000793039 0.0034881 0.0106816 -0.999937 0.0273174 0.00547268 0.0390049 0.000501368 -0.000522598 0.0876976
0.414851 13.0877 -0.587124 1.15117 -0.000650714 0.00403731 -0.0153289 -0.999874 -0.0170528 0.00562247 0.0150899 -0.000194287 -4.24187e-05 0.0893467
0.407636 13.0871 -0.594786 1.16591 0.000150825 0.003626 -0.0442354 -0.999015 -0.0399023 0.00632871 -0.00246455 -0.00169889 -0.000842852 0.0795018
0.401976 13.0738 -0.599834 1.17655 0.000747788 -0.00146861 -0.0732615 -0.997311 -0.0411775 0.00916753 0.0137789 0.000215379 0.199822 0.0650815
0.404153 13.0852 -0.597642 1.1908 0.00120612 -0.0126909 -0.0876124 -0.996073 0.0582157 0.0233062 -0.010144 -0.00228061 -0.0360456 0.053609
0.415713 13.1315 -0.586264 1.20117 0.00112876 -0.0101675 -0.101672 -0.994766 0.0936141 0.02949 -0.0112227 -0.00116467 -0.00147651 0.0460547
0.43792 13.2251 -0.563132 1.20285 0.00111782 -0.0100915 -0.117382 -0.993035 0.11149 0.0346114 -0.0161684 0.00188168 0.00145583 0.0333792
0.456863 13.3013 -0.544274 1.20724 0.00104491 -0.0103747 -0.125315 -0.992062 0.119579 0.0360716 -0.0182395 -0.000472526 0.000480458 0.0237553
0.476292 13.3805 -0.523505 1.19631 0.00105041 -0.0108006 -0.131341 -0.991278 0.124186 0.0374402 -0.0181611 -0.000662616 0.00114767 0.0178205
0.490303 13.4585 -0.507306 1.18248 0.000355151 -0.00445709 -0.136663 -0.990608 0.124122 0.0360655 0.00293124 -0.00830529 -0.15739 0.0430364
0.507058 13.5118 -0.492955 1.17306 -0.000153719 0.00367373 -0.180971 -0.983482 0.0448402 0.0188958 0.0075462 0.00500212 0.00329253 0.284128
0.515943 13.542 -0.483731 1.14657 -0.000234835 0.00426782 -0.293854 -0.955841 -0.00273296 0.00184933 0.0388908 -0.00113114 -0.00149291 0.29483
0.516659 13.5443 -0.482854 1.16087 0.00380851 -0.0111264 -0.347774 -0.937505 0.00261596 0.00694266 -0.011887 0.00909576 0.150955 0.133961
0.534158 13.5687 -0.462786 1.14781 0.00342317 -0.0101141 -0.366341 -0.93042 0.0799114 0.0615596 -0.0165971 -0.0046389 -0.0105865 0.0371899
0.581981 13.6186 -0.413874 1.12713 0.00361611 -0.00903432 -0.375299 -0.926853 0.0986211 0.080815 -0.0163321 -0.00018684 -9.52192e-05 0.0193104
0.651109 13.6916 -0.340468 1.12147 0.00194146 -0.00951525 -0.380004 -0.924934 0.110974 0.083259 -0.00487976 -0.00339243 0.000990648 -0.0150059
0.707454 13.744 -0.287052 1.12198 0.00248907 -0.00955607 -0.373579 -0.927546 0.114815 0.084956 -0.0056526 -0.000755482 0.00123127 -0.0337197
0.760012 13.7953 -0.235803 1.14346 -0.00237859 0.00424539 -0.364761 -0.931088 0.0878157 0.0636856 -0.0103515 0.000723354 -0.0362932 -0.0470855
0.794383 13.83 -0.203874 1.14302 0.00220847 -0.012552 -0.338767 -0.940784 0.0428885 0.0198739 -0.0010935 0.00510425 0.122063 -0.0677469
0.810126 13.8546 -0.187046 1.13924 0.00214037 -0.0122369 -0.32397 -0.945986 0.0835007 0.0476552 0.00133754 -0.000215114 0.0122773 -0.059572
0.808157 13.8983 -0.159855 1.14153 0.00179587 -0.0101405 -0.310179 -0.950622 0.112047 0.0646047 -0.000366063 -0.000635085 -0.00107445 -0.0496128
0.753747 13.9536 -0.124186 1.12561 0.0021379 -0.00998927 -0.299231 -0.954126 0.121635 0.0728874 -0.0243048 0.000812891 -0.000350884 -0.0345102
0.700262 14.0093 -0.0913881 1.12633 0.00162397 -0.00991814 -0.291778 -0.956433 0.126588 0.0724092 -0.0209659 -0.00116304 0.00184967 -0.0322814
0.58983 14.1176 -0.0312041 1.13983 1.81851e-05 0.000928439 -0.27919 -0.960235 0.118277 0.0660163 -0.00200093 -0.0116921 -0.116042 -0.00576132
0.552671 14.1513 -0.00735833 1.13797 -0.000991374 0.00300492 -0.292256 -0.956335 0.0456188 0.0283 -0.00325514 0.00272847 0.00209416 0.0889685
0.543479 14.1582 -0.0012904 1.12612 -0.000768489 0.00252832 -0.331933 -0.943299 0.00662909 0.0029137 0.00937334 0.00165945 0.00097946 0.078922
0.548847 14.1525 -0.00176329 1.12894 -0.000561148 0.00255258 -0.352776 -0.935704 0.000987735 -0.000690173 0.00936329 -0.00104977 -0.000462797 0.115925
0.569595 14.13 -0.00753114 1.12183 -0.00112626 0.00169119 -0.410345 -0.911928 -0.00230701 -0.00352559 0.0146515 0.00228895 0.00113643 0.131492
0.583146 14.116 -0.0156471 1.1347 -0.00112279 0.00124864 -0.442333 -0.896849 0.00128988 -0.00580637 0.00572928 0.000130453 0.00278332 0.116204
0.592483 14.1062 -0.026424 1.13503 -0.000794008 0.000707189 -0.466532 -0.884504 0.00449413 -0.006348 0.00179971 -0.000993939 0.00260566 0.0987062
0.601919 14.0968 -0.0357207 1.13833 -0.000583059 0.000135134 -0.489438 -0.872038 0.00677229 -0.00370886 1.46618e-05 0.0015065 0.00151564 0.0798055
0.605473 14.0959 -0.0347156 1.12455 0.00645174 -0.0110894 -0.504445 -0.863349 0.0339661 0.0465201 -0.061088 0.00218292 -0.025899 0.0440056
0.598458 14.1064 -0.00329579 1.09733 0.00476537 -0.00837904 -0.511616 -0.85916 0.0482489 0.079642 -0.0630964 0.000272748 -0.000253017 0.0160631
0.583294 14.126 0.0494818 1.05736 0.00458449 -0.00866015 -0.515061 -0.857098 0.052014 0.0923027 -0.0633386 -1.95687e-05 0.00070519 0.00772376
0.569691 14.158 0.121914 1.00717 0.00475383 -0.00904073 -0.516725 -0.856091 0.0546225 0.100169 -0.0610046 0.000125062 0.000900369 0.00384814
0.559818 14.1889 0.187687 0.947067 0.00505429 -0.00983632 -0.517623 -0.855537 0.0569594 0.106104 -0.0363524 0.000382148 0.00197434 0.00177078
0.542872 14.2215 0.25771 0.908055 0.00513502 -0.0100483 -0.517879 -0.855379 0.0589295 0.111832 -0.0367305 -0.000144968 0.000743501 -0.000956398
0.522742 14.253 0.327919 0.884935 0.00178499 -0.00429785 -0.518495 -0.855068 0.0568265 0.112146 0.00583482 -0.0102573 -0.163931 0.0240555
0.531582 14.2779 0.384931 0.888353 -0.00223405 0.00219451 -0.561892 -0.827205 0.00889592 0.0309878 0.0041138 0.00384604 -0.0031754 0.282469
0.53388 14.2903 0.406728 0.904506 -0.00258256 0.00280787 -0.63742 -0.770507 -0.00725789 -0.00985231 -0.0114184 0.00403597 -8.70962e-05 0.257417
0.531227 14.2937 0.404623 0.898988 -0.00227559 0.00274359 -0.673346 -0.739319 -0.0109719 -0.0261441 -0.0104817 -0.00258158 0.00136459 0.103914
0.527868 14.2981 0.413018 0.927965 0.00813548 -0.00983934 -0.687986 -0.725612 -0.000440031 0.063366 0.0321454 0.00326129 -0.0690165 0.0499047
0.541835 14.3065 0.441598 0.909412 -0.00187496 0.000355367 -0.7016 -0.712569 0.00601148 0.0265543 0.0169954 -0.00264185 0.0114607 0.0831431
0.544922 14.3156 0.453589 0.901716 -0.00105636 0.000684829 -0.718747 -0.695271 0.00491391 0.00355269 0.027301 -0.0019796 0.000721863 0.0869825
0.543836 14.3203 0.457633 0.922026 -0.00142052 1.11525e-05 -0.725705 -0.688004 0.00415271 -0.00887762 0.00872013 -0.00270569 -0.000225423 -0.0786751
0.538239 14.3273 0.457701 0.932522 -0.0010075 0.000466294 -0.688761 -0.724987 0.0049916 -0.0145968 -0.00416658 -0.00473115 -0.000753351 -0.27216
0.535266 14.3301 0.457542 0.949418 -0.000644594 0.00137623 -0.626406 -0.779495 -0.00113063 -0.0173181 -0.0216326 -0.00144365 -0.00105959 -0.298957
0.534457 14.3292 0.453831 0.914227 -0.00055906 0.00147325 -0.567537 -0.823346 -0.00647398 -0.019238 0.010435 -0.000526603 0.000547624 -0.237586
0.53535 14.3244 0.451697 0.921369 -0.000800446 0.0014666 -0.519628 -0.854391 -0.00945165 -0.017805 0.00663609 0.00174604 -0.000464088 -0.177458
0.535381 14.3196 0.445864 0.928859 -0.000892102 0.00122732 -0.480309 -0.877098 -0.00813852 -0.0176482 -0.00181936 -0.000401711 0.000537392 -0.142076
0.53401 14.3166 0.441131 0.934992 -0.000798884 0.0012854 -0.450013 -0.893021 -0.00631055 -0.0153618 -0.00917078 -9.08298e-05 -0.000110118 -0.121615
0.532986 14.3125 0.434261 0.920958 -0.000637741 0.0012002 -0.419086 -0.907946 -0.00468329 -0.0126474 0.00176155 -0.000557171 -7.23227e-05 -0.0921751
0.532004 14.3087 0.428832 0.936795 0.00404816 -0.0127569 -0.398404 -0.917113 0.0235785 0.0139481 0.0117763 -0.000578737 0.0193293 -0.0611858
0.531632 14.331 0.453286 0.957385 0.00265662 -0.00874049 -0.383901 -0.923329 0.0665472 0.0556419 0.00791503 -0.00201683 0.00107469 -0.044671
0.530899 14.3678 0.48752 0.971772 0.00281643 -0.00881418 -0.373596 -0.927546 0.0782911 0.0669544 0.00749069 0.000523934 0.00114369 -0.0305633
0.539086 14.4083 0.529965 0.991465 0.00281563 -0.00927423 -0.366622 -0.93032 0.083457 0.0734026 0.00717079 0.00102381 0.000656954 -0.0236081
0.532382 14.4585 0.578118 1.00018 0.00281115 -0.00955464 -0.360345 -0.932766 0.0890708 0.07727 0.0031679 0.00040394 0.00197966 -0.0203152
0.47651 14.5199 0.632322 0.971502 0.00288274 -0.00976215 -0.355088 -0.934777 0.0964085 0.0821716 0.00404549 -0.000111055 -0.000246492 -0.0167902
0.422384 14.5896 0.683465 0.955051 -0.00205639 0.00407304 -0.335903 -0.941886 0.0472318 0.0349529 0.00761949 -0.00465146 0.0173265 -0.147931
0.404851 14.6096 0.697715 0.964462 -0.0011389 0.00281108 -0.2721 -0.962264 0.000173478 -0.000204709 -0.000684957 -0.000200244 0.00103218 -0.191941
0.401717 14.6169 0.70279 0.974413 0.00358066 -0.0163907 -0.228529 -0.973392 0.0428431 0.0188668 0.00393758 -0.0057806 -0.0112889 -0.106865
0.377804 14.6628 0.728641 0.980608 0.00218011 -0.0111671 -0.21187 -0.977232 0.09451 0.045979 0.00137802 0.00181607 -0.00237746 -0.0269652
0.34975 14.7147 0.755286 0.969446 -0.00075556 0.00159655 -0.207548 -0.978223 0.047834 0.0224819 -0.00100825 -0.00020292 0.0308216 -0.00114774
0.331054 14.7452 0.770984 0.941396 -0.000682308 -0.000894063 -0.2081 -0.978107 0.0224737 0.00725887 0.00841337 -0.000286284 0.00275976 0.00476797
0.320624 14.7729 0.781118 0.923725 -0.00096689 -0.00116503 -0.209014 -0.977911 0.011472 -0.00300476 0.00105314 -3.23427e-05 -0.000146408 0.00366678
0.32069 14.7899 0.781246 0.935283 -0.00125629 -0.00109731 -0.209443 -0.977819 0.0118247 -0.00668758 -0.00324025 -0.000396874 -0.00111314 0.00244176
0.323687 14.8065 0.779082 0.956983 -0.00130928 -0.000967619 -0.209617 -0.977782 0.0109109 -0.00918075 0.000723665 0.000208644 -0.00099225 0.00266822
0.325281 14.821 0.776882 0.983456 -0.00116335 -0.000505026 -0.209974 -0.977706 0.00790585 -0.00895044 0.0101984 0.000397429 -0.000491117 0.00152005
0.328302 14.8329 0.774515 0.998665 -0.00147333 -0.000475338 -0.210036 -0.977692 0.00790771 -0.00990812 0.00394221 1.47793e-05 -0.000921266 0.00183852
0.333249 14.8426 0.768799 1.00663 -0.0013241 -0.000427685 -0.210199 -0.977658 0.00779865 -0.0106886 0.0128072 0.00019492 -0.000799165 0.00123757
0.337306 14.8519 0.764907 0.993494 -0.00154921 -0.000175845 -0.210121 -0.977674 0.00749518 -0.0104897 -0.00310541 0.000560672 -0.00103066 0.00211575
0.343561 14.8622 0.758313 1.00807 -0.00145535 -7.96708e-05 -0.210311 -0.977633 0.00809015 -0.0104703 0.0121838 0.000310126 -0.0013575 0.00131889
0.34763 14.8696 0.753582 1.01392 -0.0017528 -7.78605e-06 -0.210303 -0.977635 0.00855087 -0.010205 -0.0023787 0.000277006 -0.000820066 0.00127189
0.355811 14.8771 0.745047 1.017 -0.00174833 0.000185195 -0.210299 -0.977636 0.00900316 -0.0106405 -0.00311886 0.00026629 -0.000793367 0.00157466
0.367146 14.8807 0.733572 1.01918 -0.00161616 0.000203094 -0.210319 -0.977632 0.00837339 -0.0116862 -0.0023103 3.29472e-06 -0.000466823 0.00151021
0.379951 14.8829 0.720371 1.02112 -0.00148888 0.000233673 -0.210454 -0.977603 0.00786908 -0.0111218 -0.00225639 0.000441187 -0.000557918 0.00114348
0.389919 14.8851 0.710571 1.01752 -0.00136427 0.000277587 -0.210581 -0.977575 0.00802017 -0.00989476 -0.0020274 3.67779e-05 -0.00043642 0.000712591
0.399937 14.8865 0.702327 1.01057 -0.00131518 0.000338903 -0.210567 -0.977579 0.00782584 -0.0080423 -0.00159758 0.000367325 -0.000423751 0.000405241
0.408417 14.8854 0.693518 1.0057 -0.0012142 0.000293749 -0.2104 -0.977615 0.00703466 -0.00694257 -0.00160027 -3.72762e-05 -0.000448141 0.000694453
0.417651 14.886 0.685258 0.997676 -0.000611635 1.26649e-05 -0.205105 -0.97874 0.00832358 -0.00345286 0.00814944 -0.00186646 -0.000915545 -0.0430599
0.421963 14.9197 0.681262 0.979695 0.000577372 -0.00951667 -0.182203 -0.983215 0.0869743 0.0218775 -0.00693543 0.0004075 -0.0023456 -0.0336596
0.412083 14.9747 0.689545 0.95867 0.000620183 -0.00923875 -0.174201 -0.984667 0.105473 0.0264015 -0.00600984 -0.000744253 0.000256976 -0.0210283
0.398179 15.0438 0.705146 0.962875 0.000968136 -0.00960221 -0.168569 -0.985643 0.114428 0.0301851 0.00406717 6.84347e-05 0.00153168 -0.0124204
0.381891 15.1202 0.721309 0.991102 -0.000844614 -9.16905e-05 -0.165987 -0.986128 0.0331113 0.000396605 0.000418694 -0.000321868 0.00225015 0.00205683
0.377494 15.1414 0.724408 1.01154 -0.00118304 -0.000155053 -0.166469 -0.986046 0.0232981 -0.00264081 0.00259395 0.000196413 -0.0004206 0.0010001
0.378948 15.1488 0.721151 1.0173 -0.00132077 9.49217e-05 -0.166452 -0.986049 0.0217211 -0.0037815 -0.00196651 -0.000480017 -0.000284289 0.00146501
0.386852 15.1526 0.715681 1.00143 -0.00136107 0.000280011 -0.166464 -0.986046 0.0200597 -0.00371629 -0.000992195 0.000722826 -0.000265686 0.00162084
0.392774 15.1538 0.706833 1.01427 -0.00125857 0.000360224 -0.166741 -0.986 0.0184811 -0.00466419 -0.00158533 5.04453e-05 -0.000750715 0.000715639
0.401348 15.1518 0.698741 1.01986 -0.0011903 0.000370778 -0.166669 -0.986012 0.0161154 -0.00422658 -0.00111191 0.000740389 -0.000468508 0.000954831
0.406097 15.1511 0.693678 1.02823 -0.00104036 -7.09633e-05 -0.158555 -0.98735 0.0170342 -0.00222994 -0.00690586 -0.00136796 -0.000564774 -0.0818945
0.41323 15.1496 0.686517 1.02964 -0.000219398 8.13025e-05 -0.119595 -0.992823 0.0159348 0.00154693 -0.00900744 -0.00167189 0.000389102 -0.123253
0.417289 15.1572 0.68237 1.0248 -0.000793282 -0.0116139 -0.0856896 -0.996254 0.0701895 0.00619211 -0.00726094 -0.0036672 -0.0266869 -0.0698628
0.42605 15.2002 0.677354 1.00646 -0.000665046 -0.00942941 -0.0697732 -0.997518 0.102392 0.00624986 -0.00628221 7.38045e-05 -4.80148e-05 -0.0323584
0.42496 15.2603 0.677579 1.00306 -0.000111172 -0.00994452 -0.0613577 -0.998066 0.113997 0.00805011 0.00238733 -0.000165002 0.00177822 -0.0193082
0.426423 15.3325 0.677139 1.00144 -0.000122338 -0.010255 -0.057404 -0.998298 0.121796 0.00887622 0.00102791 -0.000182751 0.00116079 -0.0074769
0.428446 15.4176 0.675846 1.00163 4.06394e-05 -0.0107094 -0.0551015 -0.998423 0.128018 0.00788459 0.00206919 -0.0011168 -0.000798143 -0.00488514
0.42834 15.4888 0.676677 1.01128 -0.000256147 0.00351208 -0.043756 -0.999036 0.0362329 -0.000139802 -0.00726988 -0.0013756 0.00321337 -0.0567784
0.426023 15.5257 0.676588 1.01329 -0.00138285 -0.0130121 -0.0237336 -0.999633 0.0906239 -0.00551822 0.0016386 -0.00147594 -0.0347251 -0.0576874
0.426156 15.6009 0.676475 1.01312 -0.00131137 -0.0102168 -0.00607007 -0.999929 0.12577 -0.0076346 0.00156029 0.000218554 -0.0016808 -0.0443478
0.430004 15.6781 0.671158 1.01904 -0.00119795 -0.0101724 0.00608828 -0.999929 0.136791 -0.00913327 0.00141606 0.000325512 0.000442014 -0.0344889
0.43342 15.773 0.666298 1.02529 -0.00102869 -0.0105191 0.0162552 -0.999812 0.145744 -0.00862477 -0.000700026 0.000346888 0.000114064 -0.0231061
0.447982 15.9931 0.652446 1.0291 -0.00053812 -0.0111548 0.0269874 -0.999573 0.157914 -0.00511591 -0.00115557 0.00123981 -0.000378786 -0.000302691
0.45284 16.0909 0.647811 1.03154 -0.000853894 -0.0113193 0.0256283 -0.999607 0.161253 -0.00318857 -0.00171029 0.000395476 0.000776717 0.00810331
0.474691 16.1999 0.643476 1.032 -0.00100621 -0.0114891 0.0235416 -0.999656 0.165232 -0.00268969 -0.000833892 -0.000114547 0.000703218 0.00682691
0.520366 16.3022 0.633207 1.02719 -0.00203661 0.00391361 0.0594683 -0.99822 0.085253 -0.00791258 0.00505208 -0.0086657 0.0129354 -0.313601
0.577965 16.3671 0.602421 1.02641 -0.00263232 -0.0125116 0.263736 -0.96451 0.110828 -0.0378127 -0.00933548 0.00572521 -0.0110954 -0.043821
0.758183 16.5471 0.49822 1.03509 0.00204471 0.00385592 0.265513 -0.964097 0.108152 -0.0430192 -0.00461678 -0.000893449 -0.036196 0.0476259
0.814763 16.5922 0.47302 1.03744 0.000953511 0.00296437 0.229369 -0.973335 0.0284236 0.00279708 -0.00660415 -0.000798026 -0.000285459 0.128291
0.820208 16.5936 0.472326 1.03231 -0.00118631 -0.011742 0.153469 -0.988083 0.00446364 0.0164172 -0.00601989 0.00488069 0.170228 0.090829
0.822904 16.6449 0.466142 1.02261 -0.00163425 -0.0117075 0.133837 -0.990933 0.106504 -0.0194855 -0.00994429 -0.000815206 -0.00233125 0.0282569
0.828435 16.7182 0.44955 1.02762 -0.000166117 0.00301185 0.122903 -0.992414 0.0515641 -0.00735998 -0.00484348 0.000575539 0.0176078 0.0517917
0.819589 16.7657 0.437776 1.01993 -0.00172998 -0.0157326 0.1002 -0.994841 0.0790588 -0.00957629 -0.00115821 0.00063118 -0.0366077 0.0415724
0.820226 16.8669 0.420886 1.01967 -0.00239047 -0.0119801 0.0914972 -0.99573 0.125456 -0.0185226 -0.0108689 -0.000995806 -0.00328318 0.00640403
0.830066 16.9908 0.395055 1.02862 -0.00129463 -0.0115614 0.0912795 -0.995757 0.137977 -0.018943 -0.00337066 8.92595e-05 0.00030776 0.00693352
0.817655 17.25 0.340419 1.01035 -0.00158097 -0.0119246 0.080627 -0.996672 0.152826 -0.0195664 -0.00298777 -0.000254216 9.53478e-05 0.0130918
0.81074 17.3917 0.311767 1.01004 -0.00153603 -0.0118978 0.0765443 -0.996994 0.161076 -0.021647 -0.00252344 -0.000310439 -0.000129181 0.00976481
0.81091 17.5361 0.28572 1.00886 -0.00148138 -0.0119748 0.0727608 -0.997276 0.166152 -0.0214415 -0.00166583 -0.000126742 3.44697e-05 0.00927989
0.80625 17.6866 0.258836 1.00633 -0.00146277 -0.0121289 0.0690486 -0.997539 0.170184 -0.0221304 -0.00133166 -0.000352135 0.000358907 0.00728263
0.824057 17.8263 0.237021 1.01007 -0.00142956 -0.0121944 0.0663324 -0.997722 0.173812 -0.0223227 -0.000827166 -0.0012473 -6.98294e-05 0.00675362
0.816509 17.9711 0.209359 0.993505 -0.00126701 -0.0124697 0.0635062 -0.997903 0.174567 -0.0235924 0.000459515 -0.000425139 0.00055003 0.00735051
0.788387 18.1243 0.190911 0.986368 -0.00139001 -0.0125826 0.0606006 -0.998082 0.179939 -0.0216628 0.000564158 -0.000526859 -0.00363052 0.00532075
0.77444 18.3882 0.160886 0.975123 -0.00135262 -0.0112312 0.0569895 -0.998311 0.173545 -0.0189004 0.00134833 0.000749246 -0.000541901 0.00479057
0.771265 18.525 0.14795 0.969591 -0.00147625 -0.0106497 0.0552289 -0.998416 0.167465 -0.0172858 0.00151097 0.000139068 -0.0015967 0.00299911
0.770357 18.6726 0.127755 0.963683 -0.0013476 -0.0100574 0.0537723 -0.998502 0.158676 -0.0170208 0.00319315 -0.000452113 -0.00268246 0.00238149
0.763846 18.8071 0.108011 0.963266 -0.001288 -0.00923469 0.0522979 -0.998588 0.151225 -0.0163807 0.00356072 -8.01551e-05 -0.00105238 0.00326712
0.774539 18.9333 0.0908995 0.975247 -0.0012386 -0.0086297 0.0509772 -0.998662 0.142232 -0.0154019 0.00334983 -0.000194058 -0.00118162 0.00271872
0.777643 19.0636 0.0669076 0.978642 -0.000952803 -0.00795389 0.0492366 -0.998755 0.130936 -0.0162305 0.004368 -0.0011649 -0.00120776 0.00410823
0.782372 19.1636 0.0556622 0.976603 -0.00100095 -0.00742404 0.0467828 -0.998877 0.12342 -0.0136224 0.00295384 0.000494603 -0.00204893 0.00392961
0.787139 19.2678 0.0463839 0.991167 -0.00092592 -0.00668723 0.0450345 -0.998963 0.115349 -0.0120615 0.00241048 -1.42677e-05 -0.00107632 0.00465283
0.793996 19.4168 0.032247 0.992819 -0.000931555 -0.00599217 0.039953 -0.999183 0.0989078 -0.0090984 0.00176307 5.58825e-05 -0.00140157 0.00636251
0.782879 19.506 0.0243649 0.979603 -0.000954627 -0.00530765 0.0370856 -0.999298 0.0917477 -0.00757262 0.00210102 0.000510324 -0.000621643 0.00397069
0.782516 19.5788 0.0160519 0.983763 -0.000873703 -0.00483164 0.0348848 -0.999379 0.0841136 -0.00713581 0.00233075 -0.000158276 -0.00110935 0.00573644
0.784581 19.6513 0.00519998 0.984531 -0.000739317 -0.0044157 0.0311632 -0.999504 0.0744999 -0.00708468 0.00423696 -0.000389723 -0.00058623 0.00852298
0.803061 19.7162 -0.00488215 1.00148 -3.33118e-05 -0.015414 0.0261881 -0.999538 0.0789945 -0.00605963 0.00140637 -0.0114807 0.171989 0.0101946
0.7942 19.8417 -0.0113199 0.993624 0.000234518 -0.0101704 0.025232 -0.99963 0.15665 -0.00208046 0.00533176 0.000425883 -0.0180012 -0.00309163
0.807291 20.038 -0.00517707 1.00756 -0.000352823 -0.000587649 0.0267207 -0.999643 0.0552252 0.000909974 -0.0048431 0.000879117 -0.00616703 -0.00114433
0.819732 20.077 -3.3189e-05 1.01808 -0.00067144 0.000920715 0.0270385 -0.999634 0.0105496 -0.000599753 -0.0169771 0.000148307 -0.00108552 -0.000727481
0.810741 20.0907 -0.00157234 1.0061 -0.000486905 0.00191024 0.0271445 -0.99963 -0.0131343 -0.0022818 -0.00723413 -0.000826542 -0.000461804 -0.00110649
0.795531 20.0837 -0.00182109 0.99027 -0.00043784 0.0020241 0.027312 -0.999625 -0.022987 -0.00111366 0.00787882 0.000126277 0.000737922 -0.000270469
0.787896 20.0713 -0.00310592 0.985389 -0.000328699 0.00194761 0.0272009 -0.999628 -0.0233516 -0.00138677 0.0145079 -0.000384784 0.000481007 -0.00143896
0.791234 20.0567 -0.00345195 0.989511 -0.000192532 0.00183909 0.0273232 -0.999625 -0.0209479 2.0331e-05 0.0113988 0.0006928 0.00101888 -0.000991158
0.788105 20.0292 -0.00230004 0.9885 -0.000180478 0.001057 0.0272205 -0.999629 -0.0125529 -0.000727953 0.0142926 6.27628e-05 0.000149928 -0.00115528
0.806427 20.0159 -0.00129204 1.00535 -0.000238382 0.000704859 0.0273984 -0.999624 -0.00865682 -0.00101497 -0.0042034 -0.00075678 0.00175131 -0.000833255
0.807579 20.0024 0.000977052 1.00678 -0.000295527 -4.51513e-05 0.0273106 -0.999627 -0.00320312 -0.000764932 -0.00415702 0.000316095 -0.000242007 -0.000503306
0.799884 19.9997 0.00441697 0.997784 -0.000432589 9.60522e-06 0.0273484 -0.999626 8.14148e-05 -0.000422375 0.00281017 0.00201408 0.000494956 5.4622e-05
0.807629 19.9993 0.00490514 1.00479 -0.000547325 1.10424e-05 0.0274183 -0.999624 0.000662074 -0.0027123 -0.00531235 -9.05499e-05 0.000458504 -0.000839212
0.813585 19.9988 0.00277855 1.01134 -0.000427699 -5.98958e-05 0.0273052 -0.999627 0.000843543 -0.00290765 -0.010842 -0.00031755 -0.000306559 -0.000197877
0.822724 19.999 -0.00106604 1.02061 -0.000174859 -5.11686e-05 0.0274577 -0.999623 0.000420428 -0.00163091 -0.0207707 3.60292e-05 6.63486e-05 -0.000211711
0.82356 19.9981 -0.000747379 1.01972 -0.000257263 -0.000192398 0.0272672 -0.999628 0.000268043 -0.000378057 -0.0207507 2.56623e-05 -0.000236649 -0.000440319
0.820406 20.0042 0.00138286 1.01321 -0.000413106 0.000210783 0.0273491 -0.999626 0.000301734 0.000117228 -0.0174117 0.000811739 -0.000822632 -0.000309496
0.791345 20.0057 -0.00162558 0.985582 -0.000198132 0.000319626 0.0271977 -0.99963 -0.00215972 -0.00137674 0.0116601 -0.000702571 0.000209389 -0.000695609
0.789626 20.0073 0.00263774 0.98755 -0.000425385 0.000578441 0.027421 -0.999624 -0.00232817 0.000476011 0.013329 0.000889565 0.000323324 -0.000322557
0.803964 20.0045 0.00680363 1.00247 -0.000694501 0.00038231 0.0273513 -0.999626 -0.00195118 -0.00151469 -0.00160177 0.000827433 -0.000328502 -0.000131536
0.773912 19.9991 0.00548676 0.967721 -0.000615938 0.000140834 0.0273881 -0.999625 -0.00209461 -0.00351602 0.0291861 -0.000560279 0.00192274 -0.000115315
0.785963 19.9942 0.00119012 0.982345 -0.00036085 -0.000206755 0.0273439 -0.999626 0.000609357 -0.00189084 0.0173918 7.18107e-05 0.000316097 -0.000269425
0.803251 19.9954 0.000641263 1.00375 -0.000409353 -0.000137687 0.0271574 -0.999631 0.0024002 -0.000679098 -0.00147333 6.57388e-05 -0.000516375 -0.000959745
0.805053 19.9993 0.000915177 1.00179 -0.000413747 0.000128841 0.0274168 -0.999624 0.00112331 4.56671e-05 -0.00201801 0.000226749 0.000219102 -0.00044137
0.813054 19.9991 -2.63381e-05 1.01255 -0.000393529 3.51764e-05 0.0275193 -0.999621 0.000178815 -0.000610638 -0.0108933 -0.000284592 3.66475e-05 0.000829307
0.810798 20.0011 -0.00010081 1.00902 -0.000431176 0.000158272 0.0271911 -0.99963 -9.80707e-05 0.000223979 -0.0077469 0.000100823 0.000136408 -0.000416816
0.81917 20.0018 -0.00177446 1.01814 -0.000347409 0.000176102 0.0274972 -0.999622 -0.0010934 3.16046e-05 -0.0170611 -0.000745373 0.000444475 -0.000109863
0.811642 20.0026 -0.00530223 1.00812 -6.00187e-05 0.000228343 0.0271943 -0.99963 -0.000991581 0.0010334 -0.00881459 -2.43018e-05 -0.00036314 -0.000382696
0.815287 20.0042 -0.00532729 1.01276 -4.79863e-05 0.000399358 0.0272415 -0.999629 -0.0017202 0.00214861 -0.0135037 0.000256044 0.000213876 -0.00110118
0.810865 20.0044 -0.000687741 1.00699 -0.000358867 0.000380263 0.0274548 -0.999623 -0.00119435 0.00179193 -0.00798423 0.000170282 -0.00103727 0.000126939
0.800268 20.0047 -0.000429417 0.998614 -0.000275746 0.000491525 0.0273314 -0.999626 -0.00172478 0.000438688 0.00259292 0.000377707 8.90258e-05 -0.000511645
0.799157 20.0001 -0.00218912 0.993629 -9.35596e-05 0.000183523 0.027404 -0.999624 -0.00141782 -0.000567812 0.00423687 -0.000424615 -6.66201e-05 0.000326128
0.790785 19.9987 0.00189805 0.989915 -0.000395269 0.000167197 0.0276545 -0.999617 0.000609278 -5.16734e-05 0.0128979 -2.54124e-05 -0.00015639 0.00102292
0.810898 19.9979 0.0016822 1.00798 -0.00032383 0.000101748 0.0272462 -0.999629 0.000740596 -0.000672416 -0.00923437 0.000560878 -8.66089e-05 -0.000146557
0.804191 19.998 0.00205406 1.0019 -0.000386454 0.000108303 0.0274139 -0.999624 0.00068868 -0.00111353 -0.00124724 -0.000258852 0.000202558 -0.000501688
0.806841 19.9975 0.00366218 1.00313 -0.000524168 5.14868e-05 0.0273593 -0.999626 0.000726956 -0.000412095 -0.00357774 0.000717008 0.000249486 0.000602042
0.816757 19.9996 0.00305511 1.00811 -0.000483715 0.000196677 0.0272194 -0.999629 0.00112168 -0.00106986 -0.014078 0.00023636 -0.000300182 -0.000972107
0.805794 20.0001 0.000826022 1.00334 -0.000402605 0.000145761 0.0274403 -0.999623 0.000349244 -0.00175026 -0.0030623 -0.00118749 -0.000522872 0.000216509
0.806237 19.9991 -0.0012981 1.00544 -0.000323965 8.37001e-05 0.0273937 -0.999625 -0.000119063 -0.000130474 -0.00424419 -0.000141096 -6.07179e-08 0.000170708
0.800873 19.9994 -0.000785449 0.996821 -0.000336407 0.0001497 0.027367 -0.999625 -0.000182459 0.000752379 0.001922 0.000456165 0.000741258 -0.000189093
0.809178 19.997 -0.00209841 1.00946 -0.000183496 -6.22674e-05 0.0272986 -0.999627 -0.00026474 0.000295628 -0.00643246 0.000165947 0.000606528 9.40196e-05
0.80859 19.998 -0.00123327 1.00575 -0.000236521 -4.72922e-05 0.0272258 -0.999629 0.00104342 0.000365316 -0.00541678 0.000105962 -0.000898503 -0.00068332
0.80736 20.0012 0.00242127 1.00606 -0.000514501 0.000217339 0.0274199 -0.999624 0.000763 0.000400637 -0.00472336 0.000288991 -0.000532562 0.000435293
0.805778 20.0038 0.00135126 1.00439 -0.000407589 0.000355318 0.0272602 -0.999628 -8.82724e-06 -0.000919895 -0.00337756 -0.00013568 -0.000758086 -0.000485813
0.820052 20.0021 0.00215934 1.0185 -0.000523408 0.000277238 0.0272492 -0.999629 -0.00158808 -0.000800234 -0.0183836 -0.000296902 0.000681562 -0.000522757
0.815314 20.0005 0.000112154 1.01134 -0.00045689 0.000222404 0.0274688 -0.999623 -0.000249999 -0.00127492 -0.0126485 -0.00192005 -0.00021888 -0.000513021
0.799363 20.0017 -0.00124481 0.992545 -0.000315114 0.000350649 0.0273034 -0.999627 0.00077502 0.0003223 0.00319012 0.000286494 -0.000636344 -2.49447e-05
0.787936 19.9996 0.000345553 0.984589 -0.000424448 0.000251195 0.0272858 -0.999628 -0.000393204 0.00105586 0.0153229 0.000852816 0.000900678 -0.000658412
0.800725 19.9973 -0.00203738 1.00029 -0.000312954 0.000115978 0.0273927 -0.999625 0.00089632 -0.000535575 0.00157216 -0.00101479 7.11964e-05 -0.000623557
0.813746 19.9957 -0.00474465 1.01113 -2.42236e-05 1.11635e-06 0.0274665 -0.999623 0.00174765 0.00154726 -0.0117154 0.000109871 0.000266073 0.000359044
0.800866 19.9953 -0.000570817 0.994679 -0.000290806 -7.53291e-05 0.0274715 -0.999623 0.00181963 0.00147245 0.00166298 0.000310885 0.000165632 0.000461258
0.800496 19.997 -0.000141813 0.995823 -0.000237222 -3.94655e-05 0.0273291 -0.999627 0.00157 -0.000355709 0.00212103 -0.000191153 -0.000169138 0.000131466
0.804038 19.9996 -0.0021115 1.00179 -3.98243e-05 4.36533e-05 0.0270672 -0.999634 0.000483724 -0.000462443 -0.000550148 -9.48832e-05 -0.00014164 -0.00127606
0.809697 20.0011 0.00334293 1.0051 -0.00033441 3.87655e-05 0.0273703 -0.999625 -0.00178774 -0.000803686 -0.00748913 0.000760763 0.000312335 0.000417234
0.788904 20.0025 0.00565519 0.985959 -0.000476462 0.000157315 0.0272757 -0.999628 -0.00112966 -0.00224832 0.0132867 0.000606385 -0.0002805 -0.000366622
0.803496 20.0028 0.00788651 1.00235 -0.000756973 0.000186902 0.0274448 -0.999623 -0.00154179 -0.00305155 -0.00147981 0.000321664 -0.000265999 -0.00031594
0.810356 20.0035 0.00360804 1.00617 -0.000598681 0.000273433 0.0272693 -0.999628 -0.00149535 -0.00355046 -0.0074011 -0.00163481 -0.000412402 5.27906e-05
0.816196 20.0033 -0.00342516 1.01315 -0.000146481 0.0003298 0.0274572 -0.999623 -0.00192845 -0.00195004 -0.0137024 -0.001572 0.000335685 -0.000321028
0.791818 20.0029 -0.00150384 0.985988 -0.000286077 0.000338379 0.0273912 -0.999625 -0.00162022 0.00175857 0.0119252 0.00154406 0.000196441 0.000468143
0.793263 20.0029 -0.00106253 0.991863 -0.000357039 0.000356699 0.0270635 -0.999634 -0.00123135 3.01566e-05 0.00929751 -0.000298056 -0.000247641 -0.00118352
0.811603 20.0015 -0.000532202 1.01003 -0.000340428 0.000293702 0.0273815 -0.999625 -0.00100879 0.00116452 -0.00878641 0.00105531 0.000185579 5.83105e-05
0.809596 19.9999 0.00024033 1.00606 -0.000388327 0.000215289 0.0272567 -0.999628 -0.00056789 0.000391253 -0.00629258 0.000216376 0.000658495 -0.000117006
0.815871 20.0006 0.000138216 1.01501 -0.000363682 0.000345737 0.0274387 -0.999623 7.74419e-05 -7.75495e-05 -0.0143195 -6.81666e-05 0.000323252 0.000297578
0.813761 19.9959 0.00112764 1.01219 -0.000446501 -2.56758e-05 0.0272355 -0.999629 0.000279527 0.000232027 -0.011656 0.000270841 0.000253558 7.42301e-05
0.813676 19.9935 0.000916583 1.00867 -0.000418049 -0.000210525 0.0272538 -0.999628 0.00148695 -0.000220951 -0.011575 -0.000124421 0.000140993 -0.000569462
0.797261 19.9937 0.000428212 0.994546 -0.000415077 -0.000209415 0.0271497 -0.999631 0.00223349 -0.000501266 0.00596203 -0.000458542 0.000100619 -0.000696483
0.793823 19.9959 -0.00250149 0.989318 -0.00021005 -0.000136006 0.0274007 -0.999624 0.00183307 0.000334588 0.00908467 -0.000144571 -9.37044e-05 -2.57677e-05
0.78903 20.0034 -0.00181143 0.990303 -0.000306477 0.000256021 0.0272342 -0.999629 -0.000502203 0.000609642 0.0129156 -0.000336475 5.04439e-05 -0.000753887
0.796306 20.0026 -0.00237547 0.994668 -0.000240885 0.000143311 0.0275117 -0.999622 -0.00186934 0.00100465 0.00616547 1.16222e-05 0.00011063 -0.000236057
0.80169 20.0043 0.000255526 0.998872 -0.00041822 0.000323969 0.0273619 -0.999625 -0.00147802 0.00129326 0.00108503 0.000307507 -0.000140531 0.000183862
0.794187 20.0035 0.00103543 0.989376 -0.000397408 0.000279915 0.0275551 -0.99962 -0.00209675 0.00044188 0.0096529 0.000592988 0.000331424 0.000669164
0.803447 20.0038 0.00221871 1.00227 -0.000549653 0.000345591 0.0273363 -0.999626 -0.00133784 -5.23503e-05 -0.00063274 -9.64483e-05 -0.000302389 0.00109238
0.81121 20.003 -0.00071213 1.00869 -0.00034466 0.000339223 0.0271435 -0.999631 -0.00139384 -0.000628794 -0.00863101 -0.000510702 -0.000319408 -0.000150128
0.790335 20.0019 -0.00339846 0.981548 -0.00021586 0.000349538 0.0271211 -0.999632 -0.000898131 0.000903111 0.0143718 -0.000261165 -2.5701e-05 -0.000775307
0.774403 19.9998 -0.00554244 0.975736 -4.26711e-05 0.000238594 0.0274255 -0.999624 -0.000627998 0.00160304 0.0282963 -0.000422834 0.000640149 -0.000425229
0.797812 20.0004 -0.00557326 0.999259 -3.34435e-05 0.000343909 0.0274852 -0.999622 0.000952882 0.00261991 0.0048443 0.000134233 -0.000535433 0.000534763
0.821572 19.9986 -0.00354671 1.01297 -6.72361e-05 0.000249562 0.0272755 -0.999628 0.000741226 0.00195219 -0.0178875 0.000178083 -0.000291074 9.87781e-05
0.80339 19.9931 -0.00297975 1.0026 1.78703e-05 -0.000150104 0.0273126 -0.999627 0.00112142 0.000732746 0.00059593 3.13971e-05 0.000505559 -2.70648e-05
0.784133 19.9934 -0.000210674 0.979432 -9.52377e-05 -0.000127759 0.0270641 -0.999634 0.00230038 0.000482229 0.0199885 0.000608837 0.000428511 -0.00140112
0.762022 19.995 0.0040095 0.954996 -0.000281463 -0.000230234 0.0270894 -0.999633 0.00230653 -0.00241856 0.0432281 -4.39242e-05 -0.000113139 -0.00111085
0.780035 19.9978 0.00608995 0.984277 -0.000414326 -0.000251329 0.0273758 -0.999625 0.000763772 -0.00223277 0.0232606 0.00112022 -0.000439457 -0.000370453
0.819987 20.0037 0.00649279 1.01678 -0.000488989 0.000102709 0.0274502 -0.999623 -3.22878e-05 -0.00310918 -0.018009 0.000655139 -0.0013936 0.000718675
0.829166 20.0099 0.00728573 1.02912 -0.000624333 0.000513566 0.0274004 -0.999624 -0.0023991 -0.00320799 -0.0292988 0.000318888 -0.000743219 0.000246187
0.834165 20.0104 0.00578763 1.03297 -0.000582672 0.00058146 0.0273156 -0.999627 -0.00429774 -0.00334321 -0.0339875 -0.000224789 -7.9959e-05 0.000882369
0.809641 20.0098 0.00621751 1.00541 -0.000724868 0.000699589 0.0270753 -0.999633 -0.00417977 -0.00259792 -0.00692293 0.000298121 0.000483243 -0.000622243
0.802795 20.0057 0.00281502 1.00077 -0.000583415 0.000640691 0.0274972 -0.999622 -0.00242757 -0.00210151 -0.000180914 -0.00027061 0.000178216 0.000689428
0.790612 20.0004 -4.29235e-05 0.988442 -0.000483354 0.000442477 0.0272527 -0.999628 -0.00130325 -0.0010622 0.0123269 -0.000545656 0.000789527 0.0001431
0.800295 19.9954 -0.00264303 0.999589 -0.000362555 0.000198546 0.0273366 -0.999626 0.000630271 -0.000240194 0.00267994 -0.00113822 0.000955795 -0.000205802
0.806201 19.9913 -0.0051878 1.00348 -0.000156775 -9.68879e-05 0.02754 -0.999621 0.00292774 0.00159897 -0.00267748 1.91348e-05 0.000293344 0.000715909
0.806609 19.989 -0.00522015 1.00324 -7.47691e-05 -0.00032188 0.0272047 -0.99963 0.00338493 0.00268761 -0.00222178 0.00118291 0.000647088 4.98483e-05
0.810969 19.9912 -0.00296913 1.00873 -0.000174388 -0.00027491 0.0272452 -0.999629 0.00467547 0.00143086 -0.0075574 5.21326e-05 -0.000743601 -0.000559115
0.798118 19.999 -0.000976157 0.993202 -0.000175796 5.88333e-05 0.0274349 -0.999624 0.00139423 2.84583e-05 0.00497023 0.000592988 -0.000274364 0.000444069
0.795436 20.0013 -0.000223046 0.992593 -0.000259075 0.000156201 0.0270739 -0.999633 0.000714404 -0.000292329 0.00788153 -3.26647e-05 -0.00080448 -0.00060602
0.791447 20.0022 -0.000704976 0.986492 -0.000179919 0.000186803 0.0273641 -0.999626 -0.00131076 -6.40002e-05 0.0123495 -3.86784e-05 5.13683e-05 -0.000148578
0.800335 20.0012 0.00467365 1.00043 -0.000445721 0.000162338 0.0273453 -0.999626 -0.00124574 -0.000985464 0.00266353 0.000996484 0.000878984 0.000274863
0.810411 20.0008 0.00411473 1.00957 -0.000400374 0.000214792 0.0274232 -0.999624 -0.000509444 -0.00284455 -0.0078451 2.27669e-05 0.000559369 -0.000556028
0.798917 19.9998 0.00410299 0.996873 -0.000424525 0.000127946 0.0273479 -0.999626 -8.92283e-05 -0.00241506 0.0039971 0.000235941 1.9765e-06 0.000166221
0.810628 19.9995 0.00649145 1.0059 -0.0006513 0.000121159 0.0273758 -0.999625 0.00022013 -0.00183677 -0.00754239 0.000865863 -3.09552e-05 -0.000172889
0.802507 19.9995 0.00575246 1.00375 -0.000652938 0.000135076 0.0273765 -0.999625 9.45971e-05 -0.00283913 -0.000443876 -0.000180097 0.000470319 0.000258101
0.808879 19.9992 0.00290548 1.0081 -0.000579119 9.37311e-05 0.0271143 -0.999632 0.000835511 -0.00198955 -0.00738975 -0.000313132 -0.000665409 -0.000751087
0.812771 20.0005 0.00264334 1.00861 -0.000671703 0.000199097 0.0273588 -0.999625 0.000334763 -0.000174148 -0.0110236 0.000271893 9.62456e-05 -0.000359999
0.803347 20.0006 -0.00205842 0.997632 -0.000420763 0.000165736 0.0274993 -0.999622 0.000364466 -0.000595283 -0.000156101 -0.00134473 -0.000715628 0.000848182
0.795019 20.0007 -0.00715031 0.992689 -7.94212e-05 0.000221829 0.0274477 -0.999623 8.09027e-05 0.00118104 0.0084692 -0.00100261 -1.17064e-05 0.000454021
0.792239 20 -0.00782028 0.990931 -3.0876e-05 0.000159473 0.0273417 -0.999626 0.000265417 0.0033055 0.0105209 0.000112792 -0.000723609 0.000352493
0.799508 19.9992 -0.0066732 0.998444 -3.07849e-05 0.000146519 0.0271547 -0.999631 0.000522965 0.00363491 0.00438563 0.000475338 -9.97694e-05 -0.000615803
0.813325 20.001 -0.004846 1.01193 -9.94237e-05 0.000224139 0.0273367 -0.999626 0.00152916 0.00266438 -0.0104821 -0.000147431 -0.00124659 4.24503e-05
0.806494 19.9994 -0.00265249 1.00252 -8.65192e-05 0.000198215 0.0274407 -0.999623 0.000583648 0.000588447 -0.00389383 -0.000523099 -0.000269997 0.000237184
0.799966 19.9976 -0.00248944 1.00078 1.46318e-05 0.000119009 0.0272248 -0.999629 0.000858842 0.000662174 0.00227186 0.000744703 0.000363602 -0.000737744
0.817084 19.9979 0.00199348 1.01534 -0.000274094 0.000106885 0.0273419 -0.999626 0.00187697 0.000958816 -0.0147757 0.00173547 -0.000377367 -0.000182386
0.81689 19.9996 0.00648402 1.01517 -0.000604565 0.00025612 0.027523 -0.999621 0.00123092 -0.00124714 -0.0147665 0.000151097 0.000350773 0.00069853
0.825938 19.9984 0.0045659 1.02197 -0.000477494 0.000136179 0.0274702 -0.999623 0.000973985 -0.00342148 -0.0242682 -0.00177255 6.84548e-06 0.000577988
0.817325 19.9957 0.00381579 1.01288 -0.000387216 -1.43828e-05 0.027174 -0.999631 0.000890065 -0.00224862 -0.0153744 0.000299034 0.00096413 -7.8911e-05
0.801115 19.9948 0.00617868 0.997934 -0.000655943 -0.00010149 0.027278 -0.999628 0.0019721 -0.00168631 0.00238404 0.00031325 0.000356401 -0.000372988
0.799271 19.9975 0.00507718 0.995582 -0.000647953 2.74275e-05 0.027345 -0.999626 0.00227655 -0.00251012 0.00413612 -0.000335021 -0.000354054 -0.000224516
0.799494 20.0008 0.000137468 0.996795 -0.000410769 0.000178072 0.0273724 -0.999625 -0.000282204 -0.000523432 0.00393325 -0.000137609 0.000232249 -0.000127411
0.798399 19.9991 0.00105563 0.990689 -0.000517299 2.41854e-05 0.0273452 -0.999626 -9.17536e-05 0.000915107 0.00510784 0.000923485 -5.88923e-05 -7.8865e-05
0.791129 20.0017 -0.00183205 0.985382 -0.000406476 0.000304382 0.0274365 -0.999623 0.000294652 -0.000318956 0.0122632 -0.00137002 -0.00023428 0.000310925
0.801465 19.999 -0.00552906 0.998948 -0.000115451 6.95983e-05 0.0272216 -0.999629 -0.000480631 0.00152399 0.00197184 -0.000353212 0.000538271 -0.000136303
0.807689 19.9977 -0.00612293 1.00487 -9.00208e-05 -3.00088e-05 0.0273466 -0.999626 0.000629804 0.00257154 -0.00429115 -0.000226947 -0.000327887 -0.00042053
0.810191 20.0021 -0.00813638 1.00497 0.000128157 0.000295859 0.0273775 -0.999625 0.00138418 0.00259248 -0.00686821 -0.000166813 -0.00131806 -0.000163281
0.809653 20.0024 -0.00541049 1.00567 1.14927e-05 0.000384573 0.0274212 -0.999624 -0.000742814 0.00348906 -0.0062086 0.00097278 0.000441009 0.000618272
0.783297 19.9997 0.00066962 0.976972 -0.000345572 0.000131052 0.0272369 -0.999629 -0.000286479 0.00223408 0.020216 0.000863813 -1.219e-05 -0.000403909
0.79311 19.9996 0.00541065 0.995018 -0.000592751 0.000143185 0.0274161 -0.999624 0.000420738 0.000617328 0.007859 0.00152573 -2.03034e-05 7.83591e-05
0.781143 19.997 0.00352546 0.981659 -0.000516446 3.69919e-06 0.0273912 -0.999625 -9.11486e-05 -0.00247342 0.0220604 -0.00102684 0.00127941 0.000668978
0.797951 20.0004 0.000548996 0.994036 -0.000360968 0.000180747 0.0272257 -0.999629 0.0019162 -0.00126344 0.00498474 -0.000507287 -0.00144404 -0.000696507
0.804736 20.001 0.00116022 1.00243 -0.000468717 0.00022246 0.0273732 -0.999625 -0.000429336 0.000154023 -0.00221466 0.00012147 0.000322264 0.000249605
0.783089 20.001 0.000843745 0.978067 -0.000448191 0.000207367 0.0273092 -0.999627 0.000268408 -0.000139283 0.0212287 4.35916e-05 -0.000674383 0.000194114
0.791561 19.9995 -0.00149667 0.995811 -0.000258203 9.09708e-05 0.027426 -0.999624 -0.000466196 -0.000290618 0.00991296 -0.000253557 0.000182212 0.000776382
0.795845 19.9986 0.000305767 0.992644 -0.000405837 8.14002e-05 0.0273208 -0.999627 -0.000621237 0.00121109 0.00771763 0.000902032 0.00134835 0.000299115
0.813541 19.9983 -0.00368081 1.00956 -0.00014178 -7.64766e-07 0.0272193 -0.99963 2.65278e-05 0.000458927 -0.0113445 -8.68591e-05 0.000220947 -0.000249317
0.812874 20.0008 -0.00420017 1.00848 -0.000108231 0.000102561 0.0272334 -0.999629 -0.000381282 0.00218377 -0.0097104 0.000458511 -0.000378008 0.000515528
0.797925 20.0035 1.86634e-05 0.995761 -0.000338717 0.000289457 0.0271684 -0.999631 -0.00108476 0.00189393 0.00495523 0.00062579 -8.02679e-05 -0.000960974
0.777305 20.005 0.000689469 0.975109 -0.000418742 0.000411284 0.0273348 -0.999626 -0.00162536 -0.000214509 0.0254713 -0.000776612 -4.65646e-05 -3.15751e-05
0.799595 20.0053 0.00120485 1.00215 -0.000468276 0.000502936 0.0274348 -0.999623 -0.00166302 0.00042733 0.00193049 8.38022e-05 -8.20749e-05 0.000112292
0.791604 20.0013 -0.000557581 0.9905 -0.00029159 0.000285469 0.0274505 -0.999623 -0.00196863 0.000441497 0.0106499 0.000454964 0.000744122 0.000540165
0.804709 20.0008 -0.00159525 1.00562 -0.00031213 0.000310771 0.0274281 -0.999624 0.000225591 0.000374706 -0.00260107 -0.00041668 -0.000578628 0.000978298
0.823898 19.9995 -0.000170469 1.02333 -0.000367436 0.000264673 0.0272871 -0.999628 4.24571e-05 0.00189726 -0.0224162 0.00133715 0.000609756 0.000499099
0.824908 19.9941 0.000942853 1.02248 -0.000515147 -0.000131328 0.0271948 -0.99963 0.00155077 0.000423011 -0.0226526 -0.00048981 -0.000167493 -0.000636762
0.801275 19.9934 -0.00635455 0.996794 -6.39805e-06 -0.000271224 0.0274227 -0.999624 0.0019174 0.00172848 0.00215225 -0.000322841 -3.24326e-05 0.000114933
0.787794 19.998 -0.00523396 0.979836 -3.93005e-05 1.95325e-05 0.0272128 -0.99963 0.00239748 0.00317573 0.0162327 0.000865188 -0.000886559 -0.000528474
0.792429 20.0011 -0.00186819 0.992286 -0.000155788 0.000118753 0.0275203 -0.999621 0.000501406 0.0024752 0.0107373 0.00112972 -0.000763948 0.000595147
0.80185 20.0018 0.000627629 0.999515 -0.000323293 0.000150871 0.027258 -0.999628 -0.00119392 0.000319919 0.00174494 0.000180616 0.000543015 -2.74448e-06
0.81956 20.0032 -0.00236151 1.01883 -6.30542e-06 0.000190701 0.0273646 -0.999626 -0.000776254 -0.000387296 -0.0181387 0.000126227 -0.000821126 -0.000209592
0.829198 20.0054 0.000378918 1.02673 -0.000207245 0.000427227 0.0272792 -0.999628 -0.00168811 0.000567985 -0.0284039 0.000788938 0.000100387 -0.000402128
0.816545 20.0024 0.00307175 1.01301 -0.000326156 0.000225532 0.0272273 -0.999629 -0.00209561 -0.00130012 -0.0142526 0.000330045 -0.000289098 -0.000186246
0.803011 19.9996 0.00585487 0.998106 -0.000487027 0.000102354 0.0274206 -0.999624 -0.0012995 -0.00174562 -0.000255515 0.00106892 0.00056515 0.000414687
0.795525 19.998 0.0073106 0.992626 -0.000642926 -5.59959e-05 0.0272265 -0.999629 -0.000252467 -0.00284091 0.00753141 0.000103091 0.000121982 -0.000121966
0.79365 20.0015 0.00530409 0.989035 -0.000623853 0.000164452 0.0273673 -0.999625 0.000248763 -0.0027307 0.0103508 0.000103287 -0.000783355 -0.000185495
0.787335 20.0057 0.00208529 0.98117 -0.000461984 0.000532239 0.0273525 -0.999626 -0.000476593 -0.00136347 0.0151024 0.000533904 -0.000448317 -0.000114102
0.793175 20.0033 0.00206526 0.992431 -0.000595277 0.000365421 0.0273988 -0.999624 -0.0019498 -0.000788704 0.00916775 -0.000191535 0.000237672 -0.000558229
0.800525 19.9998 -0.00271223 0.995424 -0.000274533 0.000230208 0.0273854 -0.999625 -0.00101447 -0.000460894 0.00275761 -0.00070052 0.000465046 -0.000424232
0.805358 19.9959 -0.00344382 1.00514 -0.00026699 -1.30061e-05 0.0272281 -0.999629 0.000319173 0.00128841 -0.00265006 -0.000347973 0.000520649 -0.000353153
0.794882 19.9946 -0.00606589 0.988318 -3.30215e-05 -0.000111108 0.0275003 -0.999622 0.00190665 0.00164993 0.00898023 -0.000256654 -0.00037675 5.80925e-05
0.7842 19.9956 -0.00576377 0.983727 -7.02018e-05 -6.15235e-05 0.0274803 -0.999622 0.00165604 0.00194373 0.0196018 -0.00109194 0.000134189 9.84303e-05
0.807591 19.9976 -0.00506837 1.00573 -3.58635e-06 -1.10107e-05 0.0271912 -0.99963 0.00125908 0.00222091 -0.00437121 0.000277902 -2.75691e-05 -0.000452691
0.813996 19.9997 -0.000272355 1.01168 -0.000290305 9.20504e-05 0.0274581 -0.999623 0.000190288 0.00166954 -0.0112418 0.000108181 0.00023036 0.000558096
0.815602 20.0059 0.000615398 1.0127 -0.000296315 0.0004928 0.0272833 -0.999628 0.00096751 -0.000360966 -0.0138374 -0.000140457 -0.00189598 -6.79103e-05
0.806678 20.0035 0.00123483 1.00201 -0.000292569 0.000316577 0.0272951 -0.999627 -0.0018051 4.47285e-05 -0.00360283 0.000687918 -0.000316667 0.00019502
0.803425 20.0022 -0.000544693 1.00074 -0.000122742 0.000310916 0.0273019 -0.999627 -0.00128089 -0.00216612 -0.000572538 -0.00121517 7.04405e-05 -0.000427808
0.79738 20.0019 0.00325061 0.995739 -0.000367053 0.000364606 0.0272765 -0.999628 -0.000394335 -0.000907698 0.00583816 0.000552818 0.000128631 -0.000450045
0.775573 19.997 0.00533677 0.976158 -0.000496132 2.91703e-05 0.0273969 -0.999624 -0.000892107 -0.00234997 0.0276856 7.98271e-05 0.00106031 0.000192192
0.801145 19.994 0.00448058 1.00023 -0.000455201 -0.000171853 0.0273427 -0.999626 0.00093486 -0.0030514 0.00186052 -0.000300148 0.000616804 0.000128082
0.801273 19.9984 0.0046229 1.00113 -0.000589434 1.37564e-05 0.0272694 -0.999628 0.00261101 -0.00323263 0.00156799 -0.00106858 -0.00153533 -0.000559098
0.819384 20.0035 0.00252259 1.01883 -0.000485131 0.000389985 0.0274041 -0.999624 6.07991e-05 -0.00227405 -0.0185997 -0.000352529 0.000195138 0.000370514
0.815362 20.0028 0.00124007 1.01308 -0.000453921 0.000372346 0.0273671 -0.999625 -0.00133302 -0.00103307 -0.012981 5.88802e-05 0.000356072 0.000285177
0.818343 19.9975 -0.00275412 1.01179 -0.000193127 -7.52899e-05 0.0271607 -0.999631 -0.000586645 -0.00141758 -0.0158524 -0.00128599 -0.000254662 -0.000478638
0.803796 19.9993 -0.00266274 1.00095 -0.000192535 0.000144306 0.0273099 -0.999627 0.00104138 0.000661187 -0.00068622 0.000330045 -0.000321754 -0.000412931
0.806816 19.9984 -0.000507016 1.00392 -0.000328941 1.41266e-05 0.0274446 -0.999623 0.000117511 0.000785034 -0.00400079 0.000430446 0.000151257 0.000262058
0.794713 19.9975 -0.000774294 0.992632 -0.000293501 -6.44093e-05 0.0273223 -0.999627 0.000563397 -0.000583465 0.00923864 -0.000833414 -0.000221765 -3.53588e-05
0.793458 20.0008 -0.00110179 0.988156 -0.0002158 0.000158919 0.0273764 -0.999625 0.000519354 0.000259104 0.00990491 0.000513591 -0.00034762 -3.29724e-06
0.789439 20.0039 0.00122274 0.986961 -0.00037563 0.000311551 0.0273423 -0.999626 0.000272793 0.000452152 0.0132142 0.00106383 -0.00165343 9.36172e-05
0.781814 20.0053 0.00122404 0.981489 -0.000397075 0.000507427 0.0272413 -0.999629 -0.00161813 -0.000673518 0.0205345 -0.000193399 0.000526787 -0.000385497
0.79717 20.0017 -0.000567159 0.999423 -0.000287657 0.000374222 0.0273493 -0.999626 0.000455153 0.000151119 0.003672 0.000173323 5.97568e-05 0.000246193
0.819325 19.9944 0.000800509 1.0145 -0.000404624 -0.00016979 0.0272816 -0.999628 0.00120154 6.00711e-05 -0.0165202 -3.42833e-05 -0.00057759 7.5697e-05
0.815958 19.9972 0.000530505 1.01503 -0.000399804 -7.76229e-05 0.0274612 -0.999623 0.00241519 0.000213746 -0.0130721 0.000133175 -0.00173822 0.000566577
0.81996 20.0015 -0.00221535 1.01768 -0.000218521 0.000150762 0.0273166 -0.999627 -0.000353119 -0.000406815 -0.018127 -0.00123338 -0.000347776 -0.000401106
