0.723457 1.57798 0.0563533 0.623288 -0.000101643 -0.00861137 -0.00345743 -0.999957 0.119331 0.00159872 0.00895878 0.000337035 0.000942221 0.00125764
0.705058 1.66513 0.057067 0.6043 -0.000101013 -0.00884758 -0.00345933 -0.999955 0.118873 0.0012795 0.0101737 -0.000170368 -3.14518e-05 -0.00117075
0.703903 1.73738 0.057103 0.603063 -0.000323371 -0.00871869 -0.0031536 -0.999957 0.119774 0.000498506 0.00659755 -6.54589e-05 8.07664e-05 -0.00275164
0.699766 1.80482 0.0583147 0.598901 -0.00031942 -0.00870437 -0.00198002 -0.99996 0.121647 0.000500555 0.00702594 0.000403567 -0.000774909 -0.00439931
0.707747 1.87153 0.0586561 0.609231 -0.000116349 -0.00877427 -0.00141761 -0.99996 0.122954 0.00125568 0.00368417 0.000186396 0.00013898 -0.00265263
0.727852 1.97447 0.0581909 0.626746 -0.0001493 -0.00884955 -0.00127975 -0.99996 0.123279 0.00144204 0.00307687 -7.4924e-05 -0.000142585 0.000399715
0.719611 2.07706 0.057234 0.611706 -0.000374928 -0.00867463 -0.00044819 -0.999962 0.124215 -3.5995e-05 0.00588055 -0.000318582 0.000242848 -0.00202553
0.702736 2.18455 0.0545373 0.603948 -0.00031932 -0.00875477 0.000969841 -0.999961 0.124135 -0.00130118 0.00794819 -0.000477843 0.000178032 -0.00445043
0.714547 2.25466 0.0536362 0.619106 -0.000312139 -0.00874283 0.00233578 -0.999959 0.125321 -0.00101386 0.0082346 0.000268021 -0.000501265 -0.00361402
0.745803 2.31947 0.054318 0.649522 -0.00061817 -0.00856355 0.00358122 -0.999957 0.124501 -0.00154513 0.0139327 0.000118803 0.000346903 -0.00737776
0.766833 2.38278 0.0516168 0.667012 -0.000522799 -0.00864305 0.00567689 -0.999946 0.122625 -0.00377217 0.0133746 -0.00109932 0.00156091 -0.0098224
0.782617 2.45322 0.0470951 0.688049 -0.000271118 -0.00901753 0.00778052 -0.999929 0.121663 -0.00342843 0.0145711 0.000412862 0.000668946 -0.00665703
0.79868 2.5148 0.0449679 0.698559 -0.000281725 -0.00916332 0.00920394 -0.999916 0.119871 -0.00290509 0.0149236 0.000758521 0.0011514 -0.00337189
0.802919 2.57208 0.0407009 0.703214 -0.000577396 -0.00895914 0.0110887 -0.999898 0.117206 -0.00701133 0.0215448 -0.000471635 0.00112634 -0.00814841
0.807503 2.63468 0.0401567 0.710728 -0.000655663 -0.00892199 0.0137821 -0.999865 0.118908 -0.00614704 0.0211392 0.000832582 -0.000117696 -0.0121866
0.822165 2.70474 0.0364278 0.723473 -0.000571322 -0.00884834 0.0168697 -0.999818 0.121423 -0.00738922 0.0208896 0.00122444 -0.00165896 -0.0133193
0.829858 2.77271 0.0344123 0.739264 -0.00108911 -0.00841336 0.0207781 -0.999748 0.120374 -0.0088334 0.0230248 5.63618e-05 0.000254639 -0.0217803
0.78212 2.83014 0.0327413 0.756 -0.00107893 -0.00869265 0.0262456 -0.999617 0.117233 -0.00892367 0.0236227 -1.96843e-05 0.00158185 -0.0236463
0.739618 2.89708 0.0286195 0.769377 -0.000122907 -0.00932534 0.0310438 -0.999475 0.119389 -0.00544767 0.0233837 0.00166436 -0.00182681 -0.0078678
0.685222 2.95819 0.0246589 0.775428 -0.000379824 -0.00911832 0.0313126 -0.999468 0.121044 -0.0040002 0.0248741 -0.000221478 -6.84674e-05 0.00328552
0.626249 3.07104 0.0146369 0.822698 -0.000309854 -0.00894449 0.0290185 -0.999539 0.122181 -0.0047498 0.0310565 -0.000297905 0.000489019 0.00549117
0.561888 3.18486 0.00451366 0.826935 -0.00048926 -0.00900505 0.0269921 -0.999595 0.124634 -0.00658593 0.0281383 -0.000414894 -0.000862459 -0.00131808
0.52416 3.25208 0.000400785 0.828793 -0.000436409 -0.00887184 0.0277647 -0.999575 0.125217 -0.00673854 0.0289214 0.000213202 0.000428839 -4.23876e-05
0.491412 3.31676 -0.00244404 0.832715 8.7702e-05 0.00116739 0.0264438 -0.99965 0.10191 -0.00467797 -0.00131568 -0.00135514 -0.0372978 0.0215303
0.478864 3.36982 -0.00728781 0.843905 0.000127963 0.00245313 0.0027497 -0.999993 0.0267305 -0.000634779 -0.0123471 -0.00122349 -0.00294697 0.0607045
0.476624 3.37714 -0.00776932 0.848108 0.00214475 0.00294513 -0.0276038 -0.999612 0.00857357 0.00540804 -0.0124635 -0.0036489 -0.000825423 0.262553
0.486273 3.3727 -0.00532059 0.853997 0.00160849 0.00288652 -0.106296 -0.994329 -0.00294842 0.0106385 -0.023953 0.0056522 0.000104366 0.438886
0.481671 3.35858 -0.00209061 0.842449 0.000940569 0.00217014 -0.209263 -0.977856 -0.0125794 0.00537858 -0.015355 0.00236281 0.0044407 0.445985
0.473554 3.34245 -0.00119461 0.827228 -0.000853833 0.000796845 -0.287029 -0.957921 -0.0133557 -0.00435053 0.00160929 0.00917247 0.00410949 0.206171
0.475505 3.33055 -0.00507134 0.826832 -0.000127928 0.000435292 -0.29685 -0.954924 -0.00736115 -0.015253 0.00657828 -0.00505822 0.00256831 -0.0705541
0.486421 3.31295 -0.00425708 0.829008 0.000461746 -0.000340581 -0.269392 -0.963031 -0.0108844 -0.0108178 0.000652783 0.00313528 0.00232081 -0.124918
0.493661 3.29449 0.00113825 0.828316 -8.45114e-05 -0.00121969 -0.230304 -0.973118 -0.0104723 -0.00760207 0.00328966 0.000953162 0.00271166 -0.0964974
0.500926 3.28559 0.00291578 0.828754 -0.000176196 -0.0018333 -0.209275 -0.977855 -0.00871191 -0.00711125 -0.000170159 0.000685459 0.000593349 -0.0813446
0.477885 3.29497 0.0137086 0.813882 0.00137639 -0.0101349 -0.185742 -0.982545 0.0281089 0.00927819 0.0475594 -0.000651904 -0.0157193 -0.0370713
0.492848 3.3302 0.0281045 0.848665 0.000864666 -0.00796827 -0.181796 -0.983304 0.0543243 0.0197542 0.0446505 7.10736e-05 -0.00183749 -0.00642992
0.491914 3.37416 0.042056 0.881538 0.000825554 -0.00772772 -0.181176 -0.98342 0.0638356 0.022157 0.0467395 0.00292814 -0.00359027 -0.00107125
0.451354 3.45098 0.0637911 0.93801 0.000569612 -0.00747306 -0.17904 -0.983813 0.0689112 0.0199679 0.0504686 -0.000171859 0.000571995 -0.0133211
0.428186 3.50298 0.0785045 0.979811 0.000730997 -0.00778368 -0.175773 -0.9844 0.0710225 0.020261 0.0507332 0.000105401 0.000507738 -0.0123392
0.405511 3.56637 0.0979537 0.996955 -0.000669929 0.00153557 -0.161161 -0.986927 0.0208886 0.00309181 -0.0131554 -0.00224229 -0.000153888 -0.0798989
0.399722 3.5882 0.103679 0.990068 -0.0006545 0.00211716 -0.128891 -0.991656 -0.0136692 -0.00603057 -0.00534018 0.000916443 -0.000309659 -0.0806316
0.399998 3.59293 0.104343 0.99399 -4.07682e-05 -0.00340351 -0.114478 -0.99342 -0.000274497 -0.00362282 0.00100556 -0.00186927 -0.0106445 -0.0352222
0.398427 3.6045 0.107684 1.00203 -0.000378611 -0.00182342 -0.110905 -0.993829 0.0102701 -0.000105175 0.000465961 0.00108496 -0.00142084 -0.000625023
0.391083 3.62098 0.112881 0.994607 -0.000570584 -0.00136794 -0.111715 -0.993739 0.0111037 0.000210139 -0.0011248 0.000227321 -0.000211704 0.000816525
0.388838 3.62894 0.114843 1.00131 -0.000743217 -0.0013575 -0.111761 -0.993734 0.0102653 -5.71832e-05 0.00588742 0.000376748 -0.000619787 0.00105538
0.386099 3.63843 0.114616 1.01583 -0.00083708 -0.00123248 -0.111968 -0.993711 0.00948584 -0.0008432 0.00521267 0.000158675 -5.84025e-05 0.00104291
0.388169 3.64652 0.112796 1.01373 -0.000190676 -0.00120193 -0.112353 -0.993668 0.00866737 0.00113847 -0.0131617 0.00104719 -0.000390026 0.000120529
0.384974 3.65361 0.110228 1.01819 -0.00103171 -0.00108863 -0.112438 -0.993658 0.00773378 -0.00132797 -0.000954215 -0.000844013 7.89196e-05 -0.00058835
0.381043 3.66074 0.109351 1.02012 -0.000251344 -0.00112835 -0.112341 -0.993669 0.00738677 0.000505001 -0.0141706 0.000917728 -0.0010264 -1.87271e-05
0.390323 3.66755 0.10865 1.01087 -0.000427177 -0.000992732 -0.112342 -0.993669 0.0071804 0.00192121 -0.0150242 6.30476e-05 -0.000657311 0.000243381
0.392532 3.68464 0.106465 1.01094 -0.000442524 -0.000747112 -0.112308 -0.993673 0.0086241 0.0020279 -0.0125591 -1.60995e-05 -0.000494924 0.0014146
0.392938 3.6903 0.10592 1.00721 -0.00050791 -0.000640149 -0.112456 -0.993656 0.00759012 0.00190817 -0.0121411 0.000241605 4.1565e-05 0.000489849
0.402501 3.69847 0.101031 0.986277 -0.000492551 -0.00055768 -0.11256 -0.993645 0.00702483 -0.000189482 -0.0114982 -0.000150599 -0.000151331 0.000254957
0.40788 3.67941 0.0917016 0.939288 -0.000175399 0.00876873 -0.10466 -0.994469 -0.0677918 -0.00980821 0.0424923 -0.00213602 0.0118678 -0.046911
0.420243 3.62012 0.0799336 0.953146 0.000398628 0.0052997 -0.085148 -0.996354 -0.0742131 -0.00660864 0.0352267 0.00122056 0.00869795 -0.0471811
0.423057 3.58584 0.0788786 0.976294 -0.000862085 -0.0109444 -0.0749497 -0.997127 -0.0161634 -0.00213728 0.0231314 -0.0024677 -0.018554 -0.0377255
0.406824 3.58257 0.0770482 0.997099 -0.000475784 -0.00680741 -0.0659779 -0.997798 0.032412 -3.61774e-05 -0.0103143 -0.00421897 0.00343208 -0.028624
0.407381 3.59826 0.075355 0.99392 -0.000286767 -0.00667183 -0.0598508 -0.998185 0.046155 0.00226104 -0.0140692 0.000433603 0.000682682 -0.0180669
0.412612 3.62382 0.0733147 0.988721 -0.000308223 -0.00687955 -0.0562568 -0.998393 0.0525291 0.00177402 -0.0126191 -0.000758691 0.000379863 -0.0140564
0.4116 3.66232 0.0711745 0.989449 -0.000180841 -0.00713923 -0.0526579 -0.998587 0.0588723 0.001161 -0.0124984 -0.000310826 -0.000101417 -0.0126558
0.405703 3.71109 0.0709196 1.0009 0.00100997 -0.00682663 -0.051062 -0.998672 0.0666916 0.00577045 0.0147538 0.00115424 -0.00102796 0.00509753
0.391232 3.76271 0.0740152 1.0126 0.000822663 -0.00697006 -0.0538117 -0.998526 0.0707294 0.00814878 0.0145014 0.000279449 0.00111666 0.0167681
0.383951 3.81171 0.0800787 1.02137 -0.000104062 0.00141322 -0.0571384 -0.998365 0.041134 0.0038285 -0.0124308 -0.0015948 0.0169307 0.0080957
0.392911 3.83934 0.0812801 1.01545 0.000350452 -0.00118064 -0.057864 -0.998324 0.0247521 0.000492968 -0.0140259 -0.000567789 0.000366479 0.00170086
0.413113 3.86907 0.0905952 1.00324 0.00034047 -0.00120208 -0.057952 -0.998319 0.0184157 0.00248728 -0.0099551 -0.000243933 -0.000484936 0.000819926
0.425781 3.88683 0.0968289 0.994509 -0.000319121 -0.000167483 -0.0462212 -0.998931 0.0119399 -0.00174926 0.0102304 0.00152521 -0.00218982 -0.0698411
0.424749 3.89207 0.0995165 0.998475 -0.000421343 0.000152707 -0.0248208 -0.999692 0.00608685 -0.00423794 0.00439102 -0.000718815 -0.000709713 -0.0907626
0.423211 3.89487 0.101007 0.978329 -0.000405212 0.000318898 -0.00433109 -0.999991 0.00269854 -0.00461988 0.0219099 0.000914859 -0.0009661 -0.0847883
0.422169 3.90346 0.10389 0.975992 0.00157966 -0.00897781 0.0116585 -0.999891 0.0380333 0.00256701 0.0315079 0.000706568 -0.0175297 -0.0227132
0.431679 3.95225 0.112652 0.987921 0.000759794 -0.00606676 0.00569754 -0.999965 0.0723624 0.00926978 0.0307174 0.000547572 -0.0018293 0.0338902
0.442169 3.98766 0.118628 0.990432 -0.000314293 -0.00699167 -0.00142136 -0.999975 0.0801393 0.00710137 -0.0221676 0.0011581 0.000333004 0.0212699
0.456163 4.02693 0.123245 0.98705 -0.000116614 -0.00680984 -0.00399476 -0.999969 0.0859479 0.00377858 -0.0218608 -0.000973449 0.000883882 0.0035617
0.477233 4.07055 0.126826 0.985643 -0.000435276 -0.0066271 -0.00415138 -0.999969 0.0899032 0.00326107 0.0034432 0.0163411 -0.0112713 -0.00151657
0.503665 4.11211 0.128428 1.00003 -0.0012735 -0.00613965 -0.00148184 -0.999979 0.0884037 -0.00312021 0.00766749 -0.00179063 0.00228935 -0.0217802
0.532753 4.1563 0.128479 1.0109 -0.00103135 -0.00642508 0.00543833 -0.999964 0.0895713 -0.00508073 0.00694976 0.000341067 0.000904519 -0.0308773
0.563951 4.19952 0.126064 1.01393 -0.000148166 -0.00719177 0.0123436 -0.999898 0.0924329 -0.00437739 0.0207602 -0.00196287 0.00251748 -0.0227562
0.601321 4.25251 0.124353 1.02525 -0.000397116 -0.00718318 0.0159187 -0.999847 0.0974183 -0.00116547 0.021813 0.00101012 0.000128409 -0.00579475
0.632524 4.29894 0.122822 1.03841 -0.000948314 -0.0065558 0.0172522 -0.999829 0.0988054 -0.00181005 0.043646 0.00517855 -0.00802749 -0.0043113
0.668414 4.3461 0.120404 1.04007 -0.000986976 -0.00667086 0.0197558 -0.999782 0.0964904 -0.00484816 0.0429977 -0.000533947 0.00129641 -0.0133883
0.705288 4.394 0.117084 1.04746 -0.000791998 -0.00698285 0.023537 -0.999698 0.0973216 -0.00566588 0.0391224 -0.00400258 0.00505775 -0.0161988
0.75007 4.46693 0.110206 1.08547 -0.000612904 -0.0072903 0.0276346 -0.999591 0.101663 -0.00507792 0.0380115 0.000380194 0.000302503 -0.00610722
0.792371 4.51845 0.106255 1.0974 2.91413e-05 0.00290545 0.027155 -0.999627 0.0686724 -0.00179659 -0.00633921 0.000329639 -0.00192677 0.0181539
0.821302 4.55442 0.102795 1.10975 6.89328e-05 -0.00968633 0.0145686 -0.999847 0.0429954 0.0011981 0.0573407 0.000363735 0.0349953 0.0333759
0.846251 4.58612 0.0994199 1.11639 3.89506e-05 -0.00689442 0.00830057 -0.999942 0.0831015 0.000172591 0.0581728 -0.00053199 -0.00388781 0.0185784
0.867516 4.61491 0.0961422 1.13528 0.00014203 -0.00680022 0.00454992 -0.999967 0.0877549 -0.000603104 0.0588623 -0.000981959 0.000711203 0.0140751
0.893219 4.65715 0.0953889 1.17175 -0.000696773 -0.00659167 0.00298467 -0.999974 0.0912543 -0.00423909 0.0605891 -0.000791432 9.22256e-05 -0.00370185
0.908194 4.72223 0.0939718 1.20655 -0.000501365 -0.00666131 0.00694277 -0.999954 0.0934182 -0.0061652 0.061784 -0.000569249 0.000188136 -0.0121575
0.913995 4.76637 0.0905571 1.23209 -0.000630196 -0.00628212 0.010408 -0.999926 0.0929546 -0.00808961 0.0655589 -9.97195e-05 0.00109881 -0.0150565
0.911097 4.80858 0.0900348 1.24911 -0.000644798 -0.00650686 0.0143213 -0.999876 0.091776 -0.00770388 0.0667183 0.000556076 0.0013522 -0.0169969
0.911472 4.85543 0.0888321 1.28015 -0.00102411 -0.00682211 0.0191057 -0.999794 0.0912374 -0.00822093 0.0530622 0.00391008 0.0013083 -0.0188308
0.915021 4.90716 0.086239 1.31784 -0.00109855 -0.0068286 0.0255039 -0.999651 0.0938635 -0.0105021 0.0529319 -8.70811e-06 -0.000793359 -0.0248842
0.917455 4.95748 0.0821371 1.34566 0.000838682 -0.00695841 0.0302574 -0.999518 0.0944475 -0.00382245 0.0531594 0.00258013 0.000100636 0.00139853
0.919261 5.02478 0.0826667 1.4021 -0.000358745 -0.00702441 0.0241233 -0.999684 0.0951879 0.000775899 0.0654855 0.000353126 0.000785951 0.0210496
0.919811 5.10517 0.0814922 1.45703 -0.000272749 -0.00760891 0.0187328 -0.999796 0.0978665 -0.000452334 0.0550756 -0.000116874 -0.000174488 0.0104871
0.923056 5.18649 0.0783831 1.51234 -0.000255795 -0.00765821 0.0152762 -0.999854 0.100019 -0.00043715 0.054225 0.000516459 0.000435395 0.00753282
0.851191 5.2847 0.0748144 1.56554 -0.00068869 -0.00765905 0.0140809 -0.999871 0.102336 -0.00391548 0.0554974 -0.000635141 -0.000163769 -0.00474144
0.800702 5.3477 0.0743198 1.61596 0.000770126 -0.00697875 0.0139612 -0.999878 0.101782 0.0023537 0.050643 0.00215792 0.000986646 0.0146302
0.753259 5.40926 0.0761704 1.63714 -0.00099304 -0.0076418 0.00740318 -0.999943 0.102124 0.00470806 0.0390191 0.0171902 0.00752794 0.0243097
0.70809 5.47178 0.0735714 1.66253 -0.00112829 -0.00770766 0.00659994 -0.999948 0.105607 -0.00524929 0.0372853 -0.00185733 0.000130913 -0.0119991
0.656516 5.52721 0.067533 1.6659 -0.00076852 -0.00800147 0.0108189 -0.999909 0.107731 -0.007422 0.02941 -0.000290734 -0.000569473 -0.0180044
0.576655 5.63628 0.0616158 1.69619 -0.000392004 -0.00825013 0.0167463 -0.999826 0.110464 -0.00416992 0.0416586 0.000770509 -0.000116482 -0.00368397
0.541666 5.6854 0.0620556 1.70962 -0.000528137 0.00190964 0.0185719 -0.999826 0.0806991 -0.00262029 -0.00904393 0.000671175 -0.0114118 -0.0183333
0.517269 5.72044 0.0606244 1.71755 -0.000550412 0.0022765 0.0269849 -0.999633 0.0372349 -0.00188992 -0.0146068 0.00294562 -0.00424899 -0.0452223
0.507765 5.7334 0.0573239 1.71877 -0.000712382 0.00291575 0.0475557 -0.998864 0.0149211 -0.00377915 -0.0207001 -0.00215933 -0.00153802 -0.112263
0.510297 5.73515 0.0543993 1.73156 -0.000284644 -0.00893607 0.0735348 -0.997253 0.0261562 -0.00427581 0.0835629 -0.00734233 0.0622488 -0.0922414
0.532815 5.75201 0.0528011 1.78043 -1.53796e-05 -0.00622882 0.0838917 -0.996455 0.0746078 -0.00361432 0.0812861 0.0024953 -0.0041667 -0.00126394
0.565158 5.77161 0.0509489 1.84286 -0.000479439 -0.00145151 0.0825297 -0.996587 0.0661746 -0.00368316 0.121536 -0.000116245 0.00705758 0.00733224
0.608886 5.79003 0.0486442 1.91226 -0.000435079 -0.00202688 0.0823081 -0.996605 0.0569386 -0.00422457 0.031458 -0.00109898 -0.0150249 -0.00133296
0.622234 5.80282 0.0467848 1.92656 -5.48359e-05 0.000220366 0.0785129 -0.996913 0.0391862 -0.00138331 -0.0253956 0.000126813 -0.000159091 0.0309648
0.62877 5.81034 0.0475457 1.93934 -0.000780703 -0.0100637 0.0698801 -0.997504 0.0576118 -0.00327767 0.0253327 0.00113862 0.00188619 0.0277551
0.634893 5.84372 0.0463147 1.96136 -0.000217918 -0.00696986 0.0653132 -0.99784 0.088552 -0.00684506 0.0127944 -0.014485 -0.00922844 0.00852022
0.613574 5.91209 0.0415591 1.96641 0.00027401 -0.00668629 0.0539743 -0.99852 0.0903629 0.000333073 0.0121003 4.91857e-05 0.00136748 0.033933
0.601583 5.94989 0.0396915 1.96836 -0.000281039 0.00236201 0.0441527 -0.999022 0.0618737 2.91879e-05 -0.000720799 -0.000722728 -0.00367487 0.0529728
0.58631 5.97054 0.0381662 1.9596 -0.000271648 0.00182285 0.0283958 -0.999595 0.027926 0.000203498 0.00900745 0.00208579 -0.0019368 0.0637917
0.597264 5.98222 0.0354581 1.97895 -0.00170811 -0.00927299 0.0241049 -0.999665 0.0439264 -0.00681418 0.0540481 -0.00271253 -0.00253012 -0.0229219
0.627645 6.03415 0.0250984 2.01917 -0.000520159 -0.00673122 0.0362913 -0.999319 0.0909551 -0.0102162 0.051132 -0.000595794 -0.0142202 -0.0201782
0.642122 6.07647 0.0182969 2.03897 -0.000562821 -0.00610102 0.0397816 -0.99919 0.0956362 -0.00951032 0.0495757 0.000460093 8.7557e-06 -0.00721872
0.666032 6.14299 0.0116974 2.06383 0.000735565 -0.00610444 0.0411188 -0.999135 0.0978384 -0.00447687 -0.0259615 0.00100229 -0.00142316 0.0111438
0.655127 6.18384 0.0120233 2.05111 0.00021966 -0.00630432 0.0357665 -0.99934 0.0984687 0.000248778 -0.0248894 0.000884107 0.000598576 0.0273337
0.645798 6.22403 0.0124715 2.04021 0.000127306 -0.0065868 0.0291079 -0.999555 0.0981113 0.000962091 -0.0247116 -0.000173939 0.00108467 0.026573
0.631202 6.28719 0.0106502 2.01307 -0.000557403 -0.00707023 0.0232662 -0.999704 0.0989916 -0.00417641 -0.0475609 -0.00128261 0.000958481 0.0041954
0.612631 6.32955 0.00800655 1.98172 -0.000300828 -0.00724021 0.0228341 -0.999713 0.0986023 -0.00463507 -0.0468508 -0.000245348 0.000876938 0.000436625
0.589567 6.3803 0.00841808 1.94291 0.000151559 -0.00730897 0.0223256 -0.999724 0.0974804 -0.00143907 -0.0369285 0.000174775 0.000832058 0.0060827
0.591513 6.43028 0.00812848 1.92871 0.000105303 -0.00753623 0.0197302 -0.999777 0.0971203 0.00089541 -0.0276338 -0.0048604 -0.00192857 0.0147774
0.617237 6.5009 0.00769468 1.92148 0.000250002 -0.00766248 0.0131632 -0.999884 0.0976441 0.00395943 -0.0280603 8.89095e-05 -0.000211261 0.0256869
0.635319 6.55837 0.0086187 1.90345 2.94495e-05 -0.00785447 0.00700915 -0.999945 0.0991036 0.00413633 -0.0347715 0.000904438 0.000192494 0.0228523
0.656621 6.61959 0.0109847 1.88557 -0.000219045 -0.00794933 0.00199844 -0.999966 0.10019 0.00403823 -0.0434346 0.0120786 -0.000802516 0.0160017
0.700383 6.70676 0.00986828 1.86075 -0.000823247 -0.00774025 0.00185754 -0.999968 0.101615 -0.00289577 -0.0481415 -0.00070595 0.000788111 -0.0118712
0.743326 6.79391 0.00947698 1.83314 0.000293397 -0.00816974 0.00488549 -0.999955 0.101222 0.00294632 -0.0382356 0.00184826 0.000279177 0.00556733
0.774424 6.85141 0.0110833 1.81812 5.02825e-05 -0.00812487 0.00214477 -0.999965 0.103009 0.00533202 -0.0379524 0.000412101 4.38776e-05 0.0169863
0.802213 6.91636 0.0134108 1.78547 -0.000360588 -0.00843977 -0.00237375 -0.999961 0.104262 0.00543626 -0.0424311 0.000839163 0.000350562 0.014892
0.858746 7.0166 0.0158275 1.74447 0.000140054 -0.00818623 -0.00690534 -0.999943 0.106041 0.006903 -0.0373408 0.000937156 0.000534216 0.0151305
0.898474 7.08408 0.0181624 1.71462 9.28265e-05 -0.00827077 -0.0115574 -0.999899 0.10667 0.00785037 -0.0361129 -0.000219861 -0.000257157 0.0181745
0.947525 7.15269 0.0179633 1.69287 -0.000662725 -0.0083523 -0.0161347 -0.999835 0.107067 0.00552452 -0.0556583 0.00208678 -0.000637239 0.0110228
1.00422 7.23122 0.0180205 1.6579 -0.000318786 -0.0084443 -0.0169142 -0.999821 0.107253 0.0025077 -0.0555986 -0.000302857 4.28333e-05 -0.00347214
0.981889 7.33022 0.0201793 1.60166 -0.000229475 -0.00857806 -0.0160401 -0.999835 0.108426 0.00277063 -0.0549337 -0.000376373 -0.000408631 -0.00104551
0.980614 7.39915 0.0220748 1.57398 -0.000220779 -0.00859002 -0.0159137 -0.999837 0.108705 0.00320812 -0.0546564 0.000116697 0.000115582 0.000817627
0.979657 7.49356 0.0221303 1.54681 -0.000552465 -0.00873654 -0.0150807 -0.999848 0.110415 -7.52941e-05 -0.0341063 -0.000718354 0.00271743 -0.00771922
0.979416 7.57232 0.0203284 1.52079 -0.000397517 -0.00875322 -0.0123934 -0.999885 0.11346 -0.00137016 -0.0349299 -0.000448754 -0.000524482 -0.00971545
0.981959 7.67731 0.0196381 1.49188 -0.00111208 -0.00809786 -0.00720762 -0.999941 0.112358 -0.00449319 -0.0391802 0.00199252 -0.00271241 -0.0199668
0.979823 7.77264 0.020422 1.46865 -0.00106451 -0.0081252 0.00180089 -0.999965 0.112002 -0.00644545 -0.0393774 0.00108627 -0.000788088 -0.0284448
0.981052 7.86782 0.0185792 1.43634 -0.000482022 -0.00844384 0.0117459 -0.999895 0.112176 -0.00634827 -0.0551809 -0.00476514 0.00116741 -0.0226729
0.98591 7.93647 0.0174917 1.39143 -0.000534145 -0.00841792 0.0154323 -0.999845 0.113659 -0.00320167 -0.0548289 0.000772817 0.000122911 -0.00734264
0.991383 8.00994 0.0159452 1.32967 -0.000350837 -0.0083184 0.0163912 -0.999831 0.115923 -0.00171483 -0.0506201 0.00064249 -5.36333e-05 0.00103391
1.00252 8.07983 0.0147375 1.29857 -0.000462208 -0.00842488 0.0156539 -0.999842 0.116971 -0.00133687 -0.0483345 7.43822e-05 -0.000637637 0.00335656
1.01388 8.14413 0.0131729 1.27229 -0.000991858 -0.00824362 0.0156272 -0.999843 0.115976 -0.00396231 -0.0441928 -0.00230906 0.000903613 -0.00546927
1.0103 8.21363 0.00814914 1.24103 -0.000175212 -0.00871432 0.0164065 -0.999828 0.118911 -0.00305028 -0.0316847 0.000526458 -0.00137535 0.000433176
0.928496 8.31119 0.00123113 1.20723 -0.000816641 -0.00842212 0.0164209 -0.999829 0.119442 -0.00617719 -0.0335921 0.000143773 -0.000879719 -0.00478124
0.87004 8.38174 -0.00076934 1.18564 -0.000739647 -0.00847202 0.018632 -0.99979 0.119025 -0.00674458 -0.0345783 0.000575504 3.07623e-05 -0.0098665
0.814152 8.4495 -0.00269755 1.15906 -0.000146516 -0.00858121 0.0202197 -0.999759 0.120628 -0.00434056 -0.0400586 0.00548061 -0.00159976 -0.00114081
0.755591 8.52028 -0.00711016 1.13799 -0.000579514 -0.00841535 0.0205756 -0.999753 0.119353 -0.00625182 -0.0437711 -0.000342653 0.000370947 -0.0018587
0.619016 8.63913 -0.0123726 1.10867 -0.00121146 -0.00819996 0.0225353 -0.999712 0.117995 -0.00812139 -0.0336298 0.00199885 -0.00164226 -0.00986111
0.564086 8.70353 -0.0158707 1.09469 -0.00107726 -0.0083361 0.0265281 -0.999613 0.116703 -0.0107875 -0.034227 -0.000525341 0.00020612 -0.0194624
0.482117 8.79214 -0.0236956 1.08432 -0.000166054 -0.00188252 0.0422956 -0.999103 0.0558221 -0.00513541 -0.076262 -0.00493034 0.115939 -0.0625103
0.476433 8.86592 -0.0243266 0.991139 -0.000292558 -0.00734964 0.0503611 -0.998704 0.090684 -0.00234065 -0.0998892 0.00254323 -0.0162593 0.0119483
0.480038 8.9262 -0.0277878 0.928734 -0.000365607 -0.0062464 0.0465493 -0.998896 0.0868277 -0.00347112 -0.101733 -0.000689232 0.000632899 0.0135072
0.509777 9.01683 -0.0323206 0.833059 -0.000183658 -0.00499791 0.039998 -0.999187 0.0744597 -0.00169358 -0.112345 0.000653559 0.00238444 0.0202431
0.549494 9.07025 -0.0338719 0.770001 -0.000723882 -0.00705034 0.0359524 -0.999328 0.0823791 -0.00392133 -0.0990721 -0.000590579 -0.00433461 0.00550286
0.601889 9.13177 -0.0381735 0.699337 -2.57912e-05 -0.00704659 0.0344805 -0.999381 0.0859458 -0.00182023 -0.0858379 0.00118932 -0.000956275 0.0100165
0.659861 9.22647 -0.0414402 0.634284 -0.00123998 -0.00834739 0.0328836 -0.999424 0.0969821 -0.00699148 -0.0326475 -0.00344504 0.00184599 -0.0114031
0.689262 9.28574 -0.0445497 0.60749 -0.00091173 -0.0090758 0.0358426 -0.999316 0.103014 -0.00586972 -0.0204333 0.000692843 -0.00112726 -0.00958452
0.701626 9.40204 -0.0556174 0.599112 -0.00154683 -0.0087223 0.0396796 -0.999173 0.105768 -0.00921159 -0.00172105 -0.000945848 0.00098837 -0.0149202
0.707687 9.46829 -0.0656178 0.593136 -0.0014372 -0.0089005 0.0440636 -0.998988 0.105918 -0.0110398 -0.00409472 0.000284144 0.000124369 -0.0180544
0.703031 9.5489 -0.0774638 0.606654 -0.00174077 -0.00829179 0.0494134 -0.998742 0.108834 -0.0127397 0.0351496 0.00433099 -0.00966798 -0.0184754
0.692809 9.62387 -0.0921078 0.628406 -0.00170977 -0.008258 0.0553017 -0.998434 0.107709 -0.0168346 0.0320305 -0.000666131 -7.98396e-05 -0.0267901
0.696806 9.70127 -0.10737 0.64671 -0.00100364 -0.00890727 0.0628759 -0.997981 0.108994 -0.0171726 0.031605 -0.00270316 0.00381045 -0.0220655
0.713926 9.77752 -0.119582 0.6538 -0.00114686 -0.00873787 0.0665788 -0.997742 0.114438 -0.0148346 0.0313335 0.000931574 -0.000808581 -0.00808447
0.743987 9.85009 -0.131865 0.652378 -0.00131449 -0.00863456 0.0682491 -0.99763 0.115438 -0.0157764 0.0319606 -4.97525e-05 -2.30046e-05 -0.00673918
0.773812 9.92163 -0.147223 0.674145 -0.00119261 -0.00779829 0.0701102 -0.997508 0.115266 -0.017847 0.058564 -0.000502826 0.00115058 -0.00836942
0.784341 10.0268 -0.166907 0.744598 -0.00121316 -0.00800195 0.0735119 -0.997262 0.113904 -0.0183434 0.0556231 -0.000299963 0.000409809 -0.00912239
0.813447 10.1279 -0.190688 0.797144 -0.00104846 -0.0079686 0.0770412 -0.996996 0.11397 -0.0207289 0.0563071 -9.21447e-05 4.7927e-05 -0.00839459
0.803836 10.1939 -0.201521 0.82754 -0.00117406 -0.00810622 0.0791138 -0.996832 0.115075 -0.0203207 0.0493353 0.000476713 -0.000747402 -0.00834569
0.791869 10.2868 -0.218314 0.861948 -0.000724564 -0.00782684 0.0803734 -0.996734 0.114183 -0.0179469 0.0618582 0.00535938 -0.000515658 0.00385618
0.785227 10.3456 -0.22627 0.883987 -0.00113671 -0.00784313 0.079966 -0.996766 0.113163 -0.0184999 0.063794 0.000191579 -0.000512982 -0.00166048
0.783643 10.4153 -0.237106 0.925351 -0.000937558 -0.00812237 0.0808415 -0.996693 0.114696 -0.0188569 0.0582217 -0.000359727 -0.000573247 -0.00218878
0.754363 10.4801 -0.247162 0.962981 -0.000953583 -0.00798971 0.0810411 -0.996678 0.115927 -0.0183038 0.0578197 0.000367752 -0.000267085 0.000115731
0.746392 10.5504 -0.256637 0.99689 -0.00106496 -0.00802747 0.0810091 -0.996681 0.116837 -0.0178546 0.0547849 6.86432e-05 -0.000334929 0.00049944
0.73369 10.6458 -0.271213 1.02171 -0.000448501 -0.00825021 0.0797037 -0.996784 0.119966 -0.0149843 0.00810584 0.000878908 -0.000113555 0.0124178
0.726831 10.7142 -0.281573 1.03406 -0.000574399 -0.00819894 0.0757195 -0.997095 0.121597 -0.014436 0.00660563 -0.000160785 -0.000316807 0.015769
0.714908 10.7829 -0.291615 1.03945 -0.000532157 -0.00816017 0.0716595 -0.997396 0.122617 -0.0143773 0.00710264 0.000255312 8.00983e-05 0.0139978
0.708547 10.8504 -0.298258 1.04496 -0.000552426 -0.00826216 0.0679032 -0.997658 0.121226 -0.012768 0.00726248 0.000413671 0.00104729 0.0136447
0.697692 10.9148 -0.305445 1.04196 -0.000969867 -0.00857741 0.0648452 -0.997858 0.122286 -0.0145046 -0.00962621 -0.000768641 -0.000659224 0.00627127
0.686359 10.9851 -0.315944 1.04439 -0.000537329 -0.00844652 0.0633835 -0.997953 0.121824 -0.0142546 -0.00889559 6.95463e-05 0.000327542 0.00708772
0.683087 11.0533 -0.323578 1.04763 -0.000530802 -0.00847395 0.0610702 -0.998097 0.122207 -0.0129174 -0.00636317 0.000578649 -0.000243942 0.00947584
0.679553 11.1225 -0.329389 1.05349 -0.00174561 -0.00812101 0.059934 -0.998168 0.121059 -0.016242 0.00113857 -0.00156582 0.000865041 -0.00449129
0.642334 11.2313 -0.344776 1.05606 -0.00118217 -0.00852234 0.0651 -0.997842 0.121145 -0.0181413 -0.00275601 0.000125716 -0.000546919 -0.0125827
0.587095 11.2984 -0.354956 1.04344 -0.00120824 -0.00858255 0.0681776 -0.997636 0.121324 -0.0179223 0.00299308 8.81376e-06 8.73493e-05 -0.00872567
0.510119 11.4019 -0.374409 1.01319 -0.000166963 0.00234987 0.0762066 -0.997089 0.0646548 -0.00975639 0.0148156 -0.00035439 0.000410926 -0.0402825
0.485883 11.4317 -0.380606 1.01631 -0.000266765 0.00337514 0.0918302 -0.995769 0.0252034 -0.00409457 0.0120903 0.00031319 -0.00326861 -0.0677334
0.483669 11.4332 -0.383668 1.02256 -8.40026e-05 0.00369242 0.1133 -0.993554 0.00629491 -0.00196078 0.00420849 -0.00144985 0.000735746 -0.0853389
0.496615 11.4167 -0.383889 1.03234 5.93711e-06 0.00328375 0.149133 -0.988812 -0.00128248 0.00054691 -0.00647059 -0.000103472 0.000957168 -0.109147
0.508438 11.399 -0.382318 1.02341 2.54956e-05 0.00305065 0.181159 -0.983449 -0.000428106 0.00142734 -0.00322083 -0.000554517 0.0023248 -0.107071
0.521139 11.3836 -0.380336 1.01701 0.00014355 0.00275584 0.208189 -0.978085 0.00288936 0.00159154 0.00966085 -0.00106229 0.00151433 -0.108594
0.538262 11.3558 -0.374392 1.03004 0.000234781 0.00156386 0.238583 -0.971121 0.0058842 0.00194423 -0.00120866 -0.00256888 0.00450513 -0.0842477
0.556662 11.3321 -0.372192 1.04397 0.000601709 0.000461655 0.258827 -0.965923 0.0116203 0.000801528 -0.0185171 -0.00318573 0.00514929 -0.0605838
0.571247 11.3137 -0.365833 1.03471 0.000637827 -0.000506662 0.274062 -0.961712 0.0196248 0.00113244 -0.0104557 0.000171275 0.0027143 -0.0444759
0.57578 11.3043 -0.357046 1.03158 0.000253375 -0.00105303 0.285201 -0.958467 0.0242061 0.000211477 -0.0057955 0.000434539 0.002622 -0.0374517
0.575021 11.3051 -0.355058 1.03618 -0.00280127 -0.00678886 0.295553 -0.955298 0.0449555 -0.0228917 -0.00476343 -0.00261504 -0.0123487 -0.0241829
0.571402 11.3173 -0.368562 1.03295 -0.00214747 -0.00581674 0.300543 -0.953748 0.0547466 -0.0365437 -0.00498274 -0.00101182 0.000354793 -0.0146894
0.562087 11.3487 -0.395277 1.0113 -0.00210818 -0.0060004 0.305033 -0.952321 0.0591887 -0.0425274 -0.00542565 0.000179207 0.000676642 -0.0116387
0.550691 11.3793 -0.41986 0.977224 -0.00186442 -0.00678878 0.30754 -0.951509 0.061477 -0.043314 0.0139629 0.000852346 0.00116037 -0.00341323
0.538451 11.4171 -0.44412 0.971886 -0.0020652 -0.00707385 0.308084 -0.951331 0.0646412 -0.0442254 0.0023647 -0.000888399 0.00178901 0.0012232
0.526844 11.4608 -0.473661 0.967938 -0.00214907 -0.00736639 0.307689 -0.951456 0.0667413 -0.0457733 0.00270658 -0.000155359 0.00103751 0.0030609
0.500447 11.5111 -0.506346 0.974654 0.00101563 0.00218906 0.306663 -0.951815 0.0507977 -0.0331099 -0.00271767 0.00182887 -0.0293191 0.0162995
0.477688 11.5438 -0.524742 0.982771 -0.000285503 -0.00263166 0.29776 -0.954637 0.0094328 -0.00481034 0.019477 -0.0194108 0.137968 0.0382116
0.462113 11.5755 -0.541218 0.982511 9.72051e-05 0.000811107 0.282438 -0.959285 0.0230991 -0.010611 0.00181268 0.00114905 0.00188144 0.0752372
0.452734 11.5926 -0.551288 0.980318 0.000136866 0.00138259 0.259162 -0.965833 0.00746313 -0.00323916 0.0077201 -0.000909081 -0.00305347 0.0919356
0.448748 11.5974 -0.555148 0.986 0.000610071 0.0017662 0.234191 -0.972189 -0.0008529 0.00232764 0.00170553 -8.20208e-05 -0.00114929 0.10715
0.448711 11.5973 -0.555404 0.991648 0.000664375 0.00203259 0.201691 -0.979447 -0.00444635 0.00538345 -0.00686143 0.000659073 -0.00132138 0.109901
0.450469 11.5935 -0.551529 0.97708 0.000737699 0.00216342 0.173276 -0.984871 -0.00605048 0.0067044 0.00850449 0.000936061 0.000362343 0.112883
0.458439 11.5836 -0.541763 0.971437 0.000226173 0.00179826 0.138126 -0.990413 -0.00608378 0.00639518 0.020539 0.00182678 0.00110634 0.117798
0.466943 11.5715 -0.534586 0.997133 -7.0779e-05 0.0014686 0.104119 -0.994564 -0.00462048 0.00190859 -0.00637486 -1.99331e-05 0.00259473 0.0960992
0.468138 11.5565 -0.532472 1.01723 9.71829e-05 0.000854214 0.0734524 -0.997298 -0.000369699 -0.00190505 -0.0295143 -0.000159327 0.000892016 0.0738748
0.471661 11.5528 -0.530527 0.997963 2.89977e-05 -0.00657685 0.0551395 -0.998457 0.0376681 -0.00440164 -0.046878 0.000281261 -0.0140101 0.0404358
0.471317 11.5686 -0.530011 0.985115 0.000226565 -0.0056583 0.0471515 -0.998872 0.0529904 -0.00475291 -0.0451056 -0.000338794 0.000634647 0.0224094
0.478882 11.6164 -0.524895 1.00468 -0.000705309 -0.00666452 0.0416687 -0.999109 0.0622469 -0.00739545 0.0346257 -0.000643992 0.000618089 -0.00118203
0.469691 11.6591 -0.525446 1.02277 -0.000546159 -0.00699996 0.0426644 -0.999065 0.065005 -0.00771409 0.0394245 -0.00562121 -0.00236777 -0.00587844
0.45683 11.7106 -0.524579 1.05157 -0.000209217 -0.00717314 0.0425295 -0.999069 0.0656017 -0.00296326 0.0411639 0.00116222 0.00146649 0.00568499
0.437351 11.7735 -0.523809 1.08496 -0.000410309 -0.00756582 0.0397639 -0.99918 0.0692486 -0.00132029 0.0410795 0.000448192 0.000683935 0.00869862
0.430014 11.8356 -0.523832 1.07177 -0.000684601 -0.00756635 0.0374475 -0.99927 0.0735445 -0.00165203 -0.0533178 8.93719e-05 0.000328392 0.00388389
0.429155 11.8999 -0.525165 1.04472 -0.000670694 -0.00795087 0.0364416 -0.999304 0.0777762 -0.00166632 -0.0465687 0.000531504 -0.000114435 0.00171504
0.426766 11.99 -0.525094 1.02899 -0.000472928 0.00226314 0.0197114 -0.999803 0.0273021 0.00414843 0.00987001 0.00309068 0.00152793 0.110538
0.427467 12.0175 -0.526298 1.03147 -0.000665013 0.00306216 -0.0192107 -0.999811 -0.00754629 0.00345176 0.00718243 -0.00168245 -0.00231505 0.1305
0.43043 12.0265 -0.53018 1.02428 -4.93047e-05 0.00366114 -0.0551792 -0.99847 -0.0230236 0.00414361 0.00540161 -0.00157724 -0.00163662 0.12891
0.437074 12.0235 -0.53558 1.01211 0.000364667 0.00392026 -0.0938641 -0.995577 -0.0301164 0.00531817 0.0289934 -0.000709156 0.000267028 0.121956
0.440625 12.0085 -0.539021 1.01954 0.000505533 0.00352313 -0.125415 -0.992098 -0.0313335 0.00579723 0.0201833 0.000377661 0.00219084 0.0959122
0.445485 11.9784 -0.543911 1.01846 0.000910817 0.00241743 -0.157143 -0.987573 -0.0248073 0.00614507 0.0164171 -0.000130349 0.00267713 0.0606487
0.445313 11.9504 -0.545344 1.03741 0.000456067 0.00127336 -0.1626 -0.986691 -0.0134924 0.00338624 0.00353825 -0.00191357 0.00185842 -0.0569704
0.446308 11.9311 -0.54585 1.02667 0.0010255 0.000874884 -0.1319 -0.991262 -0.00414058 0.00482408 -0.000150544 -0.00038695 0.00130532 -0.0707684
0.443346 11.9105 -0.540454 1.02576 0.000893784 -0.000313539 -0.110088 -0.993922 0.00105003 0.00635383 0.0149182 0.00159267 0.0018022 -0.0437306
0.433943 11.9025 -0.531229 1.04463 -0.000357043 -0.00583523 -0.0924319 -0.995702 0.0143317 0.00245842 -0.0361153 0.0079581 0.0462113 -0.0388713
0.429572 11.9147 -0.526453 1.01498 1.32302e-06 -0.00580111 -0.0826218 -0.996564 0.0466823 0.000622476 -0.0314977 -0.000239785 -0.00119004 -0.0338916
0.422294 11.9383 -0.519136 1.01314 0.000187451 0.00131784 -0.0665946 -0.997779 0.00126095 -0.00209951 0.00181438 0.00176073 0.000622624 -0.0403027
0.411048 11.9372 -0.509383 1.02139 9.55363e-06 0.000861672 -0.0583258 -0.998297 -0.0111185 -0.00372683 -0.00379406 0.000737756 0.00101918 0.0530467
0.409728 11.9362 -0.508723 1.02194 -0.000402553 0.000887976 -0.0855334 -0.996335 -0.0103189 -0.00595887 -0.00704288 0.000145575 -0.00117589 0.105539
0.409743 11.9319 -0.508855 1.02941 -0.000559805 0.000917077 -0.131692 -0.99129 -0.0101757 -0.00821772 -0.0151685 0.000150124 0.000755024 0.080515
0.409763 11.9285 -0.509048 1.03252 -0.000663842 0.000888852 -0.15381 -0.9881 -0.00870907 -0.00816219 -0.0180577 0.000735754 3.46857e-05 0.0686355
0.410618 11.9251 -0.509976 1.02659 -0.000785332 0.00079039 -0.173369 -0.984856 -0.00721314 -0.00823115 -0.0120621 0.000113227 -7.64484e-05 0.0619328
0.414681 11.9199 -0.514228 1.03508 -0.000648205 0.000542726 -0.190295 -0.981727 -0.00665021 -0.00822258 -0.0181133 0.000318565 0.00161442 0.053786
0.418337 11.9158 -0.517142 1.0375 -0.000602367 0.000314244 -0.204507 -0.978865 -0.00466903 -0.00655236 -0.02337 0.000529557 0.000546395 0.046244
0.420636 11.9121 -0.519637 1.03872 -0.000691117 6.08653e-05 -0.217702 -0.976015 -0.00284606 -0.00533818 -0.0239619 -0.000404708 0.000483274 0.0397831
0.425915 11.9113 -0.523881 1.0208 0.00129433 -0.0033426 -0.228411 -0.973558 0.00115416 -0.00214215 -0.00411886 -0.0194199 0.0880798 0.0346894
0.415454 11.9338 -0.513933 1.02299 -0.000888036 0.00233055 -0.24379 -0.969825 0.0113377 0.00749339 -0.00203774 -0.00230509 0.0113938 0.0350077
0.415288 11.9368 -0.513466 1.00107 0.00204841 -0.00446745 -0.254727 -0.967001 0.00170188 0.00356142 -0.00640101 -0.0098466 0.0944802 0.0343286
0.397786 11.9689 -0.492529 0.989013 0.00194386 -0.00547131 -0.26782 -0.963452 0.0500179 0.0369282 -0.00677864 -0.000188306 -0.00149397 0.0224645
0.381347 11.9919 -0.474789 0.99833 -0.00159545 0.00227692 -0.27208 -0.962271 0.0260251 0.0162901 -3.66516e-05 -0.00232729 0.0192179 0.00582843
0.376319 12.0063 -0.470637 0.99823 -0.000975159 0.000747945 -0.272501 -0.962155 0.0136875 0.00268972 0.00174596 -0.00038515 0.00120018 -0.00252887
0.375954 12.01 -0.472616 1.00348 -0.000797385 0.000722088 -0.272254 -0.962225 0.00870489 -0.000980434 0.00704586 -0.000132794 0.00070511 -0.00275933
0.379395 12.011 -0.474838 0.999044 -0.000940435 0.000832573 -0.272098 -0.962269 0.00757781 -0.00143141 -0.00177174 0.000211348 -0.000582148 -0.00247368
0.380391 12.0115 -0.477263 1.00283 -0.000949163 0.000953476 -0.27199 -0.962299 0.00734146 -0.0010711 0.00633597 7.28494e-05 -0.00022575 -0.00274156
0.392343 12.0069 -0.489325 0.986708 -0.000963308 0.00104034 -0.2718 -0.962353 0.00616338 -0.00348408 -0.00280085 -0.000470844 -0.000592164 -0.002139
0.403181 11.9984 -0.500251 0.98126 -0.000838005 0.000968118 -0.271466 -0.962447 0.00425854 -0.0029611 0.0043207 0.000378273 0.000246515 -0.000963525
0.405437 12.0009 -0.500278 0.987892 0.0022116 -0.00626673 -0.272897 -0.96202 0.0395604 0.0256134 -0.0067505 0.00141128 -0.0158342 0.010454
0.396357 12.0173 -0.489494 0.997213 0.0018045 -0.00539431 -0.276778 -0.960917 0.0524071 0.0361962 -0.00868672 0.000511405 -0.000135594 0.0140622
0.378813 12.0376 -0.475515 0.996209 -0.000787661 0.000763734 -0.27998 -0.960005 0.012903 0.00443008 0.00257324 -0.000518507 0.00349784 0.000692153
0.376142 12.0408 -0.475492 0.976048 -0.000955507 0.000487082 -0.280077 -0.959977 0.00654543 -0.00230725 -0.00120283 -0.000559408 0.00150599 -0.00140364
0.379038 12.0403 -0.479328 0.963935 -0.000850533 0.000290666 -0.280067 -0.95998 0.00352499 -0.00550418 0.00515422 4.67877e-05 0.000105872 -0.00093274
0.384431 12.0412 -0.48516 0.958556 -0.000769499 0.000283648 -0.280021 -0.959994 0.00303559 -0.00712475 0.00524039 -0.000580076 0.000177258 -0.00133386
0.389014 12.0413 -0.48945 0.958092 -0.000732505 0.000256252 -0.279899 -0.960029 0.00228881 -0.00671039 0.00476082 0.00033143 -0.000405172 -0.000735577
0.394586 12.0422 -0.494102 0.98858 -0.000702796 0.000267277 -0.27999 -0.960003 0.0019653 -0.00685461 0.00479945 -7.36795e-05 -0.000151949 -0.000988568
0.399787 12.0427 -0.499453 1.02299 -0.000641142 0.000247495 -0.279829 -0.96005 0.00141373 -0.006899 0.00445928 0.000152403 -0.00025455 -0.000652192
0.405594 12.0419 -0.505614 1.02621 -0.000535259 0.000149804 -0.279868 -0.960038 0.000670849 -0.00772569 -0.00155778 -9.69054e-05 -0.000415826 -0.000455388
0.401048 12.0629 -0.49823 1.02257 0.00241868 -0.00590289 -0.281791 -0.959455 0.044778 0.0277862 -0.0124439 -5.62786e-05 -0.00115361 0.0128887
0.383272 12.1014 -0.468776 1.02536 0.00224428 -0.00609673 -0.287981 -0.957614 0.0519082 0.0367517 -0.0119409 0.000419259 0.000875993 0.0172537
0.360219 12.1287 -0.443235 1.02688 -0.00136874 0.00122861 -0.291414 -0.956595 0.0228599 0.01186 0.00508685 -0.00207297 0.0211676 0.00527841
0.354667 12.1447 -0.433858 1.03671 -0.000904658 -0.000538071 -0.292022 -0.956411 0.00875752 -0.0040101 0.00892877 -0.000761928 0.00242472 -0.00160376
0.357984 12.1689 -0.428221 1.04905 -0.000715184 -0.000722913 -0.291558 -0.956553 0.00621434 -0.00926391 0.01161 -5.48285e-06 -0.000686337 -0.000209872
0.355592 12.1858 -0.426074 1.02054 -0.00077894 -0.000826782 -0.291551 -0.956555 0.00577496 -0.0100613 0.0114744 0.000150849 -0.000237157 -0.000465046
0.361681 12.2002 -0.424953 1.03416 -0.00092487 -0.000671646 -0.291457 -0.956583 0.00659471 -0.0106666 0.0105525 5.62468e-05 -0.000657115 5.95154e-05
0.369539 12.212 -0.424967 1.05543 -0.000879571 -0.000625485 -0.291332 -0.956621 0.00628585 -0.0106711 0.00904944 0.000455725 -0.000399087 0.000403208
0.371547 12.2275 -0.424367 1.06977 -0.00102241 -0.000628618 -0.291455 -0.956584 0.00709986 -0.010059 9.45368e-05 8.36739e-05 -0.000839084 2.53377e-05
0.375813 12.2401 -0.424553 1.07807 -0.00105834 -0.000710285 -0.291406 -0.956599 0.00897618 -0.00919826 0.00206938 0.000189374 -0.000731416 0.00019832
0.380906 12.2495 -0.425492 1.07761 -0.00109222 -0.000410078 -0.291523 -0.956563 0.00793219 -0.00868568 7.97911e-05 0.000568824 5.01131e-05 -7.34394e-05
0.386383 12.2598 -0.427243 1.07894 -0.0010623 -0.000369713 -0.29162 -0.956534 0.00820772 -0.00846587 9.56414e-05 -0.000147831 -0.00052397 -0.000757165
0.395407 12.2691 -0.432381 1.07695 -0.000937246 -0.000400729 -0.291494 -0.956572 0.00842298 -0.00874004 -0.000352641 4.68398e-05 -0.000195095 -0.000604404
0.404238 12.2746 -0.436813 1.05647 -0.000855103 -0.000403036 -0.291443 -0.956588 0.00721194 -0.0079047 -0.000727719 0.000120624 2.9756e-05 4.72037e-05
0.415334 12.2908 -0.437686 1.051 0.00179665 -0.00768932 -0.290506 -0.956841 0.0439442 0.0175522 -0.00606651 -0.000284703 -0.0149702 -0.00782091
0.422831 12.3224 -0.426609 1.05833 0.00152869 -0.00657226 -0.288652 -0.95741 0.058778 0.0283777 -0.00747778 -3.50969e-05 -0.000334207 -0.00795703
0.431519 12.3616 -0.407921 1.06071 0.00162963 -0.0065311 -0.286806 -0.957965 0.0653076 0.032979 0.00264071 0.000124034 0.000861862 -0.00609362
0.441806 12.408 -0.382505 1.06882 0.00170548 -0.00675024 -0.285419 -0.958378 0.0693396 0.0358533 0.00221689 -0.000377843 0.000371575 -0.00433102
0.459258 12.4595 -0.350549 1.08409 -0.00136495 0.00318164 -0.282386 -0.959294 0.0507032 0.0240714 -0.00863807 -0.00102014 -0.0148424 -0.0317835
0.473287 12.4835 -0.335987 1.07886 -0.000997111 0.0028623 -0.26828 -0.963336 0.0126462 0.000421628 -0.00761295 0.000397588 -0.00143021 -0.0673999
0.478205 12.4894 -0.333874 1.07573 -0.00110566 0.00276146 -0.247083 -0.96899 -0.00656137 -0.0119358 -0.00351835 -0.000722165 0.00128593 -0.0731706
0.479945 12.4871 -0.338486 1.06756 -0.000856984 0.00273817 -0.226306 -0.974052 -0.0109643 -0.0145513 0.0024911 -0.00144682 -0.000141065 -0.0727588
0.480215 12.4791 -0.345282 1.0571 -0.000550621 0.00262324 -0.206562 -0.97843 -0.0120379 -0.0127264 0.0178046 -0.00067505 0.000644426 -0.0586297
0.470906 12.4662 -0.347058 1.06336 -0.00066841 0.000319214 -0.190833 -0.981622 -0.0106966 -0.00867803 0.00705578 0.0104371 0.105636 -0.0474139
0.474337 12.4796 -0.342282 1.06273 0.000183195 -0.00559301 -0.175458 -0.984471 0.0616819 0.0161959 0.0032497 0.000250724 -0.000504328 -0.0263454
0.495383 12.5045 -0.3395 1.0601 -0.00016308 0.0019805 -0.162481 -0.98671 0.0206342 0.00598567 0.00421928 -9.39134e-06 0.0051724 -0.0382643
0.498418 12.5077 -0.340216 1.06594 -0.000158472 -0.00383567 -0.152745 -0.988258 0.0107509 0.00335977 0.006756 0.0151552 0.108453 -0.0388147
0.504607 12.5233 -0.335829 1.07818 6.71363e-05 -0.00629974 -0.143016 -0.9897 0.0590864 0.012688 0.0043756 -0.000300697 -0.00336995 -0.0255428
0.527793 12.5551 -0.330419 1.08765 0.000890558 -0.0064492 -0.13646 -0.990624 0.0723386 0.0164794 0.00273964 2.5549e-05 -9.96472e-05 -0.0119179
0.558561 12.5995 -0.321066 1.09663 0.000735212 -0.00638458 -0.134514 -0.990891 0.0799282 0.0198168 0.00234955 -9.55447e-05 -0.000225928 -0.00120955
0.596437 12.6454 -0.307675 1.10397 0.00191938 -0.00546703 -0.136688 -0.990597 0.077303 0.0267436 0.00323354 0.00209951 0.00271449 0.0237657
0.62807 12.6895 -0.291163 1.11054 0.00168157 -0.00598443 -0.14474 -0.98945 0.0775398 0.0295394 -0.00244897 0.000505277 0.00164667 0.0355776
0.666507 12.7366 -0.270984 1.08359 0.00163956 -0.00621316 -0.153925 -0.988062 0.0804454 0.0312581 -0.0035183 9.3802e-05 0.000730098 0.0293851
0.730998 12.81 -0.243253 1.09012 0.001904 -0.00636187 -0.164306 -0.986387 0.0844474 0.0323559 0.00519915 -0.00046263 0.000463592 0.0264543
0.791781 12.8902 -0.205018 1.09935 0.00202701 -0.00660167 -0.174944 -0.984554 0.0862627 0.0363132 -0.00229509 0.00087532 0.000733244 0.0250781
0.832456 12.9665 -0.166968 1.08735 0.00117884 -0.00744866 -0.183018 -0.983081 0.0919535 0.0349973 -0.0156926 -0.00169623 -0.000328888 0.00682811
0.857718 13.019 -0.142925 1.0837 0.00190888 -0.00698117 -0.183098 -0.983068 0.0947258 0.0353765 0.0132165 -0.00973187 -0.0045016 -0.000943389
0.883277 13.0754 -0.11647 1.07646 0.00205996 -0.00712928 -0.185078 -0.982696 0.092031 0.0400996 0.0107771 0.00154908 0.000843697 0.014859
0.934799 13.1824 -0.0604052 1.09264 0.00163196 -0.00762465 -0.191857 -0.981392 0.0965523 0.0431271 0.0047187 -6.9547e-05 0.000215555 0.00929344
0.961206 13.2378 -0.0354899 1.10854 0.00101036 -0.00777925 -0.192819 -0.981203 0.0984259 0.0402872 0.00978089 -0.00111644 0.000494916 -0.00280435
0.91609 13.3024 -0.00386412 1.11434 0.00140932 -0.00799167 -0.190619 -0.981631 0.099781 0.0418634 0.014785 -0.00171978 0.00215487 -0.00696775
0.840161 13.3707 0.0259355 1.13028 0.00134353 -0.00805206 -0.189542 -0.981839 0.10183 0.0443349 0.0156111 0.000439361 0.000180689 -0.000417959
0.779561 13.4385 0.0521155 1.11805 0.000655994 -0.00794171 -0.187929 -0.98215 0.102501 0.0402716 0.000892572 -0.00101543 0.00103627 -0.0109095
0.719384 13.5016 0.0733151 1.11714 -0.000578699 0.00217417 -0.183054 -0.9831 0.0775242 0.0301845 0.000701287 -0.00110917 -0.0146411 -0.0254884
0.678433 13.5389 0.0843671 1.11716 -0.000459367 0.00260321 -0.172969 -0.984924 0.0287039 0.0135029 -0.0016896 -0.00013782 -0.0029309 -0.0382871
0.663577 13.551 0.0868759 1.1275 -0.000645488 0.00308955 -0.158676 -0.987326 0.00525073 0.00517654 -0.00716244 -0.000602511 -0.00134575 -0.0534026
0.664604 13.5478 0.0874724 1.12793 -0.000776076 0.00330055 -0.142723 -0.989757 -0.00624375 0.0025864 -0.0139644 0.000928417 0.00105245 -0.0499771
0.679199 13.5318 0.0850708 1.11748 -0.000333723 0.00273956 -0.142932 -0.989729 -0.0103892 0.00376042 -0.00147788 0.00154059 0.00122529 0.0555225
0.693315 13.5178 0.0820021 1.1071 -0.000668736 0.00261697 -0.163549 -0.986531 -0.00816581 0.0036978 0.010018 0.000547212 0.00237605 0.0819398
0.712422 13.4951 0.0751871 1.11762 -0.000587343 0.00166432 -0.189082 -0.98196 -0.00547248 0.00281586 -0.00242716 0.000454287 0.00413703 0.0811117
0.728927 13.4789 0.0686126 1.10322 0.00195994 -0.00884755 -0.210811 -0.977485 0.0189328 0.0126867 -0.0225194 0.00378542 0.0289036 0.0551524
0.726786 13.4892 0.0741196 1.08744 0.00116425 -0.00637576 -0.219062 -0.975689 0.0599056 0.0301156 -0.0177146 0.00314712 -0.00156196 0.0113992
0.701264 13.5187 0.0835482 1.06798 0.000719901 -0.0064026 -0.219109 -0.975679 0.06813 0.0286661 -0.0121266 -0.00121905 0.00130886 -0.0083724
0.669149 13.5556 0.0971943 1.06115 0.000965714 -0.00696187 -0.215811 -0.97641 0.0682402 0.0284549 -0.0121517 0.000307812 0.00235035 -0.0122408
0.636139 13.5926 0.111967 1.06822 -0.00068722 0.00155191 -0.206359 -0.978475 0.0208559 0.00769845 -0.00349758 -0.00202755 0.0053949 -0.051815
0.622542 13.6077 0.114732 1.05087 -0.000269472 0.00141839 -0.190009 -0.981781 -0.00292673 -0.00156638 0.0101188 -0.000764279 -0.000781059 -0.0590066
0.616048 13.613 0.116568 1.04994 0.000174616 0.00172254 -0.182641 -0.983178 -0.0159995 -0.00304022 0.0139015 0.000418084 -0.000692655 0.0407549
0.617602 13.6094 0.117399 1.05857 -2.80477e-05 0.00191723 -0.237024 -0.971502 -0.0216537 -0.00405565 0.000258021 0.00109732 -0.000996734 0.146575
0.625474 13.602 0.118362 1.05094 -0.000224998 0.0018296 -0.280552 -0.959837 -0.0221965 -0.00510186 0.012904 0.000829424 0.000454206 0.158786
0.631172 13.5945 0.116208 1.05939 -0.000364989 0.00166497 -0.326295 -0.945266 -0.0197591 -0.00685108 0.00294538 0.00266038 0.000557452 0.148358
0.637285 13.5869 0.111475 1.06315 -0.000399634 0.00138224 -0.355514 -0.93467 -0.0158996 -0.00854954 -0.00106467 -0.000608002 0.000902181 0.0663636
0.646997 13.5752 0.104544 1.0666 0.0036954 -0.00814847 -0.373972 -0.927397 0.0015951 0.00769563 -0.00524166 0.00206714 0.0320194 0.0357881
0.641527 13.5859 0.120231 1.0744 0.00256195 -0.00578492 -0.38079 -0.92464 0.033691 0.0396853 -0.00786835 -0.000111165 -0.00217552 0.0180937
0.629754 13.6053 0.14498 1.06844 0.0023445 -0.00573591 -0.384816 -0.922972 0.0411551 0.0486007 -0.0243248 0.00718684 0.00409447 0.0136229
0.611365 13.6411 0.184374 1.0299 0.00213747 -0.00595993 -0.38704 -0.922041 0.050841 0.0541592 -0.0244086 -0.000731991 6.84339e-06 0.00067261
0.591505 13.6737 0.215025 1.03676 -0.00115279 0.0029799 -0.390553 -0.920575 0.0221364 0.0245859 -0.00753889 -4.6478e-05 0.0126066 0.0370148
0.583335 13.682 0.22509 1.0011 0.00015786 3.9664e-05 -0.406511 -0.913646 -0.00177942 0.00101098 0.00777003 -0.0138303 0.101843 0.0553975
0.581908 13.6975 0.247003 1.02292 0.00315057 -0.0058367 -0.419906 -0.907543 0.0317807 0.0483885 -0.00012453 0.00875964 -0.0485604 0.0312895
0.574743 13.7157 0.272716 1.02951 -0.00121568 0.00142729 -0.429343 -0.903139 0.0104207 0.0166872 -0.0154252 0.000203044 0.00436677 0.0424495
0.576375 13.7211 0.282635 0.997504 -0.00121297 0.00126826 -0.441547 -0.897236 -0.00311751 -0.00180409 0.0241208 0.00040814 0.000120954 0.0428764
0.575521 13.7225 0.282995 1.01049 -0.000982166 0.00127731 -0.454145 -0.890926 -0.00826699 -0.00866722 0.0128675 -0.000950968 -0.000254941 0.0657898
0.571947 13.7247 0.280804 1.02223 0.00294843 -0.00619988 -0.475958 -0.879441 -0.00461689 -0.00237021 -0.0027436 0.004781 0.11703 0.0692133
0.566876 13.7399 0.294942 1.02544 0.00285696 -0.00685579 -0.484123 -0.874969 0.0319881 0.0453952 -0.0048858 -0.00197223 -0.00691189 0.00561234
0.563326 13.7603 0.318319 1.03647 -0.000982682 0.00199423 -0.488465 -0.872581 0.0127067 0.0205428 -0.00881882 0.00065997 0.0133232 0.0470718
0.561096 13.769 0.326904 1.04867 0.0031564 -0.00583322 -0.505294 -0.862922 0.00353479 0.00962975 0.00367965 0.00495015 0.106942 0.064966
0.563503 13.7871 0.354067 1.06056 0.00324723 -0.00666351 -0.513712 -0.857931 0.0331784 0.055976 0.000768676 -0.00149452 -0.00328569 0.00411029
0.57206 13.8152 0.39714 1.06813 0.0028257 -0.00627059 -0.512523 -0.858646 0.0400759 0.064619 -0.00589436 -0.000687931 0.000666596 -0.0137622
0.569651 13.8435 0.445186 1.06715 0.00225266 -0.0062967 -0.508723 -0.860905 0.0430334 0.06741 -0.00727826 -0.000169741 0.000510582 -0.0191873
0.526197 13.8743 0.488527 1.0454 0.00262768 -0.00648791 -0.503702 -0.863849 0.0466988 0.067965 -0.00682999 -0.000625585 0.000735473 -0.0238174
0.484748 13.9031 0.53137 1.0469 -0.00173139 0.00198247 -0.485397 -0.87429 0.0205886 0.0270426 0.000281194 -0.00136557 0.00501455 -0.130162
0.462011 13.9189 0.550378 1.04141 -0.00179244 0.00244751 -0.444418 -0.895814 0.00300903 0.00104528 0.00264814 -0.000722911 -0.00332137 -0.154933
0.45696 13.9236 0.552461 1.04709 -0.00239253 0.00254314 -0.401504 -0.915851 -0.00519395 -0.0113597 0.00119556 0.00102175 -0.000492599 -0.185959
0.466808 13.9231 0.54187 1.05204 -0.00190787 0.00270261 -0.337998 -0.941141 -0.00776957 -0.0165848 -0.00755396 -0.00279783 0.000534957 -0.222617
0.486455 13.9154 0.521892 1.05719 -0.00134837 0.00242669 -0.258528 -0.966 -0.0104879 -0.0140136 -0.0104071 -0.00262369 0.003132 -0.227003
0.504404 13.9029 0.504992 1.05385 -0.000742648 0.00186338 -0.193401 -0.981118 -0.0100805 -0.00673249 -0.0107772 -0.00111433 0.0022299 -0.200413
0.517099 13.8888 0.490898 1.04552 -0.000247227 0.0011562 -0.135743 -0.990743 -0.00679521 -2.46148e-05 -0.00133948 -0.00117537 0.00169752 -0.163682
0.527378 13.8756 0.480403 1.05106 0.000401758 0.000602115 -0.0914071 -0.995813 -0.00250089 0.0064024 -0.00561844 -0.0011602 0.00218273 -0.0911195
0.530709 13.8692 0.476534 1.04007 0.000445113 0.000448448 -0.0701311 -0.997538 0.00178042 0.00999773 0.00294931 -0.000628403 0.00105484 -0.0554609
0.532327 13.8669 0.471792 1.02052 -0.000783912 -0.0071394 -0.0560446 -0.998402 0.0322672 0.0056613 -0.00695549 -0.0029683 -0.0114628 -0.0315454
0.536191 13.8857 0.466616 1.00155 0.000782637 -0.00642097 -0.0485789 -0.998798 0.0572008 0.00636606 -0.0093389 0.000818015 -0.00193676 -0.00835846
0.536898 13.917 0.467174 1.00787 0.000347122 -0.0064411 -0.0484302 -0.998806 0.0635926 0.00794202 -0.0104834 0.00792213 -0.0020775 0.00562228
0.535717 13.9608 0.46688 1.00398 2.04313e-05 -0.00667655 -0.0470009 -0.998873 0.0651793 0.00230843 -0.0118315 -0.000618406 0.00165615 -0.00875484
0.47312 14.0739 0.472073 1.03349 0.0017726 -0.00671924 -0.041431 -0.999117 0.0717058 0.00771975 0.00892583 0.00277889 0.00176295 0.0122858
0.439155 14.1433 0.479188 1.04948 0.00136887 -0.00717559 -0.0489842 -0.998773 0.0744823 0.0115991 0.00870059 0.000451829 0.000856037 0.0306149
0.421578 14.2982 0.507692 1.04097 0.00161224 -0.00732002 -0.0684666 -0.997625 0.0815702 0.0170115 -0.0166279 0.000602501 0.000439408 0.0328818
0.434253 14.3669 0.525022 1.04104 0.00154013 -0.00744288 -0.0774696 -0.996966 0.0857428 0.0187635 -0.0201096 -0.000439796 -0.000606546 0.0300823
0.43805 14.5144 0.566856 1.02831 -0.000921684 0.00229366 -0.0809606 -0.996714 0.045781 0.00694146 0.00314487 -0.00143843 0.00434315 -0.0853698
0.424841 14.5443 0.576204 1.03839 -0.0010422 0.00298691 -0.0400794 -0.999191 0.00737126 -0.00289591 -0.00497716 0.000578256 -0.00201019 -0.127217
0.424578 14.5403 0.574892 1.02813 -0.00119002 0.00325335 0.0321552 -0.999477 -0.017916 -0.00894178 0.00386301 -0.00649896 0.00177945 -0.068018
0.435961 14.5224 0.564406 1.02795 -0.000362362 0.00278117 0.0311321 -0.999511 -0.0160372 -0.00429054 0.00489239 -0.000552123 0.0012464 0.055079
0.440711 14.502 0.561404 1.03481 -0.000513603 0.00211099 0.0132403 -0.99991 -0.0130359 -0.000582267 -0.0014766 0.0010996 0.00342069 0.0611826
0.445911 14.4633 0.553128 1.03697 -0.000826287 0.000352646 0.0135819 -0.999907 0.000821426 -0.00430357 -0.00626659 -0.00363147 0.000675356 -0.0939086
0.453976 14.4528 0.546139 1.02445 -0.000107903 2.47503e-05 0.042602 -0.999092 0.00452328 -0.00125167 0.0054841 -0.00180421 0.00247945 -0.0937016
0.456309 14.4484 0.541009 1.03059 0.000237277 -0.000155232 0.0708395 -0.997488 0.0083304 0.00249111 0.00213371 -0.00111388 0.000233043 -0.077829
0.447588 14.4719 0.526788 1.0112 -0.00145847 -0.00589316 0.108566 -0.994071 0.0559556 -0.0168956 -0.0172089 -0.000280205 -0.000312832 -0.0214682
0.42407 14.5148 0.514792 0.983469 -0.00089858 -0.00650544 0.114389 -0.993414 0.0663392 -0.0166738 -0.0245892 0.00171396 -0.000595267 -0.00816509
0.42219 14.569 0.500098 0.973677 -0.00112399 -0.00662882 0.115898 -0.993238 0.0723063 -0.0177088 -0.0248808 -0.000322724 0.000499458 -0.00090629
0.423741 14.63 0.478223 0.954774 0.000145662 0.00243842 0.164489 -0.986376 -0.00490184 0.00152007 0.0145146 -0.000458416 0.000162324 -0.0930659
0.421247 14.6289 0.473827 0.954837 0.000434908 0.00264469 0.191306 -0.981527 -0.00994978 0.00354998 0.0217654 -0.00125661 -0.00128562 -0.077915
0.414182 14.621 0.472833 0.967089 0.000697412 0.00279132 0.214197 -0.976786 -0.00988427 0.00550546 0.00949132 -0.000621261 0.000313683 -0.0649812
0.409558 14.6066 0.47701 0.985567 -0.00254639 -0.00795722 0.232917 -0.972461 0.00819542 -0.00320478 0.0103835 0.000472495 0.0528221 -0.0457908
0.403393 14.6181 0.466926 1.00086 -0.00171366 -0.00568556 0.241382 -0.970412 0.0583405 -0.0303169 0.00889287 0.000657159 -0.00166224 -0.00999281
0.396295 14.652 0.446173 1.01232 -0.0022961 -0.00480806 0.244878 -0.969539 0.0657782 -0.0372011 0.00162371 0.000326632 0.000594254 -0.0124823
0.394642 14.6771 0.431272 1.02185 0.00065632 0.000557615 0.248681 -0.968585 0.0302158 -0.0100952 0.00290502 0.00130451 0.0084637 -0.00207028
0.395893 14.6871 0.427837 1.03306 0.000263872 -0.000237926 0.248728 -0.968573 0.0212482 -0.00281491 0.00295691 0.000325656 0.000459821 0.00246663
0.397836 14.6918 0.427109 1.05088 0.000248749 -0.000389572 0.248554 -0.968618 0.0169888 -0.0011819 0.00286784 -0.000421214 0.000308633 0.00250167
0.398454 14.6952 0.42557 1.06284 0.000306446 -0.000388012 0.2483 -0.968683 0.0153198 -0.00118105 0.00223145 -0.000116611 -0.000316094 0.00194527
0.403368 14.7059 0.424361 1.07392 0.000426215 -0.000337457 0.248138 -0.968724 0.0124754 -0.000190675 0.00312671 0.000105704 0.000228156 0.00142577
0.425012 14.7667 0.407047 1.07491 -0.00102804 -0.00624777 0.238027 -0.971238 0.0659597 -0.0252759 -0.00261468 0.00038116 0.000472846 0.0211975
0.490742 14.9026 0.35386 1.07627 -0.00210388 -0.00681478 0.225546 -0.974206 0.0774082 -0.032257 -0.01089 0.000278402 0.00037061 0.00751346
0.531604 14.9697 0.323334 1.06346 -0.00200741 -0.00709754 0.226026 -0.974094 0.0797975 -0.0362061 -0.0107438 -0.000537033 0.000568046 -0.0044368
0.57633 15.0335 0.290507 1.05239 -0.000848805 -0.00325832 0.22757 -0.973756 0.0801298 -0.0364539 0.00438349 -0.00677048 -0.105837 0.00646079
0.610999 15.0768 0.267881 1.05155 0.00054049 0.00248889 0.204256 -0.978914 0.018974 -0.00374744 0.0105472 0.000647162 -0.00135626 0.111247
0.62181 15.0876 0.261669 1.06472 0.000578704 0.00265508 0.168316 -0.985729 -0.00603158 0.00684305 0.000945749 -0.00178787 -0.00125319 0.0742289
0.61842 15.0831 0.25942 1.06945 0.000984614 0.00268325 0.146151 -0.989258 -0.0145026 0.0110175 -0.0084501 -0.00106162 0.000847957 0.0528787
0.608419 15.071 0.263494 1.06844 0.000996302 0.00231764 0.129887 -0.991526 -0.0150798 0.0122054 -0.00672481 7.11648e-05 0.000726111 0.0442555
0.599363 15.0588 0.271614 1.05605 0.000918922 0.00217422 0.114453 -0.993426 -0.0118632 0.0120115 0.00615935 0.00212876 0.00212961 0.0368102
0.62519 15.0902 0.280788 1.03947 9.52226e-05 -0.00595289 0.090856 -0.995846 0.0679546 -0.00634389 -0.00226379 -0.000157533 -2.20081e-05 0.0268688
0.672989 15.1433 0.280103 1.04462 2.75071e-05 -0.00598522 0.0818539 -0.996626 0.0763298 -0.00603272 -0.00201336 -6.07583e-05 0.000644096 0.0229808
0.720825 15.1969 0.28144 1.04792 -0.000104493 -0.00639197 0.0746027 -0.997193 0.079645 -0.00441843 -0.00136537 0.00062302 0.00088959 0.0186449
0.723739 15.2577 0.282832 1.04703 -0.000270892 -0.00674547 0.0681435 -0.997653 0.0830307 -0.00333655 -0.00248213 0.000446956 0.000811764 0.0158903
0.723883 15.3278 0.281267 1.03621 -0.000380066 -0.00703095 0.0624148 -0.998025 0.0873134 -0.00300789 -0.00229888 -7.41988e-05 0.000177983 0.0125604
0.728385 15.4041 0.276689 1.03064 -0.000444974 -0.00724826 0.0577017 -0.998307 0.0916545 -0.00288381 -0.0017402 0.000570087 -0.000278329 0.0111241
0.732794 15.4881 0.270813 1.02715 -0.000527511 -0.00735597 0.0536749 -0.998531 0.0965416 -0.00311285 -0.00161529 0.000136014 0.000110583 0.00940414
0.738188 15.5742 0.264486 1.02784 -0.000610041 -0.00757203 0.0500993 -0.998715 0.0991405 -0.00316697 -0.000623911 -0.000456725 0.000709889 0.00797035
0.751365 15.6613 0.259334 1.0425 -0.000719416 -0.00777832 0.047086 -0.99886 0.102087 -0.00256871 -0.00187388 0.000246553 0.000251644 0.00688636
0.772859 15.7476 0.252407 1.04227 -0.000751335 -0.00780158 0.0445256 -0.998978 0.106167 -0.00303059 -0.00171882 0.000141662 -0.000236698 0.00520109
0.800084 15.8325 0.247251 1.03637 -0.000876819 -0.00794301 0.0423025 -0.999073 0.107997 -0.00274634 -0.00114782 -0.000589886 0.00037365 0.0033721
0.844344 15.9287 0.238032 1.04539 -0.000886936 -0.00796058 0.0406444 -0.999142 0.111262 -0.00332205 -0.00107867 -0.00013447 0.000419545 0.00357285
0.895888 16.0191 0.228434 1.06617 -0.000886147 -0.00807906 0.0388499 -0.999212 0.113104 -0.0038614 -0.00123832 0.000339447 4.18126e-05 0.0030834
0.96084 16.1257 0.215903 1.05997 -0.000860643 -0.00808431 0.0371475 -0.999277 0.115933 -0.00516876 -0.00187636 -0.000276661 -0.000248137 0.00176424
1.0447 16.2273 0.202684 1.05637 -0.000789338 -0.00811883 0.0358226 -0.999325 0.117661 -0.00646394 -0.00250343 -0.000443951 0.000190768 0.00159725
1.10128 16.3207 0.193333 1.05657 -0.000764339 -0.0081323 0.0346955 -0.999365 0.119244 -0.00633873 -0.00222267 0.000156731 0.000262019 0.000976814
1.17527 16.4224 0.186221 1.06745 -0.000828226 -0.00816965 0.0335838 -0.999402 0.120592 -0.00601293 -0.00172759 -0.000489787 -0.000173372 0.00166445
1.17317 16.6083 0.16988 1.06194 -0.000797794 -0.00835892 0.031389 -0.999472 0.121415 -0.00647404 -0.00247614 1.97144e-05 -0.000374146 0.00104405
1.16685 16.7077 0.160772 1.05261 -0.000769058 -0.0083546 0.0305498 -0.999498 0.122693 -0.00688834 -0.00300258 -0.000595232 -0.000274397 0.000197817
1.15323 16.8117 0.150291 1.03973 -0.000692724 -0.00837326 0.0298255 -0.99952 0.123099 -0.00722201 -0.00193293 9.8188e-05 0.000265571 0.00161343
1.12742 17.0028 0.131848 1.00747 -0.000591477 -0.00842968 0.028101 -0.999569 0.124314 -0.00802597 -0.00173133 8.71865e-06 9.93408e-05 0.00117627
1.10596 17.1083 0.121939 0.996723 -0.000482989 -0.00843657 0.0273489 -0.99959 0.124962 -0.00873114 -0.000761248 -0.00038737 -0.000144734 0.000664339
1.11387 17.3127 0.1136 1.0052 -0.000529975 -0.00843816 0.0256921 -0.999634 0.126003 -0.00739044 -0.000138652 -0.000538323 0.00037148 0.000512397
1.11374 17.4243 0.108816 1.00553 -0.000545475 -0.00858049 0.0251705 -0.999646 0.125531 -0.0069377 -0.00035569 -0.000243189 -0.000342211 0.0013094
1.10837 17.536 0.101451 0.997802 -0.000494117 -0.00866171 0.0242196 -0.999669 0.124529 -0.00721176 -0.000104925 -0.000207907 0.00099945 -7.08221e-06
1.09794 17.7376 0.0923479 0.990209 -0.000506113 -0.0087065 0.0235086 -0.999686 0.126175 -0.00682787 0.000145513 -0.000467612 0.000195589 0.000549677
1.10066 17.9489 0.0828117 0.995568 -0.000529269 -0.00878246 0.0225294 -0.999707 0.126233 -0.0061183 0.000754 -0.000265074 0.000301658 0.000114832
1.09668 18.0605 0.0787866 0.993776 -0.000554991 -0.00906412 0.0222031 -0.999712 0.128815 -0.00552748 0.000638812 0.000259084 -0.00245235 -0.000128631
1.09678 18.1898 0.0746705 0.995064 -0.000561614 -0.00849983 0.0219896 -0.999722 0.126473 -0.00512085 0.00111782 0.000191141 -1.63137e-05 0.000327067
1.12641 18.3036 0.0673102 1.0204 -0.000476137 -0.00813201 0.0218221 -0.999729 0.12396 -0.0058798 -0.00074836 1.32402e-05 -0.00195462 0.000574017
1.1133 18.4307 0.0614593 1.00723 -0.00053034 -0.00769307 0.0212633 -0.999744 0.119084 -0.00515756 -0.000956758 -0.000163532 -0.000351006 -0.000269434
1.12506 18.5349 0.0575166 1.00889 -0.000560378 -0.00734589 0.0211188 -0.99975 0.11526 -0.00415369 -0.00300265 0.000575772 -0.00155958 7.6768e-05
1.04465 18.6402 0.0516355 0.938579 -0.000480301 -0.00700624 0.0207905 -0.999759 0.109466 -0.0049185 0.00322354 -5.87546e-05 -0.000362408 -0.000391445
1.06819 18.7348 0.0442065 0.963263 -0.000434663 -0.00674885 0.0205378 -0.999766 0.104157 -0.00496175 -0.0012093 0.000384024 -0.000953156 0.000411209
1.09069 18.8332 0.0427298 0.981766 -0.000497203 -0.00630115 0.0201681 -0.999777 0.100073 -0.00392942 0.00358298 4.99338e-05 -0.000706043 -0.000847539
1.07312 18.9235 0.036772 0.967793 -0.000381868 -0.00586954 0.0198779 -0.999785 0.0957984 -0.00462541 0.00450086 -7.10471e-05 -0.00103034 2.17968e-05
1.07049 19.0026 0.0337746 0.966587 -0.000422116 -0.00550354 0.0196198 -0.999792 0.0919482 -0.00422104 0.00249528 -0.000335306 -0.0012014 0.000462772
1.11293 19.1446 0.0272253 1.00624 -0.00040727 -0.00501517 0.0186222 -0.999814 0.0811064 -0.00342892 0.00164782 -4.54312e-07 -0.000621296 1.67163e-05
1.12309 19.2078 0.0227939 1.01395 -0.000337492 -0.0048114 0.0184517 -0.999818 0.0757599 -0.0037974 -0.000908077 -0.000464591 -0.000388862 0.000171182
1.1196 19.2823 0.0196011 1.01065 -0.000329916 -0.00448173 0.0178974 -0.99983 0.0712689 -0.00315342 -0.000759624 0.000259657 -0.000580004 0.000665473
1.12825 19.3423 0.0187598 1.02315 -0.000376604 -0.0043282 0.0173425 -0.99984 0.0658173 -0.00241306 -0.000417754 -0.000124103 -0.000549069 0.000941013
1.12504 19.3954 0.0138531 1.0165 -0.000300111 -0.00403412 0.0167712 -0.999851 0.0630608 -0.0032694 -0.00132077 -0.000299083 -0.000328319 0.000536515
1.11415 19.4983 0.0104664 1.00768 -0.000300484 -0.00359335 0.0155859 -0.999872 0.0557228 -0.00217544 -0.000473363 5.8308e-05 -0.000245264 0.00144769
1.10657 19.5545 0.00929654 1.00342 -0.000297007 -0.00337943 0.0148051 -0.999885 0.0515475 -0.00171917 0.000216743 0.000114233 -0.000902074 0.00206821
1.11219 19.6443 0.00223736 1.00985 -0.000227453 -0.00289446 0.0134733 -0.999905 0.0456674 -0.00211894 0.000257678 2.62148e-05 -0.000716396 0.00108461
1.10855 19.6881 0.00251266 0.996533 -0.000284778 -0.00267286 0.0122694 -0.999921 0.0420557 -0.000718888 0.000135701 0.000445157 -0.000370853 0.00348346
1.10895 19.756 0.000866092 1.00231 -0.000171568 -0.0154884 0.0110404 -0.999819 0.140014 -0.00201484 -0.00624624 -0.000384616 -0.0389922 0.000423694
1.05218 19.9745 0.000658462 1.00965 -0.000339275 -0.00250049 0.011158 -0.999935 0.088026 -0.000640947 -0.00792175 0.000185824 -0.00884249 -0.00142373
