0.383388 0.298561 0.103308 0.300498 -1.85673e-05 9.5213e-05 0.0123299 -0.999924 -0.00177787 0.00642346 0.0129783 0.00144128 0.000255124 2.99269e-05
0.389255 0.296518 0.107279 0.308861 -0.000191991 3.9432e-05 0.0122621 -0.999925 -0.00288946 0.00494487 0.0118135 -0.00085623 0.00107686 -0.00207524
0.396685 0.295094 0.107463 0.315589 -2.77979e-05 -0.000181421 0.012624 -0.99992 -0.0027006 0.00288745 0.0106885 -0.00129557 0.000309958 -0.000633397
0.408344 0.295976 0.108757 0.333037 1.72792e-06 -9.79324e-06 0.0120023 -0.999928 -0.000294015 0.00234163 0.00970656 -9.57792e-06 -0.000557596 -0.00132534
0.418557 0.299809 0.11025 0.34405 0.000196122 -0.0070139 0.0123736 -0.999899 0.021698 0.00273533 0.0161141 0.000674575 -0.00402589 0.00131335
0.42032 0.324913 0.111746 0.361877 0.000135843 -0.0049839 0.0106252 -0.999931 0.0466187 0.00217465 0.0163895 -0.000443626 0.000916283 0.00467587
0.422708 0.343322 0.111554 0.371241 0.000209138 -0.00517629 0.00980159 -0.999939 0.0496362 0.00137255 0.0158519 -0.000421626 0.000271413 0.00458127
0.413419 0.364398 0.11139 0.372399 0.00023868 -0.00522927 0.00914991 -0.999944 0.0533292 0.00104438 0.01638 -0.000118196 -0.00047327 0.0065129
0.404257 0.392204 0.112413 0.370813 0.000207789 -0.00521044 0.00771287 -0.999957 0.0577447 0.00154565 0.0161405 0.000771186 -0.0010751 0.00599024
0.390382 0.418021 0.111847 0.367 0.000228649 -0.00525049 0.00661697 -0.999964 0.0594927 0.000425127 0.0172126 -0.00101854 0.00167515 0.00425127
0.385352 0.446085 0.111985 0.371591 0.000158563 0.00161145 0.00592559 -0.999981 0.0421115 -2.39736e-05 0.0117056 6.60346e-05 0.00217575 0.00268164
0.3911 0.464288 0.113527 0.380771 0.000148395 -0.000255653 0.00541191 -0.999985 0.0235452 -0.000113692 0.013256 -9.09548e-05 0.00253878 -0.000912038
0.391282 0.485014 0.117139 0.388528 0.00011958 -0.000467818 0.00589145 -0.999983 0.017761 0.000572311 0.0133342 0.000179489 -3.79151e-05 6.58998e-05
0.411726 0.492917 0.119821 0.41059 0.00010384 -0.000520109 0.00592285 -0.999982 0.0156004 0.00114371 0.0126894 0.000894465 7.98605e-05 0.00101546
0.425448 0.501754 0.12046 0.422024 0.000474151 -0.00738538 0.00530882 -0.999959 0.0348959 0.00131638 0.00701424 -0.000560921 -0.004536 0.00512197
0.430377 0.533582 0.123044 0.430152 0.00034631 -0.0054454 0.00216542 -0.999983 0.0589468 0.00247105 0.00816641 0.000217798 -0.000795688 0.00845056
0.436571 0.561763 0.125604 0.432996 0.000346422 -0.00536519 0.000191768 -0.999986 0.0630999 0.0024223 0.00715615 -0.000167216 0.000674614 0.00799088
0.427794 0.58903 0.127178 0.425565 0.000244066 -0.0056513 -0.00157646 -0.999983 0.0648404 0.00175686 0.00644408 0.000224208 0.000834581 0.00639979
0.432943 0.615186 0.130474 0.431996 0.000222884 -0.00573407 -0.00237847 -0.999981 0.0668974 0.00220879 0.00704552 0.000383883 0.00023521 0.00451243
0.444178 0.648249 0.132903 0.445406 0.000210879 -0.00585079 -0.0035947 -0.999976 0.0686753 0.0019668 0.0069922 2.1961e-05 0.000522715 0.00255287
0.452844 0.681298 0.135457 0.452572 0.000217653 -0.00592237 -0.0044022 -0.999973 0.0706724 0.00182356 0.00653083 -0.000105935 0.000337679 0.00015179
0.453734 0.717709 0.138173 0.452369 0.00025376 -0.00601782 -0.00464113 -0.999971 0.0722213 0.00202445 0.00777477 -0.00109974 -0.000592881 0.000299787
0.45724 0.747803 0.141407 0.459169 0.000339795 -0.00603743 -0.00497152 -0.999969 0.072145 0.00326857 0.00984637 0.000483847 0.00123292 0.00416111
0.464022 0.786509 0.145747 0.463602 0.000240758 -0.0062013 -0.00667602 -0.999958 0.0732281 0.00400782 0.00926551 0.000287466 0.000258092 0.00559868
0.483147 0.827232 0.151271 0.486692 0.000388698 -0.00143192 -0.00923707 -0.999956 0.061063 0.00517761 0.0831647 -0.000204632 0.00438808 0.0151731
0.516521 0.859919 0.154422 0.519539 0.000343694 -0.00275654 -0.0141642 -0.999896 0.0503061 0.0055754 0.0846994 0.00051903 0.00019673 0.0292154
0.581431 0.903607 0.158054 0.587239 -0.000223344 -0.0053724 -0.0226688 -0.999729 0.0593731 0.00263806 0.0652302 -0.00119378 -0.00475118 0.00325176
0.623881 0.932775 0.159673 0.626804 -5.32659e-05 -0.00487586 -0.0218765 -0.999749 0.0647407 0.00171839 0.0642327 -0.000413812 -0.000811999 -0.00786278
0.642343 0.969522 0.162958 0.643026 -0.000276302 -0.00618502 -0.0195461 -0.99979 0.0752061 0.00172021 0.001095 -0.000148672 -0.00452901 -0.0139432
0.643936 1.02234 0.166009 0.64522 -0.000291505 -0.00551568 -0.0149348 -0.999873 0.0813743 0.00121688 0.027677 -0.000662374 -0.00311955 -0.012778
0.663543 1.0593 0.166736 0.665408 -0.000289828 -0.00567212 -0.0119839 -0.999912 0.0801846 0.00110526 0.0257394 0.000216632 0.00102213 -0.0133608
0.67737 1.11835 0.165854 0.677191 -0.000341171 -0.00569859 -0.00725781 -0.999957 0.083101 2.00685e-05 0.0202789 -0.000154027 -0.000371607 -0.0122856
0.691471 1.15635 0.165514 0.694088 -0.000322486 -0.0058229 -0.00441126 -0.999973 0.0832504 -0.000239451 0.0169463 -0.00245176 0.00309641 -0.0117014
0.710159 1.2148 0.163866 0.709262 -7.76526e-05 -0.00611916 -0.00192249 -0.999979 0.0863777 0.000740845 0.0109501 -0.000307647 2.97755e-05 -0.00183582
0.711817 1.25841 0.162517 0.710929 -0.000190661 -0.00609863 -0.00128843 -0.999981 0.087388 0.000128851 0.00298556 -0.000371403 0.000482803 -0.000214094
0.71071 1.29947 0.160379 0.709243 -0.0001282 -0.0061497 -0.00104769 -0.999981 0.0882225 -0.00108431 0.00304914 -0.000723273 4.97705e-05 -0.00265048
0.704865 1.34593 0.159713 0.704609 7.82496e-05 -0.00629984 -0.000278506 -0.99998 0.0887046 -0.000582003 0.00349937 0.000596597 0.000125639 -0.00156759
0.697618 1.38434 0.161506 0.695014 -2.18387e-05 -0.00633939 -0.000223758 -0.99998 0.0890442 0.00029665 0.00309048 0.000225826 0.000498511 -8.83001e-05
0.678396 1.42834 0.163062 0.675868 -5.4619e-05 -0.00643081 -0.000276947 -0.999979 0.0888377 0.000333614 0.00346214 6.01577e-06 0.000929713 0.000241175
0.676572 1.49773 0.164891 0.675983 -5.46477e-05 -0.00650823 -0.000341727 -0.999979 0.0905858 0.000506336 0.00381268 0.000416006 -0.000519594 9.43046e-06
0.688158 1.54745 0.166474 0.690819 -7.30286e-05 -0.00641027 -0.000345056 -0.999979 0.0914883 0.000617895 0.0144161 -1.1203e-05 0.000183471 -7.94795e-05
0.698215 1.61774 0.165789 0.698283 -4.1997e-05 -0.00640594 -0.00033591 -0.999979 0.0926296 -0.000508781 0.0143243 -0.0012816 0.000215809 -7.68798e-05
0.712673 1.66955 0.163572 0.712833 3.96813e-05 -0.00651376 -0.000339071 -0.999979 0.092935 -0.0010486 0.00896914 -0.000151095 0.000110025 -3.31979e-05
0.716946 1.72021 0.162733 0.717817 5.78107e-05 -0.00654852 -0.000349608 -0.999979 0.0930791 -0.00118181 0.00913452 -0.000199509 0.000183168 -4.95751e-06
0.727845 1.76799 0.163331 0.72922 0.000157412 -0.00659446 -0.000363222 -0.999978 0.0931502 -0.000775102 0.0109351 -0.00370978 -0.00232893 0.000170569
0.733136 1.81488 0.166535 0.731645 0.000317963 -0.00637528 -0.00122626 -0.999979 0.0930213 0.00167754 0.0110498 0.000502321 0.000219708 0.00747151
0.738688 1.86548 0.169309 0.73916 0.000263104 -0.00637618 -0.00351488 -0.999974 0.0934987 0.00213725 0.010667 3.07074e-05 0.000217248 0.0103718
0.743707 1.91042 0.171698 0.740888 0.000261257 -0.00644756 -0.00574596 -0.999963 0.0930571 0.00222698 0.0108873 -9.99524e-05 0.00046683 0.0103166
0.745591 1.95465 0.17347 0.748812 0.000268324 -0.00651678 -0.00807841 -0.999946 0.0930787 0.00215843 0.0118497 -9.29285e-05 -3.23728e-05 0.00888488
0.755455 1.99479 0.175721 0.756525 0.000314431 -0.00661911 -0.0101098 -0.999927 0.0928689 0.00253742 0.00142931 0.000327793 6.37241e-05 0.00677958
0.763456 2.04539 0.180573 0.763054 0.000257902 -0.00658991 -0.0120583 -0.999906 0.0939699 0.00337906 0.000853914 0.000235395 -0.000260479 0.00632882
0.771832 2.09411 0.183912 0.772261 -3.01995e-05 -0.00671966 -0.0130575 -0.999892 0.0941764 0.00213134 0.00353092 -0.00051522 0.000235066 0.00187073
0.788856 2.1415 0.18631 0.791573 -0.000433002 -0.00611725 -0.0125022 -0.999903 0.0933381 -0.00036193 0.0235117 -0.000399216 0.00092103 -0.00836105
0.811952 2.18807 0.189384 0.813032 -0.000311524 -0.00638183 -0.00908711 -0.999938 0.0913195 -0.00127364 0.0225836 7.57584e-05 0.000173273 -0.0163465
0.822418 2.23529 0.189727 0.821691 0.000147286 -0.0068176 -0.00574934 -0.99996 0.092191 -0.00087255 0.016266 -1.25003e-05 1.53154e-05 -0.0130129
0.830568 2.28147 0.191912 0.831263 2.92713e-05 -0.00669467 -0.00374652 -0.999971 0.094095 0.000882138 0.0174614 0.000563271 -0.000166357 -0.00480484
0.849811 2.33639 0.196137 0.846118 -0.000216205 -0.00653652 -0.00265609 -0.999975 0.0952827 0.00176043 0.0184595 0.000496111 -0.000571487 -0.00172801
0.868945 2.4292 0.19876 0.870923 -0.000170022 -0.00647181 -0.00120215 -0.999978 0.0965184 0.00112816 0.025418 -0.00165743 -0.000789575 -0.00366892
0.898501 2.47549 0.198849 0.899548 -0.00010202 -0.00650606 -0.000681177 -0.999979 0.0963318 0.00146603 0.0247191 -9.94728e-05 8.19616e-05 -0.0013717
0.867054 2.56269 0.202734 0.938135 -0.00024192 -0.00654907 -0.000746758 -0.999978 0.0962965 0.00261167 0.0234334 -8.17171e-05 -0.000696927 -0.00121501
0.824305 2.60892 0.202832 0.927849 -0.000422979 -0.00649148 -0.000184055 -0.999979 0.0962361 0.00153148 0.0166115 -0.000252592 3.85024e-05 -0.00311563
0.74877 2.69816 0.200292 0.905773 0.000826069 -0.00610022 0.00166889 -0.99998 0.094547 0.00192098 0.00964421 -0.00639454 -0.00442958 0.0040588
0.714185 2.74034 0.201707 0.924094 0.000653272 -0.00613591 -0.00223155 -0.999979 0.0920041 0.00729944 0.00836061 0.00166926 0.000872243 0.0271141
0.676085 2.78923 0.203698 0.935459 0.000488049 -0.00618696 -0.00986017 -0.999932 0.0921014 0.00801556 0.00803285 -0.000403558 -7.76761e-05 0.0324087
0.642964 2.83704 0.205942 0.942589 -0.000208821 -0.00184678 -0.0178061 -0.99984 0.0869442 0.00729911 -0.00160002 0.00630357 -0.0676369 0.0313199
0.616165 2.86935 0.205803 0.949007 -0.000152371 0.00143291 -0.0261517 -0.999657 0.0463668 0.00192652 -0.00722458 -0.00128773 -0.000125801 0.0385719
0.600783 2.88818 0.205587 0.95947 0.0011087 -0.00809207 -0.0372376 -0.999273 0.0348743 0.00244359 0.00338463 -0.002409 0.0568115 0.0365145
0.5868 2.91368 0.207971 0.968924 0.000272955 -0.0071176 -0.0440609 -0.999003 0.0729438 0.00573232 -0.0020291 -0.00106689 -0.00775822 0.0200961
0.567265 2.94443 0.210922 0.970917 0.000376767 -0.00652695 -0.0470465 -0.998871 0.081897 0.00619934 -0.001704 -0.000550865 -0.000996129 0.0101344
0.546613 2.97728 0.213822 0.967032 0.000435554 -0.00638877 -0.0488966 -0.998783 0.084489 0.00668841 -0.000917208 0.000804719 -0.00824416 0.00807835
0.529554 3.01126 0.217738 0.96881 0.000463907 0.00140958 -0.0666676 -0.997774 0.0481701 0.00533465 -0.000405437 0.00224758 0.00616394 0.14633
0.520485 3.03011 0.221529 0.968412 0.000106211 0.00141124 -0.112094 -0.993697 0.0215283 0.00260496 -0.00112513 0.00115192 -0.00197188 0.206497
0.519918 3.03903 0.227554 0.969099 0.00099532 0.00205926 -0.200534 -0.979684 -0.000326708 0.000907931 -0.000175174 -0.00075446 -0.000469885 0.328075
0.525119 3.03172 0.229958 0.972728 0.000140406 0.00192549 -0.347623 -0.937633 -0.00963479 -0.00154841 -0.00406354 0.00175874 0.000183862 0.410767
0.528736 3.02379 0.229089 0.971643 -0.000604128 0.00131212 -0.427733 -0.903904 -0.00890258 -0.00619055 -0.00479637 0.00798657 0.000408103 0.303651
0.529542 3.0178 0.227107 0.973122 -0.000427655 0.00126539 -0.469955 -0.882689 -0.00384006 -0.0105061 -0.00797573 -0.00283156 0.000627574 0.107179
0.532276 3.01095 0.223328 0.960008 1.43941e-05 0.00127925 -0.486934 -0.873438 -0.0041571 -0.0106895 0.00707881 0.000329404 0.0023185 0.05555
0.53457 3.00036 0.219852 0.953709 0.000847165 0.00123285 -0.504282 -0.863538 -0.00796235 -0.00768818 0.013665 -0.0010865 0.0028911 0.153622
0.539837 2.98983 0.218908 0.956687 0.000153185 0.000426707 -0.552 -0.833844 -0.00919233 -0.00373229 0.0132759 0.00523528 -0.000523791 0.277654
0.546523 2.98018 0.21914 0.970488 -0.000593839 1.69148e-05 -0.608174 -0.793803 -0.00526448 -0.00427855 -0.00105766 0.00271181 0.000394544 0.279327
0.549149 2.97581 0.217207 0.976215 -0.00134143 -0.000811283 -0.650223 -0.759742 0.0019691 -0.00647796 -0.00911576 -0.00040914 0.00115985 0.134055
0.549918 2.97572 0.219841 0.960293 0.00244964 -0.00332016 -0.664578 -0.747208 0.00507202 0.014593 -0.0662645 -0.00112194 -0.00919585 0.0286112
0.559304 2.97478 0.233374 0.946474 -0.00123951 -0.000757447 -0.668549 -0.743667 0.00249481 0.0227042 0.00708354 0.0170408 -0.0446221 -0.0256795
0.566666 2.97547 0.240064 0.945394 -0.0019807 -0.000857541 -0.640332 -0.768095 0.00693219 0.000986802 0.000253213 -0.00434957 0.00119474 -0.253584
0.565848 2.9818 0.243397 0.941348 -0.00114995 -0.000274565 -0.584908 -0.811098 0.00569258 -0.00495845 0.00758655 -0.00334585 -0.00264503 -0.291979
0.564395 2.9911 0.248182 0.946408 -0.00051478 0.000937433 -0.529453 -0.848338 -0.000287553 -0.00696323 -0.00048972 -0.00409079 -0.00197954 -0.176621
0.560339 2.9966 0.246677 0.943687 -0.000538343 0.000980621 -0.506165 -0.862436 -0.00689117 -0.00945271 0.00290336 0.000165926 0.000237702 -0.0627224
0.558299 2.99765 0.244784 0.944479 -0.000600468 0.000927853 -0.495603 -0.868549 -0.00897962 -0.0102211 0.00324814 -0.00110017 0.000413389 -0.0397456
0.554794 2.99836 0.24169 0.94815 -5.17247e-05 0.00116314 -0.493342 -0.869835 -0.0104823 -0.0089517 -0.00010509 -0.000493726 -0.000648834 0.0181917
0.553584 2.99673 0.239308 0.945478 -0.000114394 0.00104605 -0.500956 -0.865472 -0.011375 -0.00759911 0.00229167 0.000787868 -0.000188712 0.0408289
0.552973 2.99612 0.238363 0.945072 0.000513997 -0.0013629 -0.510256 -0.860021 -0.00214786 0.00464388 0.00720157 0.00215164 -0.0430236 0.0494414
0.553554 2.99666 0.239306 0.942227 -0.000103047 0.000225037 -0.529858 -0.848086 -0.000814134 0.000174744 0.00128923 0.00026796 0.000992923 0.101529
0.553922 2.99659 0.239479 0.937454 -0.000159155 0.000204236 -0.549219 -0.835679 0.000184123 -0.000895203 0.00628819 -4.42935e-05 -7.0227e-05 0.103314
0.553635 2.9973 0.240461 0.920723 0.00348308 -0.00426354 -0.569114 -0.82224 0.00612699 0.0162189 -0.0469038 0.00216486 -0.00497333 0.0645772
0.563813 3.00071 0.255664 0.884304 0.0026176 -0.00305231 -0.578339 -0.815787 0.0117479 0.0342514 -0.046349 -0.000568028 -0.000160972 0.024974
0.568546 3.00363 0.274214 0.850804 0.00149413 -0.0018951 -0.582697 -0.812686 0.0121867 0.0392107 0.000335881 0.0103517 -0.0639816 0.0134575
0.55206 3.00752 0.286498 0.845037 -0.00108114 0.000622704 -0.573698 -0.819066 0.00792425 0.00823971 0.0184759 -0.00275275 0.0051774 -0.102089
0.553897 3.01023 0.292258 0.844259 -0.000559285 0.000758141 -0.547516 -0.836795 0.00449444 -0.0034424 0.0136096 -0.00066955 -0.000188246 -0.137953
0.549023 3.01058 0.297168 0.846396 -0.00126802 0.000477011 -0.514232 -0.85765 0.00222243 -0.00793061 0.0178435 0.00903925 -0.00190516 -0.183914
0.550281 3.01216 0.298404 0.85756 -0.00136615 0.000734919 -0.442774 -0.896632 0.00549866 -0.0129767 0.00581881 -0.00328317 -0.00141632 -0.340751
0.551244 3.01275 0.297004 0.858666 -0.00111518 0.00104753 -0.367336 -0.930087 0.00259685 -0.0132222 0.00381278 -0.00102818 -0.000208634 -0.331647
0.555756 3.01276 0.294692 0.867778 -0.000703496 0.00126567 -0.288876 -0.957366 -0.000691245 -0.0101273 -0.00554212 -0.000158705 -0.000254613 -0.218918
0.566096 3.00985 0.287139 0.875925 -0.000716172 0.000988216 -0.235788 -0.971804 -0.00233235 -0.00892093 -0.0148563 -0.00010564 0.00136966 -0.132587
0.577645 3.00174 0.27799 0.879464 0.00239272 0.00104169 -0.226824 -0.973932 -0.00582039 0.00183299 -0.0147053 0.000796333 0.00230896 0.264952
0.585011 2.99365 0.277849 0.881834 0.000481956 0.000337427 -0.321524 -0.946901 -0.00669547 0.00770632 -0.0233676 0.00680924 -0.000886696 0.515006
0.586675 2.98794 0.276169 0.879918 -0.000347305 -1.04153e-06 -0.450807 -0.892621 -0.0021794 0.00117146 0.101923 0.00734981 0.00272055 0.475363
0.589572 2.98627 0.274429 0.921677 -0.00128264 -0.000859467 -0.511046 -0.859552 0.00772217 -0.0047916 0.0568054 -0.0109946 -0.0016951 0.0991058
0.58322 2.9876 0.272801 0.931689 -0.000565504 -7.56291e-05 -0.499773 -0.866156 0.00629043 -0.00622003 -0.0177018 -0.00369838 0.000786896 -0.157964
0.584062 2.98825 0.271923 0.92763 -0.00025666 0.000134976 -0.455473 -0.89025 0.00141957 -0.00443357 -0.0161718 8.40279e-05 0.000568348 -0.206289
0.584358 2.98639 0.267998 0.920626 -2.75588e-05 -0.000165941 -0.408688 -0.912674 -0.00192669 -0.00400208 -0.00734138 -0.00103421 0.00157688 -0.201772
0.581925 2.9869 0.265116 0.908972 0.000354439 -0.000459744 -0.359954 -0.93297 -0.00316237 -0.00132686 0.020299 0.00558297 0.0222799 -0.176141
0.579291 2.99462 0.269071 0.917905 0.00194654 -0.00502582 -0.330655 -0.943736 0.0209989 0.018015 0.030407 0.000805829 -0.00773342 -0.0526515
0.56447 3.01491 0.290249 0.94173 0.00128617 -0.00484102 -0.324684 -0.945809 0.0314896 0.0264025 0.0290958 1.50214e-07 -9.50558e-05 -0.00322858
0.538675 3.03716 0.306307 0.955704 -0.00121171 0.00185684 -0.32111 -0.947039 0.0233944 0.0170536 -0.00857868 0.000533775 -0.0189569 -0.0533793
0.52701 3.05357 0.312746 0.959519 -0.000412086 0.00145195 -0.293271 -0.956028 -0.00137825 -0.00428519 -0.0116036 -0.00281226 0.000175215 -0.132191
0.522717 3.05944 0.313753 0.958898 -5.22344e-05 0.00157814 -0.257577 -0.966256 -0.0120848 -0.00913815 -0.010454 -0.00381433 -0.000148872 -0.111632
0.522001 3.05931 0.317762 0.954702 0.000916551 0.00196114 -0.259483 -0.965745 -0.0184338 -0.00431216 -0.0111187 0.00381833 -0.000858708 0.127152
0.533859 3.05753 0.324401 0.940742 -0.000333847 0.00192922 -0.300611 -0.953745 -0.0190336 -0.00386324 0.00142554 0.00424647 -0.00250793 0.217168
0.541327 3.04886 0.322634 0.942398 -0.0015808 0.00137163 -0.359852 -0.933007 -0.0148972 -0.0135514 0.00615102 0.00291648 0.000942732 0.0687654
0.542065 3.04377 0.318373 0.942813 -0.00118213 0.00133819 -0.35381 -0.935316 -0.00926791 -0.0170578 0.00347991 -0.0028449 0.000618828 -0.0824835
0.542783 3.03919 0.31165 0.9474 -0.000608775 0.00129293 -0.331512 -0.94345 -0.00738689 -0.015228 0.00141561 -0.00157321 0.00101238 -0.0963625
0.536895 3.03528 0.307756 0.957083 0.00104591 0.00172443 -0.331461 -0.943467 -0.00907093 -0.00566768 -0.00888044 0.00252578 -0.000745248 0.143696
0.536468 3.02934 0.307664 0.960441 -1.84189e-05 0.00138698 -0.379061 -0.925371 -0.00934504 -0.00200516 -0.0137885 0.00422009 0.000500304 0.248553
0.542769 3.0199 0.304338 0.958395 -0.000585872 0.000649747 -0.434653 -0.900598 -0.00645638 -0.00446556 -0.013192 0.00668444 0.00185673 0.215155
0.552337 3.01362 0.301326 0.950002 -0.000844973 0.000214105 -0.46851 -0.883458 0.000844756 -0.00607227 -0.0055084 -0.000885628 0.000204447 0.0905767
0.562084 3.01053 0.298211 0.94153 -0.0005846 0.000186019 -0.484081 -0.875023 0.00372731 -0.00509036 0.00317062 5.59394e-06 0.000499605 0.0498816
0.575518 3.00834 0.296345 0.922826 0.00267524 -0.00428755 -0.49339 -0.869793 0.0116117 0.0149798 -0.0559392 0.00215629 -0.00873957 0.0239323
0.558546 3.01356 0.306534 0.881392 0.00197425 -0.0032282 -0.496461 -0.868051 0.0179098 0.0297631 -0.0560558 0.000145544 0.000777513 0.00339595
0.524286 3.01991 0.32224 0.837401 0.000773202 -0.00227263 -0.497137 -0.867669 0.0194293 0.0343939 0.015211 0.00109885 -0.0602944 -0.00228064
0.506059 3.02479 0.335883 0.825128 -0.000290632 -0.000907575 -0.493163 -0.869936 0.00507072 0.00845558 0.0441028 0.00850521 0.0755998 -0.0316552
0.500771 3.03155 0.348417 0.84819 0.0013634 -0.00430066 -0.485612 -0.874163 0.0210541 0.0274863 0.0423116 -0.00114846 -0.00628952 -0.0378778
0.49034 3.04144 0.366169 0.86851 -0.00135788 0.0010904 -0.475334 -0.879804 0.0188181 0.0256922 -0.00803544 0.00325565 -0.0250369 -0.0899383
0.481452 3.04902 0.372525 0.866527 -0.00109983 0.000837479 -0.438235 -0.898859 0.005518 0.00401931 -0.0120272 -0.00102318 0.0008121 -0.197578
0.474552 3.05296 0.373807 0.862305 -0.00101433 0.000899324 -0.39198 -0.919973 0.00047289 -0.00149688 -0.00547513 -0.00122458 -0.000547045 -0.232191
0.476719 3.05471 0.371022 0.866753 -0.000687442 0.00101489 -0.339126 -0.94074 -0.00347787 -0.00343866 -0.00923442 -0.00081905 0.000267702 -0.219431
0.475552 3.05451 0.368513 0.860407 -0.000672035 0.00107228 -0.284599 -0.958646 -0.00546805 -0.0024527 -0.00260404 -0.00241454 -9.68985e-05 -0.183343
0.482572 3.05401 0.362009 0.858985 -0.000320567 0.00113138 -0.232382 -0.972624 -0.00607472 -0.00016827 -0.00540976 -0.000473386 -0.000610229 -0.130323
0.481164 3.05102 0.36024 0.853517 -0.00041003 0.00113794 -0.202293 -0.979324 -0.00632352 0.00207875 0.0039061 0.000437129 0.000598222 -0.112411
0.484943 3.0473 0.355629 0.849665 -0.000304554 0.000949518 -0.174963 -0.984575 -0.00537949 0.001948 0.008014 -0.00170735 0.00110883 -0.111373
0.491871 3.04225 0.349958 0.850243 2.89447e-05 0.000720011 -0.147574 -0.989051 -0.00416237 0.00293298 0.00760957 -0.00148384 0.00168603 -0.103721
0.497915 3.0379 0.346675 0.852203 0.000995553 -0.00340222 -0.121978 -0.992526 0.00219145 0.00706306 0.00116956 -0.0043261 0.0622129 -0.0767069
0.497711 3.04883 0.35128 0.873317 0.00118938 -0.00410245 -0.11775 -0.993034 0.0372563 0.0204411 -0.000610024 0.000974966 0.000342378 0.0334467
0.492634 3.06779 0.35438 0.888107 0.000999224 -0.00352755 -0.126339 -0.99198 0.0435163 0.0187094 0.000955292 0.00481074 -0.046592 0.0440613
0.482138 3.08173 0.360275 0.887563 0.00170053 0.00185903 -0.19192 -0.981407 0.00826537 0.0155082 -0.00424553 0.00676286 0.00468417 0.446876
0.47314 3.08476 0.367489 0.88596 0.000269658 0.00142537 -0.327962 -0.94469 -0.00588637 0.00806325 -0.0021942 0.00337219 -0.00113639 0.544497
0.468303 3.08374 0.372718 0.884737 -0.00118596 0.000975168 -0.443451 -0.896297 -0.0086705 -0.00164234 -4.14156e-05 0.0128304 -4.6723e-05 0.391782
0.467326 3.08354 0.371943 0.88018 0.00285379 -0.00546275 -0.488946 -0.872293 0.00259916 -0.000403734 -0.00329593 -0.005094 0.0430897 0.0987873
0.455636 3.09185 0.380578 0.87012 0.0029112 -0.00441787 -0.498566 -0.866836 0.0196221 0.0274669 -0.0036155 -0.00225323 -0.00280786 0.0151495
0.434512 3.10302 0.398926 0.868315 -0.00134398 0.00153439 -0.497903 -0.86723 0.0118717 0.0125671 0.000225551 -0.0010672 0.00650419 -0.0373881
0.419008 3.10628 0.407079 0.85621 -0.000665939 0.000767692 -0.484922 -0.874557 0.0015474 -0.00566244 0.0119509 0.000253223 0.000746593 -0.0728228
0.409594 3.10854 0.412866 0.844933 -0.000735739 0.00081598 -0.469212 -0.883085 -0.00234781 -0.0117631 0.020906 0.000392607 -0.000889844 -0.0693361
0.407704 3.10959 0.414282 0.849449 -0.00102994 0.000701394 -0.448415 -0.893824 -0.00346165 -0.0163777 0.0217273 -0.00103069 -0.000129041 -0.10738
0.410798 3.11057 0.412457 0.854587 -0.000756582 0.000900182 -0.422138 -0.906531 -0.00431881 -0.0176091 0.0151457 -0.00075902 -0.000110028 -0.117682
0.418734 3.11125 0.40982 0.870272 -0.000797047 0.000972648 -0.393642 -0.919263 -0.00518039 -0.0173834 -2.44842e-05 0.00125028 0.00043531 -0.112273
0.425327 3.11084 0.407488 0.878363 -0.000925156 0.000918867 -0.361147 -0.932508 -0.00471161 -0.0169283 -0.00952647 -0.000993214 -0.000287452 -0.171355
0.42961 3.10929 0.403637 0.880044 -0.000685338 0.00102158 -0.313708 -0.949519 -0.00530505 -0.0152072 -0.0132056 -0.000613034 0.000390883 -0.177045
0.43332 3.10658 0.400657 0.879052 -0.000121226 0.00107606 -0.275578 -0.961278 -0.00631338 -0.012086 -0.0121314 -0.00583333 0.000441474 -0.110959
0.432667 3.10002 0.397252 0.863128 -0.000235319 0.000733073 -0.271965 -0.962307 -0.00745359 -0.00648257 0.00121159 0.00135496 0.000623711 0.0499918
0.431032 3.09671 0.396294 0.855466 -0.000523097 0.000595854 -0.28592 -0.958253 -0.00445578 -0.00561576 0.0119599 0.0013553 -0.0004113 0.0556646
0.435999 3.09199 0.394778 0.861917 -0.00102624 0.000227588 -0.290935 -0.956742 -0.00257763 -0.00736911 0.00866491 -7.19889e-05 0.00164199 -0.00978248
0.44742 3.08974 0.389747 0.876748 -0.000557902 0.000129725 -0.280235 -0.959931 0.000501863 -0.00697545 -0.00539777 -0.00089533 0.000657791 -0.0432891
0.461097 3.08847 0.384973 0.894494 -0.000146274 -6.08902e-06 -0.268269 -0.963344 0.00199937 -0.00401123 -0.013359 0.00125263 -0.00730414 -0.0680518
0.456845 3.08938 0.38127 0.88148 2.62168e-06 0.000216552 -0.242571 -0.970134 0.000770544 -0.0032712 0.00194608 -0.00175913 0.000463526 -0.127927
0.460391 3.08864 0.378933 0.882707 0.000335403 0.00014233 -0.211469 -0.977385 -0.000609871 -0.000634822 -0.000755471 0.00021555 0.000147395 -0.130045
0.458638 3.08754 0.382562 0.884714 0.00026121 0.000182767 -0.176962 -0.984218 -0.0011794 0.00346276 -0.000265619 0.00148613 -0.000686374 -0.0870586
0.46034 3.08543 0.383127 0.887182 4.47752e-05 4.17583e-05 -0.16149 -0.986874 -0.00166052 0.00264083 -0.00406954 -0.000141207 0.000936645 -0.05111
0.463466 3.08437 0.382729 0.892876 0.000138089 -0.000118751 -0.149912 -0.988699 -0.00049335 0.00207123 -0.00800623 -8.82566e-05 -0.000206266 -0.0402808
0.465622 3.08398 0.383102 0.896319 3.98947e-05 -0.000129778 -0.138754 -0.990327 2.75508e-05 0.00166999 -0.0132681 -0.000265226 0.000534176 -0.0477906
0.463127 3.08521 0.382937 0.891858 0.000189819 -7.07891e-05 -0.126583 -0.991956 0.000954728 0.00137571 -0.00794785 -0.000452891 -0.000682924 -0.0518876
0.463796 3.08589 0.382354 0.889581 0.000212558 -0.000504917 -0.112412 -0.993662 0.000626143 0.00133648 -0.0643031 0.00611633 0.0277375 -0.0469207
0.446999 3.09029 0.383037 0.849038 0.000225891 -0.00264744 -0.103085 -0.994669 0.0163167 0.00273839 -0.0867279 -5.34676e-05 -0.00255713 -0.0187504
0.418729 3.09827 0.387452 0.797283 0.000112727 -0.00268089 -0.099337 -0.99505 0.0207489 0.00415798 -0.0844849 0.000893245 0.000586173 -0.00809494
0.393712 3.11006 0.39288 0.750543 0.000493176 7.42584e-05 -0.0987674 -0.995111 0.0200028 0.00506088 0.0163595 -0.0144075 -0.0339151 0.0495971
0.383281 3.12225 0.395156 0.746882 -0.000968843 0.000495349 -0.129701 -0.991553 0.00305566 0.00189397 0.00303675 0.00414261 0.003377 0.110569
0.382688 3.12739 0.393991 0.754077 -0.000743762 0.000301637 -0.142774 -0.989755 -0.00156463 -0.00527052 0.00379664 -0.00187987 0.00115436 0.0165518
0.385971 3.13101 0.392135 0.771074 -0.000403754 0.000332439 -0.143521 -0.989647 -0.00299387 -0.00581502 0.00469484 5.74319e-06 -0.000137435 -0.000561285
