0.70837 0.249641 0.0273419 0.655949 0.000655465 -0.010087 0.0129598 -0.999865 0.115701 0.00699533 -0.00972399 -0.000148944 0.000814868 0.0309181
0.689639 0.309427 0.0334786 0.649019 0.000525509 -0.0103078 0.00662502 -0.999925 0.121331 0.00866146 -0.00884726 0.000873043 0.000412907 0.0255365
0.669133 0.382401 0.0376306 0.647946 -0.00126475 -0.0103276 0.00126061 -0.999945 0.128492 0.00563928 -0.0017142 0.00911545 -0.000706996 0.0120523
0.666507 0.443642 0.0388328 0.658169 -0.00104901 -0.0104909 0.00239133 -0.999942 0.131634 -0.002144 -0.00168948 -0.00182912 0.000671026 -0.0162135
0.667304 0.511433 0.0376804 0.668552 -0.000470051 -0.0108884 0.00697577 -0.999916 0.136776 -0.00425953 -0.000412784 -0.0020647 0.00172954 -0.0244002
0.67782 0.571103 0.036203 0.677864 -0.000416454 -0.0110254 0.0108067 -0.999881 0.141538 -0.00389802 -0.000521702 -1.93355e-05 0.000571829 -0.0201086
0.679749 0.649798 0.0346864 0.680627 0.000427279 -0.0108377 0.0140736 -0.999842 0.147257 -0.00174592 0.015598 -0.00493514 -0.000773232 -0.0109223
0.684439 0.716405 0.0348494 0.68204 0.000219065 -0.0110048 0.0142282 -0.999838 0.149994 0.00273033 0.0153147 0.00152954 0.000781893 0.00637376
0.690206 0.808681 0.0310442 0.687857 -8.63437e-05 -0.0114902 0.0104231 -0.99988 0.152424 0.00145038 0.0162375 -0.000297725 0.00117701 0.0108927
0.689618 0.879567 0.0298922 0.689331 -9.4403e-05 -0.0115881 0.00783527 -0.999902 0.156597 0.000979027 0.0178463 -0.000218944 2.84688e-05 0.00441733
0.695169 0.955327 0.0296906 0.695066 -1.4652e-05 -0.0116628 0.00662831 -0.99991 0.159456 0.00148986 0.0178362 0.000306303 0.000549385 0.00230795
0.696077 1.03013 0.0285351 0.693906 -3.72321e-05 -0.0116655 0.00543939 -0.999917 0.163062 0.00137882 0.0178202 -1.71802e-05 0.000158204 0.00250852
0.700206 1.1034 0.0270212 0.699627 6.71235e-05 -0.0117345 0.00452855 -0.999921 0.163988 0.00143618 0.0184376 -0.00047483 0.00154095 0.00430067
0.713325 1.17573 0.0243149 0.713346 0.000146008 -0.011996 0.00372262 -0.999921 0.165279 0.000808774 0.0186093 -0.000121409 0.000294961 0.00801667
0.70631 1.24636 0.023619 0.706505 0.000146724 -0.0119888 0.00181071 -0.999927 0.168024 0.00128031 0.018974 0.00018638 -3.40471e-06 0.00826398
0.7151 1.32229 0.0234133 0.715771 0.000122021 -0.0119907 0.000123954 -0.999928 0.170403 0.00135809 0.0193555 -0.000229837 0.00056104 0.00594662
0.722678 1.43026 0.0213835 0.722269 -0.000395848 -0.012214 -0.000498682 -0.999925 0.170819 -0.00305276 0.0138904 -0.00179255 -0.00102993 -0.0051827
0.724554 1.51038 0.0183122 0.722654 -2.8455e-05 -0.0125623 0.0016777 -0.99992 0.17062 -0.00490749 0.00605468 -0.00473227 0.00384926 -0.00998852
0.728325 1.5874 0.0171429 0.728866 0.000294815 -0.0127071 0.00281115 -0.999915 0.173471 -0.00288456 0.00377653 0.000912247 0.000290431 -0.00380697
0.736622 1.67628 0.0195007 0.73803 -0.000127202 -0.0126632 0.00308591 -0.999915 0.175658 -0.000986946 0.0172598 0.0125825 -0.00869911 0.00048206
0.757142 1.7633 0.0190878 0.759963 -0.000852459 -0.0124068 0.00540516 -0.999908 0.172381 -0.00690855 0.0189483 -0.00144435 0.00124239 -0.0184038
0.77232 1.84582 0.0181634 0.774471 -0.000676882 -0.0126432 0.0104933 -0.999865 0.172465 -0.00764767 0.019048 0.000796594 0.000330793 -0.0240316
0.791879 1.93031 0.018116 0.793675 -0.00076044 -0.0127718 0.0155743 -0.999797 0.17392 -0.00713222 0.019001 0.000611818 0.000156251 -0.0243311
0.810003 2.01731 0.016301 0.809577 -0.000806815 -0.0127948 0.0203876 -0.99971 0.177001 -0.00717758 0.0180596 0.000532517 -0.0010655 -0.0207042
0.824722 2.15844 0.00733672 0.825648 0.000397659 -0.0127163 0.0215017 -0.999688 0.180733 -0.00260551 0.00439604 0.000671839 0.000486542 0.0138207
0.832805 2.23543 0.00491493 0.832763 -8.7757e-05 -0.01309 0.0180313 -0.999752 0.179321 -0.00189211 0.00930623 0.00115923 0.00339395 0.0173646
0.827651 2.31121 0.000903168 0.821738 -1.01488e-05 -0.0133848 0.0149461 -0.999799 0.179743 -0.00401648 0.00935755 -0.000641727 0.000351506 0.00965212
0.819647 2.41734 -0.00369928 0.81802 0.000487941 -0.0130456 0.0128621 -0.999832 0.181877 -0.00392256 0.0209656 -0.000375545 -0.000120004 0.00944775
0.852244 2.58278 -0.00394405 0.847878 0.000150068 -0.0134145 0.00755381 -0.999882 0.183033 -0.00127548 0.00481373 0.00245694 0.00372962 0.0109737
0.860336 2.67079 -0.00302226 0.856257 6.01607e-05 -0.013521 0.00574057 -0.999892 0.184648 -0.00211586 0.00461815 -0.000659816 0.000304805 0.00650434
0.864405 2.74721 -0.00366647 0.859395 0.000134525 -0.0135092 0.00496633 -0.999896 0.186584 -0.0025627 0.00410542 -0.000570589 -0.000324705 0.00500813
0.871912 2.83417 -0.00275798 0.864606 9.3543e-05 -0.013435 0.00416141 -0.999901 0.189235 -0.00189956 0.00479882 0.000118415 -0.000526724 0.00433187
0.816817 3.01093 -0.00209132 0.887742 0.00021247 -0.0132277 0.00183984 -0.999911 0.189659 -0.000687359 0.0254372 -0.000167576 0.000364013 0.00736586
0.735019 3.09955 -0.00446242 0.908421 0.000367571 -0.0133061 0.000315258 -0.999911 0.189569 -0.00146439 0.0252932 -0.000352331 0.000242832 0.00655496
0.677628 3.18261 -0.0043059 0.919414 0.000344344 -0.0133351 -0.00101174 -0.999911 0.19002 -0.000834819 0.0247429 8.22436e-05 0.000207965 0.00633012
0.629373 3.26013 -0.00366718 0.929032 0.000326777 -0.0133217 -0.00203219 -0.999909 0.191158 -0.00048518 0.025591 -6.97584e-05 -4.49735e-05 0.00605178
0.580261 3.34604 -0.00360584 0.949578 -0.000986903 -0.0126061 -0.00183596 -0.999918 0.190264 -0.00537614 0.0251079 -0.00154014 0.000438824 -0.0122553
0.524242 3.42405 -0.00503365 0.963757 -0.000627877 -0.0127366 0.00263561 -0.999915 0.189815 -0.00804986 0.0253227 -0.000687141 0.000524512 -0.0264799
0.474543 3.51578 -0.00657113 0.976382 -0.000581709 -0.0127609 0.00884532 -0.999879 0.191046 -0.00793828 0.0229852 0.000327438 -0.000432639 -0.0254499
0.435167 3.6427 -0.0119621 0.956255 -0.00131668 -0.0125555 0.0205116 -0.99971 0.185046 -0.0131784 0.00139018 -0.000486569 0.00202644 -0.0400808
0.42876 3.72378 -0.0176843 0.950731 -0.00123508 -0.0128947 0.0297124 -0.999475 0.183379 -0.0139472 0.00199626 0.000649021 0.00107634 -0.0397306
0.43426 3.84625 -0.0261867 0.958596 -0.000703404 0.00310126 0.0594282 -0.998228 0.112241 -0.00746768 -0.00534837 -0.000453637 0.00938129 -0.191574
0.438625 3.8757 -0.0298236 0.951011 -0.000763865 0.00258578 0.110666 -0.993854 0.0596549 -0.00372418 0.0036197 -0.00573773 -0.000530734 -0.298379
0.442257 3.88512 -0.0341224 0.962251 0.000109966 0.0023641 0.163538 -0.986534 0.0265648 0.00231599 -0.00496842 -0.000899547 0.00191636 -0.219533
0.385427 3.88441 -0.0413067 1.014 -0.000229441 -0.00789458 0.213922 -0.976819 0.0290655 -0.00083781 -0.02228 -0.00230369 -0.0105458 -0.141129
0.384456 3.89423 -0.0463942 1.01839 0.00145978 -0.00378967 0.254631 -0.96703 0.0454076 -0.000124208 -0.0136414 -0.00394196 -0.000474099 -0.152546
0.41288 3.91221 -0.0524277 0.986337 0.000846629 -0.00324318 0.273129 -0.961972 0.0469449 0.00563627 -0.014013 0.00235946 -0.000402584 -0.00114674
0.423006 3.92747 -0.0558564 0.983307 0.00146193 -0.000730871 0.274544 -0.961573 0.0354217 0.00694235 0.0121014 -0.0103202 -0.00155243 0.0510739
0.423151 3.94007 -0.0569323 0.986683 0.00123137 -0.000269378 0.233248 -0.972416 0.0247556 0.0136356 0.00951783 0.00430139 -0.00359889 0.257478
0.41825 3.9473 -0.0586199 0.993423 0.000815548 0.000515215 0.174378 -0.984678 0.0143021 0.0116546 0.00308965 -0.000342164 -0.00288085 0.274835
0.411783 3.95193 -0.0590734 1.00108 0.000980932 0.000973831 0.121042 -0.992646 0.00601697 0.00970509 -0.00530242 -0.00142656 -0.00204729 0.238154
0.408595 3.95238 -0.0598277 1.00093 0.0012895 0.00118267 0.0757312 -0.997127 7.45033e-05 0.00818656 -0.00953592 -0.000894843 -0.000997536 0.213585
0.413879 3.94778 -0.0577659 0.996464 0.0013921 0.00107953 0.0355093 -0.999368 -0.00480995 0.00778287 -0.00254605 0.00115855 0.00159799 0.185532
0.416983 3.94235 -0.0560453 0.989825 0.00136016 0.000893097 0.00103032 -0.999998 -0.00617004 0.0052535 0.00113962 -0.00053726 0.000251744 0.156637
0.425295 3.93435 -0.0539658 0.983291 0.00136473 0.000776207 -0.0294797 -0.999564 -0.00723654 0.00246406 0.012557 0.000345552 0.00218301 0.116567
0.422892 3.92161 -0.0480059 0.980977 0.00133041 0.000266397 -0.0616151 -0.998099 -0.004243 -0.00104245 0.0123219 0.000667723 -0.00100471 0.0728242
0.424328 3.91624 -0.0417795 0.987594 0.00259555 -0.0117863 -0.0769477 -0.996962 0.0176389 0.0017332 0.084011 -0.000120999 0.0809091 0.0561447
0.364481 3.9436 -0.0203971 1.0544 0.00212906 -0.0101243 -0.0913231 -0.995768 0.0829426 0.0156068 0.080063 0.00062658 -0.000752652 0.0293877
0.34792 3.97692 -0.00276842 1.07599 0.000471547 0.00132441 -0.0965407 -0.995328 0.0539433 0.0098289 -0.0191672 -0.00128122 0.0151148 0.00933509
0.354561 3.99557 0.00594082 1.07167 -0.00045706 -0.0010971 -0.0973746 -0.995247 0.0310074 -8.33809e-05 -0.0222628 -0.00144495 0.00348724 -0.00309046
0.388941 4.01047 0.0137953 1.06037 3.37732e-05 -0.00193297 -0.0966824 -0.995313 0.0231393 -0.00310348 -0.0200428 0.00128985 0.000800001 -0.00385935
0.403971 4.02739 0.0198001 1.04934 0.000226817 -0.00156911 -0.0963987 -0.995342 0.0212228 -0.00287863 -0.00992981 0.000503946 -0.00011722 -0.00344095
0.390628 4.04192 0.0247782 1.07174 0.000575678 -0.00453644 -0.0942095 -0.995542 0.0430932 0.00365838 -0.0125738 0.0058266 -0.103478 -0.0449376
0.398704 4.05566 0.0295151 1.06801 0.000113798 -0.00122684 -0.0774827 -0.996993 0.0238695 -0.000792521 -0.00941243 -0.00540952 0.00956586 -0.0722452
0.403008 4.06552 0.0335883 1.06911 0.000314337 -0.00163241 -0.0688862 -0.997623 0.0189934 0.0015256 -0.00719191 0.0021476 -3.60873e-05 -0.0194934
0.410754 4.07855 0.03756 1.06516 -0.000959502 0.00103965 -0.0466312 -0.998911 8.72658e-05 -0.00483906 -0.00606125 -0.00135667 0.00114719 -0.141838
0.406408 4.08259 0.0370173 1.07699 0.00012829 -0.0153571 -0.0102902 -0.999829 0.026125 -0.00432407 0.0294046 -0.00998584 0.0453526 -0.126141
0.40318 4.10997 0.0375173 1.09303 0.000501287 -0.0118701 0.00643494 -0.999909 0.086253 0.00305521 0.026053 0.0033274 -0.00872758 -0.0394266
0.420747 4.15569 0.037901 1.10146 2.81199e-06 -0.0112677 0.0105435 -0.999881 0.106501 0.00402291 0.0259933 0.00109865 -0.00136923 -0.00379282
0.481009 4.24995 0.035197 1.10897 -0.000297593 -0.0112133 0.0117824 -0.999868 0.119523 0.00059181 0.0220592 0.000103617 0.000334319 -0.00656213
0.52644 4.32033 0.0345083 1.11808 -0.000313049 -0.0113435 0.0137432 -0.999841 0.125722 0.000278086 0.0222083 0.000254621 0.000760697 -0.00832337
0.580285 4.38648 0.0338526 1.12553 0.000107084 -0.01189 0.0151416 -0.999815 0.129963 0.00138212 0.00403507 -0.000445473 0.000745205 -0.00394474
0.632775 4.45424 0.0322429 1.13258 -3.58617e-05 -0.0120504 0.0152165 -0.999812 0.134369 0.00248571 0.00361528 0.0005148 0.000597062 0.00353689
0.690855 4.5278 0.0297836 1.1357 -0.000165082 -0.0120639 0.0141601 -0.999827 0.140112 0.00199819 0.0321834 0.00697242 -0.0104902 0.00485271
0.758846 4.60989 0.0265085 1.15494 -0.000812265 -0.0114254 0.0147748 -0.999825 0.14026 -0.00251639 0.0558426 -0.00117015 0.00207695 -0.00906024
0.82502 4.68081 0.0221508 1.17263 -0.00062037 -0.0115678 0.0173492 -0.999782 0.144039 -0.00470483 0.055679 -0.000691297 -0.000341011 -0.0152459
0.898249 4.76363 0.0164357 1.18736 -0.000511416 -0.0116833 0.0208289 -0.999715 0.148014 -0.00599203 0.0547022 -0.000271793 0.00036319 -0.0148264
0.966034 4.83014 0.0113872 1.1754 -0.000487013 -0.0118371 0.0234969 -0.999654 0.150014 -0.006774 0.0598956 4.54045e-05 0.00119818 -0.0127932
0.996648 4.90529 0.00342403 1.20469 0.000499927 -0.0111335 0.0258681 -0.999603 0.15261 -0.00683666 0.0840413 -0.00171176 -0.00118581 -0.00341019
0.998324 5.0033 -0.00305169 1.25936 0.000274948 -0.0114206 0.0243209 -0.999639 0.153605 -0.004008 0.0808553 0.000606415 0.00101505 0.0129477
0.994751 5.08132 -0.00654421 1.29902 0.000648843 -0.0112458 0.020446 -0.999728 0.153876 -0.00184359 0.0786893 0.000768975 0.0010465 0.0202305
0.992809 5.15323 -0.00740781 1.34059 0.000463513 -0.0114238 0.0158705 -0.999809 0.155419 -0.00059775 0.0787606 0.000149819 0.000159849 0.0220235
0.991708 5.228 -0.00839842 1.38465 0.000188296 -0.0117827 0.0112294 -0.999868 0.156485 -0.00176735 0.0812874 -0.000677882 0.000691069 0.0148273
0.917387 5.30612 -0.00963667 1.4347 0.00025876 -0.0118022 0.00871744 -0.999892 0.159704 -0.0025117 0.0813089 -0.000365988 6.39802e-05 0.00912579
0.814688 5.40364 -0.0110728 1.48754 -4.56819e-05 -0.0122166 0.00730772 -0.999899 0.165248 -0.00469935 0.066195 -0.00485424 -0.00241707 -0.00120841
0.686162 5.53639 -0.0128839 1.53524 0.000293712 -0.012112 0.0073153 -0.9999 0.168301 -0.00342263 0.0684899 -0.000331854 0.000590102 0.0032586
0.55752 5.67228 -0.0136183 1.56625 0.000450133 -0.0132734 0.00581344 -0.999895 0.171957 -0.00251698 -0.00671367 0.000121716 -0.00314817 0.00462219
0.481407 5.75194 -0.0141875 1.57773 0.000426099 -0.0130435 0.00449467 -0.999905 0.174532 -0.00227811 -0.00566287 -0.000169748 0.000735368 0.00640087
0.401041 5.84052 -0.0131302 1.59098 0.000390884 -0.013112 0.00282527 -0.99991 0.176634 -0.00172381 -0.00623566 6.56898e-05 3.11651e-05 0.0051324
0.26964 5.97443 -0.0102567 1.59329 -0.00131569 0.00273614 0.122261 -0.992493 0.0599405 -0.014505 0.00315165 -0.00569572 -0.00424887 -0.572638
0.249739 5.99965 -0.00965041 1.6018 0.00408898 -0.00319363 0.236989 -0.971498 0.0470692 0.00333822 0.0334235 -0.000750706 -0.00529716 -0.285278
0.229013 6.02099 -0.00597801 1.59398 0.00224589 -0.00195956 0.264592 -0.964356 0.04887 0.0165497 0.0428412 0.00697618 0.000308708 -0.0364336
0.224661 6.04516 -2.70521e-05 1.62841 0.00134886 -0.00152483 0.263503 -0.964656 0.0407155 0.0157122 0.051148 2.45729e-05 -0.000853379 0.0132507
0.21035 6.06261 0.00491469 1.62445 0.00146578 -0.0015752 0.261254 -0.965268 0.0365928 0.0150407 0.057685 0.00046409 -0.0014325 0.00511803
0.221841 6.07572 0.0101137 1.65884 -0.000458086 -0.00120692 0.260666 -0.965428 0.0304358 0.00782374 0.0603521 -0.00200686 -0.00177805 0.00416516
0.258936 6.08682 0.0121951 1.71523 0.00082018 -0.00163571 0.259963 -0.965617 0.0270658 0.00708064 0.0603388 0.00100664 -0.000790717 0.00448726
0.274976 6.09275 0.0131028 1.72936 0.000328353 -0.00219123 0.259259 -0.965805 0.0255332 0.00513513 0.0514049 -0.00042535 -0.00128197 0.00258019
0.291664 6.101 0.013559 1.76136 0.000284455 -0.00178382 0.258788 -0.965932 0.020467 0.00335334 0.0471538 0.000522016 -0.00010958 0.00170425
0.324619 6.10875 0.0128325 1.79931 0.000459044 -0.00206549 0.258637 -0.965972 0.0176113 0.00258692 0.0421291 0.000226154 -0.000475805 0.00187578
0.345373 6.11786 0.0126799 1.82366 0.000685072 -0.00224618 0.25833 -0.966054 0.0183574 0.0033219 0.0326518 0.00115434 -0.00147596 0.00119566
0.390477 6.134 0.0105912 1.85937 0.000638447 -0.00197968 0.25827 -0.966071 0.0178791 0.00239576 0.0269931 -0.000262332 0.000378312 0.00138582
0.41108 6.14579 0.00931468 1.87829 0.000521795 -0.00192048 0.258161 -0.9661 0.0170289 0.00146205 0.0121101 0.000245287 -0.000784384 0.00130675
0.357939 6.14526 0.00743637 1.80272 -0.00440276 0.0167507 0.252002 -0.967572 -0.0538123 -0.00376074 -0.243984 -0.021731 0.0220651 0.088315
0.350804 6.11642 0.00495992 1.80266 0.00055802 -0.00315685 0.222701 -0.974882 -0.0217446 -0.00394742 0.0208983 0.0049267 -0.0193348 0.0383268
0.372526 6.11294 0.000281709 1.82498 0.000701262 -0.00185167 0.220301 -0.97543 -0.00693117 -0.00531673 0.0232745 -5.76402e-05 -0.000560115 -0.00126816
0.394498 6.12235 -0.000990288 1.85053 0.000856938 -0.00199502 0.220759 -0.975326 -0.00746336 -0.0052992 0.0167707 -0.000384094 0.000299853 0.000475687
0.414331 6.13415 0.00259971 1.87868 0.00116148 -0.00237378 0.220839 -0.975307 -0.00889597 -0.00337081 0.0110824 -3.85559e-07 0.000391662 0.000598463
0.325852 6.12387 0.00695861 1.75779 -0.00247233 0.0113015 0.203656 -0.978974 -0.11646 -0.00640965 -0.19159 -0.00404685 0.0221574 0.114605
0.318809 6.09315 0.00838128 1.75524 0.000954766 -0.00561182 0.176737 -0.984242 -0.061649 -0.0077339 0.0302226 0.0090472 -0.0362151 0.0492895
0.337445 6.09031 0.00793949 1.77611 0.00081858 -0.00213857 0.172266 -0.985048 -0.0329112 -0.0089352 0.0314377 0.000584708 -0.00323239 -0.000291748
0.321403 6.10435 0.0122504 1.75772 0.000804458 -0.00154802 0.173337 -0.984861 -0.0208317 -0.00700982 0.0262891 0.000387595 -0.000921466 -0.0012168
0.317582 6.11946 0.0151266 1.76935 0.000756099 -0.00128815 0.173386 -0.984853 -0.0176042 -0.00694563 0.0320216 -0.000306868 -0.000122058 -0.00073613
0.33708 6.13616 0.0186018 1.79807 0.000844883 -0.00113288 0.173749 -0.984789 -0.0140944 -0.00609991 0.0325193 0.00047402 -0.000860176 -0.000212584
0.352874 6.15026 0.0223473 1.82222 0.000842576 -0.00127184 0.173664 -0.984804 -0.00965746 -0.00503927 0.0277379 0.000878776 -0.00133686 -0.000823586
0.359947 6.16517 0.02683 1.83394 0.000814099 -0.00103505 0.173979 -0.984748 -0.00530933 -0.00407217 0.0232849 0.000507662 -0.00113641 -0.000150081
0.369147 6.17443 0.0327038 1.84708 0.000758501 -0.00113436 0.173992 -0.984746 -0.00348009 -0.00246148 0.0207214 0.000183949 -0.000238973 0.000286712
0.380483 6.18431 0.0354038 1.8616 0.000730477 -0.000964813 0.173839 -0.984773 -0.000605141 -0.00218282 0.0187936 0.000491531 -0.00125832 -0.000373636
0.376736 6.19621 0.0417941 1.85943 0.000632623 -0.000806036 0.173866 -0.984769 0.00177196 -0.000831632 0.0154099 0.000423451 -0.000594199 -0.000740348
0.386774 6.20425 0.0472039 1.87357 0.000524003 -0.000668612 0.174014 -0.984743 0.00328922 0.000321766 0.0173494 0.000337729 -0.000577175 -0.000436636
0.391826 6.20883 0.0494973 1.87967 0.00048333 -0.000561508 0.174107 -0.984726 0.00428591 0.000792384 0.0141079 0.000343694 -0.00036956 -5.38854e-06
0.400303 6.21236 0.0536811 1.89151 0.000359285 -0.000498999 0.174207 -0.984709 0.00528526 0.00204119 0.0128232 0.000602721 -0.000506147 0.00078464
0.351592 6.2057 0.0552932 1.81462 -0.0072269 0.0226664 0.169906 -0.985173 -0.0770905 -0.0130067 -0.25198 -0.0197916 0.0335116 0.0525554
0.32785 6.16551 0.0513008 1.80639 0.00130135 -0.00666598 0.156455 -0.987662 -0.063787 -0.00852316 0.0201816 0.015249 -0.0286963 0.0458125
0.340557 6.14163 0.0488321 1.81531 0.000121059 -0.000160609 0.151523 -0.988454 -0.0155988 -0.00147616 0.0291218 0.00336927 -0.00426511 0.00542892
0.357739 6.12806 0.0480707 1.8295 -0.000238239 0.000690032 0.151348 -0.98848 -0.00151815 0.00139806 0.0265769 0.00154578 -0.00312509 -0.00200947
0.374566 6.11339 0.0432458 1.84139 -0.000298952 0.00117071 0.151633 -0.988436 0.00435634 0.00140594 0.0211356 3.11433e-05 -0.000714917 -0.0014836
0.387733 6.09824 0.0385582 1.84808 -0.000277445 0.00121665 0.151753 -0.988418 0.00455256 0.00102482 0.0163057 -1.727e-05 0.000465564 -0.00141417
0.401747 6.08255 0.0349149 1.86068 -0.000322103 0.00128773 0.151911 -0.988393 0.0038891 0.000986469 0.0131146 -0.000534427 0.000379422 -0.000792769
0.369134 6.05873 0.0285557 1.78689 -0.00425788 0.0147302 0.147442 -0.988952 -0.0533393 -0.0106666 -0.222699 -0.0174513 0.0338049 0.0561072
0.364405 6.01935 0.0217203 1.77624 0.000357092 -0.00241317 0.132956 -0.991119 -0.0392902 -0.00668422 0.0154426 0.0102641 -0.0196744 0.0501578
0.390286 5.98534 0.0135827 1.78339 -0.000283315 0.0013981 0.12739 -0.991852 -0.0169477 -0.00501432 0.0166578 0.000185715 -0.000953521 0.00761213
0.409981 5.95387 0.00509456 1.77193 -0.000182619 0.00130457 0.127144 -0.991884 -0.0120105 -0.00522775 0.00946582 -0.001561 -0.000203286 -0.00215049
0.395834 5.92137 -0.00460959 1.70864 -0.000798127 0.00583329 0.124097 -0.992253 -0.030394 -0.00783666 -0.129239 -0.00905755 0.0180552 0.0410953
0.404959 5.89068 -0.0091224 1.69855 0.000343951 0.000261276 0.11304 -0.99359 -0.0233571 -0.00397358 0.00760749 0.00466488 -0.00609573 0.0382532
0.417542 5.85437 -0.0144719 1.66255 0.000324729 0.000751023 0.101666 -0.994818 -0.0181987 -0.00421274 -0.0751658 -0.0037529 0.0089474 0.0553518
0.423456 5.83192 -0.0187179 1.62947 0.000765304 -0.000675475 0.0866083 -0.996242 -0.00828114 -0.00276056 -0.044535 -0.00110892 0.00466866 0.0690022
0.429141 5.81701 -0.0239584 1.61704 -0.00231309 -0.0013779 0.105636 -0.994401 0.000222354 -0.0128326 -0.0211034 -0.00172519 0.00175105 -0.349785
0.434094 5.80899 -0.0319719 1.61599 0.000769583 -0.00153974 0.223988 -0.97459 0.00625734 -0.0172828 -0.0216534 -0.0125042 -0.003699 -0.656295
0.441119 5.80352 -0.0340172 1.62305 0.00799088 -0.00380053 0.342007 -0.939656 0.0199546 0.00822687 -0.0126688 -0.0258221 0.00432186 0.0175644
0.440346 5.81098 -0.0193659 1.61983 0.0016321 -0.00233867 0.214446 -0.976732 0.0329871 0.0271458 -0.0315322 0.00981453 -0.00446599 0.64537
0.433014 5.81702 -0.0105588 1.60961 0.00076365 -0.00204358 0.0828261 -0.996562 0.0241317 0.0185009 -0.0202808 0.00151916 -0.000933498 0.678256
0.425703 5.82412 -0.00632429 1.60031 0.000370833 -0.00174201 -0.0878886 -0.996129 0.0169452 0.00805954 -0.0114679 -0.0011247 -0.00154209 0.699006
0.41783 5.83126 -0.00518795 1.59433 0.000288534 -0.00145215 -0.248856 -0.968539 0.0140514 0.00120258 -0.0019071 -0.0015563 -0.00273728 0.714447
0.409525 5.84198 -0.0057324 1.59679 0.000490016 -0.000567929 -0.41327 -0.910608 0.0137403 -0.00435931 -0.00656723 -0.00330355 -0.00252693 0.727435
0.402062 5.84694 -0.00549093 1.59503 0.00062741 -0.000150999 -0.561391 -0.82755 0.0122058 -0.00737844 -0.00108696 -0.000390228 -0.0014003 0.737716
0.402398 5.85014 -0.00447403 1.60174 -0.00310159 -0.00288074 -0.650532 -0.759467 0.0250312 -0.0114464 -0.000815899 0.015238 0.000109734 0.205952
0.393736 5.86298 -0.00480171 1.6028 -0.000901064 -0.00123612 -0.619751 -0.784797 0.0446812 -0.0149777 -0.00885822 -0.0184037 -0.00358186 -0.44015
0.381079 5.87304 -0.0039887 1.5956 0.00301009 0.00168779 -0.543523 -0.839387 0.029599 -0.0100961 0.00521821 -0.00590172 -0.00145404 -0.310244
0.374459 5.87475 -0.00189246 1.58214 0.00226629 0.00138004 -0.513841 -0.857881 0.0128026 -0.00501664 0.00880751 0.0059153 0.00166938 -0.0524156
0.384882 5.86505 0.000852943 1.59269 0.0018454 0.000898699 -0.510945 -0.859611 0.00738647 -0.00443313 0.0098179 0.000838828 0.000819279 -0.00234341
0.397187 5.85091 0.00460812 1.59505 0.0013558 0.00125128 -0.511161 -0.859483 0.0039779 -0.00619114 0.00411633 0.000241868 0.00144538 -0.00515152
0.407952 5.83583 0.00612601 1.58765 0.00128204 0.000903068 -0.510809 -0.859693 0.00267362 -0.00759383 0.00369459 -0.00088105 0.000201851 -0.00658481
0.428192 5.82837 0.0166268 1.62796 0.00192085 -0.0012169 -0.5117 -0.859161 0.0221724 0.0338426 -0.00944011 0.0241855 -0.112589 -0.0288614
0.428551 5.82131 0.0266658 1.62548 -0.000896105 0.000654477 -0.47951 -0.877536 0.0161157 -0.000376281 -0.00359788 -0.00268449 0.00670226 -0.246416
0.433686 5.81527 0.0289399 1.62641 -0.000321057 0.000364502 -0.423724 -0.905791 0.0140477 -0.00939456 -0.00528075 -0.00168352 0.00140967 -0.277347
0.437647 5.81062 0.0285562 1.62577 -5.5074e-05 9.09361e-05 -0.371478 -0.928442 0.0115258 -0.0104707 -0.00397887 0.00145469 0.00146182 -0.220227
0.444612 5.80549 0.0276642 1.63262 -0.00017574 -0.000428665 -0.32858 -0.944476 0.010158 -0.00956258 0.00320088 -0.00247779 0.00788077 -0.168303
0.456295 5.8049 0.0326447 1.66027 0.00248947 -0.000268843 -0.307685 -0.951485 0.0204055 0.0186315 -0.0121997 0.0147101 -0.0884519 -0.0353212
0.455801 5.80386 0.037089 1.66021 0.000494958 0.000817584 -0.313967 -0.949433 -0.000711319 0.00522688 -0.0153379 0.00297885 0.00698677 0.062529
0.462673 5.79886 0.0393722 1.67034 -0.000652047 -0.000446422 -0.313233 -0.949676 -0.00222367 -0.00672671 -0.0234399 -0.00125002 0.00195167 -0.132885
0.466373 5.79651 0.0391943 1.67134 -7.9102e-05 -0.000691298 -0.279237 -0.960222 -0.00171129 -0.00924928 -0.0245195 -0.00269137 0.000547435 -0.208647
0.464216 5.79582 0.0390588 1.66291 0.000295966 -0.000674604 -0.233755 -0.972295 -0.00343272 -0.00754049 -0.0184846 0.000521105 0.000619635 -0.19483
0.464528 5.79421 0.0406105 1.66233 2.8798e-05 -0.00108324 -0.176253 -0.984344 -0.00667358 -0.00535305 -0.0141558 0.00870753 0.00190579 -0.153328
0.463687 5.79567 0.0356386 1.65866 -0.000705938 -0.00161667 -0.0140337 -0.9999 -0.00476859 -0.0173518 -0.0137803 -0.0086941 -0.00346442 -0.658253
0.451607 5.80206 0.0312877 1.63127 0.000801358 -0.00103867 0.150352 -0.988632 -0.009335 -0.00875324 0.00699421 -0.000949353 -0.00253543 -0.622397
0.438331 5.81484 0.0292683 1.63496 0.00085429 -0.000783287 0.374564 -0.9272 -0.0165396 0.00474252 0.0161888 0.00166843 -7.2842e-05 -0.420601
0.437495 5.8205 0.0300696 1.64593 0.000457558 -0.000594951 0.45266 -0.891683 -0.018803 0.00810272 0.00301497 0.00550334 0.000325141 -0.357765
0.436075 5.82281 0.0299233 1.6495 0.000111143 -0.000559065 0.52763 -0.849474 -0.023219 0.00830749 -0.00103929 -0.00138327 -4.27878e-05 -0.375255
0.432924 5.8276 0.0296597 1.64577 0.000216735 -0.000688453 0.597163 -0.802119 -0.0224898 0.00991794 0.00156799 0.0032075 0.000696266 -0.346503
0.42293 5.83191 0.0295274 1.6344 -0.00164996 0.000597071 0.694688 -0.719309 -0.0319681 0.00928495 0.0123833 -0.0138774 -0.00249519 -0.690719
0.420186 5.83424 0.0287289 1.63214 -0.000704682 -3.61053e-05 0.79121 -0.611544 -0.0296481 0.0116507 0.0136294 0.00138865 -0.00088941 -0.733712
0.420152 5.83705 0.0254865 1.63518 0.00112337 -0.00378213 0.893546 -0.448955 -0.0157713 0.0103107 0.0164539 -0.0166149 0.0019365 -0.264964
0.417908 5.84485 0.0192363 1.64299 -0.000633163 -0.0016414 0.879034 -0.476755 0.000623952 0.00196544 0.00804798 0.0169441 -0.00199712 0.389216
0.416418 5.8515 0.0120507 1.64847 -0.00137071 0.000709657 0.831437 -0.555617 -0.0051227 0.00882332 -0.00210349 0.00703095 -0.00289364 0.460011
0.417337 5.85176 0.0036908 1.64728 -0.00114457 0.00176677 0.759963 -0.649963 -0.0154478 0.0192077 -0.000667642 -5.18515e-05 -0.000652697 0.362007
0.42425 5.84848 -4.16694e-05 1.65623 -0.000859106 0.00185692 0.706534 -0.707676 -0.0185068 0.023833 -0.00709394 0.000421114 -0.000813275 0.279434
0.428739 5.84329 -0.00252182 1.65898 -6.99664e-05 0.00159533 0.664286 -0.747477 -0.0181846 0.0251297 -0.0103299 -0.00464089 -0.00205329 0.294222
0.437871 5.83428 -0.00316285 1.66285 0.00025419 0.00152323 0.616776 -0.787137 -0.0166468 0.0260909 -0.015926 -0.000832387 -0.000866951 0.344763
0.445453 5.82602 -0.00254786 1.66347 0.000232783 0.00165415 0.55252 -0.833498 -0.0151447 0.0249755 -0.0160119 0.00660551 -0.000364577 0.297505
0.463336 5.82126 -0.00672825 1.69787 -0.00604523 -0.00983828 0.515043 -0.857087 0.0120628 -0.0252098 0.0930525 0.00172535 -0.0249392 0.106838
0.472347 5.8275 -0.0254496 1.73309 -0.00437221 -0.00726074 0.504813 -0.863187 0.0276039 -0.0531914 0.0559182 0.000651355 -0.0473531 0.0358157
0.463888 5.83344 -0.0488351 1.73104 0.00243549 0.00252207 0.486043 -0.873928 0.00904204 -0.016651 -0.00388204 -0.000366106 0.0166638 0.172754
0.45735 5.8362 -0.0588717 1.72524 0.00184077 0.00151185 0.444346 -0.895852 0.00138246 0.00203453 -0.00187698 0.000899197 -0.001109 0.234679
0.450863 5.83701 -0.0599352 1.71891 0.00184399 0.00149857 0.396816 -0.917895 -0.00297202 0.00997781 0.00670659 0.000198848 0.00136762 0.222467
0.453584 5.83277 -0.0548362 1.7171 0.0024189 0.000780219 0.349773 -0.936831 -0.00439097 0.011963 0.00895318 -0.00388479 0.00215976 0.266641
0.455417 5.82885 -0.0460839 1.7111 0.00204987 0.000513856 0.281691 -0.959503 -0.00212222 0.0107193 0.0156965 0.00338808 0.000602151 0.336355
0.462762 5.82397 -0.0363463 1.71371 0.00115504 0.00030343 0.207077 -0.978324 -0.00277548 0.00366983 0.013793 0.00598609 0.0011183 0.269094
0.463431 5.82277 -0.02839 1.70776 0.000911962 0.000301505 0.163965 -0.986466 -0.00221687 -0.00695963 0.0187758 -0.00139588 -0.000557867 0.128022
0.471583 5.82032 -0.0174166 1.7153 -0.000454079 0.000460507 0.150489 -0.988611 -0.00253251 -0.0185755 0.0119832 0.00276568 0.000607519 -0.144237
0.47432 5.81719 -0.00972944 1.71387 0.000167702 0.000135567 0.200412 -0.979712 -0.0031655 -0.0243416 0.0164318 -0.00321162 0.00057132 -0.301047
0.484746 5.81115 0.00196944 1.71198 0.00235297 -0.00095153 0.260262 -0.965535 0.00304562 -0.0154405 0.0107186 0.00284027 0.00371972 0.039795
0.474926 5.81067 0.0114072 1.70068 0.000475413 -0.00104914 0.224481 -0.974478 0.00797298 -0.0149449 0.0278127 0.00609182 -0.00060082 0.227391
0.482603 5.81152 0.0239468 1.7252 0.000200343 -0.00103458 0.0647293 -0.997902 0.00795773 -0.0175615 0.00290961 0.00732559 -0.0011817 0.555691
0.480226 5.8157 0.0341366 1.73073 -0.00144311 -0.000478904 -0.0734626 -0.997297 0.00596616 -0.0256289 -0.00352209 0.00409505 -0.00239396 0.522741
0.479787 5.81991 0.0387962 1.73871 -0.00188867 5.60006e-05 -0.186974 -0.982363 0.00380601 -0.0338766 -0.0112145 0.00144138 -0.00115363 0.42893
0.481629 5.82133 0.0383852 1.74422 -0.00302549 -9.78645e-05 -0.270668 -0.962668 0.00262045 -0.0401738 -0.0152721 0.0198962 0.000577004 0.247714
0.479408 5.82478 0.0257122 1.73917 -0.00218832 -0.00033745 -0.252708 -0.96754 0.00859696 -0.0511439 -0.0128048 -0.0084936 -0.000841649 -0.251424
0.476463 5.82909 0.0156082 1.73477 -0.00102017 0.00015391 -0.175224 -0.984528 0.00358394 -0.041157 -0.00945002 -0.00198005 -0.000499003 -0.256042
0.470596 5.83199 0.00953806 1.72256 -0.000757016 0.000279121 -0.125368 -0.99211 6.72942e-05 -0.0344219 0.000235023 -0.000731919 -0.000720638 -0.207812
0.457461 5.8323 0.00789491 1.6994 -0.000768206 0.000301514 -0.08553 -0.996335 -0.00344915 -0.0269593 0.0270951 0.00145992 0.000162726 -0.14112
0.460355 5.83138 0.00360561 1.70577 -0.00100133 0.000103399 -0.0584278 -0.998291 -0.00491734 -0.0246285 0.024587 -0.000568629 0.000728932 -0.124688
0.482535 5.83165 -0.0021992 1.76524 0.000342166 -0.00958136 -0.00915076 -0.999912 0.0105621 -0.0168918 0.125431 -0.00591342 0.0574821 -0.0905906
0.541696 5.87692 -0.00664424 1.89278 5.37027e-05 -0.00803592 0.00611003 -0.999949 0.0696374 -0.00637771 0.123992 0.000805322 -0.00107999 -0.00796948
0.577985 5.92907 -0.00630312 1.97893 -3.71281e-05 -0.00770738 0.00745974 -0.999942 0.0790366 -0.0048543 0.135184 -0.000630558 -0.00687017 -0.00307707
0.612606 5.97276 -0.00724027 2.04156 -1.97043e-05 -0.00779159 0.00771709 -0.99994 0.0809408 -0.00431712 0.134782 0.000329041 0.00108411 -0.00213938
0.656198 6.03751 -0.00777081 2.11408 -0.00176237 -0.00956563 0.00878808 -0.999914 0.0877148 -0.00661649 0.0727619 0.00631435 0.00511616 -0.0147502
0.685985 6.10942 -0.0124904 2.16262 -0.00135031 -0.0095363 0.019338 -0.999767 0.0985413 -0.014443 0.0694686 -0.00285269 0.00394324 -0.0470807
0.683052 6.16687 -0.0142704 2.16507 0.000533542 -0.0117799 0.0265913 -0.999577 0.113614 -0.00642902 -0.0167251 0.00341375 -0.00647304 -0.0154276
0.690843 6.28636 -0.0126514 2.17701 0.000483148 -0.0110425 0.0232068 -0.99967 0.124106 0.00352979 -0.0119555 0.00201531 0.00184249 0.0270279
0.694711 6.35239 -0.0117863 2.17432 -0.000630699 -0.0118036 0.0166064 -0.999792 0.127453 0.00469765 -0.0230887 0.0147859 0.00759842 0.0295904
0.7065 6.48896 -0.0167475 2.16112 -0.000415334 -0.0119558 0.0134909 -0.999838 0.140007 -0.00236451 -0.00499675 -0.00542875 0.00178851 -0.00539813
0.736904 6.60893 -0.020476 2.14442 -0.000458602 -0.0121492 0.0134929 -0.999835 0.147534 0.00076607 -0.00704765 0.000459705 0.000359644 0.00434051
0.76363 6.69022 -0.0238696 2.13076 -0.000440707 -0.0123249 0.0121693 -0.99985 0.150657 0.0011477 -0.00655615 -0.000961468 -0.000217677 0.00667453
0.784134 6.78041 -0.0276888 2.12127 -0.000527935 -0.0124489 0.0100447 -0.999872 0.154374 0.00151577 -0.0405724 0.00309078 -0.00212395 0.0071487
0.785803 6.8896 -0.0360819 2.0621 -0.000701146 -0.0115089 0.00900632 -0.999893 0.152701 -0.00148452 -0.0875869 -0.000674877 0.00173748 -0.00123816
0.799923 6.97597 -0.0420944 2.02236 -0.000589428 -0.0117068 0.00935968 -0.999887 0.154834 -0.00189207 -0.087425 8.45688e-06 0.000134874 -0.0017988
0.826004 7.0579 -0.047096 1.97958 -0.000602062 -0.0117686 0.00967612 -0.999884 0.156437 -0.00189185 -0.0858434 -7.77515e-06 0.000294806 -0.00108652
0.859112 7.14359 -0.0501831 1.93851 0.00116882 -0.0108465 0.0057726 -0.999924 0.153406 0.0074217 -0.0702051 0.00318117 0.00279894 0.0351035
0.883682 7.21704 -0.0503096 1.89594 -0.000517447 -0.0112634 -0.00442698 -0.999927 0.154026 0.00986737 -0.0743397 0.0361429 0.00348812 0.0457513
0.929585 7.29795 -0.0537184 1.86211 -0.0018185 -0.0112239 -0.0081115 -0.999902 0.157282 -0.00540639 -0.0744836 -0.00434855 -0.000440749 -0.0134591
0.946041 7.36808 -0.058501 1.8259 -0.000350501 -0.0116725 -0.00265517 -0.999928 0.160046 -0.00853202 -0.0857838 -0.012188 0.0068875 -0.0319626
0.941256 7.43944 -0.0627915 1.7839 0.00120126 -0.0110961 0.00190394 -0.999936 0.16291 -0.00315503 -0.0704568 -0.0179503 -0.013827 -0.00590569
0.949783 7.51997 -0.0620898 1.74229 -0.000511643 -0.0121596 -0.00195958 -0.999924 0.161644 0.00177162 -0.0851725 0.000667179 0.0001737 0.01986
0.96487 7.63986 -0.0646609 1.6663 -0.000699117 -0.0116841 -0.00470216 -0.99992 0.166421 -0.00402753 -0.0711237 0.00661679 -0.00303625 -0.0034766
0.942955 7.72015 -0.0649519 1.62341 -0.00072151 -0.0117428 -0.00201251 -0.999929 0.166831 -0.00698406 -0.0720898 -0.000335569 0.000300506 -0.0195851
0.953568 7.8036 -0.067721 1.59608 -0.00162786 -0.0109833 0.00409655 -0.99993 0.166214 -0.0125134 -0.0639512 -0.00213721 0.00162473 -0.0371296
0.97685 7.9106 -0.0737436 1.554 -0.000960068 -0.0114803 0.0170847 -0.999788 0.166002 -0.0147609 -0.0665722 0.00157996 0.000195816 -0.0407941
0.991366 8.00825 -0.0835524 1.52153 -0.000841799 -0.0117731 0.0278286 -0.999543 0.166632 -0.016818 -0.0697705 -0.00787059 0.00018609 -0.0328341
0.998702 8.08476 -0.0879975 1.48659 0.00104617 -0.0116656 0.0306076 -0.999463 0.167573 -0.0079881 -0.0718152 0.00275351 -0.000585105 0.00991372
1.00744 8.16852 -0.088734 1.44052 0.000280338 -0.0117215 0.0253362 -0.99961 0.167304 -0.00570836 -0.0822388 1.55483e-05 0.000869718 0.0255189
1.01194 8.24061 -0.0892566 1.40989 -0.000538831 -0.0121105 0.0211616 -0.999703 0.167731 -0.00881188 -0.08587 -0.000681438 -0.000151175 0.0123205
1.01025 8.31483 -0.0920125 1.38616 -0.00122029 -0.0120651 0.0206531 -0.999713 0.168781 -0.0142299 -0.0530012 2.05918e-06 0.00232395 -0.0111315
1.00528 8.39951 -0.0957546 1.36652 0.0003275 -0.0128099 0.0253247 -0.999597 0.172408 -0.0155334 -0.0630671 -0.00447136 0.00192979 -0.0204624
0.903798 8.52641 -0.0991886 1.29775 0.000177586 -0.012571 0.0278397 -0.999533 0.175947 -0.0109835 -0.0593455 0.000618844 0.000660447 0.00348118
0.828074 8.60349 -0.100207 1.26896 -0.00105025 -0.012019 0.0281072 -0.999532 0.173191 -0.0145195 -0.0625233 -0.00133579 0.00146306 -0.00981472
0.754125 8.68923 -0.105152 1.25232 0.000492374 -0.0125676 0.0322439 -0.999401 0.173661 -0.0160583 -0.0348204 -0.0134836 0.00660433 -0.0168209
0.67575 8.76923 -0.10638 1.23405 0.00144061 -0.0120839 0.0323805 -0.999402 0.175307 -0.00659329 -0.0439761 0.00260846 -0.0012722 0.0182893
0.603949 8.85403 -0.105097 1.21041 8.30135e-05 -0.0130093 0.0260237 -0.999577 0.175789 -0.00441806 -0.0405033 0.00108243 0.00225741 0.0301177
0.538173 8.93729 -0.104401 1.19685 4.82298e-05 -0.0132873 0.0206083 -0.999699 0.177838 -0.00647348 -0.0209078 -2.717e-05 0.00337008 0.0158816
0.439466 9.07616 -0.102356 1.14914 -2.63029e-05 -0.0131272 0.0172659 -0.999765 0.181622 -0.00650745 -0.0785011 0.000857394 -0.00741507 0.00375408
0.425456 9.16765 -0.102382 1.07045 -0.00013593 -0.0107766 0.0170436 -0.999797 0.168319 -0.00717156 -0.122568 -0.000585714 0.00578298 -0.00274361
0.429192 9.30583 -0.105618 0.997712 -0.00273907 0.00106904 0.0329137 -0.999454 0.136048 -0.0112942 0.0138392 0.0271826 -0.0486016 -0.284667
0.424807 9.35931 -0.11084 0.985111 -0.000560493 0.00194083 0.171099 -0.985252 0.0665737 -0.0175623 0.018536 -0.0027424 -0.00844736 -0.670073
0.418262 9.38314 -0.114963 0.989638 -0.00126646 0.0031377 0.324433 -0.945903 0.0258185 -0.00967287 0.0175362 0.00227396 -0.00168474 -0.700213
0.408944 9.38906 -0.116499 0.998214 0.000646476 0.00201805 0.468735 -0.883336 0.00354335 -0.00117966 0.011187 -0.0280259 -0.00037139 -0.434717
0.401374 9.38937 -0.114436 1.00403 0.000736773 0.00175792 0.486658 -0.873591 0.00524062 0.0125734 0.00452145 0.0110139 0.000188998 0.16362
0.407361 9.38683 -0.105912 0.999589 -0.00137117 0.0029033 0.42214 -0.906525 -0.00383914 0.0154648 0.00619809 0.00811614 0.000423164 0.342963
0.404654 9.37716 -0.103271 1.00358 -0.00172932 0.00321924 0.360482 -0.932759 -0.0148141 0.010741 0.00122142 -0.000703632 0.00126242 0.262559
0.404394 9.35796 -0.102606 1.00161 -0.00131113 0.00274057 0.304216 -0.952598 -0.0201985 0.00723179 -0.000881603 -0.00148841 0.002055 0.177699
0.43228 9.32979 -0.104351 0.980111 -0.000945951 0.00183465 0.257741 -0.966212 -0.0196961 0.00545894 0.0216205 -0.00261913 0.00385603 0.130086
0.442467 9.3107 -0.105815 0.979358 -0.000550662 0.00104503 0.229591 -0.973286 -0.0146236 0.00545195 0.0267576 -0.000682008 0.00167689 0.127809
0.453296 9.29205 -0.107012 0.973677 -0.000454048 0.000420875 0.200463 -0.979701 -0.0105563 0.0054296 0.0336117 -0.000792921 0.00341396 0.11638
0.444159 9.27211 -0.112157 0.992365 0.000139381 -0.000308846 0.158188 -0.987409 -0.000654865 0.00485942 0.0157588 -0.00134315 -0.000319312 0.118167
0.43124 9.26635 -0.113862 1.01079 -0.00154195 -0.00015171 0.133839 -0.991002 0.00196632 0.00447938 0.00323578 0.0263483 0.00189733 -0.0306483
0.424011 9.25859 -0.120006 1.01781 -0.00160358 -0.000471979 0.216041 -0.976383 -0.00117413 -0.0106913 -0.0117625 -0.013961 -0.0032393 -0.563996
0.421667 9.2534 -0.127881 1.02407 0.00391821 -0.00125017 0.333774 -0.942644 0.00534955 0.00471287 -0.0161624 -0.00743922 0.000396364 -0.222618
0.41309 9.2537 -0.12693 1.03325 0.00203232 -0.000926361 0.327581 -0.944821 0.0126023 0.0207811 -0.0280603 0.00733373 0.000786191 0.185402
0.412634 9.25472 -0.123245 1.0306 0.000947395 -0.000677907 0.28224 -0.959343 0.00910752 0.0195351 -0.0296188 0.00257401 0.00040097 0.225233
0.424016 9.25486 -0.119551 1.01588 0.000684284 -0.000906548 0.211851 -0.977301 0.00300767 0.0124785 -0.0163991 -0.0014142 -0.000294009 0.155997
0.446107 9.25844 -0.114679 0.992322 0.000507546 -0.000899079 0.156303 -0.987709 6.2991e-05 0.00930276 0.0100348 0.000447514 -0.000176427 0.0992002
0.444279 9.26416 -0.111728 0.996902 0.00041561 -0.000592518 0.135606 -0.990763 -0.000102528 0.00828813 0.010299 0.00128867 -0.001832 0.0882541
0.430311 9.26859 -0.10938 1.00879 0.000231257 -0.000333852 0.116006 -0.993248 -0.00236814 0.00679024 -0.00261855 0.000322592 -0.000791812 0.0817095
0.42304 9.27106 -0.107715 1.01364 0.000265078 -0.000212501 0.0943322 -0.995541 -0.00486156 0.00566326 -0.0104854 0.000250525 -0.000281514 0.0927379
0.429386 9.27235 -0.106183 1.00699 2.84161e-05 -0.00015806 0.0725557 -0.997364 -0.00643942 0.00445982 -0.00936281 8.32117e-05 0.00322648 0.0834062
0.458056 9.28272 -0.106615 0.96276 0.000642707 -0.0101076 0.0562532 -0.998365 0.0412702 0.00290382 -0.118897 0.00140503 -0.0224289 0.0582381
0.476727 9.31412 -0.106508 0.942668 4.28712e-05 -0.0111087 0.0453429 -0.99891 0.0788949 6.26493e-05 -0.0472785 -0.000725987 -0.00596433 0.0349424
0.498321 9.3656 -0.105869 0.909208 -0.000146335 -0.00658592 0.0393757 -0.999203 0.09795 -0.00102077 0.00525236 0.0238525 -0.143093 -0.00924166
0.49112 9.40324 -0.107643 0.915284 -0.00225135 0.00360234 0.100027 -0.994976 0.0327631 -0.0104808 0.00585235 -0.0079494 0.0100305 -0.470551
0.497216 9.41957 -0.113084 0.898183 -0.0013636 -0.0127418 0.218905 -0.975662 0.0320396 -0.0163853 -0.0961549 -0.0320976 0.0660511 -0.432401
0.541954 9.45706 -0.123686 0.854045 0.000254297 -0.00895474 0.270027 -0.962811 0.0893783 -0.0165954 -0.0791756 0.0113454 -0.00606133 -0.0212805
0.546216 9.49292 -0.134842 0.855178 0.0013674 0.00329449 0.243262 -0.969954 0.0520234 0.00234918 0.00105337 0.00421742 0.0120224 0.254004
0.545185 9.51007 -0.13783 0.857199 0.000351445 0.00271831 0.125455 -0.992096 0.0108838 0.0133686 -0.0025843 0.00144683 0.000581906 0.324369
0.557551 9.5171 -0.14036 0.840728 -0.00162971 -0.0145211 0.0652688 -0.997761 0.0573688 0.00323067 -0.0348501 0.00976348 -0.0101526 0.168873
0.588973 9.58762 -0.152103 0.823521 0.000622834 -0.00936507 0.0427007 -0.999044 0.118031 -0.006008 -0.00627019 0.00112339 0.00158101 0.00985634
0.60622 9.64132 -0.157144 0.809343 0.00020022 -0.00979841 0.0374861 -0.999249 0.122446 -0.00145511 -0.00780173 0.000266608 0.00168448 0.0249416
0.668905 9.70456 -0.16143 0.772737 -0.000694781 -0.010492 0.0304463 -0.999481 0.12617 -0.00120282 -0.00961996 0.0141862 0.00660335 0.0229601
0.693466 9.76118 -0.164201 0.771851 -0.00110741 -0.0108439 0.0282274 -0.999542 0.130955 -0.00712321 -0.00936467 -0.00154795 0.000322306 -0.00134087
0.732205 9.87712 -0.171645 0.793651 -0.00124593 -0.0109878 0.0325544 -0.999409 0.136037 -0.011029 0.0101206 -0.000768493 0.00181607 -0.0193332
0.758617 9.95174 -0.178235 0.807464 7.80619e-05 -0.01124 0.037354 -0.999239 0.137938 -0.0109524 0.004624 -0.0190505 -0.00312692 -0.0141861
0.820327 10.0601 -0.184054 0.814373 0.000221814 -0.0115034 0.0329071 -0.999392 0.140387 -0.0003961 0.00413088 0.000626723 0.00112247 0.0288956
0.816137 10.1378 -0.18737 0.813807 -0.00125113 -0.0123325 0.0274498 -0.999546 0.146455 -0.00476573 -0.0111027 -0.00120314 -0.00175478 0.0114664
0.828055 10.2675 -0.195449 0.829458 -5.73987e-05 -0.0122037 0.0276046 -0.999544 0.151466 -0.00583446 0.010035 -0.000635976 0.00200239 -0.00138759
0.849205 10.3626 -0.20191 0.841806 -0.000289686 -0.0124752 0.0256754 -0.999592 0.154725 -0.0033272 0.00916958 0.000874214 0.000620725 0.0111487
0.861198 10.4472 -0.207691 0.842921 -0.000553308 -0.0127782 0.0229422 -0.999655 0.158013 -0.00419142 -0.000608101 -0.000659723 9.1984e-05 0.00953574
0.796093 10.5304 -0.213614 0.847206 -0.00047799 -0.01293 0.0209766 -0.999696 0.16045 -0.00493194 -0.00104144 -7.42478e-05 0.000604126 0.0055542
0.803436 10.6183 -0.219414 0.832686 -0.00106235 -0.0127629 0.0205292 -0.999707 0.163487 -0.0079976 0.00863894 -0.00117912 0.000474886 -0.00467425
0.796905 10.7122 -0.227137 0.816041 -0.000816952 -0.0128974 0.0225588 -0.999662 0.165802 -0.00986914 0.0100246 -0.000857592 0.0014377 -0.0107323
0.823645 10.8404 -0.236598 0.799684 -0.000848065 -0.0130208 0.0255914 -0.999587 0.17003 -0.0101244 0.0156629 0.00368607 -0.00294024 -0.00850778
0.847714 10.9362 -0.246536 0.813219 -0.000997686 -0.0129271 0.0281332 -0.99952 0.1713 -0.012814 0.0152214 -0.00049444 0.000243363 -0.0125485
0.826529 11.0333 -0.254584 0.827822 -0.000952695 -0.0130004 0.0313111 -0.999425 0.173876 -0.0132453 0.0075462 0.000897818 0.000481218 -0.0131163
0.788373 11.1308 -0.263691 0.833282 -0.00103857 -0.0129549 0.0345871 -0.999317 0.176062 -0.0148424 -0.00614749 -0.000377042 0.000299477 -0.0143192
0.681736 11.2674 -0.276558 0.839301 -0.00143038 -0.0125906 0.0395211 -0.999138 0.17753 -0.0170582 0.0190721 -0.000142627 0.00180807 -0.0164411
0.539403 11.4309 -0.292794 0.835006 -0.00155218 -0.012785 0.04805 -0.998762 0.178618 -0.0186563 0.0170656 0.0128193 -0.00699089 -0.0193479
0.422261 11.5773 -0.317745 0.851218 -0.00188994 -0.0125488 0.061412 -0.998032 0.175002 -0.0279985 0.0144676 -0.00075653 3.70622e-05 -0.0406558
0.365696 11.658 -0.335166 0.839715 0.000183771 0.00320299 0.0806224 -0.99674 0.110366 -0.0175616 0.0167718 -0.00170101 0.00614705 -0.127387
0.329741 11.723 -0.352139 0.859876 -0.000311995 -0.00261108 0.11658 -0.993178 0.0706813 -0.0119898 0.0023913 0.00204428 -0.00130468 -0.020718
0.320008 11.7519 -0.359652 0.885347 -0.00120686 -0.00202895 0.117657 -0.993051 0.0618474 -0.014859 0.0117952 -0.000326161 -0.00061542 0.00349945
0.318124 11.7707 -0.36805 0.904595 -0.00145315 -0.00173158 0.116833 -0.993149 0.0542858 -0.0183093 0.00529134 -0.000775809 -0.000226841 0.00241294
0.321158 11.7837 -0.381043 0.908041 -0.00145412 -0.00166419 0.116323 -0.993209 0.0478951 -0.0219205 -0.00307276 -0.000982238 -0.00084997 0.00045078
0.330315 11.7941 -0.394722 0.903174 -0.00129683 -0.00140637 0.116271 -0.993216 0.0436994 -0.0231185 -0.00169464 0.000529543 -0.00109647 0.00073406
0.337442 11.7989 -0.406376 0.916992 -0.00128621 -0.00153834 0.116037 -0.993243 0.0390677 -0.0233426 -0.00220717 0.000142191 -0.000739218 0.000436443
0.34418 11.8036 -0.416372 0.919155 -0.00132306 -0.00139171 0.115898 -0.993259 0.0343512 -0.0214441 -0.00241958 0.000486455 -0.000304877 5.2515e-05
0.351643 11.8107 -0.426402 0.913677 -0.00127271 -0.00123431 0.115971 -0.993251 0.0313216 -0.0206346 -0.00205569 0.000269842 -0.000210407 0.000402818
0.358968 11.8132 -0.435646 0.920292 -0.00128644 -0.00124928 0.115953 -0.993253 0.0261775 -0.0185282 -0.00195631 0.000542878 -0.000568556 0.000998499
0.367689 11.8149 -0.44641 0.923364 -0.00118495 -0.00125644 0.115752 -0.993277 0.022135 -0.0182094 -0.00178215 1.2325e-05 0.000147066 0.000645095
0.377118 11.8176 -0.456895 0.928535 -0.0010693 -0.00137416 0.115703 -0.993282 0.0203517 -0.0184071 -0.00197899 -0.000279213 -0.000584961 0.000164382
0.388217 11.8195 -0.469013 0.921423 -0.000890003 -0.0013889 0.115715 -0.993281 0.0177558 -0.0180582 -0.000799447 -0.00050605 5.06102e-05 4.3736e-05
0.40049 11.8227 -0.48256 0.928867 -0.000618643 -0.00143684 0.115757 -0.993276 0.0157219 -0.0173789 -0.000819685 0.000512217 -0.00050385 0.000427514
0.404717 11.8192 -0.481358 0.893584 0.00797103 0.0165496 0.124262 -0.992079 -0.0520687 0.0317748 -0.0508998 0.0137243 0.0354078 -0.0904366
0.391529 11.7813 -0.45618 0.862326 0.00552834 0.0107252 0.150932 -0.98847 -0.0905088 0.0591171 -0.0177242 0.00355484 0.0135024 -0.106952
0.386194 11.7228 -0.423708 0.860069 -0.000606167 -0.0016833 0.173337 -0.984861 -0.020603 0.00969725 0.000387888 -0.00411351 -0.0189993 -0.0164398
0.393266 11.6993 -0.414905 0.875601 8.19133e-05 0.000173261 0.17406 -0.984735 -0.00356172 -0.00387276 0.000770077 0.000536255 -0.00252566 0.00398908
0.394861 11.6874 -0.409044 0.868115 0.000264966 0.000418984 0.17354 -0.984827 -0.00193132 -0.00534789 -0.000344628 -0.000146626 -0.000161584 0.00267821
0.395809 11.6773 -0.403102 0.857945 0.000211215 0.000478928 0.173103 -0.984904 -0.00184116 -0.00459115 0.00101422 0.000753398 -2.42292e-05 0.00111057
0.397986 11.6673 -0.397309 0.869839 0.000144568 0.000427211 0.172961 -0.984929 -0.00298894 -0.00380333 7.47317e-05 0.000491862 0.000539013 0.000899938
0.399227 11.6595 -0.392499 0.86758 0.000147849 0.0004148 0.17304 -0.984915 -0.00415854 -0.00272437 0.000535399 0.000504788 0.000753812 0.00115276
0.39939 11.6512 -0.385825 0.87163 -3.31466e-05 0.000301763 0.172733 -0.984969 -0.00523821 -0.000796442 0.000756192 0.000546737 0.000492154 0.000865329
0.402837 11.6431 -0.383404 0.878807 -6.7018e-05 0.000209671 0.172671 -0.98498 -0.00701361 -0.000744902 0.000268554 -9.43722e-05 0.000887835 0.000316198
0.407972 11.6284 -0.376199 0.873986 0.00237379 0.0037689 0.189852 -0.981803 -0.0277478 0.0197065 -0.0234802 0.00260716 0.0136052 -0.140377
0.411006 11.6129 -0.364403 0.872533 0.00184906 0.00223057 0.228342 -0.973577 -0.0303216 0.0249136 -0.0245816 -0.000521902 0.00484212 -0.182323
0.416033 11.5935 -0.350233 0.864182 0.00172347 0.000969976 0.272661 -0.962108 -0.0249796 0.0252467 -0.0147339 0.000117985 0.00382307 -0.14515
0.416618 11.579 -0.333519 0.852253 0.000990071 7.7509e-05 0.305528 -0.952183 -0.01584 0.0221282 -0.00111207 0.00134367 0.00280504 -0.103519
0.418103 11.5706 -0.324354 0.849584 0.000627861 -0.000386276 0.331067 -0.943607 -0.0098983 0.0158956 -0.00327881 -0.000903212 0.00162017 -0.110683
0.41827 11.5655 -0.316191 0.832739 0.000549578 -0.000802047 0.356046 -0.934468 -0.00527887 0.0128844 0.0155297 0.000321685 0.00204202 -0.103461
0.41539 11.5644 -0.30852 0.831515 0.000149359 -0.00106821 0.378709 -0.925515 -0.00107735 0.0100551 0.0215856 0.00105406 0.000968941 -0.087751
0.410875 11.5662 -0.303824 0.833799 -0.000177816 -0.0010967 0.398726 -0.917069 0.00100348 0.00687676 0.0189689 0.000830785 0.000285512 -0.0751287
0.409028 11.567 -0.302918 0.845728 -0.000280011 -0.00119524 0.414439 -0.910076 0.000749484 0.00480999 0.00945991 -0.000354507 0.000343253 -0.0643901
0.409214 11.5711 -0.309254 0.859162 -0.00609277 -0.0105651 0.427125 -0.90411 0.0245425 -0.0359965 0.0179083 -0.0113824 -0.0187422 -0.0541573
0.408694 11.5924 -0.337461 0.858364 -0.00470439 -0.00928239 0.437033 -0.899385 0.0448983 -0.0603464 0.020467 0.000925855 -0.00084253 -0.029464
0.413427 11.6207 -0.377754 0.863977 -0.00465989 -0.00952525 0.442164 -0.896871 0.0529562 -0.0714552 0.0187059 -0.000710927 0.00134781 -0.0158018
0.42694 11.6611 -0.43255 0.87442 -0.00490221 -0.00974026 0.445308 -0.895311 0.0596105 -0.0791147 0.0172287 0.000135304 0.000707899 -0.00763677
0.450687 11.6982 -0.485415 0.888553 -0.00405469 -0.0101666 0.446392 -0.894771 0.0644422 -0.0812343 0.0347488 0.000996675 0.00268503 0.00464426
0.46849 11.7418 -0.545467 0.915857 -0.00442932 -0.010502 0.444182 -0.895864 0.0690026 -0.0839872 0.0197104 -0.00770658 -0.00055421 0.01678
0.40979 11.7833 -0.600454 0.92534 -0.00301558 -0.0105328 0.438854 -0.898492 0.0752136 -0.0815287 0.00177469 0.000974202 0.00178088 0.0420988
0.353182 11.8285 -0.653952 0.931933 0.00175679 0.00322876 0.42335 -0.905959 0.0354209 -0.035561 -0.00513572 0.000428246 0.0113568 0.106475
0.317371 11.858 -0.688215 0.936569 -0.000373079 -0.00189708 0.400496 -0.916297 0.0148712 -0.0119404 0.00574145 -0.000197141 -0.0030569 0.0494676
0.307025 11.8622 -0.693423 0.939594 -0.000827435 -0.0103099 0.406373 -0.913649 -0.0259678 0.0393524 0.00981099 0.0104637 -0.0125084 0.00720277
0.298705 11.8904 -0.704941 0.947658 0.000120781 -0.00373995 0.39954 -0.916708 0.00507551 0.0218013 0.00826017 0.00288121 -0.0040565 0.0286874
0.29424 11.9106 -0.710108 0.938776 0.000674364 -0.00420198 0.396059 -0.918215 0.0109488 0.015737 0.0084429 0.0011168 -0.00349541 0.008535
0.288245 11.932 -0.713567 0.952906 0.000276664 -0.00212054 0.395084 -0.918643 0.00885702 0.0113483 0.00946792 -0.00121521 5.5944e-05 0.00443915
0.281025 11.961 -0.719848 0.967236 0.000765599 -0.00189609 0.394183 -0.91903 0.0100599 0.00593834 0.00951672 -0.000481562 -0.00288932 0.00156857
0.279994 11.984 -0.722721 0.980194 0.00131955 -0.00178838 0.394568 -0.918864 0.0121965 0.00557676 0.0149544 -0.000217965 -0.00175365 -0.00143728
0.279579 12.011 -0.725013 0.985937 0.00167934 -0.001379 0.39534 -0.918532 0.0136605 0.00660132 0.0141313 -0.000731293 -0.0010483 -0.00129886
0.283656 12.0295 -0.72169 1.01302 0.00170723 -0.000821922 0.396002 -0.918248 0.00949742 0.00822963 0.0193746 -0.000493807 -0.000637874 -0.000545726
0.294822 12.0487 -0.713645 1.03358 0.00193105 -0.000801145 0.396278 -0.918128 0.0112875 0.00993754 0.0176061 -0.000138129 -0.00143889 -0.000219172
0.302536 12.0594 -0.706753 1.03327 0.00179573 -0.000810157 0.396414 -0.91807 0.0108295 0.00971841 0.0201228 -0.000959192 -0.00129204 -0.000503901
0.310732 12.0729 -0.696358 1.02503 0.00204081 -0.000817623 0.396589 -0.917993 0.0114776 0.00968861 0.0194528 -8.03612e-05 -0.000619279 -0.000271956
0.317928 12.0839 -0.688383 1.02434 0.00207811 -0.00113405 0.396758 -0.91792 0.0140705 0.00944569 0.0184693 -0.000204919 -0.00184876 -0.000209515
0.32418 12.0952 -0.678785 1.02285 0.00227291 -0.000391393 0.396995 -0.917818 0.0136459 0.0111486 -0.00409144 7.39626e-06 0.000521609 0.000533415
0.338723 12.1114 -0.661343 1.01612 0.00206704 -0.000354967 0.397088 -0.917778 0.0139962 0.0139689 -0.00390332 -2.50847e-05 -0.000584493 0.00102814
0.35161 12.1208 -0.648557 1.02968 0.00185475 -0.000379975 0.397042 -0.917798 0.0135847 0.013832 -0.00216457 -0.000336631 -0.000803256 0.00076809
0.362768 12.1309 -0.635126 1.04507 0.00179647 -0.000451034 0.397015 -0.91781 0.0140612 0.0127173 -0.00198603 -0.000248661 -0.00111229 0.000432893
0.374852 12.1398 -0.623075 1.05388 0.00165344 -0.000335524 0.397004 -0.917815 0.0142012 0.0119834 0.000100137 -0.000103832 -0.000619691 0.000150173
0.386924 12.1477 -0.611524 1.05372 0.00144365 -0.00027649 0.397057 -0.917793 0.0139958 0.0113417 0.00011426 -0.00032833 -0.000600703 0.000329409
0.397884 12.1529 -0.600332 1.0596 0.00132448 -0.00038242 0.396993 -0.91782 0.013089 0.0101505 0.000604236 -0.000246269 -0.000540674 0.000314926
0.409182 12.1562 -0.589438 1.05959 0.00112499 -0.00039006 0.396997 -0.917819 0.0119117 0.00972986 -0.000539058 -0.000229873 -3.70548e-05 -0.00013601
0.419825 12.1411 -0.579006 1.01077 -0.00677831 0.0204949 0.372499 -0.927782 -0.0983766 0.00759649 -0.0960461 -0.0299648 0.0416739 0.269711
0.430948 12.0855 -0.571628 0.979301 -0.00459185 0.0140617 0.289542 -0.957051 -0.148877 0.00432745 -0.0641438 -0.00696848 0.0152056 0.411323
0.434034 11.9948 -0.567114 0.954971 -0.00299527 0.00991245 0.185035 -0.982677 -0.149622 -0.00657032 -0.0352849 -0.0043417 0.0163732 0.332901
0.433964 11.9045 -0.56738 0.944097 -0.00182267 0.00586997 0.107311 -0.994207 -0.121476 -0.0162221 -0.0241151 -0.00308163 0.0131393 0.232289
0.430035 11.8214 -0.571579 0.932669 -0.00139448 0.00228223 0.0460599 -0.998935 -0.081309 -0.02202 -0.00818525 -0.000201588 0.0100646 0.139191
0.424853 11.7744 -0.577918 0.915406 0.00182815 -0.00823973 0.0200797 -0.999763 -0.0413106 -0.0219558 -0.0118361 -0.0288299 0.114756 0.0643097
0.425625 11.764 -0.576612 0.901234 0.000780947 -0.00319885 0.00733435 -0.999968 0.0258145 -0.00867073 0.00396187 0.0200772 -0.153828 0.047373
0.427669 11.7692 -0.573059 0.916632 0.00221993 -0.0103831 -0.00637905 -0.999923 0.0349916 -0.00344131 0.0205062 0.00147395 -0.0154948 0.0489506
0.442138 11.8207 -0.557315 0.930463 0.00180142 -0.0102209 -0.0253575 -0.999625 0.059875 0.00124004 0.0131901 -0.000328422 0.00179827 0.0358452
0.455963 11.878 -0.540214 0.927953 0.00187029 -0.0107656 -0.0336949 -0.999372 0.0696105 0.00316993 0.0147732 -0.000537379 0.00256388 0.0234383
0.430671 11.9486 -0.517893 0.936396 0.00161959 -0.0115335 -0.0397836 -0.999141 0.078925 0.00663494 0.0152177 0.000891863 0.00162652 0.0154016
0.401767 12.0305 -0.496289 0.963377 0.00169119 -0.0119667 -0.0433893 -0.998985 0.0881106 0.0084401 0.0139026 -0.000392828 0.00270391 0.00982599
0.382448 12.101 -0.476685 0.976127 0.00113554 -0.00803949 -0.0458364 -0.998916 0.0939992 0.0111378 -0.000477355 0.0117625 -0.15317 0.00158665
0.359702 12.1797 -0.455439 0.964836 -7.68172e-05 -0.00168446 -0.0410899 -0.999154 0.0290062 -0.000759025 -0.000854242 -0.00236629 0.0115014 -0.020101
0.353234 12.224 -0.445539 0.961247 -0.000271693 -0.00238661 -0.0386633 -0.999249 0.0159147 -0.00468908 0.00728576 0.000239894 0.00120971 -0.0055184
0.351893 12.2645 -0.43585 0.945578 -0.000526568 -0.00254168 -0.0385099 -0.999255 0.0140968 -0.00623062 0.008064 -1.76601e-05 -0.000725134 -0.00263553
0.356217 12.2935 -0.431193 0.937814 -0.000703255 -0.00251734 -0.0383577 -0.999261 0.0160472 -0.00696134 0.000983176 0.000329611 -0.00216944 -0.00248539
0.373197 12.3425 -0.428319 0.934135 -0.000705083 -0.00226258 -0.0382645 -0.999265 0.0235672 -0.00629036 0.00530377 0.00101862 -0.00200455 -0.00289537
0.385206 12.371 -0.42712 0.938014 -0.000647987 -0.00172281 -0.0382045 -0.999268 0.024422 -0.0041059 -0.000503595 0.00129736 -0.000911361 -0.00252471
0.3966 12.3892 -0.429059 0.938276 -0.000548839 -0.00160182 -0.0381402 -0.999271 0.0249288 -0.00309671 -0.000413857 0.000116716 -0.00115116 -0.00269585
0.410978 12.4107 -0.431823 0.938892 -0.000502685 -0.00120241 -0.0379406 -0.999279 0.0260132 -0.00100655 -0.00079885 0.000789016 -0.00106295 -0.00218088
0.417239 12.4115 -0.435341 0.957818 -0.00295977 0.0177821 -0.0322377 -0.999318 -0.0709572 -0.0131381 0.00154286 -0.000330591 0.348974 -0.0562938
0.427931 12.4175 -0.45268 0.968414 -0.000888232 -0.0113917 -0.00850713 -0.999899 0.0696583 -0.00883338 -0.0148135 0.000412192 -0.00242004 -0.0538936
0.459783 12.4629 -0.462563 0.961141 0.000473492 -0.012268 0.00162329 -0.999923 0.0888124 -0.00405267 -0.0304755 0.00115455 -0.000488752 -0.025197
0.531196 12.5704 -0.467321 0.930051 -8.57385e-05 -0.0127747 0.00376713 -0.999911 0.0977461 0.000467877 -0.0280646 0.000219291 0.0021163 0.00247838
0.567543 12.6628 -0.468086 0.925903 0.00149481 -0.0123434 -0.000813097 -0.999922 0.0963476 0.0093673 -0.000354255 0.00236662 0.00424668 0.0343781
0.55715 12.7512 -0.463451 0.905062 0.000946805 -0.013515 -0.0121066 -0.999835 0.0962632 0.0130488 -0.0016403 0.000565383 0.00129298 0.0453393
0.563458 12.8514 -0.458991 0.8943 -0.000222228 0.00220351 -0.0270069 -0.999633 0.0554739 0.00814528 0.00445016 -0.00175563 -0.0126924 0.0842324
0.583716 12.9155 -0.456183 0.903528 -0.000279808 0.0026922 -0.0568778 -0.998377 -0.0120316 0.0022678 -0.00384627 -0.000543239 -0.00794439 0.120852
0.599166 12.9637 -0.45512 0.909731 0.00249806 -0.0204934 -0.0970467 -0.995066 -0.00194838 0.00930704 0.0121698 0.00294884 0.0396796 0.0682087
0.628919 13.0289 -0.443631 0.915177 0.00107477 -0.0117313 -0.1124 -0.993593 0.0874965 0.0281147 0.00328959 0.0146433 -0.112855 0.043957
0.667066 13.0982 -0.434253 0.910707 -0.00072503 0.00203661 -0.126715 -0.991937 0.0291442 0.00746069 0.00204199 -0.00307647 0.000530934 0.0566741
0.668587 13.1355 -0.433498 0.898885 -0.000153747 0.00349984 -0.143692 -0.989616 -0.00535841 -0.000390659 0.013031 -0.00304083 -0.0053475 0.0624436
0.670137 13.1696 -0.429433 0.902008 0.00286635 -0.014541 -0.159888 -0.987024 0.0687172 0.0280018 0.0153155 -0.000249654 -0.0414211 0.0541346
0.686836 13.2327 -0.410182 0.892288 0.0023972 -0.0109649 -0.173624 -0.984748 0.108372 0.0426781 0.000327072 -0.00789507 -0.00619761 0.0441139
0.708316 13.2951 -0.387881 0.883443 0.00277326 -0.0100254 -0.184658 -0.982748 0.117936 0.0505634 -0.00399029 9.82364e-05 -1.07175e-05 0.0494257
0.740069 13.3735 -0.356875 0.895417 0.00268104 -0.00999888 -0.198273 -0.980092 0.126936 0.0563274 -0.00395581 -0.000743626 -0.000765448 0.0466816
0.772932 13.4528 -0.323177 0.929613 0.00174501 -0.010855 -0.207957 -0.978076 0.138573 0.0568733 0.030722 -0.00184939 -0.000862799 0.019528
0.777305 13.5336 -0.288431 0.941629 0.00328716 -0.00940454 -0.213586 -0.976873 0.138485 0.0632925 0.0180059 0.00191654 0.00165756 0.0297542
0.711576 13.5981 -0.25929 0.949037 0.00385865 -0.0094465 -0.225376 -0.974218 0.103676 0.0476394 -0.0225482 -0.00522687 0.0896919 0.0519235
0.63276 13.6798 -0.208776 0.921167 0.00314786 -0.00947457 -0.2455 -0.969345 0.136282 0.0738499 -0.0193197 -0.000237016 -0.000473589 0.0425395
0.575945 13.7356 -0.172144 0.911631 -0.000596058 0.00259883 -0.257745 -0.966209 0.123111 0.0673163 0.00496959 -0.00236519 -0.0888551 0.0847601
0.540485 13.7636 -0.152763 0.918421 -0.000849792 0.00341046 -0.302761 -0.95306 0.060091 0.0290633 -0.00057614 0.000103714 0.00129997 0.22506
0.53761 13.7611 -0.151274 0.923507 -0.000970709 0.00271198 -0.388033 -0.921641 0.0275805 0.00413202 -0.00564933 8.25631e-06 0.00176967 0.104943
0.541112 13.7591 -0.148717 0.914953 -0.00158457 0.00255625 -0.412752 -0.910839 0.0584191 0.036575 0.00157223 -0.00154731 -0.0184418 0.0579949
0.544417 13.7563 -0.148947 0.901196 0.00725713 -0.0101873 -0.43427 -0.900696 0.0567281 0.0408404 -0.0456545 0.00133153 0.0256603 0.0574489
0.583 13.7612 -0.129673 0.869242 0.00498622 -0.00794371 -0.44569 -0.895138 0.0772822 0.075669 -0.0671522 -0.000315408 -0.00186148 0.0380159
0.590041 13.7746 -0.0902315 0.83207 0.00496793 -0.0080214 -0.453974 -0.890965 0.0803964 0.0870022 -0.0687475 -0.000315157 0.000649992 0.0230046
0.609695 13.7958 -0.0353282 0.787174 0.00495403 -0.00830381 -0.459494 -0.888128 0.0797017 0.0945074 -0.0688184 0.000782652 0.00128033 0.0171677
0.590379 13.814 0.00799139 0.784417 -0.00248972 0.00298255 -0.457282 -0.889313 0.0476834 0.04416 0.0036869 -6.61171e-05 0.0181471 -0.0545547
0.585258 13.82 0.024679 0.782792 -0.00183544 0.00166106 -0.438243 -0.898853 0.024901 0.0065059 0.00370826 0.00048593 0.00214317 -0.0908268
0.588136 13.8166 0.0250032 0.782404 -0.00111954 0.00136174 -0.42669 -0.904397 0.011736 -0.00670847 0.00656704 0.000539325 0.000990026 0.04174
0.590984 13.8135 0.0198433 0.789 -0.00154303 0.00118988 -0.449794 -0.89313 0.0081814 -0.00858215 -0.00214399 0.00091016 0.00027293 0.107664
0.586952 13.8206 0.0195884 0.779133 0.00362321 -0.0123839 -0.464747 -0.885349 0.0570431 0.0472624 0.00121784 -0.00181292 -0.0359586 0.00116545
0.561798 13.8492 0.0452968 0.775997 0.00307602 -0.00954724 -0.455022 -0.890424 0.0767351 0.0716092 5.54988e-05 -0.000303219 -0.000697283 -0.0607369
0.527657 13.894 0.0866598 0.778294 0.00296168 -0.0095991 -0.438983 -0.89844 0.0828863 0.0787256 -0.00123457 -0.000282807 0.00235321 -0.0582705
0.495691 13.9384 0.127595 0.775545 0.00331014 -0.0101202 -0.426638 -0.90436 0.0854015 0.0817971 -0.00153934 0.000163386 0.00226858 -0.0480009
0.469326 13.9865 0.178249 0.759762 0.00473826 -0.0105891 -0.418516 -0.908135 0.085444 0.0926725 -0.0402279 0.00223269 -0.000682793 -0.0164286
0.452954 14.0413 0.240056 0.748511 0.00449994 -0.0109258 -0.417196 -0.90874 0.086552 0.0991745 -0.040975 0.000745681 0.000790297 0.000876529
0.44697 14.093 0.295805 0.750088 -0.000833818 0.00402004 -0.431291 -0.902204 0.0487045 0.0612009 -0.00249676 0.00165422 0.00975841 0.182944
0.44936 14.1204 0.325053 0.750837 -0.00104069 0.00289386 -0.4971 -0.867688 0.00894639 0.0171438 -0.00351906 -0.000157947 -0.00245689 0.318414
0.449287 14.1318 0.334678 0.751712 -0.000921545 0.00330773 -0.567045 -0.82368 -0.00843762 -0.00677226 -0.00490813 -0.000197553 -0.000164666 0.243301
0.447048 14.1327 0.331686 0.751812 -0.000427423 0.00356224 -0.607138 -0.794589 -0.0141001 -0.016214 -0.00646611 -0.00178873 0.000548538 0.15815
0.443666 14.1239 0.320536 0.748568 0.00304179 -0.0020905 -0.635608 -0.772003 -0.0171399 -0.0172779 0.0509817 0.0271377 0.195927 0.102338
0.454961 14.1204 0.336263 0.744662 0.00696463 -0.0085746 -0.650584 -0.759354 0.0150642 0.0782791 0.0501837 -0.00473737 -0.0203129 0.0498734
0.484224 14.1251 0.386543 0.766382 0.00647045 -0.00613187 -0.659966 -0.751243 0.0220855 0.107813 0.0588445 -0.00273672 -0.00439341 0.0349315
0.531897 14.1265 0.43832 0.806015 0.00656447 -0.00618865 -0.667489 -0.744565 0.0193825 0.115449 0.0573321 0.000168402 0.00145405 0.0399714
0.514147 14.1255 0.496975 0.842554 0.00174058 -0.00256772 -0.675547 -0.73731 0.0173237 0.11578 -0.00281047 0.023764 -0.134838 0.0063758
0.468484 14.1264 0.535292 0.843225 -0.00274763 0.00139774 -0.65203 -0.758187 0.021343 0.0377826 -0.00266325 -0.0037343 0.00524101 -0.202867
0.457632 14.1312 0.543316 0.84772 -0.00210888 0.00129205 -0.604566 -0.796551 0.0189323 0.00879496 -0.0121482 0.00308901 0.000159629 -0.227694
0.460219 14.1354 0.539378 0.837855 -0.00250106 0.000811462 -0.540265 -0.841491 0.019664 -0.00247661 -0.0013831 -0.00472653 1.13532e-05 -0.39312
0.469324 14.1363 0.52859 0.840179 -0.00179661 0.00110494 -0.437724 -0.899107 0.0117244 -0.00465612 -0.00398566 -0.00115805 0.00151506 -0.38918
0.485821 14.1348 0.512151 0.845025 -0.00174368 0.000410857 -0.325636 -0.945493 0.00516916 -0.00254672 -0.0096481 -0.00291078 0.00198255 -0.402644
0.508017 14.1327 0.489973 0.830883 -0.000584274 8.67729e-05 -0.201756 -0.979436 -0.000622982 0.00429013 0.00380511 -0.00352611 0.00161818 -0.338069
0.524692 14.1294 0.472969 0.835746 0.00031143 -0.000366192 -0.116176 -0.993229 -0.00473088 0.0144064 0.00287764 -0.00227803 0.00131403 -0.225785
0.535501 14.1307 0.46366 0.83155 0.000567308 -0.000356397 -0.0595717 -0.998224 -0.00555034 0.021408 0.00471154 -0.0029728 0.000112931 -0.165365
0.476727 14.1446 0.45902 0.846728 -0.00123222 -0.0116815 -0.0253325 -0.99961 0.0578626 0.0185661 0.016986 -0.000154011 -0.0231162 -0.0577492
0.399423 14.2549 0.437999 0.856678 0.00136958 -0.00966247 -0.0153946 -0.999834 0.0964171 0.0257306 0.010072 0.00361027 0.00201798 0.0421429
0.371483 14.3159 0.433767 0.860549 -0.000270463 0.000453587 -0.0266824 -0.999644 0.0368412 0.0189783 0.000311873 -0.00148096 0.0219528 0.0203315
0.336582 14.3735 0.419543 0.869096 0.000609266 -0.00160781 -0.0292221 -0.999572 0.0139309 0.0170339 0.000313171 -0.000283774 -0.000370107 0.00409395
0.33454 14.3934 0.418628 0.859663 0.00124994 -0.00167562 -0.0296812 -0.999557 0.0141909 0.0197282 -4.76353e-06 0.000184516 -0.00104927 0.00326617
0.333525 14.4131 0.419654 0.844337 0.00126533 -0.00162762 -0.0299903 -0.999548 0.0166314 0.0204222 -0.000544484 -0.000543657 -0.00168749 0.00323589
0.339477 14.4315 0.418894 0.826229 0.00149965 -0.00143495 -0.0302031 -0.999542 0.0169909 0.0190305 0.000406293 -0.000761998 -0.000544842 0.0025748
0.339414 14.4471 0.42218 0.835801 0.00146752 -0.00141985 -0.0303618 -0.999537 0.0182314 0.0177333 -0.00224653 -0.000999716 -0.000736589 0.00308067
0.337458 14.459 0.424105 0.851874 0.00165541 -0.0012763 -0.0305936 -0.99953 0.0187264 0.0164312 0.000878164 -0.000881549 -0.000368437 0.00220372
0.337377 14.4707 0.431214 0.877675 0.00180594 -0.00122456 -0.0305375 -0.999531 0.018264 0.016746 0.000359473 -0.000283609 -0.00050205 0.00257627
0.347066 14.483 0.442361 0.884913 0.00181191 -0.00124465 -0.0306159 -0.999529 0.0196235 0.0171723 0.0026618 -5.60351e-05 -0.00106069 0.00267749
0.373786 14.5038 0.468856 0.89509 0.00175482 -0.000972532 -0.0308541 -0.999522 0.0186308 0.0170961 0.00260382 -0.000380426 -0.000198806 0.00195774
0.385615 14.5075 0.482943 0.898908 0.00141199 -0.000294426 -0.0309853 -0.999519 0.0124222 0.0159477 0.00248887 0.000122718 0.00193692 0.00140838
0.411374 14.5113 0.509775 0.917787 0.00125144 -0.000349135 -0.0307528 -0.999526 0.0091373 0.0140734 0.00183548 -0.000371248 -0.000219303 0.00252725
0.417982 14.5127 0.517164 0.920945 0.000629638 -0.00038084 -0.0407803 -0.999168 0.00872708 0.0105543 -0.00735416 0.00193375 -0.000593928 0.0915172
0.424438 14.5146 0.522413 0.908694 2.26299e-05 -0.000130194 -0.0783253 -0.996928 0.00793573 0.00466167 0.00772106 0.00101909 -0.000745237 0.124113
0.439161 14.5676 0.539746 0.904665 0.0016743 -0.010479 -0.114254 -0.993395 0.0999829 0.0238249 -0.00145449 -0.000699049 -0.00157392 0.00347715
0.44919 14.6334 0.555444 0.918497 0.00107049 -0.00991595 -0.113833 -0.99345 0.112346 0.0258684 0.0187354 0.000165418 0.00152908 -0.0070928
0.417328 14.7775 0.586773 0.971775 0.00141583 -0.0106414 -0.107001 -0.994201 0.122856 0.0257101 0.00926447 -0.00168818 -0.0342074 -0.0111453
0.396828 14.8595 0.604658 0.976637 -0.000162169 0.00358769 -0.0596558 -0.998213 0.00572222 0.000658077 -0.00827931 0.00121173 0.00111763 -0.121146
0.392933 14.8661 0.608187 0.9666 0.000503264 -0.00184382 -0.0345135 -0.999402 0.0181435 0.0026116 0.00114331 0.00135553 -0.0106381 -0.0273488
0.38904 14.8772 0.612637 0.955338 -7.73021e-05 -0.000887092 -0.0326323 -0.999467 0.024227 0.00351093 -0.000402588 0.000701573 -0.00144593 0.00428234
0.383115 14.8897 0.619104 0.947908 -0.000511793 -0.000319377 -0.0337947 -0.999429 0.0226379 0.00294041 0.000114551 0.000485148 -0.000669665 0.00152786
0.385544 14.8943 0.615749 0.945082 -0.000701529 -0.00014755 -0.033941 -0.999424 0.021911 0.000612391 -0.000109165 -0.000210434 -0.000503758 0.00182559
0.389381 14.8941 0.612254 0.938719 -0.000748655 -7.02202e-05 -0.034155 -0.999416 0.0197483 0.000102243 -3.69451e-05 0.000239719 -0.000210925 0.00129812
0.395732 14.8958 0.606143 0.936814 -0.000716793 9.03475e-05 -0.0343046 -0.999411 0.0190324 -0.000732772 -0.00166993 0.000277336 -0.000243137 0.00043061
0.401129 14.8927 0.599789 0.942935 -0.000721231 0.000103342 -0.0342329 -0.999414 0.0163549 -0.000567548 -6.96491e-05 0.000375345 0.00045313 0.00125414
0.410918 14.8787 0.588628 0.965022 -0.00277653 0.00653188 0.010578 -0.999919 -0.0270069 -0.0131221 0.0079443 -0.00933085 0.0184989 -0.366707
0.428083 14.8405 0.569298 0.968459 -0.000298663 0.00376581 0.151533 -0.988445 -0.0400247 -0.00920253 -0.00109198 -0.00995238 0.00627803 -0.460065
0.44423 14.7947 0.557853 0.966748 0.00100445 0.00146679 0.283688 -0.958915 -0.0312141 0.00819478 0.00247186 -0.00434206 0.0059892 -0.335044
0.441775 14.7632 0.559546 0.97289 0.00147848 -8.976e-05 0.372539 -0.928015 -0.0145798 0.0184136 -0.00536389 -0.00565905 0.00386063 -0.220036
0.43642 14.7481 0.56452 0.965583 0.00142239 -0.000812602 0.418571 -0.908183 -0.000648294 0.0218752 0.00581718 -0.000120326 0.00181358 -0.109473
0.432608 14.7446 0.568123 0.957398 0.00159385 -0.00106302 0.4445 -0.895777 0.00669431 0.0204233 0.0145904 -0.00717772 0.000854355 -0.0489728
0.429138 14.7452 0.571649 0.961965 0.00159432 -0.0013959 0.430574 -0.902553 0.0116681 0.0209018 0.0096507 0.00309219 0.000414964 0.136012
0.42416 14.7526 0.576892 0.966092 0.00069897 -0.00104387 0.384004 -0.923331 0.008694 0.0166041 0.00366434 0.00118924 -0.000301886 0.139097
0.420332 14.7595 0.580701 0.968944 0.000382053 -0.00082893 0.352549 -0.935793 0.0046283 0.0136692 0.00121049 0.00138212 0.000191876 0.10941
0.417422 14.7656 0.583685 0.975393 9.21468e-05 -0.000796447 0.323945 -0.946076 0.000248535 0.0104115 -0.00393881 0.000485979 -2.68526e-05 0.0813604
0.424425 14.7911 0.573397 0.990346 -0.00265787 -0.0106814 0.304474 -0.952457 0.0586758 -0.0304372 0.0107081 -0.00100315 -0.0138562 0.0397246
0.456585 14.8429 0.536397 0.990231 -0.00258751 -0.0101431 0.296848 -0.954867 0.0803057 -0.0488635 0.0100139 -0.000850488 -0.000112895 0.0156472
0.535789 15.0111 0.41552 0.984093 -0.00257724 -0.00908633 0.29855 -0.954347 0.0967269 -0.0686194 0.00279078 -0.00353743 -0.111627 -0.0100478
0.553541 15.0775 0.37395 0.980912 0.000954743 0.00357675 0.324232 -0.94597 0.01263 -0.00893253 0.00494037 0.000162659 -0.00218278 -0.116154
0.551302 15.0764 0.368729 0.995246 0.00218365 0.00244734 0.377246 -0.926107 -0.0272917 0.024904 -0.00753486 -0.0014679 0.00106817 0.120566
0.547262 15.0625 0.37792 0.991975 0.00139011 0.0023365 0.31403 -0.949409 -0.0231362 0.0256395 -0.00755977 0.00247356 0.000127154 0.230935
0.545874 15.0456 0.39173 0.993618 0.00103455 0.00177263 0.245573 -0.969376 -0.0219182 0.0189897 -0.00635905 0.000600446 0.00157286 0.177194
0.54693 15.0311 0.406765 0.991519 0.000647756 0.00116883 0.194285 -0.980944 -0.0168885 0.0119945 -0.0040367 0.00177608 0.000723583 0.127582
0.548063 15.0199 0.417006 1.00054 0.000378612 0.000993051 0.15482 -0.987942 -0.0124736 0.0035856 -0.0136688 -1.19018e-05 0.00139078 0.0931791
0.545351 15.0098 0.424028 1.00313 0.000235561 0.000544244 0.129119 -0.991629 -0.00858779 -0.000755913 -0.0165222 0.0011152 0.00067567 0.0699291
0.548928 15.0156 0.429708 1.00459 0.000442488 -0.010047 0.107322 -0.994173 0.0670998 -0.010367 -0.000900915 0.000148443 -0.0138363 0.0511213
0.571301 15.0675 0.429274 0.99485 -0.00138966 -0.00990677 0.0945384 -0.995471 0.0967264 -0.0204328 -0.0110295 -0.00281792 -0.00315894 0.011116
0.578979 15.1313 0.423121 0.995821 -0.000900657 -0.00992074 0.0955659 -0.995373 0.106832 -0.0249539 -0.0119385 0.000303335 0.00174257 -0.01147
0.588353 15.2109 0.414663 0.990519 -0.00127681 -0.0102393 0.100433 -0.99489 0.112086 -0.0274143 -0.00540454 0.000178251 0.00139287 -0.0188427
0.619113 15.4218 0.381389 0.992487 -0.000761329 -0.0111709 0.106606 -0.994238 0.129465 -0.0250952 0.015179 0.000624426 0.000957771 0.00626085
0.633844 15.5322 0.365392 0.982623 -0.000399532 -0.0113829 0.102314 -0.994687 0.134164 -0.0217697 -0.00554015 0.00107364 0.00123943 0.0171389
0.645222 15.6438 0.352951 0.975553 1.13757e-05 -0.0112561 0.0959969 -0.995318 0.14125 -0.0198575 -0.000295569 -0.00765305 -0.0057923 0.0204149
0.657259 15.7608 0.341515 0.965349 -0.000258024 -0.0115537 0.0854401 -0.996276 0.145029 -0.0143461 -0.00112574 0.000473269 0.000437616 0.0327651
0.675905 15.8756 0.330932 0.964432 -0.00047028 -0.0119908 0.0740675 -0.997181 0.149847 -0.013384 0.000130765 0.000188147 0.000359034 0.0277746
0.722071 16.0244 0.318243 0.971767 -0.00064245 -0.0120719 0.0640863 -0.997871 0.158532 -0.0128587 0.000197967 0.000171167 0.000751956 0.017813
0.867094 16.2841 0.289333 0.961758 -0.000585323 -0.0124622 0.0557432 -0.998367 0.166412 -0.014652 -0.0163373 1.46679e-05 0.000158324 0.00660614
0.948895 16.4217 0.27442 0.941514 -0.000784967 -0.0126554 0.0520479 -0.998564 0.170344 -0.0131147 -0.0153778 0.000355893 -0.000461319 0.0100296
0.938134 16.5716 0.259272 0.928114 -0.000872893 -0.0127146 0.0482176 -0.998756 0.174892 -0.0133855 0.00330057 -0.00059239 0.00126798 0.00660939
0.932404 16.7153 0.243579 0.928849 -0.000889364 -0.012807 0.0455991 -0.998877 0.178139 -0.0134135 0.00355051 -0.000100265 0.000513468 0.00453664
0.938079 16.8512 0.226738 0.931464 -0.000836074 -0.0128887 0.04366 -0.998963 0.18091 -0.0139176 0.00403004 0.000603742 -0.00010753 0.00388023
0.947787 16.99 0.211618 0.946946 -0.000846058 -0.012962 0.0421119 -0.999029 0.182836 -0.0144939 0.00372263 -0.000556726 0.000328204 0.00392671
0.964091 17.1369 0.191453 0.956796 -0.000653921 -0.0129854 0.0404947 -0.999095 0.184751 -0.0157354 0.00356722 -4.12276e-05 0.000320324 0.00332552
0.962644 17.2824 0.180556 0.953275 -0.000827553 -0.013075 0.0388191 -0.99916 0.186536 -0.0139076 0.00323149 0.000527072 0.000227049 0.00216061
0.952779 17.5516 0.161052 0.937004 -0.0008813 -0.0130603 0.037131 -0.999225 0.190084 -0.0126967 0.0031944 9.10127e-05 0.000167278 0.00300468
0.959261 17.6929 0.147663 0.944781 -0.000879733 -0.0132499 0.0358426 -0.999269 0.189205 -0.012893 0.0024849 0.000134776 0.000555328 0.00150746
0.958085 17.8668 0.128956 0.952601 -0.000812421 -0.0132387 0.0348584 -0.999304 0.191106 -0.0134197 0.00463867 0.000144671 -6.31162e-05 0.00188657
0.953922 18.0113 0.113011 0.950242 -0.000739937 -0.0133796 0.0338109 -0.999339 0.190371 -0.0143763 0.00515046 -0.000843284 0.00125362 0.00135144
0.940243 18.1636 0.0976531 0.928921 -0.000660693 -0.0133322 0.0327424 -0.999375 0.18993 -0.0138063 0.00547637 0.000373615 -0.00140294 0.00166379
0.895697 18.4471 0.0758477 0.899654 -0.000583865 -0.0118756 0.0308096 -0.999455 0.179488 -0.0123269 0.00891864 2.40167e-05 -0.00162021 0.00198173
0.930072 18.5971 0.0654694 0.925927 -0.000597581 -0.0111695 0.029644 -0.999498 0.17106 -0.011144 0.00361061 -0.000148937 -0.00189583 0.00242888
0.95175 18.8466 0.0468805 0.947508 -0.000515655 -0.00988272 0.0271289 -0.999583 0.153507 -0.00967217 0.0079793 -0.000270771 -0.00100411 0.00285198
0.967617 18.9621 0.0406195 0.962128 -0.000549871 -0.00931164 0.0258907 -0.999621 0.144994 -0.00829162 0.00568685 0.000445826 -0.00205626 0.00155645
0.980527 19.0834 0.0307283 0.975226 -0.000432913 -0.00841378 0.0246908 -0.99966 0.137397 -0.00792467 0.00408295 0.000204321 -0.00198719 0.00297708
0.98461 19.1942 0.0198016 0.976339 -0.000312771 -0.00786594 0.0230755 -0.999703 0.125318 -0.00778469 0.0033111 9.72669e-05 -0.00112555 0.00395252
0.973333 19.3662 0.00861671 0.966472 -0.000304686 -0.00688841 0.0192037 -0.999792 0.108098 -0.006137 0.0030706 -0.000440299 -0.000941726 0.00513277
0.978374 19.4559 0.00104233 0.971408 -0.000204172 -0.00629035 0.0164508 -0.999845 0.0988687 -0.00556156 0.00386616 0.000230846 -0.000468415 0.00529779
0.976232 19.535 -0.00431279 0.965044 -0.000152081 -0.00577973 0.0132558 -0.999895 0.0904163 -0.0049069 0.00312517 -0.000313915 -0.000565121 0.00817853
0.958557 19.6584 -0.0123481 0.952259 -8.38103e-05 -0.00503135 0.00627057 -0.999968 0.0762109 -0.00424907 0.00391419 -0.000124083 -0.000498561 0.00817228
0.983279 19.8058 -0.0150556 0.984775 0.000780715 -0.0131343 7.74659e-05 -0.999914 0.163057 0.00349443 0.0175363 0.00107136 -0.02442 -0.0018884
1.00528 19.9434 -0.0116784 0.999918 0.000652264 -0.00508355 0.00160883 -0.999986 0.123515 0.00393326 0.00184279 0.000617512 -0.0134607 -0.00254172
1.01417 20.0561 -0.00332972 1.00888 0.000245036 0.000101441 0.00234012 -0.999997 0.0448049 0.0021216 -0.00698969 0.000864713 -0.00457209 -0.00128797
1.02306 20.0806 0.00128792 1.01475 1.00589e-06 0.00117618 0.00260156 -0.999996 0.00801011 0.00025665 -0.0128387 0.000830436 -0.00103449 -0.00148455
1.02216 20.0818 0.00333935 1.01338 -0.000115881 0.00156526 0.00281663 -0.999995 -0.00786518 -0.00202209 -0.0125421 -0.000613553 -0.000603671 -0.000735296
1.00934 20.074 -0.00178514 0.99708 0.000308183 0.00191037 0.00285191 -0.999994 -0.0132423 -0.00204421 0.000621987 -0.000202377 0.000797196 -0.000480836
0.986078 20.053 -0.00146256 0.979783 0.000300869 0.00117552 0.00287973 -0.999995 -0.0141217 9.53754e-05 0.0219459 0.000890563 0.00175853 -0.00115688
1.00786 20.023 0.00186939 0.993668 5.91931e-05 0.000182458 0.00307213 -0.999995 -0.00468623 -0.000932086 0.00121675 2.30809e-05 -0.000533098 -0.000404565
1.00476 20.0176 0.00178247 0.997888 4.29003e-05 0.000270064 0.00284715 -0.999996 -0.00242036 -0.000903503 0.00447531 8.71074e-05 0.00033256 -0.000232539
1.01302 20.0087 0.000587585 1.00604 8.36874e-05 -0.000138226 0.0029542 -0.999996 -0.00213129 -0.0009025 -0.00248169 -0.0003433 0.00110625 -0.000722272
