70.356 0.158019 1.49744 0.153812 0.258908 -0.000527402 -0.00628137 -0.0216462 -0.999746 0.136595 0.00789399 0.0347671 -9.65995e-05 -0.00617578 -0.013197
71.112 0.182332 1.60577 0.149538 0.281664 -0.00105862 -0.00507332 -0.0181551 -0.999822 0.10912 0.00233166 0.0374467 -0.000467269 -0.00596884 -0.00924016
71.664 0.205936 1.66483 0.141043 0.308723 -0.0013317 -0.00272634 -0.0169047 -0.999853 0.0885701 -0.0040453 0.0355102 -0.00140566 -0.00333832 -0.00817498
72.208 0.228693 1.70503 0.132975 0.325402 -0.000855131 -0.00164242 -0.0151906 -0.999883 0.0693058 -0.00471801 0.0337164 0.000644173 -0.00318566 -0.00812127
72.712 0.238295 1.73039 0.127017 0.336327 -0.000899689 -0.000799696 -0.0138436 -0.999903 0.0565579 -0.0047055 0.0309939 0.000305307 -0.00307744 -0.00414574
73.266 0.229056 1.74839 0.121305 0.328418 -0.000956496 9.48423e-06 -0.0127238 -0.999919 0.0457425 -0.00519374 0.0336135 -0.000136279 -0.00341835 -0.00144913
74.086 0.255363 1.75774 0.110149 0.358574 -0.000875708 0.00116211 -0.0126284 -0.999919 0.0298482 -0.00698461 0.0400538 6.95353e-06 -0.00114381 -0.00207371
74.648 0.284369 1.75455 0.100696 0.381919 -0.000786793 0.00165738 -0.0124369 -0.999921 0.0208432 -0.00834913 0.0343111 -0.000480881 -0.00116137 -0.00354954
75.256 0.296584 1.7418 0.0926317 0.396021 -0.00082748 0.00203135 -0.0119268 -0.999927 0.0115261 -0.0088164 0.0288976 9.56437e-05 -0.000287329 -0.002832
75.844 0.316666 1.73095 0.0876855 0.412356 -0.000567068 0.00239688 -0.0113811 -0.999932 0.00730787 -0.00718792 0.025611 0.00061312 -0.0011624 -0.00125834
76.442 0.307861 1.71596 0.0779578 0.406589 -0.000507724 0.00276105 -0.0111252 -0.999934 0.00183336 -0.0085113 0.0226649 -0.000938028 0.000414212 -0.00100586
77.002 0.327334 1.69411 0.0664264 0.430847 -0.000333854 0.00280348 -0.0108111 -0.999938 -0.00641093 -0.00982863 0.0274378 -8.42826e-05 0.00124335 0.000673434
77.83 0.366428 1.6564 0.0538969 0.469756 -0.000364547 0.001531 -0.0107356 -0.999941 -0.0153387 -0.0113734 0.0203818 -0.00178836 0.000523418 0.00151104
78.408 0.37723 1.64091 0.0462894 0.477424 -0.000258941 0.00251083 -0.010961 -0.999937 -0.0189961 -0.0109326 0.0112695 -0.000260817 0.000816372 -0.000528883
79.058 0.379982 1.62386 0.0403197 0.478449 -0.0003099 0.00229305 -0.0105548 -0.999942 -0.0227357 -0.00935551 0.00982779 -0.000426166 -0.000527127 0.000374737
79.686 0.38651 1.60905 0.0371139 0.4861 -0.000374919 0.0021369 -0.0106616 -0.999941 -0.0231083 -0.00751642 0.0102878 0.000407138 -6.11386e-05 0.000861182
80.514 0.402414 1.58568 0.0326869 0.502506 -0.000419546 0.00220713 -0.0105974 -0.999941 -0.0256488 -0.00622515 0.00912596 8.36427e-05 -0.00088397 0.000516162
81.314 0.412467 1.57511 0.0236857 0.51149 -0.00124047 -0.00457249 -0.00691739 -0.999965 0.0179548 -0.0123115 0.00618716 -0.00170027 -0.00578052 -0.0238646
81.896 0.42332 1.59058 0.0123016 0.520709 -0.000992096 -0.00424742 0.00063726 -0.99999 0.0312569 -0.0141754 0.00664674 -0.000427745 0.000674056 -0.0256557
82.554 0.436855 1.616 -0.00527417 0.537682 -0.000721395 -0.00459094 0.00847434 -0.999953 0.0356793 -0.0167033 0.0240204 -0.000768099 0.00232091 -0.0221455
83.134 0.461142 1.64898 -0.0170143 0.563274 -0.000663001 -0.00491719 0.0138565 -0.999892 0.041668 -0.0164518 0.0238577 0.00039428 0.000501608 -0.0181895
83.766 0.520634 1.6876 -0.0235305 0.626328 -0.000325362 -0.00280094 0.0183832 -0.999827 0.0331802 -0.0123188 0.0935276 0.00102354 0.00620029 -0.0116177
84.36 0.583352 1.72748 -0.0281395 0.688664 -0.000460729 -0.00314278 0.020943 -0.999776 0.0371243 -0.0111375 0.0912651 -0.00130844 0.00217145 -0.00658195
85.11 0.6407 1.77443 -0.0343412 0.749304 -0.000314143 -0.00361778 0.022184 -0.999747 0.0466864 -0.00824191 0.0899735 0.00122266 -0.000390483 0.00117306
85.726 0.686122 1.81253 -0.0385768 0.784698 -1.43095e-05 -0.00530674 0.0212396 -0.99976 0.054305 -0.00773175 0.0414113 -0.00273988 0.0112803 0.00269253
86.628 0.720686 1.8762 -0.0448889 0.823647 -3.76957e-05 -0.00557543 0.0179108 -0.999824 0.0707397 -0.00573372 0.00969757 -0.000702857 0.00386054 0.0109406
87.286 0.736801 1.92922 -0.0492134 0.839909 8.29206e-06 -0.00557174 0.01491 -0.999873 0.0796656 -0.00500602 0.01044 0.000452315 -0.000625049 0.0111023
87.914 0.728133 1.9837 -0.052094 0.824809 -7.07761e-05 -0.00562507 0.0119012 -0.999913 0.0847307 -0.00461717 0.00396407 0.000951765 0.00226421 0.00797702
88.526 0.724269 2.03811 -0.0544972 0.824817 -9.35239e-05 -0.00566857 0.0104458 -0.999929 0.0911124 -0.00464143 0.00399128 1.71366e-05 -0.000778004 0.00447322
89.204 0.725542 2.09703 -0.0535008 0.822082 -0.000195773 -0.00580884 0.0092809 -0.99994 0.0938698 -0.0026664 0.00463612 0.000356693 0.000227263 0.00351723
90.334 0.736397 2.19455 -0.0575049 0.838618 -5.38811e-05 -0.00605296 0.00694871 -0.999958 0.0975868 -0.00273744 0.0111007 -4.70252e-05 0.00027635 0.00379267
91.022 0.756199 2.25289 -0.0578457 0.858673 -5.53276e-05 -0.00605201 0.00583068 -0.999965 0.100783 -0.00200102 0.0110647 0.000154868 0.000581721 0.00402152
91.826 0.774127 2.32398 -0.0628299 0.87304 0.000305782 -0.00605581 0.00441682 -0.999972 0.101909 -0.0023016 0.0170262 -0.00153121 -0.000913815 0.00541687
92.462 0.780209 2.38114 -0.0651507 0.882515 0.000260797 -0.00629393 0.001949 -0.999978 0.102437 -0.000835248 0.0174708 -0.00017982 0.000274291 0.00910223
93.26 0.797171 2.45386 -0.0661067 0.897815 0.000128971 -0.00654836 -0.00130731 -0.999978 0.104677 -0.000498882 0.0113443 0.000999363 0.00163746 0.00775838
93.926 0.792734 2.5194 -0.0639076 0.893553 8.74136e-05 -0.00664392 -0.00309851 -0.999973 0.106899 -0.000191481 0.0117326 -0.000212234 0.000921009 0.00316898
95.128 0.837753 2.63389 -0.0602926 0.939814 0.000178207 -0.00703987 -0.00491504 -0.999963 0.10568 0.000935216 0.0139385 7.93466e-05 0.00144939 0.00492237
96.338 0.857557 2.75413 -0.0576801 0.95592 0.000195921 -0.00737078 -0.00741822 -0.999945 0.107069 0.00114425 0.0137345 -0.000128895 0.000523981 0.00404392
96.99 0.830017 2.81741 -0.0563438 0.928305 0.000201096 -0.00771241 -0.00877523 -0.999932 0.106625 0.00145429 0.00830396 -0.000267305 0.000726563 0.00331041
97.738 0.787226 2.89525 -0.0540167 0.932522 0.000225702 -0.00782979 -0.00981743 -0.999921 0.108881 0.00196115 0.00813745 9.99601e-05 -0.00032338 0.00361389
98.368 0.725744 2.96989 -0.0502294 0.936975 0.000461416 -0.007458 -0.0113586 -0.999908 0.111872 0.00373336 0.0142619 0.000232818 6.60052e-05 0.00703445
99.008 0.665553 3.04819 -0.047635 0.936725 0.00026675 -0.00740073 -0.0137679 -0.999878 0.114478 0.00391772 0.0177475 0.00853955 -1.34565e-05 0.00910278
99.68 0.619642 3.12115 -0.0463048 0.949216 0.000561863 -0.00760785 -0.0142425 -0.99987 0.113442 0.000502585 0.0216035 -0.00646343 -0.0011226 -0.00265877
100.35 0.576205 3.19909 -0.0421215 0.973839 0.000558496 -0.00756765 -0.0152129 -0.999856 0.115108 0.00439157 0.0213461 0.000754276 -0.00061231 0.00829287
100.954 0.524578 3.26402 -0.0356787 0.966297 -4.48258e-05 0.00234107 -0.0185903 -0.999824 0.0930984 0.0040575 0.00988887 0.00028572 -0.0290489 0.0215776
101.616 0.506757 3.30626 -0.0320685 0.986232 -0.000181914 0.00294418 -0.0290309 -0.999574 0.0351459 -0.000383422 -0.00771419 5.33942e-05 -0.00364471 0.0391597
102.266 0.50294 3.31787 -0.0302547 0.990066 0.000438617 0.00339977 -0.0456596 -0.998951 0.00781775 -0.000695995 -0.0156423 -0.000818633 -1.34713e-05 0.0994831
102.878 0.501167 3.31309 -0.0287346 0.986957 0.00016886 0.00330724 -0.0845461 -0.996414 -0.00409516 2.33085e-05 -0.0114531 0.00169124 0.00105831 0.154748
103.522 0.510706 3.29863 -0.0279352 0.981429 -8.10336e-05 0.00291367 -0.129328 -0.991598 -0.00847839 -0.00186639 -0.0134966 0.000533366 0.00211901 0.138451
104.11 0.504475 3.28397 -0.0308487 0.967924 1.75848e-05 0.00240487 -0.162424 -0.986718 -0.00693442 -0.00375467 0.00768342 -0.00075854 0.00203024 0.117441
105.164 0.534489 3.25908 -0.0337249 0.988072 3.98831e-06 0.00174081 -0.213339 -0.976977 -0.00234884 -0.00193946 -0.0114207 0.00181526 0.00234544 0.0925789
106.178 0.548364 3.23637 -0.0376634 0.985635 -0.000224213 0.000803815 -0.252722 -0.967539 0.00316758 -0.00205322 -0.00965814 0.00126651 0.00176587 0.0651719
107.154 0.556304 3.2273 -0.0376282 1.02034 0.00189377 -0.00457852 -0.271811 -0.962338 0.0306174 0.0180929 0.0769887 0.0008585 -0.0111259 0.0308593
107.792 0.560191 3.23786 -0.0246497 1.07526 0.00150479 -0.00380162 -0.280732 -0.959778 0.0398214 0.0283439 0.0767407 0.000117766 -0.000217383 0.0266767
108.458 0.56683 3.26049 -0.00577151 1.11814 0.000447403 -0.00500159 -0.285495 -0.958367 0.050493 0.0291213 0.0689647 -0.00170513 -0.00140724 -0.00694911
109.098 0.575778 3.29093 0.0114269 1.15211 0.000789433 -0.00499425 -0.28149 -0.959551 0.0546232 0.0291907 0.0697346 -0.000636066 0.00116867 -0.020384
109.7 0.575231 3.32451 0.0275262 1.16764 0.00126746 -0.00640717 -0.276773 -0.960913 0.0616403 0.0326434 0.0295203 -0.000213785 -0.00142447 -0.0182076
110.36 0.580341 3.36562 0.0538368 1.1959 0.00120104 -0.00652923 -0.272688 -0.96208 0.0654304 0.0369427 0.0290985 0.000698591 0.000565084 -0.0142378
111.038 0.548965 3.40399 0.0779133 1.18512 -0.00122392 0.00232403 -0.262908 -0.964817 0.0245018 0.0130201 0.012413 -0.000725994 0.00413812 -0.0570878
111.7 0.527409 3.42176 0.0852619 1.20023 -0.00113503 0.00272449 -0.244696 -0.969595 0.00259214 0.000127084 -0.000939318 -3.03666e-05 -0.00162975 -0.0647503
112.578 0.524888 3.42434 0.0834789 1.19798 -0.00144964 0.00306132 -0.220265 -0.975434 -0.00710199 -0.00567997 -0.00407644 0.000580105 -0.000838626 -0.0797728
113.514 0.535797 3.4134 0.071458 1.20442 -0.000975559 0.00312271 -0.173681 -0.984797 -0.00712315 -0.00553784 -0.00828108 -0.00219704 0.000766491 -0.114897
114.164 0.555641 3.39913 0.0572724 1.19222 -0.00084318 0.00250738 -0.131767 -0.991277 -0.00492936 -0.00603067 0.00185067 -0.00488974 0.00320504 -0.177206
114.836 0.569758 3.3794 0.0418063 1.18666 0.000444206 0.00158019 -0.0743336 -0.997232 -0.00200422 -0.000615182 0.00989415 -0.00162234 0.00235593 -0.181235
115.518 0.566922 3.3665 0.0323923 1.16709 -0.000251999 -0.00709856 -0.0336391 -0.999409 0.0352278 0.000760149 -0.0214288 -0.00281402 -0.0144717 -0.0601917
116.144 0.557721 3.38121 0.0247911 1.16164 -0.00019634 -0.00528547 -0.0240159 -0.999698 0.059791 -0.00218617 -0.0228401 -0.000248955 -0.000414246 -0.0171382
116.852 0.545633 3.41582 0.0209482 1.14108 0.00088333 -0.00553504 -0.0222594 -0.999737 0.0677268 0.00199308 -0.0304953 0.000738117 0.000993135 0.008151
117.492 0.535058 3.45493 0.0208548 1.12542 0.000946547 -0.00592131 -0.0252659 -0.999663 0.0705798 0.0017885 -0.0193617 -0.00718434 -0.00294975 0.012591
118.144 0.53243 3.5021 0.0283789 1.11287 0.0015202 -0.00593248 -0.0305259 -0.999515 0.0711315 0.00721519 -0.00845939 0.00109639 0.00221952 0.0266373
118.8 0.520566 3.55517 0.0386683 1.10983 0.00137842 -0.00632636 -0.038716 -0.999229 0.0748332 0.00789578 -0.00962038 -0.000959543 0.00073697 0.0262969
119.504 0.517478 3.61502 0.048998 1.11755 0.00159363 -0.00652542 -0.0462388 -0.998908 0.0775885 0.00869602 0.0158524 0.000152083 0.00115129 0.0254886
120.208 0.528495 3.68081 0.063678 1.14423 5.2569e-05 -0.00600837 -0.0509882 -0.998681 0.0771456 0.00234242 0.0585952 -0.00195584 0.00202669 -0.00424328
121.306 0.494268 3.78558 0.0842369 1.20726 0.000785968 -0.0069054 -0.0412873 -0.999123 0.0800001 0.00127825 0.0122837 -0.0153502 0.0174213 -0.0193617
122.334 0.495033 3.88835 0.103337 1.22237 0.00110859 -0.00734498 -0.0417889 -0.999099 0.0931859 0.0111751 0.0090524 0.000219338 -0.000398945 0.013812
123.024 0.519509 3.96483 0.12082 1.21815 0.000891554 -0.00741699 -0.0456586 -0.998929 0.097526 0.0139256 0.00992665 0.000861422 -0.000431889 0.0131303
123.686 0.5357 4.03738 0.13518 1.22106 7.96458e-05 -0.0018954 -0.0488225 -0.998806 0.093664 0.0134706 0.000129024 0.00871323 -0.0927639 0.000658161
124.338 0.55626 4.08742 0.144576 1.22165 -0.000452167 0.00285753 -0.0378516 -0.999279 0.0320195 0.00283349 0.00525181 -8.46988e-05 -0.00324985 -0.0621062
125 0.563581 4.10279 0.147725 1.23351 -0.000614519 0.00311412 -0.0179711 -0.999834 -0.000182668 -0.00208341 -0.00847618 -0.000174411 0.00027246 -0.059705
126.116 0.588521 4.15452 0.146614 1.234 -0.000639769 -0.00715126 0.00336677 -0.999969 0.0752651 -0.00447179 0.0325628 0.00239795 -0.00846141 -0.0295332
126.804 0.626384 4.21218 0.145101 1.2332 -0.000715145 -0.00705076 0.013332 -0.999886 0.0790417 -0.00666459 0.0327028 -0.000152218 0.00138684 -0.030647
127.398 0.670746 4.27164 0.140106 1.22933 -0.000633546 -0.00732306 0.0220452 -0.99973 0.0822292 -0.00867622 0.0322205 -6.18771e-05 -5.61922e-05 -0.0280472
128.07 0.715315 4.33981 0.132853 1.26181 -0.000565922 -0.00740841 0.0300377 -0.999521 0.08471 -0.0110583 0.0355057 -6.61516e-05 0.000144094 -0.0244069
128.784 0.755532 4.41849 0.127298 1.29897 -0.000575679 -0.00756106 0.0381147 -0.999245 0.0884515 -0.0114174 0.0345361 0.000790526 0.00012969 -0.0217754
129.844 0.839026 4.54779 0.120289 1.34151 -0.000570944 -0.00766307 0.0473611 -0.998848 0.0977904 -0.011263 0.0326124 0.000689233 -0.00117187 -0.0135103
130.946 0.943232 4.68911 0.108005 1.39934 -0.000632298 -0.00737246 0.0547601 -0.998472 0.105062 -0.0141244 0.0316021 -1.40326e-05 1.83815e-05 -0.0122291
131.628 1.01309 4.7709 0.0950098 1.42094 -0.000592839 -0.00704901 0.0593492 -0.998212 0.106707 -0.0176105 0.0428522 -0.00149261 -0.000321703 -0.013995
132.718 1.11661 4.89954 0.0824921 1.47932 0.000124151 -0.0074633 0.0634641 -0.997956 0.11225 -0.0120585 0.0290839 0.000556015 1.21864e-05 0.00798456
133.396 1.18146 4.96471 0.0781881 1.49157 0.00027795 0.00308342 0.0583773 -0.99829 0.068524 -0.00690371 -0.00775334 0.00161986 0.00253931 0.030792
134.044 1.21925 4.9936 0.0778675 1.49181 0.000103633 0.00355921 0.0475632 -0.998862 0.0272574 -0.00435359 -0.00918364 -0.000460129 -0.00210317 0.0385692
134.774 1.22332 5.01752 0.078836 1.49453 0.000161036 -0.00837468 0.0355426 -0.999333 0.0808914 -0.00294205 0.0263758 0.00587564 -0.0145628 0.0309385
135.366 1.22136 5.05711 0.0795902 1.50371 0.000150624 -0.00673146 0.0297607 -0.999534 0.102192 -0.00597558 0.0273718 -0.000570986 -0.00170273 0.012136
136.048 1.22033 5.11075 0.0809212 1.53754 0.000265443 0.00175593 0.0266054 -0.999644 0.0929949 -0.0055585 -0.00898061 -7.95073e-05 -0.0544833 0.018315
136.85 1.22203 5.14417 0.081361 1.5322 -0.000525409 -0.00844022 0.0129176 -0.999881 0.0473803 -0.00571974 0.0268145 0.00373366 0.0695656 0.0332854
137.496 1.21902 5.17702 0.081366 1.54999 -0.000478884 -0.00723238 0.0111535 -0.999912 0.0852513 -0.00967393 0.0237104 -0.000474764 -0.00112579 -0.0125433
138.174 1.22209 5.22622 0.0833482 1.55719 0.00014894 0.00179705 0.016753 -0.999858 0.0749179 -0.0064528 -0.00279406 0.000698925 -0.0415913 -0.0236198
138.862 1.22005 5.26785 0.0821346 1.56685 -0.00101238 -0.00861109 0.0271564 -0.999594 0.070255 -0.0102711 0.027331 -0.00506881 -0.0111513 -0.034178
139.53 1.2234 5.31783 0.0785011 1.58285 -0.000703545 -0.00716671 0.0356508 -0.999338 0.0872943 -0.0113298 0.0277121 0.000302419 -0.000314865 -0.0225099
140.332 1.23081 5.39464 0.070997 1.60934 0.000528982 0.00182712 0.0423226 -0.999102 0.0774929 -0.00917046 -0.00792338 -0.00146991 -0.0405639 0.00142058
141.124 1.23123 5.43313 0.0689993 1.61646 4.96135e-05 0.0024435 0.0320918 -0.999482 0.0153507 -0.00112976 -0.0128785 5.74194e-05 -0.00084897 0.0407478
141.958 1.23223 5.43936 0.0686467 1.61357 0.000222731 0.00265097 0.0167159 -0.999857 -0.00595717 0.000984016 -0.0160123 0.000666521 5.11248e-05 0.040739
142.614 1.23248 5.43622 0.0716745 1.60972 3.06324e-05 0.00275381 0.00494699 -0.999984 -0.0105127 0.0016127 -0.00988378 0.00101407 -0.000886946 0.0377634
143.802 1.22574 5.45315 0.0740563 1.65081 -0.000341242 0.000766635 -0.00378972 -0.999993 0.0198668 -0.00247995 -0.0205402 -0.00214094 1.85337e-05 -0.0322681
144.508 1.2295 5.47316 0.0727898 1.67366 -0.000626757 -0.00698574 0.00843637 -0.99994 0.0552055 -0.00667163 0.0419955 -0.000264738 -0.0120926 -0.0301975
145.614 1.23317 5.54361 0.0706249 1.71578 -0.000129257 -0.00651453 0.0164298 -0.999844 0.0724299 -0.00408638 0.0581165 0.00071976 0.000548385 -0.00413136
146.334 1.22415 5.60337 0.071054 1.74948 -0.000375699 -0.00667779 0.0179157 -0.999817 0.0756287 -0.00467255 0.0543627 3.67025e-05 0.000518878 -0.00544048
147.442 1.12688 5.70994 0.068146 1.80233 0.000289688 -0.0068608 0.0197821 -0.999781 0.0801789 -0.00201922 0.053811 0.00106897 0.000783992 0.00606949
148.118 1.07064 5.78088 0.0679905 1.84506 9.73184e-05 -0.00711753 0.0163722 -0.999841 0.0828111 -0.000123778 0.055337 0.00091293 0.000159378 0.0120343
149.26 1.01152 5.90376 0.0678362 1.89778 -0.000539768 -0.00782541 0.0129535 -0.999885 0.0946752 -0.00337997 0.0196316 -0.000799255 -0.0015219 -0.0040008
149.982 0.890678 5.99051 0.0667771 1.88829 -0.000530626 -0.0077754 0.0152065 -0.999854 0.100038 -0.00289158 0.0204184 0.000375053 -0.000500919 -0.00715993
151.19 0.760604 6.13834 0.0628648 1.9151 -0.000586476 -0.00770811 0.0183367 -0.999802 0.107562 -0.00229453 0.0316015 0.000391376 -0.00338789 -0.00312794
151.93 0.699585 6.23045 0.0577018 1.95171 -0.000640493 -0.00760063 0.0194414 -0.999782 0.11019 -0.00242195 0.0303698 0.000309537 -0.000311395 -0.00372421
152.768 0.639252 6.32414 0.0481305 1.97257 -0.000655997 -0.00766306 0.0210054 -0.99975 0.111336 -0.0041792 0.0288174 -0.000780146 2.60067e-05 -0.00370231
153.472 0.568942 6.40743 0.0412064 1.97127 -7.22973e-05 -0.00775038 0.0222279 -0.999723 0.114034 -0.00319798 0.0077235 -0.00393568 -0.000447469 -0.000489228
154.678 0.488688 6.54705 0.0325941 1.98293 -0.000913633 -0.00750786 0.0223139 -0.999722 0.116577 -0.00523703 0.024669 -0.000202703 0.000279715 -0.0084498
155.394 0.455224 6.6297 0.0244137 2.0026 -0.00055246 -0.00745166 0.0241908 -0.99968 0.118269 -0.00396757 0.0418947 0.000255915 -0.00022634 -0.00135398
156.478 0.50287 6.74346 0.00965578 2.10375 -0.00075141 -0.00599732 0.0253927 -0.999659 0.106657 -0.00641503 0.0825972 -9.75151e-05 0.000684146 -0.00778461
157.644 0.614484 6.85382 0.00185482 2.22588 6.49103e-05 -0.00544568 0.0206455 -0.999772 0.101015 0.00101529 0.0441413 0.00363258 -0.0166092 0.0264623
158.332 0.640646 6.9009 -0.00448534 2.23667 -1.17484e-05 0.00199456 0.00787969 -0.999967 0.0513735 -0.00139334 -0.0193925 -0.00145917 -0.0015451 0.0452207
159.426 0.611611 6.92156 -0.00725745 2.20912 0.000417194 0.00292437 -0.0137974 -0.9999 0.013478 0.00204096 0.010143 0.000493765 0.000187105 0.0404554
160.536 0.614691 6.92945 -0.00549979 2.21414 0.00081791 -0.00678252 -0.033532 -0.999414 0.0770112 0.00755931 0.00148154 0.010953 -0.00669849 0.0319444
161.304 0.631274 6.9736 -0.00175179 2.23174 -0.000254221 -0.00637231 -0.0376134 -0.999272 0.0963953 -0.000136904 0.012792 -0.00109861 0.000131572 -0.00879959
161.958 0.642476 7.01512 0.00181762 2.23977 -0.000234933 -0.0066032 -0.0340282 -0.999399 0.096973 4.00632e-05 0.00357481 0.000107646 0.00114434 -0.0136215
162.666 0.65677 7.06744 0.00455649 2.24827 -0.000201052 0.0029099 -0.0289588 -0.999576 0.0735968 -0.00070525 -0.000204506 0.000245495 -0.0204792 -0.0271273
163.342 0.66899 7.09022 0.00682784 2.25329 -0.00026977 0.00170003 -0.0153243 -0.999881 0.0221191 -0.00191203 -0.00720232 5.47493e-05 0.000727657 -0.0499919
163.976 0.650862 7.10978 0.0044367 2.22762 -0.000513027 -0.00836447 -0.00274035 -0.999961 0.0613275 -0.00524196 -0.0453423 -0.000291764 -0.019708 -0.0315121
164.636 0.638921 7.15533 0.00373255 2.20616 0.000687896 -0.00705076 0.00453201 -0.999965 0.079877 -0.0033653 -0.0482557 -0.00570451 -0.00103605 -0.0118396
165.318 0.639015 7.21032 0.0070197 2.18631 0.000333391 -0.0069995 0.00320885 -0.99997 0.0845213 0.00310934 -0.0494206 0.000862335 0.000261789 0.0148686
165.964 0.632977 7.27345 0.00949591 2.14844 -0.000717252 -0.00717442 -0.000305143 -0.999974 0.0880378 -0.00101063 -0.0488593 -0.0014222 -0.000865011 -0.00248987
166.656 0.633774 7.34433 0.0100044 2.10953 -0.000482757 -0.00722182 0.00262495 -0.99997 0.0913479 -0.00289534 -0.0476494 -0.000150051 0.000471989 -0.0128261
167.462 0.654999 7.43475 0.00806114 2.06509 4.02499e-05 -0.00753537 0.00579886 -0.999955 0.0977231 -0.000851012 -0.0420687 0.00088932 -0.000482578 -0.00116984
168.248 0.69439 7.52553 0.00778567 2.03883 -9.42657e-05 -0.00765064 0.00511907 -0.999958 0.101441 -0.000878321 -0.0415014 8.0152e-06 -1.9922e-05 0.00143625
168.938 0.741533 7.5942 0.00992706 2.02018 0.000969663 -0.0068152 0.00247769 -0.999973 0.0982189 0.00525866 -0.0447535 0.00205843 0.00189783 0.022091
169.618 0.792678 7.65914 0.0146835 2.01901 -0.000376737 0.00219592 -0.00812153 -0.999965 0.0477335 0.00171753 0.000805539 0.000237957 0.000109013 0.0389096
170.262 0.814911 7.68475 0.0164069 2.00675 0.00116743 -0.00818951 -0.0197839 -0.99977 0.0329826 0.00193887 -0.0423248 -0.00522077 0.0793551 0.0377784
170.932 0.827901 7.71905 0.0225388 1.97687 0.000905923 -0.00813075 -0.0307401 -0.999494 0.0711712 0.00916115 -0.048663 0.00750967 0.00803095 0.0336195
171.768 0.866615 7.78516 0.0277589 1.94447 0.000533945 -0.00660194 -0.0397515 -0.999188 0.0954022 0.00939148 -0.0522917 -0.00133121 -0.00263927 0.0145812
172.62 0.914337 7.85918 0.0352945 1.8973 0.000508729 -0.00644574 -0.0454344 -0.998946 0.0999207 0.0113723 -0.0499827 0.000446638 0.000741121 0.0146177
173.3 0.962297 7.92287 0.0413896 1.8631 0.000520021 -0.00646607 -0.0499874 -0.998729 0.103372 0.0116388 -0.0433485 -0.00105481 0.00106261 0.0118973
173.956 1.01019 7.98455 0.0481444 1.82882 0.00062529 -0.00663157 -0.0538436 -0.998527 0.106833 0.0129229 -0.0367047 0.00016467 7.80221e-05 0.0112144
174.668 1.07238 8.04117 0.0560462 1.82158 -0.000547728 0.00279232 -0.0476987 -0.998858 0.0492015 0.00325878 0.00677384 -0.00110992 -1.28883e-05 -0.051044
175.322 1.08671 8.05395 0.0575829 1.82257 -0.000511294 0.00291115 -0.0303343 -0.999536 0.0185055 -0.000982696 0.00779275 -7.23931e-05 0.000168313 -0.0571424
176.062 1.08576 8.05054 0.0569723 1.82171 0.000153467 -0.00124263 -0.0120785 -0.999926 0.00628401 -0.00207758 -0.0289987 -0.0181146 0.135733 -0.0434381
177.064 1.10698 8.08123 0.058337 1.78975 -0.00154494 -0.00568937 -0.0103704 -0.999929 0.0833645 0.000875212 -0.0324663 -0.00293124 -0.00136272 -0.00496975
177.744 1.13599 8.12274 0.0575565 1.77619 -0.000865536 -0.0055328 -0.0024355 -0.999981 0.0893926 -0.00491342 -0.0365477 -0.00933705 0.00475114 -0.032866
178.606 1.19503 8.1857 0.0583195 1.75078 -0.000441111 -0.00608566 0.0029993 -0.999977 0.0950343 0.00270529 -0.048252 0.00379612 -0.00112238 0.000824021
179.448 1.24481 8.25123 0.0586292 1.72332 0.00015426 -0.0062202 0.00430661 -0.999971 0.0950495 0.000755402 -0.0478044 -0.00615583 -0.000244789 -0.00294548
180.122 1.24259 8.30664 0.0591618 1.69997 0.000141703 -0.00646848 0.00265647 -0.999976 0.094744 0.00401237 -0.0480112 -0.000329348 0.000559814 0.0101842
180.778 1.24594 8.36438 0.0600091 1.6678 0.000396352 -0.00651703 -0.00198701 -0.999977 0.0936198 0.00607064 -0.025997 0.00610122 0.00524655 0.01889
181.466 1.24384 8.43014 0.0598974 1.65663 -0.000232056 -0.00743 -0.0051023 -0.999959 0.101868 0.00106898 -0.00871667 -0.00155936 -0.000913442 0.00184674
182.202 1.24009 8.50843 0.0614916 1.64543 -2.42845e-05 -0.00729013 -0.00483913 -0.999962 0.10473 0.000921624 -0.036783 -0.000283214 -0.00156298 -0.00177079
182.894 1.23989 8.58037 0.0633678 1.62066 -0.000979069 -0.00680541 -0.00432734 -0.999967 0.103177 -4.0087e-05 -0.0388681 0.0116111 -0.0100139 -0.00371908
183.634 1.23888 8.65387 0.0613499 1.58781 -0.000537778 -0.00730439 0.00264573 -0.99997 0.0980234 -0.00717376 -0.0339551 -0.00748705 0.00817067 -0.0292215
184.362 1.24366 8.73136 0.0588852 1.56803 -0.000339122 -0.00767374 0.00999095 -0.999921 0.102654 -0.00451731 -0.0355482 -0.00303946 0.00246072 -0.0128644
185.214 1.19771 8.81914 0.0573284 1.53169 -0.000583421 -0.00762925 0.0122775 -0.999895 0.10605 -0.00301014 -0.0389532 0.00100654 -0.000818973 -0.00333264
185.914 1.12299 8.90151 0.055356 1.50622 -0.000768665 -0.0076182 0.0144352 -0.999866 0.107216 -0.00500258 -0.0278014 0.00145899 0.00072073 -0.0102248
186.998 1.0016 9.02843 0.0528161 1.45811 0.00100862 -0.00695093 0.0179715 -0.999814 0.106844 0.0027738 -0.0368889 0.00293166 0.00112061 0.0188787
187.706 0.92908 9.11037 0.05253 1.43045 -6.38439e-05 -0.00737305 0.00799943 -0.999941 0.107386 0.00496268 -0.0351886 0.0193405 0.00833521 0.032041
188.886 0.816256 9.24131 0.0520088 1.36915 3.98489e-05 -0.00782167 0.0051817 -0.999956 0.114265 -0.0015058 -0.0345351 0.000559386 -0.000132199 -0.000696907
189.582 0.754433 9.31552 0.0519754 1.34535 -0.000122644 -0.00804522 0.00459544 -0.999957 0.115132 -0.0013323 -0.0213628 0.00101504 0.00321688 0.00234418
190.286 0.689354 9.39467 0.0521939 1.33365 -0.000113819 -0.00810196 0.00425928 -0.999958 0.1183 -0.00191878 -0.0221745 -5.5491e-05 -0.000582305 4.73071e-05
191.028 0.618337 9.48501 0.0541675 1.31953 9.15607e-06 -0.00797604 0.00426581 -0.999959 0.119976 -0.00104859 -0.0245658 -0.00491408 -0.00332591 -0.000107797
191.706 0.56966 9.5632 0.0568469 1.27766 9.64471e-05 -0.00792712 0.00258491 -0.999965 0.118075 0.00191034 -0.0333352 0.00520486 0.00156685 0.00806226
192.974 0.512165 9.70376 0.0595482 1.21025 0.000165561 0.00266535 -0.00295761 -0.999992 0.0772724 0.000918896 0.0203636 0.00122186 0.00360207 0.0470507
194.162 0.500886 9.75642 0.0605708 1.18627 -0.000485459 -0.00192192 -0.0377386 -0.999286 0.0538512 -0.00326641 0.00999468 -0.00575073 -0.0483344 0.00270704
194.858 0.490174 9.78121 0.0597634 1.17897 -0.000908922 -0.00579371 -0.0297422 -0.99954 0.0428124 -0.00169845 -0.076029 0.0108226 0.0720269 -0.0381844
195.522 0.479961 9.81087 0.0591177 1.18246 -0.000115625 0.000821302 -0.0168111 -0.999858 0.0506714 -0.00195527 -0.00862771 0.000148964 0.00293687 -0.0504294
196.208 0.460781 9.83171 0.0582869 1.19015 -9.7346e-05 0.00125013 0.00131764 -0.999998 0.0276844 -0.000425952 -0.0189074 0.000255889 -0.00246619 -0.0515558
196.918 0.488147 9.84897 0.0571397 1.13724 -4.51959e-06 -0.00684973 0.0128925 -0.999893 0.0625294 -0.000884248 -0.0919156 0.000382204 -0.0174934 -0.0136837
198.142 0.575934 9.91033 0.0577411 1.0305 -0.000304439 -0.00302149 0.0154737 -0.999876 0.0669489 -0.002169 -0.118477 -4.96858e-05 0.00203272 -0.00470853
198.866 0.649113 9.95206 0.0544422 0.945093 -0.00020434 -0.00368038 0.0176307 -0.999838 0.0600795 -0.00324951 -0.117513 -0.000136232 0.000480262 -0.00598236
199.57 0.67793 9.98569 0.0535975 0.921418 -0.000254564 0.000815941 0.0238823 -0.999714 0.0344208 -0.00246899 0.00437887 -0.000455681 0.00249871 -0.0460974
200.238 0.686826 10.0104 0.053112 0.914933 -0.000231323 -0.00956969 0.0388862 -0.999198 0.0660726 -0.00459962 -0.000457283 0.000277577 -0.0200294 -0.025372
200.976 0.672076 10.0687 0.0509386 0.932629 -0.000479156 -0.00766446 0.0420186 -0.999087 0.087979 -0.00613625 0.000547248 -0.000170591 -0.00110696 -0.00144268
201.65 0.660235 10.1378 0.0484564 0.939178 0.000669958 -0.00687351 0.0398566 -0.999182 0.0913691 -0.000110945 -0.0067051 0.00158358 0.00128378 0.0208711
202.37 0.690958 10.2129 0.0477531 0.929384 0.000330532 -0.00716966 0.0315241 -0.999477 0.0944688 0.00166035 -0.00549473 6.97675e-05 0.00023553 0.0271219
203.114 0.740693 10.2938 0.046681 0.894703 -0.000254878 -0.00774168 0.0245526 -0.999669 0.100323 -0.0019811 -0.00108409 -0.00100627 -0.000920069 0.0103252
203.784 0.754837 10.3651 0.0468935 0.906 -7.56154e-05 -0.00768471 0.0226163 -0.999715 0.103167 -0.00128824 -0.00210906 0.000499074 0.000362709 0.00571778
204.484 0.783954 10.4481 0.044512 0.916003 6.34913e-05 -0.00761733 0.0205451 -0.99976 0.106769 -0.00112524 -0.00264915 0.000224214 -0.000425606 0.00721256
205.13 0.808693 10.5211 0.044381 0.926212 3.3132e-05 -0.0077092 0.018049 -0.999807 0.107653 -6.51544e-05 -0.00189132 -0.000160525 0.000570499 0.00856813
205.938 0.829963 10.6142 0.0458152 0.929996 -7.76147e-05 -0.00778362 0.0146677 -0.999862 0.111707 0.00100848 -0.00236414 4.71208e-05 -0.00150781 0.00843899
206.66 0.829865 10.7049 0.0467939 0.929441 -9.77254e-05 -0.00765622 0.0118572 -0.9999 0.114505 0.00191747 -0.00229066 0.000266114 0.000204899 0.00788912
207.406 0.844706 10.7901 0.0491596 0.930561 0.000262752 -0.00745941 0.00791408 -0.999941 0.114109 0.00533392 0.000822001 0.000873362 7.78811e-05 0.0156444
208.108 0.862137 10.8635 0.0517011 0.933355 -0.000503127 -0.00804404 0.00341862 -0.999962 0.114959 0.00363757 0.0113391 -0.0011863 -0.000121254 0.00866
208.816 0.871381 10.9364 0.0494245 0.926827 -0.000396221 0.00286155 0.00532079 -0.999982 0.0693448 0.00140429 0.00537839 -0.00074978 0.00191981 -0.0294459
209.63 0.903053 10.9949 0.0430723 0.946875 -0.000438425 -0.00371188 0.0198262 -0.999796 0.0920309 -0.00602526 -0.00115747 -0.0114246 -0.0960565 -0.0326922
210.282 0.933588 11.0363 0.0374013 0.958124 -0.00154392 -0.00851584 0.0301252 -0.999509 0.0859416 -0.00805015 0.0187361 -0.00626768 -0.0324716 -0.0343979
211.388 0.959494 11.1044 0.0245518 0.954656 -0.00121211 -0.00738014 0.0479412 -0.998822 0.0962079 -0.0127884 0.00417171 -0.000639303 -0.00431427 -0.0307273
212.426 0.989239 11.189 0.00683831 0.942452 0.000284321 0.00276814 0.0607396 -0.99815 0.0797414 -0.0102212 0.00447822 0.000338533 -0.0110592 -0.027799
213.52 1.0028 11.2458 -0.00523588 0.926047 -0.00141312 -0.00726242 0.0778214 -0.99694 0.0910305 -0.0180151 -0.00650577 -0.000492149 -0.00321546 -0.0306018
214.656 1.0839 11.3411 -0.0317935 0.958233 -0.00114854 -0.00693176 0.0904065 -0.99588 0.104338 -0.0223285 0.00364193 0.000140216 -0.00033267 -0.0177061
215.382 1.12501 11.4102 -0.0494326 0.962027 -0.0012535 -0.00646721 0.0958472 -0.995374 0.106431 -0.02364 0.0451975 0.00157286 -0.00913572 -0.0136406
216.104 1.13711 11.474 -0.067256 0.983178 -0.00108836 -0.00732536 0.101055 -0.994853 0.103011 -0.0246587 -0.0107446 -0.00271155 0.00810106 -0.0156395
216.852 1.12161 11.544 -0.0836046 0.980331 -0.00087039 -0.00702253 0.105068 -0.99444 0.106991 -0.0237741 0.0655127 -0.00433854 -0.0148625 -0.00646067
217.574 1.10704 11.6134 -0.0963214 1.02108 -0.000912041 -0.00730539 0.105417 -0.994401 0.102307 -0.0201115 0.033365 0.0011892 0.0122709 0.00224102
218.266 1.08878 11.6841 -0.114248 1.052 -0.000912883 -0.00780802 0.105041 -0.994437 0.106796 -0.0227428 0.0311849 -0.000122893 -0.000318438 0.00107341
219.406 1.06309 11.8079 -0.140543 1.0694 -0.000983572 -0.00796609 0.104961 -0.994444 0.109607 -0.0229503 0.0247489 -1.1816e-05 0.000289393 0.000819442
220.492 1.03067 11.9312 -0.167741 1.10122 -0.00107972 -0.00717135 0.105341 -0.99441 0.105957 -0.0232963 0.063524 -0.000494997 0.00211642 -0.00312123
221.196 1.02308 12.0069 -0.184542 1.15094 -0.00107641 -0.00745344 0.106676 -0.994265 0.103744 -0.0231182 0.0572042 -9.6112e-06 0.000122684 -0.00461094
221.878 1.00951 12.081 -0.201134 1.13292 -0.0015496 -0.0079788 0.109422 -0.993962 0.10729 -0.026241 -0.0220405 1.03586e-06 8.10938e-05 -0.0135931
222.52 0.988258 12.1524 -0.219323 1.15204 -0.00148636 -0.00797208 0.113872 -0.993462 0.107712 -0.0273163 0.0303471 -0.000123899 0.000240169 -0.014594
223.262 0.97446 12.2374 -0.238182 1.19571 -0.00134755 -0.00761212 0.118421 -0.992933 0.106905 -0.0251062 0.0545429 0.00105499 0.00169595 -0.00918601
224.388 0.941549 12.3699 -0.274259 1.19393 -0.00105025 -0.00835888 0.119648 -0.992781 0.113659 -0.0248853 -0.0131507 -0.000121305 0.000785221 0.00441135
225.078 0.918346 12.4482 -0.299625 1.19152 -0.000995894 -0.00843056 0.117795 -0.993002 0.114497 -0.0260312 -0.0131018 -0.00048444 -3.04465e-05 0.00689762
226.196 0.886359 12.586 -0.331097 1.1961 -0.000226605 -0.0079871 0.109906 -0.99391 0.114314 -0.0181243 -0.00658872 0.00061352 -0.000113139 0.0288704
226.878 0.867107 12.6642 -0.344497 1.18119 -0.000370179 -0.00813136 0.100912 -0.994862 0.114075 -0.016488 -0.00583303 -7.68458e-05 0.000527026 0.0293177
227.964 0.792057 12.7993 -0.361621 1.17753 -0.000439742 -0.00807479 0.087301 -0.996149 0.116862 -0.0133093 -0.00216135 0.000102339 8.67851e-05 0.0249678
228.656 0.723723 12.881 -0.376732 1.17717 -0.00231263 -0.00768185 0.0860459 -0.996259 0.112332 -0.0257187 -0.00604169 -0.00298204 0.000338653 -0.0218959
229.368 0.670912 12.9583 -0.399451 1.16739 -0.000540547 -0.00886848 0.0947859 -0.995458 0.115386 -0.0261483 0.0124885 0.000925183 -0.00162052 -0.0178645
230.112 0.610579 13.0518 -0.421527 1.16774 -0.00146043 -0.00804485 0.0962645 -0.995322 0.119912 -0.0242322 0.0117716 0.0182323 -0.0102397 0.00105078
230.814 0.551388 13.1397 -0.440706 1.18313 -0.00186576 -0.00764554 0.101334 -0.994821 0.114837 -0.0315099 0.011221 -0.000536532 0.000349932 -0.0272026
231.582 0.500369 13.2293 -0.459481 1.19495 -0.0018121 -0.00776016 0.11146 -0.993737 0.114704 -0.0322054 0.00980067 8.9974e-05 -0.000403108 -0.0288352
232.564 0.463931 13.3061 -0.479453 1.21183 0.000149477 0.00271419 0.13392 -0.990988 0.0411608 -0.0111209 -0.0139529 -0.000409229 -0.00404728 -0.0657972
233.292 0.464497 13.3202 -0.48627 1.19876 0.000380114 0.00355696 0.155644 -0.987807 0.0116311 -0.00365595 -0.00882675 -0.000140599 -0.00118084 -0.0590947
234.034 0.468873 13.3082 -0.481748 1.19328 0.000106483 0.00329433 0.176741 -0.984252 -0.00159438 -0.000394302 0.00423887 -0.000777152 0.0026765 -0.0643092
234.744 0.474988 13.2895 -0.480308 1.19182 0.000375037 0.00290541 0.197073 -0.980385 -0.00195481 -0.000986292 0.0034536 -0.000951578 0.00116566 -0.0581601
235.432 0.488897 13.2629 -0.477739 1.18332 0.000759683 0.00171203 0.214744 -0.976669 0.000219735 -0.000657341 0.00867805 -0.00122502 0.00197169 -0.053191
236.134 0.495661 13.2472 -0.471429 1.18102 -0.00289715 -0.00846598 0.230291 -0.973081 0.0341856 -0.0189175 -0.0109762 -0.00309772 -0.0117298 -0.0374955
236.862 0.498257 13.2635 -0.481117 1.16727 -0.00192234 -0.00543668 0.241206 -0.970457 0.0652854 -0.0377818 -0.0178537 0.000293649 -0.000776326 -0.0282937
237.566 0.501165 13.2933 -0.499798 1.16178 -0.00181534 -0.00558278 0.249444 -0.968371 0.0697975 -0.0415187 -0.020643 6.74882e-05 0.00154452 -0.0234207
238.366 0.507808 13.336 -0.527317 1.14509 -0.00198476 -0.0059831 0.25702 -0.966385 0.0711754 -0.0433171 -0.0208896 -1.51228e-05 0.000927691 -0.0172732
239.124 0.511771 13.3847 -0.556602 1.12911 -0.0021316 -0.00646203 0.262468 -0.964917 0.0725746 -0.0440807 -0.0212125 0.00038018 0.00074687 -0.0134053
239.78 0.523619 13.4299 -0.589967 1.11353 -0.00211806 -0.00686608 0.266549 -0.963794 0.0718073 -0.0464582 -0.0204242 -0.000499116 0.00164286 -0.0119286
240.58 0.546088 13.4968 -0.634938 1.08005 -0.00194045 -0.00755426 0.27033 -0.962736 0.0768825 -0.0480775 -0.00598026 0.000544283 0.000307208 -0.00361472
241.284 0.539221 13.5593 -0.673422 1.08056 -0.00212257 -0.00780669 0.271137 -0.962507 0.0796029 -0.04913 -0.00542187 7.49528e-05 -0.000677852 0.000137915
242.054 0.50288 13.6153 -0.705645 1.08702 0.000772169 0.00210207 0.255462 -0.966816 0.0240725 -0.0120805 -0.00494931 0.0021909 -0.00243328 0.0893542
242.724 0.492118 13.6341 -0.714051 1.0653 0.000803981 0.0026585 0.226853 -0.973925 -0.00412062 0.00322607 0.010317 -3.50792e-05 -0.000812285 0.0921226
243.448 0.492491 13.6377 -0.713023 1.07602 0.00125305 0.00281688 0.195349 -0.980729 -0.016046 0.0105083 0.00945585 -0.00229665 -0.00171616 0.123346
244.24 0.496017 13.6311 -0.706273 1.08871 0.00101377 0.00297429 0.139093 -0.990274 -0.0205082 0.013714 -0.00902718 0.00139315 0.00089988 0.17878
244.994 0.505813 13.6157 -0.69653 1.09409 0.000670591 0.00246438 0.0795867 -0.996825 -0.0207041 0.0111266 -0.0140292 0.000869949 0.00115656 0.159705
245.692 0.51375 13.6002 -0.690427 1.08546 0.000626842 0.00196571 0.0311953 -0.999511 -0.0183062 0.00778541 -0.00957012 0.00061587 0.00218956 0.137738
246.458 0.519683 13.5813 -0.684989 1.07941 0.000474567 0.00117194 -0.0142598 -0.999898 -0.013256 0.00484462 0.00116663 0.000615296 0.00203161 0.106352
247.148 0.522995 13.5657 -0.680711 1.07991 0.000283178 0.000459641 -0.0448141 -0.998995 -0.00975954 0.00341614 0.000986369 0.00150441 0.00291462 0.0881971
247.932 0.52735 13.5551 -0.677038 1.07648 2.2533e-05 -0.00016606 -0.0739091 -0.997265 -0.00391341 0.00159834 0.00522895 0.000627864 0.000223698 0.0733043
248.646 0.528703 13.5511 -0.673882 1.09282 -0.000305276 -0.000330944 -0.0973543 -0.99525 -0.00165292 0.000497743 -0.00958429 0.000740822 0.00054862 0.0489835
249.38 0.534664 13.5637 -0.667476 1.08423 0.00124639 -0.00633263 -0.110336 -0.993873 0.0397088 0.0159006 -0.0105464 0.000365273 -0.00459847 0.0278275
250.066 0.552235 13.6025 -0.652789 1.06915 0.000940428 -0.00624514 -0.118995 -0.992875 0.05413 0.0222036 -0.0076998 0.000356096 -0.000658499 0.0205904
250.752 0.556267 13.6534 -0.635491 1.06074 0.000916952 -0.00639068 -0.125756 -0.99204 0.0608711 0.0252263 -0.0051586 0.00174124 0.000817726 0.0167292
251.45 0.550856 13.7082 -0.616036 1.07163 -7.90207e-05 -0.00721013 -0.127775 -0.991777 0.0670982 0.0215647 0.0041346 -0.000853759 0.00128546 -0.00826312
252.15 0.552177 13.7733 -0.599071 1.06675 4.273e-05 -0.00747135 -0.124739 -0.992161 0.0728764 0.0219852 0.00502091 -0.000510292 0.000233537 -0.0128068
253.25 0.587152 13.8906 -0.582268 1.06179 -0.000805789 -0.00709815 -0.117162 -0.993087 0.0785949 0.0148323 -0.0088483 -0.00105412 0.0016836 -0.031434
253.988 0.611233 13.9734 -0.570012 1.06636 -0.000402325 -0.00300331 -0.105831 -0.99438 0.0804246 0.0138947 -0.000163223 -0.0126945 -0.0970243 -0.0355551
254.682 0.633689 14.0484 -0.563527 1.06579 -0.000734061 -0.00763173 -0.0943874 -0.995506 0.0827117 0.011366 0.000132779 -5.00279e-05 -0.00504111 -0.0359251
255.72 0.644448 14.1653 -0.555065 1.05437 -0.000508208 -0.00751302 -0.0797261 -0.996788 0.0946308 0.0109817 -0.00241879 -0.000164717 2.97726e-05 -0.0255412
256.486 0.647629 14.2493 -0.551541 1.04728 6.72423e-05 -0.00789028 -0.0724093 -0.997344 0.099879 0.0116899 -0.00278826 -0.000634215 0.000871306 -0.0164455
257.18 0.65396 14.332 -0.545739 1.03427 -3.09121e-05 -0.00784832 -0.0693492 -0.997562 0.104849 0.0134078 -0.00189896 7.82287e-05 -0.000253205 -0.00674945
257.916 0.661877 14.4042 -0.538947 1.03793 -0.000307778 0.00275635 -0.0741012 -0.997247 0.056032 0.00890139 -0.00352583 0.00110004 0.00185545 0.0428261
258.924 0.664732 14.4408 -0.535077 1.03582 -0.00020127 0.00403644 -0.10026 -0.994953 0.00582665 0.00297466 -0.0016135 -3.82008e-05 -0.00152104 0.0537772
259.712 0.661402 14.4349 -0.539768 1.03549 0.000124198 0.0042174 -0.118438 -0.992953 -0.00688146 -0.000347764 -0.000401694 -0.00151315 0.00133501 0.0421649
260.414 0.656237 14.4107 -0.545379 1.03918 0.00161137 -0.00517411 -0.13167 -0.991279 -0.000134068 0.00270341 0.0156953 -4.61535e-05 0.130374 0.0360053
261.138 0.658417 14.4141 -0.541208 1.03719 0.00162958 -0.00560889 -0.142881 -0.989723 0.06893 0.0215519 0.0134888 -0.000784714 -0.00357234 0.0303386
261.898 0.672645 14.4405 -0.525133 1.03171 0.00168096 -0.00515882 -0.153439 -0.988143 0.0800203 0.0271355 -0.00349163 -1.6564e-05 0.00132367 0.027555
262.914 0.703609 14.4838 -0.493449 1.00218 0.00195734 -0.0053866 -0.167174 -0.985911 0.0783957 0.0323461 -0.0129065 0.00057374 0.00259311 0.0288949
263.606 0.732323 14.5205 -0.466034 0.999953 0.00153977 -0.00582447 -0.177042 -0.984185 0.0777736 0.0350476 0.0434363 0.00531818 0.000151399 0.0277294
264.304 0.755901 14.5649 -0.440948 1.02042 0.00156416 -0.00625671 -0.18367 -0.982967 0.0810244 0.0340943 0.038131 -0.000689808 0.000351636 0.0150866
265.052 0.783019 14.6223 -0.413049 1.00954 0.000921052 -0.00701103 -0.186749 -0.982382 0.086769 0.0319318 0.00147804 -0.000594405 -0.000215421 -0.0050166
265.784 0.813754 14.6852 -0.383244 1.03025 0.00186126 -0.00658325 -0.183598 -0.982978 0.0893324 0.0326817 0.0324036 -0.00942991 -0.00329953 -0.00913579
266.524 0.843959 14.747 -0.353683 1.04415 0.0024865 -0.00639838 -0.185752 -0.982573 0.084979 0.0402882 -0.0110082 0.00135739 -0.000308945 0.020563
267.204 0.878659 14.8042 -0.320554 1.03089 0.00216704 -0.00697389 -0.195255 -0.980725 0.0823021 0.0438994 -0.0066822 0.000305967 0.000934627 0.0306076
267.924 0.91678 14.8671 -0.285351 1.01048 0.00104731 -0.00794653 -0.200436 -0.979674 0.090124 0.0400128 0.00183449 -0.001515 -0.000139536 -0.00182183
268.668 0.926036 14.9414 -0.249394 1.02438 0.00119972 -0.00801133 -0.198376 -0.980093 0.0933842 0.040901 0.0017709 0.00122055 3.74358e-05 -0.00919084
269.394 0.958111 15.019 -0.217292 1.04967 0.000507584 -0.00787391 -0.192636 -0.981239 0.0944301 0.0357821 -0.000698186 -0.000754579 0.000618285 -0.0256649
270.106 0.964463 15.0943 -0.190052 1.05945 0.000574211 -0.00797254 -0.185089 -0.982689 0.0968963 0.035265 0.000511725 -0.00068579 0.000850053 -0.0245466
270.844 0.970174 15.1787 -0.166287 1.06099 0.00107717 -0.00827028 -0.178465 -0.983911 0.100374 0.0363684 0.0105654 0.000580637 -0.000138419 -0.0128746
271.85 0.955486 15.295 -0.128244 1.0525 0.000901637 -0.00826224 -0.173956 -0.984718 0.104267 0.0364817 -0.00516314 8.31504e-05 0.000515966 -0.0112699
272.582 0.967228 15.3818 -0.0976042 1.06357 0.00172961 -0.00815062 -0.171008 -0.985234 0.105595 0.039133 -0.0166611 0.000584425 -0.000247903 -0.00263489
273.32 0.944236 15.4685 -0.0671497 1.05436 0.00159678 -0.00813447 -0.172809 -0.984921 0.106879 0.0411358 0.0067541 -0.000792119 -0.000936695 0.00886943
274.074 0.857815 15.5595 -0.034154 1.05348 0.00167093 -0.00808895 -0.1762 -0.98432 0.11022 0.0420948 0.00519093 -3.42985e-05 -0.000345834 0.00908282
274.85 0.768685 15.645 0.000257217 1.05316 0.00185947 -0.00798149 -0.179271 -0.983766 0.110724 0.0424655 0.0113561 -0.00679302 -0.00494234 0.00812778
275.596 0.691252 15.7276 0.035435 1.05357 0.00203981 -0.0078807 -0.184096 -0.982875 0.108151 0.0446033 0.0113882 -8.7521e-07 0.000811564 0.0177999
276.276 0.615466 15.7972 0.0688935 1.06879 0.00202325 -0.00814382 -0.189677 -0.981811 0.106693 0.0451073 0.0104567 -0.000750335 0.000745545 0.0164149
277.016 0.541591 15.875 0.107937 1.08858 0.00225507 -0.00806805 -0.196231 -0.980522 0.104639 0.0475803 -0.00634128 0.000707687 0.000546173 0.0204147
277.676 0.475647 15.9477 0.147275 1.08861 0.00213874 -0.0081186 -0.202325 -0.979283 0.105589 0.0496475 -0.0061156 -6.5722e-05 0.000122461 0.0194371
278.882 0.388042 16.0424 0.197214 1.10319 -0.000794215 0.00253556 -0.236754 -0.971566 0.0332544 0.013056 -0.0128505 1.16602e-05 -0.00425533 0.110181
280.066 0.363424 16.0762 0.220191 1.12263 0.000700108 -0.0014054 -0.262725 -0.964869 0.0355708 0.0188639 0.00380865 -0.000871333 -0.000819184 -0.001869
281.196 0.35287 16.0979 0.242753 1.13995 0.00103921 -0.000896492 -0.261513 -0.965199 0.0272341 0.0220147 0.00567604 -0.000607952 -0.000879358 -0.00169068
281.992 0.347537 16.1108 0.257057 1.13969 0.00123929 -0.000584273 -0.261382 -0.965235 0.0217548 0.021153 0.00541659 -0.00021449 6.57674e-05 -0.00159158
282.774 0.351936 16.1157 0.27228 1.11631 0.00143046 -0.000587917 -0.260929 -0.965357 0.0164648 0.0209401 0.00543817 -0.000620358 0.000196044 -0.000483092
283.564 0.357813 16.119 0.287299 1.11408 0.00146429 -0.000565612 -0.260899 -0.965365 0.0125943 0.0197833 0.00598776 8.57591e-05 -0.00051675 -0.000361564
284.284 0.364501 16.1228 0.304624 1.1287 0.00139263 -0.000462816 -0.260944 -0.965353 0.0101114 0.0185103 0.00530689 -0.000858836 0.000118413 -0.00132321
285.046 0.37156 16.1246 0.318904 1.13897 0.00150528 -0.000611683 -0.260741 -0.965407 0.00770519 0.0162465 0.00478629 -0.000837172 0.00026847 -0.000727242
285.814 0.379804 16.1259 0.335532 1.16501 0.00146699 -0.000641622 -0.260865 -0.965374 0.00529308 0.0153323 0.00428845 8.64369e-05 -0.000129025 -0.000886671
286.658 0.393107 16.1279 0.356532 1.18222 0.00129097 -0.000676445 -0.260609 -0.965443 0.00327363 0.0149844 0.005431 0.000451399 -0.000262718 -0.000360308
287.732 0.410606 16.132 0.381948 1.19448 0.00110289 -0.000801486 -0.260585 -0.96545 0.0020682 0.01316 0.00313974 4.52764e-05 -2.13902e-05 0.00055772
288.446 0.413427 16.1528 0.404142 1.16376 0.00170165 -0.00779368 -0.258421 -0.966 0.0453857 0.0287303 -0.00585028 -0.00153411 -0.010664 -0.0146555
289.62 0.410231 16.2333 0.456994 1.15938 0.00139921 -0.00718872 -0.249676 -0.968302 0.0631285 0.0354181 -0.00608925 0.000240265 0.000751115 -0.0179461
290.42 0.419872 16.3046 0.499489 1.17083 0.00152804 -0.00755139 -0.242982 -0.97 0.0680493 0.0371613 -0.00774846 0.000442474 0.000604869 -0.0174258
291.23 0.445909 16.3896 0.547992 1.1628 0.00140293 -0.00764035 -0.236962 -0.971488 0.0749903 0.0406798 -0.00757759 0.000189526 2.56167e-05 -0.0137329
291.96 0.476793 16.4524 0.58116 1.15482 -0.000634235 0.0023411 -0.229264 -0.973361 0.0329432 0.0204059 0.00702254 0.00127722 0.00180435 -0.0406709
292.77 0.49869 16.4829 0.599479 1.15201 -0.000464634 0.00339751 -0.215944 -0.9764 -0.00471655 0.00180794 0.0139564 -0.0072557 -0.00337047 0.0304978
293.566 0.504461 16.4845 0.603187 1.15613 -0.000817931 0.00401293 -0.269992 -0.962854 -0.0197846 -0.0014491 0.010483 0.00223012 -0.00093413 0.208781
294.404 0.497077 16.4688 0.593026 1.16439 -0.00112955 0.00370937 -0.329638 -0.944099 -0.0180705 -0.00975997 -0.000420824 -0.00222487 0.0020888 0.0854453
295.166 0.478485 16.4448 0.575602 1.17576 -0.000327509 0.00268587 -0.350064 -0.936722 -0.0143562 -0.00847301 -0.0112326 0.00082138 0.0041236 0.0498561
295.926 0.465302 16.4203 0.561048 1.17735 -0.000166807 0.00156381 -0.364629 -0.931152 -0.00629942 -0.00331851 -0.0135036 0.000216904 0.00378502 0.0398775
296.774 0.452376 16.4001 0.548214 1.18457 0.00301483 -0.00424864 -0.378748 -0.925485 0.00643853 0.00708655 -0.0276842 -0.00614333 0.0688943 0.0356562
297.64 0.463467 16.3966 0.559363 1.19879 -0.00105112 0.00238745 -0.394768 -0.918777 0.0161579 0.017029 -0.0094769 -0.000314813 0.0160703 0.0729366
298.414 0.467903 16.3866 0.561634 1.20124 -0.000817807 0.00016462 -0.42527 -0.905066 0.00596847 0.00159563 -0.0127082 0.0030681 0.00285051 0.0927912
299.156 0.472156 16.3868 0.569418 1.18634 0.00359294 -0.00530993 -0.443979 -0.896014 0.0247569 0.037981 -0.0192086 0.000790303 -0.00800852 0.0336667
299.89 0.495542 16.3986 0.597884 1.15359 0.00337792 -0.00514827 -0.452611 -0.891687 0.029373 0.0515578 -0.0183023 0.000169095 0.000892022 0.0228995
300.64 0.539752 16.4221 0.646077 1.14311 0.00311653 -0.00608356 -0.458139 -0.888854 0.0359386 0.0590764 -0.0141729 -0.000351079 0.000542975 0.00761195
301.424 0.537184 16.4557 0.703804 1.14344 0.00324361 -0.00630292 -0.459904 -0.88794 0.0394277 0.0642389 -0.015131 -0.000195348 0.000956482 0.00369401
302.226 0.486591 16.4847 0.752991 1.13479 -0.00182999 0.00153895 -0.442761 -0.896636 0.0117451 0.017112 0.00714203 -0.00312037 0.0021597 -0.131613
303.012 0.470237 16.4961 0.768217 1.13636 -0.00197543 0.00177902 -0.393992 -0.91911 -0.00563806 -0.00760911 0.00582214 0.00346504 -0.000707239 -0.160099
303.834 0.470511 16.5022 0.764615 1.13809 -0.00199167 0.00206737 -0.324145 -0.946003 -0.00936522 -0.0174622 0.00549539 -0.00328815 -0.00128372 -0.20419
304.644 0.482187 16.503 0.749646 1.1293 -0.00213923 0.00202715 -0.246946 -0.969025 -0.0122083 -0.0173524 0.0107143 -0.000360282 -0.0004533 -0.268235
305.382 0.495692 16.4967 0.732722 1.13296 -0.00119126 0.00201551 -0.139448 -0.990227 -0.0140686 -0.0142135 0.0129684 -0.00284513 0.00110277 -0.322735
306.188 0.516175 16.4854 0.716021 1.13848 -0.000496628 0.00156049 -0.0265102 -0.999647 -0.013143 -0.00530335 0.00091798 -0.00167656 0.000504455 -0.26504
306.944 0.526369 16.471 0.705499 1.13901 3.79967e-05 0.000836909 0.0595018 -0.998228 -0.0112482 0.00188229 0.00306216 -0.00132689 0.00166105 -0.219917
308.614 0.535243 16.4571 0.698126 1.15375 -0.00126765 -0.00873404 0.1669 -0.985934 0.0217792 -0.00256248 0.000797183 -0.0051082 0.00493117 -0.0565944
310.16 0.555757 16.5298 0.674424 1.15362 -0.000950489 -0.00662087 0.170354 -0.98536 0.0612978 -0.0198551 -0.00210621 -7.41991e-05 0.000838917 0.0108594
311.018 0.566649 16.5975 0.651901 1.14406 -0.000539985 -0.00701814 0.1654 -0.986202 0.0647296 -0.0192186 -0.00629078 -0.000113766 0.00119969 0.0191402
311.786 0.545836 16.6716 0.628542 1.12231 -0.000601996 -0.0071247 0.160383 -0.987029 0.071798 -0.0214833 -0.00532637 0.000135358 0.000894822 0.0176508
313.424 0.52701 16.7644 0.601551 1.1223 0.000746028 0.00286441 0.12077 -0.992676 -0.0152103 0.00356968 -0.00318425 -0.00172339 0.00046103 0.0772659
314.244 0.52947 16.763 0.599972 1.1081 0.00107689 0.00283206 0.088336 -0.996086 -0.0259717 0.00676216 0.0142916 -0.000349612 9.2633e-05 0.0975585
315.074 0.531691 16.7557 0.605827 1.11008 0.000904261 0.00291063 0.0526694 -0.998607 -0.0257226 0.00777984 0.0124998 0.00203875 -0.000860173 0.0827396
315.978 0.523742 16.7421 0.61718 1.12471 0.000553056 0.00284289 0.0117568 -0.999927 -0.0238138 0.00591515 -0.00141173 0.0019487 0.00144975 0.112981
316.754 0.529768 16.7187 0.62565 1.12398 9.37504e-05 0.00184872 -0.026507 -0.999647 -0.020693 0.00148046 -0.00205331 0.000940559 0.00354974 0.0992531
318.224 0.535873 16.6906 0.633846 1.11278 -0.000486712 0.00082256 -0.0748494 -0.997194 -0.00487517 -0.00394109 0.00846921 0.00097652 6.80719e-05 0.0506549
319.042 0.539214 16.6792 0.637259 1.12394 -0.000953038 0.000299488 -0.0966767 -0.995315 -0.00125015 -0.00494968 -0.000841823 -0.00021075 0.000978816 0.0558147
320.402 0.529218 16.6702 0.627088 1.13289 -0.000556251 -0.000340114 -0.129786 -0.991542 0.00356182 -0.00332066 -0.0107785 -0.000286366 0.00115207 0.0580304
321.202 0.521609 16.6687 0.620796 1.12871 -0.000344038 -0.000662651 -0.15126 -0.988494 0.00483723 -0.000198108 -0.00951157 0.000394403 0.00016291 0.0549749
322.174 0.518849 16.6754 0.616767 1.11939 -0.000262198 -0.000389007 -0.173665 -0.984805 0.00522428 0.00214297 0.00023463 -0.000755614 -0.000535626 0.0438762
323.398 0.515731 16.6847 0.613787 1.12548 5.96698e-05 -6.5314e-05 -0.203223 -0.979132 0.000754853 0.00476633 -0.00329552 -0.000726954 2.30028e-05 0.0559827
324.23 0.514088 16.6881 0.612508 1.12726 0.000256314 -1.14465e-05 -0.221782 -0.975096 -0.00127446 0.00516366 -0.00815543 -0.000223418 3.75596e-06 0.0406133
325.042 0.52174 16.6975 0.620693 1.11556 0.00207271 -0.00629944 -0.235142 -0.971938 0.0316613 0.0259896 0.00631671 -6.68053e-05 -0.0105347 0.03154
325.836 0.538307 16.7242 0.634226 1.12441 -0.000688501 0.00189174 -0.250469 -0.968123 0.0063969 0.00669433 -0.00732692 -0.00107824 0.00360768 0.0584538
326.704 0.5412 16.7341 0.635272 1.11744 0.00171675 -0.00957454 -0.272663 -0.962061 0.0158939 0.00947426 0.00167538 0.00453102 0.0113433 0.0316209
327.558 0.562936 16.7751 0.654245 1.11045 0.00116827 -0.00613907 -0.27214 -0.962237 0.0579893 0.0291126 0.000730574 -0.000568699 -0.000952753 -0.0185471
328.62 0.597116 16.8238 0.676071 1.09603 0.000773654 -0.007151 -0.258197 -0.966066 0.0511797 0.0205914 0.00186678 -0.00155707 -0.0137532 -0.0360549
329.404 0.587688 16.8653 0.691097 1.08672 -0.000292354 0.00247421 -0.242177 -0.970229 0.0233701 0.00740403 0.00761513 -0.00136884 0.00609653 -0.0659565
330.168 0.57597 16.8769 0.697969 1.08749 -0.00041505 0.0023428 -0.217921 -0.975963 -0.000188795 -0.0011483 0.00837468 0.000943086 -0.000467908 -0.071068
330.99 0.577098 16.8741 0.699485 1.09421 -0.00101105 0.00224621 -0.168091 -0.985768 -0.0058938 -0.0079718 -0.000475371 -0.0012384 -0.000218415 -0.175887
331.826 0.586101 16.8601 0.694556 1.09976 -0.000749654 0.00176178 -0.100243 -0.994961 -0.00724135 -0.00663296 -0.00519477 0.000318843 0.00147187 -0.159912
332.614 0.595901 16.8453 0.687218 1.09939 -0.000559102 0.00110271 -0.0475534 -0.998868 -0.00352395 -0.0052143 -0.00632777 -0.00114938 0.00146054 -0.149481
333.496 0.59665 16.8341 0.682098 1.1025 -0.000263012 0.000728394 0.0113431 -0.999935 0.00264505 -0.00109096 -0.00533857 -0.0017331 -4.93329e-05 -0.130889
335.054 0.598217 16.8173 0.676653 1.1001 0.000151155 -3.44689e-05 0.0594274 -0.998233 0.00752941 0.00227978 -0.00626165 -0.0010278 0.00130059 -0.0366044
335.896 0.593893 16.8145 0.674202 1.08349 0.000304815 -0.000236764 0.075841 -0.99712 0.00907384 0.00162393 0.00977955 -0.000918282 0.000586679 -0.0552886
336.676 0.596077 16.8119 0.673533 1.10479 0.000609799 -0.000642705 0.0990902 -0.995078 0.00885336 0.00190039 -0.00535384 -0.000510513 0.00507415 -0.0583432
337.514 0.597098 16.8335 0.671469 1.13427 -8.6131e-05 -0.00639392 0.108844 -0.994038 0.0533759 -0.0076661 -0.00882154 0.000739281 -0.00130975 0.00716644
338.362 0.607785 16.8863 0.665851 1.11592 -0.000214288 -0.00653977 0.104483 -0.994505 0.0635555 -0.010799 -0.00785283 0.000306685 0.00129076 0.013022
339.942 0.599918 17.0222 0.652789 1.1036 -0.000588541 -0.00702084 0.0931183 -0.99563 0.0738344 -0.0087933 -0.00967807 0.0164576 -9.00332e-05 0.0173792
340.774 0.608966 17.1053 0.641468 1.10412 -0.00117372 -0.00725183 0.094489 -0.995499 0.0769176 -0.0165752 -0.00970665 0.00020219 0.000242767 -0.0138223
341.608 0.628881 17.1931 0.626047 1.091 -0.00109746 -0.00675739 0.100901 -0.994873 0.083315 -0.0178118 -0.00359945 -0.0051354 -0.0557426 -0.0126345
342.448 0.659476 17.2537 0.608865 1.08674 0.000352076 -0.0082793 0.0954019 -0.995404 0.0298638 -0.00105781 -0.00656006 -0.00385415 0.0814186 0.0359372
343.352 0.67486 17.3224 0.601357 1.06979 -0.000191552 -0.00718051 0.0815522 -0.996643 0.0781265 -0.00231854 -0.00274386 0.0101554 -0.0544205 0.0336781
344.202 0.687001 17.3819 0.593669 1.05692 -0.000303037 0.0022243 0.0657869 -0.997831 0.0156981 0.00141979 0.0101271 -0.000247265 -0.00201101 0.0445975
345.106 0.697736 17.4017 0.588216 1.06562 0.000135209 0.00302077 0.0476617 -0.998859 -0.0141933 0.00645142 0.00886701 0.00123611 -0.00148407 0.0420541
345.888 0.70141 17.3997 0.583868 1.06401 0.00011633 -0.0110107 0.0331121 -0.999391 0.00608862 0.006596 -0.00423484 0.00250807 0.0374034 0.0361547
346.762 0.710037 17.4421 0.578514 1.05415 3.97632e-05 -0.00702763 0.0219291 -0.999735 0.0695354 0.00278348 -0.0061399 -0.000427489 -0.00134409 0.0235645
347.642 0.726455 17.5099 0.574586 1.05175 0.000316041 -0.00685374 0.0133836 -0.999887 0.0783459 0.00344964 -0.00968621 -0.000378656 -5.3445e-05 0.0216305
349.274 0.724854 17.6443 0.572382 1.02865 -0.000376928 0.00272919 0.0109671 -0.999936 0.0183281 -0.000288905 0.00806312 -0.00138082 -0.004214 -0.0421513
350.07 0.729777 17.656 0.570583 1.04532 -0.000374928 0.0026601 0.0272204 -0.999626 -0.0094355 0.000949738 -0.00284424 0.00765338 0.0578507 -0.0411702
351.802 0.74028 17.7476 0.55953 1.05883 -0.00144874 -0.00617396 0.0340748 -0.999399 0.0849818 0.00104163 -0.00275988 0.0227442 -0.0035506 0.0194706
352.656 0.751704 17.8018 0.548006 1.05706 -0.00178302 -0.0082417 0.0396843 -0.999177 0.0684557 -0.00960921 -0.00171026 -0.00214512 -0.0119749 -0.0328378
353.484 0.759977 17.863 0.537728 1.03709 -0.00147557 -0.00620832 0.0522825 -0.998612 0.0899133 -0.0145747 -0.00297444 0.000364772 -0.00128587 -0.0314949
354.434 0.77927 17.9435 0.518647 1.03773 -0.00140442 -0.00604301 0.0648419 -0.997876 0.0983668 -0.0175893 -0.00402849 0.000313473 -0.000138464 -0.0246054
355.4 0.799909 18.0272 0.496827 1.02737 -0.00139093 -0.00607909 0.0750763 -0.997158 0.103159 -0.0200866 -0.00278636 -0.000198545 0.000345016 -0.0212848
357.074 0.828573 18.1202 0.470623 1.04763 -0.000703781 -0.0019443 0.0557264 -0.998444 0.0311328 -0.00235381 0.00116241 0.0191794 0.131405 0.0764078
358.02 0.842049 18.1582 0.453932 1.05112 -0.00152021 -0.00612896 0.0510514 -0.998676 0.0896919 -0.0218184 -0.00200644 -0.00129168 -0.00140166 -0.0293325
359.686 0.88336 18.2713 0.413878 1.01342 -0.0011419 -0.00623459 0.072119 -0.997376 0.0917628 -0.0237495 -0.00160384 -0.00044217 0.00125003 -0.0225956
360.622 0.901403 18.3478 0.395449 1.02427 -0.00115731 -0.0063932 0.0808842 -0.996702 0.0904281 -0.023095 -0.00384291 -0.000337372 0.000563132 -0.0177724
361.49 0.922759 18.4222 0.374999 1.03723 -0.000949431 -0.00659735 0.0875578 -0.996137 0.0884763 -0.0234107 -0.0026663 -0.000150659 0.000476971 -0.0137551
362.38 0.930595 18.498 0.357061 1.02749 -0.000896752 -0.00658714 0.0924638 -0.995694 0.0876755 -0.0230944 -0.000814134 0.000294764 -0.000356909 -0.010516
363.306 0.948084 18.5873 0.343445 1.04144 -0.000978932 -0.00638743 0.0967092 -0.995292 0.0877401 -0.0210933 -0.00344035 0.000300497 -0.000417141 -0.00841473
364.224 0.930992 18.674 0.331035 1.0183 -0.00107684 -0.00626707 0.100299 -0.994937 0.0860048 -0.019345 -0.00159598 0.000311528 -0.000995257 -0.00798823
365.11 0.923763 18.7576 0.314504 1.02094 -0.00103595 -0.00604771 0.103556 -0.994605 0.0849875 -0.0187091 -0.00251677 0.000859871 -0.000670437 -0.00664867
365.96 0.93893 18.8353 0.29829 1.025 -0.00108211 -0.00579929 0.106233 -0.994324 0.0827233 -0.0182162 -0.00234964 0.000244986 0.000245237 -0.00678076
366.882 0.948589 18.9145 0.277424 1.04118 -0.00103435 -0.00556096 0.109274 -0.993996 0.0808616 -0.0190379 -0.00213389 -0.00111914 -0.00108851 -0.00572719
368.61 0.907495 19.0573 0.237064 1.04013 -0.000901266 -0.00493682 0.11331 -0.993547 0.0768803 -0.0180788 -0.00168848 0.000828041 -0.000592815 -0.00540817
369.54 0.896345 19.1298 0.217317 1.04894 -0.000844238 -0.0046565 0.115556 -0.99329 0.074269 -0.0180008 -0.00275106 -0.000460861 -0.000750876 -0.00444973
370.5 0.883268 19.201 0.195078 1.04561 -0.000728001 -0.00424496 0.116764 -0.99315 0.0721751 -0.0181943 -0.00344733 -0.000654131 -0.000880355 -0.00290792
371.57 0.871366 19.2704 0.176201 1.03594 -0.00069142 -0.00392565 0.117793 -0.99303 0.0685643 -0.0166451 -0.00279633 8.67546e-05 -0.000510544 -0.00105578
373.216 0.851583 19.3644 0.150613 1.02886 -0.000666485 -0.0036249 0.118108 -0.992994 0.0608572 -0.0148381 -0.00294679 -0.000111881 -6.45544e-05 -0.000511347
374.938 0.845313 19.4539 0.123395 1.0252 -0.000604986 -0.00327998 0.117672 -0.993047 0.054602 -0.0129569 -0.00159125 0.000470584 -0.000109332 0.00126477
376.528 0.873661 19.5252 0.0997889 1.0444 -0.000441393 -0.00309458 0.116386 -0.993199 0.0480114 -0.0126403 -0.00113582 2.68618e-05 -0.000719822 0.00310286
377.53 0.860461 19.5699 0.0880691 1.02148 -0.00044217 -0.00292599 0.114873 -0.993376 0.0447022 -0.0107638 -0.00336281 0.000549989 -0.00018363 0.00445444
378.684 0.873666 19.6209 0.0755894 1.02343 -0.000418638 -0.0027356 0.112167 -0.993685 0.0412356 -0.0100261 -0.0021986 -0.000460462 -0.000566359 0.00492423
379.48 0.870384 19.6538 0.0683073 1.01503 -0.000423909 -0.00258626 0.110331 -0.993892 0.0391018 -0.00884193 -0.00120539 0.00036537 -0.000345357 0.00485581
380.476 0.891594 19.6941 0.056212 1.02265 -0.000336175 -0.00237738 0.108123 -0.994135 0.0366196 -0.00933551 -0.000155965 -0.000641376 -0.000415086 0.00531578
381.42 0.903591 19.7471 0.0434009 1.01611 -0.00125277 -0.0177032 0.106133 -0.994194 0.120504 -0.023087 -0.0192832 0.00228018 -0.0541949 0.00210171
382.686 0.90446 19.9196 0.017157 1.00663 -0.000796126 -0.00486242 0.106258 -0.994327 0.112593 -0.0215321 -0.00583517 -0.00027739 -0.0124888 -0.00121601
383.708 0.90555 20.0176 -0.00515375 1.00044 -9.41656e-05 -0.000213948 0.10666 -0.994296 0.0542412 -0.0104962 -0.00175693 0.000552194 -0.00614324 -0.00105665
384.714 0.904968 20.0557 -0.0117038 1.0052 -2.61559e-05 0.00160669 0.106929 -0.994265 0.0190692 -0.00342104 -0.00268896 -0.000304135 -0.00251435 -0.000382902
386.544 0.912753 20.0544 -0.0112301 1.0038 9.02189e-05 0.00219573 0.10694 -0.994263 -0.00469229 -7.65548e-05 -0.00526937 -0.000724911 0.00137576 -0.000665808
387.56 0.884051 20.0344 -0.010236 0.981648 0.00027892 0.00157419 0.107077 -0.994249 -0.0037737 -0.000226094 0.0191886 -0.000787873 0.00154708 -0.000654527
388.576 0.89303 20.0118 -0.00698488 0.992291 0.00035985 0.000578169 0.10716 -0.994242 0.000866343 0.00102408 0.00892079 0.00115188 0.00113625 -0.000364213
389.724 0.888661 19.9954 -0.00234214 0.98897 0.000290431 -0.000242145 0.107341 -0.994222 0.00586819 -0.000805167 0.0134876 0.000401529 0.00128002 0.000243295
390.816 0.886732 19.9924 0.00461868 0.986071 -0.000116654 -0.000439521 0.107085 -0.99425 0.00760632 -0.00207615 0.015481 0.000474195 -0.00012702 -0.000808508
391.828 0.901538 19.9905 0.00595515 0.989364 -0.000138054 -0.000760352 0.107099 -0.994248 0.00531765 -0.00353211 0.00321951 5.74159e-05 0.000504827 -0.00127992
392.816 0.889205 19.9952 0.00556703 0.990596 -0.000208233 -0.000746429 0.107348 -0.994221 0.00418914 -0.00364565 0.0112628 -0.000180695 -0.0011611 -0.000802097
393.932 0.901956 20.0076 0.00461883 0.999021 -0.000269377 -7.41556e-05 0.107261 -0.994231 -0.000592418 -0.00292502 0.00107102 1.86366e-05 -0.00109828 -0.000511351
394.964 0.91656 20.0135 0.00205004 1.00777 -0.000294602 0.000196841 0.107325 -0.994224 -0.00607484 -0.00280353 -0.00690026 -0.00177044 -0.000221164 -0.000105532
396.064 0.921736 20.0174 -0.00152152 1.01133 -0.000101572 0.000377636 0.107372 -0.994219 -0.00848895 9.59452e-05 -0.0115622 0.000304233 -0.000463364 0.000229193
397.054 0.905258 20.0205 -0.00116395 1.00355 -0.000179905 0.000684556 0.107247 -0.994232 -0.00983328 0.00106616 -0.00228084 0.000428855 -0.000803655 -0.000477128
398.058 0.891184 20.0212 0.000118116 0.991106 -0.000338288 0.000888995 0.107275 -0.994229 -0.0109248 0.000809921 0.0104956 -0.000308385 -0.000584445 -0.000474847
399.066 0.905839 20.0173 -0.00582069 1.00662 0.000115528 0.000783952 0.107364 -0.994219 -0.0105936 0.0010809 -0.00500112 -0.000290587 -0.000391413 0.000135309
400.064 0.920698 20.0149 -0.00740641 1.0098 0.000165378 0.000848806 0.107077 -0.99425 -0.00902872 0.00244023 -0.0102788 -0.000834965 -0.000603826 -0.00117428
401.044 0.906024 20.0076 -0.00902787 1.00388 0.000424535 0.000576806 0.107243 -0.994233 -0.0083263 0.00285439 -0.00419688 -0.000810984 0.000814869 -0.000390806
401.976 0.905767 20.0041 -0.00570167 0.995563 0.00029292 0.000466369 0.107327 -0.994224 -0.00487888 0.00356877 -0.00129895 0.000466448 2.32778e-05 -0.000659298
403.09 0.891165 19.9973 -0.00260155 0.986693 0.000258924 1.77722e-05 0.107394 -0.994217 -0.00417599 0.00140713 0.0113824 -0.000401773 0.00148231 -0.000254836
404.884 0.889185 19.9971 0.00702427 0.988794 -0.000296227 -0.000167582 0.107178 -0.99424 -0.00209431 -0.00114946 0.0126292 0.000569309 0.000298698 -0.000516569
405.912 0.91687 20.0024 0.00534623 1.00805 -0.000236558 0.000133705 0.10729 -0.994228 -0.00149942 -0.00276528 -0.00494002 -9.92396e-05 -0.00136639 0.000111322
407.064 0.92126 20.0087 0.00181362 1.01229 -0.000110096 0.000551571 0.107335 -0.994223 -0.00450958 -0.00195927 -0.0105612 -0.000426998 -0.000136541 -0.000239142
408.79 0.904701 20.008 -0.000861793 1.00367 -3.10383e-05 0.000545452 0.107159 -0.994242 -0.00484137 -9.78649e-05 -0.00306531 -0.00045631 -0.000322562 -0.00134694
409.79 0.916348 20.0076 -0.00173681 1.00459 3.84585e-05 0.000626801 0.107196 -0.994238 -0.00444629 0.000596664 -0.00436364 0.000317351 -0.000174553 -0.000262395
410.814 0.902337 20.0039 0.00214755 0.99849 -0.000236988 0.000398253 0.10731 -0.994225 -0.00353481 0.00104985 0.000504338 0.00062661 -0.000190479 -0.0011386
411.774 0.8979 20.0025 0.00190625 0.995155 -0.000233586 0.000419008 0.107268 -0.99423 -0.00244392 -0.000356103 0.00494166 -0.000355667 2.58649e-05 -2.79636e-05
412.854 0.869199 19.9992 3.83478e-05 0.968071 -9.52856e-05 0.000252634 0.107462 -0.994209 -0.00132749 0.00033828 0.0345335 0.000163004 0.000117929 0.000252173
414.504 0.88991 19.9956 -0.00350881 0.990975 0.000176377 3.73118e-05 0.107395 -0.994216 0.000114443 0.000856257 0.0128032 3.8129e-05 0.000317856 -2.13497e-05
415.474 0.93586 19.9973 -0.00289363 1.02258 0.000155421 4.5786e-05 0.107257 -0.994231 0.00113726 0.00185421 -0.0244277 0.000889657 -0.000389455 4.79502e-05
416.274 0.921204 19.9993 -0.00128383 0.99821 4.14409e-05 0.000199838 0.107154 -0.994242 -0.000170531 0.00102438 -0.00467228 -8.15434e-05 0.000236263 -0.000775478
417.936 0.873897 20.0002 0.000130484 0.975196 -6.35606e-05 0.000171821 0.107298 -0.994227 -0.000788339 -0.000885213 0.0283522 -0.000989542 -0.000151747 -0.000198042
418.9 0.903964 20 -0.000320396 1.00281 2.31311e-05 0.000131039 0.107038 -0.994255 -0.00102157 0.000351126 -0.00175971 0.000375469 0.00010251 -0.0012472
419.912 0.901019 20.0007 -0.000990638 1.00085 9.35956e-05 0.000145096 0.107356 -0.994221 -0.000953008 -0.000316814 0.00173602 -0.000185079 -0.000459742 0.000447142
421.664 0.924217 20.0066 -0.00049994 1.01268 3.16121e-05 0.000557495 0.10739 -0.994217 -0.00146972 -0.000468643 -0.0122065 -0.000258585 -0.000992584 -0.000294908
422.67 0.928434 20.0049 -5.2019e-05 1.01693 2.97034e-05 0.000473772 0.107308 -0.994226 -0.00283043 0.000556328 -0.0172039 0.00112604 0.000193227 -0.000608938
423.586 0.926885 20.0019 2.94022e-05 1.01448 6.7988e-05 0.000307204 0.107367 -0.99422 -0.00224524 -6.43527e-05 -0.0150737 1.96927e-05 3.77512e-05 5.50771e-06
424.426 0.90433 19.9994 0.000902849 0.998816 -2.59518e-05 0.000165936 0.107381 -0.994218 -0.0011113 -0.00047742 -0.000665288 -0.000508458 -0.000195806 0.000487097
425.498 0.919366 19.9973 0.00127012 1.01061 1.20588e-06 3.8427e-06 0.107218 -0.994236 -6.43726e-05 -0.000441822 -0.00812928 0.000327229 -0.000162045 -0.000175346
426.364 0.928147 19.9995 0.00107597 1.01683 3.1737e-05 0.000173484 0.107082 -0.99425 0.000521726 -0.000376097 -0.0163475 0.000547314 -0.000595938 -0.000985124
427.34 0.91737 19.9974 0.00402486 1.00028 -0.000228615 -7.13668e-05 0.107202 -0.994237 -0.000775135 -0.00114269 -0.00470192 -0.00033711 5.54388e-05 -0.000286361
428.522 0.900071 19.9993 0.000732132 0.996998 -4.37275e-05 7.38043e-05 0.107172 -0.99424 4.88743e-05 -0.00126841 0.00158874 -2.13762e-05 -2.98392e-05 -0.00119375
429.304 0.897342 20.0002 0.00364135 0.997425 -0.000265883 8.42241e-05 0.107408 -0.994215 -0.000732679 0.00115423 0.00505094 0.00200786 0.000532595 -0.000251291
430.25 0.919935 20.0018 0.00362358 1.0062 -0.000368827 0.000150706 0.107241 -0.994233 -0.00110082 -0.000811805 -0.00700926 -0.000310015 -0.000325833 -0.000325104
431.28 0.906283 20.0034 -0.00058075 1.00494 -0.000126274 0.000268085 0.107217 -0.994236 -0.00126261 -0.00041257 -0.00371115 -5.86416e-05 -0.000548373 -0.000594828
432.188 0.900317 20.0056 -0.00405236 0.99881 3.44411e-05 0.00053059 0.107388 -0.994217 -0.00240319 0.00134665 0.00206512 -0.000126502 0.00057731 -0.000350145
433.198 0.881426 20.0021 -0.00576066 0.971942 0.000150483 0.000361789 0.107354 -0.994221 -0.0026618 0.00228946 0.023689 -0.0005213 0.00116855 0.000371353
434.926 0.895585 20.0016 -0.00510421 0.988472 0.000212243 0.000320842 0.107421 -0.994214 -0.000350688 0.00337889 0.00669334 0.000892496 -0.00046757 0.000446779
436.634 0.922678 19.9996 -0.00309094 1.00977 0.000253895 0.000267479 0.107358 -0.99422 -8.44224e-05 0.00098232 -0.0102954 -0.000132076 -0.000128048 0.00017369
437.666 0.904244 19.9983 0.000405219 0.99897 8.36543e-05 0.000139519 0.107258 -0.994231 4.75376e-05 0.00117649 0.0001469 0.000933915 8.05491e-05 9.87003e-05
438.6 0.900573 19.9975 0.00360844 1.00135 -0.000108481 4.3778e-05 0.107163 -0.994242 0.000290824 -0.000163509 0.000934323 0.000648677 0.000159937 -0.000833993
440.268 0.899995 19.9991 0.00548111 0.997056 -0.000358173 0.000109807 0.107208 -0.994237 0.000100306 -0.0011969 0.00294295 0.000102137 0.000104877 -0.000195696
441.358 0.917761 19.9993 0.00221505 1.00578 -0.00014311 0.000105534 0.107204 -0.994237 0.000248821 -0.0011318 -0.00570871 7.38467e-05 -0.000163041 -0.000152573
443.058 0.905193 20.0023 0.00134684 1.00105 -0.000211465 0.0003169 0.107292 -0.994228 -0.00010827 -0.000600124 -0.00231605 -0.000161478 -0.000326158 -9.79273e-05
443.98 0.897592 20.001 -0.00364384 0.991886 5.68236e-05 0.000226279 0.107226 -0.994235 -0.00149518 -0.000102146 0.00425409 -0.00117879 0.000308467 -0.00028353
444.944 0.893848 20.0013 -0.00640157 0.99355 0.000253144 0.00024338 0.10737 -0.994219 -0.000101423 0.00184962 0.00786619 2.21312e-05 -0.0010269 0.000607339
445.98 0.896957 20.0025 -0.00718355 0.996662 0.000343559 0.000415082 0.107173 -0.99424 -0.000874738 0.00287457 0.00449411 5.05119e-07 6.1317e-05 -0.000464511
446.96 0.917023 19.9997 -0.00191711 1.00087 0.000129606 0.000190159 0.107244 -0.994233 -0.000999996 0.00329072 -0.00315642 0.00174157 0.000409212 -0.000405334
447.876 0.900348 19.9993 0.00205169 0.997727 -9.19063e-05 0.000187607 0.10723 -0.994234 6.30684e-05 0.000890534 0.00181291 0.000637349 4.89524e-05 -0.000165258
449.574 0.902401 19.9982 0.000606652 0.99996 -2.2636e-05 0.000133093 0.107353 -0.994221 -6.74787e-05 -0.000712961 0.000105595 -6.98213e-05 1.72022e-05 0.000828117
450.614 0.904688 20.0003 -0.000360211 1.00122 2.19611e-05 0.000221933 0.107246 -0.994232 0.00145683 0.000298935 -0.00201218 0.000428851 -0.00114835 1.17077e-05
451.51 0.903526 20.0016 0.00109991 0.994904 -0.000132344 0.000303098 0.107223 -0.994235 -0.000223359 0.000583636 0.0027899 3.92979e-05 7.002e-05 -0.000124543
452.484 0.880776 20.0002 0.000804512 0.981102 -9.45293e-05 0.000198929 0.107273 -0.99423 -0.000208924 0.000100128 0.0201326 -3.11606e-06 -0.000141722 9.12224e-05
453.386 0.894245 19.9987 -0.00126276 0.995451 9.32232e-05 0.000113861 0.107209 -0.994237 9.69283e-06 0.000160843 0.00741343 1.05801e-05 -9.58429e-05 -5.49592e-05
455.102 0.922468 20.0003 -0.00213395 1.01165 8.97413e-05 0.000220514 0.107143 -0.994244 0.000490588 0.000524607 -0.0109031 -0.00010295 -0.000354416 -0.000891832
455.792 0.923185 19.9996 -0.000994999 1.00934 8.54747e-05 0.000208089 0.107299 -0.994227 -0.000136427 0.00128364 -0.0108861 0.000830188 0.000698232 -0.000247766
457.586 0.906042 19.9995 0.000597675 1.00286 -5.02706e-05 0.000144675 0.107412 -0.994215 0.000427967 2.87173e-05 -0.0027407 0.000142188 -0.000517132 0.000830214
458.624 0.897704 20.0018 0.00108682 0.997367 -0.000111792 0.000329124 0.107226 -0.994235 0.000248427 4.32415e-05 0.00438429 0.000238412 -0.000191352 -0.00025341
459.674 0.898431 20.0014 0.000194273 0.998587 -5.99534e-05 0.000337214 0.107238 -0.994233 -0.000457668 0.000248473 0.00353519 5.963e-05 0.00028978 -0.000732397
460.866 0.899073 20.0003 -0.000889952 0.999712 -5.21307e-05 0.000288638 0.107447 -0.994211 -0.000440496 -0.000265449 0.00302109 -0.000917165 0.00048034 0.000622953
462.596 0.927768 20.0006 -0.00351408 1.01764 0.000178948 0.000388049 0.107177 -0.99424 0.000365408 0.000965513 -0.0165531 0.000134423 0.000112869 -0.000584389
463.582 0.932757 19.9984 0.000252308 1.01747 -8.82971e-05 0.000244168 0.10732 -0.994225 0.000381028 0.000938002 -0.0202345 -0.000258559 0.000422563 -0.000297108
465.334 0.925788 19.994 0.00255872 1.01151 -0.000204338 -0.00015683 0.107354 -0.994221 0.00198896 -0.00045798 -0.014001 -0.000113994 -3.27737e-05 0.000513781
466.306 0.886391 19.9945 -0.00182257 0.975136 7.70608e-05 -0.000207721 0.107292 -0.994228 0.00142528 -0.000533662 0.0205434 -0.00100297 -0.000365482 -0.000132674
467.244 0.872435 19.997 -0.00463313 0.972363 0.000285473 -0.000141737 0.10717 -0.994241 0.00116518 0.000983508 0.0299749 0.000125383 -0.0007031 -0.000302562
469.01 0.888326 20.0051 -0.00245259 0.992029 0.000140395 0.000308793 0.107395 -0.994216 -0.00248863 0.00144067 0.0122021 0.000122129 0.000690267 0.000366592
469.982 0.930566 20.0073 -0.00394938 1.02007 0.000374186 0.000432962 0.107427 -0.994213 -0.00269595 0.000693349 -0.0200251 0.000478614 -0.000645118 0.000719451
470.928 0.923572 20.0091 -0.000753503 1.00941 0.000179546 0.000635938 0.107247 -0.994232 -0.00370461 0.000426154 -0.011243 0.000411942 -0.000138868 0.000275382
471.964 0.924006 20.0066 0.00315721 1.01391 -1.3707e-05 0.000589776 0.107175 -0.99424 -0.00431602 -0.00125621 -0.0141381 1.41195e-05 0.000842559 -0.000298954
472.842 0.920616 20.0037 0.00686724 1.00845 -0.000198166 0.000398097 0.107328 -0.994224 -0.0028547 -0.00163658 -0.00910293 0.00154001 0.000709172 9.50645e-05
473.87 0.895429 20.0046 0.00802248 0.992556 -0.000369659 0.00057716 0.107021 -0.994257 -0.00109768 -0.00353508 0.00759121 0.000112018 -0.000473235 -0.000867136
474.464 0.898627 20.002 0.00742301 0.998604 -0.000346418 0.000495382 0.107194 -0.994238 -0.00188955 -0.00366213 0.00270701 -0.000455372 0.000960841 -0.000763912
475.458 0.884561 20.0003 0.00570667 0.980642 -0.000312824 0.000398819 0.107253 -0.994232 0.00069589 -0.00347819 0.0178444 -0.000565166 -0.000904538 7.62302e-05
476.484 0.900075 19.9982 0.00480657 1.00455 -0.000420051 0.000274629 0.107246 -0.994233 0.000840316 -0.00244472 -2.80202e-05 -0.00079497 -0.000628445 -0.000574467
477.406 0.88634 19.9932 4.4555e-05 0.973013 -0.000108736 1.8456e-05 0.107345 -0.994222 0.00128025 -0.00165866 0.0208719 -0.0014319 0.000639084 4.33401e-05
479.006 0.896786 19.9882 -0.00233425 0.996603 9.49035e-05 -0.000480034 0.107245 -0.994233 0.00417217 0.00122614 0.00441282 0.000215055 -5.22209e-06 3.52569e-05
480.624 0.882028 19.9986 0.000207271 0.983968 -0.000100729 -5.35788e-05 0.10724 -0.994233 0.00236059 0.000385303 0.0200941 -0.000338222 -0.000876976 -0.00050231
481.604 0.925014 20.0044 -0.00101571 1.01438 2.88845e-05 0.000241567 0.107351 -0.994221 -0.000831741 -0.000621268 -0.0139317 -0.00058085 -0.000429516 0.000574726
482.558 0.890854 20.0073 0.000327008 0.99356 -3.61886e-05 0.00041674 0.107065 -0.994252 -0.00322718 0.00014283 0.0111528 0.000452764 0.000435498 -0.000893569
483.492 0.923601 20.0096 0.000655674 1.01446 -8.51375e-05 0.000589994 0.107373 -0.994219 -0.00297866 -0.000730214 -0.0139351 4.94635e-05 -0.00111567 4.18535e-05
484.408 0.926129 20.0061 -0.00173808 1.01395 0.000135278 0.0003606 0.107211 -0.994236 -0.00464411 -0.000856381 -0.0151556 -0.000564078 0.00034745 -6.82557e-05
485.372 0.905398 20.0062 -0.00151546 1.00383 7.24612e-05 0.000517699 0.107219 -0.994235 -0.00279986 -0.000707644 -0.00369063 -0.000753463 -0.000376416 -0.000336683
486.304 0.90613 20.0063 -0.00215488 1.0054 0.000194778 0.000606124 0.107387 -0.994217 -0.00193191 -4.79605e-05 -0.00435893 0.000417813 -0.000829201 0.000720928
487.446 0.919155 20.0019 -0.000811904 1.00562 0.000169152 0.000444196 0.10723 -0.994234 -0.00255377 -0.000313577 -0.00684885 -0.000422666 0.00121624 -0.000336958
488.45 0.904789 19.9978 -0.00019319 1.00197 0.000215416 0.000246252 0.107249 -0.994232 -0.000200419 -0.000772611 -0.00210663 0.000244636 0.000608973 -0.000481026
490.042 0.906036 19.9934 0.0050016 1.00353 -9.45626e-05 -7.45863e-05 0.107177 -0.99424 0.00169597 -0.00208206 -0.00405036 0.000184389 0.000682073 -0.000614947
491.032 0.921206 19.9957 0.00647375 1.01224 -0.000261746 5.86355e-05 0.10735 -0.994221 0.00252562 -0.00304628 -0.00936092 -0.000663046 -6.4347e-05 -0.000159739
491.936 0.897013 19.9978 0.00668024 0.994708 -0.000307857 0.000106073 0.107392 -0.994217 0.00205919 -0.00276719 0.00557433 0.000496614 -0.000433525 0.000646129
493.044 0.89965 19.9989 0.00385701 0.999218 -0.000148527 0.000115981 0.107249 -0.994232 0.000775922 -0.00329334 0.00281618 -0.00047221 -0.000121181 -0.000171283
493.886 0.901305 20.0009 0.00188103 1.00041 -0.000124338 0.000277489 0.107401 -0.994216 0.000411665 -0.00208063 0.000524019 -0.000120369 -5.195e-07 0.000541292
494.922 0.89923 19.9985 0.000797376 0.996374 -0.000113499 8.43103e-05 0.107259 -0.994231 -0.000520045 -0.000648497 0.00384113 -4.69038e-06 0.000241458 0.000381754
495.906 0.906217 19.9985 -0.00162746 1.00194 6.55848e-05 9.79415e-05 0.107358 -0.99422 0.000560455 -0.000622314 -0.00337422 -0.000201249 -0.000580089 0.000550407
497.438 0.87242 20.0018 0.000391387 0.976059 -0.000144658 0.000196796 0.107217 -0.994236 0.00087845 0.000577834 0.028194 0.000600161 -0.00172484 8.30941e-05
498.352 0.892405 20.0049 -0.00132615 0.994312 -2.52937e-05 0.000479515 0.107136 -0.994244 -0.000992383 -8.92005e-05 0.00834782 -0.000290682 5.3562e-08 6.46328e-05
500.048 0.921342 20.0056 -0.000198781 1.00722 -0.000112737 0.000622248 0.107254 -0.994231 -0.00122254 0.000845764 -0.0084164 0.000325418 0.000268839 -0.000348234
500.946 0.922072 19.9993 -0.000768026 1.0104 -2.47613e-05 0.000201545 0.10721 -0.994236 -0.00270442 -6.24573e-06 -0.00951675 -0.000618101 0.0016291 -0.0006939
501.848 0.928621 19.995 -0.00118521 1.01466 4.80392e-05 -4.95035e-06 0.107383 -0.994218 0.00013996 0.000609137 -0.0174658 -4.04575e-05 0.000913827 0.000287436
502.95 0.903068 19.9966 -0.00128443 0.999088 5.50597e-05 4.02731e-05 0.107079 -0.994251 0.00168757 0.000493112 -0.000588873 8.9121e-05 -0.000287479 -0.000740192
504.486 0.923269 19.9989 -0.00274651 1.00964 0.000176039 0.000106461 0.107236 -0.994234 5.11667e-05 -0.000332761 -0.0110515 -0.00116683 -0.000178527 -9.58717e-05
505.502 0.879915 20.0009 -0.00101496 0.974709 7.42644e-05 0.000206164 0.107416 -0.994214 8.98825e-05 0.000728732 0.0233018 0.000269494 -0.000263791 0.00101571
506.486 0.893245 20.0022 -0.00162481 0.997303 0.000170495 0.000267798 0.1073 -0.994227 -0.000692426 -0.000455918 0.00861736 -0.000418192 -0.000374395 0.000230213
507.396 0.931926 20.0026 0.00209691 1.01935 -7.77475e-05 0.000230022 0.107199 -0.994237 -0.00128694 0.000661144 -0.020813 0.000927556 9.72885e-05 -0.00057396
508.356 0.902619 20.0053 0.00217728 0.995123 -0.000126751 0.00050277 0.107209 -0.994236 -0.00136348 -0.00108973 0.00060517 -0.000322031 -0.000227382 -0.000381701
