22.308 0.77091 -0.00866828 0.0199978 0.608909 -0.000308357 0.000321633 -0.549323 -0.83561 -8.99292e-05 0.000388385 -0.056192 0.00124193 -0.000894395 0.257035 0.00033459 0.000360249 -0.0564175 0.00152775 -0.0013156 0.259496
22.504 0.709354 -0.00918152 0.0219452 0.606712 -0.000405685 0.000320943 -0.571117 -0.820869 0.000512048 0.000669623 -0.0537861 0.00099536 -0.000982252 0.242071 0.000752605 -0.000263418 -0.0537868 0.00099536 -0.000982252 0.242071
22.812 0.704419 -0.0103674 0.0229633 0.601157 -0.000499091 0.000336153 -0.60022 -0.799835 0.000851556 -0.000461859 -0.0485201 0.000941965 0.000500324 0.212488 -7.28273e-05 -0.0010538 -0.0490205 0.000619583 0.00033963 0.215012
23.57 0.697725 -0.0142179 0.01955 0.596643 0.00217146 -0.00304498 -0.647828 -0.761778 0.00573755 0.0152625 0.0308851 -3.16554e-05 -0.00930221 0.0788094 0.0142469 -0.00292075 0.029136 0.000720027 -0.00876515 0.0876305
23.802 0.701914 -0.0141553 0.0231935 0.604043 0.00181529 -0.00245638 -0.652717 -0.757596 0.00723907 0.0225654 0.0379099 -0.00122713 -0.00516602 0.0423837 0.0231566 -0.00380441 0.0380534 -0.00122713 -0.00516602 0.0423837
24.548 0.721537 -0.0110805 0.0380455 0.620395 -0.00110908 0.000729026 -0.654094 -0.756412 0.00739151 0.0112425 -0.0311252 -0.000520928 0.0115187 -0.0497925 0.0135225 -0.00566065 -0.0315214 -0.000207091 0.010819 -0.0468089
24.926 0.723721 -0.0104893 0.0373237 0.620833 -0.000154727 3.29408e-05 -0.644946 -0.764228 0.00620779 0.00298405 -0.0349886 -0.000553811 0.00125908 -0.0780338 0.00434863 -0.00580092 -0.0349869 -0.000733696 0.00172506 -0.0769235
25.156 0.718017 -0.0108756 0.0376568 0.614866 -0.000104959 9.41329e-06 -0.639248 -0.769001 0.00470211 0.00226284 -0.0282944 0.000227067 -4.09494e-05 -0.0801287 0.003145 -0.00445643 -0.0296493 0.000318709 5.06176e-06 -0.0801476
25.482 0.704602 -0.0120825 0.0385422 0.595932 0.00131891 -0.00263412 -0.628995 -0.777404 0.00356437 0.00433495 0.00867402 0.0016793 0.0305383 -0.0739113 0.00350759 -0.00242655 0.0259084 0.0110809 0.0589957 -0.0751955
25.808 0.684289 -0.0128693 0.0412622 0.581482 0.00220681 -0.00412925 -0.621076 -0.783736 0.00724588 0.0181081 0.0303786 0.00013979 0.00110151 -0.0654602 0.0190041 -0.00286536 0.0305598 0.00013979 0.00110151 -0.0654602
26.144 0.6796 -0.0110193 0.047561 0.579605 0.00204883 -0.00328627 -0.612934 -0.790125 0.0105985 0.0276517 0.0359621 -0.00674641 -0.000675968 -0.0557127 0.0283042 -0.00372837 0.0337663 -0.0057198 -0.00183991 -0.0567249
26.484 0.692759 -0.00877 0.0570329 0.594511 0.0024247 -0.00302015 -0.607136 -0.794588 0.0096159 0.0330676 0.0367801 -0.000287776 0.000404181 -0.0263348 0.0339273 -0.000677971 0.0372378 -0.000367118 0.000130511 -0.0298329
26.966 0.710826 -0.006864 0.0738482 0.614425 0.00125871 -0.00339644 -0.604491 -0.796604 0.00870746 0.0363277 0.0399908 0.00274858 -0.000800698 -0.0242919 0.0366691 0.00165121 0.0401141 0.00380547 -0.00134625 -0.0225845
27.882 0.770599 0.00427014 0.116505 0.669904 0.00194515 -0.00386917 -0.595558 -0.803301 0.0125229 0.0473371 0.0416288 -4.15759e-05 -0.00130686 -0.0141928 0.0485764 0.00183626 0.0420422 -4.15759e-05 -0.00130686 -0.0141928
28.244 0.789466 0.0103922 0.137752 0.685901 0.00243783 -0.00470024 -0.593312 -0.804955 0.0137566 0.052434 0.0530445 0.00146764 0.00131773 -0.0218254 0.0534366 0.00245729 0.0533312 0.00202662 0.00196681 -0.0211214
28.696 0.806215 0.017268 0.160747 0.699356 0.00370848 -0.00582534 -0.588814 -0.808239 0.0143544 0.0561968 0.0285978 -0.00442562 0.0144173 -0.0205332 0.0568519 0.00331542 0.0297986 -0.00545303 0.0182017 -0.0223608
29.062 0.823957 0.0271804 0.183367 0.717038 0.00419457 -0.0062409 -0.586706 -0.809765 0.0181996 0.0662999 0.0243206 0.00292655 -0.000937943 -0.00144605 0.0673336 0.00341201 0.0269132 0.00196777 -0.000815735 -0.00271771
29.948 0.865531 0.0599563 0.249879 0.743371 0.00428999 -0.00601856 -0.582096 -0.813086 0.0320315 0.0747776 0.0251031 -0.0160408 0.00573636 -0.0346322 0.080731 -0.00622135 0.0262995 -0.0160408 0.00573636 -0.0346322
30.416 0.875311 0.0774429 0.294654 0.740752 0.00511879 -0.00642974 -0.578606 -0.815566 0.0279815 0.0882955 0.028882 0.00328965 -0.00244275 -0.00201779 0.0920955 0.00273426 0.0304 0.00328965 -0.00244275 -0.00201779
30.718 0.871353 0.085673 0.319271 0.742853 0.00490603 -0.00696436 -0.579174 -0.815159 0.026742 0.0895747 0.024445 0.00899799 0.00798684 0.00985976 0.0929559 0.00422508 0.0260321 0.00899799 0.00798684 0.00985976
31.002 0.87387 0.0932123 0.343974 0.749749 0.00467674 -0.00767486 -0.580146 -0.814463 0.0283502 0.0912388 0.0242999 0.000384634 0.000587092 0.00520131 0.095043 0.00305623 0.0260041 0.000384634 0.000587092 0.00520131
31.434 0.88587 0.108396 0.390845 0.76395 0.00505971 -0.0078688 -0.580097 -0.814494 0.0315521 0.0971001 0.00711377 -0.00162122 0.000939613 -0.00243096 0.101044 0.00207895 0.00887058 -0.00178808 0.00165355 -0.00236606
31.732 0.882255 0.12063 0.425806 0.757779 0.00515131 -0.00780606 -0.579304 -0.815058 0.0337055 0.104103 0.00799725 0.00023425 -0.00188361 -0.00110399 0.108301 0.00222905 0.00981005 -6.33876e-05 -0.00113435 -0.00179144
32.216 0.893475 0.142253 0.48587 0.768985 0.0027423 -0.0072376 -0.577143 -0.816606 0.0389429 0.101739 0.0382565 -0.00172476 0.00655831 -0.0248817 0.10847 -0.00201524 0.0396869 -0.000876397 0.00579466 -0.0219952
32.58 0.909863 0.162543 0.532079 0.790237 0.00343722 -0.00754934 -0.571731 -0.820399 0.0440419 0.102958 0.0425864 -0.00120924 -0.000516821 -0.045631 0.111128 -0.00554373 0.0444225 -0.00120924 -0.000516821 -0.045631
33.5 0.949039 0.207413 0.632422 0.86543 0.00473837 -0.00774807 -0.561999 -0.827088 0.0419604 0.113365 0.0623445 0.00929663 -0.00765901 -0.000939327 0.119699 0.00279158 0.0645243 0.00929663 -0.00765901 -0.000939327
33.922 0.963513 0.229728 0.677567 0.893504 0.00465347 -0.00845461 -0.560949 -0.827794 0.0468132 0.112524 0.0687538 -0.00169494 0.00216201 -0.00842663 0.120288 -0.00142455 0.071243 -0.00177546 0.00322684 -0.00752164
34.258 0.97047 0.248079 0.71661 0.918595 0.00503629 -0.00860821 -0.559486 -0.82878 0.0490788 0.11466 0.0587092 -0.0122319 0.00352179 -0.0160677 0.123501 -0.00257235 0.0611829 -0.0122319 0.00352179 -0.0160677
34.604 0.983272 0.26555 0.757047 0.943798 0.00687117 -0.00789684 -0.558917 -0.829157 0.0443811 0.120985 0.0431713 0.0015861 -0.00104532 0.00613175 0.127361 0.00347829 0.0458732 2.89279e-05 -0.000732729 0.00316938
35.096 0.992419 0.288981 0.818361 0.963882 0.00567735 -0.0100417 -0.562103 -0.826987 0.0452235 0.128992 0.0309418 0.00629563 0.00268292 0.0210775 0.135835 0.00548011 0.0340635 0.00629563 0.00268292 0.0210775
36.14 0.990284 0.345174 0.958417 0.987528 0.00603051 -0.0100271 -0.561111 -0.827658 0.0552316 0.137336 0.0278272 -0.000994142 0.00226075 -0.0115026 0.147334 -0.00042472 0.0312788 -0.000994142 0.00226075 -0.0115026
37.174 1.01706 0.416204 1.11392 1.01648 0.00580329 -0.010017 -0.556719 -0.83062 0.0615579 0.145566 -0.0123649 -0.000383894 0.000273598 -0.00894297 0.158282 -0.00163329 -0.00870809 -0.000383894 0.000273598 -0.00894297
37.528 1.02539 0.440896 1.1663 1.02224 0.00630403 -0.0105983 -0.554964 -0.831783 0.0639318 0.147773 -0.0130791 -0.000445245 0.00219721 -0.0110849 0.160816 -0.00239156 -0.00898588 -0.000760198 0.0037378 -0.0109741
38.632 1.04085 0.52134 1.32766 1.00675 0.00612849 -0.0107727 -0.548543 -0.836031 0.0722512 0.150627 -0.0231741 -0.00179322 0.00103965 -0.0197181 0.167462 -0.00634574 -0.0190276 -0.00179322 0.00103965 -0.0197181
39.018 1.05497 0.552151 1.39085 1.00495 0.0065095 -0.0111619 -0.545054 -0.838302 0.0735255 0.153134 -0.0238647 0.000446509 0.000617153 -0.020744 0.170033 -0.00517557 -0.0196008 0.000461518 0.000897267 -0.0207827
39.498 1.08358 0.584854 1.46266 1.01858 0.00733129 -0.0107019 -0.541286 -0.840738 0.0739852 0.158129 0.0361373 -0.00926983 0.0013438 -0.013527 0.173575 -0.00192552 0.0406507 -0.00926983 0.0013438 -0.013527
39.878 1.04302 0.613085 1.52267 1.04206 0.00804196 -0.0115216 -0.540594 -0.841166 0.0713644 0.162991 0.0324256 0.00181878 0.00103328 0.00469058 0.176403 0.00240845 0.0375257 0.00173743 0.00321129 0.00279745
40.364 1.06757 0.647592 1.60511 1.05913 0.00711146 -0.0109789 -0.542512 -0.839946 0.0698653 0.165818 0.0106939 0.00970074 0.00525258 0.013247 0.179538 0.00451064 0.015396 0.00970074 0.00525258 0.013247
40.734 1.05771 0.678052 1.67218 1.04862 0.00682707 -0.0121156 -0.54388 -0.839048 0.0760147 0.167969 0.00307934 -0.00190971 -0.00123776 -0.000861827 0.18421 -0.000803553 0.00819709 -0.00190971 -0.00123776 -0.000861827
41.244 1.05427 0.715492 1.75781 1.0345 0.00698508 -0.0116552 -0.54249 -0.839952 0.0785394 0.170393 0.00504596 -0.00459585 0.00331884 -0.0113328 0.18741 -0.00149911 0.0101408 -0.00459585 0.00331884 -0.0113328
42.63 1.06896 0.819033 2.00834 1.06994 0.00738005 -0.0115416 -0.541654 -0.84049 0.0734632 0.176826 0.0268196 0.00139979 0.00120807 0.00685119 0.190574 0.00615009 0.032052 0.00139979 0.00120807 0.00685119
43.02 1.07691 0.847361 2.07667 1.08041 0.00756699 -0.0120009 -0.542726 -0.83979 0.0741772 0.178576 0.0280201 -0.000374496 0.000465941 0.00980054 0.192411 0.00573477 0.0334905 -0.000374496 0.000465941 0.00980054
43.458 1.09662 0.881965 2.15897 1.10108 0.00757982 -0.0121258 -0.544567 -0.838596 0.0752028 0.181807 0.0282122 -1.28887e-05 0.000372593 0.0103025 0.195633 0.00537414 0.0338009 6.34031e-05 0.000312497 0.0105496
43.896 1.11818 0.915786 2.23866 1.12097 0.00786851 -0.0126443 -0.546089 -0.837595 0.0758513 0.184175 0.0287158 0.000201795 0.000878284 0.00780769 0.19792 0.00497507 0.0346355 0.000201725 0.00116482 0.00789182
44.41 1.13182 0.962744 2.33543 1.13467 0.00813553 -0.0129183 -0.547564 -0.836625 0.0805977 0.189987 0.0296204 -0.00136623 -0.00210475 0.00574961 0.204868 0.00236603 0.0359689 -0.00115194 -0.00201693 0.0058285
44.814 1.13747 0.998754 2.40729 1.13729 0.00830744 -0.0129005 -0.548299 -0.836142 0.083194 0.193531 0.0303228 -0.000489718 0.000162203 0.00573701 0.209624 0.000849845 0.0367718 -0.000489718 0.000162203 0.00573701
45.278 1.08795 1.04323 2.49784 1.12427 0.00719828 -0.0132947 -0.548289 -0.836152 0.0893157 0.192756 -0.00847596 -0.00216249 0.000619293 -0.0124755 0.212618 -0.00479247 -0.00224001 -0.00191797 -0.000691215 -0.0104859
45.788 1.02116 1.09024 2.59409 1.12684 0.00713652 -0.0124505 -0.544613 -0.838565 0.0900882 0.18833 -0.00717952 4.52681e-05 0.0030541 -0.0211614 0.209193 -0.00583506 -0.00114465 -6.69237e-06 0.00272362 -0.0210733
46.262 0.954834 1.12986 2.67594 1.14915 0.00671352 -0.0113882 -0.541311 -0.840718 0.0874051 0.182432 0.0263689 0.000149843 0.00363803 -0.0190246 0.201482 -0.00403636 0.0317067 0.000149843 0.00363803 -0.0190246
46.756 0.904287 1.17247 2.76397 1.1527 0.00632028 -0.0105716 -0.538105 -0.842788 0.0837911 0.175103 0.00199392 9.69595e-05 0.00286166 -0.013262 0.193997 -0.00232513 0.00677409 9.69595e-05 0.00286166 -0.013262
47.17 0.862378 1.20482 2.83834 1.1452 0.00583864 -0.00996754 -0.536136 -0.844052 0.0792403 0.168714 0.00255137 0.000586342 0.00144272 -0.00987231 0.186287 -1.26267e-05 0.00685399 0.000586342 0.00144272 -0.00987231
47.588 0.826709 1.23543 2.90269 1.14556 -0.000107693 -0.000735574 -0.534083 -0.845432 0.0670189 0.141314 -0.000375526 0.000423933 -0.033586 -0.0278931 0.156401 0.000173511 -0.000199161 0.000423933 -0.033586 -0.0278931
48.058 0.806079 1.26324 2.95811 1.15307 0.00162618 -0.00318976 -0.523678 -0.851909 0.0466381 0.0965647 -0.0059283 0.000803955 0.00400075 -0.075914 0.107259 0.00198378 -0.00516396 0.000803955 0.00400075 -0.075914
48.464 0.792391 1.28179 2.99666 1.1529 0.00187216 -0.00335298 -0.506859 -0.862021 0.0404601 0.084096 -0.00971344 -0.000894691 0.000436549 -0.109989 0.0940312 0.0053732 -0.00962717 -0.000852381 0.000488755 -0.109322
48.924 0.783503 1.30095 3.03152 1.14972 0.00204328 -0.00319468 -0.485017 -0.874496 0.0370765 0.0765259 -0.00371593 -0.00024591 -0.00057322 -0.111786 0.0845752 0.0090707 -0.00307152 -0.00024591 -0.00057322 -0.111786
49.47 0.777127 1.31775 3.06422 1.15468 0.00200106 -0.00302027 -0.458908 -0.888477 0.0334747 0.0696267 -0.00914889 -0.000177581 -0.000552889 -0.118961 0.0762175 0.0130095 -0.00858989 -0.000177581 -0.000552889 -0.118961
50.872 0.769149 1.35374 3.1319 1.13795 0.00294099 -0.00611512 -0.400486 -0.916278 0.0297642 0.0576438 -0.0075073 0.0110775 0.0869572 -0.0633319 0.0626195 0.0173103 -0.00665017 0.0110775 0.0869572 -0.0633319
51.47 0.772607 1.37889 3.16611 1.11367 0.00362879 -0.00788802 -0.38662 -0.922198 0.0618812 0.0814292 -0.00747856 -0.000126886 -0.00377962 -0.037651 0.101565 0.0129584 -0.00570911 -0.000126886 -0.00377962 -0.037651
52.026 0.785731 1.41269 3.20441 1.1128 0.00360335 -0.00758422 -0.378557 -0.92554 0.0706178 0.0848601 -0.00896856 1.47993e-05 -0.0011836 -0.0278839 0.10998 0.0110559 -0.00711525 1.47993e-05 -0.0011836 -0.0278839
53.366 0.83959 1.51242 3.31936 1.10228 0.00484071 -0.00653007 -0.375568 -0.926759 0.0733125 0.0921004 -0.00569846 -0.00233554 -0.00153289 0.0222764 0.116822 0.0150983 -0.00379882 -0.00233554 -0.00153289 0.0222764
53.864 0.863299 1.5483 3.36611 1.10498 0.00516612 -0.00801093 -0.383241 -0.923599 0.0719736 0.0963727 -0.00706223 0.00130643 -0.00215592 0.0460541 0.118823 0.0170453 -0.00488335 0.0013328 -0.00192323 0.0457143
54.374 0.886562 1.58262 3.41421 1.10413 0.00511431 -0.00847201 -0.393303 -0.919356 0.0745319 0.100553 -0.00800654 0.000821396 -0.000395863 0.0420098 0.124328 0.0155554 -0.00552811 0.000821396 -0.000395863 0.0420098
55.052 0.920824 1.6225 3.4751 1.09958 0.00131572 -0.000975918 -0.415148 -0.909752 0.0421966 0.0648944 0.00504318 0.00234055 0.0146772 0.132483 0.0766557 0.0106434 0.00527993 0.00234055 0.0146772 0.132483
55.714 0.944382 1.64705 3.51715 1.11538 0.00126053 -0.00206244 -0.458113 -0.888891 0.0314355 0.0501107 -0.00761312 -0.000477264 0.000430247 0.156417 0.0590885 0.00347792 -0.00732709 -0.000477264 0.000430247 0.156417
56.192 0.959297 1.66128 3.53908 1.12047 0.00113556 -0.00204976 -0.489734 -0.871869 0.0291308 0.0454923 -0.0145194 -3.92669e-05 -0.000889343 0.151734 0.0543547 -0.00092981 -0.0136641 0.000147236 -0.000901213 0.152585
57.63 0.988768 1.68747 3.59017 1.11366 0.000540579 -0.00158673 -0.586497 -0.80995 0.0219472 0.0400202 -0.00954624 -0.000332215 -0.000651506 0.170666 0.0449007 -0.00837273 -0.00939416 -0.000332215 -0.000651506 0.170666
58.14 0.993261 1.69246 3.60496 1.07873 0.000299143 -0.00143088 -0.616984 -0.786975 0.0196957 0.0381741 0.0257925 0.000448576 8.24039e-05 0.159551 0.0419218 -0.00980567 0.0252611 0.000279771 -0.000228817 0.160913
58.674 1.00027 1.69952 3.61874 1.09034 0.000108814 -0.00135676 -0.648106 -0.761549 0.0184761 0.0351594 0.0178587 1.41658e-05 -4.95222e-05 0.130629 0.037622 -0.0125872 0.0179619 1.41658e-05 -4.95222e-05 0.130629
59.33 1.00878 1.70562 3.62518 1.11265 0.000229882 -0.00147852 -0.675948 -0.736948 0.0147081 0.0272884 -0.00656409 0.000965183 0.00135874 0.124222 0.0290575 -0.0123902 -0.00510837 0.00096258 0.00143053 0.124305
59.914 1.01544 1.71256 3.63266 1.11413 0.000187343 -0.0015655 -0.701932 -0.712243 0.013612 0.0236774 -0.00857497 -0.000103172 6.72176e-05 0.116244 0.0240164 -0.0130195 -0.00825661 0.000314012 0.000160862 0.11656
60.508 1.02492 1.72081 3.64317 1.10596 0.000129639 -0.00150077 -0.72429 -0.689494 0.0125713 0.0210073 -0.0035425 0.00126501 -0.00010417 0.103963 0.0204827 -0.0136345 -0.00455965 0.00126555 -0.00011282 0.104705
61.142 1.03174 1.72589 3.65234 1.11079 6.01996e-05 -0.00164774 -0.743554 -0.668674 0.0100345 0.0175148 -0.00524753 0.000796475 0.000327713 0.0863339 0.0164056 -0.0120206 -0.00462842 0.000930009 0.000611599 0.0876893
62.594 1.05106 1.74435 3.67442 1.11691 0.000148597 -0.00137052 -0.779771 -0.626064 0.00772703 0.011216 0.00143277 -0.000278842 -0.000469822 0.0693032 0.00932693 -0.0100896 0.000511299 -0.000116673 -0.000436264 0.0697561
63.2 1.05833 1.74486 3.70514 1.1306 0.00963461 -0.00760151 -0.790895 -0.611829 -0.0189266 0.0815492 0.00806093 0.000252954 -0.0190203 0.0436618 0.0803285 -0.00232679 0.0102366 0.000856077 -0.02353 0.0451202
63.722 1.05879 1.73752 3.75327 1.12442 0.00898104 -0.00713866 -0.796715 -0.604246 -0.0273162 0.102895 0.00916753 -0.000551359 -0.000648387 0.0302824 0.106211 -0.00143888 0.0116076 -0.000551359 -0.000648387 0.0302824
64.314 1.06026 1.72327 3.82916 1.12931 0.00907129 -0.0063211 -0.802016 -0.597201 -0.0331507 0.112183 0.0142252 -0.00149237 0.00136367 0.0291104 0.116477 -0.000703201 0.0168337 -0.00202995 0.000801831 0.0287042
64.82 1.06152 1.70375 3.8944 1.12783 0.00944168 -0.00700458 -0.807202 -0.590159 -0.0395299 0.115676 0.0134893 0.000818482 0.00118369 0.0328868 0.121866 0.00258208 0.0163585 0.000818482 0.00118369 0.0328868
65.348 1.06292 1.67833 3.97309 1.12218 0.00960912 -0.00753328 -0.812025 -0.583495 -0.043385 0.123296 0.004943 -8.51103e-05 0.00133703 0.025422 0.130534 0.00179838 0.00812822 -8.51103e-05 0.00133703 0.025422
65.934 1.07068 1.64294 4.06728 1.13261 0.00987833 -0.00727525 -0.815996 -0.577928 -0.0492536 0.128795 -0.00229164 -0.00348112 -0.0031092 0.020242 0.137785 0.003347 0.00134146 -0.00427244 -0.00352454 0.0200269
66.468 1.08277 1.6111 4.15112 1.12517 0.0101982 -0.00764302 -0.819891 -0.572378 -0.0547253 0.131059 -0.000510584 0.000703844 0.00240862 0.0263263 0.141858 0.00620217 0.00309852 0.000703844 0.00240862 0.0263263
67.08 1.10952 1.5761 4.26038 1.12006 0.0106646 -0.00780961 -0.824595 -0.565569 -0.0579257 0.13956 0.00555216 -0.000946113 -1.66279e-05 0.0260393 0.150454 0.00389613 0.00945932 -0.00115073 3.8987e-05 0.0262029
67.744 1.1357 1.53741 4.38487 1.13679 0.0113108 -0.0081237 -0.829242 -0.558716 -0.0623931 0.150326 0.00636282 -0.00131631 -0.00117938 0.021336 0.161844 0.00159646 0.0085353 -0.000527095 -0.000720121 0.0216473
68.342 1.14365 1.49953 4.49627 1.14795 0.0119213 -0.00795262 -0.833087 -0.552957 -0.0676639 0.155856 0.0171169 -0.000286684 0.000394547 0.0244293 0.1689 0.00186965 0.0218449 -0.000180046 0.000418094 0.0241508
68.866 1.15926 1.46142 4.59819 1.15537 0.0121648 -0.00825852 -0.836814 -0.54729 -0.0720569 0.162096 0.0101278 0.00958072 0.00297531 0.0233768 0.177013 0.00105083 0.0153379 0.00958072 0.00297531 0.0233768
69.624 1.16458 1.40231 4.7488 1.16918 0.0120986 -0.00966835 -0.837961 -0.545511 -0.0693263 0.176959 0.00508751 -0.00128637 -0.000118637 -0.0105462 0.189218 -0.00801715 0.0111449 -0.00142578 -0.000391631 -0.00980182
70.198 1.17959 1.36009 4.86546 1.18068 0.0129848 -0.00931327 -0.836355 -0.547955 -0.0723703 0.184297 0.00354833 -0.00108944 0.000290448 -0.00971727 0.19765 -0.00723834 0.00987337 -0.00108944 0.000290448 -0.00971727
71.7 1.238 1.23474 5.19844 1.20303 0.0133107 -0.00952597 -0.836 -0.548485 -0.0812717 0.198935 0.00324399 -0.000534765 -9.48587e-05 0.000871168 0.214035 -0.00461952 0.0103772 -0.000380498 0.00044179 0.000723595
72.258 1.27123 1.18669 5.31972 1.19536 0.021063 -0.014484 -0.836152 -0.547902 -0.099763 0.23929 0.00597957 -0.000246895 -0.020782 0.000738242 0.255105 -0.00411434 0.0193482 -0.000429598 -0.0187721 0.000802171
72.836 1.29918 1.12384 5.47934 1.20011 0.0195636 -0.0125629 -0.836417 -0.5476 -0.111929 0.266675 -0.00301468 -0.0156711 -0.00982263 0.00162535 0.289011 -0.00406905 0.0104298 -0.0156711 -0.00982263 0.00162535
73.504 1.30101 1.04111 5.67097 1.20163 0.0194084 -0.0122348 -0.838296 -0.544733 -0.124786 0.272256 -0.00255652 0.00120913 0.00156864 0.0158428 0.298666 0.00340952 0.010947 0.00181302 0.00187982 0.0154521
74.344 1.31426 0.927764 5.92305 1.21449 0.0197098 -0.0126668 -0.841747 -0.539363 -0.132157 0.2827 -0.0014769 -0.00102794 0.000367376 0.0141282 0.311786 0.00193926 0.0131431 -0.00102794 0.000367376 0.0141282
74.952 1.31446 0.838883 6.11388 1.20939 0.0199566 -0.0128146 -0.843984 -0.535843 -0.137772 0.288262 0.00108214 -0.000348473 0.000824268 0.0129354 0.318758 0.00217455 0.01604 -3.33635e-05 0.000950605 0.0131341
76.504 1.20081 0.634675 6.59415 1.18843 0.0169434 -0.0122392 -0.842085 -0.53894 -0.120101 0.291503 0.000772805 -0.00166777 -0.0049475 -0.0211105 0.314698 -0.0130145 0.0139473 -0.00166777 -0.0049475 -0.0211105
78.132 1.21698 0.45049 7.05245 1.21957 0.0136422 -0.0096501 -0.835806 -0.54877 -0.103031 0.254171 0.00181729 -0.000930097 -0.00468342 -0.0108444 0.274923 -0.00636581 0.0107385 -0.000958461 -0.00470528 -0.0109216
78.92 1.23272 0.37888 7.2345 1.23234 0.0123167 -0.00854641 -0.833852 -0.551785 -0.0940683 0.234437 0.00159415 -0.00056352 -0.00472841 -0.00743601 0.252393 -0.00506221 0.00916639 -0.00056352 -0.00472841 -0.00743601
79.596 1.15944 0.321516 7.38229 1.14677 0.0111634 -0.00641812 -0.834524 -0.550822 -0.0900115 0.209743 -0.00355504 0.00238586 -0.00273995 0.0198176 0.229528 4.16842e-05 0.00315538 0.00179525 -0.00329082 0.0191857
80.264 1.13889 0.271912 7.50427 1.13941 0.00750876 -0.00466462 -0.83854 -0.544769 -0.0734152 0.174682 -0.0157582 -0.000956766 0.00360251 0.0222848 0.189691 -0.00390805 -0.0124087 -0.000956766 0.00360251 0.0222848
81.806 1.12579 0.181097 7.70996 1.12204 0.00641458 -0.00396053 -0.847572 -0.530627 -0.056672 0.133224 -0.0109766 0.000528732 -0.00173849 0.0183076 0.144746 -0.0072178 -0.008796 0.000528732 -0.00173849 0.0183076
82.644 1.12112 0.137645 7.7947 1.10606 0.0175078 -0.00895806 -0.852458 -0.522426 -0.0604591 0.129626 -0.115879 -0.00880026 0.101486 0.0234319 0.135659 -0.00577962 -0.114623 -0.0177337 0.171157 0.0264129
83.332 1.07036 0.090365 7.89067 1.06565 0.0106499 -0.00459438 -0.853967 -0.520197 -0.0915125 0.170281 -0.0693715 0.000100193 -0.0202248 -0.00393062 0.195876 0.00307395 -0.0654417 5.88768e-05 -0.0210091 -0.00309406
83.968 1.04186 0.0401027 7.97686 1.0381 0.00567616 -0.00185073 -0.852959 -0.521945 -0.0774244 0.136268 -0.0408378 0.000797288 -0.0148822 -0.00677893 0.157038 0.00703196 -0.0389971 0.000797288 -0.0148822 -0.00677893
84.798 1.02098 -0.011554 8.05394 1.01669 0.00165994 8.07497e-05 -0.851808 -0.523851 -0.0449838 0.0750847 -0.0171888 0.00141032 -0.00610966 -0.00185411 0.0897155 0.00639369 -0.0174815 0.00138134 -0.00631631 -0.00201672
85.43 1.0032 -0.0370994 8.08654 0.993943 -0.000289206 0.000791861 -0.851565 -0.524248 -0.0253977 0.0435488 0.00350633 0.000649634 -0.00585751 -0.0014803 0.050325 0.00306189 0.00344296 0.000649634 -0.00585751 -0.0014803
87 0.994493 -0.0542148 8.09613 0.992611 -0.00151284 0.00099988 -0.851121 -0.524966 0.0044671 -0.0045277 0.00951603 0.000866841 0.000952087 -6.36421e-05 -0.00544317 -0.00194316 0.00932001 0.000978697 0.00109129 -5.30629e-05
