23.35 0.782752 0.00105781 0.0189199 0.677486 -0.000187036 8.73503e-05 -0.563031 -0.826436 0.00315027 -0.00180961 -0.0257326 -0.000263353 -0.000124514 0.146315 -0.000590925 -0.00363008 -0.0267797 -0.000272341 -8.22744e-05 0.149307
23.59 0.768018 0.0013504 0.0191692 0.662211 -0.000180415 0.000131279 -0.577122 -0.816658 0.00305491 -0.00130261 -0.0102165 -0.000132913 -0.000282232 0.131454 -0.000258567 -0.00337885 -0.0139199 -0.000203118 -0.000293423 0.133392
23.798 0.761622 0.00143324 0.0199461 0.657216 -0.000163072 0.000130042 -0.585806 -0.810451 0.00277536 -0.000248197 -0.040392 0.000417067 -1.24059e-05 0.124324 0.000618623 -0.00271767 -0.0403919 0.000417067 -1.24059e-05 0.124324
24.062 0.753309 0.00233193 0.0215037 0.649009 -0.000334984 0.000224578 -0.599245 -0.800565 0.00356817 0.00118071 -0.0362293 -0.000368391 -0.00167952 0.11093 0.00200923 -0.00298445 -0.0371891 -0.00019108 -0.00176624 0.111945
24.308 0.749095 0.00295047 0.0222226 0.646303 -0.00034106 0.000330868 -0.610115 -0.792313 0.00363452 0.00120156 -0.0322542 -0.000752508 -5.5256e-05 0.0996353 0.00210198 -0.00323677 -0.0325528 -0.000567763 -0.000178163 0.10086
25.104 0.745979 0.00408687 0.0212541 0.641648 -0.000276457 0.000360416 -0.638519 -0.769606 0.0030032 0.000850466 -0.0285487 0.000470529 0.000347231 0.0822017 0.00136428 -0.00279362 -0.0285501 0.000470529 0.000347231 0.0822017
25.43 0.735119 0.00364551 0.0194505 0.627343 -0.000277645 0.000318466 -0.648295 -0.761389 0.00248502 0.000272472 -0.0225973 -2.13328e-06 0.000344874 0.0705257 0.000921053 -0.00242058 -0.0231699 -1.84403e-06 0.000155929 0.0712137
25.728 0.716821 0.00126771 0.0162615 0.611947 -0.00010867 0.000211635 -0.656262 -0.754533 -0.000185153 -0.00172935 -0.0136561 -5.8501e-05 0.00303598 0.07018 -0.00148855 -0.000491235 -0.0152963 -7.26764e-05 0.00271395 0.0671672
26.056 0.712252 -0.0024237 0.0105999 0.610292 0.000250578 -8.80545e-05 -0.668207 -0.743976 -0.00262833 -0.00395237 -0.00909496 0.000376771 0.00266551 0.11379 -0.00420667 0.00219266 -0.00909636 0.000376771 0.00266551 0.11379
26.368 0.713495 -0.00291498 0.00893096 0.609777 0.000180065 -0.000154757 -0.683335 -0.730105 -0.00110359 -0.00207331 -0.00917257 -0.000752755 -0.00173673 0.144264 -0.0021374 0.000964587 -0.00917353 -0.000752755 -0.00173673 0.144264
26.83 0.708268 -0.00311894 0.00681166 0.605725 0.000180014 -0.000149938 -0.708218 -0.705994 5.61059e-05 -0.00186682 -0.00369658 -0.000339665 0.000301385 0.157265 -0.00186526 -5.00795e-05 -0.00369745 -0.000339665 0.000301385 0.157265
27.53 0.721192 -0.00394063 0.00914473 0.622347 -0.000250978 -0.000260957 -0.74351 -0.668725 0.00158776 0.00128071 -0.00252631 8.8426e-05 -0.000410428 0.114138 0.0011058 -0.00171597 -0.0025251 8.8426e-05 -0.000410428 0.114138
27.962 0.72041 -0.00394442 0.00960868 0.619362 -0.000112631 -0.000248465 -0.757309 -0.653056 0.00255733 0.000136043 -0.00120016 -0.000525552 0.000676282 0.0723426 -8.68611e-05 -0.00254436 -0.0019868 -0.000648982 0.000749793 0.0769947
28.18 0.724186 -0.00533102 0.0108115 0.622507 -0.000252088 -0.000446367 -0.761545 -0.648112 0.00116578 0.00104285 -0.0015608 0.00892599 -0.00122189 0.0393187 0.000781941 -0.00139108 -0.00142675 0.00674451 -0.000802192 0.0520236
28.586 0.724781 -0.00617795 0.010002 0.626168 -0.000167177 -0.00171016 -0.756897 -0.653532 0.0043573 -6.18403e-06 0.0482762 0.00257937 0.0458281 -0.108878 -0.000737071 -0.0041743 0.0482867 0.00257937 0.0458281 -0.108878
28.834 0.741197 -0.00550853 0.0101115 0.643959 0.00355018 -0.00416466 -0.747869 -0.663823 0.00407495 0.0119608 0.0551235 -0.00733337 0.00502482 -0.11267 0.0107946 -0.00538166 0.055252 -0.00733337 0.00502482 -0.11267
29.056 0.75678 -0.00509373 0.0142846 0.664955 0.00346231 -0.00335366 -0.739953 -0.672641 0.000981242 0.0244418 0.0604576 -0.000257857 -0.00571746 -0.078626 0.0236541 -0.00328239 0.0606893 -0.000257857 -0.00571746 -0.078626
29.438 0.796882 -0.00421149 0.0255618 0.706658 0.00330934 -0.00359638 -0.733201 -0.679995 -0.00126675 0.0354963 0.0580816 0.00121542 -0.000339053 -0.0385039 0.0342099 -0.00143783 0.0584047 0.00143924 0.000658881 -0.041035
29.83 0.834971 -0.00369143 0.0415825 0.735932 0.000458299 -0.000938374 -0.72878 -0.684747 -0.0015175 0.0394122 -0.0189576 0.00153949 -0.0644578 -0.0425493 0.0406493 -0.000995137 -0.0162882 -0.000306187 -0.0695036 -0.0391045
30.038 0.8387 -0.0033595 0.0498769 0.737891 -0.00169822 0.000805495 -0.724458 -0.689316 -0.000291223 0.0257011 -0.0211671 0.000999817 0.00267802 -0.0801436 0.0273815 -0.000883786 -0.0211052 0.00137055 -0.000695419 -0.0772984
30.274 0.840296 -0.00311172 0.0583752 0.741388 0.00279103 -0.00321995 -0.715936 -0.698153 0.000304927 0.0198471 0.0631882 -0.00657968 0.105044 -0.104087 0.018177 -0.000992844 0.0605827 -0.00490196 0.106781 -0.105807
30.496 0.847639 -0.00360229 0.0659506 0.749292 0.00670091 -0.00606815 -0.709342 -0.704806 -0.00222448 0.0387691 0.0567197 -0.00381736 -0.00387152 -0.0712141 0.0377518 0.00192795 0.0574125 -0.00381736 -0.00387152 -0.0712141
30.868 0.863894 -0.00473072 0.0838841 0.766296 0.0047827 -0.00431582 -0.704572 -0.709603 -0.006016 0.0579914 0.0689352 0.00251295 -0.00635431 -0.00972987 0.0570555 0.00637952 0.0696795 0.00251295 -0.00635431 -0.00972987
31.582 0.901528 -0.00418319 0.128333 0.796905 -0.00227092 0.000896294 -0.701949 -0.712223 -0.00150392 0.0427934 -0.0168063 -0.000882798 0.00542337 -0.0679264 0.0426915 0.00209206 -0.0170012 -0.000882798 0.00542337 -0.0679264
31.976 0.905147 -0.00190374 0.147076 0.800385 -0.000431041 -0.000157999 -0.686606 -0.72703 0.00157317 0.0250872 -0.0181105 -0.0028611 0.00233209 -0.141468 0.0264493 -0.000216183 -0.0174183 -0.00338063 0.00391291 -0.137087
32.248 0.902225 -0.00106227 0.153603 0.801446 -7.48525e-05 -0.000252863 -0.671986 -0.740564 0.00100416 0.0180288 -0.0186747 -0.000827555 0.00297646 -0.154229 0.0184989 0.000543728 -0.0188497 -0.000855365 0.00298608 -0.153794
32.65 0.928022 -0.000150054 0.1664 0.831284 0.00637833 -0.00661579 -0.651501 -0.758592 0.00108283 0.0321154 0.0897718 -0.0056106 0.0376555 -0.106545 0.030258 0.00368451 0.0903462 -0.0056106 0.0376555 -0.106545
33.004 0.960012 0.00172557 0.182508 0.868614 0.00598866 -0.00553566 -0.643446 -0.765448 0.00187172 0.0628141 0.089024 0.00263589 -0.0109785 -0.0219441 0.0607521 0.00877079 0.090037 0.00263589 -0.0109785 -0.0219441
33.274 0.990883 0.00295367 0.200479 0.896093 0.0054679 -0.00606173 -0.642971 -0.765847 0.00308776 0.0748842 0.097977 0.00253481 0.00250125 0.0130107 0.0726795 0.00986571 0.0991818 0.00253481 0.00250125 0.0130107
34.102 1.09121 0.0100341 0.26716 0.994109 0.00570937 -0.00555324 -0.648604 -0.761085 0.00533015 0.0936886 0.0989406 0.00187484 0.00102274 0.0317295 0.0917674 0.00944557 0.100423 0.00187484 0.00102274 0.0317295
34.386 1.1199 0.0113608 0.295449 1.02775 0.00662316 -0.0067655 -0.651343 -0.758724 0.00449784 0.100165 0.118567 0.000383517 0.0135433 0.0347924 0.0974332 0.0105741 0.120443 0.000383517 0.0135433 0.0347924
34.682 1.16073 0.0144174 0.328863 1.07449 0.00704264 -0.0073476 -0.654804 -0.755731 0.00577714 0.11036 0.123538 -0.000122168 0.000354612 0.0336133 0.107524 0.00986693 0.12576 -0.000122168 0.000354612 0.0336133
35.1 1.20489 0.0184844 0.373631 1.10009 -0.00196968 0.00111786 -0.65729 -0.753634 0.00586769 0.0946832 -0.0155606 0.00540997 -0.056415 -0.0146391 0.0997311 0.00746601 -0.0164561 0.00696917 -0.071109 -0.00956647
35.572 1.21659 0.021693 0.404545 1.10889 -0.000183987 -0.000389598 -0.64608 -0.76327 0.00378725 0.046699 -0.0231972 -0.00249854 0.00831079 -0.0968215 0.0466914 0.00395944 -0.0231836 -0.00249854 0.00831079 -0.0968215
35.906 1.21912 0.0234428 0.420564 1.10792 0.000394603 -0.000695556 -0.632233 -0.774778 0.00204917 0.034976 -0.0228112 -0.000920757 0.00274195 -0.112524 0.0355783 0.00491584 -0.023024 -0.000985875 0.00279151 -0.112392
36.312 1.21641 0.0273659 0.436778 1.10456 0.000713714 -0.000838454 -0.613394 -0.789776 0.00154165 0.0298391 -0.0194485 -0.000743675 -0.00049157 -0.100409 0.0294162 0.00581134 -0.0199757 -0.000718491 0.000292838 -0.102187
37.242 1.20228 0.0328346 0.458877 1.10345 0.00134523 -0.00219973 -0.579625 -0.814879 0.000930308 0.0234397 0.00804622 0.0285285 0.132548 -0.0803991 0.022406 0.00681383 0.00815916 0.0285285 0.132548 -0.0803991
37.7 1.20092 0.0462858 0.484366 1.10709 0.0114282 -0.021138 -0.566654 -0.823606 0.0576614 0.126543 0.00437301 -0.00389537 -0.0543501 -0.0539252 0.138425 -0.00858146 0.0110424 -0.00389537 -0.0543501 -0.0539252
38.118 1.18277 0.0744848 0.536234 1.10787 0.0087909 -0.0171253 -0.558386 -0.829358 0.083715 0.169122 0.0148157 0.00809043 -0.0112256 -0.0425513 0.187486 -0.0138618 0.0220614 0.00809043 -0.0112256 -0.0425513
38.53 1.1735 0.110738 0.60138 1.11932 0.00453627 -0.00871046 -0.550646 -0.834681 0.0854652 0.163055 0.00752022 -0.000669235 0.00174328 -0.042895 0.185717 -0.0145523 0.0112076 -0.00108685 -0.00492821 -0.0428982
39.636 1.15667 0.193932 0.768174 1.14199 -0.000756192 0.00392427 -0.540737 -0.841182 0.0469015 0.103365 -0.0074308 0.00565901 0.0320072 0.0875269 0.11985 -0.00034875 -0.00792897 0.00308037 0.0151096 0.070322
40.16 1.15334 0.21133 0.812527 1.14207 0.000554959 -0.00061533 -0.571421 -0.820657 0.0240391 0.0649368 -0.00831599 0.00205392 0.0032872 0.181227 0.0707011 0.000527223 -0.00878766 0.00273701 0.0036876 0.179314
40.52 1.1495 0.21996 0.832071 1.14273 0.000500278 -0.00114542 -0.596199 -0.802836 0.0214257 0.0548675 -0.00800625 0.00550707 0.00191183 0.160689 0.0595004 -0.00396674 -0.00795062 0.00378697 0.00208626 0.170533
41.434 1.12926 0.239056 0.863433 1.12687 0.000796099 -0.00116751 -0.599391 -0.800455 0.0212149 0.0404627 0.00891208 -0.0011365 0.0010835 -0.0776003 0.0451808 -0.0092709 0.00912616 -0.00147118 0.000514469 -0.0762624
41.96 1.13194 0.246636 0.874979 1.13071 0.00845393 -0.0150038 -0.584516 -0.811199 0.037768 0.0769749 -0.0180726 -0.00182047 -0.0086871 -0.0669473 0.0799237 -0.0111626 -0.0149828 -0.0016251 0.000790118 -0.0678559
42.55 1.13764 0.264849 0.916788 1.13809 -0.00108266 0.00166857 -0.569268 -0.822149 0.0295265 0.0661763 -0.00479377 0.00309046 0.0284265 -0.0730801 0.0773115 -0.00520439 -0.00472605 0.00249196 0.0165949 -0.0711061
43.054 1.1374 0.274311 0.940033 1.13642 0.00589194 -0.0125537 -0.553851 -0.8325 0.0245358 0.0528623 -0.0124008 0.013327 0.125346 -0.076221 0.0585553 -0.0022529 -0.0107897 0.013327 0.125346 -0.076221
44.138 1.13057 0.312821 1.01656 1.12651 0.0102652 -0.0165759 -0.526819 -0.849754 0.0424447 0.0848739 -0.0371859 -0.00819498 -0.0150004 -0.0401342 0.0898854 -0.000640132 -0.0335089 -0.0126388 0.0117079 -0.0443764
44.638 1.11821 0.350028 1.07874 1.10448 0.00799605 -0.0125285 -0.522187 -0.852701 0.062307 0.125928 -0.0389106 -9.92654e-05 -0.00410258 -0.0028338 0.141582 0.00175789 -0.0347175 -9.92654e-05 -0.00410258 -0.0028338
45.256 1.09592 0.404013 1.17713 1.07294 0.00619384 -0.012092 -0.522484 -0.852541 0.0721452 0.13739 -0.0285763 -3.80444e-05 0.000532868 -0.00195743 0.155886 -0.00197541 -0.0243582 -3.80444e-05 0.000532868 -0.00195743
45.782 1.10164 0.451473 1.26375 1.05998 0.0062199 -0.0118095 -0.519755 -0.854211 0.0774183 0.137888 -0.0206548 0.000329593 0.00234301 -0.0194433 0.158469 -0.0052929 -0.0161388 0.00092261 0.00153689 -0.0186451
46.314 1.11932 0.497856 1.34952 1.05438 0.00714449 -0.012356 -0.515102 -0.85701 0.0801314 0.141298 -0.0140077 -0.00204645 0.00258201 -0.0229347 0.162711 -0.00446581 -0.0093658 -0.00204645 0.00258201 -0.0229347
46.9 1.15069 0.553291 1.45705 1.04461 0.0079674 -0.0125039 -0.511952 -0.858886 0.0801871 0.154649 -0.023401 0.00366233 -9.87243e-05 0.000112232 0.174099 0.00266172 -0.0112775 0.00245119 -0.00182989 -0.00112958
47.312 1.03546 0.590118 1.53388 1.02875 0.00795972 -0.0133688 -0.512552 -0.858515 0.0820424 0.161433 -0.0359542 0.000931058 0.000209246 0.00471409 0.182063 0.00437103 -0.0303043 0.000931058 0.000209246 0.00471409
47.804 1.02998 0.640005 1.62824 1.0124 0.00660527 -0.011362 -0.513544 -0.857962 0.081143 0.156367 -0.030721 -3.33027e-05 0.00736729 0.00174891 0.176898 0.0023506 -0.0260819 -3.33027e-05 0.00736729 0.00174891
48.378 1.04586 0.691257 1.72544 1.00779 0.00660156 -0.0118544 -0.513598 -0.857924 0.0810652 0.153771 -0.0236455 0.00343889 -0.0010932 -0.0032934 0.174561 0.0013077 -0.0188986 0.00407812 -0.00155826 -0.00300306
49.578 0.993552 0.810503 1.94292 0.97897 0.00702979 -0.0122571 -0.509032 -0.860632 0.0874765 0.160302 -0.0185491 0.00033135 0.000371831 -0.00490858 0.183067 0.000546172 -0.0133822 0.00033135 0.000371831 -0.00490858
50.078 0.97024 0.857455 2.02853 0.966268 0.00647812 -0.0113611 -0.508097 -0.861201 0.0865459 0.158624 -0.0166325 0.000149137 0.00241536 -0.00344626 0.18132 0.000913651 -0.011846 0.000154998 0.00181624 -0.00345382
51.286 0.954236 0.974505 2.23722 0.955297 0.00656669 -0.011189 -0.506521 -0.86213 0.0859324 0.157579 0.0274162 -0.000122027 -0.000473849 0.000648084 0.178707 0.00164361 0.0320636 -0.000122027 -0.000473849 0.000648084
51.756 0.963504 1.01574 2.31098 0.962254 0.00635786 -0.0109125 -0.506837 -0.861949 0.0857507 0.157214 0.0254954 -0.000143356 0.000210214 0.000462037 0.178465 0.0015205 0.0300399 -9.13789e-05 4.40825e-05 0.000541412
52.204 0.960425 1.05852 2.38598 0.961805 0.00649087 -0.0110819 -0.50692 -0.861898 0.0869597 0.158188 0.0270628 -0.000351955 -0.000404738 -2.09571e-05 0.179757 0.000877199 0.03169 -0.000351955 -0.000404738 -2.09571e-05
52.728 0.993311 1.10714 2.47257 0.996528 0.00629418 -0.0108404 -0.50691 -0.861908 0.086656 0.157665 0.0156867 0.00501219 0.00874685 -0.000244228 0.179245 0.000779117 0.0399029 0.00277285 0.00502501 -8.30413e-05
54.016 0.975464 1.2259 2.68323 1.03877 0.00525578 -0.0106742 -0.502176 -0.864684 0.092649 0.155937 0.0668536 -0.000884639 0.00470975 -0.0194089 0.180121 -0.00301125 0.0712471 -0.000844287 0.0050147 -0.0185694
54.56 0.931014 1.27452 2.76569 1.07539 0.00547643 -0.0106161 -0.496999 -0.867669 0.0921336 0.151733 0.0648334 8.01571e-05 0.00154933 -0.0231384 0.176293 -0.00281161 0.0690713 1.12713e-05 0.00117198 -0.0231258
55.208 0.854344 1.32841 2.85625 1.10391 0.00527798 -0.0100772 -0.490999 -0.871086 0.0894044 0.146717 0.061233 9.27494e-05 0.00155366 -0.0192957 0.170546 -0.000599026 0.0648909 2.60615e-05 0.00176593 -0.0195716
55.656 0.81808 1.36856 2.91962 1.13608 0.00452184 -0.00849676 -0.487668 -0.872976 0.086275 0.140342 0.0297986 -0.00172557 -0.0325834 -0.016575 0.164136 0.000130687 0.0329635 -0.00172557 -0.0325834 -0.016575
56.13 0.794181 1.40502 2.97633 1.14386 0.000572965 -0.00152345 -0.477684 -0.87853 0.0602507 0.0965345 -0.0126544 -0.00186466 0.0200747 -0.0907837 0.113818 0.0019042 -0.0122884 -0.00186466 0.0200747 -0.0907837
56.648 0.771496 1.4312 3.01753 1.13805 0.00178721 -0.00277063 -0.453631 -0.891184 0.0479791 0.0776879 -0.00632536 -0.000695355 0.000697388 -0.123903 0.0920073 0.00646869 -0.00593278 -0.000886121 0.000864755 -0.123809
57.124 0.754062 1.44853 3.05156 1.13746 0.00183243 -0.00278848 -0.428917 -0.903338 0.0406213 0.0700857 -0.00529518 0.000641696 0.000180433 -0.11339 0.0800191 0.0128243 -0.00475459 0.000641696 0.000180433 -0.11339
57.708 0.740002 1.46408 3.08486 1.13627 0.00171483 -0.00269291 -0.402629 -0.915358 0.0356926 0.0639635 -0.00656707 0.00165588 -0.000606867 -0.0930545 0.0713081 0.0169219 -0.00610075 0.00165588 -0.000606867 -0.0930545
58.178 0.728338 1.4761 3.10773 1.12913 0.00149963 -0.00247202 -0.382131 -0.924104 0.0341745 0.0595718 0.00287308 -0.000664979 -0.000341308 -0.106933 0.0666081 0.0180836 0.00319365 -0.000552823 -0.000452793 -0.106576
59.476 0.721655 1.51044 3.15446 1.13814 0.00159643 -0.00182651 -0.321653 -0.946855 0.0297164 0.0475279 -0.00663868 -0.00024635 -0.000140987 -0.0890241 0.0525468 0.0196045 -0.0063668 -0.00024635 -0.000140987 -0.0890241
60.02 0.7228 1.52332 3.16828 1.15208 0.00269708 -0.00787954 -0.3015 -0.95343 0.0402054 0.0485371 0.0359448 0.000702574 0.0170861 -0.0645232 0.0572839 0.017064 0.0372813 0.00199623 0.0268414 -0.0655617
60.65 0.725279 1.55426 3.19682 1.17213 0.00232818 -0.00600327 -0.285773 -0.958276 0.0645588 0.0588889 0.0359825 0.000467439 -0.00214753 -0.0448958 0.0852161 0.013984 0.037021 0.000439343 -0.00223664 -0.045406
61.244 0.729663 1.58734 3.22536 1.19352 0.00312062 -0.00647443 -0.274753 -0.961488 0.069761 0.0605244 0.0219789 0.000316759 0.000316447 -0.0234781 0.0903772 0.0141794 0.0233617 -0.0006451 0.0019106 -0.0259364
62.626 0.776178 1.684 3.301 1.17092 0.0031973 -0.00620676 -0.273793 -0.961763 0.0747033 0.0636594 -0.0120193 0.00133585 0.000849457 0.018281 0.0971709 0.0147657 -0.0106899 0.00128861 0.000896661 0.0177985
63.128 0.797614 1.71985 3.33083 1.17123 0.003442 -0.00736869 -0.277692 -0.960636 0.0782882 0.0652908 -0.0139623 0.000482166 -0.00151319 0.0195069 0.101261 0.0134825 -0.0123028 0.000482166 -0.00151319 0.0195069
64.524 0.873636 1.82452 3.41414 1.15528 0.00152996 -0.00122307 -0.303662 -0.952778 0.0407616 0.0387772 0.00578667 0.00231631 0.00394323 0.109074 0.0568783 0.00812585 0.00619399 0.00243649 0.00537166 0.10673
65.03 0.884518 1.84158 3.43707 1.15507 0.00125413 -0.00180704 -0.330325 -0.943865 0.0309097 0.0323485 0.00362396 0.00118953 0.000526919 0.108955 0.0447632 0.00614907 0.00353907 0.00117419 0.000637441 0.110356
65.518 0.893526 1.85365 3.45386 1.15637 0.00114769 -0.0019021 -0.350975 -0.936382 0.0269844 0.0289973 0.00590962 0.000468301 0.000308334 0.0897759 0.03937 0.00411168 0.00608499 0.000468301 0.000308334 0.0897759
66.126 0.899945 1.86319 3.47209 1.15222 0.0014319 -0.0019712 -0.381398 -0.924408 0.0186882 0.0268661 0.00814867 0.00186805 0.000480167 0.159281 0.0321566 0.00586277 0.00830778 0.00186805 0.000480167 0.159281
66.642 0.905782 1.87249 3.48556 1.15303 0.000943961 -0.00218721 -0.423553 -0.905868 0.015894 0.0250607 0.00693926 0.00177986 -0.000764567 0.191592 0.0291913 0.00378478 0.00654244 0.00120625 5.9493e-05 0.192314
67.124 0.913204 1.88474 3.50435 1.15695 0.000488446 -0.00191031 -0.462435 -0.886651 0.0159872 0.0260457 0.0043218 0.000476948 -0.0010361 0.185403 0.0304913 0.00179991 0.00443728 0.000476948 -0.0010361 0.185403
67.682 0.925206 1.90266 3.52321 1.16324 0.00021989 -0.001703 -0.502716 -0.86445 0.0175424 0.0248113 -0.00210564 -0.00120151 -0.0007228 0.150348 0.0302468 -0.00297922 -0.00200594 -0.00120151 -0.0007228 0.150348
68.24 0.940319 1.92188 3.53492 1.16718 0.0003017 -0.00149288 -0.532806 -0.846236 0.018439 0.0211814 -0.00577747 -0.00223915 0.000500988 0.121812 0.0273779 -0.00728797 -0.00569174 -0.00191173 0.000413813 0.122181
68.836 0.955334 1.93657 3.5465 1.17258 0.000298677 -0.00139708 -0.560999 -0.827815 0.0161602 0.0211722 -0.0129212 0.00087751 -0.00129709 0.1198 0.0256873 -0.00717801 -0.0128455 0.00087751 -0.00129709 0.1198
70.244 0.981963 1.96621 3.56879 1.17477 4.14729e-05 -0.00119545 -0.627502 -0.778614 0.01304 0.0171989 -0.0132079 -0.000196833 -0.000242061 0.116896 0.0196022 -0.00910673 -0.0131574 -0.000196833 -0.000242061 0.116896
70.73 0.991167 1.97638 3.57287 1.17507 6.98288e-05 -0.00119419 -0.647035 -0.762459 0.012852 0.0148297 -0.0165082 -0.000304272 0.000119362 0.0961342 0.0167545 -0.0102919 -0.0164614 -0.000304272 0.000119362 0.0961342
71.258 1.00251 1.98577 3.57933 1.16902 -7.85718e-06 -0.00113947 -0.663819 -0.747892 0.0118288 0.0140395 -0.00736901 0.000294542 -0.000618457 0.0764343 0.0153567 -0.0100901 -0.00732763 0.000294542 -0.000618457 0.0764343
71.78 1.01096 1.99447 3.58578 1.16124 0.0030427 -0.00318655 -0.677064 -0.735911 0.0107721 0.0146777 0.00259817 -0.00833819 0.0750913 0.0621676 0.0154991 -0.00951478 0.00273327 -0.00833819 0.0750913 0.0621676
72.27 1.01958 2.00128 3.59687 1.15084 -0.000453528 -0.000363263 -0.690615 -0.723223 0.00807225 0.0165532 0.0024556 0.000157443 0.00610747 0.0823898 0.0176693 -0.0074494 0.00211774 -4.99011e-05 0.00524527 0.0810787
73.822 1.03197 2.01614 3.62225 1.1493 -0.000380891 -0.000286783 -0.738016 -0.674783 0.00280529 0.00685466 0.00544727 -0.000802137 -0.00116571 0.0907384 0.00688488 -0.0034503 0.00612077 -0.000712856 -0.00159585 0.0914969
74.352 1.03745 2.02288 3.62711 1.16032 -0.000340887 -0.000160325 -0.752627 -0.658448 0.00262951 0.00373085 0.00070862 -0.00168558 -4.96042e-06 0.0786229 0.00358363 -0.00301558 0.000857478 -0.001205 -0.000204311 0.0799419
75.722 1.04496 2.03129 3.66504 1.17153 1.56815e-05 -0.000525234 -0.779856 -0.625959 -0.00232561 0.0300456 0.000649302 -0.0280685 0.141934 0.0552234 0.0298367 -0.00422934 0.000673033 -0.0280685 0.141934 0.0552234
76.264 1.04856 2.03042 3.69961 1.15546 0.00911226 -0.00587996 -0.789294 -0.613921 -0.0235464 0.0843996 -0.00155649 0.000689627 -0.0138947 0.0498621 0.0876118 0.00205128 0.000340276 0.000689627 -0.0138947 0.0498621
76.742 1.0459 2.02153 3.74554 1.14461 0.00823432 -0.00545482 -0.796194 -0.604961 -0.0317181 0.102158 0.000677541 0.0118202 -0.0680283 0.0423611 0.106887 0.00318043 0.00278911 0.0118202 -0.0680283 0.0423611
77.308 1.03841 2.00965 3.79301 1.15283 -0.0013146 0.000307303 -0.804404 -0.594081 -0.0103135 0.0448671 -0.00658423 -0.00059653 0.0239135 0.0563801 0.0458994 -0.00334671 -0.00669451 -0.00059653 0.0239135 0.0563801
77.858 1.03294 1.99856 3.83123 1.1639 0.0113532 -0.00661601 -0.813852 -0.580923 -0.0298867 0.0768399 0.0046334 0.00328873 -0.0243695 0.055726 0.082232 0.00328267 0.00679542 0.00328873 -0.0243695 0.055726
78.38 1.02516 1.9797 3.88599 1.17104 0.00886009 -0.00525921 -0.821514 -0.570095 -0.0446273 0.104547 0.00416268 0.000298795 -0.00138648 0.0452851 0.113444 0.00521583 0.00650339 0.000298795 -0.00138648 0.0452851
78.9 1.01524 1.95604 3.94269 1.16606 0.00853833 -0.00538342 -0.827128 -0.561923 -0.0511493 0.114314 0.00356793 0.00657931 0.00472939 0.0369238 0.12502 0.00543219 0.00609517 0.00657931 0.00472939 0.0369238
79.618 1.01173 1.92272 4.02791 1.15826 0.00869961 -0.00601651 -0.832021 -0.554643 -0.0527101 0.124588 0.00410054 -0.000406657 0.00116336 0.0142002 0.13516 0.000730607 0.00696055 -0.000406657 0.00116336 0.0142002
80.952 1.02426 1.84912 4.21576 1.1692 0.00904775 -0.00557206 -0.838398 -0.544956 -0.0617493 0.132246 0.00439232 0.000237802 0.000985891 0.0217344 0.1458 0.00273933 0.00749285 0.000237802 0.000985891 0.0217344
81.506 1.03833 1.81453 4.28998 1.16781 0.0094876 -0.0057033 -0.841663 -0.539889 -0.066056 0.13428 0.00491913 0.000629009 0.00089457 0.0228933 0.149448 0.00404489 0.00823089 0.000629009 0.00089457 0.0228933
82.962 1.08197 1.71215 4.49556 1.16627 0.0101575 -0.0067346 -0.849362 -0.52767 -0.0731783 0.145482 0.0054174 -0.00120307 0.000155156 0.00979681 0.16238 0.00131742 0.00918328 -0.00113249 0.000203911 0.0101401
84.436 1.17433 1.60422 4.72369 1.19511 0.0111271 -0.00761267 -0.851617 -0.523992 -0.0791779 0.160289 0.00446506 -0.000309245 0.000993463 -0.000792652 0.178587 -0.00156619 0.00927981 -0.000309245 0.000993463 -0.000792652
85.096 1.20194 1.55065 4.83634 1.19975 0.0128985 -0.00856085 -0.851228 -0.524568 -0.085025 0.174628 0.00495012 -0.000294975 -0.00379219 -0.00534296 0.193964 -0.0025413 0.0109594 -0.000294975 -0.00379219 -0.00534296
86.572 1.20964 1.38448 5.1778 1.20419 0.0192343 -0.0121913 -0.850436 -0.525586 -0.125601 0.252159 0.0083043 7.41143e-05 0.000846775 -0.000626919 0.280544 -0.000464577 0.0207431 3.16087e-05 0.000675425 -0.000772544
87.09 1.2031 1.31165 5.3184 1.2032 0.0195507 -0.012544 -0.850576 -0.525339 -0.130209 0.258985 0.0075541 0.000273151 0.00141775 -8.22815e-05 0.288761 0.000490074 0.0210497 0.000378692 0.00164587 -3.95974e-05
87.728 1.20813 1.22647 5.48975 1.2084 0.0199577 -0.0127447 -0.850705 -0.52511 -0.133477 0.26702 0.00552148 -0.000165459 0.000878868 -0.000709307 0.297926 -0.000352086 0.0196479 -0.000165459 0.000878868 -0.000709307
88.242 1.19011 1.14856 5.64787 1.17973 0.0196424 -0.0132467 -0.850758 -0.525023 -0.135926 0.273755 0.00329396 0.0181458 -0.00873248 -0.00127597 0.305142 -0.00123408 0.0177591 0.0181458 -0.00873248 -0.00127597
88.98 1.1785 1.05087 5.86025 1.18037 0.0136004 -0.00954768 -0.848925 -0.528253 -0.106791 0.234523 0.00402987 -0.000751356 0.010223 -0.0182529 0.258613 -0.00773875 0.0126141 -0.000769147 0.0117479 -0.018104
89.496 1.18712 0.990115 5.99051 1.18252 0.0142691 -0.0096883 -0.846712 -0.531773 -0.103251 0.228032 0.000383658 6.08488e-05 0.000746015 -0.0173336 0.250084 -0.0060146 0.00901618 6.08488e-05 0.000746015 -0.0173336
90.23 1.21418 0.903231 6.17332 1.19574 0.0149451 -0.00892102 -0.843989 -0.536078 -0.103253 0.227587 0.00406289 -0.0198225 -0.00427968 -0.0113254 0.2496 -0.00328693 0.0127515 -0.0198225 -0.00427968 -0.0113254
90.794 1.21427 0.83484 6.3138 1.20655 0.0231118 -0.0129817 -0.844483 -0.534927 -0.131733 0.260122 0.00487657 0.00274253 -0.0240897 0.0170128 0.290802 0.00791438 0.0203175 0.00274253 -0.0240897 0.0170128
91.58 1.26062 0.715861 6.54366 1.21621 0.0186881 -0.01126 -0.848662 -0.528485 -0.140968 0.274446 -0.00329555 0.000758278 -0.00583829 0.0168331 0.308335 0.00543859 0.0101676 0.000758278 -0.00583829 0.0168331
92.296 1.21905 0.614581 6.73949 1.20884 0.0171174 -0.0101931 -0.851063 -0.524686 -0.134569 0.263318 0.00267301 -0.00439931 -0.00886022 0.0105474 0.295364 0.00194348 0.0144507 -0.00439931 -0.00886022 0.0105474
92.852 1.21077 0.533795 6.89225 1.20999 0.0158771 -0.00937221 -0.8527 -0.522075 -0.129736 0.249086 0.00122787 0.000488374 -0.00500008 0.0135631 0.280602 0.00228888 0.0115809 0.000488374 -0.00500008 0.0135631
93.546 1.19871 0.442069 7.06535 1.19974 0.0134706 -0.00980479 -0.8534 -0.520991 -0.11191 0.232483 -0.00479758 -0.00433997 -0.00158595 -0.0126631 0.258923 -0.00630063 0.00819761 -0.00399566 -0.00206348 -0.0115487
94.256 1.20215 0.363858 7.22252 1.20244 0.00960733 -0.00644732 -0.850169 -0.526383 -0.0911538 0.193143 -0.0090177 -0.000873 0.00466225 -0.0213491 0.213677 -0.00450641 -0.00407407 -0.000873 0.00466225 -0.0213491
94.954 1.20247 0.296358 7.361 1.19522 0.0119268 -0.00765943 -0.847051 -0.531323 -0.0910264 0.193211 -0.0382086 -0.00177269 -0.0107463 -0.012755 0.214672 -0.00236316 -0.0309169 -0.00216407 -0.0109676 -0.0133988
95.836 1.17333 0.220908 7.5226 1.16813 0.00979164 -0.00621779 -0.845534 -0.533796 -0.0833224 0.177941 -0.0348902 -0.000546299 -0.0041201 -0.00313003 0.198092 -0.00126449 -0.0305377 -0.000523644 -0.00402565 -0.00318989
96.642 1.15016 0.15942 7.65576 1.14273 0.00687178 -0.0042607 -0.84494 -0.5348 -0.0670746 0.144709 -0.0189627 0.000227385 -0.00207097 -0.00408782 0.160833 -0.00155918 -0.0166406 0.000250515 -0.00165184 -0.00409866
97.336 1.11264 0.116143 7.73876 1.10882 0.00607783 -0.00383842 -0.844362 -0.535724 -0.0597182 0.128043 -0.0158311 -0.00068909 -0.00154593 -0.0020797 0.142251 -0.000324269 -0.0139725 -0.000417877 -0.00139714 -0.00213024
98.072 1.06813 0.0714073 7.8411 1.05616 0.0128296 -0.00810549 -0.844044 -0.536059 -0.0808738 0.180998 -0.063114 -0.00157954 -0.0430695 -0.000325655 0.19955 -0.00368577 -0.0596941 -0.00139331 -0.0478711 -0.000466653
98.806 1.02141 0.0205779 7.95268 1.01692 0.00628495 -0.00381008 -0.84427 -0.535867 -0.0652386 0.146041 -0.0202039 0.000102699 -0.0148739 0.000256751 0.160199 -0.0031251 -0.0178525 0.000102699 -0.0148739 0.000256751
100.254 0.994361 -0.0519967 8.1005 0.989697 -0.000554138 0.000303215 -0.844275 -0.53591 -0.0158218 0.0423506 0.0103635 -0.000313107 -0.00770296 0.000162173 0.0450703 -0.00370629 0.010307 -0.000313107 -0.00770296 0.000162173
100.882 0.990843 -0.0620599 8.12682 0.992602 -0.00165335 0.00122956 -0.844271 -0.535913 -0.000485476 0.00961542 0.0123949 0.00031931 -0.00431218 0.000123917 0.0107148 -0.00371994 0.0126908 0.000359458 -0.00434262 5.74674e-05
101.628 0.99975 -0.0662228 8.13493 1.00077 -0.00240162 0.00162528 -0.844315 -0.535839 0.0108067 -0.016095 0.00262027 0.000149583 -0.00114603 0.00054225 -0.0181125 -0.0029392 0.00361806 0.000157578 -0.00111646 0.000584981
102.364 1.0075 -0.0632716 8.13057 1.00666 -0.00266786 0.00187264 -0.844304 -0.535855 0.0156635 -0.0264791 -0.00550513 -0.000277979 -0.00118536 0.000242891 -0.0306632 -0.00289917 -0.00530644 -0.000277979 -0.00118536 0.000242891
103.078 1.00717 -0.0584745 8.11655 1.00686 -0.00278495 0.00174001 -0.844315 -0.535837 0.0172916 -0.0323344 -0.00550509 0.000326102 0.0020001 0.000692332 -0.0364615 -0.00187492 -0.00508222 0.000361975 0.00213541 0.000714142
103.716 1.00792 -0.0520125 8.10034 1.00582 -0.00269004 0.00152144 -0.844399 -0.535706 0.016499 -0.0313441 -0.00551703 0.000390616 0.00129498 7.12002e-05 -0.0354423 -0.0015175 -0.0055708 0.000454048 0.000922161 0.000114308
