43.626 0.724781 -0.00146824 0.0079898 0.623871 -0.000775076 0.000334439 -0.464543 -0.88555 -0.00611051 -0.00627061 0.0262451 0.000571558 0.0012413 0.483902
44.628 0.733631 0.00677882 0.00333554 0.631347 -0.000301592 0.00112299 -0.639704 -0.768621 0.00176412 -0.00751001 0.0282686 -0.0021797 0.00145128 0.382947
45.772 0.776985 0.00658286 -0.00575684 0.677244 0.000143277 0.00068834 -0.773548 -0.633737 -0.000620833 -0.00438489 -0.00352864 0.00198259 0.00204869 0.289367
46.162 0.790812 0.00506005 -0.00785746 0.690043 0.000260362 0.000350549 -0.806001 -0.591914 0.000262794 -0.00214875 -0.0143798 -0.000231535 -0.000424075 0.266644
47.186 0.779689 -0.0057039 -0.00951267 0.676802 -0.000527926 1.22376e-05 -0.873551 -0.486733 -0.0028238 -0.000217755 -0.00198343 0.0052782 -0.000276098 0.222004
48.114 0.780429 -0.00751043 -0.017259 0.680715 -0.000288976 -0.000751072 -0.914875 -0.403736 0.00279327 0.0014287 0.00598068 0.000103981 -0.00010557 0.17689
49.128 0.79342 -0.00168806 -0.0130275 0.692731 1.48346e-05 -0.000421828 -0.943203 -0.332217 0.00363735 0.00381237 -0.00440209 -0.000253407 -0.000158159 0.13353
49.638 0.790396 -0.00237546 -0.0119078 0.683806 -0.000229599 -0.000514292 -0.953467 -0.301496 0.000367156 0.00124043 -5.46996e-06 0.00135771 3.52014e-06 0.113739
50.076 0.780065 -0.00253042 -0.0119045 0.677734 -0.000251692 -0.000703032 -0.960136 -0.279532 -5.85999e-05 -0.000104899 0.0110204 0.000633592 0.000417228 0.103276
50.472 0.783242 -0.000708729 -0.00803331 0.679869 -0.000184501 -0.000478245 -0.9653 -0.261143 0.000770994 0.00152642 0.00915046 -0.00443872 -0.000427992 0.0980561
50.984 0.775559 0.00227902 -0.0044674 0.671687 -2.81383e-05 -0.000113972 -0.971307 -0.237831 0.000432334 -0.000562425 0.0184085 -0.00135931 0.00115025 0.106126
51.388 0.771308 0.00409445 -0.00241012 0.668821 0.000120114 -8.79442e-05 -0.975908 -0.21818 -0.000520018 -0.0020563 0.0247791 -0.000105142 0.000214813 0.104147
51.8 0.775796 0.00596345 0.00128775 0.672791 0.000242028 0.000116937 -0.979916 -0.199409 -0.00102738 -0.00189428 0.0183694 -0.0020392 -0.00021635 0.0970557
52.268 0.781385 0.00742935 0.00512969 0.682172 0.000266558 0.000418292 -0.983702 -0.179805 -0.00119054 -0.00252914 0.0170294 -0.00231989 0.000762351 0.0865848
52.688 0.799728 0.00617339 0.00733229 0.699987 0.000245205 0.000580896 -0.986483 -0.163861 -0.00296298 -0.00375778 -0.00173361 -0.000393155 -0.00196076 0.0796428
53.69 0.817338 0.00327128 0.00392401 0.713161 0.000161769 0.000322592 -0.991008 -0.133801 -0.00195106 -0.0062802 -0.0208617 -0.000115786 6.55425e-05 0.0608529
54.11 0.817074 0.00272975 0.00370043 0.714536 0.000195034 0.000450259 -0.992505 -0.1222 -0.000983734 -0.00515275 -0.0193684 -0.0002847 0.000289653 0.0570857
55.002 0.801537 -0.00147867 0.00185561 0.698687 -1.16504e-05 0.000370321 -0.994987 -0.100004 -0.000238631 -0.00459376 -0.00237183 -0.000577168 -1.53112e-05 0.0535787
55.426 0.803181 -0.00240543 0.000786903 0.70126 -1.39571e-05 0.00051167 -0.995878 -0.0907025 0.000756143 -0.0038028 -0.00238439 0.000486084 4.31042e-05 0.0461435
56.37 0.799598 -0.0065994 -0.0027709 0.695739 0.00828596 0.000468949 -0.997185 -0.0745214 -0.0164265 -0.000945915 -0.00893844 -0.00168864 0.026747 0.0360794
56.91 0.795984 -0.0304569 -0.00261192 0.695856 0.00633686 0.000498469 -0.997705 -0.0674172 -0.0536481 0.00159132 -0.00894295 5.98853e-05 -0.0026893 0.0289921
57.47 0.787052 -0.068846 -0.00419033 0.683649 0.0059166 0.000590881 -0.998113 -0.0611152 -0.0661612 0.00121685 -0.011005 -0.00262691 -0.00276693 0.0254662
58.03 0.783585 -0.110278 -0.0043807 0.680999 0.00582898 0.000835671 -0.998402 -0.0562045 -0.0715394 0.000202382 -0.0105889 3.9857e-05 -0.000129588 0.0290174
58.582 0.776358 -0.155238 -0.00642566 0.675093 0.00615403 0.000693062 -0.998737 -0.0498625 -0.0747721 -0.000896776 -0.00344192 0.00425036 0.00258106 0.0329763
59.02 0.780546 -0.192855 -0.00827343 0.679626 0.00668834 -3.34593e-05 -0.998938 -0.0455965 -0.0805661 0.00138665 0.00318603 -0.000960246 -0.000554221 0.0221701
60.012 0.786827 -0.283673 -0.0104151 0.685018 0.00633487 0.000986052 -0.999099 -0.0419619 -0.0861099 0.000964439 -0.0102877 -0.00691283 -0.00510557 0.0172749
60.986 0.781582 -0.368919 -0.0118545 0.68073 0.00669722 0.000766678 -0.999472 -0.0317973 -0.0885091 -0.00496253 -0.00935701 0.000740246 -0.000888349 0.03441
61.884 0.772243 -0.463708 -0.0173598 0.669993 0.00714447 -0.000376649 -0.999625 -0.02644 -0.0948836 0.00202226 -0.00347875 -0.00081846 0.00261848 0.000544366
62.406 0.765723 -0.511903 -0.0174001 0.662572 0.00751411 -0.000184897 -0.999574 -0.0281888 -0.0967637 0.0027344 -0.00254929 -0.00232647 0.000841447 -0.00223881
62.966 0.768275 -0.571672 -0.0180205 0.669053 0.00761498 -0.000216105 -0.99952 -0.0300359 -0.101252 0.00128256 -0.00281379 9.3629e-05 -0.000715554 0.00357678
63.402 0.742454 -0.618232 -0.0186704 0.665483 0.00654739 -0.00152642 -0.999514 -0.0304491 -0.102028 0.00232858 0.00366852 0.00552035 -0.00398693 -0.00143314
63.874 0.703546 -0.667201 -0.0169734 0.641216 0.00689852 -0.00140001 -0.999398 -0.0339693 -0.0999345 0.00648367 0.00375762 -0.00016732 0.000615896 -0.0229568
64.354 0.677454 -0.720308 -0.0145263 0.635602 0.00695931 -0.00148192 -0.999117 -0.0414163 -0.1011 0.00708114 0.00452831 0.000301319 0.00045184 -0.0271576
64.904 0.662135 -0.777972 -0.00434626 0.637668 0.00692199 -0.00132017 -0.998767 -0.049137 -0.103565 0.0105563 0.00333937 -0.0054804 -0.0208748 -0.0222355
65.372 0.654911 -0.82044 0.00521352 0.641779 -0.00302342 0.000351384 -0.998414 -0.0562169 -0.0646024 0.0032678 -0.00117112 -0.000554949 0.00132113 -0.025686
65.94 0.643405 -0.854009 0.0139626 0.634135 0.00915354 -0.00199669 -0.997817 -0.0653799 -0.0744535 0.00898107 0.00504798 -0.0018068 -0.0163917 -0.0281749
66.38 0.64109 -0.884722 0.0236368 0.6362 0.0078337 -0.00055695 -0.997409 -0.0715131 -0.0950181 0.0138856 0.00731395 -0.00294691 -0.000463139 -0.0185908
66.836 0.637642 -0.919214 0.0338117 0.637106 0.00731876 -0.000531018 -0.997165 -0.0748879 -0.104285 0.0145605 0.00701633 -0.00033847 -0.000713282 -0.00150332
67.342 0.646683 -0.960951 0.0453887 0.647968 0.0063653 -0.00158524 -0.997013 -0.076958 -0.103577 0.0199919 0.00367718 -0.00178957 0.0016506 -0.0118216
68.224 0.656919 -1.04032 0.0653472 0.654799 0.00734452 -0.000629569 -0.996281 -0.0858466 -0.106728 0.019946 0.0047393 0.000983674 1.44409e-05 -0.00663097
68.666 0.675125 -1.08102 0.0732653 0.664141 0.00730725 -0.00076909 -0.996136 -0.0875179 -0.108646 0.0196494 0.00399838 0.000684037 0.000262229 -0.00166876
69.148 0.686864 -1.12719 0.0827422 0.665602 0.0071836 -0.000239375 -0.996045 -0.0885635 -0.109752 0.0197838 0.0182443 -0.00827518 -0.00289848 0.000155178
70.118 0.730328 -1.22646 0.105542 0.680877 0.00741831 -0.000841781 -0.9959 -0.0901579 -0.108979 0.0227501 0.00392807 0.000201156 0.00111015 -0.00177197
70.944 0.759769 -1.31031 0.124404 0.679025 0.00754171 -0.000774713 -0.99562 -0.0931827 -0.110025 0.0238096 0.0249526 -0.00697417 -0.00490226 -0.00426523
71.43 0.78394 -1.36088 0.137021 0.683792 0.00712235 0.000107196 -0.995539 -0.0940851 -0.108897 0.0205215 0.0433145 0.000649329 0.00121189 0.00912634
71.892 0.823265 -1.40933 0.147568 0.699496 0.00773947 -0.000900165 -0.995645 -0.0929023 -0.109782 0.0205776 0.00402229 0.00621482 0.00343541 0.0141408
72.762 0.824922 -1.50368 0.169803 0.724667 0.00786531 -0.000523534 -0.995527 -0.0941488 -0.112026 0.025883 0.000220202 -0.000832476 0.00120196 -0.00321092
73.16 0.799504 -1.5482 0.179273 0.729726 0.0078619 -0.000544298 -0.995405 -0.0954252 -0.113731 0.0253827 0.000375835 0.000248397 -0.000251702 -0.000770237
73.562 0.780828 -1.59517 0.188828 0.740995 0.00795293 -0.000590011 -0.995325 -0.0962481 -0.113281 0.0247636 -0.00632016 0.000453402 0.00100654 -0.000146284
74.036 0.764569 -1.64963 0.199822 0.755072 0.008106 -0.000442439 -0.99525 -0.0970126 -0.115184 0.0243313 0.0035387 -0.000278487 -0.000256003 0.00230707
74.468 0.746895 -1.70152 0.210335 0.760536 0.00806697 -0.000456632 -0.995255 -0.0969629 -0.116548 0.0238401 0.00333938 0.00049414 5.935e-06 0.00380475
75.334 0.68994 -1.80618 0.23282 0.743949 0.00822576 -0.000503394 -0.995219 -0.0973174 -0.116659 0.024258 -0.00217213 -0.00040298 0.000307803 0.00563829
75.89 0.669941 -1.86982 0.249339 0.741409 0.00831224 -0.000431943 -0.995269 -0.0968031 -0.116804 0.0251311 -0.00331498 -0.000339879 -0.00010596 0.00477869
76.342 0.658617 -1.92122 0.260826 0.747048 0.00835388 -0.000433069 -0.995285 -0.09663 -0.117066 0.024992 -0.00207467 -3.7797e-05 0.000281414 0.00314267
76.79 0.665178 -1.97636 0.271707 0.762908 0.00846525 -0.00043931 -0.995259 -0.0968907 -0.117086 0.0243332 -0.00251617 0.000398916 0.00030081 0.00363164
77.284 0.685452 -2.04124 0.283405 0.78945 0.00841242 -0.000385688 -0.995236 -0.0971287 -0.118558 0.0237289 -0.00252268 -0.00531075 -0.00342153 0.00488381
77.724 0.704453 -2.09645 0.295493 0.806305 0.00818727 -2.49368e-05 -0.995302 -0.0964695 -0.118727 0.0223549 -0.00275175 -0.000103751 -3.45197e-05 0.0126496
78.162 0.718975 -2.15405 0.307815 0.819145 0.00827414 -7.87899e-05 -0.995487 -0.094537 -0.118111 0.0213444 -0.00329691 0.000169418 0.000613773 0.0158176
78.584 0.710621 -2.20608 0.316925 0.805866 0.00855768 -0.000675301 -0.995706 -0.0921688 -0.118667 0.0221938 -0.00382424 0.000208668 -8.67601e-05 0.00970342
79.02 0.694028 -2.2619 0.327984 0.792194 0.00845062 -0.000562412 -0.995761 -0.0915916 -0.120687 0.0240053 -0.00209434 -0.000861971 -0.00114891 0.00170319
79.484 0.688137 -2.32261 0.340389 0.787393 0.00843725 -0.00036782 -0.995708 -0.092161 -0.121955 0.0240102 -0.00166461 0.000653425 -9.74234e-06 0.00145237
79.99 0.69603 -2.38657 0.351013 0.795811 0.00849144 -0.000493102 -0.995675 -0.0925197 -0.122111 0.0227685 -0.00282978 0.000137761 7.05496e-05 0.00310972
80.418 0.699458 -2.44134 0.361742 0.799781 0.00819204 3.17211e-05 -0.99567 -0.0926007 -0.122239 0.0218815 -0.00249861 -0.000924083 -0.00081627 0.0077032
81.256 0.709227 -2.54766 0.378312 0.810047 0.00840593 -0.000259736 -0.995982 -0.0891542 -0.12081 0.0184423 -0.00213476 -0.000374657 0.000492836 0.0148069
82.158 0.724779 -2.65858 0.396547 0.827062 0.00846311 -0.000318274 -0.996357 -0.0848568 -0.121949 0.0173949 -0.00221809 0.00048972 0.00011095 0.0113233
82.58 0.739272 -2.71243 0.404096 0.836163 0.00850125 -0.000416259 -0.996499 -0.0831769 -0.121981 0.0168292 -0.00279906 -0.000231716 0.000341074 0.00998255
82.986 0.733529 -2.76122 0.411711 0.832716 0.00851481 -0.000372078 -0.996604 -0.081897 -0.122032 0.0165291 -0.0026454 -0.000138752 7.94741e-05 0.00941985
83.402 0.737693 -2.81089 0.419002 0.836801 0.00854106 -0.000407547 -0.996701 -0.0807129 -0.122524 0.0158867 -0.00219805 0.000300821 9.22355e-05 0.0100444
84.158 0.760853 -2.91674 0.436176 0.863392 0.00853192 -0.00080704 -0.996882 -0.0784419 -0.125146 0.0171776 0.00112203 -0.00025629 -0.000433625 0.0050256
84.606 0.770318 -2.97119 0.444849 0.872074 0.008524 -0.000791295 -0.996872 -0.0785706 -0.125214 0.0173675 0.000819664 -4.2503e-05 0.000280264 0.00160264
85.048 0.773678 -3.02516 0.456387 0.872735 0.00859404 -0.00069483 -0.996852 -0.0788157 -0.125449 0.0182229 -0.00663099 -0.000699683 -0.000295451 0.00186149
85.816 0.780019 -3.12082 0.476992 0.878399 0.00858221 -0.000676217 -0.996831 -0.0790822 -0.125539 0.0182591 -0.00616559 -0.000203816 0.000105831 0.00299198
86.266 0.782829 -3.17609 0.487476 0.883208 0.00816093 1.35074e-05 -0.996896 -0.0783065 -0.124246 0.0150972 -0.00863837 0.00112386 0.000942799 0.0115339
86.752 0.792593 -3.24176 0.497562 0.89317 0.00824762 -0.0002419 -0.99712 -0.0753896 -0.124621 0.0129414 -0.00877012 0.000109421 -0.000575182 0.0179389
87.202 0.798783 -3.29418 0.507438 0.894385 0.00822241 -1.34705e-06 -0.997352 -0.072254 -0.122597 0.012993 0.000614271 -0.00120785 0.000556818 0.0198513
87.592 0.789879 -3.34358 0.517117 0.888536 0.00835928 2.8753e-05 -0.997599 -0.0687485 -0.121995 0.013171 0.00089801 -0.000851767 7.08379e-05 0.02075
88.048 0.791081 -3.40235 0.525289 0.889695 0.00831633 1.87629e-05 -0.997863 -0.0648037 -0.122854 0.0118973 -0.00197224 -0.000419822 -0.00101239 0.020481
88.842 0.796556 -3.50794 0.536699 0.897106 0.00813535 -4.2051e-05 -0.998256 -0.0584734 -0.125724 0.00999918 -0.00162533 0.000202444 1.34694e-05 0.0195368
89.688 0.804934 -3.61713 0.548626 0.903753 0.00836037 -0.000816074 -0.998458 -0.0548775 -0.126134 0.0138066 -0.00234135 -0.00124341 0.000640753 -0.000194761
90.146 0.804342 -3.67268 0.556464 0.904963 0.00854725 -0.00067174 -0.9984 -0.0558854 -0.125451 0.0142588 -0.00893407 -0.00193302 0.000920249 -0.00274787
90.57 0.811638 -3.72576 0.566625 0.913897 0.00858439 -0.000508714 -0.998354 -0.0567045 -0.125644 0.0148865 -0.00918883 -0.000450634 -4.622e-05 1.33005e-05
91.032 0.824646 -3.78425 0.577985 0.926305 0.00857392 -0.000462128 -0.998339 -0.0569771 -0.126169 0.0154621 -0.0103093 -0.000317193 -0.000136195 0.00145911
91.912 0.816506 -3.89298 0.59379 0.930797 0.00854325 -0.000490159 -0.998333 -0.0570769 -0.12643 0.0140103 -0.00954014 0.000563911 0.000409429 0.00417843
92.358 0.789446 -3.95248 0.604512 0.935135 0.00854482 -0.000456716 -0.998356 -0.0566678 -0.126819 0.0152229 -0.0239664 -0.000557051 -0.00133373 0.00346808
92.838 0.747442 -4.01009 0.614389 0.919773 0.00851495 -0.000415825 -0.998377 -0.0563089 -0.125726 0.0153601 -0.0249728 -0.000292227 7.4311e-05 0.00171514
93.324 0.706071 -4.07311 0.621131 0.898034 0.00854995 -0.000497139 -0.998371 -0.0564082 -0.125444 0.0138349 -0.0134578 0.000371239 0.000536516 0.0018701
93.73 0.669112 -4.12159 0.627983 0.924998 0.007089 -0.000840272 -0.99837 -0.0566202 -0.11998 0.0148748 0.0653931 -0.00044313 0.00399751 -0.00331043
94.174 0.636347 -4.17648 0.637085 0.963459 0.0075908 -0.000748766 -0.998274 -0.0582242 -0.116155 0.0159028 0.0635634 -0.000631686 0.000877056 -0.00899128
94.548 0.611666 -4.21895 0.644246 0.990671 0.00789354 -0.000382848 -0.998162 -0.0600846 -0.115123 0.0159581 0.0101913 -0.0155585 0.0111457 -0.00820948
94.974 0.585291 -4.27161 0.652962 0.994348 0.00825171 0.000609291 -0.998174 -0.0598341 -0.119619 0.0108432 -0.00687823 0.00204821 -0.00264789 0.012948
95.788 0.538676 -4.37153 0.662992 1.01052 0.00364838 -0.00016883 -0.998638 -0.0520409 -0.11769 0.00735476 -0.00103832 0.0128493 -0.099117 0.0196638
96.23 0.521972 -4.41419 0.667932 0.989262 -0.00230996 -0.000254183 -0.998592 -0.0529967 -0.0707351 0.00744705 0.0169744 -0.00290701 0.00179108 -0.0234293
96.666 0.515066 -4.44008 0.672626 0.985703 -0.0029811 0.000206733 -0.998103 -0.0614872 -0.037349 0.00495798 0.0191649 -0.000998923 -0.00280365 -0.042168
97.15 0.512839 -4.4511 0.6753 0.983816 -0.00341011 0.000290295 -0.997453 -0.0712464 -0.0163751 0.00206848 0.0250358 -0.000155053 -0.0017298 -0.0405911
97.584 0.474427 -4.45451 0.677917 0.967133 0.00191681 -0.000276162 -0.996831 -0.0795285 -0.0123364 0.0021896 0.00686611 -0.00346786 0.0606507 -0.0386101
98.388 0.470636 -4.46688 0.679949 0.97897 0.000340866 0.000150862 -0.995263 -0.0972186 -0.0400526 0.00359909 0.00828042 0.00154062 -0.00417274 -0.050301
98.858 0.466261 -4.47162 0.680764 0.99406 -0.000423008 2.94141e-05 -0.994102 -0.108449 -0.0371054 0.00334444 -0.00560565 0.00102957 -0.00082366 -0.0536098
99.308 0.465435 -4.47296 0.682943 1.00834 -0.000664631 5.09047e-05 -0.99239 -0.123132 -0.0328024 0.00412571 -0.0212812 -0.00118959 -0.00167869 -0.081485
99.788 0.468056 -4.47279 0.686513 1.00858 -0.000867258 0.000421622 -0.989703 -0.143134 -0.0285956 0.00392395 -0.0282152 -0.00186515 -0.000474272 -0.0865413
100.406 0.471847 -4.47111 0.688668 1.0024 -0.00103852 0.000689431 -0.985893 -0.16737 -0.0246669 0.00185014 -0.0184433 -0.000494032 -0.00016542 -0.0772095
100.876 0.475926 -4.46816 0.689824 0.988572 -0.00098414 0.000851338 -0.982962 -0.183803 -0.0221526 0.00110519 -0.0022933 -0.00107808 0.000256661 -0.0684135
101.344 0.477715 -4.46334 0.690009 0.992774 -0.000920856 0.000985489 -0.980288 -0.197569 -0.0193919 0.000459777 -0.00734598 -0.0011913 0.00187375 -0.0615723
101.802 0.479217 -4.45811 0.688421 1.00135 -0.000625081 0.00114211 -0.977556 -0.210672 -0.0178294 -0.000403818 -0.0147795 -8.41899e-05 0.00209297 -0.0539312
102.3 0.477318 -4.45467 0.684677 1.00906 -0.00040504 0.000991907 -0.97494 -0.222467 -0.0172018 -0.000439352 -0.0241519 -0.000197342 0.00179537 -0.0484397
102.736 0.475586 -4.45276 0.681159 1.01143 0.00709479 -0.00171463 -0.972721 -0.231864 -0.0279487 0.00760587 -0.0347595 0.00172865 0.0446583 -0.0362787
103.196 0.472182 -4.46458 0.684358 1.00963 0.00396794 -0.000501758 -0.971301 -0.237818 -0.0559994 0.0258167 0.00221244 -0.00634417 -0.0928777 -0.0154103
103.802 0.46749 -4.47713 0.687393 1.0046 -0.00160925 0.000810176 -0.969784 -0.24396 -0.0193589 0.0069269 -0.00147011 0.000539208 0.00903493 -0.0290431
104.234 0.467825 -4.48011 0.688055 0.989628 0.00748025 -0.00250211 -0.968096 -0.250455 -0.0243807 0.0145481 -0.0408728 -0.000971524 0.0171208 -0.0328558
104.672 0.468279 -4.49046 0.69485 0.993235 -0.00140954 0.00136771 -0.966326 -0.257315 -0.0260571 0.0159922 -0.00252398 -0.000297323 -0.0132079 -0.0321716
105.108 0.465752 -4.50306 0.701366 1.01581 0.00763959 -0.00251978 -0.9643 -0.264689 -0.0345748 0.0244923 0.0291353 -0.00162283 -0.0115014 -0.031567
105.592 0.467067 -4.52454 0.716374 1.0395 0.00624435 -0.00189672 -0.962436 -0.27143 -0.0451172 0.0347875 0.0272549 -0.00061538 0.000323934 -0.0287806
106.026 0.471798 -4.55109 0.733024 1.05547 0.00744157 -0.00130296 -0.961032 -0.276336 -0.0542729 0.037494 0.0138788 0.00113737 -0.00154201 -0.0150186
106.508 0.477151 -4.59141 0.753862 1.06724 0.00721623 -0.00156894 -0.960313 -0.278826 -0.0611846 0.0385141 0.014378 0.00114511 0.000480087 -0.00300102
106.912 0.4859 -4.62607 0.773353 1.0656 0.00725286 -0.00153312 -0.960074 -0.279649 -0.063881 0.0402294 0.0322441 -0.00816261 -0.00516761 -0.000642572
107.456 0.503405 -4.67509 0.799904 1.08224 0.00724437 -0.0010266 -0.960355 -0.278685 -0.0666464 0.036707 0.034182 0.00146014 0.0011661 0.0127485
107.916 0.523084 -4.71975 0.825901 1.08753 0.00731123 -0.00119236 -0.961067 -0.276215 -0.0702025 0.0383604 0.0357253 -0.000480827 -0.00164387 0.0161828
108.476 0.5586 -4.77792 0.861162 1.10236 -0.00290632 0.00136193 -0.962354 -0.271781 -0.0472924 0.0260195 -0.00793876 -0.000334797 -0.00991887 0.0284676
108.952 0.563369 -4.80538 0.876558 1.1013 0.00804453 -0.00047245 -0.964122 -0.265339 -0.0319656 0.0144036 -0.0336439 -0.00389324 0.0778475 0.0377478
109.394 0.558857 -4.84068 0.892424 1.1025 0.00639412 -0.000562758 -0.966178 -0.257795 -0.0656697 0.028532 -0.00475729 0.0122905 -0.0731695 0.0382917
109.856 0.552903 -4.86988 0.906725 1.11065 -0.00207143 0.000896205 -0.968951 -0.247243 -0.0385349 0.0169378 -0.0111011 -0.000107579 0.00511707 0.0779624
110.386 0.549238 -4.89502 0.918846 1.11866 -0.00269849 0.00103932 -0.974698 -0.223507 -0.014024 0.00581076 -0.0190839 0.000138748 -0.00358326 0.0978393
110.842 0.549424 -4.90328 0.923595 1.11707 -0.00312251 0.00155441 -0.979143 -0.203141 -0.00100688 -0.000310585 -0.0160077 -0.00345191 -0.0015626 0.118254
111.342 0.549437 -4.90597 0.924994 1.11517 -0.00336673 0.00177853 -0.985322 -0.170662 0.00545502 -0.00547858 -0.0145933 0.000824669 -0.00216631 0.153101
111.784 0.550404 -4.90338 0.921306 1.11708 -0.00357497 0.00164198 -0.990036 -0.140763 0.00924136 -0.00801093 -0.0175336 0.00196636 0.000455901 0.14817
112.18 0.553327 -4.89802 0.917362 1.1112 -0.00347047 0.00151733 -0.993326 -0.115276 0.0107599 -0.00764379 -0.0125635 0.000439692 0.000360988 0.137765
112.638 0.556012 -4.88749 0.910776 1.10636 -0.00316562 0.00133514 -0.996248 -0.0864718 0.0113223 -0.00688948 -0.00695868 0.000704374 0.00209232 0.126541
113.066 0.558408 -4.87508 0.903027 1.10783 -0.00269378 0.00103552 -0.998031 -0.0626553 0.0103091 -0.00599358 -0.00524747 0.00193011 0.00277615 0.116144
113.512 0.558671 -4.85985 0.89565 1.11162 -0.00206135 0.000542226 -0.999214 -0.0395722 0.00802578 -0.00332384 -0.0106258 0.001991 0.00412037 0.0881375
113.958 0.560554 -4.84686 0.890077 1.10509 -0.00134463 0.000327114 -0.999682 -0.025185 0.00392786 -0.00058734 -0.00425308 0.000542476 0.00223361 0.0654487
114.446 0.561808 -4.83637 0.884348 1.10896 -0.000959718 4.75477e-06 -0.999928 -0.0119701 -0.000740606 0.000649179 -0.0078448 0.00193746 0.00255589 0.0536964
114.946 0.562906 -4.82666 0.880213 1.11073 -0.000574787 -0.000323763 -1 -0.000138705 -0.0041988 0.00251231 -0.00885693 0.000278677 0.00191069 0.0460981
115.822 0.56352 -4.8153 0.87707 1.10656 0.00260867 -0.000274629 -0.999836 0.0179418 -0.0102332 0.00289387 -0.0048719 -0.00963844 0.0829917 0.037537
116.686 0.572253 -4.83601 0.871743 1.10888 0.00614032 -0.000220152 -0.999693 0.0240233 -0.0604527 -0.00557814 -0.00822307 0.000302432 0.000603599 -0.00144946
117.14 0.571248 -4.85993 0.869162 1.10276 0.00618212 -0.000291748 -0.999703 0.0235844 -0.0668278 -0.00746539 -0.00841297 0.000329639 0.000487683 -0.00363576
117.588 0.571363 -4.88969 0.868846 1.09422 0.00624903 -0.000429877 -0.999715 0.0230437 -0.071229 -0.00816807 0.00878015 0.0098998 -0.00775144 -0.00261497
118.02 0.575994 -4.92692 0.870979 1.10076 0.00552645 -0.00149543 -0.999761 0.0210943 -0.0703212 -0.00228106 0.0217221 -0.00172316 0.00300837 -0.0205158
118.496 0.585108 -4.96739 0.87475 1.11093 0.00590141 -0.00121277 -0.999862 0.0154737 -0.0722412 0.000133138 0.0212295 2.50589e-05 0.00137396 -0.0302957
119.356 0.610125 -5.05049 0.882535 1.13368 0.00657249 -0.000577062 -0.999961 0.00580952 -0.0809072 -0.00221669 0.0262836 0.000981292 -0.000244155 -0.0141783
119.812 0.616593 -5.0952 0.88573 1.14943 0.00670102 -0.000713554 -0.99997 0.00375882 -0.0837682 -0.00246098 0.0254486 -0.000349405 0.000395346 -0.00758266
120.286 0.609109 -5.14056 0.891672 1.16077 0.00638521 0.000676275 -0.999976 0.00273512 -0.0851939 -0.00419446 0.0107539 -0.00349814 -0.00196538 0.00332641
120.728 0.60791 -5.18491 0.893448 1.17049 0.00653392 0.000403131 -0.999964 0.00542506 -0.0860555 -0.00887927 0.0104005 0.00134029 0.000736242 0.0219349
121.188 0.606216 -5.23348 0.894957 1.17955 0.00647322 0.000225018 -0.999919 0.0109168 -0.088053 -0.0101249 0.0067338 0.00604659 -0.0301756 0.0259358
121.65 0.605441 -5.27253 0.895747 1.17697 -0.0029498 -0.000319 -0.999743 0.0224662 -0.0460698 -0.00698074 -0.000763521 -0.000755453 0.00673846 0.0807427
122.084 0.603993 -5.29447 0.898285 1.17882 -0.00283618 -0.000158277 -0.99911 0.0420776 -0.0175842 -0.00499848 -0.00108167 -0.000982113 -0.00256724 0.107089
122.484 0.601794 -5.30574 0.901082 1.1749 -0.00314977 0.000166367 -0.998105 0.0614603 -0.00112838 -0.00460546 0.00403172 -0.00222731 -0.0011562 0.10596
122.978 0.599289 -5.30952 0.902555 1.17626 -0.00330406 0.000473489 -0.996334 0.0854795 0.0116425 -0.00656012 0.00312292 0.000331338 -1.08621e-05 0.100717
123.444 0.599485 -5.308 0.902529 1.17756 -0.00335574 0.000431547 -0.994281 0.106739 0.0169808 -0.00764776 0.00110889 0.000189762 -0.000386091 0.090947
124.236 0.598295 -5.29329 0.904205 1.17278 -0.00294466 0.000433621 -0.990498 0.137498 0.0202815 -0.00716831 0.00491725 -0.000288839 0.00139244 0.0693588
124.678 0.596274 -5.28531 0.905859 1.17899 -0.00280762 0.00058815 -0.988599 0.150543 0.0184818 -0.00738068 0.00240457 7.60835e-05 0.000591278 0.0614792
125.134 0.594538 -5.27439 0.907384 1.19346 -0.00252122 0.000735657 -0.986491 0.163797 0.0171437 -0.00797524 -0.0134663 1.43531e-05 0.00287505 0.0615573
126.014 0.590265 -5.25048 0.91101 1.18393 -0.00101905 0.000815826 -0.981637 0.190756 0.0118071 -0.00849598 0.0269911 0.00714351 0.0499234 0.0627825
126.42 0.590775 -5.24626 0.909919 1.1905 0.0073872 0.0013256 -0.979717 0.200243 -0.0238012 -0.0181552 0.0576745 -0.000679389 -0.017605 0.0382866
127.252 0.599256 -5.26794 0.900223 1.2141 0.00489656 0.00135795 -0.978031 0.208399 -0.052417 -0.0258035 0.0584434 -0.000277771 0.000132922 0.0107918
127.71 0.609514 -5.28568 0.889438 1.23663 0.00498698 0.00135431 -0.977542 0.210678 -0.0554598 -0.0287357 0.0579641 0.000518818 0.000725663 0.00979866
128.444 0.635357 -5.32748 0.861121 1.24787 0.00590655 0.00152398 -0.976573 0.215099 -0.0623091 -0.0364231 -0.00429312 0.000740036 0.000329974 0.0123429
128.944 0.654288 -5.35788 0.843073 1.2549 0.00607073 0.0014902 -0.975914 0.218066 -0.0655059 -0.0386634 -0.00437648 8.71003e-05 0.000609962 0.0115258
129.418 0.674281 -5.39328 0.824732 1.27569 0.00551452 0.00106502 -0.975338 0.220646 -0.0663616 -0.0380597 0.0556664 -0.00054373 0.00288697 0.00750813
129.932 0.684907 -5.43427 0.806461 1.30504 0.00592737 0.00128446 -0.974941 0.222382 -0.0674548 -0.0374547 0.0564664 -0.000107213 0.000695562 0.00381803
130.382 0.689876 -5.47194 0.789417 1.33658 0.00593181 0.00146049 -0.9747 0.223435 -0.0692726 -0.0385402 0.0542069 -0.000624267 -3.44768e-05 0.00445621
131.182 0.715816 -5.53577 0.756572 1.37351 0.0061746 0.00136983 -0.974078 0.226122 -0.0711138 -0.0415291 0.0554755 8.10419e-05 0.000461342 0.00779461
131.622 0.731442 -5.57108 0.73685 1.41116 0.0063594 0.000706951 -0.973821 0.227225 -0.072844 -0.0412405 0.0586953 0.000337532 0.000534676 0.000371331
132.13 0.73871 -5.61962 0.716317 1.46461 0.0064092 0.000887068 -0.974025 0.226346 -0.0767039 -0.0397214 0.0570601 -0.00107938 5.69468e-05 -0.0075854
132.576 0.743434 -5.66387 0.699682 1.47958 0.00730042 0.000790425 -0.974456 0.22446 -0.0815109 -0.0394714 -0.0200419 -0.000588636 -0.0022515 -0.0120959
133.46 0.780585 -5.74452 0.671796 1.46697 0.00728166 0.00142093 -0.975648 0.219219 -0.087885 -0.0396077 -0.023771 -0.00255849 0.00132352 -0.0123685
133.936 0.806077 -5.79635 0.653217 1.45898 0.00730146 0.00145153 -0.976022 0.217547 -0.0905985 -0.0420319 -0.0246193 0.000138762 -3.53208e-05 -0.00527171
134.382 0.836022 -5.84023 0.636727 1.43971 0.00734524 0.00146429 -0.976139 0.217017 -0.0921215 -0.0425483 -0.0238904 0.000131716 0.000702421 -0.0029411
134.874 0.874768 -5.89345 0.617719 1.41628 0.00705516 0.000625477 -0.976288 0.21636 -0.0940433 -0.0399833 -0.0174236 0.000925277 -0.000977704 -0.00830641
135.32 0.897207 -5.94339 0.599132 1.4096 0.00722515 0.000922549 -0.976961 0.213294 -0.0954432 -0.0370013 -0.0184857 -0.000552452 0.000610776 -0.0187918
135.788 0.918079 -5.99332 0.580529 1.40662 0.00769532 0.0018445 -0.977764 0.209559 -0.0977479 -0.0386639 -0.00941776 -0.000603489 0.00100974 -0.0149227
136.242 0.93711 -6.04491 0.558829 1.39969 0.00754884 0.00167515 -0.978148 0.207764 -0.100573 -0.0421714 -0.00965112 0.00103802 -3.22473e-05 -0.00461711
136.704 0.95952 -6.09059 0.538424 1.38859 0.00715755 0.000679052 -0.978344 0.206859 -0.100982 -0.0406631 -0.018621 0.00118684 -0.000837878 -0.00866776
137.344 0.986778 -6.16056 0.509433 1.38068 0.00737718 0.00126191 -0.979297 0.20229 -0.102576 -0.0379004 -0.0230632 -0.0108988 0.00516038 -0.0181081
138.106 1.0162 -6.24256 0.481079 1.3636 0.00755144 0.00195015 -0.979798 0.199836 -0.104542 -0.0411744 -0.023165 0.00024498 -0.000210971 0.00119752
138.916 1.0569 -6.33395 0.443512 1.35464 0.00719164 0.00217291 -0.979557 0.201029 -0.107726 -0.043988 -0.00857599 -0.00111454 0.000538847 0.00553574
139.748 1.08373 -6.42394 0.398311 1.34759 0.00737687 0.00206637 -0.97885 0.204434 -0.106472 -0.0472392 -0.00938887 0.000705981 0.000732947 0.010714
140.534 1.00716 -6.50498 0.354309 1.33838 0.00723822 0.00214253 -0.978029 0.20833 -0.105421 -0.0490445 -0.0222322 0.000245795 0.000667356 0.0119716
141.038 0.950511 -6.55787 0.326273 1.3388 0.00720563 0.00201066 -0.97743 0.211126 -0.106345 -0.0504608 0.023629 0.00694137 -0.00866217 0.0128237
141.86 0.864057 -6.64502 0.284673 1.39269 0.00693597 0.00157266 -0.977098 0.212673 -0.106483 -0.0449157 0.0547571 -0.00131301 0.000273424 -0.00395339
142.348 0.815623 -6.69593 0.263855 1.39106 0.00766184 0.00156183 -0.977436 0.211088 -0.108024 -0.0431599 -0.0177169 -0.000251039 -0.00138361 -0.00842104
142.846 0.764585 -6.74347 0.242076 1.38856 0.00767722 0.00164219 -0.977969 0.208604 -0.108145 -0.0429432 -0.0161757 0.000407964 0.000540273 -0.0106486
143.36 0.716516 -6.79295 0.21585 1.40184 0.00654499 0.00248305 -0.978292 0.207114 -0.104076 -0.0461893 0.0514252 0.000691074 0.00254335 0.00181121
143.852 0.67028 -6.84228 0.188263 1.43633 0.00684672 0.00221948 -0.977806 0.209391 -0.10139 -0.048754 0.0517796 0.000743504 0.00036359 0.0150339
144.304 0.625018 -6.88754 0.1629 1.43876 0.0073736 0.00219892 -0.977058 0.212834 -0.103117 -0.0504398 -0.0372406 0.00041769 -0.00292841 0.0156844
144.792 0.585714 -6.93076 0.13643 1.42762 0.00738493 0.0021337 -0.976388 0.215889 -0.102606 -0.0514587 -0.0381112 0.000364235 0.000444676 0.0138014
145.312 0.548261 -6.97573 0.11135 1.41872 -0.00264896 -0.000285962 -0.974838 0.222899 -0.0715011 -0.0358165 0.0069418 0.000401879 0.000432958 0.0635918
145.742 0.523827 -7.00145 0.0982523 1.41804 -0.00271926 -0.000498113 -0.970363 0.241638 -0.0404719 -0.0189179 0.0088652 6.24933e-05 -0.00402405 0.103675
146.248 0.51169 -7.01351 0.0912902 1.40843 -0.00317134 -0.0010912 -0.965653 0.259814 -0.0200609 -0.00655735 0.0179277 0.00172623 -0.00104472 0.0302056
146.742 0.509774 -7.01428 0.0913175 1.40646 -0.00361024 0.000216239 -0.964876 0.262682 -0.00704824 -0.000150962 0.0207137 -0.00748751 0.000619194 0.0640603
147.256 0.513431 -7.00874 0.0900424 1.41744 -0.00372044 -2.73319e-05 -0.95437 0.298603 0.00145128 -0.00337862 0.00984124 0.00446542 -0.0010181 0.205524
147.708 0.523707 -6.99647 0.0919137 1.41843 -0.00335789 -0.000446516 -0.938875 0.344242 0.00493673 -0.000809269 0.00774825 0.00236103 0.00286916 0.226472
148.208 0.536715 -6.98074 0.100502 1.42119 -0.00262064 -0.000354379 -0.919485 0.393115 0.00371349 0.00323088 0.00693572 9.58042e-05 0.00350738 0.223908
148.688 0.549604 -6.96577 0.110679 1.42579 -0.00180095 -0.000111677 -0.899761 0.436378 0.000810707 0.00396406 0.000334849 0.00296533 0.00418863 0.201567
149.172 0.561505 -6.95139 0.115924 1.42291 -0.00116911 -0.000363581 -0.881028 0.473062 -0.0033348 0.00123112 0.00293658 0.00423789 0.00193229 0.155421
149.68 0.578168 -6.93498 0.120313 1.41623 -0.000434346 -0.000898534 -0.86386 0.503732 -0.00712087 0.000106408 0.0108145 0.00313913 0.00186584 0.124881
150.194 0.584796 -6.9265 0.126974 1.41301 8.0156e-06 -0.000895214 -0.85043 0.526087 -0.0116153 0.000161814 0.0130049 0.0010184 0.00187776 0.0920544
150.712 0.589815 -6.92034 0.133589 1.41235 0.00178577 0.000700404 -0.840057 0.542495 -0.0134065 -0.0015393 -0.0457132 -0.0174432 0.0771191 0.07481
151.206 0.595577 -6.91725 0.128244 1.39403 0.00516316 0.00333725 -0.833208 0.552926 -0.0216072 -0.0400261 -0.0564881 0.00187924 -0.0117284 0.0298625
151.666 0.595483 -6.92096 0.112441 1.382 0.00431146 0.00263329 -0.830683 0.556724 -0.0238992 -0.0534297 -0.0244315 0.00399888 -0.0404371 0.0116957
152.156 0.593129 -6.92675 0.0975479 1.38531 -0.00161692 -0.00224392 -0.831936 0.554864 -0.0131661 -0.0238034 -0.00192469 -0.00131256 0.0126924 -0.0392744
152.668 0.588575 -6.93264 0.0918032 1.37781 -0.00113314 -0.00146404 -0.839331 0.543617 -0.00644358 -0.00721272 0.00386082 -0.000904507 -0.000251201 -0.0639335
153.124 0.58633 -6.93421 0.0919173 1.36945 -0.000934694 -0.00163598 -0.847953 0.530068 -0.00229295 -0.00145575 0.0155702 -9.69222e-05 0.00101048 -0.0944162
153.598 0.584899 -6.93468 0.096225 1.37113 -0.000852459 -0.00140057 -0.859714 0.510773 0.000151497 0.00115239 0.0128721 -0.00134172 0.00173387 -0.109959
154.086 0.582173 -6.93777 0.0986228 1.35551 0.00678041 0.00461057 -0.869685 0.493539 -0.0130964 -0.0328842 -0.0303823 -4.70125e-05 -0.0216005 -0.0389241
154.576 0.575232 -6.94778 0.0885055 1.32089 0.00251648 -0.000272744 -0.870851 0.49154 -0.0200914 -0.0412393 -0.103436 -0.000119528 -0.00109188 -0.00851264
155.112 0.561645 -6.96392 0.0816376 1.26578 0.00312512 0.000622865 -0.872776 0.488111 -0.0233495 -0.0332089 -0.103767 -0.001082 0.00111062 -0.0240842
155.59 0.55068 -6.97776 0.0718617 1.25126 -0.00169117 -0.000771168 -0.874464 0.485087 -0.0142809 -0.0218277 0.00691087 -0.00226641 -0.000882474 0.00437161
156.076 0.543639 -6.9859 0.0672741 1.25077 -0.00103402 -0.000366198 -0.871297 0.490755 -0.000822759 -0.00781237 0.010595 0.000233176 0.00101572 0.0428275
156.554 0.539882 -6.99024 0.068212 1.25411 -0.000929499 -5.25455e-05 -0.865784 0.500417 0.00488745 -0.000985067 0.00621398 -0.00246273 0.00109541 0.0565552
157.036 0.535866 -6.9932 0.0694943 1.26118 -0.000978652 0.000282427 -0.857693 0.514161 0.00822113 0.000495341 -0.000192894 -0.000539224 -0.000456405 0.0708056
157.536 0.533302 -6.99568 0.0694006 1.25797 -0.00119245 0.000362553 -0.849192 0.528083 0.00965717 0.000800554 0.000926708 -0.00131639 -0.000669702 0.0718624
158.066 0.533149 -6.99591 0.0681945 1.26073 -0.00137091 0.00036342 -0.838914 0.544263 0.0114829 0.000770241 -0.00203146 0.000880434 -0.000921912 0.079415
158.632 0.536255 -6.99181 0.0677551 1.25344 -0.00135697 0.000224291 -0.828047 0.560658 0.0128714 0.00186079 0.00520753 0.00131925 0.000487906 0.0767284
159.13 0.541416 -6.98663 0.0693084 1.25328 -0.00101872 9.25227e-05 -0.817814 0.575482 0.0120873 0.00307191 0.00522506 0.000821348 0.000571512 0.075172
159.608 0.542192 -6.98504 0.0719651 1.25196 -0.000970899 0.000234561 -0.807573 0.589767 0.00936555 0.00357453 0.0058416 -0.000222716 0.00031743 0.0676801
160.126 0.544182 -6.98181 0.0739388 1.2395 -0.000852356 0.0002215 -0.799452 0.60073 0.00848753 0.00319932 0.0162612 0.00066078 0.000419486 0.0501738
160.602 0.548187 -6.97715 0.0759048 1.24562 -0.000566201 0.000198764 -0.793346 0.60877 0.00776883 0.00282352 0.0166205 0.000624408 0.00044622 0.0407557
161.11 0.550566 -6.97478 0.0763848 1.24179 -0.000544853 0.000149908 -0.787243 0.616642 0.00559676 0.00187638 0.0148576 -8.31829e-05 -0.000612722 0.0379677
161.59 0.551768 -6.97346 0.0774394 1.24028 -0.000466044 0.000268815 -0.782281 0.622926 0.00448195 0.00246695 0.00295797 -0.00356676 0.0225862 0.0360518
162.066 0.553981 -6.97313 0.0702767 1.23178 0.0058935 0.00508219 -0.777395 0.628964 -0.00439975 -0.0380801 -0.0200949 0.000247216 -0.0177196 0.0219823
162.526 0.55733 -6.97528 0.0516158 1.23479 0.00478279 0.00440775 -0.775264 0.631604 -0.00891061 -0.0542801 -0.0219091 -0.000295442 -8.56463e-05 0.00852532
162.998 0.565059 -6.97747 0.0201435 1.23284 0.00439142 0.0044254 -0.774114 0.633016 -0.00867817 -0.062333 -0.0242111 -0.000424569 -0.000508954 0.00691173
163.462 0.575797 -6.98007 -0.0150191 1.23182 0.00462732 0.00448156 -0.772734 0.634697 -0.00736463 -0.0661795 -0.0240224 0.000614074 0.000856267 0.0107557
163.94 0.590034 -6.98361 -0.0511152 1.20119 0.00504446 0.0036233 -0.771059 0.636734 -0.00782172 -0.0677011 -0.0579009 0.0168124 -0.0106764 0.00773557
164.394 0.60662 -6.98728 -0.0929158 1.15669 0.00510312 0.00295334 -0.771835 0.635795 -0.013215 -0.0653448 -0.0542035 -0.00158117 0.00231778 -0.0177334
164.856 0.623483 -6.99346 -0.134025 1.13572 0.00501244 0.00319214 -0.774851 0.632116 -0.0151073 -0.0664422 -0.024367 -0.00492501 -0.0320823 -0.0270786
165.408 0.641371 -7.00306 -0.174997 1.14025 -0.00170811 -0.00154093 -0.782141 0.623097 -0.00405377 -0.0221859 -0.00294793 -0.000361265 0.00511777 -0.0611756
165.916 0.647594 -7.0097 -0.191816 1.13953 -0.00203929 -0.00143 -0.791654 0.610964 0.00175529 0.00169778 -0.00118838 -0.000176846 -0.00161943 -0.0678093
166.432 0.649887 -7.01076 -0.196352 1.13558 -0.00166485 -0.00176034 -0.804182 0.594379 0.00493386 0.0160493 0.00293126 -7.06065e-05 0.000358012 -0.107282
166.85 0.650166 -7.01196 -0.197586 1.13289 -0.00183986 -0.0017544 -0.81804 0.575156 0.00529359 0.0205133 0.00408601 -0.000836239 -0.0019382 -0.121537
167.326 0.650231 -7.01162 -0.196142 1.12219 -0.00197357 -0.00199202 -0.833383 0.552689 0.00645043 0.0233864 0.0162088 -7.30394e-05 0.000145461 -0.127618
167.844 0.646349 -7.01251 -0.189408 1.12136 -0.00200264 -0.00177073 -0.85069 0.525662 0.00640808 0.024596 0.0188863 -0.00132049 -2.16123e-05 -0.127491
168.3 0.641058 -7.01329 -0.184046 1.13436 -0.0020758 -0.00169341 -0.863726 0.503955 0.00674195 0.0232386 0.00858081 -0.000397814 -0.000359913 -0.123827
168.736 0.635383 -7.01477 -0.177159 1.14303 -0.00226539 -0.00151614 -0.877096 0.480307 0.00666622 0.0216427 -0.00361655 -0.00122413 2.78476e-05 -0.119183
169.282 0.629453 -7.01284 -0.164772 1.14645 -0.00208525 -0.00110625 -0.890414 0.455145 0.00787994 0.020309 -0.00676073 -0.00181559 0.0024136 -0.105153
169.776 0.625306 -7.00863 -0.15303 1.14531 -0.00171175 -0.000692879 -0.900534 0.434781 0.00838086 0.0168367 -0.00962241 -0.000708591 0.00242817 -0.0900253
170.288 0.62344 -7.0031 -0.141767 1.12732 -0.00132877 -0.000333255 -0.909286 0.41617 0.00754335 0.0127142 0.0119348 -0.00136623 0.00269187 -0.0723659
170.854 0.621313 -6.99715 -0.130022 1.13096 -0.000837705 0.000150615 -0.916333 0.400416 0.00578855 0.00870791 0.0080241 -0.000979033 0.00290159 -0.0556765
171.348 0.620921 -6.99337 -0.12556 1.14286 -0.000656729 0.000348353 -0.921136 0.389239 0.00353595 0.00381416 -0.00179414 0.000616765 0.000146656 -0.0429259
171.912 0.624549 -6.9878 -0.123333 1.15065 0.0011208 0.000473905 -0.925281 0.379281 0.00177146 0.00152299 -0.0140164 0.0155443 0.071968 -0.0342702
172.412 0.623252 -6.99293 -0.126743 1.14177 0.00548772 0.00376959 -0.927242 0.374404 -0.0268035 -0.0275814 -0.0332913 0.001061 -0.0148505 -0.00165776
172.872 0.621277 -7.00445 -0.140445 1.13142 0.00477653 0.00316521 -0.926519 0.376204 -0.0348147 -0.0385608 -0.0329513 0.00104045 -7.66219e-05 0.0203261
173.442 0.621058 -7.02384 -0.166351 1.11661 0.00532232 0.00308468 -0.924601 0.380887 -0.0410912 -0.0442913 -0.0149321 3.0105e-05 0.00027912 0.0182952
173.912 0.62412 -7.03996 -0.188867 1.10386 -0.00315306 -0.00112556 -0.924228 0.381826 -0.0283638 -0.0262992 0.00633075 -0.00177082 -0.0138855 -0.00981573
174.378 0.625921 -7.0504 -0.202585 1.09605 0.00778097 0.00241313 -0.92625 0.376822 -0.0274749 -0.0191668 -0.0302112 -0.00116895 0.00569965 -0.0306871
174.972 0.624459 -7.07506 -0.228532 1.06171 0.00607498 0.00200123 -0.92976 0.368112 -0.0457944 -0.032715 -0.0303056 -2.01522e-05 0.000109679 -0.0312664
175.454 0.624192 -7.09673 -0.248644 1.06782 -0.00259862 -0.000395692 -0.932406 0.361404 -0.0236659 -0.0161067 -0.00616377 0.000562575 0.00531811 -0.0354526
175.994 0.627441 -7.10877 -0.265102 1.06028 -0.00189667 -0.000517053 -0.935871 0.352338 -0.000818168 0.000423931 0.00150768 0.00210058 -0.00118379 -0.0373772
176.49 0.630719 -7.11427 -0.273114 1.05743 -0.00202358 -0.00100093 -0.939048 0.343779 0.00802554 0.00985089 0.00319673 0.000862396 -0.00110956 -0.0398954
176.954 0.631847 -7.11462 -0.274815 1.05807 -0.00199057 -0.00108703 -0.942273 0.334838 0.0125506 0.0154704 0.00670438 0.000520072 0.000293546 -0.0419172
177.616 0.631599 -7.11327 -0.272828 1.05345 -0.00202222 -0.00122088 -0.947092 0.320954 0.0140164 0.0184371 0.00988596 -0.000189198 -0.000687032 -0.0515448
178.292 0.627909 -7.11003 -0.264401 1.05376 -0.00195803 -0.000898829 -0.95239 0.304874 0.0139774 0.0194012 0.00600988 -0.00247236 0.000936432 -0.0529991
178.744 0.624226 -7.10522 -0.2565 1.054 -0.00151514 -0.000473994 -0.95561 0.294629 0.0149035 0.0178697 0.00674139 0.00462321 0.0476652 -0.0400447
179.276 0.623366 -7.10909 -0.258247 1.06382 0.00460603 0.00120557 -0.958333 0.285613 -0.0314837 -0.012517 0.00314205 -0.0142908 -0.111445 -0.0317076
179.752 0.621651 -7.11728 -0.262891 1.07304 -0.00159165 -0.000168211 -0.960525 0.27819 -0.0094133 -0.00407109 0.00318926 0.00451889 0.0257419 -0.0329096
180.21 0.619801 -7.12462 -0.265131 1.08771 0.00784381 0.00125625 -0.96245 0.271342 -0.0332982 -0.0139041 -0.00581225 -0.00467607 -0.010512 -0.0323294
180.974 0.610068 -7.16286 -0.282568 1.08033 0.00649075 0.00165754 -0.964771 0.263006 -0.0533012 -0.0265374 -0.0210512 0.000317162 0.000204024 -0.0117504
181.694 0.601957 -7.21519 -0.307059 1.08569 0.00685108 0.00177175 -0.965711 0.259524 -0.0594905 -0.0287472 -0.000565144 -0.000198386 0.00174579 -0.00680551
182.2 0.574191 -7.25528 -0.325554 1.08189 0.00717627 0.00192684 -0.966282 0.257378 -0.0621694 -0.0292382 -0.000550044 -0.000359477 0.0010045 -0.00606697
182.712 0.565837 -7.29914 -0.347524 1.06106 0.0073646 0.00198459 -0.966758 0.255579 -0.0648248 -0.0303135 -0.0135217 0.000283417 0.000293612 -0.00617937
183.194 0.585017 -7.34884 -0.373516 1.05513 0.00753588 0.00206097 -0.967259 0.25367 -0.0687889 -0.0319975 -0.0135423 -0.000135635 -1.53474e-05 -0.00571051
183.694 0.583551 -7.40303 -0.402007 1.05993 0.00744782 0.00273103 -0.96771 0.251939 -0.0726208 -0.0347827 0.00135896 -0.00352324 0.00102879 -0.00249568
184.438 0.593709 -7.48012 -0.44535 1.06188 0.00773867 0.00269593 -0.967466 0.252867 -0.0748111 -0.0399666 0.000313794 0.000494234 0.000146496 0.0105261
184.92 0.559118 -7.52646 -0.475103 1.06534 -0.00124893 -0.000447358 -0.967304 0.253615 -0.0615657 -0.0322488 -0.00353178 0.00300583 -0.0508226 -0.0125764
185.39 0.551673 -7.56201 -0.494055 1.06427 -0.00254612 -0.00052202 -0.969519 0.245004 -0.0237671 -0.00707009 -0.000848547 -0.00287943 -0.00353444 -0.0579329
185.878 0.550423 -7.58427 -0.504531 1.05831 -0.00369517 -0.00057994 -0.973141 0.230182 -0.00111205 0.00570806 0.00365116 0.000773888 -0.00409365 -0.0675096
186.608 0.548791 -7.58954 -0.508268 1.06584 -0.00409125 -0.00112022 -0.980355 0.197195 0.0176352 0.0170237 -0.00101456 -0.000580972 9.90028e-05 -0.111036
187.044 0.547293 -7.58308 -0.507242 1.06439 -0.00402893 -0.0012052 -0.984605 0.174742 0.0218244 0.0185328 -3.73716e-05 0.000512133 0.00114007 -0.108506
187.506 0.54456 -7.56978 -0.505481 1.0579 -0.00358963 -0.00158732 -0.988671 0.150048 0.023065 0.0182899 0.00364116 0.00162262 0.00266093 -0.112779
187.98 0.544087 -7.555 -0.500201 1.05725 -0.00308262 -0.00163463 -0.992141 0.125079 0.0201096 0.018071 0.00650143 -0.00021769 0.00240206 -0.111269
188.448 0.547457 -7.54005 -0.491749 1.05161 -0.00255157 -0.00139694 -0.994782 0.101984 0.0156702 0.016756 0.0125965 -0.00101142 0.00222124 -0.103846
188.93 0.548756 -7.52551 -0.484804 1.05866 -0.00204601 -0.00128034 -0.997044 0.076796 0.0101533 0.012898 0.00501016 0.000166253 0.00229991 -0.100196
189.43 0.552876 -7.51312 -0.477983 1.04865 -0.00163096 -0.0011562 -0.99855 0.053792 0.00458156 0.00988907 0.0135796 -0.000826359 0.0010853 -0.0914723
189.878 0.556215 -7.50347 -0.471413 1.05267 -0.00136084 -0.000821431 -0.99931 0.0371172 0.000979636 0.00745099 0.0121281 -0.00221248 0.00290102 -0.0674344
190.356 0.558884 -7.49007 -0.463711 1.05999 -0.000669651 -0.000498633 -0.999711 0.024034 -0.00205042 0.00418418 0.00440532 -0.000769355 0.00374339 -0.0426165
190.832 0.562674 -7.48033 -0.456407 1.06603 0.00499155 -0.000921869 -0.999877 0.014834 -0.0122203 0.00326843 0.00257074 0.00600184 0.0672685 -0.0342564
191.328 0.57009 -7.48682 -0.448869 1.0687 0.00536069 -0.000849369 -0.999965 0.00633678 -0.0519835 0.00520499 0.000183295 0.0002987 -0.00532224 -0.0272392
192.368 0.555475 -7.52772 -0.434262 1.06155 0.00538691 0.000991483 -0.999977 -0.00403834 -0.0687386 0.000332664 -0.000729428 0.00234028 0.000386833 0.00462798
192.83 0.546797 -7.55364 -0.432573 1.07223 0.00559498 0.000628626 -0.999983 -0.0015191 -0.0719192 -0.00259971 -0.00110499 0.000558882 0.000762583 0.0216002
193.328 0.542131 -7.58647 -0.431293 1.05883 -0.00304919 0.000101155 -0.999988 0.00381501 -0.0570504 -0.000934588 0.00973076 -0.000383902 -0.0383898 0.0367483
194.308 0.537983 -7.6033 -0.428537 1.05822 -0.00211662 0.000573501 -0.99962 0.027476 -0.00295238 0.00171591 0.0179149 -0.000443858 0.00210575 0.0616751
195.238 0.53564 -7.59516 -0.428182 1.07318 -0.00152773 0.000773525 -0.998686 0.0512277 0.00396683 0.00196298 0.00118966 0.000344969 0.00110715 0.0527034
195.714 0.537654 -7.58781 -0.430136 1.06924 -0.00122895 0.000688151 -0.998063 0.0621969 0.00338288 0.00249835 0.000251426 0.000600954 0.00124347 0.047056
196.206 0.541753 -7.58085 -0.431811 1.06541 -0.00097676 0.000644754 -0.997436 0.0715509 0.00185715 0.00364929 0.00992688 -0.000443605 0.00128333 0.0455174
197.15 0.551026 -7.56921 -0.438371 1.0511 -0.000632178 0.000283414 -0.995575 0.0939705 -0.00283503 0.00480109 0.0210449 0.00150941 0.000459806 0.0513533
197.658 0.553842 -7.56332 -0.441442 1.06246 -0.000356167 0.000323986 -0.99388 0.110467 -0.00435507 0.00581264 0.0137862 0.00136886 0.00127019 0.0879559
198.148 0.555312 -7.56133 -0.444054 1.07293 -0.000292381 4.10164e-05 -0.991445 0.130528 -0.00665816 0.00659083 0.00328353 0.00145771 -0.000454802 0.0998421
198.67 0.559242 -7.55871 -0.449586 1.07883 -0.000293832 -0.000408451 -0.988049 0.15414 -0.00702453 0.00666934 -0.00408639 0.00307681 0.0002611 0.093018
199.158 0.563886 -7.55562 -0.453492 1.08637 -0.000105725 -0.000973191 -0.98493 0.172953 -0.00741482 0.00835524 -0.010262 0.00153487 0.000202173 0.0775772
199.684 0.563608 -7.55514 -0.454079 1.10089 -7.03291e-05 -0.00109872 -0.981977 0.188996 -0.0087397 0.0103763 -0.0270187 -4.91483e-05 -0.000406791 0.0559842
200.238 0.562079 -7.55465 -0.453242 1.11067 0.00498948 0.00223005 -0.979513 0.201309 -0.0130961 0.00502537 0.00302454 -0.019661 0.0748632 0.0459746
200.758 0.566659 -7.56269 -0.462069 1.12996 0.00583394 0.00203133 -0.977604 0.210362 -0.041312 -0.0226142 -0.000483004 0.00192807 -0.00387149 0.0308713
201.478 0.581794 -7.59446 -0.480782 1.14711 0.00617587 0.00130943 -0.975744 0.218825 -0.0539742 -0.0314838 -0.00565974 0.00113233 0.00162328 0.0191602
201.97 0.594264 -7.62352 -0.497528 1.15466 0.0062766 0.0013813 -0.975044 0.221918 -0.0590621 -0.0339791 -0.00590096 0.000248196 0.000906982 0.00909815
202.524 0.587262 -7.6614 -0.517686 1.16071 0.000819975 -0.000335995 -0.974669 0.223649 -0.0559805 -0.0324333 -0.00153168 0.00772047 -0.0915723 -0.00272424
203.14 0.572849 -7.68739 -0.52892 1.16482 -0.00182078 -0.000857157 -0.976919 0.2136 -0.00774113 -0.00581428 -0.00894048 -0.00128263 0.00124703 -0.0599431
203.672 0.571361 -7.69736 -0.530266 1.15748 -0.00173445 -0.00060518 -0.980208 0.197963 0.0104943 0.00259505 -0.000518111 -0.000146459 0.000272049 -0.0668326
204.168 0.572048 -7.70061 -0.530171 1.1546 -0.00161878 -0.000629896 -0.983821 0.179145 0.0193001 0.00531445 0.00266629 0.000833373 -7.28929e-05 -0.0840009
204.614 0.572301 -7.70275 -0.529172 1.14951 -0.00175697 -0.000646707 -0.986747 0.162255 0.0218809 0.00659797 0.00708923 -0.000997694 -0.000864343 -0.0839779
205.094 0.574044 -7.70338 -0.527396 1.14966 -0.00195944 -0.000871113 -0.990012 0.140965 0.023861 0.00746844 0.00905778 0.000651639 -0.000372604 -0.117277
205.594 0.580262 -7.70164 -0.520489 1.15099 -0.00202357 -0.000413018 -0.993979 0.109548 0.0245794 0.00930114 0.00752238 -0.0028337 -0.000406745 -0.15098
206.076 0.585016 -7.69378 -0.51563 1.15187 -0.00176256 -4.11743e-05 -0.997307 0.0733127 0.026521 0.00673714 0.00591187 -0.000709116 0.00206995 -0.143458
206.548 0.587935 -7.68773 -0.512866 1.15318 -0.00148298 5.03094e-05 -0.999006 0.0445617 0.024392 0.00416558 0.00405459 -0.000416095 -0.000589692 -0.129555
207.052 0.589078 -7.68221 -0.511686 1.12285 -0.00145523 5.02447e-05 -0.999888 0.0148948 0.0219698 0.00230247 0.0298246 -0.000912765 4.8304e-05 -0.115323
207.528 0.590736 -7.67913 -0.510728 1.10992 0.0097675 0.000124064 -0.999925 -0.00735264 -0.0158339 0.00232482 -0.00517515 -0.00368467 -0.00698772 -0.0628757
208.032 0.593813 -7.69835 -0.509492 1.10284 0.00678317 0.000121182 -0.99986 -0.0152759 -0.0507707 0.00206633 -0.00610412 0.00136383 -0.00274783 -0.0131929
208.57 0.591847 -7.73067 -0.509623 1.11956 0.00619197 -0.000383419 -0.999836 -0.0170395 -0.0623361 0.00371078 0.00464805 0.0026987 -0.00159449 -0.00367305
209.042 0.593664 -7.76607 -0.505924 1.1393 0.00638578 -0.000262855 -0.999798 -0.0190351 -0.0662815 0.00729845 0.00416379 -0.000247355 0.000996645 -0.0109121
209.478 0.598358 -7.80077 -0.502461 1.14778 0.00654131 -0.00019366 -0.999744 -0.0216798 -0.0697829 0.00868192 0.00300711 -0.000388647 0.000928923 -0.0127928
209.978 0.601342 -7.84587 -0.49864 1.15082 0.00684661 0.000585837 -0.999694 -0.0237584 -0.0749412 0.00682567 -3.12158e-05 0.000809589 -0.000157245 -6.46949e-05
210.958 0.601049 -7.94516 -0.499809 1.12587 0.00627174 -0.00112454 -0.999774 -0.0203011 -0.0820241 0.00618956 0.000902319 0.00849657 -0.00505025 0.00350147
211.924 0.606426 -8.04288 -0.492912 1.14198 0.00652876 -0.000694291 -0.999541 -0.0295698 -0.0850394 0.0150605 0.000149417 -0.000364143 0.000614418 -0.030167
212.378 0.610381 -8.08988 -0.489797 1.13358 0.00667452 -0.000700838 -0.999318 -0.0363079 -0.0875967 0.0152623 0.0012062 0.000384371 0.000305296 -0.02951
213.338 0.62004 -8.18964 -0.479809 1.16364 0.00705746 -0.000384735 -0.998864 -0.0471253 -0.0955537 0.014835 0.00124863 0.000676823 -0.000102653 -0.0159166
214.232 0.627936 -8.28734 -0.473129 1.17744 0.00696927 0.000671922 -0.998683 -0.0508252 -0.100989 0.00863175 -0.00943587 0.00170561 0.000389502 0.0091598
214.728 0.628257 -8.33757 -0.472136 1.16412 0.00708382 0.000370484 -0.99884 -0.047629 -0.101983 0.00626089 -0.00938952 0.000348433 0.00125025 0.0183107
215.24 0.629186 -8.39194 -0.471931 1.14256 0.00740725 1.62605e-05 -0.999024 -0.0435443 -0.104279 0.00644017 -0.00865713 6.22137e-06 0.000311177 0.0152288
215.728 0.628306 -8.44513 -0.472487 1.13954 0.00739514 1.19789e-06 -0.999133 -0.0409625 -0.10781 0.00632777 -0.00913743 0.000173006 -0.000772441 0.00949256
216.234 0.628198 -8.49653 -0.472764 1.13321 0.0072608 7.3673e-05 -0.999199 -0.039345 -0.109846 0.0057401 -0.00814367 -0.000261133 0.000124437 0.00846973
216.732 0.629539 -8.55181 -0.469962 1.13636 0.00730695 9.78261e-05 -0.999272 -0.0374414 -0.11155 0.00612129 -0.00875383 -0.000218211 4.01076e-06 0.00941373
217.196 0.632346 -8.60125 -0.468654 1.13549 0.00744388 -0.000183374 -0.999333 -0.035748 -0.112725 0.00571478 -0.00958698 0.00439 0.00195103 0.00816559
217.652 0.632858 -8.65269 -0.467008 1.13382 0.00744205 -0.000323843 -0.999362 -0.0349412 -0.115294 0.00730019 -0.00864948 -0.000318599 -0.000378191 0.00181499
218.12 0.636071 -8.70407 -0.465511 1.13332 0.00742113 -0.000306881 -0.99936 -0.0349894 -0.11631 0.00741147 -0.00855449 0.000186137 0.000607861 -0.00125465
218.582 0.63592 -8.75224 -0.463848 1.13878 0.00756725 -0.000266637 -0.999347 -0.0353453 -0.116486 0.00708491 -0.00909747 0.000201828 0.000436808 -0.00131696
219.068 0.63861 -8.80197 -0.462358 1.13748 0.00772717 -0.000321755 -0.999338 -0.035551 -0.116203 0.00655571 -0.00961754 0.000407923 0.000511827 -0.000511379
219.542 0.640348 -8.85249 -0.459612 1.13098 0.00720989 0.000451115 -0.999348 -0.0353843 -0.116687 0.00532803 -0.0150971 -0.00607155 -0.00495063 0.0030624
220.05 0.643538 -8.9104 -0.458793 1.12446 0.0072706 0.000351159 -0.999439 -0.0326985 -0.114793 0.000143719 -0.0146366 0.00139009 0.000676173 0.018546
220.546 0.641956 -8.9622 -0.45826 1.12472 0.00739174 0.000192058 -0.999584 -0.0278698 -0.114636 -0.000668413 -0.0150284 -0.000149982 0.00064579 0.0217699
221.002 0.645408 -9.01101 -0.456683 1.11792 0.00744821 0.000185585 -0.999699 -0.0233777 -0.114882 -0.00047042 -0.0153172 -0.000143812 0.00080929 0.019061
221.928 0.646478 -9.10985 -0.456379 1.11131 0.0075267 0.000244935 -0.999845 -0.0159431 -0.115741 -0.00179721 -0.0145491 0.000156366 0.000520402 0.0162929
222.408 0.645228 -9.15895 -0.455865 1.10946 0.00761488 0.000229108 -0.999891 -0.0126606 -0.11601 -0.00191287 -0.0150971 -0.000242972 0.000298162 0.0162074
222.9 0.648258 -9.21547 -0.454416 1.09718 0.00806913 -0.000502038 -0.999926 -0.00906958 -0.117409 0.000667933 -0.00927386 -0.000546219 8.35668e-05 0.00834934
224.058 0.64771 -9.34108 -0.452753 1.07726 0.00741706 -0.0010857 -0.999921 -0.0100879 -0.118359 0.00465541 -0.00818359 -0.000220596 -0.000196382 -0.0108706
225.026 0.650558 -9.45071 -0.449277 1.06499 0.00760606 -0.000867624 -0.999803 -0.0183017 -0.118459 0.00704929 -0.00821263 0.000376772 0.000376117 -0.0212912
225.558 0.654418 -9.50844 -0.446308 1.0687 0.00755553 -0.0011046 -0.999702 -0.0231735 -0.117839 0.00747936 -0.0114635 0.001342 -0.000431793 -0.0199562
226.022 0.657046 -9.55956 -0.441963 1.06776 0.00758685 -0.00108403 -0.999598 -0.0273142 -0.117802 0.00889924 -0.0119286 4.73891e-05 0.000123669 -0.0215416
226.526 0.66488 -9.61286 -0.435163 1.06075 0.00779293 -9.37692e-05 -0.999453 -0.0321393 -0.117727 0.00934815 -0.0116802 -0.0142876 0.00117833 -0.0169763
227 0.669223 -9.66436 -0.42994 1.0515 0.00775826 0.000199238 -0.999424 -0.0330516 -0.119212 0.00340515 -0.0123415 0.0018501 4.05572e-05 0.00555894
227.478 0.674944 -9.71421 -0.425907 1.04527 0.00784169 -3.17386e-05 -0.999502 -0.0305791 -0.118875 0.00213582 -0.0115372 0.000873595 0.00101827 0.0151901
227.984 0.676472 -9.77202 -0.423271 1.04918 0.00805703 -0.000232417 -0.999602 -0.0270369 -0.119267 0.00236062 -0.0118663 4.12849e-06 5.20748e-05 0.0124962
228.99 0.680746 -9.88777 -0.419672 1.02435 0.00797403 -0.000924218 -0.999689 -0.0235958 -0.121868 0.00510868 -0.0052621 -0.000690443 -0.000244044 -0.0030123
229.516 0.683131 -9.94875 -0.416903 1.0217 0.0080357 -0.000786632 -0.999648 -0.0252552 -0.121571 0.00634812 -0.00543852 -0.000539724 0.000856486 -0.00833811
230.514 0.694777 -10.0578 -0.405446 1.01127 0.00818487 -0.000652318 -0.999565 -0.0283395 -0.12155 0.00748486 -0.00550638 8.75626e-05 0.00115964 -0.00619737
231.048 0.701725 -10.1156 -0.399222 1.01118 0.00837215 -0.000590547 -0.999528 -0.0295585 -0.12111 0.0080206 -0.00519938 -0.000491822 0.000198158 -0.00494558
231.534 0.708379 -10.1723 -0.392199 1.00515 0.00843498 -0.000524715 -0.999498 -0.0305484 -0.121025 0.00855466 -0.00592608 -2.27048e-05 0.000412917 -0.00361945
232.556 0.667906 -10.2945 -0.384002 0.982372 0.00841411 -0.000661823 -0.999451 -0.0320558 -0.122066 0.00839726 -0.00514711 2.27172e-05 0.000380297 -0.00413278
233.066 0.653365 -10.3585 -0.377951 0.984037 0.00848732 -0.00061463 -0.999418 -0.0330477 -0.122495 0.00905165 -0.00577331 0.000230194 -0.000324252 -0.00438024
233.608 0.64398 -10.4243 -0.368151 0.97378 0.00841808 -0.000516641 -0.999382 -0.0341223 -0.123472 0.0111118 -0.00605574 -0.00116234 -2.05855e-05 -0.00428963
234.534 0.644599 -10.545 -0.355429 0.987352 0.00836725 -0.000526058 -0.99933 -0.0356161 -0.12483 0.0112134 -0.00516249 0.000138894 0.000190123 -0.00425066
235.548 0.652582 -10.6639 -0.346935 0.964076 0.00847253 -0.000545502 -0.99926 -0.0375038 -0.124161 0.0112072 -0.00580633 -0.000118627 0.000186846 -0.00538506
236.074 0.630636 -10.7236 -0.341622 0.960548 0.00854796 -0.000383336 -0.999216 -0.0386679 -0.124435 0.0113632 -0.00521819 -0.00242237 0.000789867 -0.00378273
236.568 0.606215 -10.7838 -0.33618 0.952258 0.00858356 -0.000325429 -0.999211 -0.0387632 -0.124957 0.0105956 -0.00637008 0.000118262 -0.000108109 -0.000482151
237.018 0.590498 -10.8409 -0.332246 0.950847 0.00858209 -0.000359654 -0.999216 -0.0386362 -0.125478 0.0100439 -0.00521207 4.7378e-05 9.84777e-06 0.000437552
237.49 0.568366 -10.897 -0.330602 0.949526 0.00817728 -0.000722319 -0.999223 -0.0385581 -0.124054 0.00974482 -0.0369012 0.000510345 -0.00151102 -0.00145157
237.958 0.573455 -10.9508 -0.328068 0.935046 0.00831749 -0.000669754 -0.999189 -0.0393857 -0.121859 0.0101874 -0.0357372 0.000129736 0.000750972 -0.00445956
238.452 0.576098 -11.0105 -0.32517 0.925636 0.0083656 -0.000703003 -0.999146 -0.0404516 -0.121983 0.00990109 -0.0333596 0.000277278 -0.000222021 -0.00519146
238.954 0.578444 -11.0625 -0.319638 0.92107 -0.00213643 0.000178634 -0.999251 -0.0386503 -0.0770355 0.00557904 0.00398992 8.98083e-05 0.00412624 0.026735
239.48 0.580336 -11.0922 -0.317449 0.922692 -0.00238241 -5.11969e-06 -0.999579 -0.0289048 -0.0373118 0.00145917 0.00642085 0.000494304 -0.00239455 0.0454054
239.944 0.585735 -11.1055 -0.316574 0.91656 -0.00303371 6.60306e-05 -0.999817 -0.0189002 -0.0179492 0.00014484 0.0111196 0.000712553 -0.00289327 0.0406671
240.464 0.59349 -11.1064 -0.316017 0.905331 -0.00327733 -0.000286042 -0.999822 -0.0185673 -0.00272366 0.000936557 0.0185155 -0.000557001 0.00105257 -0.037011
241.004 0.593732 -11.102 -0.314955 0.91302 -0.00349773 -2.97331e-05 -0.999483 -0.0319473 0.00316046 0.00107274 0.0182071 -0.00107598 -0.000168646 -0.06259
241.478 0.576713 -11.0923 -0.312694 0.927108 -0.000924866 0.000130407 -0.998973 -0.0452942 0.0062206 0.000852607 0.00215938 -0.00382184 0.13714 -0.0570116
241.984 0.566553 -11.0906 -0.310341 0.934828 0.00926118 0.00035523 -0.998575 -0.0525561 -0.0615622 0.00401357 -0.00225718 0.00080941 -0.026904 -0.00819027
242.94 0.569437 -11.1386 -0.304092 0.932622 0.00705204 0.000164898 -0.998827 -0.0479025 -0.0880064 0.00559798 -0.00320609 -0.00036061 7.50263e-06 0.01422
243.918 0.568775 -11.214 -0.303969 0.933424 0.00725061 0.000640292 -0.999263 -0.0377015 -0.0856554 0.000141777 -0.0131157 0.000573219 0.0011242 0.0273635
244.818 0.587462 -11.2977 -0.307943 0.915263 -0.00149683 -0.000490258 -0.999605 -0.0280759 -0.0680126 0.000574334 0.000734614 0.00236348 -0.0258931 -0.00508075
245.298 0.589638 -11.3273 -0.308191 0.916326 -0.00164103 -0.000288192 -0.999399 -0.0346351 -0.02703 0.00300311 -0.000307476 -0.00147296 -0.0012689 -0.0524803
245.804 0.590806 -11.3447 -0.307774 0.917519 -0.002105 -0.000108127 -0.998796 -0.049004 -0.0040689 0.00267503 -0.00149536 0.000324807 -0.00191226 -0.0614124
246.284 0.603786 -11.353 -0.308023 0.904341 0.0103466 0.000410223 -0.998121 -0.060388 -0.0137334 0.00236385 0.0050893 -0.00835199 0.075998 -0.039844
247.192 0.630683 -11.4175 -0.308315 0.889344 0.00767859 0.000309363 -0.998142 -0.0604414 -0.0814882 0.00195133 0.00279495 0.000589569 -0.002419 0.0189345
247.7 0.642097 -11.4692 -0.308538 0.895656 0.00680375 -0.00163325 -0.998416 -0.0558302 -0.0872928 0.00575027 0.0205471 0.00641359 -0.00139808 0.00768223
248.196 0.640064 -11.513 -0.305463 0.91331 0.00703513 -0.00129472 -0.998294 -0.057952 -0.0873617 0.0130874 0.0195591 -0.00150013 0.000343167 -0.0218004
248.694 0.642483 -11.5651 -0.29857 0.934896 0.00711488 -0.0010754 -0.997931 -0.0638891 -0.0903808 0.0159977 0.0194724 -0.00086974 -0.000342146 -0.0277405
249.19 0.648604 -11.6168 -0.292238 0.956055 0.00694231 0.000819979 -0.997619 -0.0686084 -0.0920166 0.00988068 0.0444728 0.00251239 0.00118352 -0.0061838
249.678 0.657753 -11.6665 -0.29037 0.977359 0.00704915 0.000227935 -0.99775 -0.066677 -0.0937557 0.0051394 0.044581 0.00122255 0.000362267 0.0173369
250.558 0.68509 -11.7587 -0.286117 1.01655 0.00713845 -0.00161447 -0.998159 -0.0602148 -0.0956844 0.0110057 0.0347219 -0.00206842 -0.000422253 -0.00365207
251.062 0.707428 -11.8155 -0.27974 1.03712 0.00718173 -0.00118124 -0.997921 -0.0640312 -0.0973873 0.0157959 0.034499 -0.000685514 -0.000313392 -0.0234404
251.548 0.727746 -11.8726 -0.270926 1.05393 0.00684294 -0.00134604 -0.997557 -0.0695099 -0.100153 0.0178106 0.0338514 0.000879697 -0.0017286 -0.0269497
252.078 0.738455 -11.9229 -0.261167 1.06644 0.00705125 -0.00125962 -0.997093 -0.0758603 -0.0990031 0.0195191 0.0351664 -0.000545892 0.00145646 -0.0291539
252.592 0.745682 -11.9775 -0.253531 1.07932 0.00730907 -0.00119846 -0.996549 -0.0826799 -0.100778 0.0189029 0.0334518 -0.00198214 0.00328701 -0.0255062
253.478 0.762972 -12.0725 -0.235851 1.10836 0.00742211 -0.00121154 -0.995871 -0.090465 -0.105891 0.0191388 0.0339935 0.000133213 0.000162534 -0.0139462
253.984 0.775926 -12.1251 -0.223418 1.12434 0.00705678 -0.00158959 -0.995567 -0.0937758 -0.10584 0.0215262 0.0329221 -0.000457512 0.000823306 -0.0184291
254.492 0.78806 -12.1764 -0.209855 1.14807 0.00728855 -0.00147783 -0.995096 -0.0986385 -0.105305 0.0231869 0.0328813 -0.000238383 0.000656854 -0.0212523
255.028 0.803224 -12.2349 -0.194813 1.16966 0.00711558 -0.00155717 -0.994539 -0.104111 -0.105005 0.0241101 0.0385229 0.000331191 0.00122222 -0.0210343
255.52 0.819792 -12.286 -0.179364 1.18833 0.00722358 -0.00143958 -0.99402 -0.108952 -0.105216 0.0251323 0.0427831 0.000295695 0.000446128 -0.019371
256.034 0.832568 -12.3364 -0.165726 1.21665 0.00728487 -0.00149617 -0.993571 -0.11297 -0.105938 0.0253637 0.0431814 0.000233106 0.000211311 -0.0171284
256.522 0.847184 -12.3843 -0.150404 1.2187 -0.0023352 0.000493432 -0.993387 -0.114788 -0.0783174 0.0172541 0.00172633 -0.000911601 -0.0104913 0.0106773
257.012 0.858063 -12.4132 -0.142088 1.2212 -0.00260938 0.000401311 -0.994124 -0.108218 -0.040708 0.00562528 0.0026999 0.000743635 -0.00291562 0.0369536
257.492 0.861913 -12.4276 -0.137247 1.24346 0.010926 -0.00172679 -0.994824 -0.101011 -0.0535276 0.00956186 0.0476867 0.00200871 0.0282218 0.0256491
257.98 0.872205 -12.4584 -0.125073 1.27273 0.00751182 -0.00114811 -0.995107 -0.0985141 -0.0902019 0.0217694 0.045367 -0.00184298 -0.00405287 -0.000367684
258.524 0.88806 -12.4989 -0.112343 1.29383 0.00668121 0.000568461 -0.995098 -0.0986632 -0.098129 0.0195449 0.0329142 -0.000314854 -0.00127515 0.0090978
259.044 0.898293 -12.5393 -0.100683 1.28248 0.00678269 0.000291299 -0.995549 -0.0939985 -0.0983576 0.0165174 0.0342312 -0.000363836 0.00101933 0.0267816
259.554 0.904671 -12.5785 -0.0956551 1.27891 -0.00204793 -7.2914e-06 -0.996228 -0.0867495 -0.07461 0.0125558 0.00281412 0.00179729 -0.0189099 0.035421
260.058 0.90777 -12.6055 -0.0935268 1.26857 -0.00207028 -0.000118297 -0.997018 -0.0771388 -0.0380834 0.00865447 -0.00218364 0.000431024 -0.00361631 0.0407857
260.578 0.908577 -12.6174 -0.0916809 1.25642 -0.00260085 5.18578e-05 -0.997761 -0.0668272 -0.0167578 0.00640485 0.0297556 -0.000366138 -0.000559218 0.0400833
261.09 0.91024 -12.6189 -0.0902776 1.27428 -0.00282839 0.000190288 -0.998333 -0.0576528 -0.00678485 0.00488967 0.0118686 -0.000361344 -0.000217081 0.0387563
261.552 0.91321 -12.6156 -0.0880282 1.29854 0.0101532 -0.0014738 -0.998683 -0.0502772 -0.0384156 0.00961404 0.0445529 0.00570668 -0.00206435 0.0169613
262.018 0.917533 -12.6319 -0.0835338 1.30669 0.00648167 -0.00115577 -0.998697 -0.0505986 -0.0743441 0.0179219 0.0438898 -0.00140729 -0.00628475 -0.0163346
262.498 0.922835 -12.6577 -0.0789881 1.32078 -0.00209831 0.000193113 -0.998414 -0.0562519 -0.0685106 0.0155749 -0.00619432 -0.000285567 -0.0302427 -0.035737
263.042 0.925681 -12.6711 -0.0773852 1.33386 -0.0018958 -6.52329e-06 -0.997767 -0.0667673 -0.0344488 0.00865417 -0.0153741 -2.45942e-05 0.00287554 -0.053339
263.608 0.92813 -12.6817 -0.0737288 1.36237 0.00859085 -0.00122491 -0.996737 -0.0802487 -0.0540018 0.013434 0.0401128 -0.00169133 -0.0116958 -0.0367018
264.136 0.931731 -12.7048 -0.0689937 1.38512 0.00629867 -0.00098088 -0.99623 -0.0865123 -0.07716 0.0174164 0.0399239 0.000309326 -0.000797939 -0.0178382
264.7 0.935134 -12.7299 -0.0651213 1.37566 -0.00255704 0.000364617 -0.996174 -0.087356 -0.0472806 0.00886854 0.0132139 0.00209216 0.00943216 0.0182924
265.222 0.935801 -12.7401 -0.0652009 1.39262 -0.00134801 -0.000181961 -0.996846 -0.0793463 -0.0198376 0.00279449 0.00189146 0.00105858 0.00177051 0.0386064
265.73 0.93749 -12.7513 -0.0627918 1.41317 0.00847607 -0.00018871 -0.997456 -0.0707747 -0.0550902 0.00504733 0.0387825 0.00129889 -0.0224523 0.0295943
266.648 0.945428 -12.8107 -0.0552882 1.45958 0.00655054 -0.000149459 -0.998102 -0.0612363 -0.0785344 0.00612891 0.0390435 0.000238967 0.00034476 0.0159276
267.146 0.946966 -12.8484 -0.0528066 1.47964 0.00676983 -0.00142084 -0.998209 -0.0594302 -0.08166 0.0107064 0.0315302 -0.0013071 0.000141264 -0.00363641
268.162 0.960418 -12.9354 -0.0389303 1.51681 0.00711918 -0.00107789 -0.99784 -0.0652951 -0.0852827 0.0139043 0.0387476 -0.00174171 -0.000654344 -0.0153725
268.67 0.969868 -12.9816 -0.0291441 1.52695 0.00728117 -0.000912551 -0.997645 -0.0682008 -0.086477 0.014139 0.0437211 -9.33e-05 0.000712666 -0.0106172
269.194 0.985031 -13.036 -0.0179371 1.55747 0.00739733 -0.000922853 -0.997505 -0.070205 -0.0888832 0.0146359 0.0423419 6.79298e-05 0.000619046 -0.00801562
269.778 0.994051 -13.0923 -0.00413851 1.5817 0.00713865 -0.0013772 -0.997348 -0.0724122 -0.0888243 0.0172749 0.0409692 0.000310986 -5.38199e-07 -0.0115108
270.36 1.00431 -13.1516 0.00554021 1.61867 0.00737116 -0.00133644 -0.997041 -0.076506 -0.089897 0.0179588 0.0424879 -0.00201057 -0.000548823 -0.0190018
270.836 1.01138 -13.2012 0.0120569 1.6483 0.00678163 0.000571469 -0.996943 -0.0778297 -0.0894193 0.00917551 0.0494372 0.00300729 0.00163609 0.0112088
271.804 0.939458 -13.3017 0.0236103 1.70927 0.00623928 -0.000181675 -0.997886 -0.064692 -0.0907199 0.00456286 0.010249 0.0105908 -0.0558814 0.0332094
272.854 0.862529 -13.3942 0.0343545 1.7485 0.00756268 0.000191763 -0.998846 -0.0474248 -0.0866487 0.0025551 0.0389119 0.000418602 -0.00675908 0.0334027
273.49 0.81675 -13.4525 0.0371516 1.76617 0.00742257 0.000112856 -0.999239 -0.0382872 -0.0971434 0.00160811 0.0255274 2.44302e-05 -0.00139744 0.0287538
274.064 0.767898 -13.5086 0.0393648 1.78018 0.00754374 -0.000174178 -0.999483 -0.0312561 -0.100997 0.00139175 0.0177149 0.00887679 0.00802517 0.0244985
274.662 0.693674 -13.5751 0.0422766 1.74353 0.00781642 -0.000549578 -0.999603 -0.0270703 -0.108117 0.00499364 0.0183805 -0.000438075 -0.000233397 0.00577265
275.342 0.636238 -13.648 0.0447744 1.75282 0.00745023 0.000180601 -0.999661 -0.0249482 -0.109045 0.00186664 0.0110828 0.000904416 0.000782166 0.0113951
276.012 0.577211 -13.7274 0.0472065 1.7745 0.00767362 -0.000323876 -0.999773 -0.0198576 -0.112092 0.00013889 0.0148803 0.0033045 0.00171378 0.0155453
276.81 0.519534 -13.8216 0.0503312 1.81065 0.00761984 -0.000347551 -0.999846 -0.0158357 -0.116459 0.00161878 0.0139264 -0.000187738 0.000112926 0.00622869
277.844 0.494489 -13.9313 0.057349 1.89603 0.00669276 -0.000515156 -0.999862 -0.0152159 -0.106807 0.00398978 0.0735838 -0.000372876 0.00103156 -0.00340963
278.408 0.518239 -13.9837 0.0626974 1.95631 0.00619316 -7.22196e-05 -0.999864 -0.0152953 -0.103493 0.0029165 0.0792405 0.000180106 0.000891961 0.00395811
278.956 0.537821 -14.0402 0.0656241 2.00321 0.00621331 -0.000183219 -0.999894 -0.0131463 -0.102719 0.00181768 0.0793808 9.36842e-05 -9.24994e-06 0.00745731
279.496 0.568153 -14.09 0.0669206 2.05364 0.00676249 -0.000365043 -0.999915 -0.0111026 -0.101661 0.00141886 0.0615281 0.00373318 0.014016 0.00594432
280.074 0.603331 -14.1441 0.0669736 2.10077 0.00722642 -0.000532469 -0.999921 -0.0102331 -0.107592 0.00236393 0.0590017 0.000151219 -0.00142207 -0.00128043
281.098 0.652855 -14.2439 0.0721393 2.15469 0.00755918 6.09154e-05 -0.99993 -0.00906798 -0.111997 -0.000546628 0.0265138 0.000627254 0.00034024 0.0100406
281.64 0.667917 -14.3001 0.0739093 2.1626 0.00793426 -9.1267e-05 -0.999951 -0.00585403 -0.11292 -0.000812796 0.0095487 -0.000155681 4.82407e-05 0.0108302
282.174 0.664572 -14.3556 0.0755917 2.16064 0.00806772 -8.96671e-05 -0.999962 -0.00328328 -0.113849 -0.000673194 -0.0170818 -0.000453866 0.000167157 0.00864164
283.114 0.647684 -14.4645 0.0750851 2.14762 0.00758689 0.000413417 -0.999971 0.000926683 -0.114907 -0.00357878 -0.0190483 0.000333892 3.13777e-05 0.0118157
283.682 0.652955 -14.5239 0.0755758 2.14931 0.00777279 0.000311398 -0.999958 0.00489982 -0.11385 -0.00466982 -0.0191829 -0.000382265 0.00083555 0.0179603
284.196 0.657141 -14.5841 0.0738383 2.14512 0.00787785 0.000265249 -0.999924 0.00945817 -0.114284 -0.00590702 -0.0193663 0.000599551 0.000276459 0.0181186
284.722 0.667052 -14.6465 0.071779 2.14116 0.00819899 -0.000514381 -0.999885 0.0127652 -0.117159 -0.00285507 -0.0237198 -0.00151415 -0.00115597 0.0034953
285.236 0.68596 -14.7085 0.0695954 2.14363 0.00757353 -0.00120208 -0.999899 0.0119313 -0.116603 0.00071215 -0.0188169 -0.000940781 0.000846664 -0.0127318
285.71 0.705351 -14.7606 0.0706747 2.14129 0.00783026 -0.000906847 -0.999936 0.0081566 -0.115497 0.00339545 -0.0190407 -0.00127763 0.000883982 -0.0220253
286.256 0.727417 -14.8232 0.0742511 2.13621 0.00797287 -0.00080782 -0.999965 0.0024191 -0.115356 0.00395845 -0.0187736 0.00099162 1.16321e-05 -0.0210867
287.128 0.774044 -14.9206 0.0816838 2.13013 0.00802366 -0.000786989 -0.999953 -0.00532525 -0.116611 0.00528902 -0.0209047 -0.00034073 0.000152506 -0.017657
287.676 0.792859 -14.98 0.0832257 2.10597 0.0080327 -9.68291e-05 -0.999935 -0.00804975 -0.116408 0.000835278 -0.0439411 0.00154378 6.15075e-05 -0.00229626
288.486 0.818325 -15.0743 0.0858457 2.05791 0.0079226 -0.000845985 -0.999939 -0.00765172 -0.113849 0.00213648 -0.0474731 -0.000812646 0.00136558 -0.00445996
289.014 0.844716 -15.1302 0.0886318 2.0357 0.00822996 -0.000368166 -0.999928 -0.00871428 -0.114982 0.00181297 -0.0497052 3.98927e-06 -0.000851412 -0.00359078
289.688 0.889722 -15.2146 0.0951157 2.00613 0.00819709 -0.000343421 -0.999927 -0.00885665 -0.116827 0.00233902 -0.046262 -0.000341343 -0.000158625 -0.000163378
290.408 0.937971 -15.2965 0.0991524 1.96945 0.00799572 -0.000199795 -0.999929 -0.00879689 -0.116645 0.00233783 -0.0550559 -0.00204708 -0.00347442 0.000488568
290.93 0.97323 -15.3525 0.103965 1.93919 0.00796189 -0.000104263 -0.999936 -0.00807251 -0.114553 0.00257885 -0.054854 -0.000623614 0.000894025 0.00423683
291.658 1.0279 -15.4375 0.109278 1.89457 0.00751888 -0.00102101 -0.99994 -0.00785415 -0.113805 0.00608048 -0.0463439 0.00537779 -0.00252013 -0.00880284
292.222 1.07891 -15.504 0.115431 1.86988 0.00751208 -0.00091428 -0.999894 -0.0124134 -0.112593 0.0110884 -0.0475581 -0.00110406 0.000315418 -0.0252414
292.754 1.11888 -15.5682 0.119362 1.84366 0.00824927 -0.000207736 -0.999792 -0.0186803 -0.114539 0.00904682 -0.0447504 0.000776884 -0.000390791 -0.0164778
293.284 1.12416 -15.6304 0.123699 1.80106 0.00804391 -0.000378597 -0.99974 -0.0213247 -0.116727 0.00839239 -0.0434335 0.00038644 -8.97782e-05 -0.00820924
293.802 1.12616 -15.691 0.12592 1.768 0.00798515 -0.000544266 -0.9997 -0.0231401 -0.116732 0.00835574 -0.0426234 0.000151382 0.000431921 -0.00823623
294.358 1.1313 -15.7493 0.127157 1.7458 0.00806473 -0.000578645 -0.999647 -0.0253214 -0.115523 0.00814511 -0.0433971 0.000724359 0.000731609 -0.00902542
294.852 1.13194 -15.8051 0.131289 1.74069 0.00838113 -0.00084345 -0.999586 -0.0275243 -0.116485 0.0101081 -0.0183225 -0.000294485 0.000242336 -0.0124895
295.464 1.13558 -15.875 0.136417 1.73182 0.00838327 -0.000544546 -0.99948 -0.0311493 -0.118155 0.0103003 -0.0300136 -0.00208847 0.000906919 -0.0114959
296.27 1.14236 -15.9736 0.142272 1.71477 0.00855629 -0.000330457 -0.999402 -0.0335175 -0.119999 0.00821972 -0.0260778 0.000242847 0.000835603 -0.00293803
296.828 1.14628 -16.0396 0.146644 1.71633 0.00860698 -0.000225222 -0.999391 -0.0338062 -0.120129 0.00779535 -0.0185625 -0.00236359 -0.000654755 0.000821026
297.368 1.15103 -16.1035 0.150207 1.7152 0.00857641 -0.000482787 -0.999417 -0.0330386 -0.120305 0.00673774 -0.00487298 0.00657386 0.000653523 0.0047431
298.244 1.16051 -16.2107 0.160557 1.71703 0.00872373 -0.000531808 -0.999399 -0.0335298 -0.121021 0.0109775 -0.00916187 -0.000667021 -0.000453833 -0.00685316
299.098 1.16825 -16.3174 0.167185 1.7059 0.008462 -0.00053453 -0.999316 -0.0359926 -0.122966 0.0101576 -0.0310395 0.000518417 -0.0017835 -0.00636875
299.672 1.11949 -16.3907 0.170775 1.67603 0.00841109 -0.000599658 -0.999253 -0.0377031 -0.12276 0.00972476 -0.0351142 0.000375845 -0.000583325 -0.0049724
300.548 1.0151 -16.5006 0.180263 1.63929 0.00832867 -0.000615415 -0.999182 -0.0395775 -0.122155 0.0105837 -0.0363427 0.000234177 0.000142972 -0.00561522
301.496 0.907886 -16.6178 0.190782 1.59252 0.00799018 5.38028e-05 -0.999091 -0.0418793 -0.122376 0.00953339 -0.0441497 -0.00235002 -0.00266134 -0.00117627
302.188 0.829001 -16.7045 0.196476 1.55701 0.00808125 -0.000367157 -0.999182 -0.0396201 -0.121184 0.00591144 -0.0392663 0.00721187 0.00476647 0.0109131
303.202 0.724485 -16.825 0.205183 1.51428 0.00787804 -8.53102e-05 -0.999267 -0.0374574 -0.122228 0.00687924 -0.0444125 0.000898684 0.000402261 0.0039495
304.24 0.627923 -16.9427 0.210661 1.47119 0.00791875 -0.00110546 -0.999339 -0.0354778 -0.118874 0.00858487 -0.0454006 -0.00123348 0.000766167 -0.00543359
304.792 0.583181 -17.003 0.217856 1.44477 0.00800239 -0.000898742 -0.999242 -0.0380859 -0.118051 0.0102668 -0.0455497 1.66459e-05 0.000468488 -0.0115126
305.382 0.536573 -17.0682 0.225307 1.4278 0.00832663 -0.00012829 -0.999149 -0.0403951 -0.119093 0.00768631 -0.0370734 0.000834214 -0.000358577 -0.00220342
306.67 0.514019 -17.2002 0.239255 1.31321 -0.000281639 -0.00061224 -0.999163 -0.0408924 -0.0779886 0.00541223 0.0144517 0.000507733 -0.0161963 -0.0365355
307.256 0.489938 -17.2349 0.244853 1.31626 -0.00149935 -0.000119094 -0.998144 -0.0608831 -0.0404465 0.00245879 0.0155748 -0.000739377 -0.00328061 -0.0933891
308.554 0.472179 -17.25 0.253171 1.32196 -0.00250934 0.000211245 -0.993926 -0.110021 -0.0036805 -0.0025194 0.00632444 -0.00141353 -0.00134297 -0.0567543
309.19 0.475445 -17.2398 0.255594 1.32491 -0.00246098 0.000523794 -0.992167 -0.124894 0.0043045 -0.00466703 0.00387135 -0.000760025 0.00254059 -0.0438463
310.456 0.519303 -17.2115 0.254119 1.28448 0.00565123 -0.00111239 -0.98897 -0.148006 -0.01671 0.00313338 -0.10472 -0.00158864 -0.00130465 -0.0347108
311.08 0.550509 -17.2226 0.259786 1.24 0.0060042 0.000440285 -0.988166 -0.153268 -0.0566425 0.0108583 -0.0727142 0.00164104 -0.00705695 0.0074357
311.706 0.550145 -17.2434 0.263258 1.21242 -0.000660982 9.0639e-05 -0.988869 -0.148785 -0.0553825 0.0105386 0.00691963 0.00878352 -0.0447815 -0.00331755
312.988 0.536696 -17.2753 0.264813 1.18564 0.00708937 0.000767964 -0.98222 -0.1876 -0.0526719 0.0100576 -0.046785 0.00384675 -0.012937 -0.00162845
314.084 0.512415 -17.3408 0.269494 1.12128 0.00677407 0.000170173 -0.985007 -0.172381 -0.0628977 0.0119234 -0.0530105 0.000344399 0.00122821 0.0360539
315.242 0.494057 -17.4397 0.281838 1.06215 0.00784024 -0.00055516 -0.986797 -0.161769 -0.0710855 0.0187224 -0.0221736 -0.00242793 0.00310221 0.00828441
315.826 0.494406 -17.4971 0.29279 1.04147 0.00854698 -0.000563514 -0.98719 -0.15932 -0.0756405 0.0189356 -0.0179746 0.000475714 9.31324e-05 0.0095064
316.362 0.502244 -17.5576 0.305479 1.02877 0.00861796 -0.000639789 -0.987549 -0.157072 -0.0799841 0.0199788 -0.0189716 8.79461e-05 0.000521388 0.00956428
316.98 0.491473 -17.6282 0.319959 1.02579 -0.00153494 0.000552628 -0.988099 -0.153813 -0.0613335 0.0141939 6.26035e-05 0.00223471 -0.0298942 0.0216353
318.178 0.490192 -17.697 0.332965 1.0019 0.0127397 -0.00233928 -0.991035 -0.132977 -0.0189408 0.00660551 0.0172292 0.00123126 0.0251343 0.0208477
318.846 0.461414 -17.7517 0.351674 1.01069 0.00850886 -0.00146761 -0.99091 -0.134253 -0.0707106 0.0242103 0.0150051 -0.000121753 -0.00283048 -0.0176612
319.486 0.456353 -17.8133 0.370655 1.04145 0.00822153 -0.00139792 -0.990086 -0.140213 -0.0802737 0.0267758 0.0137318 0.000145774 0.000405674 -0.0177815
320.146 0.46397 -17.8785 0.387262 1.05252 -0.00228074 0.000677549 -0.990205 -0.139603 -0.0438416 0.0111127 -0.00623372 0.00308389 0.00184974 0.0346673
320.824 0.476211 -17.9151 0.394194 1.05736 -0.00338048 0.000584307 -0.992565 -0.121668 -0.00563945 -0.000190753 -0.0143348 -0.00339798 -0.00343589 0.0849249
321.462 0.406615 -17.9214 0.396372 1.05046 -0.00385104 0.000964552 -0.996488 -0.0836368 0.0115641 -0.0056813 -0.0061507 0.000723916 -0.00159798 0.15051
322.11 0.477258 -17.9136 0.393598 1.04387 -0.00396834 0.00107228 -0.999307 -0.0369889 0.0174276 -0.00659631 -0.000437386 0.00102405 5.26235e-05 0.157537
322.712 0.472465 -17.8922 0.388015 1.04268 -0.00337176 0.000932577 -0.999961 0.00812275 0.0181456 -0.00433269 -0.00149153 0.000970465 0.00380813 0.138768
324.094 0.455933 -17.8391 0.381881 1.04674 -0.00138198 0.00108797 -0.996611 0.0822378 0.00237727 0.00273854 -0.0068215 -0.000302342 0.00307973 0.0990432
324.716 0.451677 -17.8224 0.379194 1.03698 -0.000875458 0.00111889 -0.993681 0.112231 -0.00792429 0.00400542 0.00724324 0.0010348 0.00074036 0.10022
325.38 0.452195 -17.8043 0.371792 1.04323 -0.000219173 0.000774065 -0.989943 0.141465 -0.0120244 0.00424934 0.00281398 0.00286863 0.00374679 0.101774
325.996 0.447751 -17.7886 0.363398 1.05081 0.00274365 0.00121806 -0.985222 0.171255 -0.0184266 0.00555012 0.00819028 -0.0283144 0.0682954 0.102251
326.662 0.461028 -17.7915 0.345981 1.05185 0.00538747 0.0023373 -0.981374 0.192019 -0.0516978 -0.0176276 0.00652187 7.03074e-05 -0.00249242 0.0331675
327.314 0.484967 -17.8103 0.320688 1.05711 0.00522209 0.00248071 -0.979744 0.200169 -0.0558625 -0.0270123 0.00705526 0.001615 0.0022136 0.0230228
328.398 0.50668 -17.8578 0.263355 1.07454 0.00669182 0.001443 -0.977757 0.209629 -0.0637298 -0.0343978 0.0056785 -0.000308163 0.000328196 0.00262624
329.452 0.494191 -17.9323 0.21616 1.05274 0.00666297 0.000374807 -0.978901 0.204228 -0.0685607 -0.0277715 -0.00222764 -0.000651065 0.00101418 -0.0327509
330.18 0.501461 -17.9788 0.193784 1.05206 -0.00188779 -0.000862224 -0.984008 0.178111 -0.0189002 -0.00954531 0.00171257 -0.000564295 0.00323728 -0.131278
330.854 0.504566 -17.9918 0.186652 1.05762 -0.00184414 -0.00110635 -0.990697 0.13607 0.00636269 -0.000688556 -0.00348325 0.00129526 0.000388404 -0.146069
331.524 0.505054 -17.9957 0.184726 1.05795 -0.00199901 -0.00137748 -0.99553 0.0944125 0.0153531 0.00315966 -0.00573337 -0.000630574 -0.00161805 -0.118172
332.208 0.50926 -17.9958 0.190168 1.06005 -0.00231405 -0.00127191 -0.998039 0.0625419 0.0189976 0.00392497 -0.00720204 -0.00054213 -0.000371316 -0.0849152
332.8 0.511449 -17.9891 0.197951 1.06079 -0.0022153 -0.00105856 -0.999155 0.0410316 0.020651 0.00256553 -0.00922403 -0.000818799 0.000882949 -0.0700625
333.452 0.513988 -17.9771 0.209572 1.06262 0.0032579 -0.000879251 -0.999745 0.0223133 0.0156537 0.000588864 0.00361144 0.00831374 0.125682 -0.0557428
334.102 0.525201 -17.9879 0.219536 1.07361 0.00660632 -0.000938091 -0.999931 0.00965437 -0.0476145 -0.000221225 -0.000159503 0.000127843 -0.0055909 -0.0317614
334.774 0.550696 -18.0219 0.226978 1.06785 0.00609696 -0.00142915 -0.99998 0.000173434 -0.0596296 0.000977304 -0.00759616 -0.000366598 0.0034687 -0.0297974
335.444 0.584128 -18.0664 0.236443 1.05107 0.00632354 -0.00113538 -0.999934 -0.00955069 -0.0686191 0.00295565 0.0044117 0.000128588 0.00104539 -0.0269579
336.142 0.627202 -18.1202 0.248169 1.03852 0.00697671 0.000367186 -0.999846 -0.0160692 -0.0766785 -5.9224e-06 -0.0017707 -0.000368907 -0.000104803 -0.00988685
337.682 0.730802 -18.2643 0.264445 1.04279 0.00710624 -0.000107833 -0.999905 -0.0118436 -0.0877167 -0.00164635 -0.0089937 -0.000768452 0.000828895 0.010026
338.422 0.775773 -18.3412 0.27233 1.04767 0.00723506 3.07958e-05 -0.999939 -0.00838221 -0.0929949 5.78261e-05 -0.00455251 -0.00260725 -0.00169963 0.00989245
339.164 0.82953 -18.4183 0.27529 1.04743 0.00733697 0.000146717 -0.999963 -0.0045229 -0.0953917 -0.00155353 -0.00190168 -0.00040129 0.000789677 0.0129311
339.814 0.878782 -18.4829 0.279276 1.02781 0.00751456 0.000258862 -0.999971 -0.00104356 -0.0974732 -0.000543508 -0.00186947 -0.000661762 0.000616594 0.0128026
340.428 0.931022 -18.5504 0.281559 1.01864 0.00763243 0.00032213 -0.999968 0.00244764 -0.100644 -0.000467112 -0.000303862 -0.000240499 4.01473e-05 0.0110293
341.092 0.991056 -18.6267 0.283207 1.02905 0.00764451 0.000414876 -0.999956 0.00549629 -0.104255 -0.000101692 -0.00925673 -0.000990659 0.000140628 0.00928673
341.722 1.05458 -18.7009 0.28134 1.01661 0.00763318 0.000452948 -0.999938 0.00810682 -0.107591 -0.000925812 -0.00859283 -0.000905186 -0.000692445 0.00900269
342.368 1.11923 -18.775 0.278007 1.02593 0.0075903 0.000493608 -0.999911 0.0109217 -0.110431 -0.00208327 -0.00880817 -0.000182931 -0.000435855 0.00891622
343.89 1.23339 -18.9454 0.267417 1.0138 0.0077384 0.000536666 -0.99982 0.0173237 -0.113533 -0.00368531 -0.00896418 -0.000103384 -2.77189e-05 0.00911243
344.572 1.24044 -19.0185 0.259965 0.993628 0.00790589 0.000350621 -0.999771 0.0198862 -0.114648 -0.00485913 0.000355746 0.00194098 0.00129403 0.0071095
345.31 1.25496 -19.0959 0.252546 0.988958 0.00805479 0.00032398 -0.999738 0.0214447 -0.115861 -0.00427464 8.40424e-05 -0.000435547 0.00066582 0.00214173
345.94 1.24715 -19.1673 0.244445 0.980979 0.00811842 0.00027926 -0.999724 0.0220446 -0.11719 -0.00536344 0.000205678 0.000324021 0.000259328 0.000762031
346.668 1.24045 -19.2477 0.237828 0.98015 0.00823468 0.000260704 -0.999718 0.022254 -0.117663 -0.00546098 0.000347768 -0.000167855 0.000401614 0.00126807
347.314 1.22055 -19.3278 0.231751 0.982929 0.00821214 0.000211974 -0.999711 0.0225902 -0.119569 -0.00614262 0.000262143 0.000178938 0.000230323 0.00171759
347.994 1.16742 -19.4103 0.225683 0.980527 0.0082177 0.000191857 -0.9997 0.02308 -0.121462 -0.00636663 0.000629217 6.24462e-05 -0.000257406 0.000883899
348.722 1.12089 -19.4983 0.219582 0.988063 0.00818516 0.000137272 -0.999713 0.0225017 -0.120626 -0.00643234 0.000521774 -0.000341812 0.00368389 -0.0062333
349.402 1.08703 -19.5724 0.214484 0.996562 0.00827135 0.000146683 -0.999749 0.0208084 -0.119443 -0.00652724 0.000414487 -0.000146274 0.0006325 -0.0055268
350.104 1.05655 -19.6504 0.211862 1.00472 0.00831943 0.000189858 -0.999796 0.0183944 -0.120017 -0.00588608 0.000166705 -0.000545267 0.000383835 -0.0075909
350.77 1.02694 -19.7293 0.207072 1.007 0.00840946 0.000205454 -0.999837 0.0160044 -0.120218 -0.00635044 -8.16504e-05 4.86172e-05 0.000564991 -0.00675789
351.498 0.999991 -19.8145 0.201704 1.01024 0.00842863 0.000217676 -0.999868 0.013874 -0.121506 -0.00649041 -0.000514877 9.38582e-05 0.000139147 -0.00619293
352.996 0.930547 -20.0002 0.189271 0.99517 0.00838837 0.000202561 -0.999914 0.0100385 -0.124227 -0.00670518 -0.000214024 -0.000312359 5.96471e-05 -0.00410227
354.45 0.900626 -20.1699 0.183109 0.9957 0.00852593 0.000271542 -0.999934 0.00764021 -0.124199 -0.00588495 0.000101427 -0.000117494 1.41887e-05 -0.00347992
355.358 0.890644 -20.2775 0.178 0.982472 0.00855545 0.000309351 -0.999943 0.00635204 -0.124436 -0.00575938 0.00075344 -6.5101e-05 0.000595826 -0.0029462
356.078 0.900934 -20.3643 0.173266 0.993394 0.00861014 0.000331259 -0.999948 0.00538902 -0.12491 -0.00555154 -0.000184604 -0.000110086 0.000215646 -0.00201753
357.572 0.874562 -20.5544 0.165328 0.973392 0.00837281 0.000410375 -0.999953 0.00481772 -0.126417 -0.00511056 0.000585852 -0.000257472 -2.32879e-05 0.00563469
358.35 0.882402 -20.6531 0.159814 0.978683 0.00851627 0.000380719 -0.999944 0.00627006 -0.127022 -0.00545554 -0.000197398 0.000191224 3.09864e-05 0.000338882
359.906 0.883272 -20.8385 0.143114 0.982942 0.00870186 0.000189952 -0.999927 0.00839354 -0.124965 -0.00690017 -0.000124527 3.70884e-05 0.000178047 0.00161646
360.644 0.889396 -20.9284 0.140518 0.989725 0.00872733 0.000319822 -0.999932 0.00778705 -0.125375 -0.00574287 0.00067038 -0.000321884 -0.000125299 -0.00321184
361.432 0.902387 -21.0285 0.13582 0.996659 0.00868236 0.000316469 -0.999941 0.00650103 -0.12677 -0.00620636 -0.000183838 0.000617039 -0.000353612 -0.00315232
362.184 0.890285 -21.1277 0.131414 0.991031 0.0085408 0.00034434 -0.999946 0.00591063 -0.126615 -0.00574534 0.00132495 -0.00032786 0.000445747 0.00258348
363.074 0.918005 -21.2347 0.128434 1.01284 0.00865991 0.000405865 -0.999939 0.00681034 -0.12563 -0.00481099 -0.000892728 -0.000421201 0.000293804 0.000544097
364.018 0.928477 -21.3483 0.122852 1.02288 0.00878075 0.00037263 -0.99993 0.00789752 -0.126004 -0.0047932 -6.28309e-05 -9.82595e-05 -7.80103e-05 0.000386039
365.002 0.938896 -21.4676 0.115578 1.03762 0.00873818 0.000433585 -0.999935 0.00725495 -0.125716 -0.00501483 -0.000827336 -9.25744e-05 0.000293579 -0.00035664
366.58 0.962763 -21.6659 0.101611 1.05982 0.0087988 0.000369701 -0.999904 0.0107346 -0.126218 -0.00544405 -0.00152536 -5.16408e-05 0.000405343 0.00576216
367.436 0.959198 -21.7753 0.0915038 1.05063 0.00875644 0.000243089 -0.999881 0.0126759 -0.127026 -0.00642108 -0.0020688 -0.00015159 0.00022051 0.00450408
368.31 0.932319 -21.8877 0.083456 1.02705 0.00882816 0.000205807 -0.999872 0.0133189 -0.127404 -0.00674264 -0.00197855 4.50903e-05 -0.000857454 0.000936516
369.362 0.946639 -22.0184 0.074901 1.03965 0.00888605 0.00013578 -0.999856 0.01447 -0.127917 -0.00680271 -0.00362068 -7.65711e-05 0.00342586 0.00216686
370.288 0.93594 -22.1303 0.0678455 1.02589 0.00870217 7.61376e-05 -0.99986 0.0142642 -0.127759 -0.00660081 -0.00148574 -5.16255e-05 -0.000847583 -0.00448133
371.95 0.951218 -22.341 0.0586416 1.01583 0.00801041 6.2214e-05 -0.999885 0.0128932 -0.122004 -0.00552825 -0.00113748 -0.000240982 -0.000649261 -0.00483653
372.774 0.974358 -22.4421 0.0554442 0.996155 0.00763615 0.000112422 -0.999913 0.0107986 -0.119028 -0.00518512 -0.000295648 0.000247807 -0.000827362 -0.0054657
373.624 0.938066 -22.5377 0.0528549 0.983125 0.00729321 0.000131299 -0.999933 0.00901917 -0.115536 -0.00455151 -1.5788e-06 5.77062e-05 -0.00117836 -0.00373818
375.226 0.924524 -22.7065 0.0454452 1.01346 0.00665639 0.000151985 -0.999956 0.00654785 -0.107545 -0.00383105 0.00069893 -0.000171489 -0.000651251 -0.00307664
376.14 0.9336 -22.806 0.0404292 1.02836 0.00614184 0.000136446 -0.999968 0.00514921 -0.103857 -0.00409645 0.000621175 0.000347149 -0.000887093 -0.00191721
376.936 0.938371 -22.8748 0.0335603 1.0302 0.00596685 2.13731e-05 -0.999972 0.00454933 -0.0989897 -0.00452677 -0.00118575 0.00012575 -0.000868684 -0.00117613
377.792 0.929722 -22.9543 0.0323053 1.02302 0.00555909 0.000134007 -0.999974 0.004623 -0.0940119 -0.00320165 -0.00121215 -0.000233319 -0.00026964 0.0025609
379.426 0.91522 -23.0897 0.0302977 1.00855 0.00503452 0.000103645 -0.999965 0.00661693 -0.0859107 -0.00225386 -0.000726498 -0.000116697 -0.00116829 -0.00284964
381.156 0.916133 -23.2162 0.0192867 1.00112 0.00453678 -2.68059e-05 -0.999969 0.00645791 -0.0755649 -0.0033241 0.000365841 -0.000203506 0.000420698 -0.00247186
382.002 0.892548 -23.2662 0.0209863 0.987107 0.00447217 0.000136371 -0.999975 0.00548617 -0.0706798 -0.00158815 -0.000600084 -0.000327778 -0.0006154 -0.00307654
382.938 0.879085 -23.3291 0.0207894 0.979178 0.00413227 0.000130633 -0.999982 0.00433725 -0.0678848 -0.00154333 0.000820193 0.000340907 -0.00113216 -0.00150975
383.852 0.88571 -23.386 0.0197834 0.988355 0.00393128 0.000183583 -0.999986 0.00355075 -0.0630377 -0.00105622 0.00185951 -5.53145e-05 -0.00101143 -0.000609262
384.868 0.902024 -23.4434 0.0148504 0.995993 0.00378718 9.19424e-05 -0.999984 0.00422611 -0.0577009 -0.00161758 0.000499378 0.000188396 -0.000578973 0.00160115
385.76 0.892405 -23.4899 0.0130902 0.990723 0.00369284 9.84753e-05 -0.999979 0.00529735 -0.0527345 -0.000864039 0.00065136 -0.000209723 -0.000122834 0.00145781
387.37 0.901175 -23.5788 0.012193 0.999289 0.00322062 0.000197054 -0.999986 0.00413212 -0.0481886 -9.20459e-05 0.00125328 5.85554e-05 -0.000468084 -0.00181203
388.268 0.899068 -23.6265 0.00798915 0.995192 0.00297469 0.000173831 -0.99999 0.00332016 -0.0456702 -0.000473167 -6.54243e-05 -0.000288655 -0.000499111 -0.00137155
389.218 0.892954 -23.6724 0.0030954 0.993461 0.00272529 0.000132463 -0.999993 0.00268745 -0.0427111 -0.00119525 0.000937682 0.000546653 -0.00066729 -0.000996933
390.098 0.900183 -23.7112 -0.00117194 0.996669 0.0152926 2.7402e-06 -0.99988 0.00231584 -0.05268 -0.000940214 0.00530784 0.000683623 0.179867 -0.000763796
391.032 0.891437 -23.8222 -0.00416833 0.989029 0.0102586 -0.000151133 -0.999945 0.00231593 -0.145175 0.000211508 0.00858009 0.000287412 -0.0167424 -0.000413531
392.584 0.900507 -24.0124 -0.0064346 0.992251 0.0010719 -0.000314624 -0.999996 0.0024924 -0.0592282 0.00247868 0.00400119 7.64163e-05 -0.00679029 -0.0004771
393.444 0.895968 -24.055 -0.00469727 0.994399 -0.000615263 -0.000225168 -0.999997 0.00223682 -0.0183721 0.00276442 0.00606336 -0.000121489 -0.00241581 0.000201464
394.344 0.917927 -24.0732 -0.00609644 1.01158 -0.00155304 -0.000421148 -0.999996 0.00250816 0.00356254 0.00179609 -0.00910249 0.000475961 -0.00202309 -0.00041148
395.974 0.916103 -24.069 -0.00216398 1.0066 -0.00217355 -0.000271529 -0.999995 0.00228061 0.0182634 0.001236 -0.00658676 2.70917e-05 -0.00013514 9.30865e-05
396.844 0.904437 -24.0517 0.000376672 1.00333 -0.00169943 -0.000196244 -0.999996 0.002333 0.0184362 0.000392391 -0.00287963 -0.000379796 0.00187702 0.000110537
397.732 0.897068 -24.0362 0.00348922 0.995263 -0.0012394 -1.33619e-05 -0.999997 0.00225848 0.0133747 -0.000727562 0.00423613 -0.000391633 0.000596035 0.000503951
398.702 0.896435 -24.0233 0.00599444 0.996842 -0.00102671 0.000175898 -0.999996 0.00244439 0.00829439 -0.00236911 0.00521932 0.000491344 0.00053039 -0.000288077
399.638 0.901013 -24.0076 0.0065375 0.986101 -0.000215249 0.000237914 -0.999997 0.00233999 0.00468293 -0.00239479 0.0063476 -0.000332756 0.000360862 -0.0001102
400.626 0.88957 -23.9984 0.00627402 0.988856 0.000189785 0.000291488 -0.999997 0.00236212 7.07827e-05 -0.00236438 0.0124209 -0.00039707 5.52754e-05 9.26176e-05
401.512 0.898326 -23.9969 0.00499657 0.998279 0.000140485 0.000249541 -0.999997 0.00235626 -0.00178645 -0.00185652 0.00465199 -0.00067099 0.000610183 6.02996e-06
402.45 0.899048 -23.9963 0.00506615 0.99587 0.000290258 0.00036733 -0.999997 0.00248569 -0.00247482 -0.00190086 0.00250665 0.000116632 -0.000800971 -0.000944661
403.44 0.872091 -24.0024 0.00151604 0.966742 -0.000180342 0.00018289 -0.999997 0.00229093 -0.00114278 -0.00132599 0.0322342 5.51082e-05 0.000521557 9.33472e-05
405.076 0.905412 -24.0023 -0.000104434 1.00077 -2.07023e-05 0.000171801 -0.999997 0.0024894 0.0017895 0.00127199 -0.00205486 -0.000334197 0.000234825 -6.29326e-05
405.936 0.922682 -24.0019 -0.00152336 1.01449 1.22708e-05 6.62199e-05 -0.999997 0.0024803 0.00165016 0.000154371 -0.0104952 0.000825531 2.52847e-05 -0.000401242
406.858 0.924931 -24.0036 -0.00423586 1.01333 -8.91207e-05 -0.00012768 -0.999997 0.00240882 0.00174266 0.00080285 -0.0126899 0.00039989 -0.000242704 -0.000478948
408.512 0.916692 -24.0055 -0.00532814 1.00392 -0.000222829 -0.000256999 -0.999997 0.00236996 0.00420728 0.00203904 -0.00496872 8.69557e-05 0.00103057 -0.000102605
409.406 0.901087 -24.0047 -0.00323576 0.997544 -0.000194099 -0.000188706 -0.999997 0.00230446 0.00292089 0.00170797 0.00144682 -0.000231694 -0.000411098 -0.000387682
410.28 0.897282 -24.0052 -0.00127615 0.993623 -0.000313964 -0.00014752 -0.999997 0.00239976 0.00315821 0.000986192 0.00542386 -0.000583689 0.000369768 7.84192e-05
411.152 0.891969 -24.0041 0.00313111 0.990001 -0.000267486 0.000127124 -0.999997 0.00240764 0.00318143 0.000606146 0.0107017 -0.00103165 0.000410011 -0.000616554
412.9 0.921033 -24.006 0.00176038 1.00728 -0.000489721 3.12399e-05 -0.999997 0.0023939 0.00257942 -0.000472033 -0.00860289 -0.000890002 1.43197e-05 0.000421441
414.554 0.905963 -24.0032 -0.00182568 1.00851 -0.000445392 -0.000179009 -0.999997 0.00228942 0.00159079 -0.000282199 -0.00456955 -0.000234921 0.000176386 -0.00011327
415.434 0.923439 -23.997 -2.26312e-07 1.01147 -8.81778e-05 -4.83981e-05 -0.999997 0.00236292 0.00130865 0.000750136 -0.01107 -0.000787089 0.00082615 0.000157774
416.312 0.888728 -23.9947 0.000791566 0.982267 9.06136e-05 4.80027e-05 -0.999997 0.0023762 -0.00127162 -0.000525719 0.0143702 0.000311547 -0.000303237 0.000191143
417.284 0.874177 -23.9957 0.00220321 0.975641 4.64738e-05 0.000136875 -0.999997 0.00232364 -0.00150252 -0.000379933 0.0282329 -2.28526e-05 0.000166579 0.000187062
418.164 0.896876 -23.9961 -2.73781e-06 0.99363 8.89744e-05 -4.03283e-05 -0.999997 0.00238446 -0.00109741 -0.00179275 0.00472592 0.00122353 0.000135027 -4.53199e-05
419.048 0.890103 -23.9973 -0.000667983 0.989676 0.000103903 -7.96027e-05 -0.999997 0.00251537 -0.00134502 -0.000313347 0.0132275 7.71192e-05 -0.000591653 -0.000546284
420.69 0.926673 -24.0008 -0.000980448 1.01474 -0.000115569 -0.000118989 -0.999997 0.00237691 0.00104301 0.000304269 -0.0144174 -7.46004e-05 0.000868929 -0.000135572
422.254 0.897775 -24.0011 0.00301153 0.994246 -0.000108614 0.000104109 -0.999997 0.00248717 0.000563682 -0.00127435 0.00479998 -5.25383e-05 -0.00015255 -0.000577968
423.148 0.903595 -24.0016 0.00328751 1.00113 -0.000141467 0.00011562 -0.999997 0.0022879 0.000881437 -0.00161075 -0.000934689 -0.000372349 -1.57691e-05 -0.000189974
423.988 0.899255 -24.002 0.00426115 0.996877 -0.00015688 0.000222882 -0.999997 0.00231534 0.000885342 -0.00193869 0.00370037 0.000196892 -9.08293e-05 0.000568044
424.846 0.905316 -24.0037 0.00164007 0.996993 -0.000280861 6.41671e-05 -0.999997 0.00239247 0.000862546 -0.00193957 -0.000456617 0.000145547 -0.000837562 -0.000178439
425.674 0.898091 -24.0039 3.30896e-06 0.996852 -0.000382938 1.13483e-05 -0.999997 0.0022876 0.00199898 -0.00109727 0.0039941 0.000362489 0.000999498 -6.16703e-05
426.572 0.922461 -24.0014 0.000346493 1.01241 -0.000188193 1.71606e-05 -0.999997 0.0024339 0.00149963 5.09651e-05 -0.0107016 -0.000811401 0.000284177 0.000138146
428.152 0.882886 -24.0016 0.000312932 0.979032 -0.00028251 5.07766e-05 -0.999997 0.00227007 0.000793801 -0.000420028 0.019371 5.86416e-05 -3.90057e-05 0.00056256
429.018 0.883158 -24.0011 0.000134239 0.980808 -0.000288496 4.1592e-05 -0.999997 0.00239786 0.000207289 -0.000220558 0.0197956 -2.07959e-05 0.000113151 -0.000164791
429.866 0.893796 -23.9981 5.51843e-05 0.996267 -0.000179573 4.33859e-05 -0.999997 0.00235091 0.000585762 -0.000141358 0.00810821 1.56444e-05 0.00101792 -5.23135e-05
431.502 0.925693 -23.9946 -0.000592129 1.01637 9.57562e-05 2.46622e-05 -0.999997 0.00229599 -0.00181786 -0.0002181 -0.0139227 0.000564591 0.000698551 0.000206307
432.52 0.904082 -23.9984 -0.000803645 0.999367 -9.95479e-05 -2.90214e-05 -0.999997 0.00230746 -0.00195552 0.000112786 -0.000428076 -5.73747e-05 -0.000249011 0.000216026
433.442 0.894918 -24.0023 -0.000662767 0.995788 -0.000278655 -1.82587e-05 -0.999997 0.0022989 -0.0016431 -0.000105505 0.00698894 -1.93734e-05 -0.00178421 0.000342378
434.958 0.932748 -24.0011 0.000935264 1.02183 -0.000267583 5.75143e-05 -0.999997 0.00255212 0.001594 0.000157657 -0.0215202 -0.000352739 0.0014403 -0.00073785
435.894 0.923397 -23.9971 0.000589244 1.00863 4.60146e-05 1.87777e-05 -0.999997 0.00237261 -0.000408973 -0.00063449 -0.00972477 0.000106733 -0.000196969 -0.000380251
436.76 0.928267 -23.9976 -0.000773198 1.01373 -8.57615e-06 -8.40691e-05 -0.999997 0.00243567 -0.0012066 -0.000659698 -0.0155723 0.000389744 -0.000229832 -0.00038802
437.618 0.905236 -23.9995 -0.00117109 1.00072 -0.000126518 -0.000153793 -0.999997 0.00235997 -0.00120441 0.000292388 -0.00181591 -0.000930987 -0.000281967 -0.000635079
438.502 0.894428 -24.002 0.00176619 0.993741 -0.000283473 5.1018e-05 -0.999997 0.00242542 -0.0004781 0.000227675 0.00825494 -0.000585658 -0.000197692 -0.000461042
439.34 0.897256 -24.0011 0.00225473 0.995703 -0.000175096 0.000122193 -0.999997 0.00233725 0.000546538 -0.00100308 0.00540458 0.000311278 7.17165e-05 -0.000379802
440.854 0.903203 -24.0014 0.00468921 0.999334 -0.000245617 0.00034271 -0.999997 0.00226611 0.000442786 -0.00109115 0.000113592 -4.03759e-05 0.000109011 0.000177161
441.704 0.90595 -23.9986 0.0033509 1.00259 -0.000107128 0.000315738 -0.999997 0.00244818 0.00120405 -0.00110241 -0.00337344 -5.61879e-05 0.00113614 -0.000122646
442.17 0.904927 -23.9954 0.00221101 1.00372 0.000213225 0.000240796 -0.999997 0.00249678 0.00100484 -0.00100787 -0.00260895 0.000223731 0.00123973 -0.000632855
443.784 0.888469 -23.9996 -0.002898 0.986815 -4.01917e-05 -2.29102e-05 -0.999998 0.00209293 -0.00148932 -7.48028e-05 0.0141644 0.00070555 -0.000746146 0.000745238
444.81 0.90335 -24.0019 -0.00654111 1.00276 -0.000151976 -0.000282786 -0.999998 0.00222771 0.000913306 0.0016502 -0.00175373 0.000114881 0.000236483 0.000470055
445.642 0.903595 -24.002 -0.00799117 1.00114 -9.45354e-05 -0.000458602 -0.999997 0.00230859 0.00149662 0.0025426 -0.00173943 -4.12739e-05 -3.43634e-05 0.000882605
446.628 0.8997 -24.0049 -0.00365534 0.998377 -0.000290896 -0.000197429 -0.999997 0.00249724 0.00106988 0.00270008 0.00239906 -0.000388474 -0.00146961 -0.000521687
447.508 0.901506 -24.0066 0.00147421 0.998051 -0.000448933 9.27312e-05 -0.999997 0.0023762 0.00253687 0.000805426 0.000859051 0.000275637 -7.66727e-05 -6.842e-05
448.362 0.902191 -24.0052 0.00594368 1.00063 -0.000404029 0.000410222 -0.999997 0.00242243 0.00286679 -7.08109e-05 0.000227539 -0.000406618 0.000238711 -0.00029975
449.206 0.895287 -24.0049 0.00261816 0.993249 -0.000483853 0.00013968 -0.999997 0.00245337 0.00166177 -0.00235503 0.00707854 0.000974393 -0.000322459 -0.000112421
450.182 0.90458 -24.002 -0.000106228 1.00378 -0.000438293 4.05999e-06 -0.999997 0.00239685 0.00245847 -0.000468327 -0.00209553 -0.000157256 0.00160531 -0.000172206
451.108 0.896224 -23.9942 0.000801029 0.987786 0.000216962 0.000107955 -0.999997 0.00232962 0.000553113 0.000627423 0.00861409 -0.000831543 0.000119614 -3.90837e-05
452.156 0.904218 -23.9963 0.00108622 0.988965 -2.17568e-06 0.000165995 -0.999997 0.00238066 -0.00166203 1.07874e-05 0.00893771 6.96758e-05 -6.26973e-05 -8.46744e-05
453.048 0.89326 -23.9993 -0.000698599 0.978225 -9.72927e-05 6.22453e-05 -0.999997 0.00251945 -0.00174201 -0.000303691 0.0212638 0.000455982 -0.00155748 -0.000719061
