46.04 0.865532 0.0201505 -0.00595527 0.659648 -0.00029857 0.00100308 0.0867796 -0.996227 -0.00393725 0.000948896 0.010331 0.000544362 -0.000893304 0.0451861
47.158 0.860401 0.0282276 -0.0136693 0.65242 0.00026338 -0.00599609 0.0653693 -0.997843 0.0495751 -0.00268526 -0.023524 -0.00104386 -0.00344933 0.0285975
47.694 0.844587 0.0555348 -0.0183815 0.648669 0.000590371 -0.00545145 0.0579909 -0.998302 0.0626085 -0.00276658 -0.0308202 -0.000145238 -0.000531128 0.0262773
48.742 0.799851 0.127737 -0.0178695 0.629578 -0.000331194 -0.00593662 0.0482773 -0.998816 0.079222 -0.00362107 -0.0129191 0.0001765 -0.000751183 0.00954175
49.224 0.784243 0.165066 -0.0190042 0.632037 4.63154e-05 -0.00595967 0.046717 -0.99889 0.0813814 -0.0038238 -0.0139548 -0.00638081 -0.00356276 0.00672895
50.224 0.769464 0.240846 -0.0205297 0.640267 6.38116e-05 -0.00653411 0.0391817 -0.999211 0.0807956 -0.000982099 -0.0111047 -0.00147493 0.00266773 0.0143783
51.232 0.734275 0.321477 -0.025753 0.620923 0.000143752 -0.00698346 0.0321493 -0.999459 0.0851666 -0.0012679 -0.00914696 0.000385754 0.00171373 0.0155622
52.138 0.691894 0.406972 -0.0295257 0.587478 -1.38811e-05 -0.00730934 0.0270173 -0.999608 0.092075 -0.00215625 -0.0169472 -0.0010045 -0.000869595 0.0117812
52.716 0.67418 0.468174 -0.0315085 0.574523 5.43829e-05 -0.0073278 0.0243074 -0.999678 0.0963219 -0.00203809 -0.0146311 0.000400549 0.000471173 0.0087741
53.244 0.676132 0.522981 -0.0318781 0.574278 4.96184e-05 -0.00726469 0.0224584 -0.999721 0.0991537 -0.00146768 -0.0149967 -0.000752904 0.000745706 0.00872157
53.788 0.666036 0.57899 -0.0332283 0.564745 -0.000335963 -0.00767818 0.0209197 -0.999752 0.101145 -0.00321856 -0.0075561 -0.000378908 4.28518e-05 0.00534945
54.248 0.660944 0.627584 -0.0340626 0.55949 -0.000263137 -0.00765813 0.0201463 -0.999768 0.104135 -0.00367482 -0.00719434 -7.93924e-05 -6.09401e-05 -0.00219102
54.79 0.655423 0.686256 -0.0342759 0.552379 -0.000252808 -0.00780483 0.0208319 -0.999753 0.105683 -0.00305204 -0.00716019 0.000299193 0.000347668 -0.00184229
55.268 0.65033 0.734569 -0.0343362 0.550005 -0.000297704 -0.00792104 0.0213396 -0.999741 0.107349 -0.00262968 -0.00567471 0.000198857 -0.0001797 -0.000247248
55.838 0.650774 0.801215 -0.0409289 0.548419 -0.000142703 -0.00786508 0.0211149 -0.999746 0.110347 -0.00533536 -0.00592828 -0.000645538 -9.89872e-05 0.000751156
56.718 0.629182 0.906547 -0.0452441 0.523384 6.44867e-05 -0.00767985 0.0209984 -0.99975 0.113623 -0.00380543 -0.00825663 0.000164446 0.000201181 0.00172469
57.194 0.617694 0.95839 -0.0456061 0.516844 -5.33675e-05 -0.00789898 0.020351 -0.999762 0.112852 -0.00247814 -0.00753824 0.000389364 0.000897334 0.00522831
57.684 0.612582 1.0087 -0.0458037 0.507939 -0.000112335 -0.00807787 0.0192044 -0.999783 0.112348 -0.00224016 -0.00777174 4.50748e-05 0.000581582 0.00613612
58.634 0.608451 1.11598 -0.045329 0.509403 2.96325e-05 -0.00790101 0.0162504 -0.999837 0.115652 -0.00129705 0.00369556 -0.00203312 -0.00117161 0.0030457
59.106 0.61674 1.16606 -0.0444461 0.518393 4.9241e-05 -0.00808625 0.015108 -0.999853 0.114798 0.000170327 0.00324333 0.000352329 0.00068966 0.00538492
59.936 0.632077 1.26198 -0.0459462 0.534221 -0.000148022 -0.00811306 0.0124652 -0.999889 0.117693 -0.000355924 0.00711432 0.000626967 0.000999522 0.00923789
60.454 0.639341 1.3162 -0.0461146 0.536822 -0.00015876 -0.00815786 0.0106575 -0.99991 0.118993 -0.000408531 0.00636129 0.000249389 -0.000134197 0.00477092
60.972 0.620672 1.37552 -0.0482268 0.51867 -0.000118666 -0.00822071 0.00960624 -0.99992 0.118667 -0.00122365 0.00669479 -0.000620118 0.000862259 0.00198951
61.454 0.619123 1.42774 -0.0499656 0.518898 0.000658902 -0.00776741 0.00877628 -0.999931 0.117133 0.00178097 0.0102889 0.00114697 0.00122021 0.0132917
61.96 0.625322 1.48937 -0.0501757 0.525985 0.00033214 -0.00798972 0.00454031 -0.999958 0.116865 0.00369446 0.010128 0.00510735 0.00281717 0.0219768
62.478 0.631748 1.54592 -0.0508484 0.532054 4.73102e-05 -0.00828217 0.000465976 -0.999966 0.118466 0.00148865 0.010555 -0.000887787 -5.36066e-05 0.0125544
63.022 0.64156 1.61256 -0.05329 0.541652 0.000100562 -0.0083279 -0.00198137 -0.999963 0.119957 -2.69421e-05 0.0148369 0.00120634 0.000819086 0.0057047
63.844 0.647086 1.7116 -0.0524764 0.543538 -2.86822e-05 -0.00826646 -0.00305143 -0.999961 0.122504 -0.000702947 0.0137239 0.00371048 -0.00161747 0.00240825
64.602 0.653646 1.80066 -0.0535644 0.554223 -2.6244e-05 -0.00822381 -0.00209352 -0.999964 0.122132 -0.00321659 0.0143049 -7.14212e-05 0.000792848 -0.00388434
65.126 0.654671 1.86028 -0.051659 0.556021 -6.89476e-05 -0.00839382 -0.000908981 -0.999964 0.120635 -0.00258309 0.014082 0.000162832 0.00111318 -0.00570343
65.686 0.63824 1.92446 -0.0501757 0.546886 -5.57576e-05 -0.00853263 0.000829661 -0.999963 0.120446 -0.00222421 0.0144119 0.00036037 1.96039e-05 -0.00311107
66.21 0.59677 1.98272 -0.0503411 0.53544 -6.72035e-05 -0.0085879 0.00124072 -0.999962 0.120725 -0.00276444 0.015671 -0.000322925 -0.00012292 -0.00462186
66.672 0.581041 2.03904 -0.0495175 0.544102 0.000151606 -0.00839026 0.00243592 -0.999962 0.121535 -0.00214749 0.0362181 -0.00445423 -0.00514069 -0.00392794
67.198 0.580798 2.10808 -0.0465837 0.566584 0.00022361 -0.00822698 0.00291091 -0.999962 0.121952 0.00081598 0.0351598 0.000751245 -0.000345237 0.0061118
67.672 0.592636 2.17318 -0.0450073 0.595088 -4.53103e-05 -0.00334398 0.00152559 -0.999993 0.11951 0.00105429 0.118792 0.00391018 -0.104984 0.00415291
68.144 0.625044 2.21978 -0.0455917 0.630185 -0.000207063 0.00243495 0.00470178 -0.999986 0.0667185 -0.00151731 0.0779638 -0.00171457 0.000383827 -0.0326381
68.882 0.675729 2.25175 -0.0466077 0.679574 0.000544115 -0.0122133 0.0182943 -0.999758 0.0536672 -0.00101092 0.0352648 -0.00255045 0.025373 -0.0270557
69.636 0.719219 2.30767 -0.0465822 0.721369 0.000241802 -0.0084484 0.0188819 -0.999786 0.102053 0.00034779 0.00952364 0.00594127 0.00566957 0.0107207
70.172 0.733232 2.36144 -0.0477729 0.734921 2.51488e-05 -0.00825298 0.0170737 -0.99982 0.111848 -0.00302406 0.00700295 -0.000835957 -0.00104799 0.00437817
70.974 0.747828 2.44893 -0.0496679 0.751413 0.000123354 -0.00827577 0.0165596 -0.999829 0.113823 -0.00384706 0.0065054 6.87728e-05 0.00103148 -5.4054e-05
71.692 0.742294 2.52975 -0.0514267 0.741567 -0.000255934 -0.00817539 0.0181848 -0.999801 0.113061 -0.0065481 -0.00312246 -0.000250092 0.000527035 -0.00739737
72.248 0.741567 2.59091 -0.0522006 0.740942 -0.00021896 -0.00833954 0.0206351 -0.999752 0.113151 -0.00665934 -0.00295022 0.000340645 0.000142339 -0.00964505
72.784 0.741558 2.65495 -0.0518284 0.741638 -5.00046e-05 -0.00850882 0.0234694 -0.999688 0.114267 -0.0052508 0.0103124 0.000623068 0.000719376 -0.00460832
73.564 0.759148 2.75012 -0.049724 0.761464 0.000201195 -0.00846336 0.0244198 -0.999666 0.116117 -0.00292687 0.00402183 -0.00438422 -0.00186207 0.000600886
74.114 0.77206 2.81827 -0.0477236 0.771924 0.000149926 -0.0085164 0.0230841 -0.999697 0.115527 0.000514482 0.00336483 0.000583069 0.000466983 0.0100703
74.69 0.783221 2.88825 -0.0478722 0.783868 4.38992e-05 -0.00860271 0.019819 -0.999767 0.11612 0.000855231 0.00396394 1.72651e-05 0.000163387 0.0107669
75.194 0.790477 2.94809 -0.0492479 0.788852 4.30122e-05 -0.00867011 0.0174177 -0.999811 0.116174 0.000617388 0.0108066 -2.82626e-05 0.000673366 0.00845952
75.744 0.792463 3.01575 -0.0505751 0.787543 2.75812e-05 -0.00870279 0.0152643 -0.999846 0.11773 0.000557737 0.00988976 -9.53032e-05 -0.000300372 0.00685978
76.278 0.7647 3.08542 -0.0525468 0.762708 -0.000330343 -0.00882933 0.0141122 -0.999861 0.120063 -0.00107838 0.00404689 -0.000743778 -0.000372135 0.00335318
76.828 0.763787 3.15989 -0.0551704 0.767142 -0.000231767 -0.00874262 0.0140987 -0.999862 0.121934 -0.00230384 0.00474436 -0.000327307 -6.37513e-05 0.000516942
77.644 0.791566 3.26436 -0.0568031 0.794478 -0.000227577 -0.00882248 0.0137376 -0.999867 0.122897 -0.00189563 0.00419494 -4.20277e-05 0.000478461 -0.00137561
78.15 0.79962 3.32886 -0.0592666 0.798451 -0.000168215 -0.0087837 0.0140352 -0.999863 0.124381 -0.00238113 0.00351529 4.78228e-05 -0.000335549 -0.00153131
78.712 0.776006 3.4046 -0.0613649 0.774704 0.000304994 -0.00835585 0.0140187 -0.999867 0.125338 -0.00108192 0.00572191 -0.000572705 -0.000997507 0.00290591
79.532 0.773443 3.5126 -0.0634477 0.774943 0.000139701 -0.00838612 0.0108329 -0.999906 0.125734 0.000854519 0.00758031 0.000119585 1.1672e-05 0.0103907
80.068 0.794437 3.58015 -0.0647186 0.798266 -0.000542274 -0.00834897 0.00938627 -0.999921 0.125567 -0.00266878 0.0216633 -0.00111997 -0.000214963 -0.00165151
80.984 0.8199 3.6933 -0.0678188 0.821145 -0.000364918 -0.00838114 0.0123622 -0.999888 0.125073 -0.00401277 0.0208134 -4.94558e-05 0.000838199 -0.00593009
81.572 0.830606 3.76191 -0.0691999 0.833186 -0.000299802 -0.00848081 0.0137804 -0.999869 0.125459 -0.00372527 0.0209415 0.000129262 -0.000187391 -0.00588044
82.064 0.845595 3.82238 -0.0726653 0.845078 -0.000281865 -0.00845034 0.0149138 -0.999853 0.12605 -0.0044544 0.0214243 -0.000744663 -0.000150394 -0.00454075
83.014 0.865113 3.93772 -0.0801183 0.868096 0.000711937 -0.00796327 0.0132035 -0.999881 0.122082 0.000966821 0.02775 0.00141781 0.000599643 0.0192215
83.54 0.897312 4.00027 -0.078749 0.899832 0.000488404 -0.00808087 0.00813615 -0.999934 0.121135 0.00277489 0.0255403 0.00247793 0.00270895 0.0237389
84.082 0.855526 4.0646 -0.0761058 0.92997 0.000226155 -0.00826018 0.00309725 -0.999961 0.123216 0.00244773 0.0234199 -0.000232687 -0.0007744 0.0167665
84.664 0.79362 4.1337 -0.0737069 0.946569 0.000192604 -0.00825334 -0.000778368 -0.999966 0.124285 0.00224398 0.0215904 0.00399205 0.00235717 0.0116239
85.19 0.73302 4.19857 -0.0702552 0.959531 -0.000105491 -0.00847779 -0.00252485 -0.999961 0.126082 0.00115576 0.0209144 -0.000354367 -0.000450067 0.00276911
85.712 0.685653 4.26152 -0.0688483 0.965769 -3.2293e-05 -0.0084473 -0.00297241 -0.99996 0.125925 0.000676379 0.0217242 -8.05891e-05 0.000503253 0.000154631
86.24 0.635666 4.3193 -0.0691136 0.968045 -0.00119858 -0.00778862 -0.00192396 -0.999967 0.123189 -0.00375361 0.00725485 -0.00127656 0.000447539 -0.0147453
86.818 0.585849 4.38533 -0.0730234 0.976704 0.000231993 0.00175108 0.00480815 -0.999987 0.0894553 -0.00401701 0.00473848 0.0119974 0.0532065 -0.0320342
87.362 0.55202 4.43414 -0.0740001 0.981362 -0.00117543 -0.00903062 0.0134191 -0.999869 0.103063 -0.00775773 0.0111376 -0.000564409 -0.0140106 -0.0355691
87.868 0.51976 4.48442 -0.0777946 0.974498 -0.000785892 -0.00699222 0.0212306 -0.99975 0.109081 -0.00997859 0.00340612 -0.0133083 -0.0735607 -0.0342072
88.436 0.488544 4.53643 -0.0806531 0.972983 -6.00502e-06 0.00166445 0.0361347 -0.999346 0.0583342 -0.00252298 0.00279401 0.000716055 -0.00103617 -0.0745762
89.354 0.464898 4.5687 -0.0804396 0.97195 -0.000514472 0.00269136 0.0709496 -0.997476 0.00801612 0.00156497 0.0063408 0.00287166 -0.000449251 -0.0813465
89.86 0.466731 4.56814 -0.0841399 0.96968 -0.00120237 0.0027182 0.10517 -0.99445 -0.00567005 -0.00283582 0.00607023 -0.00292545 -0.000116913 -0.216679
90.39 0.475086 4.5617 -0.0901815 0.974955 -0.000300769 0.00260027 0.167242 -0.985912 -0.0128221 -0.00244633 0.00216854 -0.00304787 -0.000424822 -0.260291
91.248 0.486125 4.5463 -0.0928958 0.977128 -0.000110299 0.00242266 0.26264 -0.964891 -0.0167799 0.00462652 -0.00218516 -0.00111467 0.00198736 -0.211624
92.166 0.502218 4.52151 -0.0948569 0.981164 0.00039095 0.00162193 0.342104 -0.939661 -0.0156365 0.00630336 -0.00501953 -0.00239389 0.00177081 -0.175389
92.768 0.510775 4.50799 -0.0944798 0.97809 0.000724591 0.00114077 0.3863 -0.922372 -0.0117622 0.00706927 -0.00572595 -0.00142466 0.00027917 -0.156514
93.306 0.515681 4.49865 -0.0934264 0.9756 0.0010899 0.000849817 0.419875 -0.907581 -0.00908677 0.00730423 0.00231618 -0.00227636 0.000391368 -0.125153
93.866 0.515656 4.49312 -0.0883616 0.977849 0.00086146 0.000622434 0.445713 -0.895175 -0.00580219 0.00767736 -0.000609345 -0.000112676 7.4592e-05 -0.0844057
94.398 0.516205 4.48916 -0.0847234 0.983772 0.000904766 0.000495601 0.463504 -0.886094 -0.00526676 0.00602101 -0.00692284 -0.000758139 0.00117513 -0.0676816
94.958 0.514882 4.48608 -0.0797604 0.989596 0.00127544 -4.49662e-05 0.4666 -0.884468 -0.00231386 0.00565005 -0.0121498 0.00167313 0.000791781 0.0496059
95.568 0.512093 4.48565 -0.0749157 0.989283 0.000707373 0.000103411 0.448336 -0.893865 -0.00175823 0.00315763 -0.0141916 0.00175069 -0.000104607 0.0880167
96.174 0.507788 4.48597 -0.071073 0.966174 -0.000678742 -0.00585118 0.428823 -0.903369 0.00213077 -0.00375186 0.000260423 -0.0147256 0.0769321 0.0670419
96.698 0.502555 4.49975 -0.0753051 0.958756 -0.00110965 -0.00640463 0.417994 -0.908427 0.0355327 -0.0293808 -0.000683266 0.00158845 -0.00544998 0.0391746
97.258 0.497845 4.52526 -0.0906811 0.955392 -0.00115835 -0.00606693 0.410495 -0.911842 0.0462496 -0.0380859 -0.00114171 -0.000192743 -0.000459573 0.029832
97.762 0.495361 4.54956 -0.104285 0.956598 0.00141823 0.00274914 0.404394 -0.91458 0.0232191 -0.0159172 -0.000462904 0.00245791 0.0100181 0.0350075
98.376 0.488999 4.57314 -0.111295 0.928384 -0.00161148 -0.00751181 0.395381 -0.918485 0.0322428 -0.0182576 -0.0542321 0.00295283 -0.00940216 0.038336
98.968 0.487896 4.60741 -0.127625 0.884736 -0.00213712 -0.00551347 0.387316 -0.921928 0.0495735 -0.0307188 -0.0739426 0.00902492 0.000122223 0.0297194
99.662 0.493854 4.64448 -0.15972 0.845923 -0.00191888 -0.00538868 0.383784 -0.923405 0.0496723 -0.0405285 -0.0780365 -0.00581484 -0.00499163 0.00189559
100.276 0.44128 4.68164 -0.191291 0.803616 -0.0018563 -0.00550217 0.383202 -0.923646 0.0524622 -0.0396447 -0.0771909 0.00197127 0.000929008 0.00719526
100.848 0.415931 4.71529 -0.219744 0.858918 -0.000115904 2.99213e-05 0.382134 -0.924107 0.0292578 -0.0183265 0.13125 1.7883e-05 0.00916265 0.00413479
101.426 0.393514 4.73661 -0.240218 0.926235 -0.000894179 -0.00244947 0.381557 -0.924341 0.0241767 -0.0145831 0.126348 -0.000133025 -0.00160257 0.00497001
101.934 0.370702 4.75486 -0.258503 0.950583 0.000501522 -0.000106867 0.380514 -0.924775 0.0222035 -0.010501 0.00507027 0.000816814 0.00139359 0.00398535
102.44 0.355384 4.76829 -0.269995 0.948155 0.000517168 -0.000436351 0.380199 -0.924904 0.0193962 -0.0045163 0.0110494 0.000549195 0.000449983 0.000928784
102.972 0.340251 4.77905 -0.281236 0.952169 0.00079983 -0.000320843 0.380149 -0.924925 0.0177635 -0.00249708 0.0142226 -0.000134528 -0.000160809 0.000171498
103.564 0.332598 4.78701 -0.28726 0.956234 0.00109583 -0.000290768 0.380223 -0.924894 0.0157774 3.09712e-05 0.0162149 -0.000370487 -0.000200979 1.90781e-06
104.434 0.310041 4.80219 -0.293566 0.954291 0.00139573 5.30318e-06 0.380415 -0.924815 0.0156825 0.0014029 0.0185532 -1.55241e-06 -0.000285153 0.000474429
105.33 0.309676 4.81579 -0.291719 0.971803 0.00214174 0.000275248 0.380376 -0.92483 0.0148533 0.00698041 0.0110947 4.10166e-05 -0.00013929 0.000456016
106.164 0.321364 4.8248 -0.278371 0.968252 0.00227999 0.000310178 0.380219 -0.924893 0.0128467 0.0119676 0.00373752 0.000327289 0.000475347 -0.000136254
106.922 0.335797 4.83284 -0.263432 0.96096 0.00219246 0.000301886 0.380345 -0.924842 0.0119438 0.0130443 -0.00020608 0.000306647 -0.000675869 -0.000105747
107.494 0.346471 4.83999 -0.250973 0.954549 0.00199734 9.00947e-05 0.38033 -0.924848 0.0114755 0.0126025 0.00898686 -3.89534e-05 -0.000378604 3.6998e-05
108.242 0.365949 4.85138 -0.230311 0.962118 0.00172826 0.000130747 0.380192 -0.924906 0.0118409 0.0144219 0.00824583 0.000674135 -0.000571557 -0.00069853
108.89 0.382996 4.86061 -0.216669 0.970729 0.00151605 0.000175191 0.38041 -0.924817 0.0110879 0.0128392 -0.000144371 -0.000912814 -0.000905584 0.000137506
109.564 0.389547 4.86714 -0.21038 0.97259 0.00150289 0.00022288 0.380185 -0.924909 0.00921914 0.00891187 -8.21315e-05 -0.000960082 -0.000407656 -0.00050546
110.11 0.395642 4.87042 -0.203079 0.973167 0.00144704 0.000174688 0.380241 -0.924886 0.00770264 0.00901526 0.000324753 -0.000125704 0.000425058 -0.000645631
110.756 0.408503 4.87213 -0.191354 0.971298 0.00132171 3.8138e-05 0.380455 -0.924798 0.00586879 0.00952609 -3.29226e-05 -6.81335e-05 0.000115366 0.000470563
111.33 0.416756 4.87788 -0.182748 0.9524 0.000740828 -0.000171106 0.370235 -0.928938 0.00638326 0.00664464 0.0199199 0.00274283 -0.000782563 0.099589
111.89 0.422051 4.88333 -0.177886 0.961248 3.74093e-05 0.000272381 0.340423 -0.940272 0.00431833 0.00310255 0.00996479 0.00248135 -0.00103581 0.139452
112.514 0.42877 4.88689 -0.171902 0.931562 -0.000566921 0.000390487 0.302608 -0.953115 -1.62496e-05 -8.5429e-05 0.0379248 0.00155448 -0.000302527 0.125006
113.086 0.432037 4.88949 -0.169618 0.951272 -0.0010319 0.000627204 0.272484 -0.96216 -0.00204985 -0.00251133 0.0239136 0.00201068 -0.000717752 0.0989827
113.86 0.429673 4.89082 -0.172984 0.97176 -0.00101457 0.000922586 0.248874 -0.968535 -0.00383577 -0.00462793 0.000197297 -0.000682415 -0.000921473 0.0499187
114.446 0.41883 4.88808 -0.178924 0.985438 -0.000737554 0.00092941 0.236478 -0.971636 -0.00439818 -0.00383728 -0.0144939 -0.00122976 0.000453906 0.0403799
115.044 0.417825 4.88535 -0.183806 0.982462 -0.000482771 0.00091388 0.222533 -0.974925 -0.00275199 -0.000860817 -0.0154509 0.000284338 -0.000319779 0.0564387
115.85 0.410478 4.88303 -0.192581 0.98 -0.000162711 0.00111289 0.20186 -0.979414 -0.000719326 0.00103331 -0.00765508 -0.000792253 -0.000853895 0.0541965
116.398 0.405282 4.88771 -0.200284 1.00142 -0.000712342 -0.00715122 0.188639 -0.98202 0.0363024 -0.00688833 0.0191426 0.00189085 -0.0187645 0.0377238
117.016 0.38996 4.90956 -0.213646 1.01689 -0.000504144 -0.0052652 0.179724 -0.983703 0.0579992 -0.0134525 0.0180724 -0.00112163 -0.000271165 0.0248125
117.586 0.380703 4.93249 -0.22208 1.0172 0.000148497 0.00263606 0.174652 -0.984627 0.0294668 -0.00458306 -0.012445 -0.000873556 0.0166085 0.00633181
118.358 0.376884 4.94285 -0.224563 1.01691 0.000585598 0.0006793 0.174371 -0.98468 0.0114666 0.00533035 -0.00171986 5.98377e-05 0.00117872 -0.00297816
118.91 0.377599 4.94452 -0.225825 0.996682 0.000682545 0.000607548 0.174595 -0.98464 0.00905687 0.00635406 -0.00179583 -0.000629007 -9.73292e-05 -0.00264195
119.704 0.373887 4.94444 -0.227889 0.988582 0.000859362 0.000654635 0.174951 -0.984577 0.00790451 0.00587531 0.00159661 -0.000308979 -0.000558907 -0.00263062
120.25 0.373857 4.94356 -0.227981 0.988702 0.00106694 0.000738625 0.175165 -0.984538 0.00729672 0.00549562 0.00136715 -0.000601934 -0.000223463 -0.0018325
121.08 0.379377 4.94066 -0.222108 0.99238 0.00115099 0.000785778 0.175181 -0.984535 0.00628039 0.00652843 0.00210672 -0.000165715 -0.000278887 -0.00217972
121.948 0.389256 4.93847 -0.211997 0.998214 0.00115657 0.000839299 0.175323 -0.98451 0.00568215 0.00675831 0.00210744 -5.70743e-05 -2.73134e-05 -0.00216823
122.502 0.394869 4.93655 -0.206143 0.990746 0.00104652 0.000827616 0.175432 -0.984491 0.0052803 0.00521217 0.00499911 -0.00037445 -0.000258645 -0.00173285
123.004 0.399773 4.93433 -0.200111 0.980045 0.00110765 0.00084979 0.175487 -0.984481 0.00470359 0.00482307 0.00109444 -2.88348e-05 1.48504e-05 -0.00150148
123.516 0.405856 4.93103 -0.194789 0.978357 0.00109897 0.000816748 0.17544 -0.984489 0.00365898 0.00399831 -0.000325806 -0.00060434 0.000314684 -0.00176745
124.364 0.4177 4.92361 -0.182554 0.981847 0.000264889 9.532e-05 0.165033 -0.986288 0.00398634 4.29693e-05 -0.0013057 0.00132854 0.00144516 0.0545535
124.932 0.41673 4.92075 -0.178367 0.984358 -9.84159e-05 -0.000110524 0.149652 -0.988739 0.00483224 -0.00437185 -0.00728538 0.000790241 0.00104581 0.0546827
125.456 0.416227 4.91878 -0.177055 0.984226 -0.00010485 -0.000260186 0.137197 -0.990544 0.00505559 -0.00707385 -0.00817256 0.000550553 0.000833608 0.0427978
126.058 0.418573 4.91987 -0.172752 0.986396 0.000353469 -0.0030901 0.125456 -0.992094 0.00723119 -0.00703752 0.0200405 -0.0291004 0.0765305 0.036139
126.934 0.388441 4.94659 -0.169937 1.01337 0.000473186 -0.00581775 0.111794 -0.993714 0.0535916 -0.00399605 0.0172309 0.000527067 0.000438519 0.0267224
127.556 0.397036 4.97749 -0.168771 1.00336 0.000213684 0.00168909 0.105946 -0.99437 0.021934 0.000471274 -0.0132708 -0.00134643 0.0150555 0.00547201
128.438 0.403453 4.99315 -0.168302 0.997478 0.000324766 -8.00537e-06 0.105707 -0.994397 0.00529379 0.00243886 -0.0109293 0.000115877 0.000609072 -0.00278115
129.37 0.409237 5.02434 -0.166874 0.994621 0.000117312 -0.00191734 0.102195 -0.994763 0.0529597 -0.00277689 9.44159e-06 0.00657414 -0.0886906 0.0208057
129.938 0.417195 5.05089 -0.166086 0.994577 -2.40816e-05 0.0023924 0.0916644 -0.995787 0.0127792 0.00248219 0.00423552 0.00167646 0.00292898 0.0525281
130.492 0.413297 5.06008 -0.165286 1.00144 -0.000175596 0.00220655 0.077304 -0.997005 -0.00455583 0.00251803 -0.00147034 -5.66823e-05 -0.000810735 0.0546963
131.032 0.409219 5.06151 -0.165192 1.00448 -0.000118645 0.00223484 0.0629832 -0.998012 -0.0129937 0.00228565 -0.0069239 -1.20653e-06 0.000481604 0.0488
131.628 0.404172 5.05965 -0.16798 1.01166 0.000207949 0.00229993 0.0488168 -0.998805 -0.0149907 0.00130217 -0.0120529 -0.00184117 -0.00106118 0.0595357
132.172 0.39851 5.05266 -0.168508 1.01414 0.000245832 0.00205642 0.0318006 -0.999492 -0.0158751 0.00249729 -0.0164875 0.000690194 0.00124738 0.0677181
132.782 0.39284 5.0486 -0.168951 1.01952 -0.00046606 -0.000134369 0.0170827 -0.999854 0.000203245 -0.00164074 -0.00909248 -0.00122935 -0.00623702 0.0174596
133.416 0.39399 5.04825 -0.169403 1.0181 -0.000294877 0.000368288 0.015695 -0.999877 0.00519507 -0.0031967 -0.0103043 -0.000384866 -0.000763564 -0.00463209
134.346 0.404926 5.04614 -0.169844 1.00507 -0.000284293 0.000407259 0.0166151 -0.999862 0.00517693 -0.00293985 -0.0103623 -1.79259e-05 -0.000263684 -0.00324859
134.924 0.405997 5.045 -0.171345 1.00552 0.000569445 0.00256791 0.0124248 -0.999919 -0.00658494 0.00108931 -0.00687462 0.000684887 0.00552983 0.0380847
135.49 0.407578 5.03871 -0.171601 1.00145 0.000418925 0.00191728 -0.00132961 -0.999997 -0.0102981 0.0025384 -0.00443795 0.000177737 0.00150336 0.0563942
136.042 0.402442 5.02791 -0.172675 1.00604 0.000484047 0.00131329 -0.01639 -0.999865 -0.0101381 0.00181451 -0.00731423 -0.000297008 0.0031027 0.0519232
136.948 0.412318 5.01783 -0.173292 0.993726 0.000690176 0.000890592 -0.0379952 -0.999277 -0.00399053 0.00149944 0.00470409 0.000492546 0.0011435 0.0482546
137.542 0.406073 5.00896 -0.170044 0.998721 0.000365527 0.000376357 -0.0508302 -0.998707 -0.00235118 0.00110903 -0.000259876 0.00528502 0.00218987 0.0295868
138.47 0.411584 5.00374 -0.163097 0.993945 -7.13878e-05 0.000156264 -0.038398 -0.999263 0.00280383 -0.00317939 0.00633842 -0.000681129 4.50447e-05 -0.0621109
139.02 0.394682 5.00404 -0.160465 1.01425 0.00172458 -0.00736919 -0.0254562 -0.999647 0.0252342 0.00199866 0.0338594 -0.0015353 -0.0026623 -0.0280634
139.614 0.386251 5.01634 -0.155963 1.0187 -0.000122864 0.00220371 -0.0244592 -0.999698 0.0155441 0.000940662 -0.0111195 -0.000658795 0.0128476 0.00411151
140.578 0.382983 5.0233 -0.152397 1.02003 7.62075e-05 0.000553058 -0.0254722 -0.999675 0.00191044 -0.00355119 -0.0134499 0.000243099 0.00058931 -0.00110573
141.15 0.38922 5.02388 -0.150685 1.01781 4.5259e-05 0.000372397 -0.0254612 -0.999676 0.00177222 -0.00391977 -0.0137417 -4.32785e-05 -0.000301875 -0.00130397
142.094 0.396348 5.0253 -0.14653 1.00381 1.32344e-05 0.00044525 -0.0253204 -0.999679 0.00215419 -0.00274296 -0.0132447 0.000494685 -2.01196e-06 -0.000934247
142.668 0.41336 5.02631 -0.14245 0.991573 -1.55849e-06 0.000454895 -0.0254798 -0.999675 0.00254461 -0.00196807 -0.00938212 0.000261243 -0.000175272 -0.00113486
143.204 0.409863 5.02719 -0.139987 0.999472 0.000324827 0.000573105 -0.0273692 -0.999625 0.00215951 -0.000442228 -0.00463687 0.0011524 -8.38741e-05 0.0195612
143.706 0.394541 5.02929 -0.138421 1.01765 0.00159742 -0.00566196 -0.0346689 -0.999382 0.0113571 0.00217343 0.0463737 -0.00629973 0.0520024 0.033913
144.27 0.389806 5.0397 -0.134877 1.01928 -5.4098e-05 0.00177651 -0.0418133 -0.999124 0.0153366 0.00223906 -0.0119485 -0.00153681 0.0114234 0.0120565
145.104 0.403334 5.04293 -0.133935 1.0035 0.000272584 0.000454675 -0.0430593 -0.999072 0.00738731 -0.000130492 -0.0135382 -3.79901e-06 0.000373119 -0.00175417
145.912 0.386914 5.05839 -0.125594 1.02784 0.000894613 -0.00563349 -0.046146 -0.998918 0.0511504 0.00974789 0.0382054 0.00262482 -0.000842609 0.0158891
146.794 0.423067 5.08693 -0.117478 0.99435 0.000419534 0.000710112 -0.0499898 -0.998749 0.0213186 0.00437708 -0.012823 -0.000545203 0.00187266 0.000210543
147.412 0.416825 5.10004 -0.113505 1.00873 0.000747122 -0.00666968 -0.0502964 -0.998712 0.0522081 0.00708375 0.0453199 7.95833e-05 -0.0137357 0.00129226
147.976 0.418941 5.12495 -0.106081 1.01847 0.000663537 -0.00563876 -0.0511756 -0.998674 0.0665986 0.00880912 0.0466854 0.000219548 0.000212822 0.0019744
148.55 0.395701 5.15889 -0.0946812 1.06217 -2.62038e-05 -0.00534576 -0.0514255 -0.998663 0.0715027 0.0087996 0.0493523 -0.000256399 0.000943536 -0.00494364
149.126 0.394839 5.19727 -0.0884628 1.07899 -0.000160093 0.00131276 -0.0498249 -0.998757 0.0403618 0.00342926 -0.00928855 -0.000503622 0.0134406 -0.00429239
149.746 0.428864 5.22101 -0.0844616 1.05245 -6.60975e-05 -2.92155e-05 -0.0493817 -0.99878 0.0271821 0.0020555 -0.00774301 0.00060016 0.00110774 -0.000875418
150.278 0.441413 5.24042 -0.0808559 1.05386 -0.000105078 -0.00705241 -0.0485939 -0.998794 0.0557989 0.00343713 0.0488615 0.00101983 -0.0160471 -0.0102062
151.16 0.437964 5.28979 -0.0779377 1.1006 -0.000266368 -0.00538521 -0.0409756 -0.999146 0.0769976 0.00202631 0.0420131 -0.000143166 -0.000509779 -0.023151
151.718 0.441364 5.32974 -0.0765073 1.13743 -0.000201309 -0.005419 -0.0351399 -0.999368 0.0813481 0.00206322 0.0425143 0.000287569 0.000616302 -0.0204504
152.3 0.456133 5.37228 -0.0760888 1.16836 -0.00013976 -0.00553125 -0.0301422 -0.99953 0.083863 0.00141925 0.0511984 -0.00165317 -0.00152912 -0.0179917
152.844 0.476101 5.41145 -0.0770105 1.18226 -0.000403189 -0.00591434 -0.0263427 -0.999635 0.0843046 0.000400295 0.0240982 0.00439585 0.00377256 -0.015123
153.408 0.511313 5.45821 -0.0786397 1.20044 -0.000391272 -0.00605358 -0.0212405 -0.999756 0.0879938 -0.00288526 0.0248919 -0.000488459 0.000520465 -0.0220077
153.986 0.556383 5.51138 -0.0791126 1.19874 0.0007164 -0.00679649 -0.0162885 -0.999844 0.0929671 0.000684315 0.0140544 0.00143417 -0.000868814 -0.00826714
154.58 0.606339 5.56383 -0.0775716 1.20499 0.000152498 -0.00628408 -0.0160625 -0.999851 0.0949427 0.00184699 0.045235 0.00099746 0.000385514 0.00216754
155.44 0.67083 5.64811 -0.0731677 1.24176 -0.000435842 -0.006218 -0.014896 -0.99987 0.0944563 -0.0023089 0.0429022 -0.00118728 0.00122715 -0.0117739
155.978 0.715423 5.69974 -0.0723167 1.27011 -0.000214061 -0.00647267 -0.0109053 -0.99992 0.0945414 -0.00430175 0.0413281 -0.000222552 0.000828944 -0.0190864
156.558 0.7604 5.7561 -0.0717436 1.30166 -0.000185792 -0.00673959 -0.00556174 -0.999962 0.0945196 -0.00479058 0.0414028 0.000713975 0.000403306 -0.0183112
157.43 0.845712 5.84731 -0.0719527 1.35584 -0.000197617 -0.00681794 0.00191819 -0.999975 0.0976327 -0.00622167 0.0415159 -0.000280543 0.000175337 -0.0166546
158.012 0.898471 5.90745 -0.0737272 1.3998 -0.000204285 -0.00697345 0.0068476 -0.999952 0.0981311 -0.00730411 0.0410008 -0.000237961 0.000183014 -0.0160413
158.926 0.975815 6.00199 -0.0744697 1.43851 9.56938e-05 -0.00692829 0.0126068 -0.999897 0.100393 -0.00583175 0.0550363 0.000955813 0.000207056 -0.00901314
159.532 0.972727 6.066 -0.071702 1.4749 0.000720229 -0.00685573 0.0135318 -0.999885 0.100415 -0.00127562 0.0534261 0.00187578 0.000198592 0.006191
160.12 0.971385 6.12578 -0.0695642 1.50033 0.000406311 -0.00701692 0.0105953 -0.999919 0.101112 -5.69754e-05 0.0550644 0.000107304 0.00037742 0.0129933
160.844 0.972584 6.20517 -0.0658908 1.56498 0.000386184 -0.00715692 0.00659177 -0.999953 0.102465 0.000154358 0.0544593 0.000422196 2.48667e-05 0.00949993
161.426 0.964794 6.26551 -0.0634019 1.57443 0.000467635 -0.0071877 0.0045052 -0.999964 0.103196 0.000388123 0.0556873 0.00028752 0.000231689 0.00930865
162.008 0.960648 6.32698 -0.0580536 1.61128 0.000328554 -0.00728715 0.00223277 -0.999971 0.103486 0.00171215 0.0550042 0.000348237 0.000590186 0.00866821
162.612 0.955387 6.40098 -0.0539391 1.64216 0.000258053 -0.00789321 0.000373674 -0.999969 0.109596 0.00110532 0.0275378 -0.00018851 -0.000826089 0.00547527
163.184 0.954909 6.46503 -0.0493023 1.6698 7.84837e-05 -0.00793017 -0.000795269 -0.999968 0.110928 0.0019372 0.022536 0.0072141 -0.000515951 0.0034243
164.266 0.882222 6.59486 -0.0479562 1.67819 -0.00019582 -0.007781 0.00225401 -0.999967 0.114013 -0.00248832 0.0206419 0.000289721 -0.000284428 -0.0114422
164.82 0.817446 6.66487 -0.0459397 1.68588 -0.000199172 -0.00784852 0.00520303 -0.999956 0.115239 -0.00224025 0.0208779 9.91874e-05 -0.000272737 -0.0101378
165.906 0.717228 6.79012 -0.0468573 1.7227 -4.12473e-05 -0.00801717 0.00881817 -0.999929 0.116064 -0.00177238 0.0305818 0.000175274 -0.000344834 -0.00417205
166.522 0.661201 6.8683 -0.0460371 1.74324 -0.000382261 -0.00770563 0.0101878 -0.999918 0.117818 -0.00231603 0.0304424 -0.000122089 6.73649e-06 -0.00611349
167.094 0.613688 6.94038 -0.0477234 1.76276 2.68156e-05 -0.00799265 0.0121479 -0.999894 0.118944 -0.00319099 0.0248745 -0.00297945 0.00194754 -0.00596779
