34.508 0.704109 -0.00290391 0.0145468 0.538444 -0.000434251 0.000526734 -0.386899 -0.922122 -0.00369056 -0.000629914 0.0898001 0.00226361 7.77094e-05 0.521487
34.96 0.711525 -0.00326757 0.0164807 0.536786 -0.000661673 0.000612611 -0.477461 -0.878653 -0.00300202 -0.00374133 0.0809729 0.000139639 -0.00171602 0.476927
35.426 0.712562 -0.00245518 0.0150198 0.543211 -0.000602125 0.000762937 -0.567766 -0.823189 -0.00130545 -0.00843316 0.098052 -0.00068461 0.00111122 0.425727
35.84 0.721931 -0.00196646 0.0100401 0.557077 -9.20939e-05 0.000518228 -0.634478 -0.772941 -0.000478475 -0.0112633 0.090353 -0.000297228 0.00181409 0.382203
36.278 0.734521 -0.00277838 0.00765749 0.572964 -8.63658e-05 0.00029973 -0.69074 -0.723104 -0.000362869 -0.00858267 0.0800487 0.00064637 -0.00151317 0.346562
36.77 0.75506 -0.00454243 0.00910156 0.598991 -0.000450089 0.000525197 -0.746903 -0.664933 -0.000289827 -0.00439227 0.0613734 0.00117815 -0.00194959 0.310864
37.25 0.782119 -0.00848827 0.0103077 0.630737 -0.000769271 0.00059155 -0.792158 -0.610315 -0.00228325 -0.00341699 0.0345749 0.0054637 -0.00162345 0.281483
37.724 0.799542 -0.0128392 0.00904585 0.646268 -0.00126622 0.00012243 -0.82927 -0.558848 -0.000956158 -0.00398252 0.0184262 -0.000530076 -4.31935e-05 0.2484
38.886 0.814023 -0.00492602 0.00263205 0.669808 -0.000542469 0.000286388 -0.891685 -0.452656 0.00229535 -0.00162719 0.00392954 0.000160089 -0.00070377 0.182232
39.856 0.815292 0.00207506 -0.00760069 0.676501 0.000167666 -0.000320428 -0.925064 -0.379811 0.000232601 -0.00166986 0.0023418 -0.000460255 0.00153164 0.151286
40.286 0.813356 0.00362185 -0.0100546 0.670623 0.000214352 -0.000491937 -0.937194 -0.348807 -0.00219653 0.000323448 0.00456151 -4.4852e-05 0.000392313 0.144328
41.342 0.809092 0.00752028 -0.00828216 0.675691 0.000452123 -0.000420436 -0.959731 -0.280921 -0.00338099 0.00277545 0.0144982 -0.000517921 0.000842468 0.13109
41.884 0.830506 0.00805701 -0.00715121 0.701159 0.000623355 -0.000399945 -0.968279 -0.249872 -0.00450215 0.00174562 -0.0119704 0.000755666 0.000129256 0.119458
42.37 0.83934 0.00578438 -0.00504483 0.70673 0.000464205 -0.00046919 -0.974871 -0.22277 -0.00527307 0.00159654 -0.0191954 -0.000355546 -0.000529451 0.11131
42.834 0.841532 0.00261651 -0.000851917 0.706882 0.00024176 -0.000280431 -0.979397 -0.201945 -0.00534516 0.0018933 -0.0182329 -0.000678602 -0.00177934 0.098378
43.434 0.841815 0.00130033 0.00677712 0.702276 0.000147191 0.000182179 -0.984008 -0.178126 -0.00310722 0.00190469 -0.0142896 -0.00400457 -0.00118722 0.070887
44.436 0.840194 -0.00328743 0.0102309 0.699682 -9.50277e-05 0.000313942 -0.989116 -0.147139 -0.00259507 -0.00284458 -0.00675283 -0.00107465 -0.000852445 0.05735
44.962 0.843311 -0.00291983 0.0106245 0.703816 9.10761e-05 0.000561325 -0.990737 -0.13579 -0.00064734 -0.00303081 -0.00899704 -0.00160735 0.000906292 0.0486926
45.464 0.847328 -0.00346211 0.0104864 0.707986 8.44184e-06 0.000693489 -0.992501 -0.122235 -0.00103026 -0.00319187 -0.0133258 -0.000678852 0.000273108 0.0612593
46.022 0.845673 -0.00618806 0.00900252 0.704993 0.00536873 0.000426056 -0.994225 -0.107179 -0.00800491 -0.00225479 -0.00388119 -0.00274092 0.0849868 0.0599671
46.56 0.847846 -0.0209598 0.00782081 0.695718 0.00648347 0.000221688 -0.995227 -0.0973741 -0.0492007 0.00577681 -0.00579251 -0.00387572 -0.00732911 0.0349742
47.172 0.850785 -0.0564963 0.00661332 0.682072 -0.00130514 0.000249966 -0.995971 -0.0896693 -0.0546288 0.00431405 -0.00331154 0.00630521 -0.0666958 0.0341084
47.696 0.860112 -0.0733625 0.00303851 0.680354 -0.00214076 -0.000189161 -0.996675 -0.0814477 -0.01249 0.000886943 0.000164396 0.000695707 0.00419486 0.045157
48.29 0.865829 -0.0763923 0.00211271 0.683282 -0.00163906 -0.000144644 -0.997591 -0.0693435 0.00395431 0.00212381 -0.00421022 -0.000517507 0.000916483 0.0510566
49.534 0.865728 -0.0913774 -0.000160223 0.674824 0.00687379 -0.000103781 -0.998612 -0.0522154 -0.0604739 0.00621571 -0.00280953 3.80463e-05 -0.00335279 0.0108561
50.114 0.879369 -0.127666 0.00100233 0.668031 0.00627524 0.000521135 -0.998684 -0.0508924 -0.0727664 0.00589402 -0.00789769 -0.00181809 -0.00294996 0.00731631
50.706 0.903966 -0.17262 -0.00250341 0.661467 0.00597525 0.000769256 -0.998803 -0.0485416 -0.0774598 0.00123039 -0.00755088 -0.000722453 -0.000970051 0.020559
51.316 0.925942 -0.219328 -0.0068958 0.652338 0.00616925 0.000549278 -0.999068 -0.0427181 -0.0805049 -0.00179087 -0.00732775 0.000205186 0.000937155 0.0290892
51.892 0.950114 -0.269111 -0.00911388 0.636341 0.00617206 0.000857429 -0.999341 -0.0357595 -0.0824544 -0.00231563 -0.00720654 -0.000391834 0.00175764 0.0304382
52.972 1.00551 -0.359642 -0.01426 0.622026 0.00703207 0.000480449 -0.999658 -0.025202 -0.0893352 -0.00198268 -0.00270102 -0.000745924 0.00026482 0.0193203
53.496 1.04863 -0.410531 -0.0165255 0.63051 0.00729966 4.99315e-05 -0.999725 -0.0223082 -0.0936021 -0.000282743 0.00336346 -0.000285649 -0.000117119 0.0121709
54.592 1.13398 -0.522716 -0.0200567 0.634203 0.00730963 0.00044663 -0.99979 -0.0191301 -0.0990968 1.36417e-05 4.73679e-06 -0.000104109 0.000312081 0.0120091
55.146 1.18532 -0.581844 -0.0209423 0.634224 0.0074432 0.000285418 -0.999827 -0.0170679 -0.10198 0.000829552 0.00700389 -0.00014097 5.06156e-05 0.0104972
55.716 1.23686 -0.643302 -0.0253896 0.636107 0.00651978 -0.00124808 -0.999837 -0.016801 -0.101777 0.00442102 0.00643764 0.000333115 0.000582467 -0.00686673
56.752 1.32425 -0.742912 -0.0228935 0.638961 0.00722083 -0.000773034 -0.999523 -0.0300204 -0.0990981 0.0102384 0.00675438 0.000300165 0.00147262 -0.0248981
57.778 1.33096 -0.848038 -0.0123298 0.652227 0.00746788 -0.000603318 -0.999093 -0.0419269 -0.105606 0.0108061 0.0106045 -3.36003e-05 -0.000567799 -0.0128764
58.3 1.27951 -0.905779 -0.00814943 0.654857 0.00769847 -0.000501384 -0.998925 -0.0457164 -0.107546 0.00951329 0.00712998 0.000677579 0.000695637 -0.00819731
59.316 1.18735 -1.00918 0.0032716 0.658281 0.00791816 -0.000453846 -0.998736 -0.0496428 -0.111267 0.00928083 0.00773171 0.000202141 -0.000307893 0.000718677
59.88 1.13873 -1.07246 0.0101746 0.665196 0.00711144 -0.00157928 -0.998661 -0.0512125 -0.110551 0.0118227 0.00117845 0.00269255 -0.00295606 -0.00561927
60.432 1.09678 -1.13693 0.0207818 0.685578 0.00801775 -0.000501083 -0.998371 -0.0564971 -0.1104 0.0153746 0.00793984 -0.0018491 0.00097491 -0.0159089
60.99 1.05313 -1.19395 0.0326582 0.695158 0.00798745 -0.000519711 -0.998152 -0.0602349 -0.111974 0.0150131 0.00689166 0.00103386 -0.000121368 -0.00522154
61.59 0.999929 -1.261 0.0419805 0.702255 0.00789975 0.000251651 -0.998062 -0.0617178 -0.112737 0.0129532 0.0169808 -0.000272437 0.000776921 0.00262825
62.168 0.955958 -1.32858 0.0478455 0.708224 0.00736062 -0.00178188 -0.998128 -0.0606976 -0.111279 0.013651 0.00331808 0.00320333 -0.00132283 -0.000300429
62.764 0.909453 -1.39628 0.0566284 0.714649 0.00794676 -0.000970804 -0.99778 -0.066116 -0.109777 0.0197814 0.00431288 -0.0017967 0.00174469 -0.0218554
63.32 0.877772 -1.4552 0.0661582 0.731622 0.00826187 -0.000599346 -0.997362 -0.0721105 -0.112013 0.0195941 0.000730075 -0.0019647 0.00202688 -0.0128211
63.888 0.837275 -1.52289 0.0778565 0.736045 0.00791528 0.000125382 -0.997149 -0.0750392 -0.114122 0.0178531 0.0310212 -0.0043819 -0.00248594 -0.000307935
64.752 0.752234 -1.62516 0.0878836 0.70316 0.00859359 -0.000718328 -0.99731 -0.0727857 -0.115995 0.0145994 0.00443515 -0.000306724 -0.00110151 0.0100448
65.34 0.725731 -1.69055 0.0956063 0.716379 0.00816001 -0.00103454 -0.997358 -0.0721724 -0.117158 0.0166735 0.0109357 0.0066222 -0.00516061 0.00277125
65.86 0.716469 -1.75292 0.105673 0.739645 0.00809987 -0.00104534 -0.997217 -0.0741024 -0.115352 0.0205628 0.0103787 -0.00100273 0.000784008 -0.00967942
66.588 0.708156 -1.83287 0.123246 0.761962 0.0082531 -0.00082213 -0.996766 -0.0799327 -0.113836 0.0238668 0.0169179 -0.00204601 0.00143307 -0.0144394
67.198 0.696323 -1.90326 0.141499 0.774864 0.00828517 -0.000651955 -0.996418 -0.0841524 -0.115333 0.0250356 0.0178854 0.00027458 0.000147152 -0.0104038
67.818 0.710148 -1.97703 0.157592 0.805725 0.00827073 -0.000706325 -0.996089 -0.0879598 -0.115537 0.0262697 0.0170699 -0.000537077 0.000332821 -0.00946857
68.396 0.736984 -2.04114 0.16629 0.838906 0.00804981 -0.000592798 -0.995804 -0.0911521 -0.114269 0.02403 0.0424245 0.000827172 0.00160914 -0.00756754
69.004 0.759529 -2.11217 0.175189 0.857509 0.00888903 -0.000647052 -0.995554 -0.0937732 -0.116537 0.0228419 -0.000674973 6.80593e-05 -0.00100062 -0.00235316
69.598 0.761524 -2.18402 0.188086 0.861126 0.00861524 -0.000681579 -0.995465 -0.094733 -0.11923 0.0235369 -0.00648512 0.000452788 -0.000608827 0.00113456
70.576 0.775242 -2.29682 0.205938 0.874223 0.00868447 -0.000329792 -0.995362 -0.095804 -0.119165 0.0211964 -0.00681015 0.00149242 0.000821067 0.00498342
71.482 0.766111 -2.40512 0.218383 0.861889 0.00871207 -0.000608973 -0.995543 -0.0939022 -0.120517 0.0189024 -0.00623675 0.000567695 8.71752e-05 0.00927471
72.084 0.762258 -2.48087 0.230262 0.863672 0.00862726 -0.000443065 -0.995693 -0.0923131 -0.121779 0.0191679 -0.00563325 -0.00165905 -0.00167371 0.0093818
72.658 0.774863 -2.55561 0.243676 0.878411 0.00861276 -0.00043599 -0.995902 -0.0900291 -0.121511 0.018438 -0.00594317 0.000120198 0.000957019 0.011527
73.246 0.788813 -2.62556 0.256319 0.889936 0.00848425 -0.00015549 -0.996129 -0.0874965 -0.121903 0.0174601 0.0004749 0.000346547 0.000299607 0.0145203
73.814 0.795323 -2.69305 0.265112 0.897526 0.00859715 -0.000306598 -0.996429 -0.0839974 -0.121172 0.0157594 0.000261886 0.000229248 0.000934701 0.0153835
74.378 0.810247 -2.7615 0.274036 0.911513 0.00861678 -0.000323801 -0.996714 -0.080537 -0.121483 0.015076 -0.00637144 4.61278e-05 0.000365501 0.015608
75.326 0.816497 -2.878 0.288803 0.916598 0.00838214 -5.83174e-05 -0.997132 -0.0752231 -0.12244 0.0129741 -0.00204228 0.000468724 0.00090917 0.0197021
75.88 0.821449 -2.94795 0.29543 0.919219 0.00843419 -0.000234234 -0.997475 -0.0705191 -0.1226 0.01121 -0.00267342 0.000290649 0.00075254 0.0211616
76.454 0.818679 -3.01426 0.304034 0.917464 0.00852437 -0.00018503 -0.997809 -0.065612 -0.121507 0.0111263 -0.00185422 -0.000279992 0.000744221 0.018021
77.082 0.82925 -3.08908 0.311355 0.931355 0.00884436 -0.000485777 -0.998076 -0.0613685 -0.12084 0.00988664 0.00172702 0.00318407 0.00200528 0.0164269
77.688 0.853348 -3.16414 0.318852 0.957058 0.00885879 -0.000549134 -0.998237 -0.0586956 -0.123109 0.0112678 0.00119172 -0.000800661 -0.000218851 0.0106226
78.218 0.873687 -3.23034 0.326299 0.973654 0.00851022 -0.0014017 -0.998323 -0.0572388 -0.122048 0.0124845 -0.00957182 0.00535073 -0.0018024 0.00380938
78.772 0.874198 -3.29325 0.335278 0.972181 0.00863035 -0.00134145 -0.998214 -0.0590968 -0.119036 0.0165979 -0.0100869 -0.00109816 0.000376148 -0.0134607
79.308 0.867151 -3.3575 0.346393 0.967118 0.00878829 -0.00116477 -0.997943 -0.0634925 -0.118511 0.0174987 -0.00897049 -0.000579457 0.00099601 -0.0154017
79.892 0.857095 -3.42698 0.356945 0.955799 0.0088565 -0.00122181 -0.997662 -0.0677573 -0.119371 0.0164632 -0.00885663 0.000874709 2.42649e-05 -0.010681
80.532 0.851312 -3.51254 0.37044 0.947292 0.00874073 -0.00138499 -0.997397 -0.0715679 -0.12076 0.0168378 -0.00934101 0.000590731 -0.0002515 -0.0102347
81.126 0.844103 -3.58623 0.387765 0.942932 0.00887366 -0.00126174 -0.997133 -0.0751375 -0.120228 0.0193798 -0.00914074 -0.000470307 -0.000156648 -0.010109
81.74 0.849512 -3.66149 0.408126 0.949735 0.00916842 -0.000851608 -0.99693 -0.0777549 -0.121971 0.0200428 -0.0024163 0.000336489 -0.000540862 -0.00322396
82.312 0.854671 -3.7355 0.425325 0.956875 0.0090415 -0.000841596 -0.996874 -0.0784816 -0.123771 0.0205092 -0.00248453 3.94696e-05 -1.77245e-05 -0.000909749
83.396 0.749282 -3.87036 0.45035 0.961339 0.00911676 -0.00100851 -0.99671 -0.080533 -0.121792 0.0207775 -0.0136167 -0.000323798 0.000150984 -0.00187571
83.988 0.693005 -3.94784 0.467951 0.934496 0.00867318 -0.00132215 -0.996584 -0.0821193 -0.121499 0.0241628 -0.0118858 -0.000684999 0.00054229 -0.00947618
84.608 0.637863 -4.02682 0.481985 0.937314 0.00888806 -0.00130354 -0.996239 -0.0861863 -0.120072 0.0231901 -0.0119227 0.000817629 0.000208473 -0.0128089
85.176 0.592328 -4.09734 0.495476 0.952841 0.00889056 -0.00145393 -0.995891 -0.0901112 -0.120299 0.0240961 0.00235539 -0.00061393 9.35244e-05 -0.0119722
85.746 0.558651 -4.16857 0.512948 0.96029 0.00890363 -0.00131096 -0.995559 -0.0937144 -0.121088 0.0255006 0.00127739 0.000308225 -0.00065584 -0.011673
86.258 0.531082 -4.22719 0.528057 0.964189 -0.00120499 8.00558e-05 -0.995215 -0.0977035 -0.0965514 0.02052 -0.00122961 -0.000573361 -0.0264627 -0.0302233
86.822 0.516031 -4.2696 0.539538 0.968144 -0.00189134 0.000357443 -0.993772 -0.11142 -0.043975 0.00842593 -0.00437911 -0.00167983 -0.00469151 -0.0587019
87.366 0.510872 -4.28874 0.545942 0.927709 -0.00286143 0.000504063 -0.991984 -0.126327 -0.0168364 0.00167597 0.0278381 0.000223697 -0.00229105 -0.0593525
88.36 0.511707 -4.28853 0.546785 0.951455 -0.00320871 0.000568118 -0.987724 -0.156173 0.0066797 -0.00469293 0.0216452 0.000436766 -0.000950308 -0.0613715
88.986 0.513373 -4.275 0.542719 0.973929 -0.00308006 0.000472189 -0.984772 -0.173823 0.0130209 -0.00564208 -0.00818226 -0.00105274 0.00353893 -0.0488775
89.544 0.518624 -4.25743 0.536846 0.986332 -0.00246062 0.000409763 -0.982681 -0.185286 0.0125257 -0.00623613 -0.0223596 0.000546596 0.0032915 -0.0390748
90.148 0.520736 -4.24284 0.529502 0.987882 0.0104469 -0.00283933 -0.980589 -0.195778 -0.0267871 0.0112023 -0.0212685 -0.00232716 -0.0056245 -0.0323727
90.704 0.519219 -4.25533 0.535062 0.987665 0.00651445 -0.00190848 -0.979112 -0.203211 -0.0635244 0.0274904 -0.0225509 0.000428356 -0.00293666 -0.026252
91.354 0.519009 -4.2806 0.550143 0.991669 0.0057284 -0.00197485 -0.977419 -0.211224 -0.0722633 0.0336138 0.0259041 0.00180981 -0.000478286 -0.02367
91.904 0.52225 -4.30942 0.567652 0.995404 0.00600896 -0.00201954 -0.975899 -0.21813 -0.0740281 0.0372389 0.0240501 -0.000267909 7.49826e-05 -0.0258374
92.48 0.528726 -4.34443 0.591293 1.00665 0.00617029 -0.00196462 -0.974329 -0.225034 -0.0757066 0.0407243 0.0258416 -0.00115235 0.00143334 -0.0242042
93.014 0.539456 -4.37789 0.614612 1.02243 0.0065707 -0.00183756 -0.972951 -0.23091 -0.077329 0.0423026 0.0242314 0.000244132 0.000662141 -0.0191482
93.752 0.553112 -4.42896 0.643975 1.03665 0.00694416 -0.00170408 -0.971428 -0.237228 -0.079082 0.0432814 0.0226888 -0.0157599 0.0010034 -0.013225
94.298 0.570573 -4.472 0.668164 1.05467 0.00721484 -0.000885109 -0.971244 -0.237977 -0.084242 0.0392221 0.0214808 0.00135031 0.000366595 0.010263
94.996 0.592927 -4.53113 0.695717 1.07158 0.0073325 -0.000795429 -0.972763 -0.231685 -0.0866152 0.0354647 0.0100744 0.00100408 0.000939216 0.0279687
95.54 0.59296 -4.58121 0.715005 1.0848 0.00743956 -0.000961874 -0.974168 -0.2257 -0.0889861 0.0356333 0.0104619 -0.000175813 0.000648192 0.0274922
96.198 0.569667 -4.63432 0.736074 1.09688 -0.00229129 0.000456434 -0.976458 -0.215697 -0.0489884 0.0205126 -0.00881103 -0.000200314 0.00397225 0.0499423
96.764 0.555943 -4.6592 0.747284 1.09587 -0.00272117 0.000707718 -0.97937 -0.202056 -0.0184632 0.00902781 -0.00802771 -0.000461696 -0.0034265 0.0579691
97.344 0.554486 -4.66614 0.74844 1.08707 -0.00307542 0.00100999 -0.982453 -0.186484 -0.00142529 0.000961239 -0.0026794 -0.00211546 -0.000307834 0.0726155
97.908 0.555594 -4.66011 0.746821 1.08596 -0.00307571 0.0011728 -0.986965 -0.160902 0.00568415 -0.00231487 0.00257508 0.000237688 0.00143285 0.110527
98.618 0.566578 -4.64154 0.735623 1.0734 -0.0023273 0.000772053 -0.992153 -0.125005 0.00778788 -0.0033645 0.0143208 0.002736 0.00451885 0.10447
99.17 0.576666 -4.62057 0.726176 1.08071 -0.00132659 0.000384736 -0.995073 -0.0991336 0.00638406 -0.000202872 0.00764449 0.00053576 0.00518281 0.102566
99.924 0.587692 -4.60183 0.717073 1.08182 -0.000651972 5.93799e-05 -0.997797 -0.066346 -0.00206686 0.00528091 0.00422487 0.000252041 0.00205862 0.0892425
100.82 0.593277 -4.58398 0.710536 1.07956 0.000176824 -0.000183024 -0.999464 -0.0327334 -0.00841588 0.00902354 0.00596845 0.000153468 -0.00013599 0.0684392
101.424 0.596911 -4.57759 0.705711 1.09347 0.0029628 0.000150895 -0.999885 -0.0148471 -0.0119243 0.00900967 0.00668343 -0.019129 0.0825711 0.0590686
101.994 0.599098 -4.58616 0.70196 1.10804 0.00662036 0.000569636 -0.999973 -0.00326128 -0.0528902 0.00224279 0.00324051 0.000969116 -0.00629085 0.0283069
102.884 0.594175 -4.62743 0.692503 1.12886 0.00669728 0.000179178 -0.999965 0.00506892 -0.0663765 -0.00273992 -0.0111131 0.00797951 0.00579047 0.0145963
103.862 0.587739 -4.70716 0.684805 1.13047 0.00728042 -0.000175505 -0.999946 0.00743618 -0.0756766 -0.00144193 -0.0121968 0.000345983 0.000988481 -0.00206308
104.514 0.582514 -4.76468 0.681833 1.13612 0.00769871 -0.000192442 -0.999946 0.00691925 -0.0780593 -0.00205449 -0.0120281 0.000174608 0.000967776 -0.00154086
105.062 0.581983 -4.81682 0.680543 1.16311 0.00741148 -0.000718379 -0.99995 0.00665806 -0.0791267 -0.00148091 0.0275264 0.00113481 0.00147829 -0.00443932
105.68 0.581487 -4.88618 0.680274 1.18045 0.00781857 -0.000635592 -0.999961 0.0041749 -0.081722 -0.000255081 0.0263387 0.000153482 -2.56874e-05 -0.0121957
106.236 0.587223 -4.94868 0.679746 1.18793 0.00798511 -0.000577496 -0.999967 0.0012376 -0.0854056 -0.000993215 0.0270446 -0.00482937 0.00189286 -0.0106784
107.158 0.613275 -5.05865 0.680315 1.20055 0.00821892 -0.000458623 -0.999966 -0.000171327 -0.092431 -0.00439309 0.0269111 5.23986e-05 -0.000255773 0.00157827
107.722 0.619532 -5.1306 0.682607 1.21832 0.00716979 -0.000315601 -0.999974 0.00048039 -0.0940605 -0.00482304 0.0618062 -0.000447481 -0.0024882 0.00363413
108.632 0.610178 -5.242 0.69157 1.28073 0.0075475 -0.00027709 -0.999967 0.00303512 -0.0956324 -0.00415798 0.0592239 0.000141474 0.00013104 0.00694991
109.236 0.609546 -5.30945 0.694294 1.29814 -0.00240879 -0.000267811 -0.99997 0.00740259 -0.0651366 -0.00430845 -0.00651615 -0.000746506 -0.00747248 0.0360355
109.8 0.606528 -5.34063 0.695084 1.30795 -0.00269985 -0.00036366 -0.999787 0.0204642 -0.0238729 -0.00487652 -0.0155796 -0.000327768 -0.00298669 0.0594776
110.37 0.603398 -5.35379 0.697783 1.31566 -0.0032246 0.000127968 -0.999309 0.0370425 -0.000787638 -0.00554565 -0.0249428 -0.00296964 -0.00105339 0.0757536
110.954 0.601892 -5.35511 0.7001 1.30624 -0.0034814 0.000328442 -0.997846 0.0655117 0.0102139 -0.00788909 -0.0219458 2.52357e-06 -0.00139201 0.114313
111.802 0.595992 -5.34017 0.707934 1.28393 -0.00333011 0.000918539 -0.994181 0.107668 0.016015 -0.00778291 0.00930853 -0.000299726 0.00239858 0.102991
112.724 0.592464 -5.30881 0.711664 1.291 0.00154541 0.0011895 -0.988922 0.148425 0.0118458 -0.00798259 -0.00904178 0.0152994 0.12456 0.0797102
113.296 0.593903 -5.30536 0.709061 1.30343 0.00718162 0.001102 -0.986665 0.162605 -0.0498347 -0.0174457 -0.0120839 -0.00277588 -0.0123835 0.0308588
113.876 0.598478 -5.3195 0.701292 1.31143 0.00652057 0.00144609 -0.985708 0.168334 -0.0628029 -0.0207425 -0.0140543 -0.000371168 0.000182134 0.0132346
114.492 0.612132 -5.34852 0.686254 1.30962 0.00493401 0.000975471 -0.985048 0.172207 -0.0663877 -0.0241997 -0.000712015 0.00672708 -0.0843646 0.0144707
115.04 0.624693 -5.37205 0.675641 1.31435 -0.00136699 -0.000491409 -0.983211 0.182469 -0.0192152 -0.00516266 -0.00666166 -0.000217446 0.00841815 0.0588109
115.638 0.63347 -5.38135 0.671896 1.30448 -0.000503982 -0.000371002 -0.979747 0.200238 0.00273099 0.00380756 0.0307539 -0.00569723 0.0416199 0.068416
116.246 0.641057 -5.3996 0.663444 1.33573 0.007972 0.00187174 -0.976763 0.214165 -0.0337311 -0.0170186 0.0564329 0.000256625 -0.0118859 0.0315094
116.826 0.659411 -5.43931 0.643445 1.36165 0.00726565 0.00167029 -0.975263 0.22092 -0.0459736 -0.0254749 0.0547455 0.000165545 0.000179719 0.0143974
117.466 0.684925 -5.49485 0.615725 1.37321 0.00856707 0.000932292 -0.974962 0.222204 -0.0580292 -0.0274525 0.000493265 -0.000972012 9.34614e-06 -0.0085443
118.028 0.707462 -5.55249 0.593665 1.37637 0.00834622 0.00132676 -0.975486 0.219898 -0.0633681 -0.0279831 0.0501282 -0.0102952 -0.0123277 -0.0135732
118.706 0.735669 -5.62875 0.562079 1.40689 0.00813288 0.00175074 -0.975626 0.219282 -0.0596003 -0.0323071 0.0549941 0.00121298 0.00121202 0.00547258
119.728 0.786893 -5.75059 0.507322 1.46283 0.00867624 0.00138953 -0.974536 0.224058 -0.0649366 -0.0355696 0.058798 -0.000369152 -0.000297564 0.00451966
120.34 0.823252 -5.83665 0.471291 1.4999 0.00851973 0.00149721 -0.974274 0.225201 -0.0720975 -0.038072 0.058454 -0.00194577 -0.00287297 0.0011362
121.234 0.872001 -5.94789 0.422113 1.55492 0.00829595 0.00162416 -0.973631 0.227972 -0.0761573 -0.0419898 0.0584577 -0.000295451 -0.00125138 0.00891078
121.84 0.908573 -6.02336 0.386593 1.58053 0.00810657 0.00150917 -0.972998 0.230667 -0.0809129 -0.0454694 0.0589404 -0.000124726 -0.00146541 0.00893104
122.46 0.942314 -6.09982 0.353635 1.61009 0.0079219 0.0015191 -0.972384 0.233248 -0.086446 -0.046814 0.0598458 -0.00160659 -0.00183182 0.00786889
123.066 0.97549 -6.17555 0.323715 1.64761 0.00759846 0.00166195 -0.97174 0.235927 -0.0902868 -0.0475171 0.0598101 -0.000804066 0.000435703 0.00844392
123.636 1.0044 -6.24666 0.293673 1.69008 0.00734703 0.00167105 -0.971155 0.238328 -0.0950712 -0.0499006 0.0591081 -0.000247826 -0.00188177 0.00813034
124.26 1.03514 -6.31639 0.261701 1.71086 0.00812889 0.000777087 -0.970816 0.239688 -0.101976 -0.0492069 -0.0166755 -0.00171682 -0.00355615 -0.00565463
124.994 1.00998 -6.4048 0.225486 1.7268 0.00745538 0.000621506 -0.971939 0.235113 -0.107809 -0.046994 -0.0160821 7.6325e-05 -0.000583487 -0.0211359
125.596 0.940271 -6.47364 0.198019 1.73116 0.00745455 0.00086632 -0.973546 0.228368 -0.109222 -0.0461198 -0.0332895 -0.00165119 -0.000335184 -0.0246279
126.168 0.875397 -6.5371 0.174807 1.71454 0.00722224 0.000951468 -0.974801 0.222958 -0.110706 -0.0461149 -0.0348451 -0.00083691 0.000435577 -0.0199495
126.734 0.813264 -6.60033 0.154773 1.69627 0.00723758 0.00108161 -0.975833 0.218395 -0.112022 -0.0453353 -0.0334713 -0.000183803 -0.000305868 -0.0158247
127.286 0.750082 -6.66087 0.135792 1.66411 0.00703086 0.000452015 -0.97695 0.213354 -0.11298 -0.0411669 -0.015187 -0.000925804 0.00103494 -0.0253314
127.938 0.687091 -6.72879 0.111832 1.63847 0.0068836 0.000657339 -0.978747 0.204957 -0.113816 -0.0405682 -0.0333027 -0.00020038 -0.00159325 -0.0289244
128.846 0.598236 -6.81589 0.0801099 1.61437 -0.000845164 -0.000253432 -0.980955 0.194233 -0.102156 -0.0373464 0.00301117 -0.00278941 -0.0599087 -0.0270575
129.414 0.557336 -6.85445 0.0736878 1.5957 -0.0025365 -7.11319e-06 -0.982756 0.184888 -0.0523897 -0.0194765 0.0204446 -0.00166718 -0.0031486 -0.0426276
130.396 0.538296 -6.86893 0.0712367 1.60705 0.00304221 0.000523066 -0.985922 0.167176 -0.0256019 -0.0119411 0.00387588 -0.0142674 0.0214208 0.00154282
131 0.533568 -6.87497 0.0656222 1.60764 0.000412326 0.000870304 -0.974883 0.222714 -0.0349159 -0.0233068 -0.00168035 0.0069935 -0.00412186 0.326701
131.606 0.528185 -6.88042 0.0607633 1.61211 -0.000290559 -0.000190207 -0.9483 0.317377 -0.0304627 -0.0170529 -0.0030302 0.00104952 -0.00104023 0.345923
132.23 0.52647 -6.88107 0.0603863 1.62744 -0.000487243 6.05647e-05 -0.913394 0.407077 -0.0237548 -0.0117429 -0.0197964 -0.00251224 -0.000912195 0.340274
132.878 0.526158 -6.88108 0.0600624 1.62509 -0.000551848 -0.000285185 -0.86333 0.504639 -0.016855 -0.0107468 -0.0216444 0.00174127 -0.000830485 0.36153
133.456 0.528228 -6.8792 0.0612259 1.58364 -0.000586646 -0.000459131 -0.814101 0.580723 -0.0125872 -0.00921868 0.0216438 0.000793773 -0.000162107 0.343506
134.068 0.529064 -6.87897 0.0634157 1.59623 -0.000556693 -0.000690216 -0.753066 0.657945 -0.00950634 -0.0095698 0.0144884 0.000977135 -0.000840612 0.319683
134.638 0.530563 -6.87741 0.0668398 1.60158 -7.97063e-05 -0.0012653 -0.701752 0.71242 -0.00711438 -0.00978315 0.00678664 0.00307009 0.000542808 0.220433
135.242 0.527271 -6.88014 0.0705741 1.61991 -0.000213281 -0.00105359 -0.667441 0.744662 -0.00640106 -0.0115259 -0.00927985 -0.00202579 -0.000180682 0.116056
135.916 0.522259 -6.8848 0.0754532 1.61917 0.000371271 -0.00142892 -0.653655 0.756792 -0.00441671 -0.0128835 -0.0149476 -0.00158033 0.00176636 -0.0391444
136.5 0.512954 -6.89415 0.0796069 1.61371 -0.000281095 -0.000536854 -0.671879 0.740661 -0.00118992 -0.0152257 -0.00936261 -0.00285787 -0.000446565 -0.117246
137.134 0.505881 -6.89938 0.0802848 1.55184 0.0013449 0.000113266 -0.687761 0.725936 0.00193926 -0.0253229 -0.120046 -0.000452258 -0.00350827 -0.0353217
137.742 0.499266 -6.90848 0.0803504 1.48108 0.00139478 -2.18132e-05 -0.687889 0.725815 0.00253361 -0.0268713 -0.120502 5.79022e-05 0.000565901 0.0114144
138.336 0.488417 -6.91805 0.0784539 1.41258 0.00146185 2.32283e-05 -0.684531 0.728982 0.00238544 -0.0266315 -0.0641565 0.000887602 -0.00873393 0.0130684
138.966 0.479268 -6.93038 0.0777649 1.41129 -3.40935e-05 -0.00133954 -0.688201 0.725519 -0.000168893 -0.0112116 0.0128362 -0.00554556 0.00380348 -0.0544717
139.548 0.464466 -6.94306 0.0790705 1.41485 -0.000539425 -0.000229699 -0.699727 0.71441 0.00442043 -0.00731611 0.0102305 -0.00153894 5.23532e-05 -0.0677208
140.152 0.45772 -6.94897 0.0803933 1.41659 -0.00145393 0.000705577 -0.696248 0.7178 0.0161045 -0.00591983 0.00887824 0.00202961 0.000681331 0.118237
140.756 0.455742 -6.9496 0.0812641 1.42262 -0.00097028 0.000385265 -0.662345 0.749199 0.0190439 -0.00611718 0.000511429 0.00175866 -0.000621419 0.180328
141.36 0.454047 -6.95123 0.0847257 1.42356 -0.00106955 0.000792609 -0.618779 0.785564 0.0180225 -0.00519628 -0.00114602 -0.000216879 0.00187635 0.210259
141.978 0.452998 -6.9516 0.0892 1.45328 0.00237907 0.00159195 -0.580638 0.814157 0.0114643 -0.0150673 0.107564 -0.0031132 -0.000901432 0.0907531
142.582 0.450887 -6.95342 0.0858463 1.47479 0.00139316 0.00182741 -0.570029 0.821621 0.00766191 -0.0243673 0.114911 -0.00185283 0.000194309 0.0167317
143.208 0.455495 -6.95203 0.0749958 1.51288 0.000225328 -0.00230364 -0.577819 0.816162 -0.000423464 -0.0155833 -0.0144078 0.000148025 0.00348421 -0.165053
143.884 0.45028 -6.95727 0.07119 1.522 -0.000438295 -0.000688469 -0.651404 0.758731 -0.00706634 -0.00210346 -0.0284089 -0.00338323 -0.000192542 -0.323774
144.566 0.447688 -6.95825 0.0729805 1.52004 -0.00173443 0.000921683 -0.697002 0.717066 0.00642497 0.00460576 -0.0307648 0.00501707 0.000446672 0.0439663
