29.11 0.760267 -0.007441 0.0138015 0.661688 -0.000703569 -0.00022783 -0.445993 -0.895036 -0.00125305 -0.00456713 0.103264 -0.000195822 -0.00120754 0.253758 -0.00437809 -0.0015988 0.103268 -0.000195822 -0.00120754 0.253758
29.296 0.780879 -0.00711228 0.0137189 0.679141 -0.000375202 -0.000216021 -0.468205 -0.88362 -0.000493676 -0.00442341 -0.0675031 -0.00487593 0.00327578 0.232727 -0.00393524 -0.00213398 -0.0675014 -0.00487593 0.00327578 0.232727
29.576 0.777299 -0.0057221 0.0136242 0.675348 -0.000242098 -9.62334e-05 -0.496089 -0.868272 0.000560473 -0.00295571 -0.0646542 2.55905e-05 -0.00190613 0.201872 -0.0022664 -0.00201707 -0.064653 2.55905e-05 -0.00190613 0.201872
30.482 0.750314 -0.00268565 0.0115323 0.645714 -0.000291798 -0.000109444 -0.553392 -0.832921 0.0010963 -0.00340401 -0.0270144 -0.000828457 0.00076743 0.1052 -0.00271504 -0.00240714 -0.0281926 -0.00119941 0.00101332 0.106629
30.678 0.743692 -0.00240663 0.010452 0.640598 -0.000262995 -0.000113902 -0.560908 -0.827878 0.00082709 -0.00375043 -0.0187282 -4.54e-05 0.00032135 0.0997214 -0.00317847 -0.00216921 -0.0187266 -4.54e-05 0.00032135 0.0997214
30.858 0.742454 -0.00217542 0.0094025 0.639267 -0.000213831 -0.000174915 -0.56958 -0.821936 0.000567402 -0.00378432 -0.0401828 6.65409e-05 0.00102745 0.0934922 -0.00339715 -0.00194476 -0.0353941 -4.15339e-05 0.00118622 0.0940787
31.062 0.63536 -0.00202499 0.00855864 0.630462 -0.000202071 -0.000187927 -0.576814 -0.816875 0.000469029 -0.00385891 -0.0403279 -0.001018 7.92332e-05 0.09043 -0.00339516 -0.00175539 -0.0413188 -0.000240924 -9.98141e-05 0.0899923
31.262 0.620186 -0.00162833 0.0077017 0.612793 5.97045e-06 -9.7086e-05 -0.585206 -0.810885 0.00015562 -0.00371213 -0.0353383 -0.00202039 0.000382331 0.104482 -0.00346822 -0.00132094 -0.0353387 -0.00202039 0.000382331 0.104482
31.608 0.592008 -0.000789842 0.00851539 0.586363 -8.65825e-05 -0.000113245 -0.600731 -0.799451 -0.000541153 -0.00139743 -0.0202169 0.00253301 -0.00183098 0.118827 -0.00149126 0.000125406 -0.020217 0.00253301 -0.00183098 0.118827
31.896 0.586865 0.000228544 0.00956874 0.582994 -0.000323228 -6.71686e-05 -0.613517 -0.789682 4.32266e-05 -0.000835313 -0.0156867 -0.000240138 -0.000515808 0.106958 -0.000803262 -0.000257671 -0.0156863 -0.000240138 -0.000515808 0.106958
32.194 0.577687 0.00151876 0.00954435 0.573807 -0.000177247 2.54049e-05 -0.62608 -0.779759 0.000475697 -0.00123975 -0.0100956 -0.00220136 0.000274273 0.104045 -0.00107508 -0.000749547 -0.0106813 -0.0022236 0.000319544 0.102573
32.402 0.577674 0.00217677 0.0100007 0.574975 -9.64586e-05 9.23766e-05 -0.633301 -0.773906 0.000193099 -0.000509482 -0.00834466 -6.50948e-05 -0.00070861 0.110113 -0.000463416 -0.000290357 -0.00834453 -6.50948e-05 -0.00070861 0.110113
33.21 0.592271 0.00410741 0.00813627 0.590887 9.97558e-06 0.000129698 -0.668539 -0.743677 -0.000433311 -0.000472559 -0.00756623 -2.7765e-05 -0.000365812 0.113184 -0.000605721 0.000343274 -0.00755393 -0.00041679 -0.000184483 0.111733
33.95 0.611925 0.00524865 0.00639953 0.609576 0.000953553 -0.00202613 -0.697675 -0.716411 0.00148124 0.00410092 0.028023 0.00713852 0.0100884 0.0858521 0.00402004 -0.00133111 0.0280422 0.00713852 0.0100884 0.0858521
34.174 0.617008 0.00516255 0.00718198 0.613388 0.000687167 -0.00231367 -0.701649 -0.712519 0.00355168 0.0100212 0.0323146 0.0013284 -0.00327215 0.0280625 0.00993679 -0.00332389 0.0323648 0.0013284 -0.00327215 0.0280625
34.45 0.621205 0.00600323 0.00899434 0.617891 0.000443322 -0.00170316 -0.70145 -0.712716 0.00596336 0.0137046 -0.00491474 -0.00719266 -0.020839 -0.0272748 0.0138127 -0.00575286 -0.00486253 -0.00719266 -0.020839 -0.0272748
34.76 0.608954 0.00674447 0.0107823 0.604916 -0.000292162 -0.000518131 -0.696237 -0.717812 0.00456812 0.00783352 0.0362848 0.00539183 0.0345826 -0.065911 0.007957 -0.0042856 0.0362924 0.00539183 0.0345826 -0.065911
35.08 0.610521 0.00680035 0.0104912 0.605245 0.0001065 -0.000580647 -0.688753 -0.724996 0.00325617 0.00863567 -0.0158511 -0.00173829 -0.0237954 -0.0736092 0.00880684 -0.00281964 -0.0158406 -0.00173829 -0.0237954 -0.0736092
35.334 0.602566 0.00673073 0.0104781 0.598252 -0.000523618 -5.99813e-06 -0.682758 -0.730644 0.00132292 0.00325479 -0.0147909 0.000984637 0.00338096 -0.077745 0.00332641 -0.00111103 -0.0147924 0.000984637 0.00338096 -0.077745
35.696 0.595016 0.00712283 0.00967339 0.590307 -0.000207726 -0.000464691 -0.673464 -0.73922 0.000117641 -0.000896744 -0.0107093 0.0010358 0.00166528 -0.0832159 -0.000877578 -0.000210426 -0.0107095 0.0010358 0.00166528 -0.0832159
36.032 0.590414 0.00937731 0.00945955 0.587424 -0.000119471 -0.000568578 -0.662438 -0.749116 0.00166887 -0.00120838 -0.00696388 -0.00241389 0.000239309 -0.100474 -0.000990284 -0.00181067 -0.00696289 -0.00241389 0.000239309 -0.100474
36.272 0.589759 0.0120248 0.0129504 0.587724 -8.9402e-05 -0.000204608 -0.653013 -0.757347 0.00264757 0.00236393 -0.00597118 -0.00127985 -0.00512088 -0.104155 0.00272894 -0.00227331 -0.00596973 -0.00127985 -0.00512088 -0.104155
36.978 0.579858 0.014567 0.0183265 0.578479 -0.000293821 -2.45936e-05 -0.621157 -0.783686 -0.00083291 0.00161778 -0.00146832 0.00178786 8.71923e-06 -0.130569 0.00136931 0.000615289 -0.00166865 0.000538875 0.000382411 -0.129988
37.238 0.580572 0.0142227 0.0198287 0.577276 -0.00045038 -7.60975e-05 -0.608179 -0.7938 -0.0016413 0.00204982 -0.00118786 -0.000969004 -0.00098743 -0.125866 0.00155155 0.00211723 -0.00119023 -0.000969004 -0.00098743 -0.125866
37.588 0.579809 0.015383 0.0200601 0.582451 0.000579138 -0.00120939 -0.592749 -0.805386 -0.000818454 0.00260497 0.0454318 -0.00315036 0.0213045 -0.0958214 0.00212416 0.00157865 0.0454368 -0.00315036 0.0213045 -0.0958214
38.406 0.606592 0.0217916 0.0205522 0.605962 -0.000222561 -4.10301e-06 -0.569831 -0.821762 0.00088181 0.0015224 -0.0114627 -0.00153384 0.00167632 -0.0783093 0.00173209 -0.000296356 -0.011463 -0.00153384 0.00167632 -0.0783093
38.654 0.608829 0.0232766 0.0198324 0.608577 -7.57662e-05 -1.20615e-05 -0.562477 -0.826813 0.000628387 0.000634761 -0.0117223 -0.000801094 0.000527317 -0.083502 0.000820411 -0.000352998 -0.0117223 -0.000801094 0.000527317 -0.083502
38.926 0.614819 0.0242919 0.0201361 0.61851 0.000510828 -0.00123526 -0.553513 -0.832839 0.000710586 0.00211375 0.0494975 0.00368861 0.0285027 -0.0816358 0.00209415 0.000188965 0.049503 0.00368861 0.0285027 -0.0816358
39.8 0.659672 0.0276692 0.0267703 0.663281 0.000722124 -0.00206043 -0.532667 -0.846322 0.00655703 0.0139567 0.045982 7.78239e-05 0.00235732 -0.0449564 0.0152238 0.000169486 0.0460471 7.78239e-05 0.00235732 -0.0449564
40.106 0.685309 0.0307074 0.0277916 0.690691 0.00117487 -0.00271305 -0.526453 -0.850199 0.00876869 0.0142507 0.0579187 -0.00112103 0.0042826 -0.0440111 0.016326 -0.00144844 0.0580164 -0.00112103 0.0042826 -0.0440111
41.006 0.740669 0.0518381 0.0533904 0.744186 0.00214196 -0.00349869 -0.517205 -0.855852 0.0184897 0.034354 0.0506351 0.00181997 -0.00297251 -0.00269324 0.0378484 -0.000525932 0.0507977 0.00194729 -0.00257799 -0.00289946
41.234 0.755132 0.0564464 0.0664157 0.761235 0.00225089 -0.0039715 -0.516282 -0.856406 0.0194482 0.0393002 0.0633684 0.00201756 0.00770553 -0.000442591 0.0425368 0.00102048 0.0638127 0.00196488 0.00887539 -0.00070963
41.652 0.794608 0.065128 0.0842175 0.799906 0.00289207 -0.00460818 -0.515822 -0.856679 0.0225161 0.0440329 0.0479042 -0.00554408 0.00738993 -0.000547359 0.0489267 0.000690639 0.0484395 -0.00554408 0.00738993 -0.000547359
42.042 0.829437 0.0727328 0.104897 0.831908 0.00355625 -0.0054254 -0.516487 -0.85627 0.0234211 0.0534601 0.0529107 0.00143714 -0.000378974 0.0102646 0.0567958 0.0040339 0.0537608 0.0013994 0.000415788 0.00974745
43.122 0.869281 0.108135 0.184979 0.858153 0.0040674 -0.0059882 -0.520747 -0.853681 0.0321204 0.0769551 0.0155782 0.00186974 -0.00121483 0.0168972 0.0824115 0.00637775 0.0167403 0.00170992 -0.00138459 0.0164082
43.504 0.876713 0.122652 0.217732 0.860922 0.0044277 -0.00696159 -0.524334 -0.851473 0.0327985 0.0822001 0.0185727 0.000896959 0.00266183 0.0206824 0.087847 0.00770635 0.0200266 0.000896959 0.00266183 0.0206824
43.786 0.869143 0.133622 0.241817 0.871542 0.00440796 -0.00721343 -0.526984 -0.849833 0.0341733 0.0855079 0.0153148 0.00116881 0.0033158 0.0189862 0.0915138 0.00740203 0.0168635 0.00116881 0.0033158 0.0189862
44.186 0.880249 0.156891 0.282629 0.880368 0.00438298 -0.00720776 -0.529379 -0.848344 0.0401063 0.0915272 0.0102306 -0.00192434 -0.00234211 0.016222 0.0990362 0.00448879 0.0120389 -0.00164743 -0.00234672 0.0163757
44.566 0.886583 0.180926 0.323528 0.885536 0.00460467 -0.00695581 -0.531424 -0.847065 0.0437283 0.0963352 0.0188543 -0.00118335 -0.000845707 0.0155432 0.105435 0.00253954 0.0206167 -0.00118335 -0.000845707 0.0155432
45.018 0.901149 0.203842 0.367314 0.89742 0.00460161 -0.00746732 -0.534774 -0.84495 0.0439935 0.0987291 0.0286232 0.00289202 0.00160151 0.0124718 0.10739 0.00274092 0.0304137 0.00387418 0.00143689 0.0134534
46.092 0.960342 0.2602 0.484532 0.93437 0.00512533 -0.00788017 -0.535897 -0.844231 0.0499805 0.109359 0.0125291 0.000100625 -0.000489066 -0.00409076 0.119739 0.00113572 0.01497 -4.93024e-05 -0.000507322 -0.00459858
46.382 0.941235 0.276699 0.520213 0.943259 0.00569996 -0.00880658 -0.53566 -0.844369 0.0514762 0.114547 0.0138028 0.000245262 0.00855515 0.00343821 0.124182 0.00211384 0.0165412 9.30246e-05 0.0118325 0.00252814
46.688 0.955713 0.293714 0.560797 0.952849 0.00537732 -0.00851411 -0.536374 -0.84392 0.0532506 0.121624 0.0125552 0.00149412 -0.00535458 0.00737889 0.131937 0.00325508 0.0154836 0.00136167 -0.00675952 0.00711868
47.132 0.963016 0.315688 0.618543 0.94737 0.00439067 -0.00923787 -0.537428 -0.843247 0.0547063 0.123997 -0.0111173 0.00257906 -0.000627305 -0.000977319 0.135586 0.00318928 -0.00843383 0.00491456 -0.000728133 0.000880586
48.118 0.994314 0.377072 0.737148 0.953599 0.0050935 -0.00934331 -0.531825 -0.846788 0.0631518 0.126773 0.00941473 2.19285e-05 0.0021437 -0.0186789 0.141387 -0.00181972 0.0124232 2.19285e-05 0.0021437 -0.0186789
48.458 0.960239 0.400795 0.781981 0.960223 0.00555465 -0.0101006 -0.529483 -0.848242 0.0655243 0.130884 0.00938448 4.82099e-05 0.0009942 -0.0157876 0.146108 -0.00136483 0.0127527 4.82099e-05 0.0009942 -0.0157876
48.942 0.974589 0.436848 0.844764 0.969957 0.00521248 -0.00922254 -0.526663 -0.850008 0.0682165 0.132966 0.00658557 -0.00734173 0.00119373 -0.0121409 0.149259 -0.00188141 0.00974901 -0.00734173 0.00119373 -0.0121409
49.37 0.981531 0.467304 0.89849 0.967984 0.00637548 -0.0089609 -0.526167 -0.85031 0.0648965 0.135991 0.00386894 0.0017348 0.000527378 0.00690162 0.150539 0.00259823 0.0071784 0.0017348 0.000527378 0.00690162
49.77 0.962106 0.494842 0.952934 0.94694 0.00624616 -0.0093236 -0.528775 -0.848688 0.0630874 0.138792 0.00695151 0.00204034 0.00135244 0.0183808 0.152078 0.00432178 0.00783522 0.0015642 0.00142088 0.0182443
50.878 0.927856 0.562424 1.10339 0.929261 0.00603407 -0.00959343 -0.536309 -0.843946 0.0634512 0.142008 0.0103385 -0.000484383 0.00100808 0.00934481 0.155029 0.00294575 0.0141622 -0.000387131 0.00119672 0.00938513
51.984 0.959398 0.632527 1.25766 0.942052 0.00564394 -0.00924448 -0.540433 -0.841317 0.0630881 0.141532 0.0283705 -0.000283652 0.00152954 0.00830217 0.154299 0.00148762 0.0317186 -0.000283652 0.00152954 0.00830217
52.518 0.994877 0.666281 1.32915 0.967645 0.00616419 -0.00991955 -0.542066 -0.840255 0.0653167 0.14525 0.0303283 0.000232098 -0.00130756 0.00434115 0.158508 0.000383617 0.034039 0.000232098 -0.00130756 0.00434115
53.594 1.07324 0.74048 1.48706 1.00286 0.00679187 -0.0101894 -0.539607 -0.841828 0.071416 0.152607 0.0198281 -0.00389006 -0.000298301 -0.00619079 0.167732 -0.00161743 0.0239589 -0.00618496 -9.29318e-05 -0.00761173
54.032 1.06253 0.771231 1.55549 1.01552 0.00768366 -0.0117417 -0.540158 -0.841447 0.0715192 0.161742 0.0221252 0.00113579 -0.00265244 0.00735579 0.175274 0.00223212 0.0272545 0.00117336 -0.000512385 0.00678597
54.44 1.04881 0.795923 1.61514 1.01966 0.00717934 -0.01131 -0.541717 -0.840454 0.0718695 0.166413 0.0224894 0.000858523 0.000303886 0.00850334 0.180442 0.00321961 0.0272671 0.000849074 -7.23872e-05 0.00850038
54.842 1.03855 0.822583 1.68166 1.02171 0.00676088 -0.01175 -0.543119 -0.839546 0.0725929 0.167992 0.00915973 0.00148701 -2.49106e-05 0.00480953 0.182671 0.00266902 0.0141067 0.00148701 -2.49106e-05 0.00480953
56.126 1.05895 0.915864 1.89162 1.05857 0.00621568 -0.0116453 -0.540773 -0.841065 0.0789817 0.167103 0.0089989 -0.000616694 0.000846266 -0.0199995 0.184431 -0.00251806 0.013931 -0.000824391 0.00101578 -0.0194543
56.52 1.06359 0.949692 1.9624 1.06508 0.00662027 -0.0120877 -0.537333 -0.843258 0.080928 0.169644 0.00980645 -1.25398e-05 0.00027693 -0.0192099 0.18761 -0.00166622 0.0149746 -1.25398e-05 0.00027693 -0.0192099
56.916 1.07221 0.981679 2.03306 1.07314 0.00660524 -0.0121703 -0.534306 -0.845178 0.0815287 0.172833 0.0100768 0.000936577 0.000577435 -0.0149951 0.190569 0.000377861 0.0153534 0.000969438 0.000599664 -0.0151652
57.376 1.06747 1.01731 2.11015 1.06553 0.00744425 -0.011626 -0.531913 -0.846686 0.0806501 0.176254 0.029022 -0.00261211 0.000381449 -0.00470527 0.192916 0.00383409 0.0343618 -0.00261211 0.000381449 -0.00470527
57.854 1.05313 1.05441 2.18802 1.05289 0.0072098 -0.0116988 -0.532604 -0.846253 0.0779505 0.179013 0.030127 0.000493638 0.000755915 0.0114932 0.194216 0.00716179 0.0354757 0.000493638 0.000755915 0.0114932
58.214 1.05875 1.08649 2.25254 1.05988 0.00719537 -0.0116938 -0.534935 -0.844782 0.0775489 0.178717 0.00604523 -0.0019619 0.0015866 0.0138907 0.194403 0.00639714 0.0129948 -0.00207775 0.00222122 0.0138394
58.668 1.07329 1.12411 2.33002 1.07611 0.00731435 -0.0118429 -0.537897 -0.842896 0.077191 0.180131 0.0046856 0.00059463 0.000684036 0.0138731 0.195679 0.005869 0.0101335 0.00059463 0.000684036 0.0138731
59.058 1.09162 1.15368 2.39623 1.0947 0.00748577 -0.0122821 -0.540294 -0.841353 0.077031 0.182019 0.00438098 0.000742586 -0.00233211 0.0116476 0.197359 0.00568492 0.0100566 0.000742586 -0.00233211 0.0116476
59.592 1.0745 1.18969 2.47404 1.10391 2.39962e-05 -0.000886811 -0.548661 -0.836045 0.0485102 0.116902 -0.00794392 0.00121041 0.0354333 0.0684348 0.130628 0.00223771 -0.00724609 0.000460274 0.0362851 0.064754
60.144 1.03475 1.21872 2.53423 1.10669 0.0091166 -0.0115476 -0.568461 -0.822578 0.0394601 0.10131 0.0245212 -0.0113549 0.112068 0.0871362 0.103244 -0.00181884 0.0286686 -0.0151468 0.130137 0.0881362
60.576 1.00529 1.24049 2.58654 1.10595 0.00818087 -0.011234 -0.580528 -0.814122 0.0500998 0.14942 0.0226812 0.000452518 -0.0161237 0.0605258 0.156899 0.00131514 0.0270523 0.000452518 -0.0161237 0.0605258
61.888 0.899258 1.31005 2.78056 1.1508 0.00649586 -0.01124 -0.592202 -0.805685 0.061846 0.164862 0.034419 -0.00168365 2.81896e-06 -0.015041 0.17486 -0.0097152 0.0389721 -0.00168365 2.81896e-06 -0.015041
62.382 0.867839 1.34295 2.85642 1.15945 0.00388432 -0.00934218 -0.587853 -0.808904 0.0639046 0.15338 -0.00193456 -0.00175208 0.00507258 -0.0386727 0.165622 -0.0134215 0.00138836 -0.00175208 0.00507258 -0.0386727
62.944 0.84414 1.38178 2.94369 1.1554 0.00415616 -0.00832704 -0.577375 -0.816426 0.0630579 0.141751 0.0014235 -0.0128905 -0.0766953 -0.0504665 0.15461 -0.0122118 0.00430302 -0.0128905 -0.0766953 -0.0504665
64.222 0.830091 1.43841 3.05819 1.14234 0.00159312 -0.00314428 -0.542894 -0.839794 0.0316929 0.069339 0.0163304 -0.000829468 0.000641121 -0.0827856 0.0761211 -0.000421584 0.0168648 -0.000829468 0.000641121 -0.0827856
64.714 0.830551 1.45135 3.0843 1.1437 0.00162661 -0.00310675 -0.527442 -0.849584 0.0285047 0.0629573 0.0149214 -0.000298357 -0.000579474 -0.0748243 0.0689626 0.00238927 0.015403 -0.000298357 -0.000579474 -0.0748243
65.262 0.831724 1.46578 3.11503 1.15301 0.0049558 -0.0108815 -0.51199 -0.858908 0.0378269 0.0737606 0.0110727 -0.00896044 0.0361446 -0.0631376 0.0825882 0.00184279 0.0130345 -0.00896044 0.0361446 -0.0631376
65.84 0.836159 1.48839 3.16161 1.17649 0.00539578 -0.00874889 -0.503201 -0.864108 0.0538794 0.108952 0.0188931 0.00196899 -0.00501602 -0.0107973 0.120936 0.00689939 0.0213865 0.00196899 -0.00501602 -0.0107973
66.346 0.843195 1.51476 3.21713 1.18817 0.00487894 -0.00847536 -0.503381 -0.864009 0.0579656 0.117397 0.018702 0.000370965 -0.00168864 0.0090529 0.130005 0.00756526 0.0212794 0.000480083 -0.00179284 0.00853861
66.8 0.856232 1.54045 3.26799 1.18357 0.00516258 -0.00824504 -0.505098 -0.863007 0.0596931 0.120133 -0.0127843 -0.00357347 -0.00329707 0.0124578 0.134198 0.00679047 -0.0101727 -0.00357347 -0.00329707 0.0124578
67.306 0.873061 1.56842 3.32538 1.18033 0.00520076 -0.0083485 -0.508696 -0.86089 0.0587434 0.122447 -0.0117611 0.000645927 6.77573e-05 0.0202958 0.135801 0.00761799 -0.00908881 0.000645927 6.77573e-05 0.0202958
67.78 0.895553 1.5985 3.38431 1.18482 0.00573692 -0.0076903 -0.512987 -0.858343 0.0586722 0.12496 -0.00769837 -0.00378118 -0.00367873 0.0252929 0.137966 0.00752503 -0.0050511 -0.00378118 -0.00367873 0.0252929
68.36 0.924765 1.63127 3.45394 1.19342 0.00594404 -0.00844022 -0.521957 -0.852909 0.0550538 0.127225 -0.0080933 0.00102202 -0.000535478 0.0413442 0.138479 0.00888128 -0.00522959 0.00102202 -0.000535478 0.0413442
68.84 0.951059 1.65432 3.50882 1.18205 -0.000611732 0.000374424 -0.530452 -0.847715 0.0446811 0.103392 0.00818258 -0.000796307 -0.0141769 0.0591615 0.112532 0.00502852 0.0080349 -0.000796307 -0.0141769 0.0591615
69.44 0.972061 1.67292 3.55705 1.19251 0.00111982 -0.00251631 -0.549646 -0.835393 0.0274345 0.0632257 0.00194231 0.000738347 0.00215049 0.0871882 0.0702247 9.68853e-05 0.00322561 0.000767984 0.00259063 0.0871764
70.006 0.985602 1.68717 3.59478 1.20366 0.00137616 -0.00260764 -0.574712 -0.81835 0.0223212 0.0526864 -0.0108028 0.000811831 -0.000192655 0.136512 0.0571971 -0.00312205 -0.010466 0.000811831 -0.000192655 0.136512
70.514 0.999364 1.69946 3.61739 1.19763 0.00119625 -0.00274398 -0.602154 -0.798375 0.0210687 0.0460299 -0.00617908 0.000303514 0.000117935 0.148068 0.0500827 -0.00761615 -0.00587698 0.000303514 0.000117935 0.148068
71.15 1.01503 1.71134 3.64463 1.18943 0.000992278 -0.00272661 -0.635714 -0.771919 0.0191044 0.040955 0.00232221 0.000347502 -0.000508559 0.13281 0.0438446 -0.0108929 0.00258321 0.000347502 -0.000508559 0.13281
71.792 1.02802 1.72232 3.67128 1.19746 0.000968764 -0.00253641 -0.665395 -0.746486 0.016825 0.0366117 -0.00354452 -0.00106168 -0.000529569 0.123645 0.0383147 -0.0125293 -0.00332591 -0.00106168 -0.000529569 0.123645
72.332 1.03729 1.72945 3.69451 1.20471 0.000660472 -0.00253018 -0.691078 -0.722776 0.0142594 0.0342467 -0.011896 0.000153262 -0.000499336 0.13459 0.0349053 -0.0127402 -0.0117042 0.000153262 -0.000499336 0.13459
73.762 1.06684 1.75085 3.74211 1.19981 0.000478644 -0.0023546 -0.747033 -0.664783 0.0122372 0.0259277 -0.00670332 -0.000397333 1.85691e-05 0.0977284 0.0246163 -0.015302 -0.00618077 -0.000810458 1.95206e-06 0.0977201
75.232 1.09172 1.76664 3.79222 1.19166 0.012005 -0.00934231 -0.786573 -0.61731 -0.00160393 0.0490052 0.0117939 -0.00149247 0.0397258 0.0631452 0.0476012 -0.0100911 0.0132468 -0.00149247 0.0397258 0.0631452
75.76 1.09952 1.76248 3.84537 1.19808 0.00958776 -0.00781583 -0.794934 -0.60657 -0.0244582 0.10943 0.00871015 -0.000677766 -0.0057412 0.0402308 0.109798 -0.00542385 0.0118048 -0.000448175 -0.00636052 0.0408926
76.294 1.10959 1.75345 3.91104 1.19103 0.00938085 -0.00755933 -0.800658 -0.599 -0.0312873 0.127447 0.00996284 -0.000779156 -0.000696805 0.0312504 0.12994 -0.00574577 0.013011 -0.000857123 -0.000803889 0.0317521
76.852 1.12348 1.74026 3.98646 1.20243 0.00980909 -0.00679936 -0.805659 -0.59226 -0.0368284 0.134246 0.00420813 -0.000125846 0.000117692 0.0313989 0.13898 -0.00490606 0.00752301 -0.000125846 0.000117692 0.0313989
77.418 1.13328 1.71388 4.07455 1.2217 0.0103091 -0.00744716 -0.811673 -0.583974 -0.0447724 0.140167 0.00314037 0.000118906 -0.000127215 0.0356661 0.146435 -0.0021613 0.00688635 0.000140668 3.03005e-06 0.0357108
78.958 1.1932 1.62282 4.3331 1.23358 0.0110813 -0.00882109 -0.827213 -0.56171 -0.0570456 0.159679 -0.00145799 -0.00136901 -9.34697e-05 0.0177332 0.169435 -0.0058701 0.00334129 -0.00136901 -9.34697e-05 0.0177332
79.614 1.23488 1.5787 4.45315 1.23829 0.0122691 -0.00921466 -0.828928 -0.559144 -0.0618261 0.17537 -0.0013046 -0.000637188 -0.000862269 0.0025787 0.185195 -0.0083396 0.00444969 -0.000527157 -0.00123774 0.0027383
80.288 1.23885 1.52557 4.59271 1.23759 0.0188437 -0.0134261 -0.82948 -0.558057 -0.0858556 0.2295 -0.00263481 0.000470526 -0.0155199 0.00280829 0.242083 -0.00694442 0.00880298 0.000349348 -0.018745 0.00290158
80.932 1.22889 1.45936 4.76119 1.22565 0.0181657 -0.0118204 -0.83068 -0.556329 -0.100126 0.248223 0.00712867 0.00112969 0.00159389 0.00981099 0.266342 -0.00215849 0.0183598 0.00144407 0.00194387 0.00897724
81.548 1.22662 1.39496 4.91937 1.2243 0.0185057 -0.0122797 -0.832985 -0.552849 -0.106882 0.25686 0.00708465 0.000186467 0.00142881 0.0135303 0.277088 -0.00134303 0.0197159 2.95662e-05 0.00135839 0.0135994
82.088 1.21831 1.32913 5.07429 1.21613 0.0184589 -0.0137646 -0.834287 -0.550849 -0.106904 0.269589 0.00359076 -0.00151507 -0.000395455 -0.00107493 0.28944 -0.00755917 0.0169326 -0.00151507 -0.000395455 -0.00107493
82.654 1.21948 1.2641 5.23657 1.21959 0.0191529 -0.0136123 -0.833798 -0.55157 -0.108419 0.278823 0.000707738 -0.00214692 0.00164868 -0.00644943 0.298653 -0.00928672 0.0147621 -0.00214692 0.00164868 -0.00644943
83.206 1.21709 1.19725 5.40634 1.21765 0.0194891 -0.0136294 -0.833173 -0.552502 -0.112693 0.287111 0.00128768 2.23154e-05 0.00100356 -0.00298106 0.307402 -0.007995 0.0159297 -2.47223e-05 0.00115603 -0.0031191
83.844 1.22127 1.11198 5.60671 1.21831 0.0197669 -0.0121797 -0.834159 -0.551036 -0.12374 0.285979 -6.39743e-05 0.00190104 0.00217722 0.0149207 0.310949 0.00128567 0.0146281 0.00199857 0.00283368 0.0139818
85.262 1.21987 0.919112 6.03605 1.21821 0.020305 -0.0131676 -0.840224 -0.5417 -0.133865 0.299679 0.000692073 -0.000627783 0.000372407 0.0109182 0.327796 -0.00177145 0.0165729 -0.000627783 0.000372407 0.0109182
85.916 1.2126 0.825243 6.24472 1.20969 0.0209835 -0.0135694 -0.841916 -0.539029 -0.137585 0.30577 0.00323317 -0.000838713 0.0131119 0.00906118 0.334705 -0.00301635 0.0199811 -0.000838713 0.0131119 0.00906118
87.388 1.20848 0.612576 6.69738 1.20662 0.0173133 -0.0108349 -0.846832 -0.531469 -0.136344 0.288512 0.000640208 -7.18953e-05 -0.00547096 0.0132915 0.318802 -0.00268002 0.0136713 -7.18953e-05 -0.00547096 0.0132915
87.998 1.20924 0.525549 6.87691 1.21083 0.0158321 -0.0100179 -0.848902 -0.528218 -0.129655 0.27242 0.00080835 0.000628011 -0.00503736 0.0112233 0.302451 -0.00398327 0.0121783 0.000751015 -0.00511428 0.0113495
88.722 1.22093 0.431493 7.06732 1.221 0.0131184 -0.00996992 -0.848431 -0.52905 -0.111094 0.254366 -0.00721979 -0.00415224 -0.00183471 -0.0206862 0.278442 -0.0121401 0.00603001 -0.00247499 -0.00374141 -0.0193215
89.404 1.20146 0.361027 7.22325 1.19687 0.0122864 -0.00862864 -0.844697 -0.535035 -0.102365 0.236616 -0.00350345 -0.000192395 -0.00421289 -0.0198313 0.257656 -0.00856907 0.00423779 -0.000192395 -0.00421289 -0.0198313
90.898 1.19047 0.232263 7.53445 1.18961 0.0100494 -0.00644124 -0.842826 -0.538054 -0.0826183 0.192872 -0.0315763 -0.000378917 -0.00431945 0.00127131 0.211386 -0.00632099 -0.0273623 -0.000594584 -0.00453118 0.00120747
92.398 1.14598 0.136158 7.7551 1.1461 0.00675524 -0.00417385 -0.844646 -0.535266 -0.0576685 0.137431 -0.0159728 -9.44573e-05 -0.00250545 0.00824051 0.149132 -0.00652428 -0.0136075 -9.44573e-05 -0.00250545 0.00824051
93 1.11554 0.103947 7.8316 1.0976 0.0175688 -0.00934789 -0.845863 -0.533028 -0.0776045 0.167626 -0.107675 0.00172171 -0.049821 0.00522289 0.18487 -0.00258014 -0.104543 0.00164178 -0.0439527 0.0056243
93.596 1.05984 0.0571823 7.91998 1.04978 0.0091319 -0.00452241 -0.846093 -0.532938 -0.083835 0.168481 -0.0555057 0.00129626 -0.0224075 -0.00225164 0.190769 0.00279583 -0.0538006 0.00134868 -0.0226149 -0.00218636
95.024 0.989541 -0.0320078 8.07772 0.991873 0.000436818 0.000243329 -0.845376 -0.534172 -0.0341912 0.0708662 0.0137707 0.000581351 -0.00723387 -0.000274273 0.081439 0.000669862 0.014352 0.000618953 -0.00738004 -0.000281711
95.614 1.00259 -0.046243 8.10279 1.00281 -0.000820689 0.00106729 -0.845283 -0.534317 -0.0173104 0.039447 0.00116747 0.00018957 -0.00407411 -0.000193679 0.0430616 -0.00128767 0.00105742 0.00018957 -0.00407411 -0.000193679
96.252 0.993136 -0.0534075 8.10972 0.991616 -0.00149095 0.00122824 -0.845265 -0.534344 -0.00545552 0.0167907 0.0113087 -3.61563e-05 -0.00152307 -0.000730391 0.0175509 -0.00227968 0.0112404 -3.61563e-05 -0.00152307 -0.000730391
96.826 0.966925 -0.0558076 8.10617 0.964405 -0.00190069 0.00133851 -0.845115 -0.534579 0.000938666 0.00408604 0.0391107 0.00145584 0.000281792 -0.00036916 0.00408506 -0.00256807 0.0381298 0.0014287 6.49877e-05 -0.000406427
97.436 0.976256 -0.0555574 8.09696 0.983799 -0.00206552 0.00109171 -0.84506 -0.534667 0.00479969 -0.00195804 0.025409 0.00105036 -0.000145033 0.00104082 -0.0037065 -0.00348948 0.0254278 0.00105036 -0.000145033 0.00104082
98.046 0.994199 -0.050909 8.08144 0.994618 -0.00199506 0.000773913 -0.845245 -0.534374 0.00790564 -0.00566992 0.00859854 -5.17364e-06 0.00171743 -0.00107361 -0.00847639 -0.00470278 0.00863809 -5.17364e-06 0.00171743 -0.00107361
98.796 0.980663 -0.0343929 8.05859 0.986731 -0.000973184 0.000454009 -0.845172 -0.534494 0.0101134 -0.00505715 0.018051 -0.00273724 0.00302819 -0.0010414 -0.00911567 -0.00690729 0.0196054 -0.00261991 0.00303996 -0.00101017
