48.94 0.821094 -0.00912829 0.0402894 0.620825 0.000110864 0.000324379 -0.598535 -0.801097 0.00415552 -0.00221801 -0.0154199 -0.000435008 0.00127528 0.124039
49.762 0.823256 -0.0128619 0.0389079 0.621355 1.67813e-05 -7.04473e-06 -0.631198 -0.775622 0.00277362 0.0011548 -0.0188282 0.00184095 -0.000314325 0.0813706
50.218 0.812026 -0.016168 0.0374056 0.609046 -6.5534e-05 -0.000220016 -0.644475 -0.764625 0.0030895 0.000633385 -0.0097361 0.00051609 0.00130213 0.0669296
50.672 0.802251 -0.0178577 0.0348692 0.601119 0.000160805 -0.000427439 -0.658134 -0.7529 0.00393952 0.00071476 0.00338879 0.000210493 0.000755617 0.0783692
51.26 0.800931 -0.0191745 0.0311889 0.600369 0.000489145 -0.000612896 -0.675338 -0.737508 0.00432857 0.00110348 0.00452044 -0.00213502 0.00121385 0.103184
51.684 0.802557 -0.0201023 0.0321604 0.602227 0.00036736 -0.00079371 -0.695773 -0.718261 0.00378993 0.00279402 0.00275077 0.0014607 -0.000632141 0.132617
52.132 0.805188 -0.0201638 0.0479863 0.604446 0.0171083 -0.0175247 -0.712946 -0.700791 0.00223538 0.0930968 0.0170624 0.0044832 -0.038058 0.0656999
52.696 0.806363 -0.021738 0.117613 0.606285 0.0117213 -0.0131148 -0.717498 -0.696338 0.0027088 0.162722 0.0150935 0.00924485 -0.0105259 -0.00757518
53.202 0.818439 -0.02309 0.207731 0.618634 0.0113356 -0.0127394 -0.714481 -0.699447 0.00613383 0.184474 0.0141721 -0.00111803 0.00043167 -0.0284222
53.696 0.828667 -0.0246031 0.304344 0.628136 -0.00466438 0.00571318 -0.71177 -0.702374 0.0031549 0.151891 -0.00504087 -0.00495412 -0.133322 0.0115599
54.394 0.824269 -0.0283846 0.373715 0.621296 -0.00467245 0.00456067 -0.730232 -0.683168 -0.000618569 0.00831397 0.000529102 0.000188016 -0.000765678 0.104416
55.02 0.810016 -0.031601 0.379155 0.608828 -0.00419627 0.00420527 -0.750723 -0.66059 0.000708962 -0.028979 0.014116 0.00112552 0.00195662 0.0934616
55.55 0.808128 -0.033656 0.364134 0.608051 -0.00392238 0.00366585 -0.765015 -0.64399 0.00270209 -0.0398715 0.0166606 0.00430194 0.00477766 0.0663626
56.14 0.815646 -0.0311545 0.336273 0.615792 -0.00394093 0.00152454 -0.751901 -0.659262 0.012933 -0.0384408 0.00860421 -0.00453109 0.00476316 -0.210837
56.714 0.815814 -0.0213115 0.306523 0.614015 -0.00222561 0.00188231 -0.702268 -0.711907 0.0142562 -0.0304786 0.00801459 -0.00531169 0.00309563 -0.268457
57.218 0.817478 -0.0180144 0.283164 0.617038 -0.00121113 0.0015725 -0.659176 -0.751987 0.00663019 -0.0228513 0.0078227 -0.000209467 0.00319125 -0.221146
57.796 0.822016 -0.0184792 0.263648 0.621592 -0.000888794 0.00111682 -0.617724 -0.786394 0.000998062 -0.0120533 0.00261317 -0.000488878 0.00178482 -0.167648
58.336 0.824659 -0.0182564 0.246019 0.624086 -0.000138857 0.000674677 -0.588242 -0.808685 -0.000404721 -0.00624035 -0.000335086 -0.00212896 0.00296415 -0.123146
58.96 0.830591 -0.0185891 0.23348 0.631591 0.000252098 0.000631827 -0.563283 -0.826264 -0.00204577 0.0011911 -0.00482718 0.000356746 0.00255952 -0.0838509
60.108 0.837296 -0.0262925 0.217535 0.636767 0.00111241 -0.000790758 -0.52343 -0.852068 -0.00151836 0.00797255 -0.0110245 0.0202925 0.0687636 -0.0803981
61.194 0.813171 0.0282309 0.296942 0.610161 0.00721835 -0.0153722 -0.498229 -0.866879 0.0985593 0.13765 -0.0196473 0.000119363 -0.000193496 -0.0381874
61.748 0.795399 0.0809019 0.376544 0.593487 0.00742379 -0.0150619 -0.489774 -0.871688 0.109061 0.152172 -0.0202224 0.000297127 0.0037315 -0.0277478
62.306 0.785467 0.144813 0.469311 0.583695 0.00880403 -0.0151555 -0.483691 -0.875064 0.115564 0.161387 -0.0235157 -0.0178608 0.0128881 -0.0176897
62.87 0.775358 0.210019 0.569357 0.573145 0.00941864 -0.0155584 -0.481856 -0.876062 0.114453 0.174607 -0.0233712 0.00117792 0.00244116 0.00506332
63.48 0.76136 0.285812 0.694453 0.564609 0.0102769 -0.0143482 -0.484469 -0.87463 0.109598 0.183081 -0.0226695 0.00293925 0.00437973 0.0237935
64.12 0.68491 0.360896 0.830077 0.534662 0.0100181 -0.0152557 -0.491071 -0.870928 0.108976 0.189796 -0.0223016 0.000502134 0.00393303 0.0299717
64.688 0.620826 0.427554 0.955373 0.508686 0.00914585 -0.014134 -0.496842 -0.867678 0.108272 0.188713 -0.0177242 -0.00076468 0.00606069 0.0227579
65.27 0.600856 0.496487 1.08747 0.499639 0.00887049 -0.013096 -0.501608 -0.86495 0.103738 0.184567 -0.00304159 0.00038149 0.00616754 0.0210149
66.544 0.67831 0.627195 1.36762 0.519855 0.0091927 -0.0121232 -0.511919 -0.858899 0.0991782 0.19249 0.0330444 -0.00517563 -0.00589305 0.0228351
67.134 0.740963 0.683132 1.5048 0.51334 0.0100572 -0.0141102 -0.518638 -0.854819 0.0977065 0.209139 0.0387918 0.0012185 -0.00424434 0.0344969
67.75 0.832113 0.745694 1.64906 0.521774 0.00795889 -0.0170852 -0.523911 -0.851564 0.11831 0.221456 0.00599627 -0.00515497 -0.00467438 -0.00555932
69.044 0.676023 0.895241 1.94348 0.516112 0.0125968 -0.0162016 -0.52137 -0.853084 0.114615 0.251394 -0.0429527 0.00309722 0.00232686 0.0347666
69.68 0.598925 0.959207 2.10056 0.48149 0.0100013 -0.0139106 -0.531117 -0.847126 0.104625 0.239182 -0.0399383 0.00232344 0.012125 0.038786
70.272 0.505532 1.01803 2.24965 0.457373 0.00923228 -0.0134095 -0.539139 -0.842059 0.0999453 0.226118 -0.0383156 -0.00127506 0.00538645 0.0260843
70.812 0.461614 1.06279 2.36012 0.526438 -0.00385891 0.00373133 -0.538447 -0.842643 0.0752234 0.158458 0.19205 0.000820679 -0.00283511 -0.0641999
71.478 0.446792 1.09335 2.43044 0.611111 -0.00384762 0.0035327 -0.500647 -0.865636 0.0369162 0.0574324 0.100889 0.00428117 -0.00400864 -0.216374
72.194 0.444599 1.0999 2.44516 0.668886 -0.00429182 0.0036331 -0.409931 -0.912099 0.0151683 0.00421724 0.0384271 0.00113558 0.000284312 -0.309734
73.61 0.453037 1.08309 2.39357 0.689846 -0.00374565 0.00231916 -0.203546 -0.979056 0.00126046 -0.0161155 0.0117872 -0.00331272 -1.51759e-05 -0.264697
74.308 0.462621 1.06915 2.35693 0.704144 -0.00262149 0.00168835 -0.128129 -0.991753 -0.00114016 -0.00842192 -0.00236878 -0.00311751 0.00321797 -0.189742
75.02 0.468415 1.05031 2.32288 0.701367 -0.00145486 0.000604901 -0.0728511 -0.997342 -0.000448973 0.00124705 -0.00044205 -0.00462411 0.00324744 -0.139328
75.688 0.475156 1.0413 2.29737 0.729859 0.00050663 -0.013637 -0.0414913 -0.999046 0.0484866 0.0172347 0.0610812 0.00253474 -0.0111573 -0.0602046
76.42 0.511998 1.08426 2.28134 0.773276 0.000178642 -0.00504491 -0.0245374 -0.999686 0.098879 0.0213556 0.0022338 -0.0163156 -0.139767 -0.0355661
77.194 0.553087 1.12167 2.27185 0.783716 0.000926296 0.00277761 -0.00278089 -0.999992 0.0139488 0.0234054 -0.0141215 -0.00119495 0.00294498 -0.0638956
77.958 0.562754 1.13338 2.26351 0.785536 0.00217142 -0.0160519 0.0184119 -0.999699 0.0795562 0.0151974 -0.0173224 -0.00602758 -0.0324722 -0.024482
78.692 0.610247 1.1861 2.25957 0.782269 0.00110134 0.00321889 0.00090464 -0.999994 0.0345423 0.0169073 0.00140615 0.00187749 0.0180972 0.133969
79.432 0.628731 1.20379 2.25681 0.764394 0.00128648 0.00212464 -0.0514609 -0.998672 -0.00630067 0.0123417 0.0191893 0.000110625 0.000200567 0.146302
80.18 0.62708 1.20176 2.25975 0.773754 0.00199663 0.00172272 -0.103243 -0.994653 -0.0210838 0.0125217 0.0141957 0.00224708 0.00114751 0.209811
80.952 0.615076 1.19233 2.27006 0.770744 0.00102615 0.0013063 -0.198807 -0.980037 -0.0245064 0.00951821 0.0134124 0.00372109 -0.000826403 0.27487
82.558 0.591217 1.17501 2.28624 0.793331 -0.000319074 0.000973269 -0.350044 -0.936733 -0.0208282 -0.00726054 -0.00506627 0.000425424 0.000888709 0.126211
83.22 0.585907 1.16872 2.28651 0.797465 -0.00034513 0.000852461 -0.380038 -0.92497 -0.0177073 -0.0100698 -0.0123418 0.00014123 -0.000212787 0.0817737
84.796 0.599306 1.23389 2.35659 0.827985 0.00365783 -0.0122664 -0.393045 -0.91943 0.0911465 0.0837933 -0.0023187 -0.00110575 9.95529e-05 -0.0341699
86.306 0.71201 1.40916 2.51504 0.794739 -0.00192677 0.0059889 -0.378328 -0.92565 0.0488778 0.0471772 0.00380572 0.00261639 0.018623 0.0331509
87.066 0.747335 1.44483 2.55107 0.802378 0.0117243 -0.0204303 -0.397141 -0.917455 0.0292804 0.0454216 -0.0203786 0.00394252 0.0652538 0.0636357
87.924 0.805518 1.51024 2.63428 0.791668 -0.00231472 0.00570496 -0.435275 -0.900277 0.0393952 0.0580561 0.00821576 0.00282767 0.0233971 0.234061
88.728 0.826279 1.52652 2.65968 0.790197 -0.00178384 0.00423156 -0.540227 -0.841507 0.000890209 0.0032393 0.0082275 -0.000797133 -2.5418e-05 0.288931
89.586 0.824248 1.52141 2.64652 0.801489 -0.000884007 0.00411236 -0.618648 -0.785657 -0.00553049 -0.0106598 -0.00228229 0.000443006 0.00231341 0.204799
90.332 0.807427 1.50203 2.61902 0.791093 -0.000387504 0.00294835 -0.668744 -0.743487 -0.00293162 -0.0104114 0.00454845 0.0019933 0.00546716 0.15029
91.91 0.770421 1.46252 2.57166 0.802722 0.000174071 0.000484382 -0.730532 -0.682879 0.0125139 0.00673748 -0.00703493 0.00356003 0.00159499 0.0768733
93.424 0.72168 1.4141 2.61956 0.81771 0.0135013 -0.00840188 -0.759068 -0.650818 -0.0270905 0.148223 0.0087785 0.00248687 0.00211454 0.0424006
94.308 0.664807 1.3522 2.74279 0.828531 0.0126853 -0.00850305 -0.768515 -0.639649 -0.0390214 0.1685 0.00829291 0.000359787 0.00307241 0.0267241
95.176 0.608573 1.2861 2.89877 0.823601 0.0121503 -0.0087565 -0.774838 -0.631982 -0.0448201 0.174361 0.00731639 0.00114304 0.00202376 0.0171206
95.996 0.600515 1.22853 3.05166 0.824545 0.0116167 -0.00883252 -0.778581 -0.627374 -0.0473311 0.174227 0.00719635 0.00083633 0.00273623 0.0117917
96.778 0.635122 1.17521 3.20573 0.833446 0.00952437 -0.0104801 -0.777741 -0.628425 -0.0359191 0.176791 0.00379119 -0.00235636 0.00365308 -0.0330302
97.592 0.713513 1.13204 3.36502 0.833965 0.0131889 -0.00955549 -0.769719 -0.638174 -0.0465828 0.190211 0.00858307 0.00480417 -0.00258401 -0.00998823
98.41 0.836628 1.08788 3.54113 0.848477 0.0141246 -0.011393 -0.772395 -0.634884 -0.0579954 0.212834 0.00745206 0.000549982 0.000160078 0.017883
99.32 0.941916 1.03057 3.77549 0.840582 0.0166157 -0.0135181 -0.777033 -0.629096 -0.0664018 0.249867 0.0120649 0.000388868 0.00048873 0.0105303
100.16 0.955077 0.971575 4.01434 0.849503 0.0179413 -0.0147093 -0.779531 -0.625934 -0.0724979 0.277657 0.00987006 -0.000322772 -0.000666085 0.00666483
101.064 0.954776 0.902222 4.29571 0.848674 0.0182837 -0.0150722 -0.78144 -0.62353 -0.0757053 0.29279 0.0135077 3.43002e-05 0.00107109 0.00491008
101.89 0.997388 0.834707 4.56967 0.872137 0.0185648 -0.0153527 -0.782669 -0.621971 -0.0778255 0.30602 0.01096 -0.000440497 -7.04987e-05 0.00286153
103.416 1.02358 0.712348 5.06243 0.902236 0.0191687 -0.0159298 -0.784028 -0.620225 -0.081154 0.321877 0.0121369 0.000459745 0.000453729 0.00194887
104.308 1.01071 0.634461 5.3808 0.907625 0.0193258 -0.0159698 -0.784509 -0.619611 -0.0819889 0.333221 0.0123949 -0.000306355 0.000168033 0.000887326
105.232 1.03653 0.560528 5.69626 0.936787 0.0196737 -0.0161152 -0.78498 -0.618999 -0.0823101 0.340181 0.0113578 0.000323451 0.000608069 0.000283391
106.912 1.04669 0.408481 6.29069 0.936742 0.0189991 -0.0156565 -0.785231 -0.618713 -0.0853886 0.351131 0.00976865 -0.000342362 -0.011708 0.000807289
108.578 1.06927 0.26608 6.8569 0.965499 0.0143443 -0.0120841 -0.785433 -0.618663 -0.0731783 0.305394 0.00856293 -0.00117344 -0.00618379 -0.00229759
109.61 1.0888 0.196763 7.14281 0.983461 0.0121535 -0.0103776 -0.784938 -0.619368 -0.0634059 0.2685 0.00795786 -0.000574478 -0.00511615 -0.00132617
110.596 1.10672 0.141564 7.38448 1.00424 0.010224 -0.0086904 -0.784545 -0.619926 -0.0536239 0.234441 0.00358069 -0.000559772 -0.00450138 -0.00292556
112.31 1.12499 0.0605003 7.71542 1.01623 0.00722553 -0.00623015 -0.783409 -0.621433 -0.040864 0.179305 0.000757714 -6.88394e-05 0.00137412 -0.00229398
113.312 1.1276 0.0192788 7.8992 1.0207 0.00823096 -0.00722701 -0.783145 -0.621742 -0.04565 0.211953 -0.0188328 -0.000201166 -0.0241068 0.000858358
114.382 1.13145 -0.0149294 8.06408 1.02056 0.00137171 -0.00137717 -0.783345 -0.621585 -0.0232637 0.113648 -0.0183734 5.97217e-05 -0.00995685 0.000515778
115.51 1.09255 -0.0291519 8.13843 0.982133 -0.00148566 0.00118494 -0.783408 -0.621504 -0.00478254 0.031725 0.020882 -0.000526695 -0.00281102 0.000705147
116.508 1.1085 -0.0323694 8.14296 1.00291 -0.00210281 0.00157454 -0.783447 -0.621453 0.0017632 -0.00452526 0.00092686 0.000819899 -0.000600562 0.000456381
117.518 1.10412 -0.0318921 8.12097 0.991778 -0.00202546 0.00109705 -0.783524 -0.621357 0.00639733 -0.0190173 0.00887568 2.57833e-05 0.000772321 -0.000132579
118.518 1.09999 -0.0271115 8.10097 0.989413 -0.00201973 0.00112114 -0.783521 -0.621361 0.00722413 -0.0207747 0.0135095 0.000464759 0.000515786 0.000345374
119.62 1.09048 -0.0201931 8.07431 0.981079 -0.00154687 0.000703238 -0.783493 -0.621398 0.00644027 -0.0205991 0.0244883 9.64892e-05 0.0014716 4.71036e-05
120.768 1.11525 -0.0126114 8.05232 1.00852 -0.00111432 0.000460118 -0.783471 -0.621427 0.00508611 -0.0173058 -0.00432944 -0.000510679 0.0022169 0.000164974
121.812 1.13043 -0.00329709 8.0375 1.02005 -0.000487503 0.000377627 -0.783595 -0.621272 0.00317808 -0.0139793 -0.0204995 -0.00144226 0.00101862 -0.000178851
122.946 1.11844 -0.000199119 8.03004 1.00861 -0.000463881 0.000452343 -0.783409 -0.621506 -0.000117658 -0.0110874 -0.00756899 -0.000133207 6.46016e-05 0.000587891
124.808 1.12912 0.00337593 8.01689 1.01851 4.79904e-05 0.000295824 -0.78343 -0.62148 -0.00131685 -0.00934452 -0.0193168 0.000240674 -3.88071e-05 0.00075038
125.896 1.13137 4.14899e-05 8.01365 1.01597 -2.61359e-05 0.000154743 -0.783488 -0.621407 -0.000668737 -0.00877952 -0.0203123 0.000411725 0.000235126 0.000378559
