59.912 0.551678 1.16485 -0.00746284 0.459728 -0.000136839 -0.00699951 0.00990084 -0.999927 0.106497 -0.0018001 0.100452 0.00100569 -0.00191797 -0.000342791
60.382 0.598243 1.21646 -0.00619213 0.502307 -0.000307435 -0.00763624 0.00990434 -0.999922 0.108935 0.000303327 0.10649 0.00119779 0.00218735 0.000500629
60.832 0.644979 1.26638 -0.00809237 0.555408 -0.000284031 -0.00875477 0.0102446 -0.999909 0.114448 -0.00110637 0.110084 -0.000550238 -0.00065476 0.001346
61.33 0.707612 1.31708 -0.00951159 0.61459 -0.000307538 -0.00947079 0.00993313 -0.999906 0.119156 -0.00108679 0.11848 0.000217655 -0.000154237 0.00135928
61.888 0.73475 1.38114 -0.0115291 0.631839 -0.000545067 0.0036015 0.0132749 -0.999905 0.0885124 -0.00173814 -0.00541107 0.000457053 -0.0134877 -0.0494711
62.43 0.728435 1.41717 -0.0139664 0.627694 -0.000174678 0.00302721 0.0354415 -0.999367 0.0322533 -0.000959533 0.00943846 -0.00133946 0.0115834 -0.0983596
62.974 0.748312 1.44626 -0.0185539 0.650405 0.000702825 -0.0153364 0.0511175 -0.998575 0.102116 -0.00227473 0.0330256 0.00185771 -0.0390727 -0.0197321
63.542 0.770889 1.51169 -0.0228165 0.671146 0.00027915 -0.0126191 0.0482994 -0.998753 0.13762 -0.00255877 0.0328545 0.00114247 -0.00262696 0.0278673
64.058 0.777261 1.58692 -0.0261326 0.67751 0.000213796 -0.013014 0.0414794 -0.999055 0.150546 -0.00406252 0.0191983 -0.000314734 -0.00035184 0.0284524
64.59 0.786267 1.671 -0.0301792 0.68814 0.000195069 -0.0132275 0.0353743 -0.999287 0.15804 -0.00481759 0.0199995 -3.33805e-05 0.00121164 0.0235953
65.118 0.780381 1.76221 -0.0319881 0.679229 0.000323816 -0.0136106 0.0304284 -0.999444 0.164246 -0.00388262 0.00977267 -0.00065766 -0.000494945 0.0193793
65.66 0.79477 1.85942 -0.0330201 0.696426 0.000187719 -0.013908 0.025622 -0.999575 0.167392 -0.00238174 0.0103558 0.000255961 0.00150573 0.0182399
66.2 0.801925 1.96417 -0.0339266 0.702897 5.12407e-05 -0.0145675 0.0211406 -0.99967 0.173138 -0.00214588 0.0103303 -0.000177086 0.000164241 0.0146197
66.73 0.804834 2.06748 -0.0330328 0.704514 -3.33355e-05 -0.0148792 0.0181273 -0.999725 0.179185 -0.00121404 0.0101032 0.000471365 -0.000544004 0.0109131
67.452 0.809853 2.22106 -0.0313422 0.706206 0.000422049 -0.0147255 0.0128526 -0.999809 0.185043 0.00353865 0.00344628 0.000832664 0.000172754 0.0197422
67.966 0.811071 2.33425 -0.0325322 0.711811 -0.00024868 -0.0152974 0.00794586 -0.999851 0.190905 0.00265168 0.00416869 0.00502157 0.0047228 0.0187079
68.52 0.827077 2.45573 -0.0321897 0.728665 -0.000328485 -0.0155449 0.00501522 -0.999867 0.198076 -0.000553924 0.00399355 -0.000727934 -0.000425521 0.0031148
69.01 0.818376 2.56399 -0.0312612 0.717652 -0.000366789 -0.0158186 0.00452956 -0.999865 0.203301 -0.000889546 0.00402831 0.00116965 -0.00100165 -0.00215511
69.5 0.81835 2.66945 -0.0308518 0.720237 -0.000350653 -0.0157117 0.00509926 -0.999864 0.206159 -0.00145039 0.00496624 9.08223e-05 0.000708744 -0.00479416
70.346 0.820799 2.85995 -0.0289247 0.722364 -0.000718756 -0.0155335 0.00662725 -0.999857 0.212856 -0.00264467 0.0109305 -0.000762821 -0.000338773 -0.0067412
70.87 0.818896 2.97997 -0.0297805 0.718335 -0.000617268 -0.0156159 0.00850915 -0.999842 0.21586 -0.00328704 0.0104242 0.000281912 0.00019479 -0.00814024
71.414 0.824377 3.10255 -0.0307284 0.725886 -0.00071124 -0.0157222 0.0106371 -0.99982 0.217707 -0.0034232 0.00479161 0.000149043 0.00048531 -0.00751934
71.982 0.829298 3.23213 -0.0331644 0.728586 -0.000719682 -0.0159254 0.0125181 -0.999795 0.220576 -0.00378791 0.00467264 0.000253263 0.000452201 -0.00594715
72.612 0.836041 3.37146 -0.0351863 0.737486 -0.000484731 -0.0160988 0.0132627 -0.999782 0.225576 -0.00206366 0.00477945 0.000754544 -0.000929597 -0.000505626
73.224 0.84432 3.50502 -0.0383888 0.743871 -0.000563939 -0.0161927 0.012897 -0.999786 0.228928 -0.00184555 0.00572291 0.000368016 -0.000259717 0.0013212
73.802 0.867293 3.64307 -0.0434551 0.770481 -0.000628044 -0.0163054 0.0122128 -0.999792 0.233229 -0.00322286 0.0179137 -0.000400256 -0.000269793 -0.00073393
74.34 0.888036 3.77032 -0.0471274 0.7903 -0.000637438 -0.0167507 0.0122902 -0.999784 0.237213 -0.00356703 0.0183873 1.22044e-05 -0.00109908 -0.000977305
75.442 0.76214 4.02319 -0.0568974 0.818467 -0.000972419 -0.0169321 0.0152826 -0.999739 0.241369 -0.00703913 0.0261904 0.000396191 0.000671487 -0.00940504
75.99 0.676063 4.14989 -0.0614123 0.837188 -0.000472649 -0.0147494 0.0168564 -0.999749 0.233124 -0.00501286 0.00964522 0.000898943 0.00484032 -0.00202134
76.54 0.602645 4.26611 -0.0668047 0.857323 -0.000589863 -0.0135384 0.0163855 -0.999774 0.222214 -0.00429618 0.00887109 -0.000104338 0.00340181 0.00158849
77.532 0.520048 4.44527 -0.0770252 0.886906 -0.000448094 0.00264887 0.0228297 -0.999736 0.113671 -0.00328988 -0.014174 -0.00172199 0.0041323 -0.0546566
78.05 0.508062 4.48656 -0.0803996 0.893452 -0.00221944 -0.0136237 0.0385982 -0.99916 0.0861975 -0.00556 -0.0202613 0.00274802 0.112211 -0.0678197
78.582 0.500425 4.53992 -0.0884068 0.87069 7.40346e-05 -0.00456917 0.053458 -0.99856 0.135839 -0.0136176 0.00880538 -0.0168505 -0.108644 -0.0357291
79.06 0.498447 4.57942 -0.0933084 0.852099 0.000391268 9.83989e-05 0.0489648 -0.9988 0.0891108 -0.00230905 0.0313341 0.00303602 -0.000728389 0.0607085
79.604 0.498924 4.60323 -0.097559 0.853834 0.000181014 0.00115327 0.0303172 -0.99954 0.0582173 -0.000611019 0.0344406 -0.00188456 -0.00313804 0.081992
80.196 0.500271 4.61574 -0.101514 0.867085 -0.000889266 -0.014294 0.00950226 -0.999852 0.0687718 -0.00225638 0.0197564 0.00588234 0.0475887 0.0466003
80.668 0.495543 4.64795 -0.106236 0.875346 -0.00077803 -0.0107676 0.005292 -0.999928 0.124373 -0.00964635 0.0164971 -0.00316494 -0.0136302 -0.000152497
81.246 0.491585 4.70477 -0.112336 0.893342 -0.000313489 -0.00947918 0.00845736 -0.999919 0.138516 -0.0108284 0.0155551 7.27579e-06 -0.00062058 -0.0169787
81.788 0.487367 4.76303 -0.114497 0.907794 0.000450125 0.00146587 0.0112715 -0.999935 0.11895 -0.00810526 -0.00511825 -0.00144729 -0.0494701 0.010397
82.286 0.48861 4.79449 -0.114669 0.907932 8.13989e-05 0.00137267 0.00199329 -0.999997 0.0611579 -0.00443202 -0.00418593 0.00134525 0.000659318 0.0587874
83.282 0.487506 4.84683 -0.112212 0.921949 -0.000632913 -0.00223036 -0.0268213 -0.999638 0.0928064 0.0025685 -0.00143634 0.0114049 -0.0839542 0.0318182
83.804 0.48936 4.87452 -0.11259 0.928304 -8.25798e-06 -0.00123418 -0.0223959 -0.999748 0.0481913 -0.00546799 0.0133132 -0.0160757 0.10068 -0.0530314
84.336 0.486169 4.90737 -0.110374 0.936867 0.00167147 -0.00993363 -0.0169631 -0.999805 0.0920149 0.00621411 0.0121434 0.00290919 -0.0133714 0.0204846
84.846 0.498446 4.95167 -0.103525 0.940826 0.00110254 -0.00908759 -0.0261424 -0.999616 0.104181 0.0101924 0.0124647 0.00106777 -0.000846263 0.0495958
85.37 0.515342 5.01245 -0.0932376 0.948133 8.61554e-05 -0.0090053 -0.0386205 -0.999213 0.110145 0.00938637 0.058541 -0.000456237 0.00140301 0.0336641
86.338 0.535967 5.1291 -0.0834033 0.992202 -0.000214462 -0.000527068 -0.0448398 -0.998994 0.101799 0.00523499 -0.00658585 0.00265093 -0.0782446 -0.0113231
87.296 0.577548 5.19381 -0.0764783 1.00494 -0.00096988 -0.0134947 -0.0220537 -0.999665 0.0544892 -0.00390963 0.0543276 -0.00196357 0.0124908 -0.0633606
88.228 0.639892 5.28499 -0.0726629 1.00515 0.00151645 -0.0105559 -0.00443338 -0.999933 0.114495 0.00543622 0.0329987 0.00371869 -0.00367858 0.00614223
88.792 0.684013 5.35754 -0.0674268 1.02163 0.000928419 -0.0118107 -0.0112952 -0.999866 0.127598 0.0100488 0.0136052 0.00124444 0.000775918 0.0334073
89.28 0.728427 5.4291 -0.0629592 1.04829 0.000882955 -0.0125115 -0.0185161 -0.99975 0.139917 0.0104385 0.013903 -0.000190686 -0.00206049 0.0283915
89.79 0.778216 5.50703 -0.057443 1.08667 0.000840273 -0.0124072 -0.0245633 -0.999621 0.148064 0.0110342 0.0682078 9.28546e-05 0.00172255 0.0213308
90.324 0.84618 5.60434 -0.0479777 1.13564 0.000406687 -0.013927 -0.0294681 -0.999469 0.159707 0.0122438 0.0631959 0.00553037 0.00398031 0.0132903
90.83 0.920884 5.69177 -0.0410414 1.17308 -0.00238917 -0.0136425 -0.0295453 -0.999467 0.16991 0.00224178 0.0382568 -0.00154331 -0.00476785 -0.022967
91.358 1.00676 5.79029 -0.0399389 1.20226 -0.00138436 -0.015364 -0.0188112 -0.999704 0.180056 -0.00745998 0.0424985 -0.00207457 -0.000651902 -0.0529368
91.874 1.09623 5.89576 -0.0414214 1.2251 0.000215103 -0.00478673 -0.00596606 -0.999971 0.183538 -0.00777894 -0.0076896 -0.0165431 -0.201473 -0.0513128
92.772 1.23527 6.05938 -0.0339906 1.284 0.000774289 -0.017166 0.0025007 -0.999849 0.193994 0.0152079 0.070655 0.0145638 3.70708e-07 0.0274369
93.568 1.23778 6.22442 -0.0293037 1.33392 -0.000502297 -0.0160867 -0.00580194 -0.999854 0.22221 0.00923588 0.0954747 0.0417383 -0.0317284 0.0150948
94.26 1.23119 6.371 -0.0309431 1.38945 -0.00235706 -0.0161557 0.00169245 -0.999865 0.204965 -0.0114601 0.0969628 -0.00375641 -0.00977428 -0.0490114
94.942 1.23929 6.51655 -0.0391255 1.41822 -0.000729679 -0.0160324 0.0183317 -0.999703 0.226197 -0.0122659 0.0981179 0.0017457 -0.00211332 -0.0359621
95.6 1.17806 6.65949 -0.0465071 1.4945 -0.0012275 -0.0147215 0.0258917 -0.999556 0.234623 -0.0113271 0.123002 0.000895798 0.00288329 -0.0197198
96.346 1.05113 6.81622 -0.0569968 1.58029 0.00205572 -0.0141379 0.0317101 -0.999395 0.234691 -0.00578611 0.117389 -0.00543742 -0.00320558 0.000871569
96.866 1.00196 6.92381 -0.0616212 1.61075 -0.00165185 -0.0179188 0.0273844 -0.999463 0.244046 -0.0035556 0.0359166 -0.000300077 -0.00692677 0.0166726
97.388 0.860503 7.03627 -0.0703375 1.62795 -0.00115822 -0.0169777 0.0260656 -0.999515 0.252048 -0.0104748 0.0341702 -0.000703755 0.0020167 -0.00401789
97.98 0.744023 7.16555 -0.0826535 1.60962 -0.000917554 -0.0148333 0.0282446 -0.999491 0.240014 -0.012748 0.016917 -0.00025121 0.0078152 -0.0102308
99.012 0.571227 7.37475 -0.110664 1.62806 -0.000136595 -0.0137999 0.0327893 -0.999367 0.214492 -0.0155121 0.0622086 -0.000763584 0.00368806 -0.0039532
99.672 0.502604 7.49417 -0.118579 1.6622 -0.000314669 -0.0118772 0.0330767 -0.999382 0.188455 -0.0106147 0.0464708 0.00112381 0.00568929 0.000973524
100.362 0.468389 7.61293 -0.126329 1.70656 -0.000270033 -0.006413 0.0329 -0.999438 0.168218 -0.0101639 -0.00633366 0.00267867 -0.111756 -0.00945888
100.936 0.445009 7.67827 -0.131235 1.71242 -0.000107199 0.00140933 0.0463408 -0.998925 0.0925356 -0.00666025 -0.0134588 -0.00229998 -0.000511278 -0.0894573
101.466 0.436011 7.71562 -0.133103 1.71548 -4.49634e-05 0.00276957 0.0726836 -0.997351 0.0451249 -0.00182981 -0.0195013 0.000646755 -0.00401399 -0.0952945
102.018 0.435506 7.72858 -0.138276 1.72018 0.000297059 -0.0151154 0.0938939 -0.995467 0.0508434 -0.00414066 -0.00920255 -0.00915968 0.0513187 -0.04348
102.602 0.421569 7.76632 -0.144629 1.71232 0.000403444 -0.0101964 0.0936916 -0.995549 0.112745 -0.00744831 -0.0121675 0.00186832 -0.00320775 0.0295304
103.122 0.416712 7.81168 -0.151272 1.71465 0.000740872 -0.00908712 0.0839202 -0.996431 0.119497 -0.00704111 -0.00659572 0.0011115 0.000324807 0.0481915
104.026 0.411109 7.90868 -0.157757 1.70674 -0.00131334 -0.00910314 0.0644825 -0.997877 0.121379 -0.0100146 -0.0160704 0.00213936 -0.000517206 0.0221528
104.566 0.415418 7.96832 -0.164212 1.70301 -0.000815561 -0.0089118 0.0654447 -0.997816 0.120259 -0.0160679 -0.0152979 -0.00138514 2.75426e-05 -0.0216024
105.142 0.449742 8.03855 -0.176104 1.70779 -0.000539489 -0.00904559 0.0727346 -0.99731 0.120435 -0.01777 -0.0225522 -0.00168691 0.000489981 -0.0274809
105.694 0.46381 8.10702 -0.185434 1.70052 -0.000312843 -0.00977923 0.0780832 -0.996899 0.124754 -0.0163892 -0.0308069 0.000552271 -0.00133731 -0.0108989
106.61 0.510823 8.21481 -0.205305 1.6798 0.000777793 -0.0011389 0.0792897 -0.996851 0.115768 -0.0159842 0.00207481 -0.00615716 -0.0763867 0.0213755
107.602 0.560657 8.28132 -0.213272 1.6837 0.000638746 0.00185714 0.038569 -0.999254 0.0247378 -0.0012497 0.00364872 -0.000354988 -0.00156938 0.1029
108.194 0.57808 8.29776 -0.211137 1.69853 0.000798927 -0.0150617 0.014824 -0.999776 0.0751901 0.0013343 0.0187919 0.0015028 -0.0329967 0.0660979
108.774 0.628708 8.35278 -0.209337 1.71935 0.000958009 -0.011012 0.00021634 -0.999939 0.118442 0.00190184 -0.0104317 -0.00535709 -0.00342662 0.0434241
109.312 0.675388 8.41109 -0.208231 1.72462 0.00144757 -0.0111718 -0.0107738 -0.999879 0.13124 0.00527706 -0.0207375 0.000200215 -0.00143201 0.0450063
110.288 0.768093 8.54431 -0.198521 1.69818 0.00187708 -0.0104512 -0.0312638 -0.999455 0.142357 0.0114729 -0.0744993 0.000567829 0.00207692 0.0450971
110.82 0.817104 8.6241 -0.184488 1.6595 0.00176748 -0.0126017 -0.0439732 -0.998952 0.149596 0.0172888 -0.0849881 0.000926871 -0.00177939 0.04437
111.366 0.86895 8.70818 -0.167836 1.61611 0.000439294 -0.0062425 -0.0543512 -0.998502 0.154546 0.0200293 0.0121511 0.0204026 -0.176081 0.0285901
111.878 0.928443 8.76706 -0.159798 1.61381 -0.000518566 0.00238661 -0.0498658 -0.998753 0.0661191 0.00091164 0.00944017 -0.00264275 0.00295346 -0.0544286
112.382 0.957439 8.79372 -0.15475 1.61303 -0.000476436 0.00277227 -0.0341815 -0.999412 0.0229317 -0.00442634 0.0110439 0.000378137 -0.00113571 -0.0748565
112.894 0.971398 8.80334 -0.154514 1.62069 -0.000717978 0.00295318 -0.0153525 -0.999878 -0.00276262 -0.00811447 0.00612916 0.000888583 -0.000473773 -0.0818923
113.45 0.973769 8.80728 -0.155715 1.61716 0.00331748 -0.0234485 0.00491424 -0.999707 0.0446241 -0.00031545 -0.0753693 -0.00772206 0.0630861 -0.0439648
114.076 1.00701 8.86635 -0.150338 1.57755 0.00166345 -0.0162809 0.00305493 -0.999861 0.148311 0.0144392 -0.079478 0.00219926 -0.00539908 0.0345625
114.664 1.06027 8.94296 -0.14546 1.54828 0.000112105 0.00516285 -0.0101817 -0.999935 0.0897443 0.00782958 0.0165934 -0.00130033 0.0254086 0.0683556
115.406 1.11438 8.98267 -0.141582 1.5207 0.00321318 -0.0155487 -0.037513 -0.99917 0.0359125 0.00593522 -0.0969356 -0.015704 0.194108 0.0676191
116.416 1.12996 9.03025 -0.137541 1.52094 -0.000690628 -0.00530504 -0.0225174 -0.999732 0.0329799 -0.000351827 -0.0872971 0.0342976 0.209254 -0.0934059
117.288 1.1754 9.11716 -0.141197 1.45893 0.000556703 -0.00242529 0.00532416 -0.999983 0.14731 -0.00717647 0.0093163 -0.0203794 -0.194479 -0.0324997
118.216 1.17522 9.19061 -0.13892 1.43235 0.00147023 -0.021208 -0.00966933 -0.999727 0.111123 0.0121059 -0.0968903 0.00446575 -0.0258394 0.0514992
119.012 1.17625 9.29537 -0.131085 1.37417 -0.0014325 -0.0150371 -0.0228142 -0.999626 0.179192 0.0158227 0.0108211 0.0305302 -0.000457428 0.0186328
119.754 1.17149 9.4264 -0.136335 1.36843 -0.00145545 -0.0155786 -0.0173611 -0.999727 0.196535 -0.00347721 -0.0290103 0.00850684 -0.00197412 -0.0359933
120.36 1.15845 9.54236 -0.143813 1.3501 -0.00175142 -0.0153277 -0.005197 -0.999867 0.200942 -0.0108687 -0.0475132 -0.00260827 0.00413324 -0.0484863
121.322 1.14391 9.74645 -0.159843 1.28988 -0.00108761 -0.0161845 0.0132422 -0.999781 0.212358 -0.0119525 -0.0734946 -0.000438956 0.000683669 -0.0290085
122.312 1.0843 9.96106 -0.177828 1.1797 0.000218832 -0.0161537 0.0223098 -0.999621 0.219279 -0.00681676 -0.117807 0.00296635 0.00070897 -0.00212298
122.872 0.989163 10.0916 -0.183364 1.09662 -0.000221999 -0.0165949 0.0208124 -0.999646 0.221856 -0.00413172 -0.110426 -0.000408723 0.000880439 0.00703597
123.464 0.890527 10.2233 -0.190845 1.03981 0.00196948 -0.0158236 0.0143591 -0.99977 0.218275 0.00726438 -0.0784033 0.00253244 0.00397014 0.0405438
124.57 0.723757 10.4534 -0.196 0.975435 -8.24224e-05 0.00492879 0.00467847 -0.999977 0.162567 -0.0045702 0.00453212 -0.00082863 -0.0214651 -0.0263364
125.146 0.663957 10.5234 -0.199553 0.979312 -0.00207713 -0.016827 0.0182436 -0.99969 0.103423 -0.0100232 -0.0547952 0.00070483 0.0939769 -0.0600784
125.756 0.633885 10.6058 -0.206675 0.935378 0.00155364 -0.0136273 0.0292244 -0.999479 0.158946 -0.0054774 -0.0500234 0.00362718 -0.00272752 0.00081674
126.392 0.64473 10.7062 -0.208463 0.841065 0.000376358 -0.00688217 0.022839 -0.999715 0.134831 -0.0034667 -0.165022 -0.000414188 0.012424 0.0271747
127.022 0.679195 10.7911 -0.20816 0.760227 0.00046315 -0.0118722 0.0159438 -0.999802 0.138927 -0.00343069 -0.123967 0.000139793 -0.00743344 0.0189707
127.61 0.734746 10.8794 -0.209232 0.673112 7.64406e-05 -0.0119173 0.0123003 -0.999853 0.146319 -0.00538108 -0.134949 -0.000888295 -0.00217711 0.0072642
128.75 0.826284 11.0748 -0.215018 0.565445 -0.000409962 -0.0143185 0.0110684 -0.999836 0.175573 -0.00745054 -0.0560622 0.00478569 -0.00220403 -0.00071177
129.372 0.849017 11.1957 -0.218226 0.50701 -0.000299962 -0.0159369 0.0141884 -0.999772 0.1873 -0.012485 -0.0615167 -0.000631615 -0.00270809 -0.017106
129.928 0.782643 11.3109 -0.219041 0.502007 0.00204609 -0.0161814 0.0174104 -0.999715 0.195097 -0.00485215 0.0192449 0.00328306 0.00367047 0.00344042
130.906 0.742589 11.5157 -0.213612 0.528923 0.000236295 -0.015929 0.0090483 -0.999832 0.199767 -0.000877605 0.0165188 -0.000822367 -0.000852058 0.014863
131.522 0.739971 11.6484 -0.21207 0.541572 0.000952984 -0.0147447 0.00540858 -0.999876 0.197387 0.00110941 0.0331121 0.00067723 0.00264813 0.0142085
132.524 0.805508 11.8659 -0.207194 0.606159 -0.000730537 -0.0147679 0.00293557 -0.999886 0.195222 -0.0057269 0.0479929 -0.00160178 -3.92373e-06 -0.0173724
133.57 0.890633 12.0892 -0.213593 0.636401 -0.001395 -0.0155975 0.0195772 -0.999686 0.202868 -0.0150459 0.011645 0.00371185 0.000992514 -0.042616
134.124 0.940101 12.2134 -0.222078 0.634162 -0.00154555 -0.017097 0.0308995 -0.999375 0.213815 -0.0191261 0.012055 0.000139434 -0.00303874 -0.0417215
134.686 1.00289 12.3462 -0.232441 0.635466 -0.00211237 -0.0174126 0.0407965 -0.999013 0.225664 -0.0224288 0.00556078 0.00334346 -0.00479235 -0.0372647
135.644 0.970162 12.5685 -0.26259 0.672733 -0.00145072 -0.018914 0.0580346 -0.998134 0.236031 -0.0316831 -0.0148019 -0.0265482 0.025427 -0.0364978
136.254 0.890322 12.7259 -0.287411 0.672248 -0.000300359 -0.0188299 0.0629173 -0.997841 0.24716 -0.0239156 -0.0203418 0.00140478 0.000573251 0.000814188
136.828 0.825695 12.8695 -0.308078 0.673644 -0.00193917 -0.0168243 0.0629977 -0.99787 0.240211 -0.0298681 0.0106023 -0.00230329 0.0055539 -0.0103421
137.726 0.806867 13.0847 -0.341943 0.704173 -0.00178593 -0.0159829 0.0734781 -0.997167 0.223697 -0.0351965 0.0537701 -0.00217369 0.00219286 -0.0321235
138.352 0.823076 13.2247 -0.362933 0.720666 -0.00144173 -0.0162835 0.0814035 -0.996547 0.222317 -0.0334854 0.0547786 0.000564183 0.0013832 -0.020537
139.024 0.835585 13.3748 -0.390474 0.736322 -0.00215368 -0.016957 0.0865769 -0.996099 0.224478 -0.0363866 -0.00265225 0.00469216 -0.00236604 -0.0162729
139.702 0.852298 13.5312 -0.420873 0.751988 -0.00204838 -0.0168115 0.0937842 -0.995449 0.226716 -0.0422047 -0.00426894 -0.000201434 -0.000119765 -0.023178
140.362 0.853685 13.6765 -0.449498 0.761315 3.05189e-05 -0.0170732 0.0963048 -0.995205 0.232044 -0.0326736 -0.0159981 0.00341871 -0.00074668 0.0130125
141.378 0.686992 13.9182 -0.49073 0.76268 -0.00122203 -0.0176963 0.0856221 -0.99617 0.236281 -0.0346395 -0.00222146 -0.00147857 -0.000415051 0.014665
141.998 0.575947 14.0524 -0.509991 0.759137 -0.000946961 -0.0147198 0.0832764 -0.996417 0.221683 -0.0325831 -0.0025211 0.000193965 0.00686349 0.00411473
142.898 0.466084 14.2167 -0.536176 0.756412 6.81154e-05 0.00276464 0.104973 -0.994471 0.100168 -0.0174869 0.00326016 -0.00343086 -0.0043575 -0.130451
143.492 0.443708 14.257 -0.545954 0.759998 0.000376749 0.00414524 0.144241 -0.989534 0.0392656 -0.00623466 0.00412017 0.00114935 -0.00368862 -0.13926
144.362 0.444178 14.2602 -0.551665 0.771313 6.66539e-05 0.00488785 0.206219 -0.978494 -0.00512227 6.5889e-05 -0.0115801 -0.00246782 7.47318e-05 -0.158275
145.082 0.456967 14.2356 -0.551513 0.753981 0.000776033 0.00439752 0.253687 -0.967276 -0.016832 0.00644502 0.00526774 -0.0121244 0.00331754 -0.0871785
145.758 0.47357 14.1989 -0.542001 0.762524 0.00126716 0.00309678 0.233317 -0.972395 -0.0136023 0.0171426 -0.00226832 0.00418905 0.00411173 0.16529
146.33 0.487004 14.1683 -0.532096 0.743408 0.000622461 0.00212596 0.187615 -0.98224 -0.0100655 0.0140166 0.0148968 0.0010215 0.00405382 0.167825
146.894 0.50063 14.1439 -0.524776 0.755209 -0.00108429 0.00156216 0.169794 -0.985478 -0.00572769 0.00281716 0.0072803 -0.00169551 0.0029017 -0.0674522
147.524 0.521552 14.1158 -0.524647 0.761919 0.000254296 0.000253881 0.212943 -0.977064 -0.00087723 -0.0033522 -0.00375325 -0.00407528 0.00264056 -0.174594
148.156 0.537231 14.0929 -0.521414 0.756456 0.000649131 -0.00071458 0.262092 -0.965042 0.00633805 0.00139077 0.00456367 -0.000366646 0.00349833 -0.148827
148.9 0.548106 14.0781 -0.518244 0.754874 0.000733706 -0.00155416 0.306054 -0.952013 0.0120755 0.00385743 0.00446781 -0.00107037 0.00135954 -0.114771
149.484 0.551441 14.0748 -0.519118 0.753726 0.00100085 -0.0016519 0.334373 -0.942439 0.0138686 0.00464619 0.00500505 -0.000837866 0.000435808 -0.0859183
150.06 0.552856 14.0734 -0.519656 0.755466 -0.00410044 -0.00947997 0.352535 -0.935742 0.0209104 -0.0074233 0.016785 0.00829186 0.0605919 -0.0608826
150.608 0.550197 14.0912 -0.535853 0.756736 -0.00322992 -0.00842482 0.366254 -0.930471 0.0491574 -0.044277 0.0155349 0.000154818 -0.00189291 -0.047713
151.288 0.545907 14.1344 -0.577303 0.772298 -0.00276696 -0.00863951 0.377766 -0.925857 0.0631876 -0.0592716 0.0163996 -5.61611e-05 -0.000659931 -0.0240587
151.892 0.551369 14.1779 -0.622551 0.79127 -0.00275914 -0.00876792 0.383186 -0.923625 0.0669884 -0.0655518 0.0150826 0.000235237 0.000901755 -0.014728
152.474 0.562783 14.2227 -0.669435 0.79866 -0.00285722 -0.00935617 0.386758 -0.92213 0.0695887 -0.0704433 0.00345333 -0.000416508 0.000826747 -0.0106423
153.11 0.585431 14.2737 -0.72456 0.802396 0.00320038 0.00277342 0.386604 -0.922236 0.0463802 -0.0455622 -0.000733469 0.0011895 -0.00871822 0.0358101
153.658 0.559213 14.3019 -0.746828 0.80682 0.0021068 0.00206296 0.370105 -0.928985 0.00923498 -0.00484925 -0.00558936 0.00285601 -0.00248169 0.0837077
154.278 0.549651 14.3168 -0.753733 0.797707 0.00205345 0.00249868 0.348072 -0.937462 -0.0128707 0.0132201 0.00448617 -0.00351551 1.53982e-05 0.0806619
154.872 0.553488 14.3159 -0.746983 0.789613 0.00228697 0.00203347 0.312727 -0.949838 -0.020958 0.0229827 0.0112427 0.00354049 0.00127352 0.180377
155.456 0.564931 14.3117 -0.736228 0.793567 0.00158789 0.00204737 0.261631 -0.965164 -0.0243356 0.0209959 0.00893333 0.00104994 0.000321895 0.174475
156.086 0.576316 14.303 -0.72569 0.796896 0.00160823 0.00182339 0.217721 -0.976008 -0.0253791 0.0160496 0.00583894 0.000397557 0.000413383 0.143745
156.692 0.570082 14.2937 -0.711268 0.798312 0.00108268 0.00158364 0.178373 -0.983961 -0.0238987 0.0128993 0.00111803 0.00284187 0.00209919 0.132062
157.314 0.565829 14.2819 -0.702178 0.80138 0.000805148 0.00122896 0.142755 -0.989757 -0.0215718 0.0048343 0.00141731 -0.000719306 0.00154516 0.105376
158.078 0.562815 14.2938 -0.699794 0.828412 0.000255211 -0.00895629 0.115473 -0.99327 0.0584655 -0.0147016 0.0425467 -0.00113427 -0.00897423 0.0483492
158.722 0.549197 14.344 -0.700276 0.849986 0.000473141 -0.00822912 0.103528 -0.994592 0.0799647 -0.015918 0.0432094 0.000878857 -0.000265497 0.0315641
159.59 0.521537 14.4258 -0.701998 0.886175 -0.000266169 -0.00880636 0.0950771 -0.995431 0.0886577 -0.0179104 0.0438669 -0.000419561 0.00123484 0.00742772
160.166 0.514322 14.4852 -0.707369 0.892626 -0.000402477 -0.00879482 0.094247 -0.99551 0.0926543 -0.0187664 0.0285603 7.80497e-07 0.0009612 -0.00125678
160.808 0.515934 14.5598 -0.715358 0.91251 -0.000387269 -0.00898542 0.0949936 -0.995437 0.096919 -0.0184874 0.0303233 0.00077321 0.000685495 -0.00339387
161.37 0.528795 14.6328 -0.724862 0.918663 -0.000483237 -0.00926652 0.095891 -0.995349 0.100785 -0.0182004 0.0311825 0.000996755 0.00032321 -0.00213929
162.032 0.553316 14.716 -0.735687 0.944244 0.000540561 -0.00937915 0.0957974 -0.995357 0.105693 -0.0152287 -0.00501868 -0.0032035 -0.0036978 0.00930179
162.828 0.555867 14.8232 -0.747416 0.935131 -6.34452e-05 -0.00990717 0.0852681 -0.996309 0.114234 -0.00923254 -0.00418418 0.000705035 5.82628e-05 0.0333536
163.572 0.543707 14.9187 -0.758685 0.940251 0.000272711 0.00261552 0.0726116 -0.997357 0.090191 -0.00574138 -0.00239505 -0.000956623 -0.0308781 0.0565531
164.156 0.535567 14.9672 -0.765657 0.937479 9.74142e-05 0.00277538 0.0487619 -0.998807 0.0275115 0.00155175 0.00107538 7.83648e-05 -0.00632989 0.0994773
164.746 0.528737 14.9872 -0.773971 0.944268 0.000720354 0.00344969 0.0221169 -0.999749 -0.00546384 0.00394562 -0.00297284 -0.00231329 -0.00166225 0.0856261
165.29 0.523266 14.9867 -0.778344 0.947813 0.00178206 0.00344068 -0.00946606 -0.999948 -0.0212666 0.0101699 -0.0105786 0.000513519 0.000218182 0.156573
166.174 0.521725 14.9693 -0.778542 0.943711 0.00163492 0.00289563 -0.0798861 -0.996799 -0.0260764 0.0117565 -0.00800444 -0.000617081 -0.000883058 0.152887
167.146 0.523156 14.9435 -0.777115 0.922879 0.00202075 0.00234383 -0.153157 -0.988197 -0.0222372 0.0100564 0.0149515 0.000551002 0.00161083 0.159583
168.068 0.528318 14.9139 -0.772738 0.937308 0.00161214 0.00131959 -0.212286 -0.977205 -0.0139466 0.00619574 0.00508684 0.000952691 0.00326062 0.095802
168.662 0.531986 14.9002 -0.768431 0.96365 0.00347713 -0.00978864 -0.232575 -0.972523 0.0345403 0.0217084 0.0105981 -0.00162811 -0.0235706 0.0540024
169.636 0.56522 14.9318 -0.731895 0.977713 0.00309894 -0.00720453 -0.252195 -0.967645 0.0718765 0.0399677 0.00771629 -0.000283722 -0.000385576 0.0336383
170.63 0.60018 14.9997 -0.670239 0.984722 0.00329069 -0.00791458 -0.265438 -0.96409 0.0852252 0.052522 0.0093833 0.000481946 0.000744445 0.0211107
171.658 0.604197 15.0916 -0.60879 0.982473 0.00215304 -0.00890758 -0.259302 -0.965753 0.101142 0.0463258 0.00762418 -0.00154118 0.0011456 -0.0424006
172.252 0.609162 15.1508 -0.573934 0.980706 0.00236679 -0.00927636 -0.248433 -0.968602 0.105473 0.0497496 0.00922642 0.000467258 0.00189741 -0.0362862
173.214 0.631171 15.2505 -0.514482 0.990216 -0.000900045 0.00414008 -0.233304 -0.972395 0.0714464 0.0341297 -0.000744663 0.000847788 -0.00722146 -0.0654377
173.794 0.64432 15.2814 -0.497763 0.976769 -0.000526891 0.00286718 -0.209599 -0.977783 0.0200764 0.00756081 0.0155395 -0.000320505 -0.00178472 -0.106166
174.434 0.650679 15.2946 -0.491282 1.00121 0.00316978 -0.0136117 -0.179145 -0.983724 0.0185129 0.00540237 0.0871895 -0.0050209 0.0916092 -0.0722861
175.408 0.687627 15.3727 -0.459843 1.09001 0.00250192 -0.0103316 -0.169087 -0.985544 0.101031 0.0408762 0.0824781 0.000760399 -0.00135707 -2.46571e-05
176.032 0.734818 15.4465 -0.434571 1.10509 0.00146816 -0.0113799 -0.166447 -0.985984 0.11766 0.036803 -0.016053 -0.00189319 -0.000864078 -0.0246396
176.634 0.798049 15.5263 -0.406802 1.09386 0.00189499 -0.0124956 -0.157697 -0.987407 0.128602 0.0376477 -0.00692838 -0.0030927 -0.00267881 -0.0322198
177.282 0.87162 15.6343 -0.370862 1.12502 0.00302143 -0.0133504 -0.151755 -0.988323 0.141606 0.0471438 0.0825628 0.0013752 -0.00317414 -0.00517354
177.848 0.955333 15.7302 -0.336789 1.17157 0.00334944 -0.0150797 -0.151834 -0.988285 0.153269 0.0520789 0.0479366 -0.00684993 0.00645996 0.00371322
178.404 1.0015 15.8351 -0.294778 1.20487 0.00364035 -0.0165107 -0.154108 -0.987909 0.170808 0.062814 0.0485713 0.000985455 -0.00374624 0.0115627
179.052 1.05496 15.9774 -0.241425 1.23569 0.00290033 -0.0180361 -0.15759 -0.987336 0.191092 0.0678054 -0.00645848 0.00207178 -0.00343444 0.00682836
179.984 1.12472 16.1923 -0.169222 1.25074 0.00494037 -0.0163305 -0.15712 -0.987432 0.204726 0.0709994 -0.0910408 -0.00773553 -0.0155677 0.00232926
180.982 1.00596 16.4197 -0.0761054 1.17078 0.00416567 -0.0169884 -0.167627 -0.985695 0.203011 0.0825502 -0.083045 4.05288e-05 0.000506188 0.026405
181.574 0.874169 16.5591 -0.0184361 1.14706 0.00128773 -0.0178804 -0.172098 -0.984917 0.21432 0.0753013 -0.0182971 -0.00339771 -5.3759e-05 -0.00543086
182.19 0.748583 16.7034 0.0325378 1.13479 0.00197779 -0.0153308 -0.165485 -0.986091 0.211872 0.0664774 -0.00563879 -0.00668568 -0.0535963 -0.0318392
182.802 0.638989 16.8088 0.070294 1.1376 -2.33569e-06 0.00433656 -0.168373 -0.985714 0.0979243 0.0364531 0.00109148 0.00412607 0.00327539 0.0553204
183.922 0.585158 16.8679 0.0950634 1.14934 0.00330883 -0.0131337 -0.207597 -0.978121 0.050231 0.0271868 0.00424101 0.0099489 -0.108404 0.097653
184.536 0.562073 16.9001 0.109368 1.1508 0.000535066 -0.00104151 -0.271638 -0.962399 0.0561081 0.0289776 -0.00124992 0.00111359 -0.00718714 0.318632
185.12 0.544867 16.9201 0.115981 1.15024 0.000226812 0.000865145 -0.358481 -0.933537 0.0439035 0.0198632 -0.00335893 -0.00121579 -0.00354527 0.306156
185.774 0.539822 16.9245 0.118725 1.14476 0.000462189 0.00173824 -0.434216 -0.900807 0.0302218 0.0133719 0.00355594 -0.00302216 -0.00121163 0.253328
186.416 0.540095 16.9226 0.116714 1.14648 0.000713767 0.00212768 -0.50667 -0.862137 0.0225044 0.0102793 0.00289195 0.000712163 -0.000140811 0.244885
187.058 0.544727 16.9147 0.113029 1.14794 0.00131081 0.00259482 -0.568976 -0.822349 0.0183846 0.00892231 0.00109778 -0.00157621 0.000782153 0.263739
187.66 0.554651 16.8999 0.105285 1.13159 0.0010966 0.0018551 -0.638368 -0.769729 0.015642 0.00774207 0.00316025 0.00442556 0.00221746 0.309968
188.306 0.572691 16.8762 0.0951671 1.11517 0.000523534 0.000481247 -0.704199 -0.710002 0.0205345 0.00814603 0.0346985 0.00506175 0.00146467 0.250597
188.916 0.58497 16.858 0.08438 1.13351 0.000343909 -0.000337126 -0.749588 -0.661905 0.027716 0.00878272 0.0145198 0.00359435 0.00285276 0.187877
189.514 0.5944 16.8462 0.0774092 1.12339 0.000103434 -0.00106347 -0.77989 -0.625916 0.0334306 0.0120965 0.0184838 0.00350914 0.000969088 0.118494
190.216 0.60308 16.837 0.0746671 1.12635 0.002866 -0.00205253 -0.797221 -0.603678 0.0365959 0.0155881 -0.0331593 -0.0426548 0.105217 0.0595587
190.87 0.61278 16.8273 0.0820866 1.13325 -0.00106596 0.000456845 -0.801439 -0.598076 0.0257852 0.0175218 -0.00415551 -0.000465292 0.0105605 -0.038188
191.53 0.621875 16.8188 0.0827815 1.13983 0.00722812 -0.0073313 -0.789921 -0.613123 0.0234611 0.0257916 -0.00744627 -0.00756677 0.0256257 -0.071461
192.186 0.632928 16.81 0.0909138 1.1429 0.00304532 -0.00123117 -0.788555 -0.614955 0.0143358 0.0152118 0.0117704 -0.0147279 0.147182 0.0494804
192.824 0.649175 16.7975 0.113602 1.14942 0.00809094 -0.00514993 -0.797589 -0.603125 -0.0116197 0.0827677 0.0085071 -0.000283989 -0.00704129 0.0343186
193.502 0.691178 16.77 0.161458 1.15004 -0.00254624 0.00119272 -0.801898 -0.597454 -0.0160454 0.0856077 -0.00161801 0.0108249 -0.0947849 -0.0165215
194.11 0.716849 16.7561 0.18018 1.15644 -0.0026972 0.000953957 -0.787567 -0.616222 0.00869368 0.0197515 -0.00512808 0.00131431 0.00404642 -0.121444
194.756 0.718874 16.7559 0.179729 1.15227 -0.00224965 0.000164442 -0.7634 -0.645922 0.0172611 0.00188881 -0.000806214 0.000996799 0.00153672 -0.153781
195.42 0.712405 16.7608 0.173185 1.16639 -0.00170103 0.000221788 -0.725755 -0.687951 0.0181178 -0.00203684 -0.0136176 -0.00208509 0.000698831 -0.18035
196.068 0.703047 16.7685 0.16482 1.17799 -0.00136614 0.00013024 -0.685796 -0.727793 0.0141365 -0.00172916 -0.0289652 -0.00232219 0.000396785 -0.1821
196.74 0.690767 16.7761 0.154536 1.15596 0.00723551 -0.0088668 -0.644117 -0.764841 0.0101858 0.0152944 -0.00904583 -0.00459787 0.126838 -0.133488
197.396 0.691604 16.7842 0.17956 1.12805 0.00699598 -0.00808456 -0.629777 -0.776702 0.0142911 0.0940089 -0.0100022 0.00326421 -0.00355601 -0.0104262
198.044 0.707888 16.7939 0.238254 1.10252 0.00659662 -0.0056691 -0.632674 -0.774369 0.00697865 0.106766 -0.050509 0.00375021 0.00433547 0.0365987
198.678 0.736064 16.8007 0.300239 1.08307 0.00697239 -0.00716586 -0.643798 -0.765131 0.00305815 0.110374 -0.054184 0.000300961 0.00242497 0.0496429
199.278 0.763701 16.8063 0.350969 1.08694 -0.00277055 0.00147368 -0.643497 -0.765442 0.000518181 0.0362411 -0.00177127 -0.00384965 0.0152118 -0.0662699
199.89 0.77438 16.811 0.369661 1.09162 -0.00193492 0.00125816 -0.623395 -0.781904 -0.00355222 -0.00184689 -0.00754491 -0.000846955 0.000973693 -0.10035
200.526 0.770968 16.8167 0.368953 1.09611 0.0010616 -0.00334322 -0.603054 -0.797693 -0.00592329 -0.0168979 -0.0106281 0.0227955 0.203725 -0.0729864
201.16 0.771045 16.8366 0.396939 1.09214 0.00117569 -0.00191042 -0.586972 -0.809604 0.0306236 0.0771974 0.00277012 -0.0076776 -0.154546 -0.0658363
201.836 0.715783 16.8521 0.425552 1.09707 -0.000710591 0.00116582 -0.558096 -0.829776 0.00283306 0.0161438 -0.00409204 -0.00153025 -0.00135537 -0.14492
202.47 0.714109 16.8626 0.434286 1.0937 -0.00085209 0.00146743 -0.520679 -0.853751 -0.00613167 -0.00315518 -0.00208359 7.54123e-05 -0.00153229 -0.160574
203.146 0.708924 16.8704 0.434469 1.08891 -0.000563618 0.00204353 -0.468685 -0.883363 -0.0107924 -0.0114793 0.00430628 -0.0019982 -0.00147309 -0.171929
203.752 0.70599 16.8692 0.429912 1.09151 -0.000721534 0.00199984 -0.427797 -0.903873 -0.014985 -0.0133426 0.000878038 0.000121374 -0.00024466 -0.164528
204.396 0.702784 16.8645 0.419105 1.09043 -0.000369753 0.00184138 -0.38048 -0.924787 -0.0163425 -0.0132816 -0.000253275 -0.00098335 0.00132785 -0.147175
205.11 0.702474 16.8549 0.406943 1.0893 -5.46892e-05 0.00150928 -0.342074 -0.939672 -0.0171872 -0.00965763 0.00440728 -0.000544574 0.00349974 -0.0966415
205.742 0.706486 16.8438 0.398274 1.08644 -2.96621e-06 0.000761114 -0.317345 -0.94831 -0.0142597 -0.00449104 0.00752059 0.00051312 0.00107693 -0.0684729
206.524 0.701597 16.8546 0.401409 1.0846 0.00326906 -0.0111901 -0.29741 -0.954679 0.0596557 0.0411174 -0.00672374 0.000638951 -0.0212465 -0.0405897
207.228 0.681531 16.9006 0.42482 1.08351 0.00275929 -0.00970049 -0.287643 -0.957685 0.0868858 0.056462 -0.00699979 5.45679e-05 -0.0038803 -0.0203969
207.888 0.666171 16.9414 0.449113 1.08204 0.00030051 0.0035944 -0.314926 -0.949109 0.0146453 0.0192603 0.000612149 0.00524988 0.0092109 0.202655
208.786 0.667449 16.9435 0.454493 1.08653 0.000118327 0.0021417 -0.401282 -0.915952 -0.0145528 -0.00410271 -0.0020863 0.000945401 0.000881494 0.200773
209.39 0.66772 16.9374 0.450788 1.10222 -0.000566844 0.00138864 -0.443488 -0.896279 -0.0150508 -0.010795 -0.0186155 0.00701087 0.00114385 0.0601161
210.014 0.671893 16.9285 0.446442 1.08675 -0.000293317 0.00121795 -0.428276 -0.903647 -0.00979946 -0.0147604 -0.00833211 -0.00205053 0.00120218 -0.121933
210.664 0.731198 16.9182 0.441751 1.08013 -1.16876e-05 0.000983511 -0.393229 -0.91944 -0.00874989 -0.0126075 0.00410339 0.000375486 0.000798849 -0.12022
211.314 0.736494 16.9075 0.435413 1.078 0.000155495 0.000469708 -0.362236 -0.932086 -0.00671637 -0.0103509 0.00549366 0.000608792 0.00147442 -0.0933786
211.998 0.743824 16.8981 0.431 1.08091 -5.14123e-05 -0.00018331 -0.332066 -0.943256 -0.00286176 -0.00818827 9.09225e-05 0.000126221 0.000619008 -0.114728
212.788 0.742531 16.891 0.428804 1.07382 0.000213551 -0.000443435 -0.289659 -0.95713 -0.00044153 -0.00585693 0.00643683 0.000474176 0.000900953 -0.115702
213.442 0.733785 16.9022 0.435819 1.06365 0.00256323 -0.0122402 -0.262218 -0.964928 0.0621388 0.0260855 -5.13203e-05 1.25746e-07 -0.0248188 -0.0585859
214.07 0.716472 16.9497 0.456334 1.06873 0.00224402 -0.0104387 -0.24861 -0.968545 0.091877 0.0387474 -0.00118651 -0.000244743 0.000756683 -0.0364072
214.988 0.686877 17.0295 0.493954 1.08035 -0.000263747 0.00255392 -0.232342 -0.972631 0.0342022 0.0126796 0.00716693 0.02385 0.135648 -0.0494665
215.64 0.67701 17.0788 0.51338 1.09478 0.00162026 -0.0107131 -0.215264 -0.976496 0.0909443 0.0280377 0.00481436 0.00215006 -0.00813832 -0.0507853
216.638 0.646532 17.1907 0.554996 1.10345 0.00188912 -0.0103537 -0.191322 -0.981471 0.115107 0.0343441 -0.00701462 0.00152681 0.000143625 -0.0404948
217.272 0.618606 17.2717 0.587129 1.10102 0.00172881 -0.0100611 -0.18029 -0.983561 0.120881 0.037518 -0.0075324 0.000748104 0.00177715 -0.0267271
218.278 0.579579 17.3809 0.62518 1.10106 0.000930818 -0.0119368 -0.163848 -0.986413 0.102891 0.0249355 -0.00358022 -0.00267326 -0.0169151 -0.0501255
218.934 0.557503 17.4622 0.646777 1.09555 0.00101778 -0.0093134 -0.147702 -0.988988 0.119958 0.0266011 -0.00415892 7.49603e-05 0.000622115 -0.0480286
219.63 0.536944 17.525 0.665916 1.08069 7.90096e-05 0.00266241 -0.129173 -0.991619 0.0492543 0.0125749 0.0144535 0.00100729 0.00432245 -0.0607005
220.33 0.525125 17.5629 0.67729 1.08151 0.000646931 -0.0106802 -0.109346 -0.993946 0.0888041 0.0159777 0.0046008 -0.000279762 -0.0220001 -0.0533886
221.024 0.512602 17.6125 0.69078 1.07962 -0.000192749 0.00144815 -0.0769612 -0.997033 0.0455566 0.00889483 0.00321415 -0.00139239 0.00631671 -0.149617
221.662 0.50729 17.6274 0.694788 1.08445 -0.000194701 0.00128865 -0.027473 -0.999622 0.0143948 0.00388377 -0.00440613 0.000174998 -0.000339768 -0.160537
222.29 0.50428 17.6303 0.696976 1.0726 -0.000682883 0.00128842 0.0179943 -0.999837 0.000481183 0.00170353 0.0128615 0.00215623 -0.000576421 -0.15409
222.976 0.501981 17.6267 0.699435 1.08042 -0.000983632 0.00126139 0.0714972 -0.99744 -0.00686296 0.000371391 0.00322799 0.000212872 0.000851592 -0.153468
223.666 0.506652 17.619 0.693302 1.0774 -0.00133787 0.00111592 0.120767 -0.992679 -0.00943811 -0.00151914 0.0080901 0.00372876 6.87342e-05 -0.17471
224.33 0.515434 17.608 0.685497 1.07213 -0.000661493 0.000847166 0.194362 -0.980929 -0.011338 -0.00123587 0.0106185 -0.00356199 0.00181111 -0.264896
225.628 0.540218 17.6101 0.659732 1.10118 -0.000654096 -0.00847221 0.2998 -0.953964 0.0622754 -0.0196348 0.00438318 0.00692584 -0.00489591 0.00518018
226.312 0.56118 17.6513 0.636145 1.10166 -0.00166034 -0.00839409 0.291042 -0.956672 0.0779991 -0.0302307 0.00380111 0.000428356 -0.000889576 0.0388839
227.534 0.597904 17.6986 0.604689 1.1061 0.000722837 0.00204159 0.333544 -0.942732 0.00376033 0.00801154 -0.0022111 0.000844967 0.000163613 -0.136998
228.696 0.597144 17.6958 0.606091 1.10759 0.001241 0.00178364 0.345242 -0.938511 -0.00327386 0.0199966 -0.00757741 0.00257431 0.000768091 0.143072
229.356 0.595339 17.684 0.608533 1.10181 0.0012158 0.00162814 0.298092 -0.954535 -0.00378223 0.0158019 0.00127812 4.2112e-05 0.000286069 0.143941
230.026 0.584283 17.6712 0.618993 1.09307 0.00103111 0.00113238 0.256599 -0.966517 -0.0022367 0.0136806 0.0090542 0.00169982 0.00313665 0.1314
230.7 0.57347 17.6638 0.629612 1.10256 0.00055524 0.000949175 0.221409 -0.97518 0.00255405 0.00748676 -0.000658841 0.0015799 0.000299524 0.106918
231.428 0.561031 17.6552 0.642285 1.10119 -4.0043e-05 0.000604875 0.18971 -0.98184 0.00460205 0.00188414 -0.000601399 0.00116633 0.00127625 0.0858939
232.072 0.554698 17.6433 0.647397 1.0975 -1.82462e-05 -0.000955451 0.16561 -0.986191 0.00589539 -0.00447547 -0.000668038 -0.0243539 0.0739005 0.0683381
233.418 0.560307 17.6894 0.640098 1.07408 -0.000881004 -0.00792184 0.14534 -0.98935 0.0847104 -0.0254108 -0.0148142 0.000145914 0.00100772 0.00250967
234.76 0.584805 17.7958 0.614125 1.03327 -0.00103379 -0.00897157 0.145506 -0.989316 0.0945598 -0.0275313 -0.0140742 0.000148003 0.00150212 0.00106723
235.43 0.600594 17.8683 0.596972 1.03142 -0.00186178 -0.00926479 0.145746 -0.989277 0.101659 -0.0294453 -0.00249354 0.00401363 -0.0013464 -0.00173774
236.124 0.621984 17.9483 0.574384 1.0403 -0.00187925 -0.0100769 0.149968 -0.988638 0.104971 -0.0342818 -0.00475306 -0.000601771 0.00160135 -0.017789
236.798 0.648404 18.0317 0.549416 1.04249 -0.00155584 -0.00869863 0.15575 -0.987757 0.113175 -0.036368 0.000155826 -0.00338622 -0.119114 -0.0191007
237.5 0.675741 18.0984 0.523992 1.02714 0.000472988 0.00302473 0.180693 -0.983535 0.0293912 -0.009624 0.0179583 -0.00242763 -0.0017396 -0.120237
238.164 0.686773 18.1194 0.513569 1.03273 0.000534956 0.00362899 0.219794 -0.975539 -0.00816583 0.0059554 0.00798069 0.00434974 0.0362995 -0.10883
238.806 0.694778 18.1423 0.49893 1.03443 -0.00357246 -0.0117801 0.244545 -0.96956 0.0829183 -0.0453476 0.00642716 0.00197177 -0.0181095 -0.0533233
239.458 0.705243 18.2004 0.460714 1.05071 -0.0033334 -0.0105359 0.257274 -0.966275 0.111048 -0.0624669 -0.00158296 -0.0123599 0.00206114 -0.0327576
240.134 0.72603 18.271 0.414812 1.05605 -0.00215738 -0.0111963 0.260623 -0.965373 0.127498 -0.0617611 -0.0125004 0.00199939 -0.000290398 0.00929855
240.846 0.769601 18.3597 0.362942 1.05497 -0.00185437 -0.0113898 0.255542 -0.966729 0.135712 -0.0642733 0.00493616 -0.0214569 -0.0152617 0.0193319
242.054 0.877459 18.5256 0.284237 1.08537 -0.00191169 -0.012118 0.231939 -0.972653 0.148853 -0.0563819 0.00338898 0.00817288 -0.04493 0.0481976
243.366 0.928121 18.6231 0.236788 1.08215 0.0010849 0.00388953 0.172243 -0.985046 0.0101698 0.000189364 0.00399674 -0.001911 -0.00119337 0.105849
244.056 0.935836 18.6165 0.233004 1.09676 0.00165057 0.00361334 0.141258 -0.989965 -0.010784 0.00901788 -0.0113137 -0.00116496 0.00259778 0.0813025
244.764 0.938728 18.5957 0.238228 1.0873 -0.000159884 -0.0184835 0.117691 -0.992878 0.0182679 0.00480577 -0.00472993 -0.00241186 0.143577 0.0627062
245.428 0.941821 18.6427 0.234961 1.05996 0.000157337 -0.0142113 0.0991642 -0.99497 0.141943 -0.0209417 -0.00623228 -0.000680591 -0.00412541 0.0500688
246.096 0.906237 18.726 0.229 1.0534 0.000247253 -0.0137677 0.0849821 -0.996287 0.167196 -0.0237816 -0.0079681 -0.000103841 0.00140965 0.0403075
246.82 0.889373 18.8329 0.225709 1.05656 -1.21916e-05 -0.013956 0.0725744 -0.997265 0.173603 -0.0215489 -0.0069822 0.000111068 0.0030687 0.0288884
247.606 0.885253 18.9665 0.219752 1.05156 -0.000146918 -0.0145983 0.0632282 -0.997892 0.179225 -0.0197909 -0.00556985 0.000515041 0.00133924 0.02116
249.132 0.89312 19.2586 0.210171 1.04303 -0.000728016 -0.015798 0.051311 -0.998558 0.19238 -0.0156473 -0.00564291 -0.000265164 0.000575567 0.0098971
250.638 0.91467 19.5889 0.190414 1.02854 -0.00105231 -0.0164796 0.045373 -0.998834 0.209126 -0.0141305 -0.00510916 0.000710747 0.00137411 0.00534533
251.386 0.927332 19.7576 0.176778 1.01259 -0.00111407 -0.0173251 0.0437218 -0.998893 0.215027 -0.0141867 -0.00463642 0.000452335 0.00151832 0.00328606
252.12 0.96642 19.9317 0.16316 1.01376 -0.00131693 -0.0177065 0.0424977 -0.998939 0.224253 -0.0144112 -0.0044427 -7.3117e-05 0.000114129 0.00209571
253.77 1.07791 20.3376 0.122052 0.98152 -0.00133244 -0.0171679 0.0409374 -0.999013 0.233593 -0.0152624 0.000274349 0.000339095 -0.00261854 0.0023327
254.554 1.08048 20.5376 0.101184 0.971853 -0.00128422 -0.0162903 0.0401167 -0.999061 0.228871 -0.0155236 0.000294265 0.000144977 -0.00442376 0.000193599
255.318 1.06521 20.7249 0.0803918 0.957901 -0.000998492 -0.0147885 0.0397615 -0.999099 0.218633 -0.0147051 0.00802563 -0.000324866 -0.00364248 0.00219941
256.104 1.06376 20.9055 0.0590527 0.958588 -0.00101781 -0.0135565 0.0379836 -0.999186 0.204813 -0.0137249 0.00433375 -0.000163802 -0.0031861 0.00492618
257.644 1.10198 21.2022 0.0278086 1.00085 -0.000915117 -0.0114583 0.0340226 -0.999355 0.176069 -0.0113724 0.00441522 -0.000475558 -0.00199673 0.00472931
259.33 1.11147 21.4815 0.00110183 1.00042 -0.000899949 -0.00892225 0.0280023 -0.999568 0.149132 -0.00864481 0.00158068 -0.00112797 -0.00293269 0.00812389
260.17 1.11637 21.5937 -0.0181981 1.00712 -0.000510383 -0.00795284 0.0240222 -0.99968 0.132792 -0.00936057 0.00033127 4.46586e-05 -0.0015428 0.0125188
261.018 1.11443 21.6967 -0.0322298 1.00943 -0.000376577 -0.00692891 0.0158204 -0.999851 0.118448 -0.00723494 0.000250154 0.000483745 -0.0021512 0.0254391
262.666 1.09965 21.9527 -0.0305947 0.995848 0.00115682 -0.00569341 0.0116591 -0.999915 0.147494 0.0114153 0.00605028 0.00106166 -0.0134561 -0.00740118
264.392 1.10939 22.0883 -0.0162136 1.0038 0.000605615 0.000907242 0.0143291 -0.999897 0.037945 0.00694104 0.00090359 -0.000341741 -0.0048807 -0.0022201
265.92 1.12531 22.0916 -0.0104398 1.01822 0.000628165 0.00176354 0.0149564 -0.999886 -0.00391375 0.00363085 -0.0154402 -0.000347017 0.00183937 -0.000723099
266.846 1.12315 22.073 -0.00501084 1.01549 0.000433854 0.00127719 0.0149043 -0.999888 -0.00737532 0.00207876 -0.0142834 -5.49703e-05 0.000460547 -0.0014443
267.948 1.0977 22.0535 -0.00183336 0.988388 0.000382417 0.000859845 0.0150014 -0.999887 -0.00710708 8.45642e-05 0.0134391 -6.37466e-05 0.000692105 -0.000646303
269.546 1.10312 22.028 0.00703125 0.997336 -4.63148e-05 7.88408e-05 0.0150476 -0.999887 -0.00474071 -0.00198453 0.00453748 0.00143249 1.43762e-05 -0.000762245
270.434 1.12249 22.0202 0.0071698 1.01587 -0.000100625 -0.000115922 0.0149679 -0.999888 -0.00410379 -0.00389873 -0.0147712 -0.000141231 0.000505069 -0.00063364
271.444 1.12685 22.0154 0.00747156 1.01881 -0.000229045 -0.000268169 0.0150522 -0.999887 -0.00409482 -0.00323072 -0.0190252 -0.000133156 9.06881e-05 -0.00109933
272.4 1.12285 22.0133 0.00511924 1.0124 -0.00013454 -0.000329952 0.0151347 -0.999885 -0.0052874 -0.00336868 -0.0133745 -0.000524462 0.000578894 -0.00101743
273.29 1.10563 22.0128 0.0026994 0.994356 -6.46536e-05 -0.000413044 0.0152165 -0.999884 -0.00616016 -0.00170948 0.00439908 3.39293e-05 -0.00045506 0.000102826
274.286 1.11061 22.0168 -0.00120426 1.00314 0.000110501 -9.6727e-05 0.0151595 -0.999885 -0.00755491 -0.00075627 -0.00220778 -0.000594606 -0.000542124 -5.26677e-05
