55.846 0.882817 0.00468195 0.014324 0.670117 0.000351364 -0.000169927 -0.594869 -0.803822 0.00396289 -0.00280372 0.00954837 -0.00216258 -0.000947227 -0.0864746
56.344 0.88984 0.00467913 0.015011 0.677502 0.000376764 0.000157219 -0.578646 -0.815579 0.00139236 0.000884937 0.00523548 0.00121623 -0.00127203 -0.0785643
56.84 0.891566 0.00412869 0.0187596 0.680191 0.0109945 -0.0216638 -0.564596 -0.82501 0.0220487 0.0386285 -0.0299263 -0.0109444 0.13799 -0.0654738
57.452 0.88475 0.0293114 0.0818271 0.655302 0.0101968 -0.0166423 -0.554523 -0.83194 0.0688015 0.156059 -0.057327 0.00393352 -0.00578345 -0.0273842
58.078 0.858835 0.077021 0.199628 0.622432 0.00893067 -0.0157248 -0.549889 -0.835042 0.0845803 0.193348 0.0190161 0.00189926 -0.0043574 -0.0120101
58.638 0.842369 0.130544 0.310322 0.635318 0.00922848 -0.0158356 -0.547302 -0.836735 0.0940168 0.203981 0.011866 -0.00185796 0.00209259 -0.0154583
59.258 0.850145 0.195422 0.452085 0.655963 0.00821566 -0.0157934 -0.543829 -0.839008 0.0997689 0.220008 0.012469 0.0219432 -0.0145922 -0.0103587
59.802 0.864205 0.261224 0.570374 0.673308 0.00791338 -0.0159402 -0.539143 -0.842026 0.116168 0.21975 0.0124875 -0.00514896 0.00292426 -0.0262942
60.874 0.809882 0.385804 0.799873 0.693207 0.00868649 -0.0173748 -0.527296 -0.84946 0.122834 0.226334 0.0171386 0.000471779 0.00685863 -0.0261406
61.47 0.78897 0.455563 0.923833 0.688109 0.00870015 -0.016848 -0.520748 -0.8535 0.125368 0.225748 0.0184664 -0.00031369 0.00500947 -0.0237067
62.676 0.813153 0.616715 1.2034 0.677065 0.0102568 -0.0168243 -0.512058 -0.858725 0.129801 0.239305 -0.0354653 -0.016574 -0.00275194 -0.003727
63.356 0.836932 0.70065 1.36657 0.639138 0.010813 -0.0170989 -0.515395 -0.856714 0.125401 0.251176 -0.0344002 0.00109824 0.000737573 0.0140075
64.536 0.817384 0.838018 1.63561 0.604301 -0.00149189 0.00622393 -0.574296 -0.818623 0.0502351 0.126878 0.00127777 0.0147622 0.0228743 0.492462
65.132 0.742766 0.851737 1.68989 0.601535 -0.0032145 0.00511717 -0.704143 -0.710033 0.00937255 0.0390953 0.00449284 0.0242163 -0.000466089 0.537202
65.752 0.745409 0.854178 1.69715 0.609596 -0.00366964 0.00382354 -0.741218 -0.671243 0.00870861 -0.0110987 -0.0052187 -0.00543038 0.0034861 -0.112734
66.432 0.759113 0.855803 1.67673 0.581398 -0.00222024 0.00405937 -0.696293 -0.717743 -0.00263129 -0.0326121 0.0163085 -0.00215047 0.00298954 -0.213059
67.508 0.797335 0.85053 1.6367 0.603736 -0.00142846 0.00390569 -0.628123 -0.778103 -0.0144326 -0.0352349 0.0057334 -0.00131612 0.00184472 -0.114212
68.882 0.813752 0.85315 1.62961 0.618626 5.20408e-05 -0.000380355 -0.58976 -0.807578 0.0144737 0.0268967 -0.0048952 0.000582145 0.010333 -0.0646702
69.414 0.799929 0.860113 1.65069 0.608873 0.0115279 -0.0221066 -0.576558 -0.816676 0.0491672 0.091811 -0.0513502 -0.00424365 -0.0336945 -0.057956
70.098 0.720967 0.904234 1.74615 0.57052 0.00975228 -0.0163853 -0.562978 -0.826252 0.0818166 0.15673 -0.0644732 -0.00550734 0.00789069 -0.0423037
70.782 0.628812 0.967785 1.87914 0.531446 0.00834174 -0.0147575 -0.554454 -0.832042 0.0850306 0.171818 0.0107667 0.0216205 -0.0214243 -0.0169587
72.048 0.498832 1.08847 2.12808 0.599812 -0.00297845 0.00454883 -0.533813 -0.845585 0.0439462 0.0756659 0.111443 0.00183532 0.0212471 -0.0736577
72.734 0.476108 1.11935 2.19332 0.653386 -0.00330528 0.00450495 -0.509675 -0.860349 0.00130298 -0.00212954 0.0497435 0.00100982 -0.00584854 -0.078898
74.122 0.466034 1.12398 2.19629 0.693579 -0.00520532 0.00401422 -0.336457 -0.941676 -0.0179644 -0.0585337 0.00705123 -0.00261891 -0.000306796 -0.405356
74.794 0.498617 1.11473 2.16335 0.691787 -0.00432196 0.0033304 -0.223324 -0.974729 -0.022137 -0.0571654 0.00520778 -0.00466711 0.00209399 -0.320699
75.462 0.516353 1.1009 2.12547 0.692995 -0.00326976 0.00281703 -0.131626 -0.99129 -0.0213383 -0.0448974 0.00837246 -0.00310449 0.0030895 -0.239578
76.21 0.529757 1.08358 2.09366 0.689354 -0.00228002 0.00215616 -0.0569277 -0.998373 -0.0152495 -0.0303351 0.013069 -0.00747718 0.00108259 -0.172508
77.668 0.568663 1.13794 2.06305 0.814666 0.000707124 0.00541868 -0.012474 -0.999907 0.0771419 0.00492268 -0.00574772 -0.0042691 -0.0370484 0.0212271
78.406 0.603066 1.1549 2.05742 0.815243 0.000660797 0.00307138 -0.0376533 -0.999286 0.00989331 0.0087544 -0.00919341 -5.39894e-05 0.0045012 0.0977786
79.85 0.592502 1.13544 2.0605 0.802345 0.00116494 0.00160237 -0.121587 -0.992579 -0.000884144 0.0104931 0.00867948 0.00224497 0.000826949 0.193149
81.33 0.560904 1.10522 2.07134 0.808122 -0.000423613 0.000497572 -0.25949 -0.965746 0.00962407 0.000311442 0.0024029 0.00111342 0.000625429 0.144789
82.098 0.552452 1.09547 2.06907 0.816266 -0.000392318 6.82142e-05 -0.299576 -0.954072 0.0143677 -0.00277401 -0.00595896 0.000522415 0.00217145 0.0947407
82.9 0.541362 1.0957 2.07159 0.806195 0.00336506 -0.0142056 -0.325584 -0.945401 0.0643873 0.029957 0.0241525 0.00158396 -0.026646 0.0164768
83.726 0.542383 1.14924 2.11066 0.846692 0.00189839 -0.00951275 -0.315982 -0.948716 0.10365 0.056832 0.0576666 -0.000312479 0.00265042 -0.0463474
84.464 0.559277 1.21215 2.15028 0.878364 -0.00228873 0.0064301 -0.295163 -0.955423 0.0679451 0.0344948 -0.00816504 0.00040215 -0.00348234 -0.130025
85.254 0.565686 1.2318 2.1653 0.866527 0.00214607 -0.0159125 -0.229891 -0.973084 0.0418957 0.0126011 0.0399577 -0.00594584 0.0735986 -0.156458
86.824 0.654934 1.39363 2.23587 0.911775 0.00296595 -0.0117125 -0.197635 -0.980201 0.142339 0.0652064 0.00734254 0.00126272 0.000541737 0.00741448
87.63 0.735499 1.5092 2.29115 0.918233 0.00315173 -0.0142096 -0.202294 -0.979217 0.166091 0.079381 0.00816541 0.000650654 -0.00075116 0.0133757
89.162 0.857911 1.63592 2.35701 0.900322 -0.000202289 0.00513812 -0.360782 -0.932636 -0.00460675 0.006056 0.00314439 0.00329926 0.00376938 0.398464
90.732 0.824233 1.59526 2.33879 0.921673 -9.41603e-05 0.00272699 -0.57942 -0.815024 -0.0190781 -0.0104886 -0.00519269 0.00196734 0.00188206 0.242435
91.546 0.804224 1.56977 2.3199 0.925444 -3.1963e-05 0.00136495 -0.646119 -0.763235 -0.0116859 -0.0105151 -0.0146307 0.00156341 0.00452019 0.174076
92.474 0.787487 1.55004 2.30878 0.927849 -0.000204554 0.000474075 -0.693089 -0.720851 -0.00289765 -0.00263817 -0.0141626 0.000966182 -0.000649799 0.117951
93.34 0.779447 1.53881 2.29945 0.912821 -0.000136246 -0.000141928 -0.724336 -0.689448 0.00144886 -0.000664256 -0.00261048 0.000890605 0.000520134 0.0810158
94.302 0.77466 1.53087 2.29875 0.890285 0.017757 -0.0124457 -0.74574 -0.665885 -0.0105763 0.051277 0.005216 -0.00174511 0.0539752 0.0540504
95.174 0.721034 1.49545 2.401 0.875237 0.0123939 -0.00933774 -0.759938 -0.649811 -0.0412789 0.158665 0.00293532 0.000186481 -0.00101763 0.0349822
96.146 0.656922 1.44925 2.56468 0.865468 0.0117761 -0.00921128 -0.769708 -0.638221 -0.0480502 0.177263 0.00363431 0.000304255 0.00185531 0.0244426
97.002 0.619605 1.39852 2.71814 0.822007 0.011087 -0.00934382 -0.775942 -0.630638 -0.0526259 0.179103 0.00599409 0.000448162 0.00264787 0.0172728
97.926 0.64306 1.35127 2.90663 0.830942 0.010937 -0.00924542 -0.780615 -0.624849 -0.052976 0.185957 0.00480274 -0.000343375 0.00149031 0.011781
98.854 0.690104 1.32182 3.0271 0.82961 0.00374631 -0.006826 -0.775622 -0.631149 -0.0164761 0.0610877 0.0120404 0.0302211 0.270195 -0.0602384
99.672 0.742952 1.29964 3.14096 0.841356 0.0130585 -0.0100917 -0.768916 -0.639137 -0.0512716 0.188008 0.00816787 0.00213082 -0.00424562 0.0114295
101.54 0.955639 1.21032 3.52956 0.857107 0.0137744 -0.0111246 -0.781175 -0.624061 -0.0630256 0.237647 0.00842608 -0.000159601 0.000718112 0.0133268
102.624 0.980821 1.1415 3.80019 0.880906 0.0170787 -0.0136764 -0.785175 -0.618888 -0.0739776 0.278838 0.00915854 9.80119e-05 0.00133756 0.00882034
103.668 1.00486 1.0612 4.08417 0.89872 0.017486 -0.0141999 -0.787826 -0.615485 -0.0796428 0.293608 0.00897955 -0.000229843 0.00166235 0.00575021
104.72 1.02264 0.981909 4.40013 0.922308 0.018275 -0.0145442 -0.789832 -0.612878 -0.0805341 0.304923 0.00718337 -6.12449e-05 0.00165603 0.00377841
106.402 1.02319 0.833321 4.92732 0.922698 0.0189952 -0.0152873 -0.791752 -0.610356 -0.0862505 0.319223 0.00747957 0.000376876 0.00189115 0.00130414
107.326 1.01385 0.745237 5.23677 0.917829 0.0193328 -0.0155795 -0.792383 -0.609518 -0.0887792 0.328102 0.010218 0.000494996 0.000568965 0.00170686
108.312 1.03334 0.647624 5.57757 0.929242 0.0193614 -0.0157291 -0.792888 -0.608856 -0.0919636 0.338554 0.00819975 -5.30617e-05 0.000681296 0.000281703
110.008 1.05599 0.494796 6.14582 0.95523 0.0206287 -0.0165655 -0.793043 -0.608591 -0.0921723 0.347674 0.0103348 0.00021081 0.00505431 -0.00107773
111.676 1.07322 0.3336 6.71801 0.966338 0.0156745 -0.0128586 -0.792883 -0.609037 -0.0849221 0.317221 0.00599796 0.000724804 -0.00646706 -0.000622809
113.454 1.12596 0.201373 7.21842 1.01025 0.0115898 -0.00964477 -0.792495 -0.609692 -0.0674001 0.259838 0.00639385 -0.000296733 -0.00534836 -0.000340967
114.5 1.13703 0.141569 7.46033 1.02062 0.00946257 -0.00785696 -0.792266 -0.610052 -0.0570557 0.226172 0.000227975 8.00798e-05 -0.00545606 -0.00233121
115.584 1.12517 0.089005 7.65765 1.01663 0.00753538 -0.00630199 -0.791781 -0.610725 -0.048544 0.193632 -0.00143369 -0.000480863 -0.00419037 -0.000858189
