49.878 0.555936 0.0796666 0.00490111 0.558546 -0.000371646 0.00198768 0.0138348 -0.999902 0.0091697 0.00421776 0.0808185 0.00202963 -0.00147128 0.0611586
50.268 0.561955 0.0854518 0.00418828 0.566991 -0.000367131 -0.00509993 0.002556 -0.999984 0.0381592 0.00668589 0.120389 0.0242678 -0.132849 0.0602612
50.622 0.595172 0.093689 0.00111831 0.595566 -0.00103153 0.00104287 -0.00392876 -0.999991 0.0189444 -0.00124315 0.110562 -0.00402807 0.0189089 0.0281709
51.04 0.619483 0.0985126 -0.00474356 0.616866 -0.000499631 -0.000759895 -0.00670105 -0.999977 0.00828814 -0.00555644 0.119679 -0.00151079 0.00152889 0.00424455
51.52 0.635995 0.105354 -0.00792777 0.637469 0.000345007 -0.0116569 -0.00666822 -0.99991 0.0285393 -0.00292005 0.0986461 0.000184056 0.0174976 0.00191414
52.114 0.636155 0.143397 -0.00787394 0.645622 -0.00064734 0.00347933 -0.00407033 -0.999985 0.0376536 -0.00163981 -0.0351166 0.000279978 -0.0082838 -0.0507766
52.682 0.61542 0.166554 -0.00958362 0.63421 -0.000106824 0.00226198 0.0190189 -0.999817 0.00344358 -0.00330688 -0.016363 -0.000989376 -0.0055118 -0.107479
53.114 0.627039 0.181138 -0.00876764 0.657291 0.000377152 -0.0143963 0.038961 -0.999137 0.0451626 -0.00172722 0.0638388 -0.00162828 -0.0205697 -0.0491446
53.606 0.630481 0.215235 -0.0100196 0.672989 0.000248833 -0.00993967 0.0417129 -0.99908 0.0851317 -0.00178389 0.0672768 0.00111121 -0.00109358 0.0128745
54.102 0.628408 0.265318 -0.0107014 0.688479 0.000180684 -0.00968818 0.0367902 -0.999276 0.104965 -0.00154253 0.0653588 0.000999946 -0.00276508 0.0238901
54.514 0.639259 0.315424 -0.010829 0.715008 1.22502e-05 -0.00929516 0.0314263 -0.999463 0.11485 -0.00126643 0.0661137 0.000329721 5.27548e-05 0.0188556
54.962 0.663346 0.370449 -0.0109235 0.746529 -6.67692e-05 -0.00980876 0.0274717 -0.999575 0.122725 -0.00117691 0.0664108 0.000236601 -0.00057493 0.013307
55.422 0.685096 0.431049 -0.00980571 0.778678 -0.000157505 -0.0104037 0.0245747 -0.999644 0.129398 0.00060993 0.0744587 0.00175372 0.001192 0.0125995
55.892 0.712072 0.496186 -0.0139234 0.813106 0.000508123 -0.0112233 0.0212823 -0.99971 0.139463 -0.00229853 0.0534302 -0.00112295 -0.000786019 0.0156872
56.338 0.742132 0.562366 -0.0148459 0.845459 0.000336323 -0.0116839 0.0174468 -0.99978 0.149815 0.000168772 0.0577282 0.000986044 -0.000964493 0.0182804
56.888 0.773462 0.645697 -0.0138172 0.874526 9.88311e-05 -0.0126355 0.0130261 -0.999835 0.163598 0.000665102 0.037077 -0.000170691 -0.00190888 0.0152657
57.682 0.805999 0.774261 -0.00964328 0.906802 -0.000390757 -0.0142331 0.00853377 -0.999862 0.172695 0.00206714 0.0294315 0.00118091 0.00349712 0.00986415
58.22 0.824138 0.86216 -0.0111292 0.926182 -0.00019495 -0.0153034 0.00694943 -0.999859 0.183055 -0.00205321 0.0317648 -0.00172022 -0.00247883 0.00120094
58.86 0.843101 0.994506 -0.0107355 0.946395 -0.000875505 -0.0151256 0.00828687 -0.999851 0.197892 -0.00293295 0.0042166 -0.000566392 0.00122983 -0.00844394
59.402 0.867676 1.1032 -0.0110696 0.968649 -0.000246838 -0.0161811 0.010618 -0.999813 0.205686 -0.0013857 0.0121462 0.00057074 -0.000753325 -0.00275491
60.054 0.882332 1.2484 -0.0173242 0.983193 -0.000263393 -0.0167091 0.0102353 -0.999808 0.216383 -0.00290665 0.00240032 0.00190647 0.00418679 -5.85807e-05
60.936 0.893649 1.46163 -0.0175821 0.991823 -0.000733559 -0.0169546 0.00987555 -0.999807 0.231968 -0.000368878 -0.00203369 0.000351984 0.00189387 -0.000600804
61.492 0.882594 1.58799 -0.0201114 0.981597 -8.73783e-05 -0.0175055 0.00951844 -0.999801 0.234498 -0.00068115 6.55492e-05 -0.00143272 -0.00132233 -0.0013391
62.5 0.885554 1.83374 -0.0265438 0.978853 -0.000722731 -0.0177485 0.00672284 -0.99982 0.241096 -0.00147938 0.0150551 -0.000955824 0.00187001 0.00168879
63.078 0.883545 1.97427 -0.0330858 0.987194 -0.000417775 -0.0180313 0.00687976 -0.999814 0.246301 -0.00483252 0.0186088 -0.000444898 -9.23872e-05 -0.002513
63.64 0.901314 2.12432 -0.0347649 1.00374 -0.000460887 -0.01818 0.0080302 -0.999802 0.250558 -0.00339235 0.017662 2.68772e-05 2.09363e-05 0.000184574
64.224 0.804825 2.27227 -0.0376531 0.980143 -0.000399245 -0.0187162 0.00815676 -0.999792 0.253769 -0.00438814 0.0178513 -0.00146773 0.000794914 0.0024871
64.834 0.708139 2.42425 -0.0434265 0.977647 -0.000284344 -0.0170781 0.00789823 -0.999823 0.248373 -0.00532294 0.00225017 9.05185e-05 0.00385001 0.00228513
65.376 0.620759 2.56302 -0.0453603 0.980897 -0.000323882 -0.0153264 0.00748288 -0.999855 0.236633 -0.00430024 0.00241567 0.000575975 0.00568587 7.25055e-05
65.942 0.556781 2.69265 -0.0456605 0.993837 0.0003687 -0.0131216 0.00734586 -0.999887 0.221828 -0.00295783 0.0625853 -0.0143361 -0.0164316 0.00180135
66.512 0.541811 2.82052 -0.0423884 1.0228 0.000445802 -0.012376 0.00313299 -0.999918 0.201537 0.00491068 0.0495632 0.0024891 0.00471459 0.0291942
67.062 0.505934 2.92425 -0.0347131 1.00766 -6.15212e-05 -0.0124829 -0.00473659 -0.999911 0.193026 0.00769318 0.0558056 -0.00034162 0.00177855 0.0267048
67.618 0.527531 3.02065 -0.0319654 1.02835 0.000134129 0.00214599 -0.0230358 -0.999732 0.133457 0.00631996 -0.0121118 0.00144597 -0.00168072 0.155114
68.104 0.532648 3.07049 -0.0331815 1.03688 -0.000405309 0.00299161 -0.0708341 -0.997483 0.0712566 0.00186639 -0.0229556 -0.00191854 -0.00479143 0.219725
69.056 0.541317 3.09732 -0.0421599 1.03716 0.000220418 0.00378768 -0.138515 -0.990353 0.00635534 -0.00345645 -0.02655 -4.04521e-05 0.00162308 0.000826498
69.55 0.534917 3.09002 -0.0422401 1.03334 0.000467789 0.00374375 -0.12568 -0.992064 -0.00733126 -0.00310908 -0.02086 -0.0004961 0.00149369 -0.097833
70.458 0.528546 3.05964 -0.0400814 1.026 0.000178445 0.00289475 -0.0839175 -0.996469 -0.0176825 -0.000966021 -0.0168906 0.000578379 0.00173916 -0.102863
71.52 0.515894 3.0186 -0.0407536 1.01144 0.000365261 0.00183747 -0.0293134 -0.999569 -0.0164796 -0.00146153 -0.00206621 -0.00137914 0.00362403 -0.0913857
72.09 0.514141 2.99982 -0.0395713 1.01459 -0.000700847 -0.00588682 -0.00780041 -0.999952 -0.00790414 -0.00116762 0.017325 0.024885 0.169463 -0.0696736
72.634 0.533334 3.01164 -0.0372418 1.03382 -0.000817246 -0.0101747 0.00851674 -0.999912 0.076927 -0.00903556 0.0120595 0.000283358 -0.0127081 -0.0531761
73.254 0.534461 3.05801 -0.0339268 1.0472 -0.000638613 -0.00953288 0.0226131 -0.999699 0.102081 -0.0112826 0.010034 -0.0206325 -0.00680243 -0.0409609
73.804 0.535483 3.1021 -0.0333736 1.05244 0.000564658 0.0030154 0.024375 -0.999698 0.0509549 -0.00275611 -0.00449181 0.00382992 0.0114817 0.0359239
74.75 0.535286 3.15957 -0.0272978 1.07245 0.000522306 -0.0101989 -0.00199511 -0.999946 0.0898745 0.00661417 0.0111035 0.0390119 -0.0105649 0.0561733
75.68 0.547001 3.22693 -0.0210533 1.06198 -0.00173889 -0.0112758 0.00415357 -0.999926 0.0464805 -0.00517414 0.0146899 0.00217876 0.0841739 -0.0587342
76.244 0.561098 3.27615 -0.0202158 1.06801 -0.00135999 -0.00990738 0.0205025 -0.99974 0.101787 -0.00905119 0.0126502 0.000894174 -0.00424941 -0.0514963
76.75 0.582791 3.33842 -0.0193785 1.08307 -0.00156773 -0.00963057 0.0323545 -0.999429 0.12158 -0.00908652 0.0123406 0.000751949 -0.0035669 -0.0410735
77.334 0.605976 3.40199 -0.0256456 1.09358 0.00040258 0.00449052 0.0363983 -0.999327 0.0698739 -0.00201725 -0.00713575 0.00178708 0.013421 0.0309213
77.874 0.614441 3.42022 -0.0286335 1.09807 0.000189986 0.00250499 0.0231931 -0.999728 0.0226595 0.00300545 0.0059831 -0.0107722 0.0745125 0.0661451
78.42 0.616703 3.44374 -0.0297433 1.11559 -0.00058941 -0.0137317 0.00760561 -0.999877 0.0954427 0.00559804 0.0164163 0.00848517 -0.0215098 0.0501613
79.26 0.657208 3.53851 -0.0339712 1.12658 -0.000283722 -0.0110821 -0.000293469 -0.999939 0.140739 -0.00133397 0.0160913 -0.000953579 -0.00205797 0.00214904
79.842 0.709758 3.61778 -0.033017 1.1441 0.00133209 -0.0104431 -0.00156057 -0.999943 0.148597 0.00559102 0.0359508 0.00192998 0.00107203 0.016726
80.412 0.756713 3.70244 -0.0262739 1.15954 0.000770062 -0.0119873 -0.00972796 -0.999881 0.155908 0.012135 0.0381661 0.00070714 -9.00188e-05 0.0341626
81.308 0.851297 3.8481 -0.0137387 1.21161 0.000221305 -0.0129185 -0.0219841 -0.999675 0.170109 0.0119556 0.0831627 -0.000474411 0.000924216 0.0170588
82.19 0.956621 4.0057 -5.25183e-05 1.29184 -0.000483443 -0.0154485 -0.0258752 -0.999546 0.192172 0.0115684 0.0766392 -0.000574204 -0.000883572 0.0043005
82.712 1.0441 4.11017 0.00504598 1.34117 -0.000211966 -0.0177883 -0.0256902 -0.999512 0.208829 0.010093 0.0868986 -0.000291244 -0.00421392 -0.0029345
83.284 1.15047 4.22846 0.0102789 1.35804 -0.000990132 0.00762523 -0.0188226 -0.999793 0.118576 0.00451871 -0.00832032 -0.00178101 0.0211166 -0.0655594
83.844 1.20496 4.27622 0.0132761 1.36848 -0.0010555 0.00321855 0.00319637 -0.999989 0.0269384 0.00106228 0.0721375 0.0170987 0.178563 -0.0923215
84.374 1.23595 4.32914 0.00895368 1.43086 -0.00205813 -0.0258538 0.0217381 -0.999427 0.172307 -0.0139383 0.128608 -0.00724249 -0.0741759 -0.0531036
84.93 1.30101 4.43812 -0.000979766 1.50689 -0.00165836 -0.0222574 0.0315583 -0.999253 0.225627 -0.0177121 0.130216 0.000938105 -0.00456927 -0.0217647
85.842 1.29137 4.64828 -0.0131344 1.55055 0.000245979 0.00664983 0.027075 -0.999611 0.0879048 -0.000998205 -0.00850342 0.00471156 0.0212585 0.0708717
86.44 1.29018 4.70629 -0.0155063 1.56391 -0.00341154 -0.0313629 0.00530427 -0.999488 0.0631411 -0.00194462 0.125697 0.0138909 0.205968 0.058461
87.45 1.21042 4.94011 -0.0346481 1.70306 -0.00285812 -0.0221067 0.010423 -0.999697 0.233095 -0.0211993 0.166067 -0.00018129 0.00347146 -0.0381113
88.056 1.06664 5.10998 -0.0506533 1.77564 -0.00253182 -0.0214593 0.0208347 -0.999549 0.239914 -0.0223823 0.162276 -4.50978e-05 0.00374343 -0.0345515
89.086 0.818655 5.42908 -0.0752818 1.86372 0.00111205 -0.0214318 0.0272976 -0.999397 0.245237 0.00130757 0.0258514 0.00396924 -0.000531849 0.031526
89.6 0.679116 5.58812 -0.0781677 1.87939 -0.000879598 -0.0174014 0.0179569 -0.999687 0.231901 0.00262793 0.0197475 -0.00100896 0.011282 0.0361826
90.626 0.519421 5.87203 -0.0911883 1.94233 -0.000189417 -0.0135992 0.00688979 -0.999884 0.198142 -0.00171159 0.125953 -0.000249524 0.00845186 0.018346
91.204 0.521928 6.01159 -0.0932679 2.00575 -0.000435596 -0.0118084 0.00136341 -0.999929 0.17946 -0.00118704 0.095902 -0.000480889 0.00498918 0.0199181
91.934 0.565603 6.16883 -0.0932792 2.07302 -0.000403297 -0.0124161 -0.00518566 -0.999909 0.171166 -0.00121037 0.0982866 -1.68381e-05 -0.000764618 0.01495
92.52 0.638804 6.2872 -0.0898597 2.14148 -0.00152004 -0.0126609 -0.00631406 -0.999899 0.173217 -0.00580755 0.103923 -0.00115657 -0.00307146 -0.0135704
93.054 0.727336 6.39283 -0.0905042 2.19076 -0.00126562 -0.0161208 -0.000936545 -0.999869 0.181997 -0.00867558 -0.0302661 -0.00211905 0.0292183 -0.0261016
93.628 0.75229 6.51217 -0.0942166 2.17385 -0.000954491 -0.01679 0.00473111 -0.999847 0.211337 -0.00989252 -0.0308677 8.11806e-05 -0.0053065 -0.0194442
94.234 0.811206 6.62618 -0.0947089 2.17683 -0.000128203 0.00317847 -0.000158556 -0.999995 0.116927 -0.0038235 -0.00142707 0.00337217 0.00619564 0.0621409
94.802 0.838844 6.67773 -0.0942419 2.16459 -0.000128721 0.0018875 -0.0210802 -0.999776 0.0518772 -0.00428401 -0.0606809 -0.0254008 0.199529 0.07697
95.544 0.830365 6.75141 -0.0864748 2.09534 0.000969293 -0.0168586 -0.042695 -0.998945 0.180186 0.0136803 -0.100211 -0.000827294 -0.0109166 0.043968
96.108 0.857738 6.83781 -0.0749264 2.061 0.00168517 -0.00867406 -0.0530037 -0.998555 0.161185 0.0122211 -0.102242 -0.019474 0.156806 0.0441
96.658 0.87458 6.92119 -0.0581718 2.02042 -0.00212084 0.00216791 -0.0643565 -0.997922 0.158217 0.015968 0.0105323 0.011392 -0.0806857 0.0030495
97.202 0.896575 6.97036 -0.0488194 1.98224 0.00124121 -0.0137794 -0.048228 -0.998741 0.0835311 -0.0022298 -0.0986612 -0.0272882 0.228047 -0.0852957
97.74 0.906268 7.03234 -0.0350635 1.92973 0.00250361 -0.0181258 -0.0392971 -0.99906 0.168544 0.021833 -0.100396 0.00534011 -0.0174055 0.00892253
98.334 0.953964 7.13583 -0.0123511 1.86358 0.000888865 -0.018148 -0.0480326 -0.99868 0.193921 0.0268757 -0.103707 0.000450157 -0.00145356 0.0362951
98.868 1.02347 7.25462 0.00444287 1.79795 -0.000436096 -0.0196648 -0.0551198 -0.998286 0.21471 0.0214359 -0.0924494 -0.00071962 -0.00209252 0.0140879
99.406 1.13173 7.39404 0.0225831 1.74154 -0.000832899 -0.0192808 -0.0548243 -0.998309 0.234928 0.0161019 -0.116115 -0.000518679 -0.00595017 -0.0136781
99.958 1.16214 7.54406 0.0446091 1.66496 0.000996044 -0.0219408 -0.049674 -0.998524 0.254239 0.0224289 -0.150624 2.28556e-05 -0.00759969 -0.0142582
100.534 1.13703 7.69813 0.0667774 1.63448 -0.00199029 0.0081642 -0.0450203 -0.998951 0.193707 0.0202415 0.00780713 0.00426199 -0.0343807 -0.0480971
101.412 1.1204 7.86736 0.0810862 1.56386 -0.000765761 -0.0233787 -0.0163718 -0.999592 0.231428 0.00999894 -0.134467 0.00155662 -0.0217816 -0.0368958
102.424 1.11743 8.13648 0.0884337 1.44748 -0.00285569 -0.0207845 -0.0070419 -0.999755 0.265382 -0.00090352 -0.103708 -0.00300358 0.00285323 -0.0252637
103.442 0.939671 8.43495 0.0857609 1.35839 -0.00076392 -0.0234756 0.00927585 -0.999681 0.280415 -0.00370749 -0.0662813 0.00267705 0.00236883 -0.024612
104.07 0.77224 8.63647 0.0827956 1.31994 -0.00104713 -0.0199843 0.0133507 -0.999711 0.273294 -0.000223852 -0.0720964 -0.00338611 0.00561195 -0.00479173
104.658 0.625985 8.79795 0.0825088 1.28737 -0.000480587 -0.0163784 0.0127367 -0.999785 0.25112 0.00529711 -0.0780691 0.00124881 0.0106934 0.00959277
105.22 0.515823 8.95756 0.081918 1.26551 -0.00107506 -0.0148625 0.00990687 -0.99984 0.228633 0.00484799 -0.0606644 -0.000538241 0.00683702 0.0089656
106.354 0.485524 9.20348 0.0797495 1.13747 -0.000710284 -0.00576107 -0.00117754 -0.999982 0.174661 0.00869481 0.019196 0.00229844 -0.0997543 0.0563336
106.982 0.468498 9.29272 0.07786 1.13477 -0.000621081 0.00123324 -0.0431236 -0.999069 0.0946828 0.00729386 0.0166514 0.00115223 -0.0105069 0.194191
107.544 0.466624 9.33621 0.0786489 1.13674 -0.0010812 0.00345377 -0.0949252 -0.995478 0.0430054 0.00401605 0.020522 0.00495193 -0.00468171 0.122937
108.114 0.458821 9.34703 0.078991 1.14314 -0.000956887 0.004228 -0.098291 -0.995148 0.0108285 -0.000632494 0.0125951 -0.00204148 -7.38925e-05 -0.0686171
108.72 0.453856 9.34104 0.0758802 1.14856 -0.000562576 0.00445514 -0.072469 -0.997361 -0.00662488 -0.000317566 0.00702351 -0.0018392 -0.000754382 -0.0978259
109.284 0.467295 9.32548 0.0724865 1.1245 -0.00156072 -0.0126559 -0.0483067 -0.998751 0.0197204 0.000539503 -0.100598 0.00118577 0.0725382 -0.070795
109.894 0.512468 9.34506 0.0679511 1.0781 -0.000995617 -0.00820441 -0.0340051 -0.999388 0.0946419 0.0009947 -0.106652 0.000155408 -0.00590704 -0.0350915
110.48 0.564554 9.38542 0.0645364 1.02749 -0.00168011 -0.00793107 -0.0229656 -0.999703 0.113697 -0.00394467 -0.102211 -0.00143671 -0.00341918 -0.0481072
111.064 0.620243 9.43628 0.0602768 0.973069 -0.00149946 -0.00837448 -0.00888359 -0.999924 0.122589 -0.00598494 -0.116428 -9.65841e-05 -0.00150685 -0.0488916
111.62 0.699769 9.49251 0.0583075 0.895729 -0.000215018 -0.00940233 0.000754976 -0.999956 0.132565 -0.00080867 -0.138531 0.00259926 -0.00372052 -0.0158549
112.186 0.789281 9.55302 0.0558742 0.810041 -0.00132399 -0.0101964 0.00116776 -0.999946 0.141356 0.00016149 -0.153355 0.00840163 -0.00456809 0.00407228
112.794 0.836683 9.63048 0.0532751 0.711877 -0.00127215 -0.0118737 0.00320657 -0.999924 0.154626 -0.00556167 -0.0201163 -0.00569049 0.0243279 -0.0146861
113.414 0.783915 9.73046 0.0475984 0.71264 -0.000952205 -0.0158996 0.00694546 -0.999849 0.193076 -0.00551608 0.0016656 0.000448585 -0.00645792 -0.00824647
114.02 0.738927 9.8459 0.0446373 0.703344 -0.000531203 -0.0143101 0.00850426 -0.999861 0.202323 -0.00407214 0.0137463 -0.000219043 0.00246524 -0.00122043
115.056 0.681283 10.0129 0.0439292 0.681368 -0.00109454 0.00447679 0.0206528 -0.999776 0.079759 -0.00290129 0.0189389 -0.00102996 0.00433526 -0.0789234
116.024 0.691324 10.0424 0.0407649 0.692193 -0.00113451 0.00463166 0.0596086 -0.99821 0.00607454 -0.00274664 0.00724699 -0.00145955 0.00041168 -0.0770428
116.592 0.724153 10.0489 0.0324042 0.731193 -0.00208153 -0.0176733 0.0769727 -0.996874 0.0932088 -0.017137 0.0707887 -0.00177949 -0.0474836 -0.0413301
117.162 0.76454 10.1015 0.0192828 0.76731 -0.00302205 -0.0125291 0.0848459 -0.996311 0.146665 -0.0271355 0.0465657 0.00572702 -0.00887692 -0.0245866
117.766 0.799014 10.1774 0.00168739 0.801782 -0.00291582 -0.0125915 0.0941219 -0.995477 0.163756 -0.0371643 0.0473629 -0.000680958 -0.00113067 -0.0380871
118.344 0.833156 10.2691 -0.0174715 0.827625 -0.00191258 -0.014495 0.102393 -0.994637 0.182845 -0.0359624 0.0312081 0.00178852 -0.00235831 -0.0151667
118.956 0.874346 10.3718 -0.0386019 0.854588 -0.0025553 -0.0146614 0.104672 -0.994395 0.194454 -0.0382229 0.055273 0.0068751 -0.00936522 -0.00504901
119.536 0.938652 10.4845 -0.062674 0.893047 -0.00283301 -0.0156816 0.107537 -0.994073 0.200802 -0.0438573 0.0553704 -0.000585845 -0.000773021 -0.0121237
120.598 1.07806 10.706 -0.114661 0.939912 -0.00259087 -0.0178692 0.114347 -0.993277 0.220591 -0.0516547 -0.00220523 -0.0118442 0.00947518 -0.00997648
121.22 1.03795 10.8555 -0.148033 0.93793 -0.00255827 -0.0207662 0.115093 -0.993134 0.247645 -0.0518356 -0.00459571 0.00123157 -0.00497465 0.00440182
121.812 0.946699 11.0151 -0.18265 0.924577 -0.00232427 -0.0194407 0.113402 -0.993356 0.256799 -0.0518055 -0.0335859 0.00055952 0.00200308 0.0108316
122.402 0.856837 11.1749 -0.215422 0.899229 -0.00142515 -0.0176914 0.109314 -0.993849 0.250232 -0.0439135 -0.0143101 0.00131303 0.00616117 0.0230875
122.956 0.819699 11.3221 -0.24059 0.913811 -0.00330084 -0.0164825 0.103747 -0.994462 0.240364 -0.0440225 0.0649486 -0.000801304 0.00968864 0.0133555
123.614 0.847604 11.4892 -0.273371 0.954558 -0.0028042 -0.0168119 0.103611 -0.994472 0.234964 -0.0479675 0.0465594 -0.000938567 0.00176182 -0.00569341
124.158 0.889324 11.6266 -0.305138 0.997702 -0.00287146 -0.0171404 0.105292 -0.99429 0.239592 -0.0500961 0.0725781 0.00303299 -0.00896834 -0.00527449
124.75 0.959751 11.7749 -0.339066 1.06117 -0.00305518 -0.0179411 0.10727 -0.994063 0.244859 -0.0531542 0.071223 1.14112e-05 -0.00148333 -0.00844146
125.356 0.932261 11.9265 -0.373605 1.10034 -0.000365583 -0.0187027 0.106888 -0.994095 0.257389 -0.0447556 0.0102928 0.00389952 -0.00453072 0.0197457
125.956 0.804744 12.0815 -0.402106 1.12388 -0.0011477 -0.0181984 0.0981404 -0.995006 0.260108 -0.0378255 0.00404398 0.00112687 0.00403555 0.0384121
126.962 0.612559 12.3354 -0.433315 1.10955 -0.00137041 -0.0164848 0.0821708 -0.996481 0.247195 -0.029635 -0.0175566 0.00116783 0.00154751 0.0304767
127.982 0.459491 12.5646 -0.463162 1.10674 -0.00217544 0.00277481 0.0734954 -0.997289 0.182161 -0.0243797 0.00101164 0.000770499 -0.0517152 -0.0568155
128.936 0.428557 12.6616 -0.48631 1.10293 -0.000638096 0.00481963 0.150024 -0.98867 0.0444141 -0.00651646 0.00844959 0.00119594 -0.00226547 -0.189909
129.508 0.426372 12.6669 -0.488468 1.08639 -0.00104877 0.00497237 0.193672 -0.981053 0.00964437 0.000276025 0.0190891 -0.00109709 3.25653e-05 -0.148489
130.092 0.431309 12.6566 -0.490377 1.08859 -0.00124455 0.00508567 0.232518 -0.972578 -0.00764442 0.0023277 0.0253199 -0.00134095 0.000129499 -0.154274
130.88 0.443991 12.6256 -0.488705 1.10457 0.00079822 0.00411232 0.258279 -0.966061 -0.010497 0.0115565 0.00672554 0.00143564 0.00149568 0.102425
131.454 0.450119 12.6005 -0.482082 1.10373 0.000168745 0.00362193 0.216894 -0.976188 -0.00907807 0.0136813 0.00635528 0.00218955 0.00221586 0.177861
132.124 0.455508 12.5708 -0.472235 1.12416 -6.69325e-05 0.00298168 0.167396 -0.985885 -0.00758912 0.0103076 -0.0117465 0.000879615 0.00494248 0.144677
132.734 0.463883 12.5422 -0.462615 1.13185 -0.0018868 0.00183884 0.152942 -0.988232 -0.00506962 -0.000280544 -0.0249104 -0.00218758 0.00383621 -0.0996477
133.41 0.476099 12.5205 -0.460467 1.08507 -0.000596644 0.000994757 0.208598 -0.978001 0.000972806 -0.00526922 0.0214984 -0.00325056 0.00235054 -0.203198
134.184 0.48893 12.4979 -0.456638 1.10503 -0.000170514 1.71208e-05 0.275191 -0.961389 0.00794781 -0.00243464 0.00678648 -0.00112136 0.00188894 -0.152625
134.954 0.491507 12.4903 -0.45354 1.11616 -8.51146e-05 -0.000190762 0.321159 -0.947025 0.0132874 -0.0023882 -0.00645115 -0.000878579 0.000825438 -0.109117
135.574 0.493098 12.4868 -0.452181 1.11621 7.89016e-05 -0.000388472 0.348166 -0.937433 0.0140019 -0.00317604 -0.00730478 -0.000301172 3.09379e-05 -0.0795844
136.298 0.492604 12.4866 -0.452767 1.12645 -0.00524684 -0.00950029 0.370774 -0.92866 0.0273605 -0.0255478 0.00109588 -0.00285372 0.0116493 -0.0586392
136.952 0.496503 12.5116 -0.478153 1.0908 -0.00349376 -0.0067818 0.385438 -0.922702 0.0549919 -0.0619224 8.0467e-05 9.81526e-06 -0.000947927 -0.0427717
137.614 0.505132 12.5449 -0.512494 1.09989 -0.00342053 -0.00681166 0.396737 -0.917901 0.061224 -0.0724849 -0.00361046 0.000562039 0.000730317 -0.0334562
138.214 0.516646 12.5831 -0.551258 1.0917 -0.00354942 -0.00719933 0.404944 -0.914306 0.0650337 -0.079055 -0.00422129 0.00014225 0.000565427 -0.0279521
138.77 0.535711 12.6248 -0.592266 1.09742 -0.00371334 -0.00757454 0.411406 -0.911413 0.0690935 -0.0848909 -0.00312467 -0.00742082 0.000604592 -0.0236118
139.348 0.561443 12.6707 -0.636993 1.10024 -0.00278531 -0.00867195 0.413131 -0.910626 0.0795573 -0.0842982 -0.00397704 0.00240727 -0.000201478 0.0145494
139.962 0.592879 12.7289 -0.686117 1.10505 -0.00348725 -0.00914573 0.407197 -0.913288 0.088104 -0.0887358 -0.0040626 0.00118235 -0.000883057 0.0235848
140.53 0.579649 12.7828 -0.728739 1.11194 0.00183274 0.00475547 0.39963 -0.916662 0.0611794 -0.0583397 -0.0021457 0.00389235 0.000232157 0.055796
141.174 0.554669 12.8126 -0.749796 1.11499 0.0012694 0.00346091 0.374067 -0.927395 0.014268 -0.0126391 -0.00775127 -0.00114003 -0.000610872 0.146049
141.774 0.551056 12.8183 -0.750118 1.11645 0.000901817 0.00345704 0.324851 -0.945758 -0.00376221 0.0047862 -0.0109423 0.00220574 0.00113047 0.207972
142.434 0.563455 12.8116 -0.737144 1.09996 0.000169308 0.00296902 0.269613 -0.962964 -0.013644 0.0115357 0.0033244 -0.000219091 0.00314853 0.178695
143.056 0.577884 12.8031 -0.724247 1.09555 -7.38988e-05 0.00273546 0.201682 -0.979447 -0.0138548 0.0109684 0.0101069 0.00165793 0.000672407 0.24463
143.654 0.585449 12.7897 -0.716806 1.10061 -0.000368472 0.00222625 0.136664 -0.990615 -0.015497 0.00730855 0.0102932 0.000932946 0.0017972 0.217508
144.302 0.591308 12.7766 -0.70822 1.1186 -0.000686583 0.00173251 0.080092 -0.996786 -0.0138232 0.00524064 -0.0101656 0.00298906 0.00166909 0.158397
144.87 0.596285 12.7661 -0.704125 1.12442 -0.000972246 0.00134613 0.0429061 -0.999078 -0.0114694 0.00176081 -0.019111 -0.000209115 0.00091418 0.118804
145.446 0.597588 12.7548 -0.703288 1.1127 -0.000741885 -0.00774902 0.0130922 -0.999884 -0.000433364 0.000825168 -0.0162209 -0.00252098 0.14701 0.0864772
146.09 0.599019 12.7816 -0.702778 1.10468 -0.00117386 -0.00993256 -0.00182112 -0.999948 0.0826806 -0.000221109 -0.0190718 -0.00142761 -0.00419025 0.0146773
147.054 0.599846 12.8717 -0.700726 1.07944 -0.00145136 -0.010025 -0.00494863 -0.999937 0.106903 0.00356122 -0.0184278 0.000529331 0.00123878 0.000925706
147.65 0.598924 12.9399 -0.702322 1.06949 -0.00139929 -0.0104238 -0.00498926 -0.999932 0.113654 0.00330782 -0.0202987 -0.000166263 0.00111588 -0.00231317
148.55 0.594852 13.056 -0.705267 1.06919 -0.00111899 -0.0107861 -0.00486311 -0.999929 0.121 0.00563905 0.00389775 0.000284203 0.00202662 0.000571222
149.186 0.595641 13.1596 -0.705227 1.07034 -0.00131485 -0.011116 -0.00665575 -0.999915 0.127989 0.00774178 0.00364738 0.000300355 0.000441005 0.00654887
149.76 0.592556 13.2538 -0.708275 1.05812 -0.0012416 -0.0111655 -0.0086691 -0.999899 0.135341 0.00772682 0.00321959 -0.00774029 -0.00421145 0.00557466
150.386 0.592303 13.3539 -0.707222 1.04894 -0.000232374 -0.0105707 -0.0152111 -0.999828 0.134387 0.0168875 0.00347602 0.00132383 0.000780901 0.0355152
151.026 0.592665 13.4581 -0.707148 1.04216 -0.00045578 -0.0108501 -0.0271807 -0.999572 0.140667 0.0177544 0.00383308 -0.00011603 -0.000267558 0.0378002
151.644 0.593173 13.5549 -0.707385 1.05221 -0.0010482 0.00487859 -0.0456689 -0.998944 0.0853784 0.0115421 -0.00413942 -0.00190295 0.00780526 0.117336
152.252 0.592242 13.5965 -0.709624 1.05667 -0.000724238 0.00434339 -0.0920985 -0.99574 0.0181372 0.00693918 -0.00992828 -0.0015698 -0.00105266 0.164658
152.856 0.588215 13.6032 -0.714917 1.05359 -5.81594e-06 0.00415216 -0.134743 -0.990872 -0.012238 0.00495687 -0.00951413 -0.00242382 0.00186682 0.138247
153.434 0.581663 13.5979 -0.721142 1.05247 0.000677197 0.00399655 -0.172098 -0.985072 -0.0238528 0.00586388 -0.00504017 -0.000231312 0.00112606 0.117645
154.102 0.576181 13.5772 -0.724839 1.04914 0.00084416 0.00327343 -0.20585 -0.978578 -0.0291535 0.00713666 -0.0058817 0.000849331 0.00406005 0.0864116
154.702 0.57483 13.5567 -0.725241 1.03271 0.000866631 0.00247314 -0.228641 -0.973507 -0.0263034 0.00758071 0.0126518 0.000676845 0.00279536 0.0779299
155.652 0.58076 13.534 -0.717825 1.04086 -0.000747822 -0.00394521 -0.258761 -0.965933 0.0257385 0.0229255 -0.00104912 0.00982254 -0.125851 0.058065
156.254 0.589494 13.5414 -0.707431 1.07563 0.00364437 -0.0102901 -0.273968 -0.961677 0.0468671 0.0305967 0.068788 0.00174779 -0.0154981 0.054483
156.852 0.615935 13.5684 -0.67939 1.1196 0.00279436 -0.00836495 -0.287982 -0.957595 0.0683093 0.0493661 0.0684989 0.000684001 0.000279196 0.0439074
157.466 0.657694 13.6116 -0.636158 1.12946 0.00293238 -0.0102421 -0.299158 -0.954144 0.0834641 0.0622518 0.0029193 -6.66853e-05 -0.00231272 0.0268557
158.074 0.707403 13.6709 -0.583577 1.137 0.00320871 -0.0111999 -0.305625 -0.952081 0.0948698 0.0727848 0.00270176 0.000420521 -0.000291025 0.0163964
158.766 0.770583 13.755 -0.520096 1.13055 0.000314593 -0.0118767 -0.30778 -0.951383 0.1117 0.0699571 -0.0192763 -0.00491324 0.000267379 -0.025499
159.382 0.832024 13.8409 -0.461875 1.10947 0.00152646 -0.0132687 -0.296044 -0.955081 0.127526 0.071062 -0.0198386 -2.39391e-05 -0.00185165 -0.0557995
160.024 0.89349 13.9378 -0.398884 1.0887 0.00108024 -0.0149551 -0.279521 -0.960023 0.123142 0.0655378 -0.0128456 0.00192882 0.0540377 -0.0571558
160.628 0.947523 14.0389 -0.342773 1.06062 0.00165005 -0.0155858 -0.26482 -0.96417 0.160132 0.0799668 -0.0133661 -0.000268001 -0.00339663 -0.0522331
161.29 0.992808 14.1665 -0.280805 1.05925 0.00149809 -0.0160218 -0.250295 -0.968036 0.183147 0.084424 -0.0396324 -0.00141967 0.000258336 -0.0479603
161.948 0.973981 14.3045 -0.213892 1.05284 0.00239544 -0.0171593 -0.237221 -0.971301 0.202352 0.0924562 -0.0202886 -0.00208943 0.00453654 -0.0381387
162.594 0.968852 14.4378 -0.147059 1.04849 0.00235046 -0.0171866 -0.228541 -0.97338 0.212739 0.0996979 -0.0214708 0.00104239 0.00156232 -0.0233607
163.602 0.959628 14.6594 -0.043772 1.00841 0.00181337 -0.0172749 -0.21797 -0.975801 0.223651 0.0977717 -0.0366277 -0.00046664 0.00153202 -0.0264599
164.718 0.809197 14.9215 0.0642767 0.943106 0.00308744 -0.0174532 -0.207368 -0.978103 0.237646 0.10062 0.00603416 -0.0279543 -0.00662096 -0.0142108
165.328 0.677916 15.0579 0.125019 0.937561 0.00362601 -0.0140805 -0.208677 -0.977876 0.219663 0.105502 0.00422245 0.00229171 0.00827286 0.0203048
166.002 0.569059 15.1987 0.198092 0.939578 0.00277046 -0.0129341 -0.217093 -0.976061 0.200523 0.0997604 0.00575937 -5.49992e-05 0.00480271 0.025601
166.648 0.502552 15.2942 0.250998 0.949833 -0.00128438 0.00441982 -0.251975 -0.967723 0.108216 0.0567253 -0.00647425 0.0052303 0.00682847 0.239554
167.768 0.472105 15.3421 0.27567 0.925324 -0.000276884 0.00585638 -0.402287 -0.915495 0.0148431 0.00724736 0.0134864 0.00151938 0.000372425 0.349385
168.648 0.482893 15.3201 0.268582 0.946622 0.00455779 -0.0158172 -0.52 -0.854008 0.0346895 0.0354522 0.0133371 0.0117435 -0.00437786 0.181387
169.29 0.490098 15.3311 0.294297 0.961804 0.00260696 -0.00919194 -0.535169 -0.844691 0.0839703 0.0791467 0.00947603 -0.00527972 -0.00266303 -0.0159424
169.95 0.502552 15.3535 0.337699 0.9699 -0.00175824 0.00317028 -0.542327 -0.84016 0.059102 0.0557994 -0.0038335 0.00513841 0.00513458 0.17799
170.596 0.516801 15.3564 0.359646 0.973303 -0.00251378 0.000888232 -0.624142 -0.781307 0.0281773 0.0150673 -0.00553074 0.00375474 -6.93618e-05 0.366617
171.292 0.521184 15.3577 0.363841 0.971072 0.00038417 -0.00331623 -0.69036 -0.723458 0.0240728 -0.00240111 0.0225558 -0.00676134 0.166217 0.140875
172.032 0.531615 15.3671 0.391585 0.988274 0.00454852 -0.00865983 -0.708324 -0.70582 0.0224047 0.0816083 0.0251836 0.012165 0.00330083 0.0243964
172.738 0.572641 15.3752 0.452526 0.984633 0.004461 -0.00852469 -0.708207 -0.70594 0.0232041 0.101282 0.0241653 -0.000290169 -0.000394587 -0.0174716
173.388 0.624562 15.3843 0.524997 0.973932 -0.00480457 0.00219903 -0.707233 -0.706961 0.0167236 0.0675586 0.00156496 -0.000320723 -0.0132482 0.0271149
174.082 0.645861 15.3947 0.559213 0.978353 -0.00342953 0.00104502 -0.723559 -0.690253 0.00938251 -0.000346146 -0.00119467 -0.00141472 0.00100453 0.0818003
174.73 0.636973 15.4071 0.566144 0.992749 -0.00397299 -0.000394864 -0.715907 -0.698184 0.01265 -0.0214787 -0.0147059 -0.00652357 -0.00159952 -0.26073
175.442 0.637337 15.4248 0.564087 0.995192 -0.00241439 0.00172885 -0.620165 -0.784466 0.00577333 -0.0306047 -0.0233564 -0.00541269 -0.00218039 -0.408559
176.142 0.634192 15.4353 0.554239 0.982649 -0.00221384 0.00217322 -0.507589 -0.861594 -0.00656947 -0.0335375 -0.00725173 -0.00352212 -0.00179599 -0.368291
176.852 0.61925 15.4371 0.539426 0.981915 -0.00166581 0.00231647 -0.411629 -0.911347 -0.0146011 -0.0305476 -0.00881206 -0.00067974 -0.000787239 -0.287097
177.58 0.609807 15.4328 0.526562 0.971452 -0.00164842 0.00241918 -0.331902 -0.943309 -0.0163643 -0.0240537 0.00179308 -0.00122132 -0.000587785 -0.210706
178.33 0.603339 15.4217 0.514589 0.979648 -0.00138338 0.00227926 -0.268853 -0.963178 -0.015377 -0.0160024 -0.00462339 0.000261852 0.000342169 -0.141213
179.02 0.603316 15.4106 0.507206 0.975305 -0.00156898 0.00193128 -0.235377 -0.971901 -0.0102658 -0.00972683 -0.00442551 7.07508e-05 -0.00145553 -0.0866886
180.178 0.593244 15.4287 0.504536 0.978266 0.00109057 -0.00906667 -0.206481 -0.978408 0.0895981 0.0379592 -0.0169712 0.00109047 -0.00375506 -0.0150408
180.886 0.584231 15.4817 0.522631 0.988372 0.00169618 -0.00856143 -0.203534 -0.979029 0.104539 0.0466124 0.0152186 0.00127814 0.00233019 0.00201846
181.594 0.580636 15.5436 0.544787 0.996481 0.00154674 -0.00888657 -0.206064 -0.978497 0.109468 0.0495139 0.015747 0.000346932 0.00204669 0.0113463
182.326 0.58881 15.6206 0.576625 1.02133 0.00114107 -0.00929413 -0.207979 -0.978089 0.115662 0.0485094 0.0192607 -0.00133948 0.00179056 -0.00132055
183.012 0.599849 15.6995 0.608306 1.03095 0.00136468 -0.00986592 -0.206022 -0.978497 0.120716 0.0496923 0.0196643 0.000585409 0.000932533 -0.00538834
183.706 0.564694 15.7814 0.640497 1.04871 0.000805788 -0.00997124 -0.201484 -0.979441 0.124797 0.0463048 0.0121471 -0.00574197 -0.0444953 -0.0201661
184.408 0.53754 15.8428 0.665135 1.06097 -0.00126472 0.00332362 -0.185446 -0.982648 0.0394187 0.0138982 -0.0117041 -0.000172823 0.00282768 -0.0734593
185.164 0.529498 15.861 0.670854 1.05959 -0.000734061 -0.00396434 -0.158419 -0.987364 0.00404354 -0.000710627 0.00449875 -0.00241155 0.106828 -0.0695355
185.838 0.525838 15.8725 0.675671 1.06099 -0.000622502 -0.000872799 -0.121429 -0.9926 0.0247593 0.00718822 -0.00287571 -0.000378737 -0.00226775 -0.148679
186.604 0.520742 15.8842 0.681126 1.06299 -0.000875873 0.000217034 -0.0679884 -0.997686 0.019739 0.00722955 -0.00463673 0.00093357 -0.00294089 -0.126965
187.482 0.51978 15.8928 0.681419 1.06024 -0.00121194 0.00101521 -0.00916947 -0.999957 0.012952 0.00314155 -0.000612426 -0.00140358 -0.00177423 -0.145297
188.236 0.523058 15.8945 0.678599 1.04483 -0.0010592 0.0014638 0.0382275 -0.999267 0.00854988 0.00351442 0.0150082 0.00114196 -0.00151059 -0.114541
189.028 0.523436 15.8903 0.677674 1.03979 -0.00128926 0.00168528 0.0812641 -0.99669 0.00583478 0.00383523 0.0205395 -0.000513057 2.29507e-05 -0.100322
189.744 0.528364 15.877 0.671891 1.03882 -0.000889852 0.00102645 0.111019 -0.993817 0.00491406 0.00400424 0.0213066 -0.00240238 0.00205827 -0.0751757
190.516 0.539344 15.8897 0.657731 1.04153 -0.00284022 -0.00777578 0.134473 -0.990883 0.07702 -0.0195075 -0.020885 0.000249292 -0.00637406 -0.0471006
191.23 0.567293 15.934 0.635658 1.02321 -0.00262722 -0.00781949 0.148872 -0.988822 0.0957875 -0.0270552 -0.0169891 -0.00144396 0.00308844 -0.0333665
192.736 0.582806 16.0671 0.562332 0.97327 -9.44952e-05 -0.00859666 0.16309 -0.986574 0.112415 -0.0309446 0.00750166 -0.00170683 0.000432407 0.0111026
194.288 0.575775 16.2532 0.494784 0.974803 -0.00130373 -0.0102259 0.132619 -0.991113 0.125218 -0.027603 0.00429176 -0.00111152 0.00119036 0.0388953
195.05 0.602984 16.3545 0.466504 0.987331 -0.00145832 -0.0105467 0.121934 -0.992481 0.130613 -0.0281203 0.00660192 -0.000424561 0.00103319 0.0272745
196.772 0.735197 16.6261 0.409456 1.01836 -0.000654603 -0.0108482 0.0985795 -0.99507 0.144259 -0.0170409 0.00393339 0.000557678 0.00157858 0.0523926
197.536 0.744839 16.7513 0.390632 1.01059 -0.000950685 -0.0136173 0.0811642 -0.996607 0.164691 -0.0160251 0.00692963 8.5697e-05 -0.00141567 0.0435319
198.31 0.765993 16.898 0.374759 1.01932 -0.00125234 -0.0140382 0.0677789 -0.997601 0.177226 -0.0138141 0.00680375 4.11921e-05 0.00110354 0.0319329
199.942 0.889535 17.2297 0.326684 1.05105 -0.00158487 -0.0152955 0.0521719 -0.99852 0.195761 -0.015603 -0.00341756 0.000379102 0.00147031 0.0133015
200.698 0.964055 17.401 0.302256 1.06272 -0.00169982 -0.0177457 0.0482189 -0.998678 0.219182 -0.0175995 -0.00261559 -0.000671145 -0.00146875 0.0103935
201.532 0.971036 17.6085 0.275624 1.06877 -0.00168773 -0.0191383 0.0448902 -0.998807 0.240983 -0.0184823 -0.00718439 -0.00222807 -0.00189595 0.0084233
202.372 0.981745 17.8307 0.249056 1.0746 -0.00173445 -0.0194474 0.0417145 -0.998939 0.253251 -0.0181745 -0.00674242 -1.95134e-05 -0.000206138 0.00836114
203.252 0.977172 18.0856 0.222155 1.07456 -0.00177523 -0.0197984 0.0387971 -0.999049 0.265136 -0.0173294 -0.0065725 0.00118186 0.000302844 0.00731697
204.27 0.984571 18.3703 0.193598 1.07555 -0.00187124 -0.0200614 0.0358939 -0.999153 0.272916 -0.0169595 -0.00836125 -0.000333847 0.000456643 0.00571798
205.168 0.971749 18.6328 0.166192 1.06597 -0.00185547 -0.0203698 0.0338764 -0.999217 0.281917 -0.0175337 -0.00685363 -0.00103255 -0.000343261 0.00489198
206.044 0.962506 18.8928 0.140192 1.0544 -0.0017882 -0.0202116 0.0316662 -0.999293 0.288121 -0.0171053 -0.00710827 -0.000694252 -0.00178168 0.00535429
206.96 0.956891 19.1606 0.112122 1.0483 -0.0016502 -0.0201738 0.0297545 -0.999352 0.291091 -0.0183712 -0.00702519 -0.000867979 -0.000226697 0.00467952
208.676 1.02495 19.659 0.0648869 1.01817 -0.00144701 -0.0202511 0.0256515 -0.999465 0.296553 -0.0167933 -0.00233219 -9.76807e-05 9.49112e-05 0.00680019
209.642 1.03506 19.9547 0.0446893 1.03164 -0.00143156 -0.021445 0.0232551 -0.999499 0.310453 -0.0162865 -0.00630284 -0.00183262 -0.00134483 0.00382488
210.596 1.02689 20.2328 0.0298448 1.02198 -0.00129791 -0.0207828 0.0210837 -0.999561 0.311234 -0.0133006 -0.00154008 0.000946862 -0.0042583 0.00782727
211.542 1.00701 20.5156 0.0122632 1.00466 -0.00117502 -0.0185868 0.0178597 -0.999667 0.289671 -0.0119132 -0.0015049 -0.000635397 -0.00411671 0.00623138
212.452 0.994937 20.7672 -0.00237633 0.989318 -0.00114708 -0.0164541 0.0149793 -0.999752 0.265121 -0.0101249 -7.22393e-05 -0.000222252 -0.00414618 0.00704223
213.404 0.992202 20.9989 -0.0100851 0.988451 -0.00114665 -0.0144815 0.0119341 -0.999823 0.239029 -0.00702601 0.0037755 -0.00169452 -0.00541845 0.0070077
214.404 1.02214 21.2193 -0.0232181 1.01525 -0.00103971 -0.0126589 0.00785503 -0.999888 0.212527 -0.00649904 0.000695091 -0.000516064 -0.00383491 0.009442
215.418 0.969388 21.42 -0.0313905 1.00633 -0.0010795 -0.0109089 0.00283518 -0.999936 0.190873 -0.00441566 0.00325881 0.000257741 -0.00366884 0.00980236
216.474 0.929847 21.5967 -0.0399053 1.01714 -0.000819872 -0.0087711 -0.00309611 -0.999956 0.163535 -0.00346428 0.0010327 0.000487193 -0.00311357 0.015227
217.518 0.921097 21.75 -0.0436714 1.01375 0.00152235 -0.0222545 -0.0140204 -0.999653 0.169731 0.00417871 -0.0133441 -0.00253492 0.0323075 0.0186963
