27.686 0.313278 0.00201194 0.00272454 0.307247 0.000439626 1.69226e-05 0.0154215 -0.999881 0.00090997 0.00340838 -0.0020366 -3.25647e-05 -5.50023e-05 -4.33348e-05
27.986 0.310055 0.00188857 0.004063 0.30326 0.000445572 3.02435e-05 0.0151014 -0.999886 0.000611622 0.0043404 -0.00151321 -3.6253e-05 -5.69919e-05 -1.92504e-05
28.29 0.311581 2.4763e-05 0.00499873 0.305989 0.00043259 8.2394e-05 0.0152072 -0.999884 -0.00144745 0.00480713 0.000760636 -3.24412e-05 -7.89137e-05 -0.000194721
28.688 0.311187 -0.001573 0.00586583 0.304969 0.000434638 9.5853e-05 0.0153672 -0.999882 -0.00269801 0.00511016 -0.00112043 -2.0038e-05 -9.13513e-05 0.00011573
28.97 0.310691 -0.00296845 0.0054449 0.305643 0.000400437 0.000117946 0.0149092 -0.999889 -0.00367593 0.00438307 0.000928552 -1.27747e-05 -8.36979e-05 3.49898e-05
29.668 0.319944 -0.00297653 0.00341674 0.314751 0.000340393 7.23322e-05 0.0152798 -0.999883 -0.00283965 0.0022393 -0.00179055 6.42137e-06 -6.32683e-05 -0.000148179
30.006 0.32308 -0.00243719 0.00257117 0.316262 0.000320693 5.30386e-05 0.0155979 -0.999878 -0.00215849 0.00148072 -0.00488762 1.41404e-05 -5.70224e-05 -0.000334457
30.3 0.318885 -0.0020277 0.00204737 0.312084 0.000308276 4.1561e-05 0.0159283 -0.999873 -0.00170868 0.00102162 -0.00869209 1.98545e-05 -5.40154e-05 -0.000238958
30.6 0.318664 -0.00170014 0.000656576 0.312675 0.000271279 3.28255e-05 0.0154404 -0.999881 -0.00132972 -0.00023569 -0.00874801 3.48814e-05 -5.16264e-05 -1.6583e-05
31.336 0.299479 -0.000911437 -0.00382541 0.291139 0.000172327 1.00581e-05 0.014418 -0.999896 -0.000527717 -0.00356682 -0.0120333 5.32762e-05 -4.57591e-05 0.00014848
31.64 0.288236 -0.000664605 -0.00337077 0.28067 0.000209766 5.78254e-06 0.0141733 -0.9999 -0.000249759 -0.00304613 -0.0122804 1.89959e-05 -4.5679e-05 0.000192895
32.424 0.277256 -0.00175841 -0.000427187 0.270171 0.000293416 5.12882e-05 0.0136783 -0.999906 -0.00103385 -0.000533875 -0.00885437 2.97664e-05 -5.25011e-05 0.000203116
32.722 0.279857 -0.00196805 -0.0015068 0.274653 0.000240069 4.12658e-05 0.0138658 -0.999904 -0.00102591 -0.00157592 -0.00553557 2.74346e-05 -5.1223e-05 0.000234587
33.104 0.284858 -0.00499833 -0.00192761 0.277608 0.000244643 0.000137584 0.0139277 -0.999903 -0.00408909 -0.00168736 -0.00472982 2.33089e-05 -7.12301e-05 0.000202
33.482 0.281642 -0.00576662 -0.00114048 0.274681 0.00026916 0.000102337 0.0136121 -0.999907 -0.00376958 -0.00138754 -0.00545223 7.15785e-06 -5.18148e-06 7.21462e-07
33.78 0.281142 -0.00515287 -5.82784e-05 0.274376 0.000283224 6.02809e-05 0.0134949 -0.999909 -0.00247615 -0.0010028 -0.00289406 6.15094e-06 -4.69289e-06 -9.96616e-06
34.184 0.279905 -0.00213886 0.000439941 0.272688 0.000289182 -1.28018e-05 0.0134186 -0.99991 0.00106463 -0.000878656 0.00168718 5.1235e-06 -1.37379e-06 -1.77108e-05
34.57 0.285262 -0.00186631 0.000471946 0.280162 0.000292377 1.86399e-05 0.0135655 -0.999908 0.000574825 -0.000833334 0.00419065 4.04855e-06 -1.30477e-05 -0.000174528
34.832 0.289961 -0.00174562 0.00150844 0.282862 0.0003181 2.3495e-05 0.0139507 -0.999903 0.000579377 0.000608374 0.00551487 -1.06228e-05 -1.29602e-05 -0.000303736
35.16 0.293202 -0.00146659 0.00233508 0.287401 0.000333136 1.6065e-05 0.0149478 -0.999888 0.000821607 0.00137075 0.00842129 -7.40722e-06 -1.33181e-05 -0.000686604
35.932 0.304904 -0.00123457 -0.000446748 0.298062 0.000235897 1.54412e-05 0.015473 -0.99988 0.000691912 -0.00317935 0.0051285 3.87217e-05 -5.48741e-05 -0.000553845
36.198 0.306603 -0.00233104 -0.00118199 0.300392 0.00025162 5.16978e-05 0.0153508 -0.999882 -0.000600412 -0.00335211 0.00384194 2.84163e-05 -5.00117e-05 -0.000481702
36.558 0.307746 -0.00265719 -0.000557763 0.299824 0.000293432 4.86358e-05 0.0147528 -0.999891 -0.000778631 -0.00184674 0.000675546 -2.52379e-05 -4.44562e-05 2.01257e-05
36.854 0.298124 -0.00246621 0.000721642 0.289155 0.000343597 3.84775e-05 0.0139888 -0.999902 -0.00049433 -0.000227321 -0.00380523 -2.209e-05 -4.17935e-05 0.000261556
37.14 0.289955 -0.00330293 0.00196388 0.282962 0.000368064 7.23498e-05 0.0138112 -0.999905 -0.00167078 0.00120851 -0.00397177 -5.79048e-05 -0.00011978 1.51449e-05
37.412 0.286749 -0.00511608 0.00328743 0.273383 0.000402355 0.000149473 0.0145783 -0.999894 -0.00359914 0.0025206 -0.00556973 -4.7779e-05 -0.000101107 -0.000412115
37.726 0.249588 -0.00558209 0.00403813 0.240066 0.000390382 0.000128509 0.0153083 -0.999883 -0.00368039 0.00283161 -0.013495 -3.12412e-05 -7.42504e-05 -0.000506628
38.01 0.238042 -0.00527421 0.00443591 0.229989 0.000369127 8.73886e-05 0.0149646 -0.999888 -0.00295219 0.00267499 -0.0146517 -2.77534e-05 -6.48765e-05 5.94649e-05
38.8 0.250777 -0.00123887 0.00321339 0.24439 0.000326781 -3.34238e-05 0.015778 -0.999876 0.00118024 0.00133871 -0.0076564 -2.39158e-06 -2.21441e-05 -0.000721158
39.614 0.25608 -0.00174762 0.00256338 0.247978 0.000302794 8.29573e-05 0.0165027 -0.999864 -0.000477033 0.000787581 -0.00619754 3.40765e-06 -8.55151e-05 -0.000708076
39.9 0.25207 -0.00350934 0.00232144 0.244525 0.00028755 0.000140064 0.0170688 -0.999854 -0.00214071 0.000399593 -0.00501318 2.83507e-06 -7.82229e-05 -0.00081635
40.174 0.255416 -0.00401291 0.00268203 0.248115 0.000288386 0.00012283 0.0168333 -0.999858 -0.00238501 0.000399649 -0.00264547 1.13923e-05 -6.61514e-05 -0.00076516
40.588 0.255641 -0.00365685 0.00242287 0.248819 0.000281916 8.86381e-05 0.0164759 -0.999864 -0.00176119 0.000149281 -0.0025217 4.25859e-06 -5.99788e-05 -0.000549415
40.886 0.257538 -0.0032118 0.00211664 0.250408 0.00027742 7.70097e-05 0.016295 -0.999867 -0.00131031 -3.0409e-05 -0.00454288 1.47274e-05 -5.70662e-05 -0.000485578
41.162 0.261042 -0.00255859 0.00242102 0.2548 0.000300587 6.8267e-05 0.0163797 -0.999866 -0.000807437 0.000377544 -0.0038679 6.63994e-06 -5.3456e-05 -0.000541616
41.932 0.288291 -0.00190471 -0.00201052 0.282644 0.000180078 6.79252e-05 0.0171213 -0.999853 -0.000514441 -0.00302967 0.00573389 2.99175e-05 -6.35473e-05 -0.000694425
42.724 0.296882 -0.00277353 -0.00339014 0.291012 0.000216701 8.9995e-05 0.0171343 -0.999853 -0.00117919 -0.00315382 0.00704901 2.27254e-05 -5.77488e-05 -0.000553772
43.442 0.298129 -0.00316716 -0.000944041 0.290869 0.000282621 0.000107082 0.0171635 -0.999853 -0.00147188 -0.00086669 0.00776215 9.96704e-06 -6.2113e-05 -0.000548698
44.2 0.295868 -0.00310011 0.000960442 0.288759 0.000307122 9.34402e-05 0.0172765 -0.999851 -0.00108508 0.00069439 0.00616569 -7.68349e-06 -5.59524e-05 -0.000570777
44.96 0.287563 0.00192961 0.00432126 0.280494 0.000363154 4.11035e-07 0.016683 -0.999861 0.00376283 0.00358244 0.00262454 -1.09318e-05 -4.40855e-05 -0.000446261
45.384 0.285115 0.00341857 0.00427401 0.279486 0.000336345 1.45276e-05 0.0167592 -0.99986 0.00428045 0.00302095 0.00249662 6.38748e-06 -5.0315e-05 -0.000453146
46.17 0.272309 0.00254233 0.00468088 0.265433 0.000329799 6.31994e-05 0.0159624 -0.999873 0.00247108 0.00308336 -0.000101095 7.33073e-06 -5.33959e-05 -0.000237871
46.914 0.249852 0.00142092 0.00314972 0.242233 0.000306411 7.8558e-05 0.0158988 -0.999874 0.00130249 0.00159404 -0.00194863 8.69477e-06 -5.46078e-05 -0.000215486
47.684 0.25068 0.000755409 0.00272285 0.242791 0.000300489 8.7338e-05 0.0151963 -0.999885 0.000649125 0.000933371 0.00124017 9.69074e-06 -5.53696e-05 4.06494e-07
47.972 0.250094 0.000639774 0.00245517 0.242803 0.000297727 8.98586e-05 0.0146476 -0.999893 0.000514902 0.000717251 0.00149748 -7.09408e-06 -5.42051e-05 8.17541e-05
48.258 0.255263 0.000528451 0.00211137 0.248836 0.000295833 9.14955e-05 0.014254 -0.999898 0.000400941 0.000504704 0.00266703 9.6976e-06 -5.48693e-05 0.000120764
48.586 0.260788 0.00231927 0.00175768 0.254067 0.000294954 8.27023e-05 0.0139107 -0.999903 0.00161132 0.000315395 0.00580625 -7.11317e-06 -5.45884e-05 0.000143602
48.886 0.266223 0.00452086 0.00256073 0.260087 0.000300505 7.24509e-05 0.0141233 -0.9999 0.00287845 0.000915953 0.00799472 5.32315e-06 -5.57215e-05 3.58946e-05
49.628 0.289123 0.00519864 0.00283683 0.283836 0.000299142 8.42692e-05 0.014222 -0.999899 0.00272222 0.00107704 0.0127764 -8.38185e-06 -5.40877e-05 3.80832e-05
50.356 0.306255 0.00391399 0.00308261 0.300607 0.000296252 9.78867e-05 0.0148708 -0.999889 0.00169038 0.00103113 0.014223 1.15778e-05 -5.5493e-05 -7.27061e-05
