159.7 1.56911 0.00275954 8.00309 2.01264 -5.0765e-05 0.000225287 -0.829617 -0.558333 -0.00135992 -0.00196732 -0.0145374 4.84958e-06 -0.000687368 0.00169586
161.816 1.56987 -0.000984894 8.00284 2.01666 -0.000116654 0.00013439 -0.829877 -0.557947 0.000216972 -0.00228467 -0.0161175 0.000759078 -0.00052108 -0.000455036
163.872 1.57157 -0.00441889 7.99945 1.97942 -0.000181423 -0.000293886 -0.829786 -0.558082 0.00251492 -0.00273582 0.0182371 -0.000627602 0.000257924 0.00077142
165.848 1.57055 -0.00275547 8.00073 1.96338 -0.0448825 0.0283967 -0.825005 -0.562624 0.018602 -0.042912 -0.321228 0.0652963 -1.15318 -0.196131
167.206 1.72303 0.0811875 7.8185 1.97726 0.00735823 -0.00690009 -0.932626 -0.360703 -0.0327161 0.030022 -0.00585122 0.00200057 -0.0128767 0.692183
168.64 1.67974 0.0484278 7.88225 1.98415 -0.000244481 -0.00440714 -0.993178 0.116523 -0.0423518 0.0692849 -0.0132392 -0.00604701 -0.0025057 0.733268
170.136 1.60108 0.032967 7.96893 1.98155 -0.000825084 -0.0011571 -0.890511 0.45496 -0.0402381 0.050429 -0.0098801 -0.002318 0.00500066 0.256405
172.356 1.54986 0.0424515 8.00967 1.98062 0.000996889 -9.66147e-05 -0.804088 0.59451 -0.0397016 0.0154825 -0.00832443 0.00218837 0.00126711 0.0717668
173.84 1.56 0.0583125 7.99061 1.97218 -0.00123434 -0.000384266 -0.774004 0.633179 -0.0164381 0.00804366 -0.000438653 0.00481823 0.0131502 0.0681374
175.798 1.65418 0.0962912 7.8546 1.96723 0.0131086 0.0149778 -0.737229 0.67535 0.00553112 -0.166333 0.0075302 0.00285064 -0.00140548 0.0361938
177.718 1.83106 0.173529 7.34374 1.92008 0.0153889 0.014885 -0.717001 0.696743 0.0249102 -0.234682 -0.0292428 0.00148312 0.00116028 0.0177151
179.354 1.84408 0.211003 6.83646 1.93868 0.0181782 0.0138608 -0.711807 0.702003 0.0116785 -0.272521 0.030853 -0.000866784 -8.88595e-05 -0.0212698
180.796 1.86036 0.207627 6.35619 1.92246 0.0182459 0.0152994 -0.717459 0.696193 0.0149129 -0.302743 -0.019721 0.0011174 0.000629881 -0.000248326
182.32 1.97264 0.187147 5.825 1.929 0.0191131 0.0145369 -0.717602 0.69604 0.00202978 -0.326891 0.0108744 -0.00131597 -3.4455e-05 -0.0130196
183.92 1.54147 0.147326 5.47501 1.94616 -0.00724877 -0.00696862 -0.677726 0.735246 0.0143113 -0.0423054 -0.00940839 -0.00519948 -0.00243503 0.125285
185.48 1.57685 0.126959 5.55116 1.93032 -0.00734999 -0.00327352 -0.59007 0.807312 0.024426 0.0188701 0.00345497 0.00169364 0.0101108 0.172035
186.898 1.72536 0.134039 5.70225 1.91635 -0.00223264 0.00107457 -0.513233 0.858246 0.0209945 -0.0106292 0.0212669 0.00652303 0.00791125 0.0969982
188.39 1.7703 0.232284 5.69126 1.98349 0.006991 0.0167381 -0.473574 0.880567 0.111673 -0.171792 0.0796892 0.000688934 0.00115495 0.0346533
190.502 1.51701 0.513183 5.35587 2.10384 0.0119124 0.0165945 -0.492605 0.870013 0.109423 -0.219731 0.0434262 0.00149495 0.00283049 -0.044187
192.026 1.17178 0.743407 5.01517 1.95204 0.0102658 0.0185009 -0.494114 0.86914 0.14437 -0.216031 -0.136131 0.00110988 0.00216881 0.0253678
193.4 0.83268 0.968219 4.66573 1.97464 0.0132169 0.0189834 -0.492829 0.869819 0.141156 -0.247659 0.0736421 -0.000411543 0.00135808 -0.0238632
195.792 0.397921 1.35467 4.00733 1.78415 0.0117854 0.0190087 -0.495657 0.868231 0.151892 -0.25015 -0.136475 -0.00020255 0.000499224 0.00476945
197.286 0.416121 1.5188 3.72767 1.76893 0.00303822 0.00447758 -0.494616 0.869095 0.0655661 -0.105244 0.00948528 -0.000589463 -8.1378e-05 -0.000807709
198.886 0.486505 1.58619 3.60813 1.79083 0.000366863 -0.00307515 -0.391792 0.920049 0.0177672 -0.0470228 -0.0162696 -0.0103058 -0.00378944 -0.147634
200.65 0.473444 1.56803 3.61256 1.78711 -0.00287893 -0.00242298 -0.537828 0.843046 0.00909847 0.00571913 -0.0155786 0.000272766 0.0019395 0.033181
202.328 0.455383 1.55085 3.67262 1.78011 -0.000486647 -0.00182243 -0.431826 0.901955 0.0082304 0.00660763 -0.010691 0.00250252 0.00308361 0.171568
203.914 0.433302 1.52562 3.71127 1.77477 0.000692524 -0.000187365 -0.33327 0.942831 0.00654161 0.000987216 -0.00596256 0.00200233 0.00338094 0.144495
205.484 0.414416 1.50732 3.71995 1.7528 0.00125433 0.000830964 -0.234666 0.972075 0.00903661 0.000819551 0.0138043 0.00127989 0.0013412 0.159593
207.186 0.410933 1.50844 3.70143 1.75751 0.00164043 0.000974776 -0.163121 0.986604 0.00513352 0.00461103 0.012659 -0.00635776 -0.000800367 -0.135119
209.562 0.429898 1.53016 3.66041 1.78236 -0.00141443 -0.000904879 -0.407794 0.913072 -0.00537331 0.0259933 -0.0148226 -0.00264831 -0.00315962 -0.328418
212.084 0.446038 1.54634 3.68501 1.76686 -0.00124428 -0.00149009 -0.392297 0.919837 -0.00531356 0.0300498 0.00483269 0.00235219 -0.000201704 0.313831
213.682 0.451285 1.54753 3.71393 1.77655 0.000149926 -0.00132278 -0.234416 0.972136 -0.0148568 0.0154937 -0.00300005 0.000764537 -0.000624703 0.139767
215.328 0.457364 1.56018 3.71799 1.81053 0.00113916 0.00962737 -0.16921 0.985532 0.0559132 -0.00741374 0.0679969 0.000771739 -0.0144074 0.0472402
217.03 0.605779 1.71864 3.68306 1.90026 0.00114504 0.00992415 -0.143669 0.989575 0.097213 -0.0111532 0.04269 0.00150149 0.0015494 0.031819
218.578 0.851918 1.94473 3.62592 1.98954 0.00183971 -0.006705 -0.146845 0.989135 0.0690332 -0.0128958 -0.0103326 -0.00704298 0.00857868 -0.233462
220.986 0.9094 1.96915 3.59509 1.98567 0.000852401 -0.00464549 -0.56562 0.824652 -0.0473754 0.0240828 -0.00867016 -0.00346451 0.00131083 -0.348659
223.74 0.810347 1.87346 3.63576 1.9842 2.56601e-05 -0.00112354 -0.772067 0.63554 -0.00310767 0.0124278 -0.00383093 -0.000290138 -0.000663636 -0.11336
225.294 0.786164 1.84829 3.64019 1.99096 0.0202277 0.00984946 -0.812036 0.583174 -0.0194098 -0.0434381 0.00236942 0.0024852 0.0473451 -0.0555319
227.02 0.693255 1.70413 3.41736 1.98053 0.0145365 0.00797504 -0.831557 0.555192 -0.0885716 -0.164807 -0.0022772 -5.34738e-05 0.002917 -0.0228407
228.568 0.687432 1.54104 3.1385 1.99066 0.0141729 0.00862502 -0.839852 0.542562 -0.0956264 -0.171268 -0.00117523 -0.000605648 0.000976234 -0.00960477
230.232 0.865008 1.35272 2.78021 1.98359 0.0147798 0.00948196 -0.844035 0.536 -0.106172 -0.19422 -0.00014542 5.34652e-07 0.000961701 -0.001441
231.88 1.20024 1.1501 2.37122 1.98419 0.0186929 0.0121941 -0.845785 0.533057 -0.131446 -0.248806 0.000993961 -0.00010286 0.00120971 0.00202992
233.534 1.66529 0.910186 1.88496 1.97432 0.0198366 0.0131324 -0.846334 0.532122 -0.145178 -0.278483 0.000429936 -0.00124596 0.00106063 0.00246668
235.158 2.03935 0.661536 1.38044 2.00919 0.0170141 0.011681 -0.846658 0.531738 -0.146548 -0.282857 0.0016447 -8.63106e-06 -0.00742 0.00385228
236.748 2.02189 0.458506 0.934867 2.00554 0.0131933 0.00923461 -0.846549 0.532067 -0.123355 -0.244859 -0.000635041 0.00079663 -0.00508106 0.00392742
