54.252 0.908675 -0.00666623 0.113915 0.730235 0.0104172 -0.00921996 -0.665731 -0.746062 0.000459704 0.137295 0.00490105 0.000318146 -0.00226084 0.0377574
54.708 0.911477 -0.00862364 0.185399 0.730935 0.0103154 -0.00954617 -0.672022 -0.740398 -0.00180887 0.155776 0.00636749 0.000573357 -0.000669294 0.036139
55.174 0.898948 -0.0097412 0.268808 0.715194 0.0102611 -0.00931991 -0.678066 -0.73487 -0.00288613 0.173701 -0.0251521 0.000506092 -0.00178255 0.0321303
55.736 0.909669 -0.0115114 0.373167 0.720003 0.0101551 -0.00983118 -0.683734 -0.729594 -0.00330577 0.183305 -0.0237588 0.00754664 0.00999899 0.0269509
56.662 0.903741 -0.012347 0.562121 0.705821 0.0106529 -0.01037 -0.689981 -0.723675 -0.00104519 0.205014 -0.00667651 0.000149349 0.000463377 0.0125314
57.068 0.862718 -0.014624 0.64445 0.705048 0.0105162 -0.0102457 -0.691721 -0.722016 -0.00285593 0.211282 0.00520799 -0.00402135 -0.00239725 0.0130125
57.66 0.830244 -0.0177137 0.771014 0.708573 0.010154 -0.0100238 -0.695341 -0.718539 -0.00522835 0.213441 0.00387874 0.000146332 0.00218258 0.0129852
58.118 0.807075 -0.0185071 0.863274 0.698784 0.0101217 -0.00933458 -0.697308 -0.716639 -0.005305 0.210541 -0.0105705 -0.0015321 0.00328353 0.0170334
58.592 0.799491 -0.0195376 0.959883 0.699445 0.010249 -0.00963538 -0.701066 -0.712957 -0.00593088 0.206957 -0.00633039 0.00110597 0.00463419 0.0180649
59.296 0.820887 -0.022601 1.09251 0.718213 0.0101695 -0.011122 -0.703585 -0.710451 -0.000165066 0.206727 0.0128701 -0.000874548 0.00268453 -0.0056588
59.738 0.836384 -0.0227127 1.18183 0.727066 0.0109872 -0.0116331 -0.702499 -0.711505 0.00150127 0.210194 0.0143287 -0.00214548 0.00188871 -0.0119702
60.214 0.861138 -0.0201224 1.29113 0.730531 0.0115492 -0.0114271 -0.700883 -0.713092 0.00199561 0.221752 0.0146265 0.000385842 -0.00331541 -0.00331166
60.638 0.897401 -0.0197426 1.39169 0.739081 0.0103437 -0.0102781 -0.700764 -0.713244 0.00132767 0.229727 0.00242753 0.00235877 -0.141965 -0.00195185
61.276 0.952613 -0.0229794 1.50179 0.745681 -0.00446498 0.00321555 -0.675618 -0.737231 0.00303943 0.084854 -0.0115618 -0.00190541 0.00142688 -0.17724
61.79 0.960407 -0.0213072 1.5296 0.736904 -0.00444501 0.00307488 -0.640254 -0.768144 0.00445387 0.018577 -0.00327782 -0.00220565 0.00402887 -0.191943
62.45 0.961509 -0.016677 1.52944 0.739511 -0.00376654 0.00273645 -0.59613 -0.802875 0.00542593 -0.0172992 -0.00162101 -0.0010572 0.000489052 -0.164899
63.25 0.949791 -0.0159754 1.50836 0.733985 -0.00338414 0.00244969 -0.551256 -0.834326 0.00358917 -0.0333892 0.000731298 -0.00182316 0.0023464 -0.113977
63.74 0.940928 -0.0141273 1.48829 0.734355 -0.00245852 0.00212154 -0.529888 -0.848061 0.00432514 -0.0360398 0.000162977 -0.00263613 0.00196292 -0.0930935
64.29 0.926273 -0.0137668 1.46219 0.730683 -0.00152675 0.00169396 -0.50933 -0.860569 0.00382246 -0.0362957 0.0042126 -0.00295725 0.00447126 -0.0815667
64.79 0.918879 -0.0153065 1.44574 0.732147 -0.000911148 0.00130316 -0.493254 -0.869884 0.00304921 -0.0294025 0.00483004 -0.000184914 -0.000192107 -0.0688297
65.268 0.916637 -0.0168927 1.43745 0.731913 0.00145357 -0.00334706 -0.48099 -0.876718 0.00412895 -0.0235834 0.00562639 0.0091974 0.231345 -0.0603432
65.764 0.908809 -0.00506065 1.45426 0.719634 0.00892847 -0.0157521 -0.469012 -0.883006 0.0672199 0.0781176 -0.0229721 0.00242933 -0.0392093 -0.0423841
66.272 0.932037 0.0260024 1.51005 0.724921 0.00771068 -0.013908 -0.460847 -0.887337 0.0871176 0.115927 -0.000263796 0.0149632 -0.0120142 -0.0203742
67.332 0.972013 0.13419 1.68533 0.687131 0.00912633 -0.0142658 -0.451042 -0.892342 0.103109 0.148625 -0.0050852 0.00319126 -0.00277374 0.00181856
67.806 0.912577 0.193181 1.78255 0.689534 0.00881453 -0.0155523 -0.452415 -0.891629 0.108597 0.161713 -0.0181037 0.018695 -0.00428472 0.010483
68.9 0.801552 0.333472 2.00387 0.672292 0.0076773 -0.0154008 -0.448239 -0.893748 0.120062 0.162018 -0.0210262 0.000710293 0.000555265 -0.0144048
70.038 0.775459 0.488057 2.2413 0.675034 0.00703297 -0.0145251 -0.440534 -0.897591 0.119495 0.160028 0.00334715 -0.000562783 0.000528161 -0.0147941
70.564 0.776019 0.560199 2.34386 0.674057 0.00707732 -0.0142226 -0.437577 -0.899041 0.122244 0.161231 0.00292658 0.000747535 0.00118462 -0.0117149
71.802 0.74122 0.723177 2.5853 0.640347 0.00699892 -0.0147189 -0.428678 -0.90331 0.130705 0.165109 -0.00648139 -0.00737649 0.00700767 -0.0210303
72.402 0.750263 0.803822 2.70086 0.649976 0.0068461 -0.0140676 -0.425487 -0.904829 0.13148 0.171958 -0.00907525 0.00103242 0.000830036 -0.00640249
72.994 0.70188 0.887566 2.81742 0.649008 0.00672709 -0.0143288 -0.424973 -0.905068 0.134644 0.175604 -0.0108157 0.000830905 -0.000584414 -0.0015257
73.596 0.60926 0.956108 2.91027 0.652943 -0.00270225 0.00411699 -0.416187 -0.909266 0.0781589 0.100609 -0.00106809 -0.00187255 0.0120219 -0.0865467
74.972 0.552927 0.987477 2.96213 0.65116 -0.00427943 0.00358667 -0.317981 -0.948081 0.00626382 -0.0057872 -0.000799468 -0.00138687 -0.00122487 -0.267003
75.59 0.565005 0.980517 2.94704 0.653862 -0.00419107 0.00359789 -0.232548 -0.972569 0.00110898 -0.0145214 -0.0051424 -0.00277212 -0.000738394 -0.300442
76.27 0.586077 0.965856 2.92106 0.665201 -0.0036701 0.00338279 -0.1444 -0.989507 -0.0010448 -0.0122342 -0.0153584 -0.0036489 0.00176042 -0.236514
77.6 0.641546 0.915362 2.85789 0.670111 -0.00160439 0.00159788 -0.0103346 -0.999944 0.00697447 0.0024675 -0.0220655 -0.00334372 0.00552078 -0.189898
78.19 0.660222 0.896653 2.83953 0.666783 -0.000759191 0.000974192 0.0356362 -0.999364 0.0163887 0.00884377 -0.0218697 -0.00443904 0.00118317 -0.140684
78.826 0.676499 0.877772 2.82293 0.647836 0.000195161 0.000281136 0.0700732 -0.997542 0.0222713 0.013878 -0.00149447 -0.00264351 0.00354563 -0.0881653
80.288 0.68254 0.911701 2.79295 0.61767 0.00047012 -0.010006 0.084093 -0.996408 0.120977 -0.00409437 -0.0157958 -0.00437266 -0.00227116 0.03394
81.562 0.631405 1.05823 2.77352 0.59939 0.000579918 -0.010668 0.0654905 -0.997796 0.141549 -0.00847587 -0.00932742 0.000486464 0.00164626 0.0264438
82.222 0.622124 1.14743 2.76543 0.608528 0.000945744 0.00253653 0.0585759 -0.998279 0.125045 -0.00884541 0.107522 -0.000478012 -0.118471 0.0289949
82.956 0.66617 1.20016 2.76325 0.644714 0.000920528 0.0042952 0.0394614 -0.999211 0.025395 0.000130026 0.0616687 0.000857492 -0.00116853 0.0703252
84.286 0.688446 1.23196 2.76925 0.662551 0.000625963 0.000725406 -0.132806 -0.991142 0.0219407 0.00419717 -0.010043 0.00160981 -0.00233191 0.414503
84.982 0.690196 1.23682 2.77288 0.663046 1.72496e-05 0.00103683 -0.237022 -0.971504 0.0133354 -0.00254553 -0.0117363 0.000256536 -0.00105108 0.217518
86.414 0.666004 1.23351 2.77721 0.644032 0.000159572 0.0016194 -0.336887 -0.941544 0.00183836 -0.00113114 0.0132492 0.00107717 0.000352258 0.167795
87.13 0.680115 1.22544 2.77741 0.653379 -0.000528158 0.00123488 -0.39472 -0.9188 0.000331227 0.00114944 -0.00339424 0.00198076 -0.0010153 0.173556
87.816 0.666462 1.2209 2.77295 0.643228 -0.000601154 0.0012579 -0.441253 -0.897382 0.00236618 -0.000130141 0.0120577 -0.000539408 0.000665156 0.131809
89.21 0.751704 1.22978 2.80085 0.745184 0.00430668 -0.00756066 -0.485537 -0.874173 0.0449695 0.0808916 0.109607 0.000809428 -0.00493074 0.0308773
89.794 0.767278 1.25427 2.84488 0.824438 0.00521107 -0.00902646 -0.492553 -0.87022 0.0518942 0.0963396 0.12114 -7.8553e-05 -0.00249638 0.0200151
91.27 0.696747 1.33882 2.98697 0.936718 -0.00312742 0.00338504 -0.481905 -0.876211 0.0164722 0.0272125 -0.0186906 -0.0038077 0.00641964 -0.132179
92.796 0.70924 1.35752 2.98156 0.938133 -0.00191301 0.00321615 -0.399089 -0.916904 -0.0140293 -0.0165099 -0.022649 -0.00173262 0.000503506 -0.115401
93.42 0.72581 1.35651 2.95966 0.926222 -0.000766633 0.00302585 -0.366981 -0.930223 -0.0165427 -0.0163417 -0.00777493 -0.00400381 0.00225476 -0.123111
94.884 0.742389 1.33098 2.92076 0.919935 0.000613258 -3.23555e-05 -0.301687 -0.953407 -0.0161184 0.00137982 0.0120579 0.030688 0.132498 -0.0784182
96.34 0.768178 1.41847 2.95733 0.926777 0.00296626 -0.0107891 -0.275608 -0.961205 0.11487 0.0661086 0.0121091 -0.0124605 0.00550456 -0.0214272
97.752 0.833424 1.59201 3.06142 0.904909 0.00388821 -0.0119855 -0.275375 -0.961254 0.135268 0.0856284 0.00914899 0.000974796 -0.0270059 0.00629506
98.444 0.871199 1.65542 3.09979 0.878709 -0.00072385 0.00466781 -0.289921 -0.957039 0.0350402 0.0214685 0.0117006 -8.11442e-05 0.00710873 0.0785817
100.094 0.871734 1.65678 3.11056 0.892792 -3.80053e-05 0.00373103 -0.4052 -0.91422 -0.0246484 -0.00939341 0.010604 0.0041751 -0.000245468 0.28836
100.874 0.857367 1.63544 3.10391 0.902301 -0.000385945 0.00309669 -0.490544 -0.871411 -0.0195839 -0.0140449 0.00330993 0.00272701 0.00134781 0.22638
101.626 0.843336 1.61398 3.09303 0.911974 -0.000505939 0.00239059 -0.551967 -0.833862 -0.0109646 -0.0133505 -0.00674098 0.00142338 0.00145093 0.160529
102.396 0.840046 1.59945 3.0763 0.923526 -0.000212525 0.00165725 -0.594174 -0.804335 -0.00292717 -0.00971748 -0.0180982 0.00120986 0.000942756 0.116151
103.848 0.81694 1.58549 3.10783 0.933854 0.00887373 -0.00972779 -0.63348 -0.773647 0.0258991 0.125907 -0.00143039 -0.000862044 -0.00268196 0.0149511
104.63 0.7782 1.59084 3.20604 0.939299 0.0083054 -0.00934255 -0.636942 -0.770811 0.0250583 0.152045 -0.000790351 0.000573402 0.001571 0.00778845
105.49 0.742102 1.60423 3.33785 0.955484 0.00670726 -0.0101099 -0.637145 -0.770649 0.0327061 0.15682 -0.00909275 -0.0020148 0.00197556 -0.0207067
106.176 0.733089 1.62242 3.45041 0.958986 0.00499306 -0.00997108 -0.63024 -0.776321 0.0375493 0.154413 -0.00779541 -0.000530936 0.00392584 -0.0394233
106.954 0.756207 1.65623 3.57295 0.941898 0.00671233 -0.01035 -0.616347 -0.787378 0.0448606 0.154075 0.0224622 -0.00794771 0.00656252 -0.0474435
107.802 0.794075 1.69765 3.71243 0.963264 0.00755262 -0.011283 -0.606905 -0.794658 0.0453596 0.169259 0.0188081 0.00147061 0.000210385 -0.0208213
108.58 0.837709 1.74069 3.86242 0.976663 0.00936184 -0.0101394 -0.603416 -0.797307 0.0435365 0.184093 0.00518164 -0.000728927 -0.00162631 0.00157455
109.338 0.901073 1.77722 4.0021 0.989401 0.0063675 -0.00818219 -0.609683 -0.792578 0.0376737 0.192924 0.000884867 0.0142313 -0.193569 0.0393735
110.19 0.964849 1.80484 4.10681 0.994498 -0.00331031 0.00409345 -0.65871 -0.752378 0.00295452 0.0401314 -0.00592094 -0.000196367 -0.00295098 0.210881
111.058 0.981775 1.8117 4.12348 0.980674 -0.00275885 0.00478032 -0.716756 -0.697302 -0.00902792 -0.0128562 0.00701395 -0.000706931 -0.000519893 0.15747
111.894 0.97797 1.81363 4.10058 0.996734 -0.00190654 0.00459278 -0.752814 -0.658215 -0.0119648 -0.0278757 -0.00851999 -0.000299772 0.00357294 0.114552
112.846 0.964042 1.81222 4.05787 0.995424 -0.000589979 0.00369995 -0.782158 -0.623068 -0.0122191 -0.0240478 -0.00830995 0.000532158 0.00416982 0.0786321
113.688 0.980064 1.80506 4.02841 1.00471 0.0189531 -0.0122008 -0.798709 -0.601295 -0.0280079 0.0526062 0.00213954 -7.2549e-05 0.00490051 0.0567911
114.692 0.927477 1.74987 4.12136 1.00328 0.0131426 -0.00758284 -0.81294 -0.58215 -0.0603707 0.158803 -0.00223623 -0.000168594 0.00051057 0.0354201
116.37 0.934932 1.60541 4.38968 0.997065 0.0136316 -0.0086444 -0.825667 -0.563928 -0.0773461 0.178271 -0.00254289 0.000234313 0.00161063 0.0165424
117.216 0.987089 1.52537 4.55283 0.982475 0.0142441 -0.00928966 -0.829249 -0.558621 -0.0845776 0.1893 -0.00190344 1.62764e-05 0.00168326 0.0118577
118.086 0.979806 1.43178 4.74331 0.974619 0.0151836 -0.0103187 -0.832021 -0.554441 -0.0966516 0.209066 -0.00122976 0.00102364 0.000122661 0.00686084
118.924 0.975266 1.33647 4.94394 0.971737 0.0152024 -0.0105704 -0.833631 -0.552012 -0.103035 0.221686 0.000291789 0.000449207 0.000695291 0.00205177
120.68 1.00802 1.1447 5.39181 0.989355 0.015573 -0.0109064 -0.835003 -0.549917 -0.109787 0.241844 0.000761828 0.000414844 0.000511168 0.00125576
121.608 1.06978 1.04671 5.62478 0.9908 0.0163897 -0.0114343 -0.835518 -0.549099 -0.113402 0.252016 1.79004e-05 -0.00051444 0.000643771 0.000867075
122.596 1.14082 0.937572 5.89165 0.953589 0.0174668 -0.0120128 -0.835947 -0.548401 -0.119615 0.269622 0.00203114 -0.000229279 0.000788332 0.00103745
123.544 1.19891 0.82275 6.16225 0.953018 0.0187595 -0.0127839 -0.836431 -0.547601 -0.127264 0.286437 0.00554122 0.000541916 0.00101443 0.000763899
124.64 1.16398 0.678108 6.5 0.976955 0.0178258 -0.0120848 -0.837088 -0.546644 -0.131837 0.297431 0.00723674 -3.99015e-05 -0.00740721 0.00130756
125.618 1.15115 0.549661 6.79691 0.99949 0.0151816 -0.01024 -0.837776 -0.545708 -0.118835 0.269102 0.00416374 -7.68893e-05 -0.0045933 0.00261487
126.648 1.02898 0.435324 7.06435 0.987354 0.013022 -0.00870355 -0.838714 -0.544347 -0.105511 0.241952 -0.000175654 -0.000541316 -0.00495352 0.00287158
127.66 0.995148 0.33939 7.28935 0.991856 0.0103296 -0.0067703 -0.839773 -0.542798 -0.0898938 0.208126 0.00286406 0.000238216 -0.00313331 0.00338848
128.7 0.999475 0.255928 7.48024 0.995904 0.00867909 -0.00553747 -0.84099 -0.540953 -0.0767489 0.178699 0.00288523 0.000403368 -0.00325399 0.00678854
129.74 1.00649 0.181093 7.64534 0.993687 0.00708445 -0.00445372 -0.842951 -0.537925 -0.0672176 0.156779 0.00221198 -0.000371767 -0.00359699 0.00694798
131.502 1.00988 0.0567142 7.90378 1.00479 0.00821173 -0.00454085 -0.845534 -0.533839 -0.0861477 0.181342 -0.00450453 0.000406148 -0.0205707 -0.00247836
132.468 1.0226 -0.0116888 8.03059 1.01366 0.00157123 -0.000859656 -0.845021 -0.534731 -0.0517523 0.108565 -0.0117103 -3.65957e-05 -0.00977401 -0.0012767
