36.524 0.589941 0.583332 0.0289907 0.589629 -0.000514976 -0.00807489 0.00648914 -0.999946 0.121501 0.00484233 0.0173751 0.000642694 0.00234114 0.000802264 0.121132 0.0064358 0.0193286 0.000642694 0.00234114 0.000802264
36.838 0.599874 0.618345 0.028831 0.599812 -0.00161844 -0.00796777 0.00687145 -0.999943 0.117489 0.00184829 0.0205385 0.00377517 0.00162091 -0.00699955 0.117457 0.0041111 0.0223173 0.00521115 0.000892708 -0.00598391
37.176 0.618102 0.656916 0.0257406 0.619592 -0.00142494 -0.00855275 0.00971405 -0.999915 0.114955 -0.00402816 0.0237753 -0.0030883 0.00371842 -0.0250673 0.114588 -0.00172761 0.0257469 -0.0030883 0.00371842 -0.0250673
37.518 0.643674 0.69567 0.0220523 0.647686 -0.00118311 -0.00917321 0.0148751 -0.999847 0.116103 -0.00605474 0.0257952 -0.000125324 0.00152122 -0.0346675 0.115738 -0.00254199 0.0279325 -0.000125324 0.00152122 -0.0346675
37.89 0.66618 0.742311 0.0162796 0.667051 -0.00100547 -0.00989442 0.0217304 -0.999714 0.122756 -0.00863937 0.0149013 -0.00101057 -0.00167241 -0.0292373 0.122695 -0.00327167 0.0173426 -0.00101057 -0.00167241 -0.0292373
38.396 0.680248 0.808031 0.0100788 0.678041 -0.0011192 -0.00996004 0.0276132 -0.999568 0.130508 -0.00959097 0.0190522 -0.000831781 -0.000491801 -0.0242422 0.130432 -0.00233687 0.0216657 -0.000831781 -0.000491801 -0.0242422
38.78 0.683668 0.865348 0.00239317 0.681822 -0.00157613 -0.0100155 0.0322506 -0.999428 0.133969 -0.0125633 0.00245723 0.00805276 -0.00449683 -0.0260025 0.133977 -0.00356073 0.00537279 0.00910252 -0.0038672 -0.0253691
39.178 0.675516 0.920916 -0.00284216 0.672017 -0.00182607 -0.00972673 0.0388551 -0.999196 0.137259 -0.0157691 0.00481572 -0.00149217 -0.00011011 -0.0385892 0.137948 -0.00504473 0.00753278 -0.00149217 -0.00011011 -0.0385892
39.54 0.675065 0.977209 -0.0113633 0.676427 -0.00146465 -0.00965528 0.0468958 -0.998852 0.139868 -0.0195139 0.00884393 -0.00113342 -0.00028073 -0.0378599 0.140883 -0.00630274 0.0115956 -0.00113342 -0.00028073 -0.0378599
39.91 0.683676 1.02976 -0.0196877 0.684506 -0.000987058 -0.0103769 0.052994 -0.99854 0.140162 -0.0197589 0.00422173 0.000104608 0.00140332 -0.0301201 0.141104 -0.00521059 0.00703792 -0.000380531 0.00215892 -0.0309238
40.288 0.695033 1.07843 -0.0244787 0.694987 -0.00118727 -0.0106402 0.057316 -0.998299 0.141666 -0.0175435 0.00419554 0.00180674 0.0018865 -0.0239685 0.142621 -0.00120793 0.00724785 0.00180674 0.0018865 -0.0239685
40.68 0.699918 1.1401 -0.0287416 0.70094 -0.000572395 -0.0107064 0.0610112 -0.99808 0.145945 -0.0151371 0.0143973 -0.0202839 -0.006328 -0.0168268 0.146277 0.00214173 0.0159112 -0.0194339 -0.00565131 -0.0184382
41.51 0.724354 1.26352 -0.0431039 0.727062 2.70665e-05 -0.0108341 0.0560088 -0.998372 0.148007 -0.00875049 0.0165842 -0.000233779 -1.03773e-05 0.0319171 0.147603 0.00798393 0.0198353 -0.000414997 -0.000233716 0.0312177
41.944 0.740662 1.32453 -0.0480507 0.74071 -0.00033854 -0.0116759 0.0491796 -0.998722 0.149869 -0.0083449 0.016679 0.000782201 0.00132234 0.0285469 0.149534 0.00641096 0.02018 0.000782201 0.00132234 0.0285469
42.808 0.748098 1.45719 -0.0519902 0.750486 -0.00101384 -0.0123715 0.0405566 -0.9991 0.156443 -0.00735086 0.0268223 0.0022278 0.00280071 0.0124262 0.155811 0.00538286 0.0306909 0.0022278 0.00280071 0.0124262
43.19 0.761481 1.51995 -0.0566218 0.761825 -0.000989598 -0.0126217 0.0382384 -0.999188 0.16036 -0.0105913 0.02681 -0.00137745 -0.000636992 0.00309719 0.15956 0.00203959 0.0307583 -0.00134442 -0.000296479 0.00421577
43.6 0.767816 1.5867 -0.0625599 0.768736 -0.000805156 -0.0127815 0.038239 -0.999187 0.164884 -0.0118893 0.0279904 -0.000514433 -0.00051466 -0.00161477 0.16454 0.000766264 0.0322133 -0.000514433 -0.00051466 -0.00161477
44.014 0.750379 1.67173 -0.067309 0.750112 -0.000837807 -0.0126896 0.038693 -0.99917 0.170625 -0.0109046 0.0305915 0.000994954 -0.000971446 7.3394e-05 0.170124 0.00234586 0.0349262 0.000994954 -0.000971446 7.3394e-05
44.99 0.771251 1.844 -0.079235 0.773185 -0.000627949 -0.0123006 0.0369057 -0.999243 0.172186 -0.00936113 0.0355112 8.76898e-05 2.20292e-05 0.0104229 0.171364 0.00351025 0.0395914 7.04062e-05 0.000100494 0.0104699
45.386 0.731409 1.91774 -0.0850797 0.794099 -0.000693072 -0.0127329 0.0344499 -0.999325 0.174032 -0.00943336 0.0462968 0.000722673 -0.00162836 0.00674778 0.173032 0.0025983 0.0507236 0.000722673 -0.00162836 0.00674778
46.264 0.633914 2.07163 -0.0959871 0.821296 -0.000701583 -0.0122531 0.0329069 -0.999383 0.173289 -0.00885893 0.0435383 0.00100013 -6.55867e-05 0.00680125 0.172261 0.00244807 0.0475583 0.000763195 0.000427234 0.00668235
46.658 0.587545 2.13904 -0.100867 0.827812 -0.000370939 -0.0102651 0.0318212 -0.999441 0.169463 -0.00850716 0.040028 -0.00225809 -0.00393962 0.00972633 0.168803 0.0022939 0.0435046 -0.00225809 -0.00393962 0.00972633
47.098 0.557196 2.21348 -0.105485 0.845048 -0.000462114 -0.00999614 0.0290923 -0.999527 0.159137 -0.00626963 0.0367091 0.000164555 0.00367192 0.0133582 0.159266 0.00304893 0.0399083 0.000296989 0.00253168 0.0130366
47.478 0.536346 2.27478 -0.108882 0.860916 -0.000521392 -0.00984547 0.0260708 -0.999611 0.155464 -0.00574219 0.0347528 0.000556149 -0.00107389 0.0127117 0.155146 0.00244121 0.0378056 0.000450353 -0.00195809 0.0130847
47.87 0.523495 2.33326 -0.111887 0.881473 -0.000535067 -0.00876978 0.0234572 -0.999686 0.150377 -0.00550083 0.0770913 -0.000224228 -0.0144278 0.00829235 0.149092 0.00160999 0.0797205 -0.000224228 -0.0144278 0.00829235
48.25 0.514527 2.38987 -0.114186 0.913639 -0.000530393 -0.00857519 0.0218072 -0.999725 0.142626 -0.00445657 0.0721469 0.000343607 0.00175069 0.0088883 0.141425 0.00181734 0.0745847 0.000343607 0.00175069 0.0088883
48.66 0.494651 2.44993 -0.117091 0.950894 -0.000572248 -0.00847282 0.0196464 -0.999771 0.139743 -0.00440637 0.0702574 -0.000350076 -0.000512458 0.00873853 0.138597 0.00114503 0.0726182 -0.000350076 -0.000512458 0.00873853
49.43 0.482554 2.54475 -0.121541 1.01322 -0.000668997 -0.00172214 0.0166571 -0.99986 0.119947 -0.0034124 -0.0124822 0.000502115 -0.0433665 0.00862982 0.123514 0.000651349 -0.0107759 0.000665093 -0.0520091 0.00860131
50.31 0.474473 2.61571 -0.128748 1.00632 -0.00059546 -0.00288357 0.0133346 -0.999907 0.073228 -0.00329059 -0.0138938 -0.00042044 -0.0011405 0.00999988 0.0740511 -0.00134229 -0.0161186 -0.000309153 0.00144167 0.0100297
50.694 0.4705 2.63959 -0.131402 0.98291 0.000215622 -0.000476337 0.00381648 -0.999993 0.0573617 0.000103637 0.00465538 0.00094935 0.00223401 0.103601 0.0603925 9.54464e-05 0.00330311 -0.000846493 -0.000879387 0.0845828
51.074 0.469165 2.65849 -0.132859 0.989204 -0.00164788 -0.0119723 -0.0168102 -0.999786 0.0787273 -0.000835205 0.0253811 0.00780974 -0.00169365 0.0869952 0.0739349 -0.00241158 0.0275371 0.0108166 0.0186011 0.0970601
51.478 0.467017 2.68919 -0.137159 0.993026 -0.00157671 -0.00876697 -0.0247099 -0.999655 0.103075 -0.00689059 0.0236372 -0.00399256 -0.00469231 -0.000870521 0.101311 -0.0114735 0.0254838 -0.00393108 -0.00707122 0.0055977
52.222 0.455721 2.75993 -0.146625 0.990096 -0.000883078 -0.00826278 -0.0150916 -0.999852 0.11257 -0.00730868 0.0232859 -0.000848198 -0.000903507 -0.036219 0.111899 -0.010654 0.0251568 -0.000848198 -0.000903507 -0.036219
53.006 0.458375 2.84907 -0.152206 1.00637 -0.00110551 -0.00805121 -0.00230257 -0.999964 0.113512 -0.00631619 0.00698799 0.000340745 -2.79313e-05 -0.0311523 0.113354 -0.0068211 0.00882913 0.000340745 -2.79313e-05 -0.0311523
53.388 0.465282 2.88882 -0.154355 1.00831 -0.00113881 -0.0081499 0.00278275 -0.999962 0.113231 -0.00653558 0.00735628 -0.000318485 0.000498976 -0.0298204 0.11313 -0.00588678 0.00921532 -0.000318485 0.000498976 -0.0298204
54.184 0.488749 2.9842 -0.161688 1.03419 -0.000195769 -0.00832362 0.0125395 -0.999887 0.114584 -0.00605084 0.00404743 -0.0116306 -0.00126822 -0.0191639 0.114674 -0.00367285 0.00607092 -0.0130518 -0.0013203 -0.0206364
54.58 0.505775 3.03009 -0.166037 1.03146 0.000131012 -0.00872219 0.0128518 -0.999879 0.115205 -0.00179864 0.00391327 0.00124238 0.000440877 0.0113217 0.115128 0.00116062 0.00592244 0.00124238 0.000440877 0.0113217
55.376 0.557007 3.13039 -0.170743 1.0439 -0.000195976 -0.00892369 0.00404922 -0.999952 0.119602 -0.000122293 0.00509217 -0.000621184 0.000109349 0.0282578 0.119489 0.000848301 0.00722571 -0.000621184 0.000109349 0.0282578
55.806 0.58746 3.18241 -0.173764 1.0505 0.000504679 -0.00951835 -0.00136185 -0.999954 0.122212 0.000947607 -7.15665e-05 -0.00100727 -0.000860332 0.0318264 0.122194 0.000613645 0.00225567 -0.00100727 -0.000860332 0.0318264
56.542 0.657162 3.28624 -0.17271 1.05756 0.0003013 -0.00988143 -0.0139536 -0.999854 0.129082 0.00472372 1.209e-05 9.90341e-05 0.000433613 0.0363985 0.129023 0.00117698 0.00261619 8.73978e-05 0.00015399 0.036737
56.928 0.697102 3.33342 -0.171154 1.06592 -0.000148424 -0.0109827 -0.0196272 -0.999747 0.132919 0.00507471 0.0560155 0.00716087 0.00156328 0.0307882 0.131754 -0.000104333 0.0589223 0.00716087 0.00156328 0.0307882
57.284 0.726657 3.3882 -0.168349 1.09138 -0.000324479 -0.0118445 -0.0236597 -0.99965 0.139771 0.00315733 0.0532908 -0.000973696 -0.000173815 0.0127444 0.137822 -0.00319028 0.0565649 -0.00105885 0.0014653 0.0147382
57.64 0.765857 3.43964 -0.166606 1.10093 -0.000212638 -0.0122006 -0.0252066 -0.999608 0.145274 0.00245939 0.055342 -0.000746645 0.000827551 0.00126279 0.143821 -0.00480628 0.058871 -0.000746645 0.000827551 0.00126279
58.054 0.810238 3.5073 -0.164057 1.11651 -6.15706e-05 -0.0127512 -0.0252881 -0.999599 0.152811 0.00271598 0.0601721 -0.00452314 -0.00308146 -0.00309434 0.150507 -0.00496999 0.0628881 -0.000560533 -0.000424264 -0.00300141
58.434 0.857818 3.57406 -0.160548 1.14008 0.00091145 -0.0125608 -0.0260097 -0.999582 0.157042 0.00711791 0.0659358 0.00101093 0.00147187 0.00960498 0.155491 -0.00113821 0.0698685 0.00101093 0.00147187 0.00960498
58.834 0.906744 3.64072 -0.155527 1.17848 0.000768752 -0.013471 -0.0290289 -0.999488 0.162326 0.0106356 0.0682903 0.00139076 0.0016879 0.0191241 0.160769 0.00114334 0.072654 0.00139076 0.0016879 0.0191241
59.226 0.956318 3.71449 -0.146744 1.21096 0.000277419 -0.0143857 -0.0334307 -0.999337 0.170099 0.0133516 0.0786514 0.0105294 0.00280948 0.0194125 0.167621 0.00210505 0.0821515 0.00932864 0.00332632 0.0201227
59.926 1.07254 3.84783 -0.132492 1.26091 -7.55074e-05 -0.0150122 -0.0368447 -0.999208 0.188061 0.0118444 0.083127 -0.000461184 -0.00287016 0.00133508 0.185845 -0.00192994 0.0887438 -0.000461184 -0.00287016 0.00133508
60.574 1.19597 3.98813 -0.123611 1.32228 0.00180062 -0.0149798 -0.0374239 -0.999186 0.200733 0.0162658 0.101797 -0.00126583 -0.00429433 0.00918532 0.198235 0.000944935 0.107809 -0.00126583 -0.00429433 0.00918532
61.282 1.30106 4.13673 -0.110469 1.39686 0.00151879 -0.0172581 -0.0453056 -0.998823 0.212761 0.0248273 0.113929 0.000311621 -0.00128337 0.0296665 0.209558 0.00535227 0.121233 0.000516149 -0.00231494 0.0294896
61.686 1.29948 4.23043 -0.0999389 1.43195 -0.00316335 -0.0192604 -0.0482664 -0.998644 0.224999 0.0120896 0.0694246 -0.0033872 -0.00303143 -0.00748567 0.222301 -0.00906217 0.0780419 -0.0033872 -0.00303143 -0.00748567
62.452 1.30928 4.43061 -0.0923049 1.49558 -0.00158153 -0.0190154 -0.0340455 -0.999238 0.241579 -0.00324945 0.0708336 -0.00259525 0.00182333 -0.0510639 0.23747 -0.0193774 0.0794555 -0.00257947 0.00181038 -0.0511066
62.838 1.20876 4.52093 -0.0901849 1.51443 -0.00135118 -0.019523 -0.0259554 -0.999472 0.246778 -0.00337097 0.075598 0.000459849 0.00191101 -0.0459963 0.243138 -0.0158763 0.0851937 0.000459849 0.00191101 -0.0459963
63.266 1.10294 4.63331 -0.0868334 1.54755 0.000104923 -0.0187921 -0.0186211 -0.99965 0.251351 0.00249857 0.0862956 0.00279915 -0.000734767 -0.0252735 0.247767 -0.00754182 0.0954718 0.00240061 -0.00273968 -0.0275379
63.7 0.99917 4.74508 -0.0834859 1.57362 -0.000210512 -0.0173759 -0.0153576 -0.999731 0.247941 0.00521571 0.0777196 0.000921973 0.00017198 -0.0103106 0.245135 -0.00232422 0.0862889 0.000921973 0.00017198 -0.0103106
64.098 0.905652 4.8491 -0.0811139 1.57139 0.0010455 -0.0145243 -0.0141642 -0.999794 0.240733 0.00687278 0.108039 -0.0135351 -0.0184887 -0.000704962 0.237588 -0.000136865 0.114994 -0.0135351 -0.0184887 -0.000704962
64.494 0.802486 4.95579 -0.0766287 1.6088 0.00102134 -0.0135746 -0.0165289 -0.999771 0.223149 0.0134638 0.0964058 0.00202561 0.0032047 0.0224126 0.22077 0.00592145 0.102453 0.00202561 0.0032047 0.0224126
64.91 0.730512 5.0448 -0.0696923 1.64152 0.000518311 -0.0128343 -0.0218882 -0.999678 0.210973 0.0153019 0.0835289 0.000547682 6.23856e-05 0.0291357 0.209225 0.00601213 0.0889347 0.000547682 6.23856e-05 0.0291357
65.446 0.638966 5.15487 -0.0628534 1.66752 -0.000631735 -0.000650852 -0.0293189 -0.99957 0.154589 0.00894107 -0.0137038 -0.00148717 0.0183825 0.0263829 0.154865 -0.000152859 -0.0135079 -0.00148717 0.0183825 0.0263829
65.888 0.590781 5.21454 -0.0608554 1.66968 -0.000755594 -0.00133618 -0.0325576 -0.999469 0.111912 0.00324686 -0.00492169 0.000584813 -0.00370768 -0.0162259 0.114983 -0.00376218 -0.00474992 0.00107615 -0.00485085 -0.0124099
66.312 0.557153 5.25827 -0.0609679 1.68481 -0.00140144 -0.0114034 -0.0227686 -0.999675 0.0993526 -0.00187025 0.055555 0.00533033 0.104181 -0.0716966 0.0978755 -0.00620337 0.0578161 0.00533033 0.104181 -0.0716966
67.184 0.51041 5.367 -0.0545407 1.74341 -0.000953237 -0.0106623 0.00337697 -0.999937 0.144471 -0.00225675 0.0501222 0.000738232 -0.00126871 -0.0474982 0.143115 -0.00143005 0.053329 0.000667623 -0.00135409 -0.0484579
67.65 0.480662 5.42142 -0.0532979 1.75014 -6.4e-05 -0.00151781 0.0117776 -0.99993 0.11647 0.000656621 -0.00319256 0.0014806 0.00609864 -0.0397715 0.116431 0.00339945 -0.0028393 0.0014806 0.00609864 -0.0397715
68.542 0.444549 5.49993 -0.0576444 1.76645 -0.000248239 -0.00393392 0.0300268 -0.999541 0.0729424 -0.00205449 0.0794481 -0.0111537 0.0998826 -0.0724957 0.0723059 0.00234846 0.0800197 -0.0111537 0.0998826 -0.0724957
68.998 0.450678 5.53395 -0.0620132 1.79643 0.000884855 -0.00928645 0.0400466 -0.999154 0.10023 -0.00158234 0.0685532 0.00128802 -0.0162735 -0.0092315 0.0987505 0.00626983 0.0704067 0.00128802 -0.0162735 -0.0092315
69.438 0.469065 5.57592 -0.0616345 1.83547 0.000480726 -0.00829996 0.0367659 -0.999289 0.107364 0.000390515 0.0682652 0.00154848 -0.0013776 0.030181 0.10552 0.00822171 0.0701901 0.00171691 -0.00115548 0.0285686
69.85 0.484319 5.61551 -0.0605046 1.86523 0.000290755 -0.00834439 0.0308243 -0.99949 0.110474 -3.4216e-05 0.0710442 0.000203503 -0.000608457 0.0340164 0.109067 0.00669456 0.072879 0.000203503 -0.000608457 0.0340164
70.764 0.489105 5.70452 -0.0608407 1.87933 0.000147095 -0.0023907 0.0189297 -0.999818 0.0792335 -0.00206077 0.0055605 -0.000300587 0.00726149 0.0257038 0.0792273 0.000937698 0.00593923 -0.000300587 0.00726149 0.0257038
71.146 0.492702 5.72905 -0.0591219 1.88617 0.000114263 -0.00290801 0.0144119 -0.999892 0.0676929 -0.00142182 0.00720861 0.00012195 0.00157556 0.0246064 0.0676627 0.00052744 0.00760216 0.00012195 0.00157556 0.0246064
71.586 0.520153 5.75819 -0.0598668 1.91842 -0.00115127 -0.00955926 0.0131977 -0.999867 0.091001 -0.00809294 0.0588956 -0.00165579 -0.0154414 -0.0201536 0.0882054 -0.00524847 0.0609215 -0.0011723 -0.0125206 -0.0153679
72.402 0.567322 5.82535 -0.061476 1.97218 -9.44919e-05 -0.0091838 0.0292593 -0.99953 0.11227 -0.0101282 0.0494335 -0.00116628 -0.000467122 -0.0402345 0.110756 -0.00398112 0.0515797 -0.00234508 0.001841 -0.0423695
73.214 0.592524 5.90412 -0.0614661 1.99195 -0.00133474 -0.0093965 0.0379644 -0.999234 0.124425 -0.00885128 0.00651618 0.00667848 -0.00155072 -0.0216287 0.124593 0.000630339 0.00886886 0.00667848 -0.00155072 -0.0216287
73.8 0.615977 5.97453 -0.0648996 2.01286 -0.00127805 -0.00948334 0.0474609 -0.998827 0.130245 -0.0146206 0.00787026 -0.000151412 -0.000162718 -0.0403987 0.13087 -0.00218994 0.0103709 -0.000151412 -0.000162718 -0.0403987
74.592 0.658842 6.06393 -0.0731666 2.0241 0.000321723 0.000435612 0.0618938 -0.998083 0.114046 -0.0122862 -0.0019214 -0.000852853 -0.0324102 -0.0352763 0.114689 0.00189959 -0.00202458 -0.000852853 -0.0324102 -0.0352763
75.04 0.669001 6.10087 -0.0771129 2.02413 -4.01773e-05 -0.0016373 0.0687904 -0.99763 0.076893 -0.00506919 -0.0024132 0.000822256 0.00756481 -0.0332662 0.0768685 0.00553308 -0.00216087 0.000822256 0.00756481 -0.0332662
75.508 0.68481 6.12988 -0.0799263 2.02634 -0.000160599 -0.00231284 0.0764344 -0.997072 0.0614504 -0.0025942 -0.00492197 0.000261046 0.0015058 -0.0322935 0.0619581 0.00673554 -0.00509447 0.000226909 0.00179988 -0.0323132
76.13 0.67594 6.15866 -0.0823555 1.99885 -0.000581382 -0.0141078 0.0758053 -0.997023 0.0812204 -0.00288296 -0.073522 0.00351974 0.00780643 0.0308256 0.0827651 0.00950074 -0.0712055 0.00351974 0.00780643 0.0308256
76.908 0.662204 6.23343 -0.0898227 1.94862 -0.00141222 -0.0100581 0.0680677 -0.997629 0.122506 -0.0120574 -0.0836027 -0.00100856 -0.0014669 0.00392684 0.123746 0.0053095 -0.080857 0.000266205 -0.0023932 0.00735131
77.66 0.668595 6.31819 -0.101147 1.89564 -0.00119904 -0.0101827 0.0713523 -0.997398 0.124104 -0.0149875 -0.0769906 -0.000715119 0.00160806 -0.0134502 0.126539 0.00279751 -0.0744386 -0.000642374 0.0015661 -0.0133072
78.426 0.717273 6.40168 -0.116168 1.88765 -0.000121304 -0.000516531 0.0761244 -0.997098 0.0785076 -0.0079855 -0.00466671 0.000163481 0.0249457 -0.0113265 0.0788149 0.00402431 -0.00458473 0.000163481 0.0249457 -0.0113265
78.846 0.7358 6.4334 -0.121727 1.88083 -0.00034774 -0.00261394 0.0782279 -0.996932 0.0577005 -0.00427312 0.00349705 0.000591833 0.00220734 -0.0115272 0.0576416 0.00478016 0.0037993 0.000591833 0.00220734 -0.0115272
79.292 0.742699 6.46095 -0.126702 1.85707 0.000206018 -0.000794852 0.079284 -0.996852 0.0462722 -0.0022462 0.00790874 -0.00296867 -0.0126746 0.0205575 0.0460332 0.00509197 0.00798293 -0.00296867 -0.0126746 0.0205575
80.028 0.766323 6.48993 -0.132368 1.86047 -2.34338e-05 -0.000595019 0.0517649 -0.998659 0.0241539 0.00235779 0.00930794 0.00154742 -0.000707375 0.109266 0.0237696 0.00484232 0.00933633 0.00154742 -0.000707375 0.109266
80.512 0.763134 6.50956 -0.136348 1.82678 -0.00208352 -0.0155628 0.032681 -0.999343 0.0779374 -0.00866901 -0.085093 -0.00160705 -0.0332851 0.0382081 0.0754505 -0.00291844 -0.0826033 -0.000562097 -0.0255986 0.0451456
80.948 0.771941 6.54912 -0.143784 1.79204 -0.00142204 -0.011897 0.0311418 -0.999443 0.108043 -0.0151911 -0.0858337 -0.00218041 -0.00376636 -0.0140581 0.110796 -0.0086128 -0.0831949 -0.00218041 -0.00376636 -0.0140581
81.43 0.816282 6.60618 -0.15155 1.78003 -1.46897e-05 0.00148687 0.0363167 -0.999339 0.0838979 -0.0104799 0.0019779 0.000899237 0.00295036 -0.0257556 0.0898055 -0.00471251 0.00177109 0.000573851 -0.00916474 -0.0257176
81.994 0.852316 6.64834 -0.157786 1.77482 -0.0003678 -0.00250037 0.0430644 -0.999069 0.0475005 -0.00549818 0.00775801 -7.2623e-05 0.00126093 -0.0243239 0.0477578 -0.00138632 0.00799894 -7.2623e-05 0.00126093 -0.0243239
82.766 0.884149 6.6922 -0.164667 1.75991 0.00019032 -0.000424746 0.0442293 -0.999021 0.027942 -0.00151427 0.00554074 0.00164352 -0.000502933 0.0455956 0.0279619 0.000958629 0.0055644 0.00164352 -0.000502933 0.0455956
83.46 0.912021 6.71877 -0.169492 1.76168 1.59184e-05 -2.7585e-05 0.0200573 -0.999799 0.0135357 -0.000844325 0.00865721 -3.18396e-05 0.00019699 0.0789315 0.0135582 -0.000301062 0.00865794 -3.18396e-05 0.00019699 0.0789315
84.196 0.923516 6.75512 -0.170774 1.72288 0.000658911 -0.0148458 -0.00184304 -0.999888 0.101345 0.0024642 -0.0796787 -0.00507615 -0.0264458 0.0436856 0.10059 0.00227672 -0.0796891 -0.0021393 -0.0274623 0.0446154
84.62 0.954562 6.80429 -0.170838 1.69395 0.0013489 -0.0130381 -0.0102279 -0.999862 0.126485 0.00635763 -0.0790775 0.000677477 -0.00207733 0.038406 0.127089 0.00381344 -0.0756408 0.000564461 -0.00176037 0.0383704
85.356 1.03479 6.90871 -0.163565 1.64856 0.00132172 -0.0129453 -0.0227835 -0.999656 0.146681 0.0112493 -0.0885117 -6.67283e-05 -0.00120118 0.0372799 0.149288 0.00473269 -0.0846579 -6.67283e-05 -0.00120118 0.0372799
85.786 1.09686 6.97753 -0.157252 1.60832 0.00139382 -0.0145157 -0.0300979 -0.999441 0.155771 0.0133805 -0.0972721 -7.47371e-05 0.00139459 0.0338662 0.159058 0.00416439 -0.0926751 -7.47371e-05 0.00139459 0.0338662
86.21 1.1766 7.04885 -0.148165 1.56084 0.00153744 -0.0152862 -0.0359132 -0.999237 0.167817 0.0164909 -0.105126 -0.00749586 -0.00516823 0.0295308 0.171712 0.00460347 -0.0998991 -0.00749586 -0.00516823 0.0295308
86.864 1.25921 7.17416 -0.128548 1.48606 0.00191277 -0.0158668 -0.0459023 -0.998818 0.183164 0.0249688 -0.114333 0.000580111 -0.000171303 0.0346322 0.188232 0.00832718 -0.108369 0.000580111 -0.000171303 0.0346322
87.268 1.23177 7.26103 -0.1134 1.45898 -0.000882205 0.00291793 -0.0528989 -0.998595 0.154223 0.0207803 0.0125611 0.00270511 -0.0678193 0.0326508 0.164677 0.00516603 0.0120759 0.00451102 -0.0966787 0.0327855
87.708 1.2117 7.32627 -0.101866 1.42498 -0.000883843 0.000198791 -0.0583855 -0.998294 0.0846677 0.00852626 0.0153195 0.00402796 -0.00382419 -0.00233603 0.0880127 -0.00101443 0.0146969 0.0047025 -0.00331548 0.00543766
88.218 1.20001 7.36962 -0.0958788 1.43174 -0.000677101 -2.08736e-06 -0.047031 -0.998893 0.0510266 0.00101455 0.0179147 -0.00116007 0.00102515 -0.0852677 0.0524373 -0.00371066 0.0183463 -0.00120583 0.00121998 -0.0827749
88.644 1.19597 7.3964 -0.0941752 1.44851 -0.000418611 0.000244743 -0.0275049 -0.999622 0.0378137 -0.000773395 0.0115233 -0.00115063 -0.00303922 -0.104104 0.0385489 -0.0029986 0.011961 -0.00116155 -0.00299243 -0.104584
89.094 1.19407 7.41288 -0.093275 1.45891 -0.00038751 0.000679066 -0.0084901 -0.999964 0.0277399 -0.000576964 0.00691311 0.000583744 -0.00156706 -0.0843106 0.0277355 -0.00104263 0.00687607 0.000583744 -0.00156706 -0.0843106
89.702 1.19402 7.44314 -0.0939315 1.42391 -0.000459904 -0.021547 0.0108821 -0.999709 0.128896 -0.0063103 -0.0973833 -0.0016323 -0.0426056 -0.0446435 0.133079 -0.00354561 -0.0917323 -0.0016323 -0.0426056 -0.0446435
90.334 1.20119 7.53377 -0.0973808 1.37024 -0.000955015 -0.0167392 0.0190295 -0.999678 0.187116 -0.00688637 -0.107009 0.000492016 -0.00335727 -0.0153763 0.190723 0.000107628 -0.100676 0.000492016 -0.00335727 -0.0153763
91.324 1.20883 7.72373 -0.108783 1.30638 0.000187853 0.00236874 0.0281502 -0.999601 0.179726 -0.010924 0.00695357 -0.00481579 -0.11099 -0.0266105 0.188526 -0.00132215 0.00727355 -0.0061076 -0.141187 -0.0265107
91.75 1.21447 7.78299 -0.114497 1.30288 2.33655e-05 0.000193046 0.0331199 -0.999451 0.104461 -0.00345535 0.00502469 -0.0039153 -0.00384929 -0.0199721 0.107439 0.00330279 0.00592384 -0.00258311 0.00182301 -0.0224433
92.154 1.21137 7.81634 -0.115961 1.30321 -0.000261427 -0.00643055 0.030718 -0.999507 0.077316 0.00117025 -0.0390393 0.0139286 0.267191 0.0411626 0.0775944 0.00591098 -0.0380445 0.0139286 0.267191 0.0411626
93.092 1.10554 7.94809 -0.125647 1.24438 -0.000930817 -0.019028 0.0236677 -0.999538 0.197797 -0.0109653 -0.0619756 -0.00205077 0.000185518 -0.00660388 0.20031 -0.00164702 -0.0543852 -0.00205077 0.000185518 -0.00660388
93.542 1.03231 8.04046 -0.131574 1.19723 -0.000935707 -0.0170692 0.0255333 -0.999528 0.203075 -0.00850169 -0.0554769 0.00100854 0.00344603 -0.00610284 0.205021 0.00182593 -0.0485015 0.00100854 0.00344603 -0.00610284
94.502 0.848894 8.26134 -0.148914 1.14598 -0.00299417 -0.0157507 0.0267181 -0.999515 0.201281 -0.011184 -0.0361196 0.00954749 -0.00930535 -0.00891647 0.202633 -0.000584132 -0.0297193 0.00954749 -0.00930535 -0.00891647
94.954 0.763563 8.36287 -0.159527 1.12674 -0.00221592 -0.0129502 0.0313106 -0.999423 0.189187 -0.0191621 -0.0292477 -0.00194422 0.00351469 -0.0348151 0.190712 -0.00737906 -0.0242663 -0.00194422 0.00351469 -0.0348151
95.41 0.691736 8.47311 -0.17347 1.11429 -0.00206374 -0.01215 0.03976 -0.999133 0.180798 -0.0212301 -0.030624 0.00667086 -0.00472152 -0.0426871 0.183612 -0.00674605 -0.0258426 0.00706182 -0.00528715 -0.0423318
95.872 0.613959 8.57698 -0.188259 1.10764 -0.0019544 -0.0111989 0.0501774 -0.998676 0.173567 -0.024199 -0.0285834 -1.65915e-05 0.00173653 -0.0493605 0.175992 -0.00684325 -0.0246343 -0.000127244 0.00140082 -0.0492628
96.9 0.508872 8.77049 -0.220762 1.07121 -0.00110126 -0.0102779 0.0646657 -0.997854 0.162685 -0.0221435 -0.074862 0.000621032 -0.0066038 -0.0157006 0.165694 -0.00102451 -0.0714542 0.000621032 -0.0066038 -0.0157006
97.806 0.522426 8.92855 -0.238453 0.984813 -0.0011346 -0.00855155 0.0719758 -0.997369 0.148675 -0.0195125 -0.0836305 0.0030018 -0.0163172 -0.0182236 0.151676 0.00197302 -0.076085 0.0026199 -0.0115992 -0.0178059
98.31 0.554848 9.00514 -0.253023 0.936732 -0.00105332 -0.00752566 0.0776805 -0.996949 0.139812 -0.0225938 -0.0889835 -0.00216385 0.00117126 -0.0263503 0.143294 -0.000477095 -0.0866185 -0.00184645 0.00179134 -0.0259854
98.756 0.598986 9.06435 -0.267767 0.894978 -0.000797679 -0.0080408 0.0829954 -0.996517 0.137634 -0.0247121 -0.0945678 -0.000544046 -8.93427e-05 -0.0256203 0.141335 -0.00162763 -0.0922958 -0.000544046 -8.93427e-05 -0.0256203
99.634 0.659515 9.18002 -0.291003 0.836762 -0.000718165 -0.0100871 0.0906026 -0.995836 0.152547 -0.0272813 -0.053687 0.000613458 -0.00106249 -0.00771833 0.15602 0.000717327 -0.0505423 0.000613458 -0.00106249 -0.00771833
100.1 0.68716 9.24387 -0.30022 0.816642 -0.000559703 -0.0114775 0.0914136 -0.995747 0.160423 -0.0267112 -0.0325875 0.000592132 -0.00338055 0.00208746 0.16256 0.00284981 -0.0289281 0.000549034 -0.00160033 0.0012073
100.556 0.711324 9.31003 -0.312047 0.80213 -0.000591799 -0.011471 0.0905585 -0.995825 0.166172 -0.0280729 -0.0350295 -0.000270884 -0.000750906 0.00707356 0.16927 0.00239225 -0.0311502 -0.000270884 -0.000750906 0.00707356
101.006 0.73844 9.37917 -0.323319 0.793995 -0.000732423 -0.0117217 0.0889672 -0.995965 0.170234 -0.0289057 -0.00107205 0.00349085 0.000692361 0.00660612 0.172543 0.00175637 -0.00235533 0.00345836 -1.28443e-05 0.00684982
101.47 0.748735 9.45058 -0.332706 0.805401 -0.000949702 -0.0123818 0.0881953 -0.996026 0.175107 -0.0303584 -0.00460552 0.000113499 -0.00136158 0.000312986 0.177776 0.00088376 -0.000190661 0.000113499 -0.00136158 0.000312986
101.924 0.77159 9.52104 -0.34186 0.808352 -0.000507205 -0.0122485 0.0882239 -0.996025 0.178501 -0.029742 -0.00534284 -0.000258667 -0.000312873 0.00269432 0.181026 0.00210023 -0.000907545 -0.000258667 -0.000312873 0.00269432
102.762 0.861827 9.66441 -0.364073 0.789551 -0.000939941 -0.0127486 0.0865533 -0.996165 0.183367 -0.0317874 -0.00452967 -0.000983966 -0.000328596 0.00300997 0.186156 0.000315076 0.000229071 -0.000983966 -0.000328596 0.00300997
103.25 0.906468 9.747 -0.376545 0.789019 -0.000175719 -0.0141248 0.0855448 -0.996234 0.187958 -0.0294655 -0.00570248 0.00160952 -0.000421961 0.0101855 0.189829 0.00279143 -0.000379584 0.00138299 0.00138412 0.00909486
104.098 0.993656 9.90571 -0.395001 0.793973 -0.000462912 -0.014557 0.079968 -0.996691 0.19997 -0.0281195 0.0116065 -0.000390293 0.000335652 0.0157272 0.201472 0.00410313 0.0174808 -0.000390293 0.000335652 0.0157272
104.902 0.992307 10.0687 -0.409767 0.813366 -0.000748924 -0.0158434 0.0747012 -0.99708 0.215055 -0.027265 0.0101583 0.000130388 -2.51195e-05 0.0124874 0.216286 0.0050715 0.0170289 0.000130388 -2.51195e-05 0.0124874
105.328 0.985345 10.1608 -0.416633 0.809364 -0.00072516 -0.0157573 0.0722883 -0.997259 0.2189 -0.0250702 -0.00906707 0.001171 5.28019e-05 0.0121236 0.220328 0.00679474 -0.00215297 0.00130741 -0.000662119 0.0121238
105.826 0.975263 10.2679 -0.428365 0.789276 -0.00089033 -0.0156986 0.0696538 -0.997447 0.220749 -0.0256659 0.0222012 0.00157025 -0.000617447 0.0112775 0.221424 0.00546858 0.0277717 0.00186663 -0.00214695 0.0114368
106.27 0.962275 10.3602 -0.440616 0.789621 -0.000906087 -0.0159658 0.0676909 -0.997578 0.221118 -0.027107 0.0187469 -0.000622032 0.000805082 0.00790606 0.22204 0.00300413 0.0258614 -0.000622032 0.000805082 0.00790606
107.144 0.9181 10.5513 -0.463873 0.764715 -0.0012618 -0.016033 0.0662173 -0.997676 0.224524 -0.0289491 0.00886486 -0.000451869 -1.70971e-05 -0.00149816 0.225917 0.00101598 0.0134242 -3.62456e-05 0.000179466 -0.00136342
107.568 0.871636 10.6562 -0.472849 0.769098 -0.0012397 -0.0153895 0.0667068 -0.997653 0.223374 -0.0268352 0.0126516 0.00115299 0.000913011 -0.00184467 0.22446 0.00314871 0.0195891 0.00115299 0.000913011 -0.00184467
108.354 0.827682 10.8257 -0.48619 0.793504 -0.00144933 -0.0147208 0.0670804 -0.997638 0.215385 -0.023667 0.0554375 0.00042438 0.00337411 -0.00256813 0.215148 0.00546027 0.0622306 0.00042765 0.00329889 -0.00258317
108.824 0.818123 10.9281 -0.49987 0.808488 -0.0013609 -0.0141754 0.0674162 -0.997623 0.213073 -0.0243733 0.0523337 -0.000375891 -1.67238e-05 -0.00167766 0.212838 0.00455947 0.0584126 -0.000375891 -1.67238e-05 -0.00167766
109.562 0.83933 11.0947 -0.526779 0.840256 -0.00164188 -0.0143464 0.0681669 -0.997569 0.211774 -0.027254 0.00826766 -0.000415526 -0.00142897 -0.00465739 0.213145 0.00195417 0.014645 -0.000433752 -0.0019217 -0.004205
110.42 0.842105 11.2695 -0.554177 0.83913 -0.00127649 -0.0148467 0.0694553 -0.997474 0.214321 -0.0265315 0.0111566 6.80323e-05 5.49381e-05 0.00111805 0.215438 0.00344216 0.0173728 8.48119e-05 3.75432e-05 0.000790407
111.326 0.817824 11.4521 -0.578316 0.816104 -0.00207602 -0.0146798 0.0688868 -0.997514 0.214939 -0.0261302 -0.011706 0.00928446 -0.00411617 -0.000348175 0.216742 0.00364568 -0.00530642 0.00928446 -0.00411617 -0.000348175
112.266 0.791905 11.6443 -0.611675 0.826178 -0.00194415 -0.0144017 0.0744486 -0.997119 0.207831 -0.0321891 -0.0132023 0.000313474 0.000794146 -0.0182577 0.210601 -0.000986929 -0.00709409 0.000313474 0.000794146 -0.0182577
112.742 0.772858 11.7378 -0.629027 0.829203 -0.00181294 -0.0139925 0.0782613 -0.996833 0.207226 -0.0327268 -0.0136263 -1.39503e-05 0.000215301 -0.0159132 0.210095 -1.6946e-06 -0.00770884 -1.39503e-05 0.000215301 -0.0159132
113.258 0.756185 11.8401 -0.649059 0.830303 -0.00152655 -0.013757 0.081434 -0.996583 0.206329 -0.033152 0.00627137 -0.00211243 0.00261928 -0.0117047 0.208796 0.000707837 0.012256 -0.00255737 0.00200969 -0.0120345
114.064 0.723053 12.0043 -0.679926 0.829745 -0.00152846 -0.0136684 0.0837456 -0.996392 0.205365 -0.0325969 0.00568088 -0.000251023 0.000258883 -0.00270694 0.207708 0.00226626 0.0113451 -0.000267836 0.000290341 -0.00277896
114.854 0.643079 12.1507 -0.71085 0.845434 -0.000170054 0.000340267 0.0846684 -0.996409 0.156935 -0.0257952 -0.00341271 4.84407e-05 0.0117427 -0.00109125 0.159035 0.00105266 -0.00351639 4.84407e-05 0.0117427 -0.00109125
115.676 0.608391 12.2447 -0.730216 0.849539 6.1425e-05 -0.000537813 0.0769406 -0.997036 0.0929394 -0.0133557 -0.000467603 0.00140742 -0.000912391 0.0611976 0.0938886 0.00106178 -0.000367583 0.00140742 -0.000912391 0.0611976
116.152 0.599844 12.2771 -0.738117 0.856763 -0.000199047 -0.0116191 0.0604068 -0.998106 0.0876825 -0.012 -0.00616789 -0.00141501 0.113861 0.0700382 0.081282 -0.00143123 -0.00381029 -0.00856901 0.154439 0.0734335
116.92 0.584931 12.3542 -0.752373 0.849739 -0.000313343 -0.0108502 0.0443439 -0.998957 0.151156 -0.0185069 -0.00872845 -0.000476426 -0.00235481 0.0266732 0.152355 -0.00503848 -0.00542446 -0.000476426 -0.00235481 0.0266732
117.37 0.575488 12.4114 -0.757508 0.853162 -0.000257087 -0.0102128 0.0396323 -0.999162 0.15582 -0.0173625 -0.0093245 0.000153551 -0.000295051 0.0174729 0.156863 -0.00496377 -0.0061227 0.000153551 -0.000295051 0.0174729
117.822 0.566268 12.4706 -0.759884 0.857297 -0.00164475 -0.00972035 0.0371275 -0.999262 0.153445 -0.0188344 0.0129107 0.00109656 0.0011691 0.00144798 0.154493 -0.0069093 0.0160484 0.00227676 0.000879215 0.00290299
118.314 0.564939 12.5316 -0.764872 0.859997 -0.00130075 -0.00977893 0.0398221 -0.999158 0.149783 -0.0216857 0.0125457 -0.000594569 0.00138425 -0.0230577 0.150758 -0.00967092 0.015528 -0.000594569 0.00138425 -0.0230577
119.084 0.572271 12.6364 -0.772792 0.870507 -0.00115207 -0.0101106 0.0495582 -0.998719 0.14612 -0.0206839 0.00689903 -0.00604901 0.00371595 -0.0250983 0.147362 -0.00624653 0.0152504 0.000279691 0.00160327 -0.0256987
119.524 0.580078 12.6997 -0.778986 0.876832 -0.000338839 -0.0105741 0.0525342 -0.998563 0.146695 -0.0163089 -0.0040569 0.0016987 -0.000606582 -0.00306777 0.147649 -0.000825298 -0.000934179 0.0016987 -0.000606582 -0.00306777
119.99 0.59117 12.7642 -0.784508 0.877019 -0.000619092 -0.0106947 0.051352 -0.998623 0.146911 -0.014273 -0.00401328 0.000514658 4.99438e-05 0.0101164 0.147696 0.000925741 -0.000872324 0.000824819 -1.98914e-05 0.00959981
120.442 0.610876 12.8318 -0.792491 0.877072 -0.00063805 -0.0109368 0.0487693 -0.99875 0.148034 -0.0146448 -0.00424058 -0.000246781 -0.000474935 0.0110534 0.148703 -7.63714e-05 -0.00105702 -0.000230269 -0.000191569 0.0111818
121.148 0.601695 12.9305 -0.800575 0.866166 -0.000500305 -0.00131775 0.0453704 -0.998969 0.0980532 -0.00976909 0.00885544 -0.000347257 0.0214068 0.00901578 0.098511 -0.000832696 0.00912004 -0.000347257 0.0214068 0.00901578
121.582 0.596444 12.9739 -0.804351 0.869972 0.000680782 -0.0121059 0.0429747 -0.999003 0.0946295 -0.00623535 -0.00089887 -0.00581854 0.0499413 0.0214548 0.0948094 0.00191351 0.0013938 -0.00581854 0.0499413 0.0214548
122.288 0.594239 13.0618 -0.805949 0.854135 -0.000388478 -0.00661616 0.0286678 -0.999567 0.129895 -0.000326655 0.00249235 0.0178327 -0.110042 0.0539148 0.130425 0.00754941 0.00387924 0.0171475 -0.0913487 0.0536218
123.088 0.592239 13.1439 -0.808237 0.855398 -0.000737294 -0.00263381 0.00980243 -0.999948 0.0748321 -0.00353046 0.00387959 -0.000303779 0.000875984 0.0509602 0.0748654 -0.00205697 0.004278 -0.000303779 0.000875984 0.0509602
123.778 0.586601 13.192 -0.815455 0.864637 -0.000266004 -0.000375462 -0.0180191 -0.999838 0.0470374 -0.00244439 -0.000665263 0.000928705 -0.000696703 0.123538 0.0479572 -0.00414627 -0.00062598 0.000911472 -0.000461397 0.122002
124.234 0.584059 13.2106 -0.818413 0.872855 -0.000386308 -0.000107785 -0.0475113 -0.998871 0.0349645 -0.0019279 -0.00250331 -8.70414e-05 -0.00112779 0.134111 0.0346241 -0.00523981 -0.00249303 -8.70414e-05 -0.00112779 0.134111
124.734 0.58076 13.2233 -0.821037 0.880735 -0.000328946 0.00021901 -0.07677 -0.997049 0.0256349 -0.00156781 -0.0054578 -0.000458128 -0.00105114 0.117098 0.0257707 -0.0054991 -0.00532285 -0.00046451 -0.00105033 0.117773
125.212 0.548042 13.231 -0.826229 0.886555 -0.000127904 0.000487329 -0.102302 -0.994753 0.0185975 -0.00188691 -0.00740946 -0.0012965 -0.00141076 0.0939496 0.0178168 -0.00563374 -0.00742633 -0.0012965 -0.00141076 0.0939496
125.688 0.482127 13.2368 -0.829967 0.878242 0.000121488 0.000841067 -0.121062 -0.992645 0.0137011 -0.000992371 -0.00612215 -0.000726509 -0.00135149 0.0835487 0.0134247 -0.00448033 -0.00644397 -0.000872112 -0.00139358 0.083865
126.13 0.483464 13.2388 -0.830129 0.866901 0.000121415 0.001076 -0.137334 -0.990524 0.00920522 0.000794082 -0.00326201 8.02723e-05 -0.00105326 0.0768685 0.00906716 -0.00173855 -0.00328198 8.02723e-05 -0.00105326 0.0768685
126.906 0.483954 13.2414 -0.828401 0.878815 0.000555378 -0.0082567 -0.162491 -0.986675 0.0348549 0.0108234 0.000917387 0.0173968 -0.0778919 0.0591867 0.0364649 -0.00092328 0.00151978 0.0173968 -0.0778919 0.0591867
127.342 0.490081 13.2538 -0.827206 0.860889 -0.000998864 -0.000493055 -0.174695 -0.984622 0.0326262 0.0016158 0.0137828 -0.00334659 0.0104055 0.0516554 0.0311821 -0.00967726 0.0138229 -0.00334659 0.0104055 0.0516554
128.176 0.497634 13.2835 -0.822649 0.86382 0.00151705 -0.007285 -0.194512 -0.980872 0.0657422 0.0210504 0.00320515 5.18116e-05 -0.0025823 0.0487253 0.0687449 -0.00563046 0.00422784 5.18116e-05 -0.0025823 0.0487253
128.686 0.517897 13.319 -0.808199 0.864281 0.0016577 -0.0069967 -0.206543 -0.978411 0.0714801 0.0280067 -0.00866613 0.00083634 0.000291265 0.0470534 0.0765924 -0.00345649 -0.00743738 0.000672893 -0.000198338 0.0469518
129.51 0.570826 13.3835 -0.777044 0.85646 0.00162374 -0.0077303 -0.223914 -0.974577 0.075806 0.0348388 -0.00809836 -3.44792e-05 0.000472343 0.041842 0.0832364 -0.00179744 -0.00674474 -2.72167e-05 0.000415157 0.0421761
130.236 0.62691 13.4556 -0.740245 0.875818 0.00123581 -0.00942885 -0.235917 -0.971727 0.0865858 0.0403282 0.00848065 -0.00107655 -0.000526034 0.0165425 0.0946663 -0.00358315 0.0104106 -0.000959673 -0.000603332 0.0175588
130.722 0.669626 13.5085 -0.717312 0.880718 0.00174981 -0.0103491 -0.238075 -0.97119 0.0954242 0.0432618 0.0088546 -0.00101483 -0.00112744 0.0031135 0.104405 -0.0057596 0.0110516 -0.00101483 -0.00112744 0.0031135
131.19 0.705765 13.5677 -0.69095 0.887758 0.00199332 -0.0108978 -0.23877 -0.971013 0.103961 0.0482345 0.00939604 0.000184412 -0.00134023 0.00050653 0.114239 -0.00546404 0.0119327 0.000184412 -0.00134023 0.00050653
132.028 0.75269 13.6814 -0.640941 0.876427 0.00201928 -0.0113826 -0.238724 -0.971019 0.114959 0.0533891 -0.0313457 0.000613592 0.000195993 -0.00457326 0.127299 -0.00604526 -0.0284074 0.000613592 0.000195993 -0.00457326
132.49 0.78813 13.7505 -0.606899 0.866294 0.00221526 -0.0122759 -0.238036 -0.971176 0.122265 0.0580308 -0.0336192 -2.11404e-05 -0.00103983 -0.00468222 0.135261 -0.00521501 -0.0300691 -0.00017971 -0.00028157 -0.00472958
132.988 0.824064 13.8294 -0.568762 0.857102 0.00199677 -0.012775 -0.237132 -0.971392 0.130762 0.06164 -0.0172696 -0.000312561 -0.000288718 -0.00707918 0.144178 -0.00550018 -0.0134975 -5.89351e-05 7.5615e-05 -0.00680431
133.484 0.85829 13.9069 -0.53211 0.856793 0.00225507 -0.0133436 -0.235493 -0.971782 0.139007 0.0650615 -0.0185789 -0.000117868 -0.00112279 -0.00936354 0.153816 -0.00582205 -0.0144206 -0.000117868 -0.00112279 -0.00936354
133.972 0.845826 13.9928 -0.492829 0.841043 0.00245666 -0.0138726 -0.233671 -0.972214 0.147352 0.0687544 -0.0196857 -0.000314116 -0.00146257 -0.00915734 0.162435 -0.00579289 -0.0151859 -0.00041684 -0.00105663 -0.00926331
134.488 0.839111 14.0909 -0.446651 0.838173 0.00239174 -0.0135284 -0.231954 -0.97263 0.154186 0.0722357 0.018102 -1.35275e-05 9.41482e-06 -0.00818585 0.16963 -0.00508892 0.0227711 -1.35275e-05 9.41482e-06 -0.00818585
135.264 0.849744 14.2358 -0.375348 0.847408 0.00234722 -0.0135726 -0.22982 -0.973136 0.160032 0.0762655 0.017681 0.000968568 -0.000622374 -0.00623372 0.176224 -0.00334038 0.0235477 -5.28142e-05 -0.000472945 -0.00631092
135.756 0.852902 14.323 -0.334393 0.848377 0.00170645 -0.0135508 -0.228146 -0.973531 0.164253 0.0753107 0.0051754 -0.000697597 8.50028e-05 -0.014206 0.180404 -0.00548592 0.0100951 -0.000697597 8.50028e-05 -0.014206
136.246 0.855268 14.4153 -0.292563 0.853528 0.00193794 -0.01374 -0.224627 -0.974346 0.168106 0.0754527 0.00533602 -0.000531021 -4.76079e-05 -0.0187246 0.183954 -0.00574298 0.0104393 -0.000531021 -4.76079e-05 -0.0187246
136.764 0.806456 14.5193 -0.249252 0.85646 0.00212674 -0.0137114 -0.22041 -0.975308 0.173938 0.0765357 0.00554489 -0.000466604 -0.000111269 -0.0160194 0.189406 -0.00572803 0.0106466 -0.000682371 -0.000260404 -0.0163714
137.25 0.709165 14.6148 -0.212524 0.86225 0.00329207 -0.0120846 -0.217688 -0.975938 0.174038 0.076087 0.0181267 -0.0193427 -0.00690826 -0.00950017 0.189831 -0.00573819 0.0224233 -0.0239167 -0.00889507 -0.0116337
137.716 0.636306 14.698 -0.173543 0.875712 0.00306429 -0.0104943 -0.219334 -0.975589 0.162813 0.0810938 0.0149673 0.0017183 0.00174041 0.0212716 0.182004 0.00308422 0.0189794 0.00162394 0.000967466 0.020005
138.588 0.526223 14.8381 -0.104487 0.885395 0.00311632 -0.00950563 -0.231119 -0.972874 0.151062 0.0782511 0.00446626 -0.00813475 -0.00500225 0.0337884 0.169992 0.00194096 0.00786004 -0.00813475 -0.00500225 0.0337884
139.654 0.441616 14.9837 -0.0261157 0.893264 0.00249626 -0.00851964 -0.254801 -0.966953 0.132661 0.0756397 0.00363259 -0.000482197 0.000220264 0.0509337 0.152621 0.000439621 0.00634256 -0.000482197 0.000220264 0.0509337
140.69 0.363103 15.0856 0.0291717 0.895466 0.000119127 -0.00199357 -0.277253 -0.960795 0.0790453 0.0382049 0.00122589 -0.00521567 -0.0176455 0.0481808 0.0885477 -0.00972802 0.000246375 -0.00281829 -0.0133181 0.0451727
141.23 0.349635 15.1001 0.033774 0.903128 0.00375756 -0.00327763 -0.282534 -0.959245 0.0520968 0.0361122 0.0104548 0.00317407 -0.0449294 0.0475557 0.0632638 0.00205015 0.0109985 0.00317407 -0.0449294 0.0475557
141.736 0.342303 15.1121 0.0448948 0.903989 0.00155341 -0.0011071 -0.303336 -0.952882 0.0525564 0.0456078 -0.00224526 0.0133193 0.00322704 0.0739837 0.0692564 0.00683744 -0.00201824 0.0133193 0.00322704 0.0739837
142.66 0.346828 15.1202 0.0654584 0.896657 0.00141079 -0.000712093 -0.312205 -0.950014 0.0478996 0.0424118 -0.00243362 -0.0017066 -0.000898079 -0.00563925 0.0637257 0.00573516 -0.00227845 -0.0017066 -0.000898079 -0.00563925
143.18 0.300985 15.1236 0.0723811 0.906864 0.00161129 -0.000979509 -0.310806 -0.950472 0.0416894 0.0377916 0.0158638 -0.00099191 8.7183e-05 -0.00687656 0.0559175 0.00581988 0.0160383 -0.00099191 8.7183e-05 -0.00687656
143.696 0.302738 15.1231 0.0796284 0.914552 0.00168956 0.000803868 -0.309581 -0.950871 0.0274933 0.0315749 0.00657911 4.90613e-05 0.00373429 -0.00448996 0.0420426 0.00898714 0.0067272 1.13282e-05 0.00338096 -0.00464918
144.244 0.308123 15.1197 0.0882644 0.924632 0.00248804 -0.000348433 -0.308929 -0.951082 0.0191355 0.0309437 0.0111977 0.000134011 -0.000936575 -0.00314784 0.0338363 0.0135005 0.0114524 0.00011346 -0.000977384 -0.00315008
144.772 0.31571 15.1163 0.0997541 0.915757 0.00241698 -0.000266492 -0.30848 -0.951228 0.0135952 0.0301086 0.00975803 -0.000354351 -3.0256e-05 -0.00322117 0.028658 0.0163561 0.00988793 -0.000354351 -3.0256e-05 -0.00322117
145.706 0.334797 15.1094 0.127016 0.907007 0.00240235 -0.000278487 -0.307729 -0.951471 0.00552046 0.0285824 0.00980627 -0.000306271 0.000355098 -0.00261965 0.0211928 0.0198929 0.00993648 -0.000306271 0.000355098 -0.00261965
146.246 0.346043 15.1042 0.14372 0.909996 0.00242169 -0.000665192 -0.307237 -0.95163 0.00296837 0.02719 0.00409613 -0.000383871 -0.000481655 -0.00125408 0.0184517 0.0202843 0.00416306 -0.000505707 -0.000539721 -0.0013377
147.196 0.365633 15.0982 0.173867 0.924476 0.00235791 -0.000648894 -0.307042 -0.951693 -0.000636468 0.0250262 0.00770395 -0.000609264 0.000183223 -0.00102679 0.0143609 0.0204292 0.00806831 -0.00076281 0.000271216 -0.000985041
147.732 0.378343 15.0953 0.191199 0.924037 0.00214256 -0.000985682 -0.306865 -0.95175 -0.00160422 0.0242075 0.00664559 -0.000819796 -0.000123252 -0.00112883 0.0129438 0.0206531 0.00655511 -0.000700398 -0.000164659 -0.00119932
148.286 0.392306 15.0922 0.212592 0.932641 0.00188873 -0.00101867 -0.306891 -0.951742 -0.00260848 0.0245007 0.00629932 -0.000356296 -0.000462526 -0.00120268 0.0121757 0.0213906 0.00640063 -0.000356296 -0.000462526 -0.00120268
148.832 0.403114 15.0938 0.231716 0.940516 0.00165649 -0.000988581 -0.306828 -0.951763 -0.00181083 0.0234021 0.0049603 -0.00121664 -0.000700536 -0.00142269 0.0121838 0.0200407 0.00504669 -0.00121664 -0.000700536 -0.00142269
149.7 0.407264 15.098 0.24067 0.929461 -0.00304631 0.00151136 -0.29022 -0.956954 -0.00814598 -0.0196103 -0.0112005 -0.00272044 0.00111815 -0.0810924 -0.0171349 -0.0112187 -0.0111832 -0.00335451 0.00191646 -0.0800124
150.254 0.404488 15.0984 0.234869 0.917669 -0.00283645 0.00156548 -0.27102 -0.962568 -0.00974567 -0.0251026 -0.00861252 -0.000566487 -0.000991485 -0.0742279 -0.0213853 -0.0161655 -0.00875818 -0.000595761 -0.00088062 -0.0754946
151.236 0.382117 15.1241 0.231078 0.927293 0.0010779 -0.00582879 -0.244413 -0.969653 0.0421112 0.0197967 0.00802767 0.000730339 -0.00187344 -0.053673 0.0463654 -0.00252334 0.00857873 0.000730339 -0.00187344 -0.053673
151.828 0.368118 15.1499 0.239676 0.944422 0.00168328 0.00118243 -0.234307 -0.97216 0.0184373 0.0213901 0.00563222 0.00338088 0.0119453 -0.0173905 0.0261661 0.0106204 0.00563339 0.00338088 0.0119453 -0.0173905
152.346 0.364433 15.1612 0.247351 0.96164 0.00175279 -3.14206e-05 -0.23299 -0.972478 0.00484287 0.0205126 0.00622286 0.000778441 0.00176892 -0.000607118 0.013607 0.0160698 0.00628939 0.000778441 0.00176892 -0.000607118
153.438 0.367582 15.1708 0.261387 0.959577 0.00202094 -0.000300763 -0.233299 -0.972403 0.00232855 0.0190861 0.0096287 -0.000360901 -0.00050299 0.00143306 0.0107201 0.0159153 0.00970548 -0.000360901 -0.00050299 0.00143306
153.996 0.37664 15.174 0.277536 0.963262 0.00193976 -0.000157426 -0.23359 -0.972333 0.00238937 0.0203229 0.00865776 -0.000311506 -0.000251535 0.000619231 0.0111977 0.0169201 0.00892146 -0.000231312 -0.000291635 0.000646936
154.526 0.385089 15.1766 0.29019 0.947365 0.00185699 -3.29244e-05 -0.233465 -0.972363 0.00330702 0.019758 0.00704771 -0.000900583 -0.000490158 0.00146042 0.0118688 0.0161029 0.00720507 -0.000954727 -0.000400503 0.00142895
155.052 0.397158 15.178 0.306757 0.935812 0.00173386 -8.12779e-05 -0.23372 -0.972302 0.00443704 0.0205726 0.00786133 -0.000219538 -0.0010416 0.00110226 0.0132948 0.0162821 0.00792853 -0.000219538 -0.0010416 0.00110226
155.568 0.408154 15.179 0.320655 0.951505 0.00160388 7.05643e-05 -0.233723 -0.972302 0.00534695 0.0193494 0.00484999 -0.00100135 -0.000241955 0.00103406 0.0135541 0.0147899 0.00490494 -0.00100135 -0.000241955 0.00103406
156.096 0.415217 15.1851 0.333432 0.952244 0.00157521 -0.00687436 -0.232551 -0.972559 0.0356926 0.024816 -0.000729839 -0.00300602 -0.0140583 -0.0127228 0.0409163 0.00648368 -8.7413e-05 -0.00279067 -0.0127652 -0.012112
156.678 0.421962 15.2037 0.353405 0.952963 0.00151423 -0.00525241 -0.227574 -0.973746 0.0541571 0.029996 -0.00170237 0.000632674 -0.0015216 -0.0214779 0.0618568 0.00288662 -0.00102546 0.000632674 -0.0015216 -0.0214779
157.25 0.426969 15.2311 0.374411 0.954892 0.00151591 -0.00524168 -0.221934 -0.975046 0.0610969 0.0320892 -0.00210084 0.000219884 -0.000255065 -0.0225981 0.0689853 0.00248602 -0.00134778 0.000219884 -0.000255065 -0.0225981
157.824 0.432285 15.2604 0.394136 0.956984 0.00157736 -0.00550551 -0.216397 -0.976289 0.0638772 0.0327991 -0.00195348 0.000273904 0.000967735 -0.0190544 0.0717713 0.00273723 -0.00113111 0.000273904 0.000967735 -0.0190544
158.368 0.439561 15.2891 0.41329 0.953387 0.000277149 0.00136847 -0.212052 -0.977257 0.0365536 0.0217149 -0.000963355 0.000586673 0.0146974 -0.0161749 0.0422636 0.00461316 -0.00106626 0.000586673 0.0146974 -0.0161749
158.912 0.445012 15.3071 0.425398 0.944827 0.000535935 4.81253e-05 -0.207979 -0.978133 0.0233804 0.0154612 0.0105977 0.000595153 0.000886709 -0.0157522 0.0276469 0.00459974 0.0106062 0.000595153 0.000886709 -0.0157522
159.446 0.451847 15.3137 0.433635 0.94236 0.000481418 -0.000155166 -0.204144 -0.978941 0.0189375 0.0137751 0.0147616 0.000300951 0.000345183 -0.0161652 0.0229797 0.00503752 0.0150598 0.000320291 0.000493585 -0.0161615
160.516 0.458804 15.3213 0.442759 0.954635 0.000444847 1.0396e-05 -0.196101 -0.980584 0.0168596 0.011631 0.00410145 -1.37486e-05 -0.000394072 -0.0151955 0.0200727 0.0042694 0.00558926 -2.17976e-06 -0.000406298 -0.015218
161.11 0.461891 15.3248 0.44656 0.962704 0.000374127 0.000179803 -0.191949 -0.981405 0.016549 0.0110444 -0.0044879 -0.000308135 -0.000220564 -0.0161789 0.0195334 0.00400731 -0.00403763 -0.000296858 -0.000229517 -0.0161757
161.706 0.46422 15.3264 0.449128 0.965215 0.00034491 0.000293886 -0.187306 -0.982301 0.0153652 0.0103309 -0.00669231 9.82117e-05 0.000143439 -0.0157012 0.0180856 0.00395718 -0.0066973 9.82117e-05 0.000143439 -0.0157012
162.77 0.470011 15.3239 0.454775 0.962517 0.000241206 0.000377281 -0.179306 -0.983793 0.0126924 0.00946698 -0.00631045 -9.25794e-05 0.000168612 -0.0149824 0.0154221 0.00439781 -0.00675072 -0.000191997 -9.69187e-06 -0.0149924
163.312 0.472703 15.3206 0.456125 0.963623 0.000212092 0.000363048 -0.175407 -0.984496 0.0111746 0.00858249 -0.00794847 -4.02699e-05 -0.000129904 -0.0149101 0.013677 0.00437153 -0.00811454 9.19739e-05 -6.7465e-05 -0.0148892
163.906 0.473015 15.318 0.456313 0.9517 0.000223899 0.000392853 -0.170916 -0.985285 0.00987269 0.0075407 0.00474181 5.42921e-05 0.000304276 -0.0145345 0.011949 0.00376608 0.00407337 7.67864e-05 0.000274601 -0.0145715
164.524 0.475173 15.313 0.457439 0.956339 0.00018924 0.000340577 -0.166555 -0.986032 0.00774866 0.00700323 0.00382221 0.000261245 0.000552814 -0.0146008 0.00981489 0.00407735 0.00472023 0.000228922 0.000593339 -0.014599
165.058 0.476815 15.31 0.457919 0.963044 0.000170062 0.000340103 -0.162638 -0.986686 0.00674391 0.00636706 -0.00426723 3.3182e-08 0.000340799 -0.0145896 0.00842799 0.00386771 -0.0042707 3.3182e-08 0.000340799 -0.0145896
165.622 0.477895 15.3055 0.457666 0.940499 0.000157461 0.000292637 -0.158542 -0.987352 0.00483234 0.00562231 0.0167056 -3.16002e-06 0.00056548 -0.0151092 0.00665089 0.0038205 0.0162189 -7.31475e-05 0.000429253 -0.015056
166.73 0.476907 15.3023 0.455468 0.941522 0.000158412 0.000228475 -0.150015 -0.988684 0.00366892 0.00442941 0.0173123 -0.000206899 -0.000172456 -0.0144172 0.00481628 0.00315777 0.0175609 -0.000178677 -0.000180436 -0.0144219
167.87 0.474752 15.3053 0.453618 0.971632 0.000198578 0.000325678 -0.141639 -0.989918 0.00387051 0.00295964 -0.0136819 -0.000431911 -0.000180578 -0.0153417 0.00460312 0.00181503 -0.0132077 -0.000415808 -0.000387872 -0.0153783
168.448 0.47319 15.3042 0.451436 0.978751 0.000247946 0.000260242 -0.137468 -0.990506 0.00222503 0.00185209 -0.0199102 -0.000245682 0.000387377 -0.0148379 0.0026364 0.00118737 -0.0199108 -0.000245682 0.000387377 -0.0148379
169.01 0.471744 15.2999 0.44851 0.980635 0.000290906 9.62285e-05 -0.133336 -0.991071 0.000401032 0.000897441 -0.0245918 -4.85896e-05 0.000264936 -0.01533 0.000685278 0.000775776 -0.0246615 -9.20704e-05 0.00027345 -0.0153129
170.208 0.474385 15.2958 0.451349 0.964019 0.000217484 7.4536e-06 -0.124454 -0.992225 -0.00100524 0.00157814 -0.00703368 3.56117e-05 0.000162505 -0.0147614 -0.000527736 0.00177162 -0.00711331 8.47884e-06 0.000181298 -0.014819
170.738 0.477037 15.2951 0.453956 0.958842 0.00017875 -4.19679e-05 -0.120659 -0.992694 -0.00151624 0.00170979 -0.00284696 7.63445e-05 9.98758e-05 -0.0148704 -0.00106214 0.00202421 -0.00284639 7.63445e-05 9.98758e-05 -0.0148704
171.282 0.47754 15.2958 0.45432 0.95886 0.000217292 -6.93805e-05 -0.116626 -0.993176 -0.00152175 0.0010112 -0.00505849 -0.000362139 0.000162168 -0.0149508 -0.00124515 0.00133832 -0.00505817 -0.000362139 0.000162168 -0.0149508
171.89 0.476785 15.2979 0.454305 0.949554 0.000260356 -7.36989e-05 -0.112084 -0.993699 -0.00126809 0.000757624 0.00722129 0.000143426 -0.000314367 -0.0144033 -0.00106895 0.00101745 0.00722158 0.000143426 -0.000314367 -0.0144033
172.448 0.477178 15.2986 0.455001 0.950069 0.000234899 -0.00012879 -0.10794 -0.994157 -0.00202903 0.000633882 0.00682028 2.41068e-06 0.000230282 -0.0145857 -0.0018478 0.00105158 0.00682018 2.41068e-06 0.000230282 -0.0145857
173.678 0.476051 15.3054 0.455583 0.945997 0.000257406 -8.48529e-05 -0.0988088 -0.995106 -0.000975557 0.00014482 0.0109541 7.88715e-06 -0.000149918 -0.0139528 -0.000931438 0.000353433 0.0106165 3.01031e-05 -0.000225295 -0.013872
174.256 0.475616 15.3083 0.456329 0.950923 0.000271388 -0.000110184 -0.0948334 -0.995493 -0.000837862 0.000155143 0.00766726 2.50341e-05 -0.000358586 -0.0142762 -0.000795576 0.000306568 0.0076672 2.50341e-05 -0.000358586 -0.0142762
174.806 0.478144 15.3137 0.460268 0.956808 0.000196215 -1.29613e-05 -0.0906019 -0.995887 0.00026665 0.000940329 0.000273269 -0.000409069 -0.000196972 -0.0139775 0.000371138 0.000917038 0.000600269 -0.000392602 -0.000162068 -0.0140061
175.36 0.478691 15.3172 0.461751 0.960652 0.000217263 1.36846e-06 -0.0866343 -0.99624 0.000282797 0.000766806 -0.00395511 0.000131118 4.54106e-05 -0.0135582 0.000455813 0.000694572 -0.00345132 0.000129914 0.000103057 -0.0135585
175.842 0.479007 15.3209 0.463067 0.953559 0.000204183 4.12123e-05 -0.0830189 -0.996548 0.000902089 0.000739704 0.0041906 4.77327e-05 -0.00046141 -0.0142171 0.00101225 0.000578509 0.00419079 4.77327e-05 -0.00046141 -0.0142171
176.418 0.478477 15.3242 0.463106 0.946137 0.000249062 7.05738e-05 -0.0784843 -0.996915 0.00105752 0.000149565 0.00738055 -0.000104414 -0.000275601 -0.0145582 0.00109531 -1.82194e-05 0.00538745 -0.000171512 -0.000240379 -0.014635
176.968 0.477959 15.3286 0.463419 0.941239 0.000234033 0.000137968 -0.0745204 -0.99722 0.00181804 -0.000111393 0.016528 -0.000483817 -0.000120477 -0.0140398 0.00178526 -0.000388418 0.0165274 -0.000483817 -0.000120477 -0.0140398
178.25 0.479604 15.3324 0.467343 0.957618 0.000233805 0.00181158 -0.0821762 -0.996616 -0.00529065 0.00019866 -0.000469301 -0.000202428 0.00306506 0.171972 -0.00463197 0.000801947 -0.000332491 -0.00160481 0.00239177 0.153689
178.834 0.48426 15.33 0.470926 0.952432 -0.000663677 0.00153127 -0.152421 -0.988314 -0.00894658 -0.000769194 0.00110182 0.00284254 -0.00117298 0.289587 -0.00861489 0.00222997 0.00113384 0.00300432 -0.00130714 0.289664
179.356 0.48434 15.3262 0.469503 0.96417 -0.000882908 0.00159739 -0.216975 -0.976175 -0.00960162 -0.00508947 -0.00139186 0.000392629 9.98426e-06 0.251413 -0.0108583 -0.000544302 -0.00135329 0.000392629 9.98426e-06 0.251413
180.398 0.481727 15.3213 0.465057 0.971972 -3.60242e-06 0.000576028 -0.320761 -0.94716 -5.99239e-05 0.00164769 -0.00700795 1.44408e-05 -0.000609784 0.196949 0.000945917 0.00134759 -0.0070085 1.44408e-05 -0.000609784 0.196949
180.986 0.480062 15.3182 0.462602 0.972764 -5.03745e-05 0.000621723 -0.370653 -0.928771 -1.23566e-05 0.00204208 -0.00600937 0.00020243 -3.16102e-05 0.196173 0.00138985 0.0014917 -0.00601048 0.00020243 -3.16102e-05 0.196173
181.508 0.478651 15.3152 0.460338 0.975316 -8.11912e-05 0.000599359 -0.413924 -0.910311 -0.000545073 0.00187681 -0.00898946 0.000242493 2.57778e-06 0.196792 0.0010313 0.00164532 -0.00886131 0.000254384 4.49865e-05 0.196803
182.274 0.476161 15.3099 0.456139 0.973108 -0.000129855 0.000555027 -0.477159 -0.878817 -0.00169023 0.00137031 -0.00697291 0.000550089 0.000657249 0.195286 0.000295997 0.00212735 -0.007128 0.000536331 0.000723191 0.195291
182.846 0.473357 15.3056 0.451975 0.976119 -0.000156387 0.000487998 -0.522188 -0.85283 -0.00227933 0.000981219 -0.00923717 0.000476921 0.000100554 0.194407 -0.00013117 0.00247577 -0.00893013 0.000384273 0.000133398 0.194548
183.396 0.471175 15.3034 0.449273 0.973944 -0.000183514 0.000492278 -0.563796 -0.825914 -0.00240371 0.00111418 -0.00825342 0.000254466 -0.000237799 0.19486 0.000153617 0.00264651 -0.00825292 0.000254466 -0.000237799 0.19486
183.96 0.468412 15.3017 0.446794 0.969068 0.00187969 -0.00279316 -0.604499 -0.796599 0.00062293 0.0168102 0.00197148 0.0172171 -0.0712681 0.141423 0.0163439 0.00392536 0.0020799 0.0172171 -0.0712681 0.141423
184.498 0.470143 15.3033 0.448241 0.971582 -0.000741205 0.00046727 -0.6223 -0.782778 0.00219205 0.00457977 -0.00133462 -0.00294378 0.00635892 0.0514904 0.00495389 -0.00110371 -0.00134218 -0.00294378 0.00635892 0.0514904
185.016 0.467293 15.3037 0.445604 0.968163 -0.000307073 0.00029388 -0.631198 -0.775622 4.90518e-05 0.00106717 0.00111524 9.69452e-05 0.000612907 0.0383202 0.00105581 0.000168915 0.00111433 9.69452e-05 0.000612907 0.0383202
185.564 0.469251 15.3085 0.451032 0.96031 0.00294923 -0.00609739 -0.634195 -0.773144 0.013346 0.0327435 -0.00926085 -0.00225799 -0.0166984 -0.0259683 0.0326444 -0.00621571 -0.00870159 -0.00138351 -0.0167406 -0.0200001
186.128 0.485499 15.3185 0.47332 0.955382 0.00264155 -0.00488848 -0.624487 -0.781015 0.0189678 0.0486695 -0.00968476 -0.000726117 0.000169088 -0.062795 0.0517528 -0.00781408 -0.00910393 -0.000726117 0.000169088 -0.062795
186.676 0.509424 15.3296 0.498653 0.94833 -0.00140278 0.00200276 -0.613559 -0.789645 0.0125839 0.0348887 0.00356917 -3.99255e-05 -0.0114074 -0.0579977 0.0369332 -0.00357403 0.00338795 -3.99255e-05 -0.0114074 -0.0579977
187.248 0.522795 15.3389 0.512972 0.949386 -4.66828e-05 -5.28578e-05 -0.60329 -0.797522 0.00403528 0.00976989 0.00517095 -1.50685e-05 0.00328804 -0.0525036 0.0104991 -0.00122412 0.00517141 -1.50685e-05 0.00328804 -0.0525036
187.802 0.529494 15.3449 0.520595 0.954589 0.00036581 -0.000579695 -0.592737 -0.805396 0.00116818 0.00114768 -0.00141931 0.000145451 0.0014015 -0.0507808 0.00169506 -0.000677564 -0.00130269 0.000147741 0.00150445 -0.0508616
188.372 0.537181 15.3495 0.530509 0.948868 0.000492277 -0.000717337 -0.582434 -0.812877 8.30232e-05 -0.0010715 0.00445496 0.000246259 0.000215669 -0.0500819 -0.000995655 -0.000422988 0.00445325 0.000246259 0.000215669 -0.0500819
188.952 0.548345 15.3546 0.542351 0.947565 0.000585376 -0.000737715 -0.572272 -0.820063 4.4e-05 -0.00186945 0.00688674 -4.91845e-05 0.000170083 -0.0498384 -0.00178971 -0.000708148 0.00692419 -4.03038e-05 9.60854e-05 -0.0498641
189.526 0.556069 15.3575 0.550142 0.945706 0.000711483 -0.000844034 -0.562607 -0.826724 -0.000510676 -0.00367021 0.00788146 -0.000129044 0.000588326 -0.0492761 -0.00361887 -0.000873505 0.00787333 -0.000129044 0.000588326 -0.0492761
190.114 0.56889 15.3633 0.565656 0.94958 0.000704877 -0.00076274 -0.551266 -0.834329 0.000351579 -0.00245451 0.00470426 -0.000785177 -0.000666194 -0.0486437 -0.00212959 -0.00128767 0.00469947 -0.000785177 -0.000666194 -0.0486437
190.666 0.550282 15.3713 0.580413 0.925842 -0.000960633 0.000807043 -0.538426 -0.842672 0.000932922 -0.00647657 0.00935304 0.00683485 -0.00862585 -0.116904 -0.00546264 -0.00356096 0.00936882 0.00683485 -0.00862585 -0.116904
191.26 0.539359 15.3753 0.58902 0.927993 -0.000661056 0.000684206 -0.480987 -0.876727 0.000566004 -0.0178523 0.00809092 -0.00355014 -0.000860097 -0.302007 -0.0147375 -0.0100654 0.00812302 -0.00355014 -0.000860097 -0.302007
191.802 0.532697 15.377 0.59435 0.921275 -0.000378216 0.00105044 -0.413941 -0.910303 -0.00301917 -0.0196113 0.0101438 -0.000949119 -0.000432489 -0.284233 -0.0168578 -0.0106849 0.0101412 -0.000863658 -0.000722757 -0.28898
192.4 0.531651 15.3774 0.596092 0.927327 -0.000745932 0.00102189 -0.344344 -0.938843 -0.004666 -0.0214751 0.00841823 1.01017e-05 -0.00117525 -0.273506 -0.0174241 -0.0133596 0.00846995 1.01017e-05 -0.00117525 -0.273506
193.188 0.524841 15.378 0.597833 0.908642 -0.000651165 0.00134543 -0.250391 -0.968144 -0.00549718 -0.0216845 0.0142672 -0.000201304 -0.000670191 -0.238282 -0.0152793 -0.0162918 0.0143216 -0.000201304 -0.000670191 -0.238282
193.76 0.528597 15.3778 0.599173 0.928317 -0.000960455 0.00147104 -0.192713 -0.981254 -0.00547158 -0.0209774 0.00887327 0.000660455 -0.0009983 -0.206425 -0.0129699 -0.0173382 0.00893842 0.000660455 -0.0009983 -0.206425
194.302 0.53742 15.3743 0.592297 0.936445 -0.000746313 0.00142389 -0.141432 -0.989947 -0.00589598 -0.0231467 0.0060559 -0.00125407 -0.000320982 -0.182035 -0.0123963 -0.0204984 0.00636194 -0.00135215 -0.000123524 -0.184962
195.382 0.543737 15.3636 0.589953 0.949309 -0.00113573 0.00133703 -0.0662992 -0.997798 -0.00689868 -0.0200076 0.00168087 0.000122438 0.000839699 -0.137088 -0.00954237 -0.0188575 0.00179567 0.000160534 0.00088163 -0.137872
195.948 0.544469 15.3586 0.584062 0.965606 -0.00107423 0.00134384 -0.0285268 -0.999592 -0.00485508 -0.0203719 -0.00263204 -0.00108119 -0.000432751 -0.113884 -0.00623158 -0.0199392 -0.00221579 -0.000961883 -0.000486962 -0.11586
196.494 0.550343 15.355 0.579103 0.961423 -0.00100539 0.00141158 -0.00253513 -0.999995 -0.00380662 -0.0187447 -0.0023913 -0.00061565 0.00307953 -0.0845114 -0.0039083 -0.0187299 -0.00234274 -0.00061565 0.00307953 -0.0845114
197.872 0.559946 15.3937 0.569226 0.968523 0.000200452 -0.00673596 0.0324433 -0.999451 0.0684807 -0.0109406 0.01402 -0.00377593 0.00497258 -0.0250503 0.0688512 -0.00648843 0.014942 -0.00377593 0.00497258 -0.0250503
198.452 0.559348 15.4325 0.564828 0.979471 -1.80701e-05 -0.00690641 0.0355966 -0.999342 0.0788732 -0.00807465 0.0138443 0.000501572 -0.000129483 0.00506822 0.0790491 -0.00244893 0.0149359 0.000501572 -0.000129483 0.00506822
199.024 0.559353 15.4792 0.556385 0.996343 -3.08284e-05 -0.0070786 0.0342617 -0.999388 0.0844315 -0.00947161 0.0137887 -0.00022857 0.000986747 0.00924577 0.0844151 -0.00364021 0.0149255 -0.000216047 0.000814784 0.00930336
199.626 0.551853 15.5336 0.54892 1.0051 -7.90912e-06 -0.00736838 0.0326734 -0.999439 0.0886973 -0.0100903 0.0129357 9.89025e-05 0.0014689 0.00699512 0.0889668 -0.00428197 0.0142456 9.89025e-05 0.0014689 0.00699512
200.218 0.548025 15.5877 0.545422 1.00745 0.000929842 -0.00694 0.0297664 -0.999532 0.0898615 -0.00475194 -0.00767266 0.00160681 0.00167598 0.025186 0.0900824 0.000619958 -0.00642711 0.00160681 0.00167598 0.025186
200.768 0.544112 15.6473 0.542897 1.01709 0.000619554 -0.00724304 0.0217674 -0.999737 0.0932771 -0.0025271 -0.00716595 0.000580328 0.000458128 0.0363323 0.0931393 0.00152992 -0.0057533 0.000564938 0.000657254 0.03633
202.12 0.553313 15.7657 0.542206 1.03211 0.000111313 -0.000531887 0.00317332 -0.999995 0.037983 -0.00353984 -0.00580589 -0.000483904 0.00133773 0.0274429 0.0387842 -0.00310369 -0.00599711 -0.000472789 0.00147812 0.027428
202.758 0.556623 15.7905 0.540649 1.03896 0.000143836 -0.000665808 -0.00418586 -0.999991 0.0302791 -0.00314185 -0.00573678 -0.000740241 -0.0138896 0.0279606 0.0302594 -0.00339361 -0.00569741 -0.000740241 -0.0138896 0.0279606
204.138 0.563636 15.8132 0.541658 1.03268 0.000848447 -0.00878051 -0.0463564 -0.998886 0.022155 0.00112951 -0.00705457 0.000592364 0.0945812 0.0673304 0.0174318 -0.0010271 -0.00637885 -0.00128891 0.11731 0.0703427
204.744 0.575211 15.8437 0.547529 1.01817 0.000383843 -0.00787198 -0.0571695 -0.998333 0.0851813 0.0079757 -0.00831241 -0.000571997 -0.00552586 0.0198629 0.0838859 -0.00178571 -0.00694018 -0.000532393 -0.00719643 0.0218029
205.34 0.59479 15.8882 0.551166 1.01492 0.000519648 -0.00752518 -0.0601779 -0.998159 0.100187 0.00988961 -0.0089593 -0.000459465 -0.000580634 0.00707103 0.100141 -0.00226525 -0.00711018 -0.000545659 -0.000603231 0.00734292
205.934 0.620398 15.943 0.557496 1.00259 0.000497757 -0.00777131 -0.0616739 -0.998066 0.10909 0.0123388 -0.00977753 0.000174809 -0.00142907 0.00589095 0.109479 -0.00120833 -0.00814161 0.000173917 -0.00155591 0.00596084
206.546 0.639493 16.0053 0.564197 1.00825 0.00052581 -0.00822312 -0.063044 -0.997977 0.115505 0.0139234 0.00522221 -0.000158464 0.000718454 0.00543539 0.116237 -0.000722632 0.00713867 -0.000158464 0.000718454 0.00543539
207.174 0.632625 16.0744 0.570252 0.998642 0.000580011 -0.00870934 -0.0642999 -0.997892 0.121723 0.0148515 0.00547202 0.00010699 -8.33856e-05 0.00595308 0.122509 -0.000893335 0.00761173 0.00010699 -8.33856e-05 0.00595308
207.812 0.624494 16.134 0.578054 0.984464 -0.000319838 0.00206647 -0.0655636 -0.997846 0.0745484 0.00942328 0.0109572 0.000369515 0.0237775 0.00562794 0.0785809 -0.00035683 0.00926716 0.000457034 0.0232348 0.00563938
208.396 0.621487 16.1648 0.579793 0.990554 -0.000137482 -0.000314915 -0.0669674 -0.997755 0.049895 0.00555781 0.00996736 -0.000155765 0.00146446 0.00466848 0.0501841 -0.00115655 0.00999834 -0.000155765 0.00146446 0.00466848
209.824 0.623342 16.1955 0.578664 1.01788 -0.000500037 0.00132291 -0.0504273 -0.998727 0.022717 0.00101752 -0.00528451 -0.000937301 0.00044422 -0.0936817 0.0226896 -0.00128045 -0.00534452 -0.000937301 0.00044422 -0.0936817
210.498 0.627125 16.1928 0.575136 0.996243 -0.000289993 0.00131275 -0.0185743 -0.999827 0.0144655 0.000971671 -0.00437077 -6.55205e-05 0.000418525 -0.0972854 0.0147621 0.000268224 -0.0050483 -0.000136688 0.000343036 -0.0983007
211.072 0.628434 16.1889 0.57287 0.970952 -0.000247282 0.00146424 0.00490459 -0.999987 0.0114502 0.00213927 0.00927592 2.2955e-05 -0.000762013 -0.080625 0.0114557 0.0022562 0.0092413 2.2955e-05 -0.000762013 -0.080625
211.662 0.631226 16.1825 0.568925 0.981514 -0.00163909 -0.0113277 0.0257296 -0.999603 0.0482785 -0.00412281 -0.00142196 -0.00404607 -0.0121612 -0.0591266 0.0432457 -0.00134462 -4.59829e-05 -0.00395068 0.00147795 -0.0607081
213.084 0.654698 16.2649 0.543068 0.977412 -0.00127455 -0.00790657 0.0537619 -0.998522 0.100527 -0.0143383 0.0041784 -0.000491141 0.00102021 -0.0327909 0.101406 -0.0034532 0.00580007 -0.000491141 0.00102021 -0.0327909
214.566 0.698199 16.418 0.501243 1.00526 -0.00110303 -0.00894121 0.0731179 -0.997283 0.1154 -0.0208315 0.00325124 -0.000690947 0.00115814 -0.0198737 0.117127 -0.00377378 0.00536318 -0.000690947 0.00115814 -0.0198737
215.14 0.714812 16.4908 0.485394 1.00904 -0.000726173 -0.0101753 0.0768759 -0.996988 0.126064 -0.0195341 0.00467421 0.000946225 -0.00111267 -0.00430393 0.127447 2.23441e-05 0.00727577 0.000946225 -0.00111267 -0.00430393
215.774 0.730949 16.5657 0.467519 1.01188 -0.000784816 -0.0105991 0.0772945 -0.996952 0.13173 -0.0216453 0.00491562 -0.000745434 0.00113051 0.00222614 0.133358 -0.00108291 0.0077518 -0.000745434 0.00113051 0.00222614
216.39 0.748638 16.6534 0.449224 1.02094 -0.000613568 -0.0110034 0.0770887 -0.996963 0.13853 -0.0227993 0.000356819 -0.0100546 -0.00456066 0.00281237 0.140346 -0.00123326 0.00344955 -0.0100546 -0.00456066 0.00281237
217.062 0.764481 16.7508 0.437519 1.02372 -0.000197761 -0.0111823 0.0731795 -0.997256 0.142164 -0.0158636 -0.00253441 0.00186961 0.00135935 0.022127 0.142977 0.00505994 0.000665043 0.00186961 0.00135935 0.022127
217.69 0.780561 16.8493 0.424032 1.02419 -0.000353915 -0.0116809 0.0668272 -0.997696 0.148131 -0.0160991 -0.00177149 -0.000607769 0.000270482 0.0216043 0.148682 0.00396968 0.00182436 -0.000450209 0.00017251 0.0217873
218.366 0.81215 16.9602 0.410014 1.01677 -0.000430899 -0.0121194 0.0608242 -0.998075 0.155444 -0.0158378 -0.00195522 -0.000203748 -0.000139425 0.0174418 0.155618 0.00333376 0.00172199 2.908e-06 -0.000109938 0.0181349
219.024 0.858601 17.0725 0.396267 0.993736 -0.00045298 -0.0126451 0.0563796 -0.998329 0.164567 -0.0159784 -0.0021822 0.000160355 -0.00059187 0.0134414 0.165322 0.00265167 0.00200231 0.000160355 -0.00059187 0.0134414
219.736 0.920125 17.1991 0.382499 0.972538 -0.000565174 -0.0135375 0.0527356 -0.998517 0.175229 -0.0161386 -0.00135401 -0.000190602 -0.00169582 0.0104785 0.175926 0.00240847 0.0034146 -0.000190602 -0.00169582 0.0104785
220.456 0.985715 17.334 0.366744 0.970854 -0.00063192 -0.0145388 0.0499392 -0.998646 0.187671 -0.0170422 0.000423975 -0.000755879 -0.00125306 0.00865794 0.188343 0.00176509 0.00590785 -0.000755879 -0.00125306 0.00865794
221.216 1.05519 17.4908 0.349551 0.952223 -0.000714413 -0.0156057 0.0472704 -0.99876 0.201577 -0.0168402 0.00127025 0.000307774 -0.000352361 0.0075466 0.201691 0.00223593 0.00756658 0.000249174 -0.000594782 0.00769056
221.966 0.985545 17.6657 0.334161 0.967581 -0.000860471 -0.0166592 0.045308 -0.998834 0.218219 -0.0165837 0.0016174 0.000235308 -0.000852377 0.00607699 0.218167 0.00318866 0.00913108 0.000132549 -0.00112977 0.00610357
222.734 1.05417 17.84 0.319845 0.990684 -0.00098325 -0.0158735 0.0436393 -0.998921 0.218354 -0.0152885 0.000663371 0.000483382 0.00137878 0.00430125 0.218606 0.00385186 0.00765526 0.000489798 0.00147299 0.00430387
223.54 1.10755 18.0306 0.301058 0.999551 -0.00108636 -0.0170892 0.0423034 -0.998958 0.231131 -0.0162493 0.00140445 -0.000624616 -0.0013373 0.00349997 0.231494 0.00335338 0.00933261 -0.000624616 -0.0013373 0.00349997
224.322 1.11959 18.2177 0.279787 1.01164 -0.00107588 -0.0179189 0.041183 -0.99899 0.242957 -0.0172505 -0.00190421 1.71831e-06 -0.000194985 0.0032167 0.243133 0.00279766 0.00688661 1.50582e-05 -0.000331081 0.00324742
225.134 1.11545 18.4121 0.258431 1.0118 -0.00112718 -0.0181716 0.0404281 -0.999017 0.251365 -0.0181774 -0.000688127 -0.000968053 0.000637737 0.00244585 0.25187 0.00219633 0.00848349 -0.000968053 0.000637737 0.00244585
225.946 1.12154 18.6249 0.231731 1.01714 -0.000993968 -0.0182127 0.0394245 -0.999056 0.257224 -0.0192628 -0.00261264 -0.000175222 0.000796138 0.00245248 0.257866 0.00106772 0.00679548 -0.000175222 0.000796138 0.00245248
226.78 1.12252 18.8344 0.209772 1.01449 -0.000943336 -0.0184245 0.0386205 -0.999084 0.262366 -0.0192742 -0.00187592 -0.000450307 0.000666586 0.00291423 0.262962 0.00103852 0.0078291 -0.000450307 0.000666586 0.00291423
227.568 1.12752 19.0427 0.190795 1.0208 -0.00104893 -0.0185423 0.0374481 -0.999126 0.267059 -0.0178337 -0.00262082 0.00128023 0.000729509 0.00367254 0.267557 0.00220907 0.00731726 0.00128023 0.000729509 0.00367254
229.116 1.12197 19.4546 0.149356 1.01705 -0.000835299 -0.0187288 0.0353682 -0.999198 0.274683 -0.0197941 -0.00185086 -0.000676276 0.000328941 0.00312787 0.275271 -0.00032213 0.00847418 -0.000676276 0.000328941 0.00312787
229.944 1.11793 19.6866 0.127199 1.01374 -0.000858242 -0.0187223 0.0340823 -0.999243 0.277873 -0.0193054 -0.00178045 -0.000128303 0.000372261 0.00282338 0.278414 -0.0003256 0.00865929 -0.000128303 0.000372261 0.00282338
231.514 1.09821 20.1107 0.0988095 0.996354 -0.000992158 -0.0192583 0.0319067 -0.999305 0.283926 -0.0163616 -0.00247965 0.000216166 -0.00597321 0.00367539 0.284276 0.0017864 0.00848504 0.000216166 -0.00597321 0.00367539
232.432 1.1092 20.3521 0.0811664 1.004 -0.000939888 -0.0168718 0.0302934 -0.999398 0.272432 -0.0157392 -0.0022333 0.000165944 -0.00383154 0.0018588 0.272805 0.000792276 0.00698543 0.000165944 -0.00383154 0.0018588
234.078 1.1026 20.7431 0.0554065 0.999698 -0.000972133 -0.0143214 0.0282775 -0.999497 0.241442 -0.0121641 0.000320498 -0.000374948 -0.00338122 0.00236745 0.242315 0.00154283 0.00729068 -0.000392901 -0.00331514 0.00238025
234.898 1.12082 20.9167 0.0417747 1.01779 -0.000918135 -0.0128405 0.0273048 -0.999544 0.225559 -0.0111093 -0.000556175 0.000235053 -0.00306414 0.00308513 0.226524 0.00120215 0.00547711 0.000278007 -0.00294061 0.00307706
235.816 1.09295 21.0912 0.0301658 0.988268 -0.000962556 -0.0115611 0.0259001 -0.999597 0.208891 -0.00915606 0.00350177 0.000243364 -0.00275509 0.00321801 0.208947 0.00168175 0.00834158 0.000243364 -0.00275509 0.00321801
236.754 1.10249 21.2573 0.014257 0.989117 -0.000774354 -0.00986173 0.0240375 -0.999662 0.188384 -0.00858396 0.00373993 -0.000393617 -0.0022336 0.00511002 0.189266 0.000513866 0.00754959 -0.000386574 -0.00230476 0.00503981
237.638 1.05857 21.3862 -0.00210274 0.993416 -0.000592324 -0.00879847 0.0214615 -0.999731 0.172292 -0.0085238 0.00280527 0.000442257 -0.00338118 0.00746662 0.172423 -0.00111859 0.00584476 0.000442257 -0.00338118 0.00746662
238.574 1.03183 21.5088 -0.016825 1.00053 -0.000453423 -0.0074518 0.0168386 -0.99983 0.152391 -0.00743207 0.00267745 0.000324454 -0.0014156 0.0115185 0.152498 -0.00229383 0.00495421 0.000324454 -0.0014156 0.0115185
239.458 0.997511 21.6143 -0.026185 0.98765 -0.000376195 -0.00634679 0.0100358 -0.999929 0.134351 -0.00582657 0.00181552 -0.000239267 -0.000688939 0.0194949 0.134407 -0.00312717 0.00352476 -0.000239267 -0.000688939 0.0194949
240.306 1.00659 21.691 -0.0348501 1.00344 -0.000247264 -0.00570224 0.00101485 -0.999983 0.117145 -0.00541372 0.00357218 -0.000258005 -0.000422835 0.024089 0.117107 -0.00517389 0.00491058 -0.000258005 -0.000422835 0.024089
241.156 1.01444 21.7841 -0.0371979 1.01295 0.00160207 -0.0156719 -0.00609536 -0.999857 0.189515 0.00855891 -0.0120236 0.00156047 -0.0366476 0.00124677 0.189889 0.00627495 -0.00605304 0.00156047 -0.0366476 0.00124677
242.084 1.03346 21.9364 -0.0264879 1.02659 0.00108292 -0.00605625 -0.00410207 -0.999973 0.15222 0.011959 -0.0279203 0.00110789 -0.0146862 -0.0068939 0.155383 0.0107628 -0.0256248 0.000937614 -0.0150033 -0.00700163
242.948 1.0158 22.0354 -0.0135823 1.0058 0.000541661 -0.00146753 -0.0021269 -0.999997 0.0866146 0.0090813 -0.0064859 0.00173081 -0.00830374 -0.00331835 0.0915106 0.00905899 -0.00659438 0.00217046 -0.00848331 -0.00368363
243.842 1.01026 22.092 -0.00106286 1.00231 -6.37414e-05 0.00146452 -0.00143392 -0.999998 0.0367164 0.0049461 0.00239583 0.00210689 -0.00438791 -0.00173181 0.0367373 0.00484107 0.00228763 0.00210689 -0.00438791 -0.00173181
244.738 1.01682 22.1026 0.00155597 1.00557 -6.82887e-05 0.00202878 -0.000970937 -0.999997 0.00311913 -0.000836713 -0.00292353 -0.000425462 7.56259e-05 -0.000657353 0.00310561 -0.000843157 -0.00293604 -0.000425462 7.56259e-05 -0.000657353
245.694 1.00489 22.0951 0.000232165 0.989103 0.000102943 0.00221685 -0.000895241 -0.999997 -0.00956233 -0.00167476 0.0104503 -0.000137312 0.000709372 -0.00083227 -0.00951889 -0.00165983 0.0104923 -0.000137312 0.000709372 -0.00083227
