68.894 0.585414 0.328135 0.00871721 0.455226 -7.08021e-05 -0.00607131 0.00158531 -0.99998 0.0861935 0.000326642 0.0618695 3.35515e-05 0.00131772 0.00230214 0.0854345 0.000607566 0.0629115 3.35515e-05 0.00131772 0.00230214
69.336 0.610244 0.362486 0.00668351 0.491262 -1.96984e-05 -0.00632742 0.00134786 -0.999979 0.0866893 -0.0011991 0.072028 -0.000650413 0.00144213 -0.00212583 0.0857738 -0.000963781 0.0731193 -0.000650413 0.00144213 -0.00212583
69.892 0.637996 0.408084 0.00647846 0.525485 -4.22749e-05 -0.00660086 0.00137757 -0.999977 0.0919296 -0.00134632 0.0816854 -0.000418725 -0.000352646 -0.00092351 0.0904429 -0.000871723 0.0821059 4.41287e-05 -5.16835e-05 -0.000685462
70.438 0.671 0.459438 0.00428376 0.570142 -3.65937e-05 -0.0076798 0.00186951 -0.999969 0.100287 -0.00432325 0.0668985 -0.00256539 0.002412 -0.0091821 0.0988089 -0.0038972 0.0705069 -0.000899408 -0.00121721 -0.0086725
71.182 0.717612 0.526053 0.00732244 0.623249 0.000134157 -0.00859741 0.00381104 -0.999956 0.1074 -0.00124711 0.0730088 0.00100397 0.00174421 -0.00130048 0.106135 -0.000453113 0.0748445 0.00100397 0.00174421 -0.00130048
71.666 0.754618 0.579996 0.00867838 0.656952 0.000310676 -0.0106001 0.00371904 -0.999937 0.116947 -0.00172179 0.0423795 -0.00114582 0.00248287 0.00253333 0.116032 -0.000882384 0.0448484 -0.00114582 0.00248287 0.00253333
72.42 0.78571 0.678489 0.0117305 0.688386 0.000287341 -0.0106901 0.00135022 -0.999942 0.134082 -0.000723341 0.0309185 -0.000224263 0.00322253 0.0052533 0.133392 -0.000380763 0.0337777 -0.000224263 0.00322253 0.0052533
72.986 0.799605 0.764416 0.0159766 0.701137 0.000367523 -0.0116801 0.000946576 -0.999931 0.147305 0.00017821 0.00575543 -0.000260851 -0.00259147 0.00814646 0.147129 0.000451439 0.00919491 -0.000260851 -0.00259147 0.00814646
73.816 0.812872 0.902648 0.0255808 0.715431 0.000147841 -0.0119179 -0.0019181 -0.999927 0.157985 0.00235007 -0.00240892 -0.000882057 0.00288484 0.0113317 0.15764 0.00170291 0.0116949 2.89839e-05 0.000725661 0.0119667
74.386 0.815579 0.99695 0.0296436 0.71495 0.000268389 -0.0123623 -0.00403434 -0.999915 0.163356 0.00239528 -0.0175334 -0.000513281 0.000443769 0.00682788 0.163754 0.00108383 -0.0134883 -0.000513281 0.000443769 0.00682788
74.936 0.80439 1.09242 0.0336441 0.702515 0.000237224 -0.0126688 -0.00526258 -0.999906 0.167755 0.00291296 -0.0161478 -0.000199266 -2.23822e-05 0.0049713 0.167714 0.00115646 -0.0119991 -9.07436e-05 0.000526968 0.00482979
75.498 0.793719 1.18878 0.0383164 0.690566 -0.000836269 -0.0120628 -0.00570866 -0.999911 0.170509 0.000869494 -0.0144512 0.000633068 -0.00019593 -0.00176401 0.170783 -0.000679288 -0.0105116 0.00211602 -0.000874386 -0.000160887
76.096 0.775499 1.29494 0.041492 0.672134 -0.000596127 -0.0121764 -0.00198461 -0.999924 0.171606 -0.00204791 -0.0125648 -0.000382914 0.000645425 -0.0173298 0.171804 -0.00279811 -0.00836205 -0.000432921 0.000584161 -0.017126
76.674 0.764222 1.39624 0.0415983 0.663795 -0.000831891 -0.0118721 0.00317981 -0.999924 0.17213 -0.00415217 -0.0108711 -0.00028003 0.00102323 -0.0209502 0.172363 -0.00307134 -0.00677486 -0.00028003 0.00102323 -0.0209502
77.28 0.772605 1.50141 0.0400455 0.673687 -0.000424076 -0.0121409 0.00900341 -0.999886 0.172773 -0.00484442 -0.00599708 -0.00799968 0.00579602 -0.0216145 0.172912 -0.00214363 -0.0034165 -0.00596476 0.00429368 -0.022162
77.974 0.780782 1.61736 0.0396839 0.679004 -0.000163973 -0.0127276 0.0125375 -0.99984 0.178048 -0.00146985 -0.00559168 0.000304576 -0.00138499 -0.00300742 0.178114 0.00299515 -0.00105811 0.000304576 -0.00138499 -0.00300742
78.606 0.772947 1.73769 0.0381421 0.669708 -0.000628352 -0.012516 0.0130861 -0.999836 0.183514 -0.00167807 0.00161049 0.000809941 -0.000439715 0.00259312 0.183333 0.00327007 0.0059535 0.00113918 -0.000728634 0.00278707
79.272 0.768679 1.8545 0.034869 0.666577 -0.000560367 -0.0124797 0.0133819 -0.999833 0.185044 -0.00356447 0.00236948 -6.10771e-05 0.000328671 -0.00488788 0.184891 0.00141219 0.00708591 -0.000140481 0.000349908 -0.00462699
79.982 0.767096 1.98456 0.0339881 0.666679 -4.35054e-05 -0.0124015 0.0139443 -0.999826 0.186354 0.000179994 0.00231895 0.00133151 0.000316908 0.00393471 0.186162 0.00537577 0.00693928 0.00133151 0.000316908 0.00393471
80.582 0.762821 2.09369 0.0327235 0.663796 -4.17656e-05 -0.0123826 0.0120286 -0.999851 0.18739 0.00105343 0.00805367 -0.00892667 -0.00603291 0.0104701 0.187054 0.00555901 0.0126907 -0.00892667 -0.00603291 0.0104701
81.142 0.77387 2.19283 0.0305689 0.675113 0.000366194 -0.012157 0.00733064 -0.999899 0.184142 0.00440124 0.00816374 0.000633509 0.00200778 0.0222337 0.183804 0.00709117 0.0126415 0.000633509 0.00200778 0.0222337
81.95 0.790148 2.32921 0.0286904 0.688918 -0.00118726 -0.0127033 -0.000411227 -0.999919 0.185937 0.00207388 0.00206297 0.00563396 0.000221223 0.0124223 0.185827 0.00193149 0.00678123 0.00563396 0.000221223 0.0124223
82.564 0.793882 2.43709 0.0223571 0.695366 -0.000726197 -0.0129649 0.00118142 -0.999915 0.188543 -0.00577045 0.00398104 -0.00155616 0.000390158 -0.0140685 0.188389 -0.00531576 0.0088764 -0.00155616 0.000390158 -0.0140685
83.142 0.794376 2.54956 0.0186624 0.696762 -0.000203189 -0.0130228 0.00589525 -0.999898 0.191745 -0.00529872 0.0340768 -0.000164148 0.00207119 -0.0123292 0.190699 -0.00343014 0.0393451 -0.000939017 0.00221195 -0.0134047
83.712 0.806073 2.65412 0.0189828 0.707788 -0.000399605 -0.0131887 0.0080605 -0.99988 0.193296 -0.00323101 0.0335111 0.000604321 0.000405766 -0.0044768 0.192372 -9.31374e-05 0.0385995 0.000604321 0.000405766 -0.0044768
84.336 0.782289 2.77624 0.0173185 0.724573 -0.000176926 -0.0135787 0.00896594 -0.999868 0.197254 -0.00324505 0.0150676 -0.00107589 -0.000691965 -0.00153015 0.196799 0.000294752 0.0204196 -0.00107589 -0.000691965 -0.00153015
85.482 0.619626 2.99883 0.0131344 0.749557 -0.000237754 -0.00506278 0.00792243 -0.999956 0.18907 -0.0020282 -0.00366926 0.000767023 -0.146105 0.00249737 0.189106 0.000966711 -0.0017543 0.000767023 -0.146105 0.00249737
86.038 0.551557 3.07736 0.012402 0.738838 -0.000189594 -0.00157622 0.00678438 -0.999976 0.111601 -0.00129937 0.00196799 -0.0033747 -0.0136102 0.00727172 0.114212 0.000263127 0.00230318 -0.000861976 -0.00247769 0.00380225
87.102 0.501669 3.15045 0.0100451 0.749005 -0.00017601 -0.000164762 -0.0302387 -0.999543 0.0568448 -0.000386656 0.000483262 0.000284937 -0.00184107 0.0991727 0.0567173 -0.00382202 0.000502723 0.000284937 -0.00184107 0.0991727
87.7 0.490418 3.17032 0.0111403 0.75226 0.000861538 0.000487246 -0.0610225 -0.998136 0.0434865 0.00167808 -0.000649402 -0.00632075 -0.00122918 0.18557 0.0433665 -0.00363064 -0.000693485 -0.00632075 -0.00122918 0.18557
88.268 0.486787 3.1795 0.0131924 0.750878 0.000401457 0.000851482 -0.132677 -0.991159 0.0322027 0.00645387 -0.00177655 0.00561868 -0.00243229 0.322033 0.0331811 -0.00208687 -0.00182352 0.00563625 -0.00237387 0.32279
89.224 0.48633 3.18537 0.0166723 0.742076 -0.00145912 0.00129459 -0.236435 -0.971645 0.0205047 -0.000442968 0.00242844 0.00514264 -0.0010461 0.0106655 0.0180164 -0.00980923 0.00239251 0.00514264 -0.0010461 0.0106655
89.848 0.485598 3.17965 0.0118669 0.74417 -0.000691684 0.00155371 -0.196677 -0.980467 0.0146242 -0.0064154 0.000101317 -0.00457725 -0.00148669 -0.233037 0.0113777 -0.0118961 2.34769e-05 -0.00466278 -0.00147668 -0.231063
90.426 0.483454 3.17243 0.00521378 0.74456 -0.000191614 0.00182819 -0.135259 -0.990809 0.00670737 -0.00365888 0.000294091 -0.00165439 -0.00044626 -0.217397 0.00589577 -0.00563695 0.000237631 -0.00171731 -0.000407855 -0.219356
91.08 0.483334 3.16346 0.000967814 0.753338 -0.00025845 0.00204877 -0.0768506 -0.99704 0.000491339 -0.000402527 -0.00254161 -0.000199066 0.00021138 -0.177361 0.000797131 -0.000678523 -0.00243872 -0.00017994 -5.67285e-05 -0.178857
91.64 0.486727 3.14952 -0.00425085 0.75286 -0.000123977 0.00192995 -0.0332942 -0.999444 -0.00476621 -4.94308e-05 -0.00348757 -0.00164737 0.000413444 -0.14562 -0.00477238 0.000267463 -0.00346917 -0.00164737 0.000413444 -0.14562
92.258 0.493062 3.13469 -0.00637415 0.763559 -0.00084545 -0.00802411 0.00223538 -0.999965 0.00631556 0.00063221 0.0413725 0.00170542 0.0856292 -0.0996882 0.00564778 0.000728993 0.0414674 0.00170542 0.0856292 -0.0996882
92.732 0.492211 3.14247 -0.007048 0.781083 -0.000354651 -0.00730935 0.01731 -0.999823 0.0590475 -0.00046646 0.0384193 0.00115437 -0.00751545 -0.0314385 0.0584599 0.00159551 0.039278 0.00115437 -0.00751545 -0.0314385
93.824 0.461762 3.20601 -0.010284 0.822716 -0.000368718 -0.00659382 0.0244298 -0.99968 0.0808527 -0.0031663 0.0406221 -0.000367943 0.000354264 -0.00580808 0.0803675 0.000803905 0.0416863 -0.000367943 0.000354264 -0.00580808
94.372 0.444968 3.25107 -0.0112677 0.851415 -0.000360672 -0.00631414 0.0257556 -0.999648 0.0819779 -0.00330127 0.0347488 -0.000907038 0.00323402 -0.000278402 0.0815604 0.000925336 0.0361345 -0.000948305 0.00327429 -0.000516386
94.928 0.430887 3.29356 -0.0132627 0.866134 -0.000327375 -0.00640742 0.0259721 -0.999642 0.0817386 -0.00352023 0.032673 7.73741e-05 0.0015822 0.00407235 0.0813853 0.000739698 0.0337195 7.73741e-05 0.0015822 0.00407235
95.47 0.418194 3.33899 -0.0160875 0.88265 -0.000330267 -0.00640707 0.0252914 -0.99966 0.0818639 -0.0041443 0.0328296 -0.000357872 0.000658606 0.00270886 0.0815409 1.18805e-05 0.0338782 -0.000357872 0.000658606 0.00270886
96.052 0.412004 3.39029 -0.0182748 0.896924 -0.000191371 -0.00149 0.0249705 -0.999687 0.0773134 -0.00397991 -0.00285295 -5.52726e-06 -0.0652892 0.00174872 0.0774239 -0.000115871 -0.00262153 -5.52726e-06 -0.0652892 0.00174872
96.636 0.399878 3.43062 -0.0194043 0.87173 -0.000194653 -0.000900643 0.0247808 -0.999693 0.0388069 -0.00213473 0.0172564 -1.39191e-05 0.00371462 0.00151614 0.0398826 -0.000215595 0.0139597 1.1951e-06 0.00569636 0.00158771
97.238 0.392591 3.4571 -0.0176678 0.853078 0.000996473 -0.00116789 0.0244064 -0.999701 0.0293268 0.00452194 0.000471302 0.00145384 0.000573583 0.000899416 0.0294824 0.00558095 0.000463237 0.00165221 0.000525521 0.00106856
97.756 0.393556 3.47336 -0.0126952 0.836015 0.00100158 -0.00141146 0.0244448 -0.9997 0.0264292 0.00807926 -0.000406243 0.000454615 -0.000821428 0.000253579 0.0260037 0.00936208 -0.00031474 0.000454615 -0.000821428 0.000253579
98.756 0.401266 3.50848 0.000192264 0.829109 0.000984091 -0.0010368 0.0246584 -0.999695 0.0257253 0.0104061 0.000263343 -2.23184e-05 -0.00114721 0.00158186 0.0251506 0.011609 0.000429694 -1.87889e-05 -0.00103125 0.00152794
99.356 0.407538 3.52853 0.00774862 0.834333 -0.00125113 -0.00714061 0.0271741 -0.999604 0.0524703 -0.000221134 0.010631 -0.00344787 -0.0159959 -0.0208176 0.0522469 0.00265313 0.011376 -0.00344787 -0.0159959 -0.0208176
99.95 0.411464 3.5569 0.0116943 0.828217 -7.86508e-05 -0.000161472 0.03601 -0.999351 0.0315655 0.000250753 0.00747257 0.000147728 0.00910391 -0.0339523 0.0327466 0.00245038 0.00709927 1.56714e-06 0.00989928 -0.0338312
100.5 0.415502 3.57357 0.0153909 0.830797 -0.000150444 -0.000919237 0.0450061 -0.998986 0.0219514 0.00176845 0.00727827 0.000168904 0.00119659 -0.0350616 0.02169 0.00373677 0.00731759 0.000168904 0.00119659 -0.0350616
101.11 0.421042 3.58873 0.0211248 0.837685 -0.000304198 -0.00106603 0.0550337 -0.998484 0.0182292 0.00359282 -0.000461177 0.000660351 -0.000138594 -0.0354581 0.0177249 0.00557424 -0.000425583 0.000660351 -0.000138594 -0.0354581
102.084 0.427951 3.61557 0.0267924 0.857333 -0.000412414 -0.000874202 0.0711883 -0.997462 0.0170821 0.00364614 -0.0212768 0.000150483 -0.000340698 -0.0359622 0.0164295 0.00602026 -0.0212514 0.000150483 -0.000340698 -0.0359622
103.126 0.429475 3.63415 0.0292602 0.862047 -0.000658855 -0.0091313 0.0786437 -0.996861 0.0286627 0.00192861 0.0103417 0.00374542 0.0105854 0.0289921 0.0278116 0.00639795 0.0108535 0.00374542 0.0105854 0.0289921
103.648 0.427475 3.65998 0.0263652 0.865875 -0.000809653 -0.00670732 0.0729233 -0.997315 0.0599768 -0.00293365 0.00793072 -0.00012307 -0.00241034 0.0171798 0.0585081 0.00591392 0.00862566 -0.000269254 -0.00318645 0.0183987
104.22 0.424313 3.70223 0.0206987 0.868704 -0.0007536 -0.00636916 0.0701826 -0.997514 0.0701971 -0.00489568 0.00822876 -0.000338704 -0.000792199 0.0104219 0.0700799 0.00498697 0.00912437 -0.000338704 -0.000792199 0.0104219
104.76 0.417772 3.75072 0.015611 0.87434 -0.00118453 -0.00613736 0.0682401 -0.997649 0.075358 -0.00607267 0.00734176 0.00126659 -0.000767091 0.00243617 0.0752034 0.00443925 0.00826364 0.00253386 -0.0011231 0.00399138
105.318 0.413272 3.79809 0.0100961 0.869791 -0.00110621 -0.00618582 0.069695 -0.997549 0.0765721 -0.00799317 0.00698026 -0.000305626 0.000343034 -0.00854047 0.0768465 0.00274215 0.00793743 -0.000305626 0.000343034 -0.00854047
105.88 0.414981 3.85096 0.00389367 0.867561 -0.00110917 -0.00625675 0.0723911 -0.997356 0.0786795 -0.00867246 0.00724465 -0.00036207 0.000285003 -0.00989034 0.0790093 0.00279029 0.00824042 -0.00036207 0.000285003 -0.00989034
106.888 0.433224 3.94603 -0.00631807 0.883761 -0.000999257 -0.00573435 0.0751037 -0.997159 0.0837149 -0.00762302 0.00325094 0.000909634 -0.0581781 0.000963379 0.083869 0.0050065 0.00421728 0.000909634 -0.0581781 0.000963379
107.448 0.449809 3.99077 -0.010909 0.894013 -0.000704435 -0.000384675 0.0747368 -0.997203 0.0458192 -0.00203595 -0.0106861 0.000335744 0.00995313 0.003272 0.046868 0.00480471 -0.0104094 0.000246703 0.0110446 0.00324487
108.026 0.46418 4.02315 -0.013572 0.89302 -0.000806353 -0.000972467 0.074009 -0.997257 0.0357189 -0.00059793 -0.0102329 0.00010359 0.000483559 0.00357694 0.0354369 0.00466623 -0.0101668 0.00010359 0.000483559 0.00357694
108.642 0.475673 4.04726 -0.0156575 0.877831 -0.00111518 0.00114878 0.0741313 -0.997247 0.0283786 -0.000224054 0.000337174 0.00327678 -0.0118785 -0.0213806 0.0281005 0.00397505 0.000267918 0.00327678 -0.0118785 -0.0213806
109.224 0.478844 4.05974 -0.0220473 0.874392 -0.000389548 -0.00747329 0.0896532 -0.995945 0.0259027 -0.00333133 0.0363 -0.0128896 0.0731862 -0.0606141 0.0255354 0.00132759 0.0366867 -0.0128896 0.0731862 -0.0606141
109.798 0.485678 4.08562 -0.0291986 0.894206 9.06246e-05 -0.00678104 0.0917312 -0.995761 0.0686502 -0.00349871 0.0328655 0.00266375 -0.00265234 0.0360546 0.0669212 0.00884691 0.0337795 0.00269547 -0.00361596 0.0337092
110.34 0.507687 4.11603 -0.031026 0.924088 -0.000324831 -0.00678679 0.0810913 -0.996684 0.0758136 -0.00358524 0.0330669 0.000452187 0.000547618 0.0524759 0.07494 0.00870213 0.0340918 0.000452187 0.000547618 0.0524759
110.91 0.531694 4.15298 -0.0321726 0.925287 -0.000634982 0.00060913 0.0680112 -0.997684 0.0460502 -0.00252857 -0.00286313 -0.000861203 0.0149891 0.045735 0.0459641 0.00374028 -0.00292008 -0.000861203 0.0149891 0.045735
111.47 0.552707 4.18208 -0.0329394 0.920549 -0.000657024 -0.000796129 0.0562721 -0.998415 0.0318539 -0.00186634 0.00574527 -0.000544258 0.000871039 0.0423866 0.0318523 0.00173183 0.00579615 -0.000544258 0.000871039 0.0423866
112.086 0.566775 4.20352 -0.0335265 0.928929 -0.00068911 -0.000906926 0.0437448 -0.999042 0.0260744 -0.000527039 -0.00199265 0.000757846 0.00066016 0.0430621 0.0263253 0.00171721 -0.00137631 0.000764688 0.000456356 0.0430453
112.672 0.578774 4.21971 -0.03492 0.929413 -0.00068735 -0.00080129 0.031662 -0.999498 0.0243566 -0.000380372 -0.00271135 0.000812606 -0.000710973 0.0424916 0.0244891 0.00104791 -0.00283936 0.000536692 -0.000887651 0.0425397
113.214 0.589719 4.22996 -0.0351565 0.95285 -0.00096139 -0.00822637 0.0168133 -0.999824 0.0258894 0.00068211 0.0792933 0.00617109 0.0870677 0.0656506 0.0245414 0.00168305 0.079706 0.00617109 0.0870677 0.0656506
113.744 0.611109 4.25589 -0.0385267 0.988292 -0.00136029 -0.00766793 0.0087322 -0.999932 0.0744103 -0.00471169 0.0753678 -0.00187534 -0.00681542 0.00410207 0.0733148 -0.00321502 0.0765114 -0.00187534 -0.00681542 0.00410207
114.328 0.646803 4.29971 -0.0437618 1.03181 -0.000967268 -0.00772332 0.0113466 -0.999905 0.09017 -0.00580394 0.0508384 -0.00265184 0.0122362 -0.0149278 0.0880539 -0.00386997 0.0681088 -0.00143099 0.00224319 -0.0148112
114.89 0.691429 4.34872 -0.0462789 1.05829 -0.000857221 -0.00882095 0.0141831 -0.99986 0.106175 -0.00387653 0.0499895 0.00082013 -0.00308259 -0.00711831 0.105342 -0.000788819 0.0518596 0.00082013 -0.00308259 -0.00711831
115.47 0.749071 4.4139 -0.0498831 1.08607 -0.000948195 -0.00928908 0.0150868 -0.999843 0.118957 -0.00364963 0.0531759 0.000178589 -0.001775 -0.00343123 0.118003 2.88553e-05 0.0553808 0.000178589 -0.001775 -0.00343123
116.43 0.861857 4.53322 -0.0571623 1.1624 -0.0016417 -0.00954688 0.0208464 -0.999736 0.131867 -0.00934793 0.0585499 -0.000286576 0.000555051 -0.0223159 0.130665 -0.00365427 0.061043 -0.000194852 0.000395251 -0.0219994
117.024 0.932788 4.60904 -0.0649468 1.20163 -0.00167323 -0.0114562 0.0270266 -0.999568 0.144921 -0.0119166 0.0675889 -0.000927579 -0.0025473 -0.020438 0.143761 -0.00387929 0.070924 -0.000927579 -0.0025473 -0.020438
117.992 1.05989 4.75923 -0.0752377 1.26137 0.000639412 -0.01169 0.0345323 -0.999335 0.164374 -0.00898694 0.0626998 -0.0186189 -0.00876617 -0.00259154 0.163095 0.00224615 0.0665261 -0.0186189 -0.00876617 -0.00259154
118.52 1.14078 4.84705 -0.0755837 1.29346 0.000495244 -0.0137823 0.0288949 -0.999487 0.173807 0.00622715 0.0724989 0.00341187 -0.00202405 0.0419545 0.171096 0.016124 0.077266 0.00341187 -0.00202405 0.0419545
119.412 1.22914 5.01743 -0.0759854 1.36174 0.000336172 -0.0148964 0.00917048 -0.999847 0.195025 0.0106463 0.0783138 -0.0012017 0.000686396 0.0416594 0.192064 0.0141144 0.0841151 -0.00142212 0.000288527 0.0418119
120.026 1.22484 5.13755 -0.076089 1.41767 0.00036781 -0.0167546 -0.00222847 -0.999857 0.208743 0.0128321 0.083393 -0.000485298 -0.00106399 0.0360782 0.205886 0.0118441 0.0903501 -0.000485298 -0.00106399 0.0360782
120.602 1.22695 5.25834 -0.0721561 1.45406 -0.000748066 -0.0171451 -0.0108373 -0.999794 0.217339 0.0142811 0.070848 0.0341699 0.00888659 0.0278213 0.215043 0.00970583 0.0782448 0.0341699 0.00888659 0.0278213
121.296 1.23345 5.42178 -0.0663485 1.52121 0.00179456 -0.0151871 -0.0135721 -0.999791 0.219454 0.0131113 0.127802 0.00244223 0.00656403 0.0124921 0.21574 0.00673282 0.134448 0.00244223 0.00656403 0.0124921
121.876 1.24708 5.55101 -0.054664 1.59327 0.000248921 -0.0169312 -0.0213017 -0.99963 0.217495 0.0247132 0.0626458 0.0357127 0.0341078 0.039219 0.215254 0.015384 0.100207 0.0284571 0.0263552 0.0393882
122.942 1.04922 5.81823 -0.0489504 1.64565 -0.00165379 -0.0189745 -0.0216873 -0.999583 0.248902 0.00321886 0.0385197 -0.000974002 0.0006558 -0.0232469 0.2467 -0.00740384 0.0479549 -0.00115538 0.000711185 -0.023168
123.576 0.91558 5.98081 -0.0485153 1.68672 -0.00273275 -0.0144667 -0.0142348 -0.99979 0.231304 -0.00284298 0.0788214 -0.00103636 0.0123012 -0.0337758 0.228758 -0.00894406 0.0855106 -0.00103636 0.0123012 -0.0337758
124.098 0.798991 6.1079 -0.0511118 1.72166 -0.00204017 -0.0135789 -0.0045009 -0.999896 0.218322 -0.00599087 0.0433804 -0.00360629 -0.0231215 -0.0399245 0.216909 -0.00786979 0.0711847 0.000180983 0.00271953 -0.040064
125.3 0.646823 6.28403 -0.0573877 1.74472 -0.000731713 -0.000156837 0.00164878 -0.999998 0.0907972 0.00227601 -0.0069102 0.00129827 -0.00102639 0.0505731 0.0907914 0.00256532 -0.00688527 0.00129827 -0.00102639 0.0505731
125.88 0.611523 6.32195 -0.0611746 1.73687 -0.00126729 0.000551279 -0.0142707 -0.999897 0.0679722 0.000233676 -0.00612889 0.003334 -0.0022407 0.0150632 0.0679441 -0.00172177 -0.00620194 0.003334 -0.0022407 0.0150632
126.498 0.586576 6.34448 -0.0646193 1.73479 -0.000964023 0.00149327 -0.000323477 -0.999998 0.0557412 -0.002939 -0.00328764 -0.00145142 -0.00296917 -0.0915068 0.0563284 -0.00314891 -0.00337394 -0.00164291 -0.00347311 -0.0892104
127.092 0.583609 6.34996 -0.0691683 1.73831 2.34625e-05 0.00208589 0.0189964 -0.999817 0.0442469 -0.00136931 -0.00553708 -0.00251565 -0.0019195 -0.0137292 0.0442435 0.000312264 -0.00572172 -0.00251565 -0.0019195 -0.0137292
127.746 0.583658 6.34295 -0.072386 1.73136 1.23919e-05 0.00233705 0.00664643 -0.999975 0.0303765 0.000742685 -0.00401163 0.000165072 0.00211552 0.0680432 0.0303449 0.00114638 -0.00415352 0.000165072 0.00211552 0.0680432
128.332 0.615128 6.33063 -0.0738215 1.77561 -0.000257294 -0.00952151 -0.0098839 -0.999906 0.0716492 -0.00102896 0.104322 -0.000388533 -0.0209898 0.0422138 0.069616 -0.00237131 0.105668 -0.000388533 -0.0209898 0.0422138
128.98 0.645269 6.35078 -0.0687941 1.8352 -0.000286987 -0.00816268 -0.0177928 -0.999808 0.0905598 0.000393864 0.106814 0.00626985 -0.00193986 0.0153254 0.088762 -0.00273564 0.108279 0.00626985 -0.00193986 0.0153254
129.554 0.659959 6.38115 -0.0663769 1.88276 -0.00108772 -0.00700432 -0.0160612 -0.999846 0.0886611 -0.00578547 0.0238173 -0.0116311 -0.0676289 -0.0261856 0.088088 -0.00857153 0.0250711 -0.0116311 -0.0676289 -0.0261856
130.11 0.640009 6.41489 -0.0654996 1.88365 -0.00038628 -0.00191038 -0.00701012 -0.999974 0.0463462 -0.00405261 -0.0061815 0.000427709 0.0121163 -0.0402551 0.0480481 -0.00488243 -0.00516002 0.000425364 0.0134326 -0.0400983
130.692 0.62043 6.44354 -0.0630144 1.88502 0.000423916 -0.00792546 0.00357696 -0.999962 0.036754 -0.00211261 0.0826743 -0.0146994 0.10433 -0.0331648 0.0354534 -0.00192466 0.0832449 -0.0146994 0.10433 -0.0331648
131.866 0.640505 6.55431 -0.0524594 1.97668 -0.00179884 -0.00973793 -0.00813274 -0.999918 0.0929758 0.00307989 0.070258 0.00982941 -0.000407433 0.0272025 0.0913547 0.00290437 0.0723807 0.0127376 -0.000339307 0.0299237
132.452 0.649339 6.63023 -0.0474988 2.01883 -0.00137124 -0.00992136 -0.00563866 -0.999934 0.100216 -0.00661135 0.0729218 -0.00190549 -0.000715255 -0.0337294 0.0986693 -0.00753014 0.0749146 -0.00190549 -0.000715255 -0.0337294
133.566 0.706523 6.78985 -0.0418779 2.11052 0.000278242 -0.0115808 0.0119233 -0.999862 0.116189 -0.000237189 0.0368769 0.00260544 -0.00357918 -0.00487318 0.115277 0.00250175 0.0395585 0.00260544 -0.00357918 -0.00487318
134.634 0.741071 6.95875 -0.0349339 2.13798 -0.000300651 -0.0119889 0.00498977 -0.999916 0.135024 0.00366283 0.0436096 0.000114841 -0.000501714 0.0167335 0.133896 0.00503198 0.0468313 0.000114841 -0.000501714 0.0167335
135.204 0.771159 7.05467 -0.0300632 2.15323 -0.00110499 -0.013409 0.00121889 -0.999909 0.143093 0.00324401 -0.00251325 0.00384714 0.00035449 0.00970985 0.142168 0.00402277 0.00136843 0.00478256 0.00164972 0.0103629
135.76 0.813338 7.15794 -0.0272096 2.16485 -0.00100099 -0.0134756 0.00108431 -0.999908 0.153563 -1.53946e-05 -0.0019428 -0.000476326 -0.00111547 -0.00620239 0.15356 0.000317907 0.00219596 -0.000476326 -0.00111547 -0.00620239
136.79 0.853924 7.35108 -0.0247651 2.11513 -0.000775993 -0.0131214 0.000542725 -0.999913 0.16284 0.00306506 -0.100968 0.00196489 -0.00468864 0.00588133 0.16543 0.00308986 -0.0966651 0.00196489 -0.00468864 0.00588133
137.306 0.863199 7.45488 -0.0219686 2.06389 -0.00076186 -0.0137875 -0.000219585 -0.999905 0.166921 0.00211367 -0.103128 0.000299144 -0.00040623 0.000451026 0.169702 0.00188612 -0.0984898 0.000299144 -0.00040623 0.000451026
138.228 0.894341 7.6308 -0.0133371 1.96083 -0.000964722 -0.0137936 0.000186331 -0.999904 0.175989 0.00336636 -0.100315 1.24362e-05 -0.000993696 -0.00166341 0.178688 0.0032436 -0.0954284 1.24362e-05 -0.000993696 -0.00166341
139.108 0.986434 7.8078 -0.0170716 1.89136 -0.00249941 -0.0128959 0.00883883 -0.999875 0.174202 -0.0109283 -0.0874469 -0.00531587 0.00803784 -0.0480559 0.176507 -0.00829946 -0.0942204 -0.00186758 0.00215378 -0.0464224
139.88 1.08836 7.96556 -0.0248657 1.82529 -0.00207543 -0.0151602 0.0248083 -0.999575 0.19514 -0.0123385 -0.0856581 0.000413808 -0.00186383 -0.0369155 0.19733 -0.00315543 -0.0797923 0.00025599 -0.00219537 -0.0374862
140.786 1.24123 8.15245 -0.040907 1.72631 -0.00299447 -0.0147971 0.0388407 -0.999131 0.205361 -0.0191103 -0.130542 0.0053984 -0.00464881 -0.0352295 0.210023 -0.00372634 -0.124322 0.0053984 -0.00464881 -0.0352295
141.406 1.24496 8.29154 -0.0609698 1.64673 -0.00300888 -0.0170089 0.050749 -0.998562 0.21873 -0.0283911 -0.153523 -0.000583008 -0.00395536 -0.0384558 0.225613 -0.00671072 -0.145848 -0.000583008 -0.00395536 -0.0384558
141.954 1.23233 8.39329 -0.073233 1.6291 -0.000421918 0.00122657 0.0592072 -0.998245 0.152821 -0.0150071 0.0138326 0.00305274 0.0349658 -0.0347922 0.153556 0.00317605 0.0134611 0.00305274 0.0349658 -0.0347922
142.766 1.22707 8.50982 -0.0860289 1.5572 -0.00382525 -0.0207486 0.0579414 -0.998097 0.188273 -0.0235931 -0.132007 -0.00206304 -0.0448544 0.00585876 0.195097 -0.00231867 -0.123938 -0.00206304 -0.0448544 0.00585876
143.75 1.18562 8.69913 -0.120004 1.48208 -0.000971874 -0.00681913 0.0615747 -0.998079 0.239856 -0.0309151 0.0166584 -0.0052244 -0.242898 -0.00772324 0.246878 -0.00131617 0.0149493 -0.00529128 -0.245743 -0.00789077
144.354 1.17334 8.78436 -0.133067 1.46169 -0.000344662 0.000159313 0.0626558 -0.998035 0.129626 -0.0159247 0.00508543 -0.00483273 -0.00979631 0.0100858 0.134612 0.000350091 0.00940886 -0.0040881 -0.00914986 0.00411684
144.972 1.16225 8.85316 -0.140577 1.41098 -0.00112549 -0.0200106 0.0544114 -0.998317 0.197611 -0.0186799 -0.0882153 0.000188447 -0.0297535 0.0297676 0.201847 0.00290189 -0.0801907 0.000188447 -0.0297535 0.0297676
145.704 1.15772 8.9687 -0.148151 1.39667 -0.000736215 0.000173529 0.0475823 -0.998867 0.130635 -0.0130103 -0.00627716 -0.000234148 0.0415467 0.0144626 0.131278 -0.000543018 -0.00631267 -0.000234148 0.0415467 0.0144626
146.288 1.1527 9.0472 -0.154811 1.35788 -0.00239958 -0.0206433 0.0463653 -0.998708 0.185537 -0.0231137 -0.0856627 -0.00169354 -0.0295306 -0.00617287 0.186881 -0.00578753 -0.0778076 -0.00156498 -0.0333095 -0.0048453
146.926 1.11445 9.16841 -0.166777 1.3067 -0.000923547 -0.0193303 0.048848 -0.998619 0.21099 -0.0223778 -0.0640871 0.00140445 -0.000935115 -0.00259123 0.214488 -0.00167617 -0.0558288 0.00140445 -0.000935115 -0.00259123
147.902 0.920515 9.39661 -0.192589 1.21744 -0.00237542 -0.0186315 0.0573505 -0.998177 0.200589 -0.0339333 -0.0953178 -0.000826761 0.00309156 -0.0308898 0.206584 -0.0109744 -0.0876109 -0.000826761 0.00309156 -0.0308898
148.472 0.811924 9.5359 -0.205383 1.1742 -0.00219276 -0.0161765 0.0648466 -0.997762 0.190008 -0.02923 -0.0795288 0.00145387 0.0072161 -0.0223531 0.194681 -0.00456398 -0.0732176 0.00145387 0.0072161 -0.0223531
149.524 0.618769 9.79282 -0.2306 1.09844 -0.00132018 -0.0156078 0.0605276 -0.998044 0.176113 -0.0144705 -0.0859015 0.0014015 -0.0016263 0.0285188 0.179175 0.00685649 -0.0803353 0.0014015 -0.0016263 0.0285188
150.17 0.531314 9.94411 -0.239238 1.05134 -0.00143345 -0.0130812 0.0540312 -0.998453 0.162638 -0.0128496 -0.06576 0.000119812 0.00403494 0.0177102 0.164521 0.00463441 -0.0612221 0.000214126 0.00430501 0.0180476
150.764 0.482868 10.067 -0.247437 1.00172 -0.00203008 -0.0103572 0.0502707 -0.99868 0.149425 -0.0123744 -0.101992 0.00706583 -0.024081 0.00503438 0.15201 0.00239071 -0.0988455 0.00706583 -0.024081 0.00503438
151.816 0.4985 10.2645 -0.267609 0.900553 -0.00137741 -0.0089649 0.0554645 -0.99842 0.12148 -0.0113884 -0.106953 0.00102157 -0.00107283 -0.00407888 0.124493 0.0018876 -0.106155 0.000436116 -0.000910365 -0.00493219
152.398 0.554511 10.36 -0.280823 0.835078 -0.00178804 -0.00845352 0.0585381 -0.998248 0.117904 -0.0146755 -0.106252 -0.00104561 -0.00139623 -0.022421 0.120609 -0.00106585 -0.104204 -0.00104561 -0.00139623 -0.022421
153.022 0.629238 10.4442 -0.295391 0.762626 -0.001547 -0.00876008 0.0664945 -0.997747 0.118519 -0.0165033 -0.118883 -0.000208945 -0.00373488 -0.0283156 0.121744 -0.000856346 -0.116747 -0.000208945 -0.00373488 -0.0283156
153.668 0.713132 10.5475 -0.30897 0.701522 -0.00140713 -0.0121363 0.0718973 -0.997337 0.147778 -0.0177677 -0.0771001 0.00131904 -0.0110039 -0.00482133 0.150637 0.00353242 -0.0734487 0.00131904 -0.0110039 -0.00482133
154.69 0.739131 10.7185 -0.32895 0.621715 -0.00161735 -0.0128493 0.0706943 -0.997414 0.173519 -0.0203613 -0.0410276 0.000635094 -0.00174773 0.0052688 0.175659 0.00426188 -0.0365031 0.000635094 -0.00174773 0.0052688
155.32 0.725948 10.8307 -0.343177 0.600888 -0.00188544 -0.0133526 0.0698166 -0.997469 0.181817 -0.0226006 0.0124957 -0.000250671 -0.00255693 0.00143381 0.182423 0.00306867 0.0172565 -0.000337051 -0.00261616 0.00177324
155.962 0.758919 10.946 -0.358909 0.603842 -0.00108841 -0.0125223 0.068982 -0.997539 0.183317 -0.0202179 0.0110978 0.00103924 0.00124709 0.0100827 0.184093 0.00513384 0.0159614 0.00103515 0.00110581 0.00900608
156.584 0.811266 11.0518 -0.371099 0.609022 -0.00171199 -0.0131427 0.0649726 -0.997799 0.185489 -0.0192369 0.0389426 0.000880619 0.00110667 0.0127198 0.185322 0.00505082 0.0438511 0.000880619 0.00110667 0.0127198
157.614 0.91102 11.2414 -0.392027 0.622332 -0.00173984 -0.0139434 0.0616396 -0.998 0.196846 -0.0212534 0.0307536 0.00139341 -0.00293974 0.00371575 0.197025 0.00319017 0.036288 0.00139341 -0.00293974 0.00371575
158.216 0.893444 11.3656 -0.409932 0.661069 -0.0019607 -0.0153047 0.0612873 -0.998001 0.206508 -0.0255052 0.0503892 -0.00063204 -0.00359952 -0.00143855 0.206427 6.37084e-05 0.0567717 -0.00063204 -0.00359952 -0.00143855
158.846 0.875648 11.4884 -0.426531 0.660273 -0.00171527 -0.0146196 0.0618833 -0.997975 0.210682 -0.0256879 0.0598582 0.00133325 0.000947379 -0.00229508 0.210391 0.000638763 0.0660696 0.00133325 0.000947379 -0.00229508
159.452 0.863353 11.6121 -0.440845 0.696696 -0.00182981 -0.0146233 0.0620331 -0.997965 0.207333 -0.024155 0.0612726 0.000424626 0.00210841 -0.000907397 0.206836 0.00182548 0.0673824 0.000424626 0.00210841 -0.000907397
160.062 0.847739 11.7298 -0.454852 0.733836 -0.0019236 -0.014744 0.0620539 -0.997962 0.207373 -0.0239005 0.0533603 0.000206655 0.000432073 0.000260236 0.207062 0.00208694 0.0595252 0.000206655 0.000432073 0.000260236
160.692 0.83117 11.8547 -0.47195 0.779584 -0.00185262 -0.0147382 0.0620126 -0.997965 0.206683 -0.0248507 0.0468866 -0.000327875 0.000385818 -0.000101483 0.206662 0.00095662 0.0531115 -0.000381117 0.000533614 -0.000118261
161.336 0.814093 11.983 -0.48904 0.822146 -0.00183592 -0.0147888 0.0617731 -0.997979 0.207733 -0.0250573 0.021082 0.000286263 -0.00134344 -0.000896403 0.208518 0.00079687 0.027295 0.000286263 -0.00134344 -0.000896403
161.906 0.800871 12.0955 -0.501314 0.846461 -0.00192199 -0.0144611 0.0621467 -0.99796 0.207022 -0.024013 0.0205563 0.000503375 0.00126997 0.000171976 0.207715 0.00190507 0.0266087 0.000503375 0.00126997 0.000171976
162.522 0.785806 12.2233 -0.518682 0.869467 -0.00185458 -0.0142738 0.0620601 -0.997969 0.20679 -0.0248883 0.0202223 -0.000136631 0.000155423 0.000639402 0.207625 0.00102123 0.0261728 -0.000267482 0.000133962 0.000665276
163.624 0.756741 12.4362 -0.547445 0.883471 -0.00180917 -0.0139215 0.0618978 -0.997984 0.203609 -0.0250042 0.0448903 -3.87898e-05 0.000386952 -9.27594e-05 0.2038 0.000437594 0.050618 -3.87898e-05 0.000386952 -9.27594e-05
164.684 0.730758 12.6423 -0.573894 0.905536 -0.00180889 -0.0134274 0.0619973 -0.997984 0.201963 -0.0247213 0.0457602 5.6466e-05 -0.000102186 -0.000361972 0.202158 0.000559505 0.0512413 5.6466e-05 -0.000102186 -0.000361972
165.312 0.714885 12.7507 -0.587663 0.931076 -0.00100163 0.000447918 0.0618757 -0.998083 0.160095 -0.0190101 -0.00780656 0.00035064 0.0017256 -0.000317983 0.161211 0.000893394 -0.00793258 0.00035064 0.0017256 -0.000317983
165.918 0.704594 12.8206 -0.598548 0.927824 -0.000706825 -0.000664243 0.0601123 -0.998191 0.105846 -0.0125998 -0.000872961 -0.00104304 -0.00547494 0.0278701 0.106594 0.000192424 -0.000722807 -0.00104304 -0.00547494 0.0278701
166.546 0.696914 12.8755 -0.604415 0.925126 -0.000772754 -0.015341 0.0439605 -0.998915 0.141019 -0.00895386 -0.0199815 0.00282494 -0.0295087 0.0556307 0.141807 0.00346526 -0.0156337 0.00282494 -0.0295087 0.0556307
167.16 0.691576 12.9521 -0.610186 0.922151 -0.000858342 -0.0115513 0.0312712 -0.999444 0.17321 -0.00979812 -0.0208071 -0.00072954 -0.0024025 0.0355145 0.173918 0.00103075 -0.0167876 -0.00072954 -0.0024025 0.0355145
167.79 0.687419 13.0355 -0.614216 0.93039 -0.0014208 -0.0114432 0.0226869 -0.999676 0.180112 -0.0107164 0.0110517 -0.000141113 0.00135788 0.0179846 0.180112 -0.00250404 0.0151939 -0.000141113 0.00135788 0.0179846
168.438 0.662538 13.1238 -0.621542 0.949676 -0.00115128 -0.0112525 0.019746 -0.999741 0.182709 -0.0125092 0.0113137 -0.000615522 -0.000568463 0.00489396 0.182759 -0.00525999 0.0154477 -0.000615522 -0.000568463 0.00489396
169.07 0.642416 13.2102 -0.625502 0.965868 -0.00187561 -0.0104765 0.0186012 -0.99977 0.177969 -0.0122568 0.0192323 0.00511524 -0.000892481 -0.00185696 0.177858 -0.0055572 0.0229944 0.00511524 -0.000892481 -0.00185696
169.66 0.632273 13.2924 -0.628192 0.977811 -0.00180035 -0.0104117 0.0219996 -0.999702 0.172526 -0.014246 0.0185913 1.60505e-05 0.00120979 -0.0190339 0.172765 -0.0067854 0.022168 -0.000145826 0.00125158 -0.0185186
170.714 0.63732 13.4369 -0.63681 0.984526 -0.00222324 -0.0101227 0.0317764 -0.999441 0.166341 -0.0154133 -0.0318761 -0.000271087 6.11074e-06 -0.0224806 0.16781 -0.00480191 -0.0284889 1.70361e-05 -0.000766424 -0.0218778
171.31 0.647037 13.5159 -0.64759 0.957379 -0.00196247 -0.0105631 0.038706 -0.999193 0.163391 -0.0177362 -0.0280228 -0.000887311 0.00161406 -0.0257152 0.164832 -0.00512492 -0.0245081 -0.000887311 0.00161406 -0.0257152
171.942 0.645145 13.5994 -0.657588 0.943218 -0.00119962 -0.0107967 0.0451195 -0.998923 0.165444 -0.0164252 0.0188423 -0.00846229 0.00166189 -0.0164031 0.165608 -0.00188304 0.0231384 -0.0102646 0.000783755 -0.0174184
172.578 0.634808 13.6853 -0.66688 0.948633 -0.00123351 -0.0110221 0.0453338 -0.99891 0.164629 -0.011767 0.0159899 0.000477118 0.00137434 0.00855518 0.164624 0.00321959 0.0196335 0.000477118 0.00137434 0.00855518
173.198 0.624687 13.7767 -0.676855 0.959905 -0.00132193 -0.0109528 0.0418179 -0.999064 0.163593 -0.0112568 0.0157622 0.000124174 0.000925372 0.0124177 0.163552 0.00251794 0.0193809 0.000113646 0.00099996 0.0124621
174.052 0.61382 13.8736 -0.687846 0.958412 -0.00120814 -0.00229959 0.0371008 -0.999308 0.0935131 -0.0077135 0.00459902 -0.000204167 0.0060664 0.00981997 0.0938051 -0.000747382 0.0050403 -0.000204167 0.0060664 0.00981997
174.872 0.607462 13.9224 -0.694076 0.963086 -0.000868772 -0.000444172 0.0236345 -0.99972 0.0591848 -0.00350991 0.00137749 0.000672045 0.000901129 0.0718926 0.0604943 -0.000609438 0.00134883 0.00086192 0.00121191 0.0694152
175.51 0.602447 13.9391 -0.698627 0.965079 -0.00056413 -0.000128187 -0.00773188 -0.99997 0.044294 -0.00202002 4.45075e-05 0.00030253 -0.000304027 0.144948 0.0442574 -0.00270465 5.85244e-05 0.00030253 -0.000304027 0.144948
176.162 0.597292 13.9471 -0.703983 0.964114 -0.000516403 0.000199166 -0.0523098 -0.998631 0.0334548 -0.00289217 -0.000602744 -0.00128783 -0.000566465 0.140153 0.0329693 -0.0063722 -0.0006112 -0.00128783 -0.000566465 0.140153
176.74 0.593423 13.9502 -0.707308 0.959561 -0.000175906 0.000572665 -0.0885925 -0.996068 0.0254133 -0.00267453 0.000979663 -0.00193733 -0.000521553 0.126354 0.0250437 -0.00718868 0.000790223 -0.00196481 -0.00082086 0.125547
177.378 0.591934 13.9476 -0.708031 0.948917 -7.43608e-05 0.000686554 -0.12917 -0.991622 0.0176045 -0.00177681 0.0044151 0.000242684 -0.000343902 0.133424 0.0167959 -0.00620906 0.00428739 0.000291604 -0.000243699 0.133937
178 0.593348 13.9424 -0.706248 0.955568 -5.82809e-05 0.000820351 -0.164112 -0.986441 0.0112514 -0.00236783 0.00387749 0.000117885 0.000191247 0.109725 0.00988508 -0.00588381 0.0038604 0.000117885 0.000191247 0.109725
178.958 0.59911 13.928 -0.700853 0.97313 5.54536e-07 0.000726543 -0.211162 -0.977451 0.00240419 -0.00234392 -0.00232017 0.000563762 0.000568297 0.10055 0.00121892 -0.00312663 -0.00232287 0.000563762 0.000568297 0.10055
179.61 0.603806 13.913 -0.697721 0.986331 0.00023057 -0.000692329 -0.23911 -0.970992 -0.00305785 -0.00415892 0.00503942 0.0010105 0.0891874 0.079663 -0.0046467 -0.00226404 0.0050324 0.0010105 0.0891874 0.079663
180.2 0.613479 13.9177 -0.684939 0.990852 0.00200264 -0.00966526 -0.256141 -0.966589 0.0525357 0.0252207 0.00273606 -0.0011649 -0.0158716 0.0479065 0.0580659 -0.00410185 0.00388576 -0.0011649 -0.0158716 0.0479065
180.756 0.638164 13.9445 -0.659259 0.987717 0.00196704 -0.00894742 -0.266748 -0.963723 0.0676314 0.0363589 0.00303374 0.000273604 0.000280829 0.0328975 0.0766329 -0.00358714 0.00444001 0.000273604 0.000280829 0.0328975
181.35 0.669925 13.9842 -0.627842 1.00062 0.00114535 -0.0100361 -0.274136 -0.961638 0.0752504 0.0406744 0.0383104 0.00193951 0.00316385 0.0165586 0.0846057 -0.00498936 0.0400212 0.00193951 0.00316385 0.0165586
181.998 0.697302 14.0508 -0.57921 1.0317 0.00150663 -0.0105733 -0.274834 -0.961433 0.085927 0.0458276 0.0390432 0.000468378 0.000204857 -0.00925287 0.0960546 -0.00643883 0.0411462 0.000274081 0.000180619 -0.00876768
182.604 0.696689 14.1147 -0.535691 1.05071 0.00124118 -0.00951553 -0.2723 -0.962165 0.0903719 0.0500778 0.0089939 -0.000955055 -0.111099 -0.0107399 0.103022 -0.00467996 0.0109651 -0.000955055 -0.111099 -0.0107399
183.198 0.704253 14.169 -0.498597 1.05327 -0.00093147 -0.00163203 -0.270246 -0.96279 0.0398414 0.021867 -0.00597949 0.000516105 0.0173287 -0.00877057 0.0454167 -0.00207552 -0.00585412 0.000516105 0.0173287 -0.00877057
183.802 0.713204 14.2116 -0.46952 1.06009 -0.00175549 -0.000429627 -0.266656 -0.96379 0.0201926 0.0101392 -0.00306332 -0.000125057 -0.000127305 -0.0345558 0.0225322 -0.00169288 -0.00305966 -0.000125057 -0.000127305 -0.0345558
184.414 0.726424 14.2423 -0.454811 1.07992 0.000788286 -0.0147772 -0.253155 -0.967313 0.0424002 0.0164687 0.0545064 0.000211939 0.0274814 -0.0627972 0.0434324 -0.00608447 0.0558261 0.000211939 0.0274814 -0.0627972
185.068 0.759562 14.308 -0.430169 1.10338 0.000489638 -0.0110145 -0.235552 -0.971799 0.0966409 0.0399722 0.05437 -4.21155e-05 -0.00347997 -0.0515302 0.101568 -0.00865472 0.056446 -0.000198894 -0.00381774 -0.0526149
185.678 0.804686 14.3822 -0.400471 1.13316 0.00256735 -0.00987153 -0.224843 -0.974342 0.110405 0.0519007 0.0844626 -0.00381817 -0.00346559 -0.0209839 0.119788 -0.00301349 0.0871632 -0.00616003 -0.00425516 -0.0237163
186.282 0.859035 14.4605 -0.362121 1.18691 0.00206519 -0.0105899 -0.227673 -0.973678 0.115237 0.0649669 0.0889038 0.00144715 -0.000990515 0.0256787 0.130149 0.00720578 0.0917257 0.00144715 -0.000990515 0.0256787
186.924 0.930682 14.5474 -0.317321 1.23987 0.000340705 -0.0126706 -0.235941 -0.971685 0.127293 0.0703705 0.0416257 0.0203617 0.00577085 0.0186495 0.143216 0.00543885 0.0459857 0.0257487 0.00901483 0.0216943
187.538 1.00437 14.6435 -0.276919 1.26991 0.000626574 -0.013302 -0.233112 -0.972359 0.150276 0.0646843 0.0485579 -0.00286089 -0.00132694 -0.0321222 0.161238 -0.00994705 0.05311 -0.00323201 -0.00193846 -0.030548
188.146 1.05629 14.7447 -0.237589 1.29187 0.00168708 -0.0148067 -0.223923 -0.974493 0.166154 0.0695985 0.0395309 -0.000950021 -0.0013922 -0.0321685 0.177416 -0.0100553 0.044773 -0.00171172 -0.000342592 -0.0330409
189.146 1.12824 14.9193 -0.164705 1.32235 0.00191674 -0.0155429 -0.214187 -0.976667 0.185446 0.0785628 0.0359767 -0.000993372 0.00323641 -0.0168316 0.200084 -0.00613917 0.0422543 -0.000993372 0.00323641 -0.0168316
189.786 1.07596 15.0384 -0.114694 1.343 0.00237463 -0.0170755 -0.210593 -0.977422 0.197674 0.0836638 0.0381679 0.000325311 -0.000978231 -0.0108426 0.213149 -0.00505435 0.0455359 0.000325311 -0.000978231 -0.0108426
190.388 0.950326 15.1659 -0.0615635 1.3758 0.00231799 -0.0162587 -0.208418 -0.977902 0.203818 0.0850689 0.0345844 -0.00030819 0.0014208 -0.00899631 0.21954 -0.00534146 0.0418121 -0.00030819 0.0014208 -0.00899631
191.014 0.817957 15.2984 -0.00310799 1.37573 0.00236024 -0.0145825 -0.20657 -0.97832 0.197383 0.0840136 -0.0670017 -0.000377848 -0.00206876 -0.00510969 0.216382 -0.00304369 -0.060639 -0.000377848 -0.00206876 -0.00510969
191.686 0.702996 15.4284 0.0565646 1.3501 0.00189397 -0.0131747 -0.206454 -0.978366 0.183759 0.0795889 -0.0523007 -8.7454e-05 0.00356827 -0.000189047 0.201568 -0.00153034 -0.0469608 -8.7454e-05 0.00356827 -0.000189047
192.346 0.593238 15.5333 0.102263 1.34719 -0.000591059 -0.00117809 -0.206761 -0.978391 0.116088 0.0484004 0.00114192 -0.000742123 0.0260917 0.000657732 0.125742 -0.00270325 0.00140551 -0.000742123 0.0260917 0.000657732
193.032 0.534858 15.6015 0.127587 1.35955 -0.000500243 -0.000215516 -0.199408 -0.979916 0.0712575 0.0261785 0.00100449 -0.0102612 0.00108396 -0.0326392 0.0777052 -0.00386339 0.00094406 -0.00830353 0.00132248 -0.0383766
193.672 0.505148 15.631 0.141384 1.34513 0.000443068 0.00049065 -0.243246 -0.969964 0.0482764 0.0259757 0.00301556 0.00474198 -0.00252432 0.301551 0.0556098 0.000167173 0.00293428 0.00452951 -0.00263018 0.29597
194.492 0.494047 15.6461 0.153204 1.35306 0.000348735 0.00146857 -0.371442 -0.928455 0.0322616 0.0164933 -0.00102865 -0.00501051 -0.00153612 0.394213 0.0347327 -0.0103079 -0.00113229 -0.00501051 -0.00153612 0.394213
195.102 0.495732 15.6425 0.156863 1.35059 8.12073e-05 0.00165368 -0.482819 -0.875719 0.0201032 0.0110853 0.000348161 0.0029698 -0.000542031 0.451032 0.0209726 -0.0108222 0.000507914 0.00292259 -0.000816958 0.453706
195.75 0.505554 15.6325 0.156447 1.35539 8.04158e-05 0.00163685 -0.588529 -0.808474 0.0139055 0.00223193 -0.00149583 -0.0002105 1.73211e-05 0.377576 0.0071377 -0.0127374 -0.0018908 -0.00112572 -0.000174545 0.38257
196.426 0.516737 15.6189 0.15357 1.35768 0.000235311 0.00145568 -0.675622 -0.737247 0.00840207 -0.0051535 -0.00333521 0.000769657 0.000463144 0.295722 -0.00440848 -0.00881114 -0.00334755 0.000769657 0.000463144 0.295722
197.028 0.530945 15.6008 0.147707 1.34835 0.000196973 0.000914028 -0.728949 -0.684567 0.00344726 -0.0108628 0.000364162 0.0014511 0.000889398 0.209795 -0.0107328 -0.00312418 -3.97554e-05 0.00131136 0.000838265 0.215324
197.64 0.54779 15.5821 0.141772 1.35277 0.000183944 0.000500963 -0.762905 -0.646511 -0.00068138 -0.0144223 7.06072e-05 0.000970441 0.000386399 0.151552 -0.0141151 0.00303803 7.88336e-05 0.000970441 0.000386399 0.151552
198.262 0.559924 15.5685 0.138216 1.3464 -0.0013228 -0.00151942 -0.759013 -0.651072 0.00707726 -0.0147731 0.00369081 -0.00471897 -0.000441226 -0.310909 -0.0156135 -0.00389377 0.00387014 -0.00211633 -0.000462772 -0.273138
198.954 0.565745 15.5618 0.134987 1.3515 -0.000210212 8.6716e-05 -0.664957 -0.746882 0.00420551 -0.017691 -0.00105599 -0.003475 -0.000967823 -0.498609 -0.0170863 -0.00622371 -0.00104776 -0.003475 -0.000967823 -0.498609
199.604 0.575411 15.5504 0.136617 1.36297 0.000135493 0.00072375 -0.564648 -0.825331 -0.0099324 -0.0173773 -0.00394401 0.00326433 -7.80893e-05 -0.281039 -0.0197995 0.00296494 -0.0039203 0.00326433 -7.80893e-05 -0.281039
200.264 0.58926 15.5388 0.139219 1.37304 -0.000464075 0.000332518 -0.511035 -0.85956 -0.0135588 -0.0166891 -0.00722783 0.000455668 -0.000546498 -0.168215 -0.0211463 0.00393639 -0.00720752 0.000455668 -0.000546498 -0.168215
200.842 0.595327 15.5335 0.140575 1.37387 -0.000895442 0.000289809 -0.472468 -0.881348 -0.0119258 -0.0165061 -0.00768319 -0.000527546 -0.000932629 -0.186501 -0.0203585 0.000785126 -0.0076566 -0.000527546 -0.000932629 -0.186501
201.534 0.602405 15.5257 0.143932 1.38382 0.000944861 0.00145863 -0.475525 -0.8797 -0.0219633 -0.00740286 -0.00885486 0.00723633 -0.00107861 0.285622 -0.0185094 0.0135217 -0.00848164 0.00663577 -0.00106663 0.258814
202.154 0.612902 15.5162 0.145901 1.38713 -0.000622233 0.000956766 -0.565033 -0.825068 -0.0218449 -0.00919964 -0.0134056 0.00310323 -0.000632425 0.399678 -0.0165045 0.017043 -0.0133671 0.00310323 -0.000632425 0.399678
202.8 0.621395 15.5074 0.144754 1.38694 -0.000869235 0.000863231 -0.646213 -0.763156 -0.0175679 -0.0145134 -0.0112237 0.00104185 0.000326576 0.324023 -0.0172378 0.0149332 -0.0111848 0.00104185 0.000326576 0.324023
203.462 0.628125 15.4988 0.140452 1.38345 -0.000928362 0.000565498 -0.706282 -0.70793 -0.0135308 -0.0182417 -0.0121405 -0.000516921 6.42512e-05 0.188746 -0.0182646 0.013468 -0.0125828 -0.000478325 0.000302764 0.19545
204.078 0.632548 15.4936 0.136628 1.38434 4.2868e-05 -0.000862343 -0.737172 -0.675705 -0.0121184 -0.019149 0.157401 0.0184266 0.0659524 0.128668 -0.0182176 0.0139266 0.157362 0.0184266 0.0659524 0.128668
204.69 0.64262 15.4918 0.143846 1.45921 0.00172703 -0.00376261 -0.75045 -0.660915 -0.0046475 0.0162599 0.152161 -0.00302498 -0.00488326 0.00923118 0.0155652 0.00306764 0.152274 -0.00302498 -0.00488326 0.00923118
205.332 0.64234 15.4894 0.162286 1.55088 0.00186589 -0.00336545 -0.748871 -0.662705 -0.00559866 0.0254162 0.0976581 -0.000216995 -0.0221357 -0.0186854 0.0244535 0.00266151 0.147442 -0.000329772 -0.00151396 -0.0186284
205.966 0.648072 15.4921 0.183362 1.55602 -0.000764391 -0.000808269 -0.746023 -0.66592 -0.00253254 0.00367683 -0.0137357 -0.00102004 0.00489757 -0.0155006 0.00393879 0.00206988 -0.0137406 -0.00102004 0.00489757 -0.0155006
206.608 0.649111 15.4949 0.196075 1.55456 -0.000413309 -0.00114387 -0.743644 -0.668575 -0.00246664 -0.00167505 -0.012743 9.53812e-05 -0.000182293 -0.0131443 -0.00139246 0.00260159 -0.0127502 9.53812e-05 -0.000182293 -0.0131443
207.26 0.65403 15.4949 0.206255 1.5157 -0.000421458 -0.00128344 -0.741725 -0.670702 -0.00309916 -0.00261314 0.0229815 -0.000338608 -6.27892e-05 -0.0135591 -0.00231425 0.00340239 0.0229706 -0.000338608 -6.27892e-05 -0.0135591
207.938 0.654672 15.4991 0.21788 1.52025 -0.000415316 -0.00118251 -0.739412 -0.673253 -0.00234018 -0.00145114 0.0242768 -0.000325986 -8.90088e-05 -0.0124581 -0.00124982 0.00252158 0.0242698 -0.000325986 -8.90088e-05 -0.0124581
208.574 0.652958 15.5035 0.225255 1.54227 -0.000356021 -0.00117813 -0.737403 -0.675452 -0.00168157 -0.00159241 0.00264551 -0.000473491 0.000193461 -0.0108309 -0.00144193 0.00182036 0.00263994 -0.000473491 0.000193461 -0.0108309
209.184 0.651434 15.5089 0.234586 1.55834 -0.000357816 -0.00110052 -0.735679 -0.677329 -0.00102606 -0.00017503 -0.0125928 -0.00024954 -2.02117e-05 -0.011407 -7.76906e-05 0.0010105 -0.0125951 -0.00024954 -2.02117e-05 -0.011407
209.844 0.651397 15.5126 0.242635 1.54895 -0.000378276 -0.00106069 -0.733761 -0.679407 -0.00107388 4.59194e-05 -0.00751558 -3.01529e-05 -0.000132513 -0.0113761 0.00013493 0.00105161 -0.00751766 -3.01529e-05 -0.000132513 -0.0113761
210.488 0.652082 15.5148 0.249621 1.54904 -0.000398884 -0.00108139 -0.731727 -0.681597 -0.00140924 0.000711334 -0.00495997 -0.000170903 -0.00097032 -0.0104018 0.00081381 0.00134475 -0.00496212 -0.000170903 -0.00097032 -0.0104018
211.112 0.652526 15.5184 0.256637 1.52527 -0.00150481 -0.000189753 -0.728728 -0.684802 -0.000992165 -4.99867e-05 0.00662872 0.00874959 -0.0183582 -0.0681626 2.45264e-05 0.00100885 0.00662635 0.00874959 -0.0183582 -0.0681626
211.704 0.650214 15.5228 0.259563 1.53737 -0.00185278 -0.000281909 -0.675724 -0.737152 0.00501449 -0.00979297 0.00168223 -0.00578873 -0.00176908 -0.380244 -0.00928473 -0.00567649 0.0021242 -0.00592047 -0.00102462 -0.370898
212.314 0.645996 15.5276 0.260476 1.54096 -0.00148882 0.00053098 -0.590684 -0.806901 0.000372305 -0.0113413 -0.000499858 -0.00128033 -0.00127026 -0.376106 -0.0106998 -0.0037829 -0.000465156 -0.00128033 -0.00127026 -0.376106
212.982 0.642774 15.5304 0.258676 1.55276 -0.00179479 0.000582162 -0.498212 -0.867054 -0.00324226 -0.0101381 -0.00275301 -0.000713315 -0.00175463 -0.323855 -0.0103992 -0.00231101 -0.00271808 -0.000713315 -0.00175463 -0.323855
213.634 0.636896 15.5344 0.252003 1.56581 -0.00178826 0.000848567 -0.419641 -0.907688 -0.00404958 -0.00933586 -0.00624335 -0.004486 -0.000496377 -0.25636 -0.0097544 -0.00297855 -0.00620618 -0.004486 -0.000496377 -0.25636
214.428 0.632948 15.5326 0.239383 1.57998 -0.000629789 0.00145091 -0.418581 -0.908178 -0.0135121 -0.000853934 -0.00533303 0.00138296 0.00976027 0.200534 -0.0094476 0.0096639 -0.0104303 0.00546879 0.000495619 0.190192
215.238 0.631794 15.5294 0.230789 1.57086 -0.000705317 0.000288121 -0.49498 -0.868904 -0.00487109 0.00579273 0.00958385 -0.000144287 -0.00137932 0.237359 0.00251008 0.00715325 0.00957412 -0.000144287 -0.00137932 0.237359
215.942 0.631486 15.5251 0.221998 1.56544 -0.000658538 0.000330592 -0.559038 -0.829142 -0.00348865 0.00256528 0.0151328 6.56805e-05 0.000107439 0.226627 0.00108948 0.00420693 0.0151284 6.56805e-05 0.000107439 0.226627
216.644 0.633654 15.5202 0.216441 1.57557 -0.000679519 0.00026149 -0.618995 -0.785395 -0.00346697 4.92553e-05 0.00679623 0.000505561 0.000289275 0.222554 -0.000753798 0.00338753 0.00679467 0.000505561 0.000289275 0.222554
217.294 0.636582 15.5156 0.212674 1.57945 -0.000699845 0.00019603 -0.669189 -0.743092 -0.00362 -0.00181368 0.00151558 0.000241644 0.00034876 0.220819 -0.00217975 0.00341211 0.0015156 0.000241644 0.00034876 0.220819
217.908 0.640009 15.511 0.207012 1.59127 -0.000702016 -1.14313e-05 -0.715528 -0.698583 -0.00421906 -0.00478993 -0.00987316 0.000306441 0.00100136 0.219639 -0.00449869 0.00430319 -0.00944624 0.000401515 0.000899543 0.219719
218.52 0.638826 15.5099 0.19907 1.59624 -0.000570658 -0.000196553 -0.757327 -0.653036 -0.00322599 -0.00791068 -0.0141149 0.00029019 0.0010065 0.218374 -0.00735871 0.00433975 -0.014115 0.00029019 0.0010065 0.218374
219.168 0.639137 15.5072 0.20303 1.56202 0.00564094 -0.00530823 -0.790518 -0.61239 -0.0140791 0.0349875 -0.0904801 -0.00082192 -0.0100158 0.0845802 0.0370048 0.00496416 -0.0896637 -0.000204393 -0.0127995 0.0935367
219.808 0.655393 15.4998 0.230035 1.53546 -0.00275487 0.000851716 -0.798307 -0.602243 -0.0100468 0.0243876 0.00532723 -0.00072952 0.00917788 0.0184612 0.0262374 0.00297405 0.00517917 -0.00072952 0.00917788 0.0184612
220.424 0.665854 15.4965 0.244286 1.5413 -0.000220181 -0.000960764 -0.801274 -0.598296 -0.00317461 -0.001267 0.0029967 0.000184498 0.00256263 0.0155917 0.00038798 0.00331688 0.00329963 0.000199619 0.00252881 0.0155148
221.09 0.673604 15.4934 0.256009 1.53862 5.95172e-05 -0.00125245 -0.804498 -0.593954 -0.00269095 -0.00567588 0.00501891 0.000158416 0.000485531 0.0175936 -0.00450261 0.00422906 0.00491427 5.2052e-05 0.000219709 0.017508
221.758 0.679883 15.4916 0.26896 1.54468 8.87976e-05 -0.0013637 -0.808226 -0.588871 -0.00317517 -0.00546011 0.000290444 7.5115e-05 -0.000484671 0.0181895 -0.00430279 0.00467774 0.000562872 0.00010773 -0.000274982 0.0181492
222.464 0.687869 15.4901 0.282759 1.5506 -1.09411e-05 -0.00136387 -0.812165 -0.583426 -0.00394434 -0.00451484 -0.00740644 0.000156442 -0.000303995 0.0186062 -0.00300782 0.0051627 -0.00742271 0.000156442 -0.000303995 0.0186062
223.058 0.693991 15.4906 0.297036 1.54968 -0.000101426 -0.00126775 -0.815479 -0.578785 -0.00385158 -0.00180607 -0.00554054 -0.000487242 -0.00141089 0.0186807 -0.000426583 0.00421971 -0.00555033 -0.000487242 -0.00141089 0.0186807
223.698 0.699284 15.4933 0.31144 1.54342 -0.000180328 -0.00113713 -0.819018 -0.573767 -0.00302416 -0.00040985 0.000400193 -0.000320637 0.000414084 0.0198624 0.000647397 0.00298308 0.000394674 -0.000320637 0.000414084 0.0198624
224.344 0.702507 15.4954 0.320731 1.52934 -0.00243384 -0.00107917 -0.803818 -0.594869 0.00410403 -0.00677969 0.00410772 -0.00294003 0.00219268 -0.282422 -0.00767228 -0.00192434 0.00413686 -0.00294003 0.00219268 -0.282422
224.988 0.699579 15.5013 0.323467 1.5288 -0.000979092 0.000697982 -0.736384 -0.676563 0.00118653 -0.0127023 0.00397533 -0.00331634 -0.00063347 -0.256739 -0.0124702 -0.000814788 0.00387647 -0.00475536 -0.000825042 -0.272504
225.664 0.695856 15.5063 0.324922 1.53423 -0.00165694 0.00025689 -0.703372 -0.71082 -0.00450905 -0.0137428 0.0047388 0.0110373 -0.000739755 -0.103667 -0.0137301 0.00447315 0.0044989 0.00656417 -0.000632388 -0.0941068
226.534 0.685487 15.5162 0.319582 1.53144 -0.00206557 8.54513e-05 -0.615981 -0.787758 0.00443308 -0.0135279 0.00288829 -0.00447954 -0.00256043 -0.399633 -0.012052 -0.00755508 0.00294439 -0.00447954 -0.00256043 -0.399633
227.162 0.674553 15.5251 0.311693 1.53296 -0.00176477 0.000530935 -0.521876 -0.85302 -0.000125212 -0.0127358 0.00254626 -0.00137088 -0.000748379 -0.344683 -0.0113892 -0.00568069 0.00259153 -0.00137088 -0.000748379 -0.344683
227.812 0.662608 15.5344 0.304659 1.54641 -0.000688954 -0.000696468 -0.434318 -0.900759 0.000641081 -0.00208794 -0.00845601 0.000975469 -0.00536996 -0.312539 -0.00186859 -0.00202862 -0.00739623 0.000997012 -0.00517555 -0.312255
228.544 0.652438 15.5406 0.296909 1.53389 -0.0011143 -0.000236125 -0.340051 -0.940406 0.00119601 0.00307709 0.000853552 -0.000464596 -8.21705e-05 -0.318059 0.0028877 0.00160243 0.000849032 -0.000464596 -8.21705e-05 -0.318059
229.294 0.639279 15.5567 0.289369 1.5076 0.00258922 -0.00981385 -0.246154 -0.969178 0.0483888 0.0315223 0.00305927 -0.0018943 -0.0193841 -0.122334 0.0537756 0.00379065 0.00413657 -0.00385231 -0.0198538 -0.137227
229.99 0.610587 15.5929 0.296944 1.50856 -0.00122161 0.00262289 -0.233266 -0.972409 0.0313482 0.0240398 -0.00139272 0.000755834 0.0206294 0.00422194 0.0388341 0.00720038 -0.00162127 0.000755834 0.0206294 0.00422194
230.626 0.609129 15.6127 0.295388 1.50596 -0.000759624 0.000668473 -0.233852 -0.972272 0.0181887 0.0125196 0.00624113 -0.000408943 0.000601957 0.00603815 0.0219027 0.00288647 0.00620153 -0.000408943 0.000601957 0.00603815
231.3 0.603896 15.6202 0.295142 1.50915 -0.000825268 0.0006164 -0.233474 -0.972362 0.016061 0.0111861 -0.00166516 3.97551e-06 -0.000653647 0.00210831 0.0193154 0.00269904 -0.00238225 0.000196786 -0.000681116 0.00228673
232.1 0.599057 15.6212 0.29165 1.51051 -0.000899867 0.000811498 -0.232067 -0.972699 0.0157178 0.0103529 0.0006604 0.000144853 0.000174513 0.000321985 0.0186979 0.00210869 0.00144934 0.000112205 0.000205033 0.000269801
232.762 0.60283 15.6179 0.28549 1.5266 -0.000965225 0.000960723 -0.230763 -0.973009 0.0153225 0.00912739 -0.0158624 -0.000323423 0.000368047 -0.000371109 0.0178879 0.00138154 -0.015234 -0.000309498 0.000306057 -0.000328766
233.416 0.603843 15.6098 0.27697 1.5232 -0.000969495 0.00101857 -0.229331 -0.973347 0.0136992 0.00809529 -0.0162592 0.000584038 0.000213293 -0.00242428 0.0160474 0.00100673 -0.0168429 0.000527738 1.92473e-05 -0.00234117
234.082 0.609453 15.597 0.269988 1.52022 -0.00108755 0.000954271 -0.227342 -0.973814 0.0111537 0.00763212 -0.0111818 0.000186098 0.000522382 -0.00261306 0.013334 0.00187567 -0.0106597 0.000374449 0.000389935 -0.00263712
234.732 0.611375 15.5835 0.259822 1.49817 -0.00106368 0.000905451 -0.225227 -0.974305 0.00859434 0.00599685 0.010088 0.00030751 0.000804342 -0.00128771 0.0103769 0.00163332 0.010062 0.00030751 0.000804342 -0.00128771
235.63 0.61817 15.5624 0.246366 1.4664 -0.00112306 0.00065483 -0.222798 -0.974864 0.00494788 0.00509423 0.040112 0.000375624 3.35351e-05 -0.00235319 0.00674085 0.00251526 0.0400954 0.000375624 3.35351e-05 -0.00235319
236.498 0.629698 15.5472 0.231855 1.49441 -0.0011197 0.000550417 -0.22012 -0.975472 0.00279357 0.00303208 0.0162557 -0.000148602 0.000341078 -0.00275784 0.00385042 0.00157014 0.0162467 -0.000148602 0.000341078 -0.00275784
237.134 0.636386 15.5402 0.22145 1.51502 -0.0011225 0.00050859 -0.218274 -0.975887 0.00182185 0.00175577 -0.00188757 -0.000606934 0.000846951 -0.0035562 0.00249797 0.000922607 -0.000321663 -0.000384508 0.000705125 -0.00357537
238.044 0.6424 15.532 0.202933 1.53535 -0.00097585 0.000382052 -0.215324 -0.976542 0.000475844 -0.000196256 -0.0243505 -0.000106032 0.000545011 -0.00348036 0.000320782 -0.000420576 -0.0243502 -0.000106032 0.000545011 -0.00348036
238.986 0.652855 15.5205 0.194646 1.54369 0.00160089 -0.000666224 -0.298635 -0.954366 -0.00222616 0.0214086 -0.0131566 0.00888281 -0.00264284 0.476057 0.00990915 0.0188338 -0.013044 0.00947294 -0.00280343 0.463146
239.694 0.655547 15.5138 0.195321 1.53413 0.000207967 -0.00115967 -0.449326 -0.893367 -0.00174911 0.0152006 -0.00891615 -0.00035369 0.00123957 0.473807 0.0113752 0.0107926 -0.0089675 -0.000346066 0.00136271 0.47553
240.468 0.657581 15.512 0.196807 1.51134 -0.000170619 -0.00171731 -0.581135 -0.813805 -0.000890273 0.00926961 -0.00678629 0.000719476 0.00101059 0.395626 0.0086159 0.00402071 -0.00843848 0.000695473 0.00103384 0.398893
241.104 0.64168 15.5141 0.204383 1.43272 -0.000415316 -0.00331974 -0.649227 -0.760588 0.00275117 0.0126174 -0.158587 -0.00057077 -0.0025674 0.116034 0.0136081 -0.00151975 -0.158522 -0.00057077 -0.0025674 0.116034
241.786 0.629405 15.5256 0.214159 1.34246 0.000389883 -0.00285606 -0.651078 -0.759006 0.00387244 0.0136413 -0.151702 -0.00233904 0.000324981 -0.0481787 0.0148063 -0.00222557 -0.151626 -0.00233904 0.000324981 -0.0481787
242.422 0.622816 15.5368 0.225355 1.34158 -0.000849916 -0.000952135 -0.640136 -0.768261 -0.00341352 -0.00011293 0.00397932 0.000477332 0.00355084 -0.0465085 -0.000728539 0.00334714 0.00397061 0.000477332 0.00355084 -0.0465085
243.12 0.616916 15.5488 0.23413 1.34652 -0.000736669 -0.00124732 -0.629966 -0.776622 -0.00413089 -0.00273552 -0.000161665 -0.000492546 -0.000152428 -0.0406654 -0.00352866 0.00347729 -0.00017467 -0.000492546 -0.000152428 -0.0406654
243.818 0.604523 15.5651 0.24172 1.36012 -0.00059008 -0.00119578 -0.620182 -0.784457 -0.00287918 -0.00273735 -0.0131718 -0.000239895 -0.000795024 -0.0389765 -0.00331277 0.0021381 -0.0131808 -0.000239895 -0.000795024 -0.0389765
244.52 0.597336 15.578 0.249779 1.35377 -0.00060541 -0.00117024 -0.610576 -0.791957 -0.00245088 -0.00175691 -0.00642338 -0.000202483 -0.00036893 -0.0375919 -0.00231543 0.00190796 -0.00643054 -0.000202483 -0.00036893 -0.0375919
245.128 0.58845 15.5898 0.254788 1.35245 -0.000536646 -0.00106491 -0.602213 -0.798335 -0.00141223 -0.00177011 -0.00760681 -0.000458592 -3.48558e-06 -0.0369816 -0.00208191 0.000855424 -0.00761086 -0.000458592 -3.48558e-06 -0.0369816
245.786 0.579837 15.6029 0.258828 1.32954 -0.000466719 -0.00101365 -0.5938 -0.804612 -8.62983e-05 -0.00156239 0.0133389 -0.000806068 -0.000258336 -0.0371957 -0.00153276 -0.000352059 0.0133379 -0.000806068 -0.000258336 -0.0371957
246.466 0.570362 15.6162 0.261653 1.32812 -0.000363492 0.000476264 -0.584126 -0.811663 -0.000757908 -0.0024264 0.00580299 -0.00446805 -0.0121323 -0.0639093 -0.00197486 -0.000401388 0.00575 -0.00635144 -0.0137531 -0.0589974
247.162 0.563686 15.6235 0.263696 1.33415 -0.00035089 0.000757438 -0.547635 -0.836717 -0.00796768 -0.00757773 0.00366843 -0.00140526 -0.00102149 -0.165212 -0.00998529 0.00412719 0.00367824 -0.00155666 -0.000855736 -0.164041
247.822 0.560633 15.6275 0.26522 1.34768 -0.000280749 0.00112951 -0.507311 -0.861762 -0.0106548 -0.00719484 -0.000102605 -0.000767742 -0.00101186 -0.14813 -0.0114616 0.00582476 -7.31705e-05 -0.000767742 -0.00101186 -0.14813
248.462 0.559612 15.6274 0.262788 1.35626 -0.000256515 0.00107686 -0.472085 -0.881552 -0.0127884 -0.00703241 -0.0274656 0.0107378 0.0346592 -0.11238 -0.0127721 0.00674989 -0.00836305 0.000346963 0.00198088 -0.113816
249.084 0.557231 15.6366 0.271995 1.32333 0.0026641 -0.00688058 -0.451092 -0.892447 0.030819 0.0400638 -0.0227249 0.000410182 -0.0125741 -0.0451857 0.0487444 -0.000964599 -0.0505881 -0.000545292 -0.0139558 -0.046738
249.706 0.553365 15.6598 0.298329 1.30503 0.00253993 -0.00642657 -0.44221 -0.896885 0.0470203 0.0561125 -0.0564135 -0.010962 -0.000958685 -0.0269032 0.0739117 -0.0031966 -0.0553971 -0.010962 -0.000958685 -0.0269032
250.402 0.547627 15.6934 0.334166 1.26377 0.00280935 -0.00568041 -0.439212 -0.898361 0.049367 0.0637951 -0.0633678 0.000158566 0.000813896 0.00451296 0.0814618 0.000225476 -0.0623403 0.000158566 0.000813896 0.00451296
251.076 0.549439 15.7247 0.373466 1.23371 0.0016967 -0.00650015 -0.440861 -0.89755 0.0527452 0.0660355 0.00615271 0.00553036 0.0047129 -0.00209918 0.0844151 -0.00136061 0.0072683 0.00553036 0.0047129 -0.00209918
251.76 0.560767 15.7556 0.419001 1.23574 0.00197311 -0.00689006 -0.434131 -0.900821 0.0586102 0.0675773 -0.00297402 2.44147e-05 0.000555593 -0.0354958 0.0894079 -0.00374652 -0.00170207 2.44147e-05 0.000555593 -0.0354958
252.362 0.570715 15.7916 0.457558 1.24436 -0.00125292 0.00211631 -0.424632 -0.905363 0.0455925 0.0523383 -0.00524987 -0.00041696 -0.0115407 -0.0338817 0.0693668 -0.00159473 -0.00558881 -0.00041696 -0.0115407 -0.0338817
253.026 0.570332 15.82 0.481371 1.23468 0.00237841 -0.00953883 -0.414031 -0.91021 0.0492105 0.0489114 -0.0185048 -0.00167813 -0.0155328 -0.0448096 0.0695506 -0.00501682 -0.0171455 -0.00167813 -0.0155328 -0.0448096
253.726 0.570441 15.855 0.512897 1.22773 -0.000657783 0.000960414 -0.399755 -0.916621 0.0362427 0.0374319 0.00421861 0.00115102 0.0168473 -0.0520677 0.0521006 -0.00109027 0.00409997 0.00115102 0.0168473 -0.0520677
254.492 0.565562 15.8817 0.529029 1.23368 0.00100665 -0.00601015 -0.381991 -0.924146 0.0305837 0.0285494 -0.0192851 0.00321071 0.0499734 -0.0517682 0.0420416 -0.00142839 -0.0187832 0.00321071 0.0499734 -0.0517682
255.17 0.568187 15.8989 0.540852 1.21728 -0.000335263 -1.67419e-05 -0.365718 -0.930726 0.0282 0.0270055 0.019629 0.000497051 0.00248854 -0.0546041 0.0390451 0.000596441 0.0196203 0.000497051 0.00248854 -0.0546041
255.85 0.562835 15.9074 0.543361 1.2339 -0.000386251 6.69845e-05 -0.349637 -0.936885 0.0262884 0.0237488 0.00434088 -1.4288e-05 -0.000651217 -0.0556524 0.0354216 0.00072276 0.00432638 -1.4288e-05 -0.000651217 -0.0556524
256.612 0.559805 15.9125 0.54523 1.23746 -0.000522446 0.000453412 -0.331009 -0.943627 0.025772 0.0231459 -0.00156987 0.000233914 -0.00062648 -0.0552827 0.0345818 0.00197297 -0.00161278 0.000233914 -0.00062648 -0.0552827
257.312 0.556943 15.9078 0.538176 1.24124 -0.00055195 0.000530862 -0.314049 -0.949406 0.022852 0.0204156 -0.00520401 -0.000152977 -2.52777e-05 -0.0548601 0.0305115 0.00275766 -0.00524732 -0.000152977 -2.52777e-05 -0.0548601
258.004 0.556786 15.9029 0.533707 1.23528 -0.000711368 0.000705957 -0.296913 -0.954904 0.021116 0.0198864 0.000971203 -6.55201e-05 -0.000862283 -0.0544841 0.0286711 0.00440723 0.000916297 -6.55201e-05 -0.000862283 -0.0544841
258.71 0.555105 15.8971 0.525815 1.2297 0.00035049 -0.00772699 -0.279107 -0.960229 0.0323508 0.0233591 0.00750666 0.00295466 0.0441468 -0.0551341 0.0361438 0.00300155 0.00796899 0.00746254 0.0688497 -0.0552329
259.502 0.549959 15.9201 0.527417 1.20413 0.00100854 -0.00606476 -0.26258 -0.96489 0.0716172 0.0435967 -0.0393831 0.00011055 0.000954862 -0.0247448 0.0843088 0.00124499 -0.0383562 0.00011055 0.000954862 -0.0247448
260.204 0.542725 15.9506 0.5333 1.18586 0.00152829 -0.0063767 -0.256603 -0.966495 0.0758775 0.0446844 -0.0259137 -0.00653777 0.00490484 -0.0109828 0.0883818 0.00115385 -0.0247574 -0.00653777 0.00490484 -0.0109828
260.896 0.536808 15.9898 0.543636 1.1693 0.00182321 -0.0068677 -0.256232 -0.966589 0.0762895 0.0462396 -0.0264519 0.000518014 0.00192379 0.0103302 0.089544 0.0023765 -0.0251819 0.000518014 0.00192379 0.0103302
261.57 0.540796 16.037 0.565563 1.14889 0.00056943 -0.00669141 -0.258629 -0.965953 0.0778097 0.0443822 -0.0453682 0.00252681 -0.00214562 -0.00103703 0.0901685 -0.000540392 -0.0441787 0.00252681 -0.00214562 -0.00103703
262.27 0.532851 16.0867 0.589106 1.08837 0.00109717 -0.00737753 -0.252423 -0.967588 0.0778026 0.038605 -0.0428852 -0.000746674 0.00177599 -0.0290867 0.0873726 -0.00438995 -0.0415869 -0.000746674 0.00177599 -0.0290867
263.012 0.560174 16.1508 0.616948 1.03049 0.00122207 -0.00763643 -0.241892 -0.970272 0.079109 0.0370157 -0.0459975 -0.000378128 0.00114593 -0.0274096 0.0878139 -0.0044768 -0.0445376 -0.00037663 0.00109667 -0.0274796
263.786 0.594748 16.2209 0.64713 0.990626 0.00151638 -0.00847211 -0.23232 -0.972601 0.0828755 0.0375734 -0.0522424 -0.000183945 0.000822769 -0.0209579 0.0914392 -0.00398339 -0.0500265 -0.000190785 0.000814294 -0.0213959
264.474 0.625847 16.2825 0.671141 0.978518 0.000175577 -0.000554076 -0.225976 -0.974133 0.0480807 0.0207267 0.00206593 -0.000163146 0.0169086 -0.0179536 0.052293 -0.00255839 0.0021263 -0.000163146 0.0169086 -0.0179536
265.216 0.618204 16.3227 0.687253 0.99255 0.000480998 -0.00199424 -0.219866 -0.975528 0.0315736 0.013335 -0.0104915 0.000238805 0.000154059 -0.0170457 0.0345898 -0.00153908 -0.00973981 0.000322308 0.000427525 -0.0170123
265.862 0.603933 16.3485 0.698112 0.993659 -0.000493682 0.000103291 -0.202748 -0.979231 0.0190546 0.00477951 -0.00281648 -0.00159836 0.00141169 -0.134529 0.0193848 -0.00318215 -0.00282134 -0.00159836 0.00141169 -0.134529
266.624 0.596583 16.3647 0.704774 0.973594 -8.39997e-05 0.000579888 -0.140693 -0.990053 0.00972779 0.00126014 0.000855703 -0.000369585 -0.0010115 -0.183006 0.00969473 -0.00149977 0.000844348 -0.000369585 -0.0010115 -0.183006
267.348 0.594295 16.3706 0.706499 0.944667 -0.000395062 0.00092999 -0.0805336 -0.996751 0.00414961 -0.000200008 0.00951238 0.000136937 -0.00113241 -0.173731 0.00426487 -0.000862949 0.00876492 0.000318824 -0.00110628 -0.173042
268.17 0.592277 16.371 0.706947 0.955829 -0.000417001 0.00132627 -0.0160926 -0.99987 0.000365102 -0.000618945 0.00984924 -3.15556e-05 -0.000983503 -0.146873 0.000473151 -0.000662407 0.0102191 -0.00012722 -0.000963587 -0.148175
269.1 0.592504 16.3601 0.708247 0.977015 -0.000792564 0.0014157 0.0414668 -0.999139 -0.00425727 0.000373014 0.00342248 0.00052959 0.000307878 -0.111685 -0.0041473 3.13418e-05 0.00408088 0.000524105 0.000116132 -0.113504
270.176 0.594367 16.3436 0.706673 1.00082 -0.000992334 0.00136882 0.0876363 -0.996151 -0.00654453 0.000359346 -0.00476279 -0.000759891 0.000376011 -0.0721995 -0.00651888 -0.000799376 -0.0047444 -0.000759891 0.000376011 -0.0721995
270.874 0.600618 16.3459 0.697776 1.01631 -0.00177188 -0.00832481 0.108479 -0.994062 0.0528213 -0.0109133 0.0218798 0.00105502 -0.0138836 -0.0485774 0.0535536 0.000774714 0.0227887 0.00105502 -0.0138836 -0.0485774
271.606 0.583777 16.3803 0.680563 1.0435 0.000192423 -0.00791625 0.122373 -0.992453 0.0742394 -0.0109801 0.0407865 0.00098005 0.000398199 -0.00987274 0.0740347 0.00728657 0.0419685 0.00098005 0.000398199 -0.00987274
272.36 0.572918 16.4373 0.664095 1.08455 -0.000675202 -0.00791936 0.117059 -0.993093 0.0807273 -0.00676557 0.0365617 0.000175557 0.00196154 0.0332477 0.0794969 0.0121712 0.0378358 0.000175557 0.00196154 0.0332477
273.06 0.56759 16.4948 0.647151 1.10628 -0.000198856 0.00176126 0.108185 -0.994129 0.0564942 -0.00425372 -0.00579509 -0.000785576 -0.00158275 0.02852 0.0560664 0.00799323 -0.00599526 -0.000785576 -0.00158275 0.02852
273.806 0.562186 16.5383 0.630716 1.10857 -0.000343152 -0.00111981 0.100136 -0.994973 0.0236275 -0.000256893 -0.00955484 -0.000127012 0.00105196 0.025968 0.0235782 0.00453576 -0.0101019 -0.000316946 0.000906719 0.0259531
274.52 0.562311 16.5633 0.622329 1.0874 9.74022e-05 0.000419291 0.092548 -0.995708 0.0156824 0.00172473 0.00206327 -0.00237822 -0.0141888 0.0332618 0.0150976 0.00458523 0.00205093 -0.00237822 -0.0141888 0.0332618
275.262 0.562974 16.5978 0.612437 1.04937 2.17438e-05 -0.00854035 0.0761376 -0.997061 0.0651379 -0.000391752 -0.0379323 0.00026939 -0.00711007 0.056586 0.0650786 0.00955348 -0.0368167 0.00026939 -0.00711007 0.056586
276.032 0.580692 16.6583 0.6041 1.04107 -1.28209e-05 -0.00827676 0.0587337 -0.998239 0.0808989 -0.00150433 -0.0334193 -0.00014289 0.000760646 0.0469416 0.080632 0.00816515 -0.032089 -0.000161908 0.0006454 0.0476564
277.108 0.632226 16.7671 0.595077 1.02609 -0.000771753 -0.00917756 0.0399787 -0.999158 0.0911775 -0.0012286 -0.00114913 0.0158733 0.0046132 0.0314134 0.09099 0.00605986 0.000520404 0.0158733 0.0046132 0.0314134
278.198 0.708273 16.9073 0.582053 1.03142 -0.00114901 -0.0104329 0.0411645 -0.999097 0.107798 -0.0102627 -0.00431442 -7.55801e-05 0.000113911 -0.0162628 0.108101 -0.00137695 -0.00204368 -9.65489e-05 2.30826e-05 -0.0162036
278.85 0.763214 17.0041 0.568568 1.03442 -0.00111509 -0.0117913 0.0461143 -0.998866 0.121495 -0.0129677 -0.00580091 -0.000146651 -0.00240011 -0.0140483 0.122276 -0.00172334 -0.00290687 -0.000146651 -0.00240011 -0.0140483
279.862 0.803168 17.1384 0.550954 1.02725 -0.000494468 -0.00100921 0.0524468 -0.998623 0.0529367 -0.00475098 0.00305409 0.0048844 -0.0209502 -0.0227171 0.0550818 0.000940342 0.00392128 0.00330556 -0.0183042 -0.0164249
280.926 0.804155 17.1966 0.539724 1.02481 -0.000348465 0.000175722 0.109394 -0.993998 0.0162186 -0.00249859 0.00508139 -0.00087043 -0.00229406 -0.162662 0.0167922 0.00104696 0.00533798 -0.000950846 -0.00221123 -0.162216
281.654 0.81439 17.2211 0.533393 1.03335 -0.000224487 0.00107725 0.160865 -0.986976 0.00849487 -1.59413e-05 0.00140732 0.00129945 -0.00211731 -0.127521 0.00806314 0.00268345 0.00138864 0.00129945 -0.00211731 -0.127521
282.84 0.823647 17.2289 0.5276 1.0438 -0.000361867 0.00190496 0.23448 -0.972119 -0.00138728 0.000110657 -0.00121305 -0.000953275 -0.00195543 -0.12468 -0.00128946 -0.000535886 -0.00120765 -0.000953275 -0.00195543 -0.12468
283.598 0.834587 17.2209 0.524064 1.05872 -0.000301295 0.00222199 0.27233 -0.962201 -0.00570021 0.00265499 -0.00554501 0.000338924 -0.000529666 -0.0897827 -0.00610207 -0.000792854 -0.00539108 0.000327795 -0.000521928 -0.0907646
284.314 0.842559 17.208 0.523563 1.06965 -0.000311936 0.0024546 0.298274 -0.954477 -0.00828278 0.00358445 -0.0101764 -0.000893669 -0.000298513 -0.0674969 -0.00889564 -0.00179044 -0.0101328 -0.000893669 -0.000298513 -0.0674969
285.046 0.845807 17.2092 0.505957 1.04931 -0.00355848 -0.0125186 0.316041 -0.948656 0.0697638 -0.0518341 -0.0408197 0.000815472 -0.0206822 -0.031331 0.0879436 0.000407694 -0.0385456 0.000815472 -0.0206822 -0.031331
285.82 0.871182 17.2613 0.456445 1.03343 -0.00367029 -0.0110853 0.320826 -0.947066 0.0973438 -0.068869 -0.0409034 -6.61651e-05 0.00117309 -0.000568056 0.11951 0.00447845 -0.0380837 -3.67169e-05 0.000995753 -0.000992875
286.572 0.916049 17.3348 0.396577 1.01766 -0.00396024 -0.0118907 0.321205 -0.946927 0.105451 -0.0758679 -0.0528242 0.000695744 0.00122996 0.00181584 0.13113 0.00395411 -0.0495527 0.000695744 0.00122996 0.00181584
287.864 1.05679 17.4915 0.267261 0.972812 -0.00489206 -0.0132207 0.324037 -0.945939 0.113502 -0.0920023 0.00563813 -0.000870481 0.000981711 -0.0134943 0.145857 -0.00307795 0.00975472 -0.000870481 0.000981711 -0.0134943
289.156 0.916491 17.7017 0.0992592 0.877038 -0.00566741 -0.0154793 0.332469 -0.94297 0.137023 -0.112528 -0.0608168 0.000205816 0.00124839 -0.0103902 0.178796 -0.00178472 -0.0551685 0.000191784 0.00115282 -0.0105865
289.902 0.795975 17.8345 -0.00309995 0.857358 -0.00268972 -0.0137518 0.330409 -0.943734 0.139569 -0.0972078 -0.0420075 0.00253301 0.00298241 0.0343963 0.171113 0.0109473 -0.0372751 0.00293034 0.00394139 0.0318057
290.606 0.69369 17.9612 -0.0883274 0.853252 -0.00416007 -0.0131382 0.317534 -0.948147 0.137439 -0.0932082 -0.00703495 -0.000340173 0.00247361 0.0369582 0.165553 0.00885707 -0.00243039 0.000584287 0.0055332 0.0389675
291.366 0.603899 18.0895 -0.168897 0.862341 -0.000875397 -0.00188793 0.309851 -0.950783 0.121985 -0.0838005 -0.00220496 0.00165767 -0.094063 0.0159484 0.147945 0.00416386 -0.00159565 0.00165767 -0.094063 0.0159484
292.116 0.559866 18.1737 -0.225431 0.866352 -0.00163103 -6.52723e-05 0.314931 -0.949113 0.058426 -0.0445737 0.000305899 0.00288046 -0.00183057 -0.136741 0.0734827 -0.000803067 0.000392949 0.00288046 -0.00183057 -0.136741
293.69 0.548524 18.2393 -0.285713 0.856824 -3.38496e-05 0.000766986 0.541522 -0.840686 0.0174634 -0.0181262 0.0011254 0.000381299 -0.00193303 -0.332774 0.0244313 0.0082587 0.00102563 0.000330213 -0.0019461 -0.339032
294.874 0.551415 18.2514 -0.300114 0.87297 -2.32944e-06 0.00198021 0.65656 -0.754271 0.00846507 -0.00850521 -0.00285054 -0.00034271 -0.00134672 -0.187491 0.00958237 0.00720429 -0.00289792 -0.00034271 -0.00134672 -0.187491
295.664 0.550515 18.2473 -0.293873 0.8914 -0.00101759 0.00106324 0.695244 -0.718772 0.00351775 -0.00226508 0.0312602 -0.0254912 0.100124 -0.0965629 0.0021845 0.00380834 0.0152778 -0.0198015 0.0682174 -0.0984235
296.462 0.562723 18.2441 -0.314269 0.918967 -0.00516389 -0.00573575 0.71239 -0.701741 0.0184156 -0.0696773 0.0356198 0.00256263 -0.00146556 -0.037793 0.0678658 0.0191452 0.0367076 0.00288358 -0.00253959 -0.039668
297.208 0.597228 18.2422 -0.360421 0.918318 -0.00522329 -0.00554519 0.719604 -0.694342 0.0158587 -0.0793265 -0.0562058 0.000482919 0.00119696 -0.0207691 0.0795555 0.0187226 -0.0549879 0.000482919 0.00119696 -0.0207691
298.044 0.656171 18.2379 -0.432269 0.899971 -0.00629278 -0.00638917 0.725559 -0.688101 0.00908148 -0.0855824 -0.044639 -0.000279679 0.00136606 -0.0189687 0.0857677 0.0136277 -0.0431003 -0.000279679 0.00136606 -0.0189687
298.804 0.69812 18.2362 -0.515724 0.879536 -0.00633331 -0.008286 0.725894 -0.687727 0.0132127 -0.0957442 -0.0396412 0.00106394 -0.000135568 0.023606 0.0956873 0.018488 -0.0376176 0.00106394 -0.000135568 0.023606
299.536 0.599203 18.237 -0.613803 0.867919 0.00113668 -4.76994e-05 0.719678 -0.694307 0.00980123 -0.0618778 -0.000628706 -0.00119437 0.021625 0.0301038 0.0614853 0.0120159 -0.00070544 -0.00119437 0.021625 0.0301038
300.306 0.531159 18.2402 -0.677688 0.872549 0.00148487 -0.00180477 0.707878 -0.706331 0.00891622 -0.0265242 0.00234587 -0.00959661 -0.00642872 0.175844 0.0265036 0.00896319 0.00239946 -0.00959661 -0.00642872 0.175844
301.124 0.48731 18.2539 -0.717579 0.87913 0.00113115 -0.00113755 0.588682 -0.808363 0.0148135 -0.00485201 -0.00283017 0.00388891 -0.00356132 0.567156 0.00916563 0.0126184 -0.00278556 0.00388891 -0.00356132 0.567156
301.956 0.465975 18.2673 -0.736282 0.872518 0.00121492 -0.000413045 0.400264 -0.916399 0.00581156 0.00772598 -0.00195747 0.00107185 -0.000924427 0.569472 -0.00171883 0.00951876 -0.00193276 0.00107185 -0.000924427 0.569472
303.128 0.45621 18.2852 -0.745933 0.863927 0.00126946 -4.39057e-05 0.134678 -0.990889 -0.00492504 0.0127635 0.00199109 0.00128122 -0.000629307 0.376581 -0.00802016 0.0108861 0.00167245 -0.000572926 -0.000805001 0.386225
303.958 0.455292 18.2949 -0.746785 0.865902 0.00137384 7.99351e-05 0.0484505 -0.998825 -0.00854396 0.00986025 0.00290774 -0.00289538 -0.000394071 0.106079 -0.00945734 0.00897902 0.00293509 -0.00289538 -0.000394071 0.106079
304.794 0.460883 18.3009 -0.739894 0.863349 0.00197392 0.000161372 0.0190657 -0.999816 -0.0100813 0.0141685 0.00200492 -0.000529029 -0.000780017 0.0560929 -0.0106133 0.0137658 0.00206341 -0.000529029 -0.000780017 0.0560929
305.62 0.470993 18.3193 -0.729602 0.866364 -7.95545e-05 -0.00689772 -0.00184085 -0.999975 0.0394087 0.000989982 0.00689459 -0.0028318 -0.006479 0.0433997 0.0393132 0.000846204 0.00743746 -0.0028318 -0.006479 0.0433997
306.532 0.478152 18.3812 -0.721389 0.864756 -0.000589196 -0.0072474 -0.0182149 -0.999808 0.0615639 -0.00366569 0.0141156 -0.00136026 -0.000778067 0.010998 0.0606431 -0.00570658 0.014987 -0.00126657 -0.00070198 0.012703
307.332 0.485898 18.4527 -0.713233 0.8627 -0.000349752 -0.00732467 -0.0176128 -0.999818 0.0720861 -0.00377823 0.00208176 -0.000124105 0.000556029 -0.0152566 0.07187 -0.00631233 0.00313991 -0.000124105 0.000556029 -0.0152566
308.156 0.496752 18.5298 -0.703082 0.871552 -0.000510821 0.00150313 -0.0143087 -0.999896 0.0572733 -0.000967886 -0.00434479 0.00081457 -0.0151123 -0.0121793 0.0572088 -0.00261067 -0.00451506 0.00081457 -0.0151123 -0.0121793
309.034 0.505858 18.5838 -0.694251 0.869532 -0.000600216 -0.00111912 -0.0116694 -0.999931 0.0246922 0.000160882 -0.000371287 0.000524664 -1.37526e-05 -0.0112054 0.02469 -0.000415832 -0.000315866 0.000524664 -1.37526e-05 -0.0112054
309.912 0.513693 18.612 -0.687991 0.867613 -0.000555367 0.000969982 -0.0272591 -0.999628 0.00976935 0.0019982 -0.00106246 0.00100445 -0.000198762 0.113948 0.010378 0.00147883 -0.00169103 0.00100715 0.000215596 0.107925
311.6 0.508099 18.6248 -0.694075 0.842732 -0.000585429 0.00194139 -0.12145 -0.992596 0.00245238 -0.00246663 0.0075134 -0.00107764 -0.00161682 0.0789839 0.00183146 -0.00291744 0.00740589 -0.00112552 -0.00163221 0.0811006
312.422 0.501929 18.6283 -0.697898 0.843943 0.00139334 -0.00718927 -0.148083 -0.988948 0.0514317 0.0152872 0.00632884 0.00148682 -0.019648 0.0498761 0.0535554 -0.000452218 0.00711296 0.00148682 -0.019648 0.0498761
313.342 0.508256 18.6505 -0.691315 0.842712 -0.0006292 0.00118108 -0.167879 -0.985807 0.0322068 0.00488385 -0.00433146 -0.000903823 0.0110274 0.0361411 0.0332445 -0.00593713 -0.00616915 -0.00103864 0.0124804 0.036264
314.208 0.507891 18.6519 -0.694201 0.815889 -0.000209983 0.000530805 -0.183985 -0.982929 0.0219148 0.000136691 0.0283393 -0.000666987 0.000413912 0.035374 0.020703 -0.00783928 0.0290251 -0.000753921 0.000564654 0.0353496
315.08 0.505382 18.65 -0.695496 0.842232 -0.000208282 0.000837766 -0.200124 -0.97977 0.0213584 0.00125462 0.00346645 -0.000350503 -0.000908599 0.035821 0.0204212 -0.00719284 0.0044449 -0.000296806 -0.000951784 0.0358106
315.986 0.501401 18.641 -0.699361 0.834325 -0.00015868 0.0010219 -0.21817 -0.97591 0.0200259 0.00129355 0.00913455 -0.000235176 -0.000235756 0.0355143 0.018587 -0.00730417 0.00881992 -0.000165186 -3.54504e-05 0.0355591
316.866 0.497426 18.6237 -0.703852 0.845196 -0.000130003 0.00105358 -0.234474 -0.972122 0.0160262 0.0011301 -0.00795233 0.00016605 0.00020972 0.0363241 0.0147624 -0.00629817 -0.00798501 0.00016605 0.00020972 0.0363241
317.64 0.495454 18.6093 -0.707233 0.824379 -0.000119695 0.001131 -0.249284 -0.96843 0.0140535 0.000785579 0.0150131 5.29646e-05 0.000156476 0.0373279 0.0127199 -0.00610244 0.0149825 5.29646e-05 0.000156476 0.0373279
318.44 0.49533 18.6 -0.707374 0.811545 0.00143757 -0.00167022 -0.265764 -0.964036 0.0277513 0.013207 0.0184912 -0.0137214 0.0756217 0.0481237 0.0305247 -0.00291376 0.0186075 -0.0137214 0.0756217 0.0481237
320.25 0.538959 18.6266 -0.652979 0.865506 0.00256349 -0.00586757 -0.303609 -0.952775 0.051051 0.0404362 0.00899232 0.000349142 0.00142287 0.0303041 0.0647428 0.00337218 0.00980825 0.00036596 0.00153244 0.0309407
321.168 0.591268 18.6663 -0.599758 0.89169 0.00285267 -0.00717017 -0.315471 -0.948904 0.0561812 0.0487558 0.00962528 0.00084424 0.000546035 0.0209276 0.0736945 0.00532655 0.0107241 0.000718601 0.000606733 0.0210738
322.854 0.529873 18.7289 -0.524035 0.897692 0.000352628 -0.00156939 -0.330836 -0.943687 0.00731461 0.0096897 -0.00404605 0.000439391 0.00062466 0.0162852 0.0117766 0.00299974 -0.00400956 0.000439391 0.00062466 0.0162852
323.722 0.504945 18.7483 -0.500578 0.913269 -0.00162202 -5.31496e-05 -0.323649 -0.946176 0.00181218 -0.000907015 -0.00452825 -0.00203794 0.0014202 -0.139094 0.000872725 -0.00184093 -0.00452339 -0.00203794 0.0014202 -0.139094
324.69 0.492518 18.7608 -0.49036 0.91189 -0.0011998 8.19377e-05 -0.207812 -0.978168 -0.00525485 -0.00989174 -0.0067394 0.000251599 -0.000916202 -0.315347 -0.0088269 -0.00691658 -0.0067176 0.000251599 -0.000916202 -0.315347
325.64 0.490726 18.7749 -0.489425 0.90994 -0.00124324 0.000611059 -0.0722438 -0.997386 -0.00780804 -0.00972017 -0.00510562 -0.000507423 -0.00163372 -0.275017 -0.00911771 -0.00844464 -0.00508943 -0.000525196 -0.00170265 -0.280047
327.374 0.506691 18.7808 -0.504778 0.880091 -0.00142941 0.00102397 0.0968946 -0.995293 -0.010473 -0.0086477 0.00294172 -0.000157287 -0.00157076 -0.144682 -0.00882293 -0.0104682 0.00245925 -0.000165483 -0.00153444 -0.146066
329.02 0.532673 18.7725 -0.531204 0.881575 -0.00231852 -0.00872605 0.175299 -0.984474 0.0137463 -0.0153718 0.0110993 -0.00148448 0.0104548 -0.0587036 0.0134641 -0.00998853 0.0113709 -0.00207783 0.0297968 -0.0601079
329.92 0.562452 18.8042 -0.559692 0.870842 -0.00205269 -0.00587579 0.194815 -0.98082 0.0617127 -0.0310821 0.0132919 0.000397083 -0.00027349 -0.0399555 0.0687377 -0.00511405 0.0141491 0.000397083 -0.00027349 -0.0399555
330.786 0.582082 18.8321 -0.579761 0.881983 -0.000136686 0.000709161 0.209986 -0.977704 0.0223566 -0.00894357 -0.00989293 0.000822811 0.0023409 -0.0347454 0.0248018 0.000962152 -0.00981584 0.000872521 0.00359667 -0.0347135
331.762 0.591138 18.8348 -0.587635 0.881168 -0.0003002 0.000339538 0.225976 -0.974133 0.0139403 -0.00604496 -0.00976438 0.000546163 -9.85215e-06 -0.0344661 0.0151728 0.000702585 -0.00977288 0.000546163 -9.85215e-06 -0.0344661
332.688 0.596135 18.8317 -0.592749 0.877991 -0.00023056 0.000470802 0.241166 -0.970484 0.0126631 -0.0066622 -0.00797377 4.27024e-05 -0.000813192 -0.034761 0.0143227 2.42726e-05 -0.00849414 9.29737e-05 -0.000950506 -0.0347968
333.632 0.598283 18.8294 -0.593461 0.872474 -0.000274723 0.000692273 0.257175 -0.966364 0.0125396 -0.00559335 0.000534033 -9.60036e-06 -0.000451075 -0.0349881 0.0136617 0.00137981 0.000516461 -9.60036e-06 -0.000451075 -0.0349881
334.616 0.596459 18.8192 -0.592228 0.88583 -0.000309187 0.000630126 0.273261 -0.96194 0.00977096 -0.00427406 -0.0141331 7.09684e-05 -0.000180858 -0.0344566 0.0105439 0.00148777 -0.0141455 7.09684e-05 -0.000180858 -0.0344566
335.566 0.596317 18.8077 -0.592298 0.888618 -0.000285128 0.000626759 0.288961 -0.957341 0.00753459 -0.00363424 -0.0180545 -0.000204653 0.000351413 -0.0357607 0.00826835 0.00112492 -0.0180641 -0.000204653 0.000351413 -0.0357607
336.604 0.596776 18.7902 -0.592353 0.888753 -0.000263031 0.00043687 0.306807 -0.951772 0.00378029 -0.00244161 -0.0162777 -0.000183187 0.000412067 -0.0351337 0.00445068 0.000158115 -0.0154889 -0.000293755 0.000573934 -0.0351313
338.404 0.594478 18.7703 -0.591055 0.888669 -0.000331332 0.000280853 0.336351 -0.941737 0.000657464 -0.000292994 -0.0169397 -0.00029846 0.00066498 -0.0351268 0.000689133 0.000176037 -0.0169401 -0.00029846 0.00066498 -0.0351268
340.142 0.598707 18.755 -0.59325 0.865099 -0.000379796 0.000120897 0.364598 -0.931165 -0.00107701 0.00102334 0.0067685 -0.00021961 0.000484836 -0.0354224 -0.00137942 4.45187e-05 0.00673605 -0.000258958 0.000391342 -0.0354473
341.054 0.599012 18.7483 -0.593914 0.872745 -0.000425504 -3.3041e-05 0.379126 -0.925345 -0.00197591 0.00213596 -0.000302676 0.000315218 0.00039909 -0.0352517 -0.00284997 8.9754e-05 0.000224542 0.000332318 0.000376793 -0.0352737
341.922 0.602962 18.744 -0.59841 0.856529 -0.000396063 -0.000104595 0.392973 -0.91955 -0.00275358 0.00137206 0.0157319 -0.000452514 -0.000291403 -0.0346675 -0.00290216 -0.000895312 0.0158285 -0.000502682 -0.000317735 -0.0347709
342.9 0.594252 18.7382 -0.606585 0.868729 -0.000287167 -0.000248941 0.408228 -0.91288 -0.00388451 0.0011489 0.00175674 0.000183105 0.00034124 -0.0350843 -0.00340171 -0.00216754 0.00148332 0.000133434 0.000342863 -0.035134
344.568 0.586696 18.7392 -0.61495 0.856246 -0.000373579 -0.000317887 0.434548 -0.900649 -0.00322374 0.00114704 0.0164257 -0.000431121 -0.000455052 -0.0352353 -0.00291884 -0.00180303 0.0164238 -0.000431121 -0.000455052 -0.0352353
345.376 0.582199 18.7405 -0.619353 0.87 -0.000381141 -0.000388697 0.447048 -0.89451 -0.00288212 0.00160487 0.00141897 4.12294e-05 5.51266e-05 -0.0351034 -0.00301513 -0.00134119 0.00141629 4.12294e-05 5.51266e-05 -0.0351034
346.228 0.575088 18.7424 -0.626221 0.874873 -0.000332965 -0.000378089 0.460149 -0.887842 -0.0026177 0.000999968 -0.0033449 -5.0601e-05 -0.000125436 -0.0353703 -0.00232295 -0.00156318 -0.00334679 -5.0601e-05 -0.000125436 -0.0353703
347.216 0.567392 18.7471 -0.634273 0.863859 -0.000349456 -0.000350378 0.475631 -0.879645 -0.00184083 0.000656794 0.00586148 -0.000102973 -0.000196718 -0.0352291 -0.00156309 -0.00117907 0.00586033 -0.000102973 -0.000196718 -0.0352291
348.144 0.560265 18.7519 -0.641944 0.8528 -0.000372144 -0.000333921 0.4903 -0.871553 -0.00109582 0.000271539 0.014994 -2.16617e-05 -0.000585997 -0.0354955 -0.000915144 -0.000773976 0.0132262 -4.96024e-05 -0.00051851 -0.0355362
349.016 0.554522 18.761 -0.645591 0.849206 0.000428666 -0.00105514 0.442676 -0.896681 0.0123983 0.0114282 0.00167285 0.0116852 0.00236939 0.374592 -0.00153607 0.0167891 0.00169912 0.0116852 0.00236939 0.374592
349.79 0.55273 18.7707 -0.647873 0.859352 3.77053e-05 -0.000207985 0.299273 -0.954167 0.00520558 0.00429586 -0.00404614 -0.000377847 -0.000104096 0.459821 0.00182121 0.00650012 -0.00404418 -0.000377847 -0.000104096 0.459821
350.702 0.552619 18.7792 -0.648486 0.861296 7.41588e-05 -0.000172135 0.108831 -0.99406 -0.000216363 0.00271607 -0.00944388 -2.7102e-05 -0.000291667 0.4445 -0.000795834 0.00260666 -0.00944366 -2.7102e-05 -0.000291667 0.4445
351.68 0.551923 18.7845 -0.649397 0.862244 -3.20201e-05 -0.000176438 -0.0910401 -0.995847 -0.00368048 0.00173362 -0.0104818 -1.07571e-05 -0.000183189 0.440115 -0.00321839 0.00235015 -0.0106833 -6.493e-05 -0.000199867 0.440124
353.35 0.567341 18.8612 -0.629207 0.83368 0.000743087 -0.00757585 -0.210646 -0.977533 0.0660902 0.0237312 0.00997393 -0.000191471 0.000615754 -0.0320203 0.0698395 -0.00557596 0.0110412 -0.000191471 0.000615754 -0.0320203
355.064 0.599245 19.03 -0.567276 0.865726 0.00018616 -0.0081724 -0.194145 -0.980939 0.082896 0.0306877 0.000798256 -0.000785736 0.00115464 -0.0336023 0.0880352 -0.00315752 0.00211273 -0.000739952 0.00134892 -0.0331582
356.03 0.60169 19.1394 -0.530956 0.868575 0.000520696 -0.0090757 -0.181575 -0.983335 0.0930946 0.0342736 0.00161187 0.000398405 0.000441708 -0.027554 0.0991503 -0.00122739 0.00340369 0.000398405 0.000441708 -0.027554
356.886 0.614963 19.2208 -0.501208 0.88325 -0.000664019 -0.00113729 -0.173594 -0.984817 0.0393156 0.0174273 -0.0141015 -0.000142784 0.00332489 -0.0224512 0.042933 0.00291032 -0.0140202 -0.000142784 0.00332489 -0.0224512
357.746 0.634203 19.2626 -0.490494 0.859009 -0.00161769 0.000341754 -0.142366 -0.989813 0.0178212 0.00500442 0.00360023 -0.0026247 8.97424e-05 -0.204159 0.0185133 -0.000209895 0.00357985 -0.0026247 8.97424e-05 -0.204159
358.75 0.650491 19.2887 -0.495793 0.880475 -0.000577668 -0.000365061 -0.0542714 -0.998526 0.00657154 0.00248031 0.0101128 -0.00331918 0.109927 -0.147568 0.00679492 0.00176553 0.0101152 -0.00331918 0.109927 -0.147568
359.654 0.681096 19.3418 -0.494748 0.88954 0.000435007 -0.00940961 -0.0312814 -0.999466 0.0992443 0.0171928 0.00802425 0.00252811 -0.00293591 0.00457386 0.0986895 0.0109246 0.00987665 0.00197733 -0.00395664 0.00214816
360.598 0.740213 19.4447 -0.485105 0.906664 0.000579506 -0.00917486 -0.0364867 -0.999292 0.121533 0.0166535 0.00583753 -0.0148794 -0.00863639 0.00980506 0.121968 0.00772342 0.00856836 -0.0113035 -0.005765 0.00908097
361.568 0.822565 19.5608 -0.473558 0.877101 0.00112192 -0.00994863 -0.0489765 -0.99875 0.13004 0.0237707 0.00803414 -0.00030472 0.00117802 0.0344709 0.131203 0.0110899 0.010515 -0.000169798 0.00118615 0.0344846
362.55 0.916428 19.6926 -0.451423 0.891851 0.00116933 -0.0115236 -0.0632179 -0.997932 0.147064 0.0280316 0.00837526 2.59985e-05 0.000422874 0.0254556 0.149192 0.00924047 0.0118399 2.59985e-05 0.000422874 0.0254556
364.276 1.04583 19.9822 -0.392092 0.945575 0.00108281 -0.0135073 -0.0792577 -0.996762 0.175149 0.0351695 0.00870865 -0.000166578 0.000995121 0.0120108 0.178204 0.00704843 0.0135429 -0.000166578 0.000995121 0.0120108
365.3 1.07836 20.1828 -0.351081 0.976948 0.00116028 -0.0154722 -0.0845719 -0.996297 0.201269 0.0410088 0.00706209 0.00036206 -0.00351104 0.00799505 0.2047 0.00659516 0.0154222 0.000218356 -0.0047756 0.00812138
366.306 1.11112 20.3895 -0.305668 1.00962 0.00086592 -0.0148328 -0.0879561 -0.996014 0.203028 0.0427722 0.00296823 0.00101183 -0.00231807 0.00506544 0.207203 0.006535 0.00912031 0.00101183 -0.00231807 0.00506544
367.424 1.14029 20.6217 -0.26555 1.0298 0.000933796 -0.013881 -0.0902616 -0.995821 0.198268 0.0393298 0.000543661 0.000283143 -0.00237912 0.00330739 0.202015 0.00304177 0.00616304 0.000283143 -0.00237912 0.00330739
368.546 1.12276 20.8523 -0.223999 1.01381 0.000801991 -0.0126752 -0.0918435 -0.995692 0.189899 0.0370056 -0.00314824 0.000350417 -0.00321516 0.00195205 0.193757 0.00157961 0.00186695 0.000298972 -0.0030309 0.00196221
369.536 1.11073 21.0361 -0.188462 1.00004 0.000702436 -0.0111413 -0.0927275 -0.995629 0.17761 0.0338367 -0.00238738 -0.000669943 -0.00305251 0.000488597 0.180812 0.000455763 0.00164762 -0.000669943 -0.00305251 0.000488597
371.394 1.13434 21.3401 -0.132723 1.01264 0.000508997 -0.00848524 -0.0946061 -0.995479 0.153623 0.028268 0.000742509 -1.44084e-05 -0.00268326 -0.000152177 0.156162 -0.00117481 0.0033969 -1.44084e-05 -0.00268326 -0.000152177
372.566 1.13186 21.484 -0.102704 1.01976 0.000434145 -0.00736496 -0.0953297 -0.995418 0.137778 0.0256278 -0.000938614 0.00019184 -0.00208831 0.00168409 0.140136 -0.000987698 0.00112838 0.00019184 -0.00208831 0.00168409
373.744 1.09215 21.609 -0.0817247 0.980455 0.0004709 -0.00633707 -0.0963604 -0.995326 0.120815 0.0207262 -0.00117223 -0.000220144 -0.00174177 0.00104407 0.122552 -0.00283443 0.000385704 -0.000220144 -0.00174177 0.00104407
374.846 1.09361 21.7083 -0.0615899 0.991509 0.000432416 -0.00528518 -0.0976658 -0.995205 0.105007 0.0180111 0.00370078 -6.70375e-05 -0.00174746 0.00255018 0.10646 -0.00274515 0.00483043 -6.70375e-05 -0.00174746 0.00255018
375.93 1.09275 21.8235 -0.0345705 0.982735 0.000980295 -0.0119644 -0.0983862 -0.995076 0.166331 0.0313937 0.013457 0.000111028 -0.0166605 -0.000185104 0.168887 -0.00178078 0.0175167 0.000111028 -0.0166605 -0.000185104
377.918 1.09144 22.0549 0.0185208 0.98723 -0.000471717 -7.17245e-05 -0.0978434 -0.995202 0.0578964 0.00880876 0.0158486 0.00106882 -0.00693779 -5.41067e-05 0.060572 -0.0025201 0.0162541 0.000983472 -0.00699142 -2.61997e-05
