68.878 0.399126 0.176449 -0.0140074 0.198109 0.000264408 -0.000265039 0.0148354 -0.99989 0.00203744 -0.00192667 0.00489771 -0.000735329 0.00011886 0.00263541 0.00209115 -0.001868 0.0048978 -0.000735329 0.00011886 0.00263541
69.246 0.405113 0.177227 -0.0148071 0.204501 0.000277071 -0.000276835 0.0145972 -0.999893 0.00173903 -0.0024855 0.00402975 -0.000401307 4.4205e-05 0.00227712 0.00181827 -0.00226056 0.00389982 -7.00637e-05 0.000103766 0.0023389
69.82 0.411041 0.187795 -0.014921 0.208802 0.000447067 -0.00867642 0.0128084 -0.99988 0.0455804 -0.00170912 0.0101448 0.00151245 -0.0207308 0.00301179 0.0454265 -0.000552755 0.0109335 0.00151245 -0.0207308 0.00301179
70.246 0.423392 0.217806 -0.0108409 0.222514 -6.9212e-05 -0.00667714 0.0116318 -0.99991 0.0707751 0.000762242 0.00842562 0.00320556 -0.00189576 0.00261175 0.0695929 0.0025262 0.00990827 0.00344548 -0.00244795 0.00273813
70.824 0.438938 0.257859 -0.0092923 0.239012 -0.000110437 -0.0067435 0.0117889 -0.999908 0.080562 -0.00175135 0.00711607 -0.000314442 0.0015106 -0.00145081 0.0804776 0.000149 0.00820232 -0.000314442 0.0015106 -0.00145081
71.18 0.43074 0.285121 -0.00777936 0.248715 -0.000139706 -0.00728821 0.0117874 -0.999904 0.0835294 -0.00169667 0.0090791 0.000346365 0.00315828 -0.0049046 0.0832342 0.000228161 0.0099167 0.000390235 0.00329211 -0.00477312
71.592 0.414171 0.315202 -0.0062893 0.245402 0.000237752 -0.00718414 0.0128984 -0.999891 0.0868236 -0.000421847 0.0102658 -2.29183e-05 -0.000161621 -0.000241626 0.0866492 0.00181073 0.0115125 -2.29183e-05 -0.000161621 -0.000241626
72.01 0.39814 0.351881 -0.00429291 0.247976 5.44794e-05 -0.00694052 0.0114937 -0.99991 0.0884572 0.00112397 0.0116654 0.000528825 0.00117454 0.00522578 0.0883631 0.00313252 0.0128008 0.00070289 0.000523737 0.0050351
72.386 0.390038 0.382935 -0.00313049 0.254208 -2.5868e-05 0.0024063 0.0101622 -0.999945 0.0657464 0.00133009 0.00680783 6.34942e-05 -0.0138889 0.00228241 0.0657378 0.00266668 0.00649132 6.34942e-05 -0.0138889 0.00228241
72.742 0.38958 0.405555 -0.00238413 0.262405 -3.20656e-05 0.000158628 0.00991762 -0.999951 0.0403619 0.00141258 0.0100344 -0.000193484 0.0083045 -0.000601882 0.0403292 0.00221353 0.0100215 -0.000193484 0.0083045 -0.000601882
73.144 0.389319 0.422955 -0.00320237 0.268236 5.97353e-05 -0.000435773 0.00997266 -0.99995 0.0290059 0.000434628 0.0107616 -0.000536372 0.00229861 -0.00149888 0.0296471 0.00103558 0.0105708 -0.000659219 0.00223765 -0.00150299
73.552 0.392047 0.437829 -0.00298667 0.276861 7.64824e-05 -0.000627157 0.0106729 -0.999943 0.0261959 0.000859642 0.0114968 0.000169438 -0.00129203 0.000229905 0.0261692 0.00135574 0.0114437 0.000172628 -0.000890701 -7.90389e-05
73.966 0.401335 0.447425 -0.00226833 0.288602 -4.83069e-06 -0.000491489 0.0112618 -0.999937 0.0226863 0.0011001 0.0104271 0.000121543 0.00162005 0.00436184 0.0229883 0.00162704 0.0104299 0.000197912 0.00130017 0.00411633
74.334 0.409253 0.451197 -0.0018089 0.296513 -0.000103189 -0.0100227 0.0107581 -0.999892 0.0382647 0.000537696 0.00993927 -6.26737e-06 0.0229782 0.0044552 0.0380373 0.00136078 0.0107039 -6.26737e-06 0.0229782 0.0044552
74.758 0.411948 0.468682 -0.00305111 0.302367 -3.19605e-05 -0.00822608 0.0100576 -0.999916 0.0707423 -0.00119124 0.00891577 -0.000503679 -0.00735645 0.00253698 0.0705957 0.000231012 0.0100786 -0.000503679 -0.00735645 0.00253698
75.342 0.41632 0.510566 -0.00316167 0.312241 -4.17356e-05 -0.00764457 0.0096904 -0.999924 0.0859572 -0.00113163 0.00922061 0.000530117 -0.00132939 0.00239885 0.0858119 0.000533835 0.0105338 0.000530117 -0.00132939 0.00239885
75.932 0.417718 0.563374 -0.00131459 0.31706 -8.58956e-05 -0.00772197 0.0105914 -0.999914 0.0927412 -0.000246594 0.0104649 0.000622737 -0.000108925 0.00264371 0.0922245 0.00161953 0.0118225 0.000622217 -0.000102372 0.00247413
76.416 0.431616 0.611253 -0.00096972 0.327973 5.76622e-05 -0.00768597 0.00958634 -0.999925 0.0955541 0.000215096 0.0111169 -0.000236448 0.00100165 0.00874216 0.0952602 0.00210855 0.0125343 -0.000128174 0.000806876 0.00858216
76.81 0.43694 0.658355 -0.00129394 0.33646 5.34465e-05 -0.00807485 0.00781217 -0.999937 0.101086 0.000206722 0.0118145 5.90072e-05 -0.00118191 0.00790443 0.10037 0.00179338 0.0135151 4.78918e-05 -0.000823953 0.00807069
77.226 0.45109 0.700864 -0.00111864 0.347846 3.59569e-05 -0.00817093 0.00646807 -0.999946 0.104356 0.000372837 0.0127907 0.000121342 0.000300113 0.00700174 0.104119 0.00172036 0.0144943 0.000121342 0.000300113 0.00700174
77.85 0.46785 0.768294 0.0031255 0.366357 0.000535793 -0.0082924 0.00429283 -0.999956 0.107224 0.00311623 0.012182 -0.00641452 -0.00415149 0.00755659 0.106976 0.00402179 0.0139621 -0.00641452 -0.00415149 0.00755659
78.312 0.475102 0.827398 0.00370216 0.371331 0.000627054 -0.0086417 9.74014e-05 -0.999963 0.111678 0.005869 0.012555 0.000484343 -0.00124579 0.0255438 0.111443 0.00587378 0.0144905 0.000484343 -0.00124579 0.0255438
78.72 0.473328 0.876963 0.0043914 0.370381 0.000571724 -0.00875282 -0.00542097 -0.999947 0.115062 0.00615251 0.013432 -0.000395986 0.000951445 0.0294002 0.1145 0.00485038 0.0153112 -0.0004048 0.000936303 0.0293941
79.334 0.519141 0.939928 0.00613305 0.42317 -0.000631504 0.000481736 -0.00466013 -0.999989 0.0712412 0.000779253 0.0839807 -0.00320998 0.0204553 -0.0559053 0.0736704 0.00035994 0.0875049 -0.00301208 0.0215977 -0.0519747
79.762 0.546647 0.968144 0.00691083 0.44999 -0.000179375 -0.00104641 0.0122861 -0.999924 0.0546504 -0.000460016 0.0572115 -0.0010964 0.00233064 -0.0970497 0.0545251 0.00090197 0.0573256 -0.0010964 0.00233064 -0.0970497
80.212 0.591404 0.989381 0.00787938 0.491134 0.000637258 -0.00386534 0.0308881 -0.999515 0.0524788 0.00163812 0.0165675 0.00161931 -0.0258027 -0.056461 0.0516042 0.00434883 0.031548 0.000534564 -0.0108693 -0.0669995
80.692 0.589378 1.00463 0.0095097 0.484795 0.000196359 -0.00130591 0.0300696 -0.999547 0.0414075 0.00384843 0.0100506 0.00210798 0.00294601 0.0484129 0.0417529 0.00673968 0.00865148 0.00258501 0.00360584 0.0438453
81.436 0.624148 1.02675 0.008976 0.532032 -0.000797273 -0.0133786 0.0101648 -0.999859 0.0832376 -0.00222995 0.0743454 0.000552569 -0.02404 0.0238827 0.0772177 -0.000114582 0.0765965 0.000881246 -0.0224151 0.0262248
81.904 0.665897 1.06342 0.00860119 0.569871 -0.000537099 -0.0114519 0.00973925 -0.999887 0.111826 -0.00493394 0.0755021 -0.00111259 -0.00357895 -0.00935909 0.110141 -0.00268943 0.0780484 -0.00111259 -0.00357895 -0.00935909
82.396 0.705752 1.1179 0.00345634 0.608932 -0.000484245 -0.0117482 0.0128281 -0.999849 0.128194 -0.00827489 0.0783651 -0.00131814 -0.00249146 -0.0150876 0.126487 -0.00492997 0.081364 -0.00131814 -0.00249146 -0.0150876
82.886 0.749803 1.18307 -0.00569339 0.652081 -0.000209644 -0.0124075 0.0165404 -0.999786 0.140231 -0.0116168 0.0833346 -0.00122306 -0.000868261 -0.0147427 0.138427 -0.006971 0.0867967 -0.00122306 -0.000868261 -0.0147427
83.43 0.768223 1.27049 -0.00880962 0.671658 0.00170345 -0.0135215 0.0189528 -0.999728 0.156285 -0.00375402 0.0352089 0.00251675 -0.00463541 0.00922201 0.154519 0.00116924 0.039385 0.0018731 -0.00490148 0.00756188
84.022 0.79341 1.36279 -0.00384543 0.695634 0.000972053 -0.0138971 0.0129073 -0.99982 0.165959 0.00369241 0.0364455 0.00124596 0.000308742 0.0303975 0.164263 0.00794957 0.0411714 0.00171718 0.000261752 0.0300956
84.986 0.816697 1.548 -0.000115979 0.717273 -0.000464889 -0.0151088 0.0059081 -0.999868 0.187928 -0.00479663 0.00234553 -0.00130159 -0.000978739 -0.00316771 0.187263 -0.00247514 0.00804111 -0.00120526 -0.00136599 -0.00258393
85.562 0.829528 1.66445 0.00219048 0.731013 -0.000158551 -0.0159068 0.00775881 -0.999843 0.197432 -0.00494451 0.0112193 0.000231267 -0.00115013 -0.00752018 0.196522 -0.00194342 0.0174589 0.000329065 -0.00118338 -0.00755226
86.09 0.842817 1.78757 0.00365399 0.741619 -0.000206288 -0.0162235 0.00978422 -0.999821 0.206633 -0.00452937 0.0104501 4.02873e-05 -0.00102211 -0.00501147 0.205769 -0.000542728 0.016819 0.00037673 -0.0012384 -0.00527375
86.668 0.854221 1.91585 0.00389636 0.757505 -0.000267766 -0.0162154 0.0108962 -0.999809 0.21604 -0.00462914 0.0846634 0.00217419 -0.0225482 -0.0030142 0.213458 8.35105e-05 0.0634857 0.00167287 -0.0158899 -0.00298186
87.212 0.916283 2.03743 0.0027293 0.817199 -0.000407254 -0.0160108 0.0122378 -0.999797 0.212179 -0.00579005 0.0985447 6.61285e-05 0.00187018 -0.00553064 0.208795 -0.000630246 0.105297 5.14108e-05 0.00268083 -0.00537545
88.392 0.915432 2.30868 0.000981694 0.953676 -0.000925065 -0.0168096 0.0179184 -0.999698 0.225711 -0.00942884 0.117888 -1.5205e-05 0.000140898 -0.0135329 0.221338 -0.00122207 0.125513 -0.000118207 0.000473258 -0.0134773
89.532 0.754419 2.58077 -0.00974587 1.04286 -0.000936715 -0.0179094 0.0246278 -0.999536 0.241089 -0.0117773 0.0763009 -0.000314874 0.000352243 -0.0133904 0.238201 0.000137287 0.0845926 -4.82207e-05 0.000235261 -0.0137834
90.702 0.600927 2.85633 -0.0223159 1.12738 -0.000518075 -0.0156917 0.0250343 -0.999563 0.226422 -0.00595842 0.0647215 0.00611628 0.000433135 0.00705645 0.224292 0.0054006 0.0717974 0.00611628 0.000433135 0.00705645
91.292 0.554498 2.98614 -0.0257866 1.16514 -0.00075991 -0.0127184 0.024277 -0.999624 0.210892 -0.00724788 0.0511279 -5.19313e-05 0.00697864 -0.00229637 0.21066 0.0030985 0.056349 -0.000120275 0.00695483 -0.00182788
91.876 0.536403 3.10249 -0.0333762 1.18927 -0.000614251 -0.0124521 0.0253918 -0.9996 0.198903 -0.00871565 0.047905 -0.000930914 0.00241946 -0.00493819 0.198328 0.00157784 0.0526147 -0.000838659 0.0023677 -0.00497251
92.866 0.546983 3.27752 -0.0467834 1.21838 -0.00152961 -0.0120591 0.0313166 -0.999436 0.188038 -0.0153351 0.0105905 -0.00104556 0.000258914 -0.0297895 0.188317 -0.00350291 0.0151604 -0.00104556 0.000258914 -0.0297895
93.406 0.554658 3.37383 -0.0579773 1.22901 -0.00121468 -0.0124367 0.040217 -0.999113 0.186524 -0.0186005 -0.00224396 -0.00462138 0.00398459 -0.0334914 0.187413 -0.00354825 0.00243763 -0.00462138 0.00398459 -0.0334914
94.37 0.587216 3.54022 -0.0759881 1.22586 -0.000906294 -0.0127408 0.0505643 -0.998639 0.189817 -0.0175067 -0.00463154 0.000385024 -0.000105603 -0.0119549 0.19067 0.00175455 0.000237085 0.000385024 -0.000105603 -0.0119549
94.958 0.628923 3.63985 -0.0840574 1.26274 0.000506575 -0.0123363 0.0495367 -0.998696 0.18646 -0.00842136 0.0541341 0.00256989 0.00165564 0.0246558 0.185092 0.00968128 0.0591101 0.00278602 0.00165453 0.0223711
95.514 0.678939 3.73387 -0.092125 1.2984 0.000208638 -0.0132515 0.0415126 -0.99905 0.189386 -0.00651159 0.0573316 0.00035008 -0.00128174 0.0361385 0.187427 0.00923786 0.0622791 0.00030477 -0.00134449 0.0361092
96.098 0.748264 3.83643 -0.0962838 1.33059 6.00823e-05 -0.0141435 0.0320922 -0.999385 0.195998 -0.00520406 0.0612336 3.82894e-05 -0.00169914 0.0309263 0.194119 0.00731564 0.0667547 3.82894e-05 -0.00169914 0.0309263
96.672 0.820203 3.94542 -0.103753 1.336 -0.000747854 -0.00776495 0.0287412 -0.999556 0.201422 -0.0158711 0.00100806 -0.0199851 -0.169011 -0.000215198 0.201961 -0.00426845 0.00415676 -0.0199851 -0.169011 -0.000215198
97.576 0.915915 4.05892 -0.108617 1.33075 -0.000440122 -0.00375047 0.0050838 -0.99998 0.0972579 -0.00356328 0.0166218 0.00105635 0.00337879 0.0839264 0.0971616 -0.00255992 0.0173536 0.00105635 0.00337879 0.0839264
98.13 0.964322 4.12607 -0.110945 1.35935 0.000691081 -0.0211924 -0.0134105 -0.999685 0.179428 0.0051808 0.0518106 0.000981902 -0.0353146 0.0454249 0.172568 0.000326532 0.0598534 0.00158222 -0.0398344 0.048357
98.662 1.05412 4.23446 -0.110322 1.39412 0.000713835 -0.0195179 -0.0214814 -0.999578 0.219506 0.00925497 0.0522896 -0.00101835 -0.00400624 0.0235937 0.216004 -0.00024834 0.0610125 -0.00105466 -0.00412162 0.0239162
99.228 1.16689 4.36446 -0.110716 1.43287 0.000955458 -0.0204865 -0.0268388 -0.999429 0.244774 0.0105667 0.0716944 -0.000926494 -0.0054173 0.0178543 0.240862 -0.0024508 0.0820728 -0.000630342 -0.00742067 0.0181311
100.15 1.20003 4.61793 -0.0992872 1.50188 0.000558389 -0.0224557 -0.033365 -0.999191 0.278141 0.0156458 0.0936735 0.00493914 0.00297397 0.0129857 0.273478 -0.00267285 0.106436 0.00693751 0.00123494 0.0136543
100.692 1.20998 4.78598 -0.0873031 1.55223 0.000560183 -0.0234628 -0.0355488 -0.999092 0.293325 0.0157694 0.0938275 -0.000343052 -0.00133965 0.00359702 0.287949 -0.0053857 0.107814 -0.000371679 -0.00149034 0.00409233
101.246 1.22627 4.95194 -0.0724021 1.59485 0.000457334 -0.0235132 -0.035965 -0.999076 0.302942 0.0181281 0.0961554 0.000347394 0.000532336 0.000955153 0.298605 -0.00362106 0.110319 0.000347394 0.000532336 0.000955153
101.814 1.20826 5.15102 -0.058924 1.65848 -0.00232064 -0.0213279 -0.0342413 -0.999183 0.304557 0.0063209 0.106717 -0.00413954 0.00618487 -0.0214349 0.300039 -0.0131059 0.119629 -0.00399189 0.00542157 -0.0186622
102.874 0.92747 5.48346 -0.0513124 1.76145 0.00270081 -0.0233267 -0.0226173 -0.999468 0.311371 0.0180296 0.0662864 0.0052635 -0.00192664 0.00655051 0.308427 0.00360647 0.0808104 0.0052635 -0.00192664 0.00655051
104.016 0.682568 5.78618 -0.0328719 1.80026 -0.000279058 -0.00466488 -0.0159211 -0.999862 0.1564 0.00480227 -0.0146292 -0.00258987 0.00722241 -0.0778218 0.156603 -0.000189542 -0.0131701 -0.00258987 0.00722241 -0.0778218
104.568 0.614046 5.88369 -0.0300407 1.8046 0.00161559 -0.020308 0.00240182 -0.99979 0.186978 0.00719547 0.00210666 -5.31843e-05 -0.0283678 -0.0292104 0.182357 0.00736026 0.0100869 -0.00180905 -0.0160468 -0.0367775
105.254 0.527055 6.01625 -0.0243682 1.80992 0.0010071 -0.0147513 0.00026405 -0.999891 0.211758 0.00988724 0.00774368 0.000580298 0.00073652 0.0268201 0.211432 0.00997708 0.014007 0.000580298 0.00073652 0.0268201
106.368 0.49813 6.23353 -0.0196304 1.89108 -0.000505709 -0.0116937 0.00983775 -0.999883 0.182791 -0.00680311 0.0849201 0.000362662 0.00036608 -0.0413523 0.180852 -0.00313721 0.0891779 0.000362662 0.00036608 -0.0413523
107.14 0.547303 6.35968 -0.0216663 1.95874 0.000174297 -0.0105387 0.0232482 -0.999674 0.173517 -0.00701943 0.10454 9.46953e-05 -5.09056e-05 -0.029484 0.171991 0.000538304 0.108142 -0.000891717 -0.00143907 -0.0310481
108.064 0.664297 6.51602 -0.0213767 2.04808 0.000619637 -0.00388655 0.0302648 -0.999534 0.160633 -0.0048007 -0.00556133 -0.00426058 -0.070792 0.0112174 0.164155 0.00478269 -0.0033312 -0.00516449 -0.0880474 0.0053159
108.606 0.693397 6.58473 -0.0185171 2.05818 0.000356888 -0.00395444 0.0174998 -0.999839 0.111595 0.000952647 -0.0138372 0.00227368 0.00500956 0.07913 0.111599 0.00486869 -0.0129524 0.00227368 0.00500956 0.07913
109.204 0.711152 6.64583 -0.0158988 2.05447 -1.99373e-05 -0.00420151 -0.00594641 -0.999974 0.0943384 0.000584946 -0.010831 0.00183604 2.67412e-05 0.0790447 0.0944264 -0.000537973 -0.0100379 0.00183604 2.67412e-05 0.0790447
109.756 0.728817 6.69406 -0.0154036 2.05119 -0.000285818 -0.0039981 -0.0115662 -0.999925 0.0861927 -0.00226526 -0.00698523 -0.00231009 -0.000954072 -0.0333481 0.0861703 -0.00426279 -0.00629418 -0.00231009 -0.000954072 -0.0333481
110.656 0.748121 6.76735 -0.0123719 2.02786 0.00258355 -0.0163835 0.00823676 -0.999829 0.137134 0.010753 -0.0828079 0.00429892 -0.0322216 0.00913452 0.139573 0.0134487 -0.0782112 0.00429892 -0.0322216 0.00913452
111.22 0.7537 6.84734 -0.00178465 1.98294 0.00162931 -0.0135706 -0.00268134 -0.999903 0.171139 0.018759 -0.0849724 0.00131009 -0.0031806 0.0574246 0.17348 0.0181041 -0.0802352 0.00131009 -0.0031806 0.0574246
111.802 0.789323 6.94242 0.00800294 1.95503 -0.00103201 0.00108021 -0.016957 -0.999855 0.159584 0.0151136 0.00373686 0.00797722 -0.0707415 0.0209843 0.166623 0.0109538 0.00656358 0.015209 -0.121478 0.0307504
112.71 0.83234 7.03851 0.0156309 1.91847 0.00252118 -0.0187306 0.00085575 -0.999821 0.133498 0.0115183 -0.0825329 0.000340971 -0.0151267 -0.024055 0.136474 0.0121527 -0.0774155 0.000340971 -0.0151267 -0.024055
113.274 0.861622 7.12899 0.0240936 1.87741 0.0018934 -0.0150998 -0.00365447 -0.999878 0.180957 0.0200742 -0.0892262 0.00194714 -0.00402677 0.0413417 0.182385 0.0189536 -0.0835671 0.00195877 -0.00423243 0.0405183
113.894 0.9107 7.23506 0.0364804 1.83726 0.000153998 -0.00609305 -0.0164819 -0.999846 0.191601 0.0213043 0.0104762 0.0241767 -0.197578 0.0325792 0.192058 0.0149763 0.0128198 0.0241767 -0.197578 0.0325792
114.69 0.995681 7.33828 0.0438622 1.81972 9.54401e-05 -0.002246 -2.91235e-05 -0.999997 0.0946879 0.00526113 0.0167946 -0.00192952 0.00158943 -0.0879845 0.0946118 0.00525237 0.0172208 -0.00192952 0.00158943 -0.0879845
115.218 1.02316 7.38058 0.0472447 1.79944 0.000183118 -0.0024678 0.0224027 -0.999746 0.0812246 0.00559558 0.0427123 0.000196504 0.000119735 -0.0887922 0.080681 0.0092079 0.0431146 0.000196504 0.000119735 -0.0887922
115.85 1.05727 7.41723 0.0507187 1.81687 0.000156435 -0.00226762 0.0477476 -0.998857 0.0737081 0.00535186 0.0320604 1.5873e-05 -0.00108129 -0.082173 0.072716 0.0123412 0.0323956 1.5873e-05 -0.00108129 -0.082173
116.464 1.08633 7.46614 0.0461295 1.78091 -0.00239918 -0.0198826 0.0671012 -0.997545 0.167746 -0.0177293 -0.141672 -0.00148782 -0.0373346 -0.0488252 0.17414 0.00460313 -0.134827 -0.00148782 -0.0373346 -0.0488252
117.072 1.16203 7.55954 0.0311948 1.76166 0.00159731 0.00477342 0.0737073 -0.997267 0.139753 -0.0112046 -0.00093451 0.00361012 0.0374956 0.0305828 0.139866 0.00946695 -0.00227569 0.00361012 0.0374956 0.0305828
117.656 1.21748 7.61224 0.0285514 1.75307 -1.63113e-05 -0.00165579 0.0542636 -0.998525 0.0793247 0.00243816 0.00504445 0.00199255 0.00396174 0.0931579 0.0785762 0.0110193 0.00530607 0.00199255 0.00396174 0.0931579
118.308 1.24813 7.64789 0.027007 1.74691 -0.000350852 -0.00245785 0.027099 -0.99963 0.0590381 0.00339999 0.0129169 -0.00023892 0.00147737 0.0828492 0.0587028 0.006601 0.0132029 -0.00023892 0.00147737 0.0828492
118.932 1.26587 7.67673 0.0223128 1.74736 -0.000770575 -0.00264499 0.0153479 -0.999878 0.0490197 0.00059726 0.0143652 -0.00252899 0.000982139 -0.0253943 0.0493284 0.00245446 0.0149697 -0.00147569 0.00108353 -0.0167343
119.806 1.26809 7.71458 0.0115895 1.76054 1.34902e-05 -0.00260071 0.0137385 -0.999902 0.0407391 0.00225003 -0.000529578 0.00214459 -0.00016681 0.059258 0.0409055 0.00338541 -0.000592943 0.00183741 -0.000168096 0.0581793
120.422 1.26409 7.73988 0.00645236 1.75814 -0.000549041 -0.00252795 0.0103688 -0.999943 0.0364696 -0.00180167 0.0011514 -0.00296936 -0.00021987 -0.047296 0.0366283 -0.000868278 0.00108018 -0.0026452 0.000167195 -0.04098
121.28 1.26045 7.77767 -0.000871468 1.76184 1.71633e-05 -0.00227474 0.0405721 -0.999174 0.0327282 -0.00071178 -0.00377344 5.87269e-05 -0.000325386 -0.0779539 0.032695 0.0019449 -0.00362447 5.87269e-05 -0.000325386 -0.0779539
122.08 1.25054 7.86061 -0.019633 1.64528 -0.00343492 -0.0184836 0.0650092 -0.997708 0.156978 -0.0343109 -0.188828 0.00522688 -0.015492 -0.051979 0.167039 -0.0144773 -0.182658 0.00522688 -0.015492 -0.051979
122.668 1.24829 7.96756 -0.0443614 1.53566 -0.00316528 -0.0178904 0.0786965 -0.996733 0.181791 -0.0450503 -0.18982 0.000430813 -7.54861e-05 -0.0461837 0.193349 -0.0166149 -0.182891 0.000430813 -7.54861e-05 -0.0461837
123.672 1.22469 8.13902 -0.0791939 1.49329 -0.00183004 -0.0180514 0.0634366 -0.997821 0.080288 -0.0133677 -0.13558 0.0137826 0.255058 0.0797406 0.0777929 -0.0025612 -0.129381 0.0149402 0.284421 0.0845443
124.454 1.20615 8.28458 -0.103831 1.38696 -0.000518116 -0.0212869 0.0548278 -0.998269 0.214409 -0.0372534 -0.121048 -0.0338498 0.000250576 -0.0118256 0.222154 -0.0133969 -0.111712 -0.0338498 0.000250576 -0.0118256
125.094 1.10603 8.45318 -0.122252 1.31301 -0.0001158 -0.0205931 0.054643 -0.998294 0.248675 -0.022578 -0.12265 0.00230217 -0.00163031 0.0127318 0.254487 0.00493597 -0.112268 0.00230217 -0.00163031 0.0127318
125.688 0.947661 8.62044 -0.142402 1.26532 -0.00236482 -0.0187519 0.0533595 -0.998397 0.256138 -0.035024 -0.103465 -0.00293337 0.00229686 -0.00862225 0.262128 -0.00779196 -0.0936298 -0.00293337 0.00229686 -0.00862225
126.274 0.807518 8.78848 -0.16225 1.20572 0.000989339 -0.0157366 0.0568547 -0.998258 0.248366 -0.0283107 -0.0834876 -0.00048412 0.00573514 -0.0015965 0.253025 -0.000836529 -0.0759097 -0.00446015 0.00534888 -0.00460453
126.904 0.677186 8.95427 -0.17831 1.16848 -0.00223244 -0.0145416 0.0533783 -0.998466 0.235827 -0.0268935 -0.0513201 -0.00237251 0.0053446 0.00640575 0.239133 -0.000853496 -0.0443963 -0.000871692 0.007276 0.00871332
127.588 0.581473 9.11418 -0.195295 1.10973 -0.00154131 -0.0119711 0.0563995 -0.998335 0.21588 -0.0295687 -0.0744889 -0.000555735 0.00470416 -0.0193154 0.220176 -0.00510335 -0.0694 -0.000527408 0.00494463 -0.0190465
128.29 0.548869 9.23953 -0.21296 1.03458 -6.32348e-05 -0.00429765 0.0617142 -0.998085 0.174586 -0.0227483 -0.175224 0.00119175 0.0112894 -0.00621651 0.180394 -0.0012424 -0.17408 0.000946718 0.00813801 -0.00708529
128.904 0.586937 9.32848 -0.223018 0.933259 -0.000189846 -0.00236027 0.0610179 -0.998134 0.139606 -0.0157555 -0.182966 0.000948665 -0.0214281 0.00546405 0.144348 0.00125906 -0.182456 0.000614636 -0.0308615 0.00558868
129.498 0.680995 9.38603 -0.228222 0.81953 -0.00030349 -0.0031998 0.0601922 -0.998182 0.109082 -0.0116018 -0.165947 -0.0026206 0.0115569 0.00166309 0.111807 0.00156916 -0.177295 -0.000537371 0.00272795 0.00163906
130.172 0.781398 9.44864 -0.233923 0.700637 0.000284088 -0.00776744 0.0525743 -0.998587 0.133041 -0.00803491 -0.175722 0.000599161 -0.00584232 0.044498 0.135854 0.00622141 -0.173631 0.000599161 -0.00584232 0.044498
131.248 0.610524 9.56816 -0.245595 0.573907 -0.00243037 -0.0151512 0.034015 -0.999304 0.184028 -0.022933 0.00860782 -0.00442942 -0.0216295 -0.00943347 0.182943 -0.0098115 0.006714 -0.00459557 -0.021923 -0.0046383
131.86 0.575431 9.66442 -0.261209 0.567772 -0.00128913 -0.0108789 0.0417303 -0.999069 0.181572 -0.0264028 0.00952251 -0.000797053 0.00607158 -0.0321869 0.18289 -0.0111497 0.0135396 -0.000797053 0.00607158 -0.0321869
132.444 0.577555 9.75587 -0.273836 0.579857 -0.00122097 -0.0109344 0.0500931 -0.998684 0.174272 -0.0245025 0.00879426 0.000695571 0.00304493 -0.02705 0.175614 -0.00692629 0.0126635 0.000695571 0.00304493 -0.02705
133.442 0.610708 9.90778 -0.289249 0.610823 -0.000261935 -0.0107264 0.0514485 -0.998618 0.165344 -0.0132583 0.0789757 0.00114716 0.00126511 0.0189647 0.164099 0.00375682 0.0825168 0.00114716 0.00126511 0.0189647
133.99 0.655911 9.99325 -0.297545 0.666056 -0.00184568 -0.0108929 0.0483781 -0.998768 0.161746 -0.0193182 0.0981315 -0.00235915 0.00106661 -0.00581856 0.160767 -0.00278984 0.101923 -0.00209648 0.00121236 -0.00269745
134.588 0.736834 10.0873 -0.308307 0.738052 -0.00155603 -0.0119523 0.0535697 -0.998491 0.164926 -0.0225902 0.0903064 0.00137647 0.00368062 -0.0257248 0.163711 -0.00484742 0.104124 0.000184121 -0.00117851 -0.0254318
135.192 0.799959 10.1823 -0.317571 0.779323 -0.00193965 -0.0143613 0.060322 -0.998074 0.17823 -0.0240614 0.0583702 0.000282453 0.00662012 -0.0244754 0.178069 -0.00229039 0.0635482 0.000282453 0.00662012 -0.0244754
135.828 0.876319 10.3039 -0.336064 0.820357 -0.00194636 -0.0155787 0.0666592 -0.997652 0.196937 -0.028389 0.0590555 0.0001516 -0.00247229 -0.0184973 0.197015 -0.00182412 0.0652662 0.0001516 -0.00247229 -0.0184973
136.454 0.942601 10.4431 -0.362632 0.853923 -0.00132436 -0.0179919 0.0714188 -0.997283 0.216229 -0.0318128 0.0354028 -0.000170377 -0.00559684 -0.00700172 0.215835 -0.000901871 0.0427299 -0.000706981 -0.00571177 -0.00812651
137.07 0.917476 10.586 -0.387397 0.882355 -0.00177271 -0.0185268 0.0718681 -0.997241 0.235718 -0.0340171 0.0453553 0.00218518 -0.00580154 -0.00127544 0.235294 0.000271056 0.0545073 0.00259038 -0.00649015 -0.00118699
137.626 0.896884 10.7287 -0.409425 0.908712 -0.00110597 -0.0179659 0.0725364 -0.997203 0.240758 -0.0347152 0.0334358 -0.00623002 0.000617862 -0.00230545 0.241514 0.000191351 0.0423512 -0.00751491 0.000976667 -0.00276274
138.248 0.875652 10.8885 -0.428 0.92234 -0.00128053 -0.0178483 0.0714694 -0.997282 0.242009 -0.0290735 0.0336847 0.000701029 0.00195601 0.00789314 0.242323 0.00573494 0.0423153 0.00122891 0.00229255 0.00756447
138.844 0.854018 11.043 -0.449211 0.944375 -0.00227156 -0.0174448 0.0703788 -0.997365 0.241925 -0.034921 0.0419576 -0.00228317 0.00218272 -0.00311599 0.242807 -0.000505373 0.0505167 -0.00228317 0.00218272 -0.00311599
139.478 0.830908 11.2061 -0.474564 0.992395 -0.00192662 -0.0170874 0.0729302 -0.997189 0.239983 -0.0365906 0.0692055 -6.73474e-05 0.00189675 -0.010223 0.240166 -0.00120109 0.0775421 -0.00010895 0.00223453 -0.0102348
140.054 0.80782 11.3491 -0.497655 1.01265 -0.000865578 -0.0172453 0.0743523 -0.997083 0.242822 -0.0329331 0.0100286 0.00127714 -0.00169398 0.00366491 0.244536 0.00313213 0.0186642 0.00119312 -0.00323253 0.00218461
140.67 0.785855 11.5074 -0.518338 1.02978 -0.000833725 -0.0167901 0.0711294 -0.997325 0.240914 -0.0277456 0.00999557 0.000903179 0.00207457 0.0180465 0.241977 0.00664924 0.0181468 0.00105344 0.00207278 0.0177281
141.292 0.76438 11.6571 -0.538373 1.04682 -0.00156469 -0.0169929 0.0665642 -0.997636 0.240676 -0.0292754 0.0109827 -0.00100713 0.000925843 0.0128449 0.241617 0.00333536 0.0191337 -0.000941741 0.00107803 0.0132494
141.93 0.743826 11.8254 -0.56048 1.06652 -0.00176982 -0.0162615 0.0645165 -0.997783 0.240057 -0.0304006 0.0303577 0.00200874 0.00150747 0.00225528 0.240852 0.000816638 0.0382479 0.00200874 0.00150747 0.00225528
142.522 0.726041 11.969 -0.576519 1.07512 -0.00182731 -0.0162034 0.0649892 -0.997753 0.236014 -0.030387 0.0298591 -0.000146392 0.0010257 -0.00569596 0.236863 0.000537609 0.0375932 -0.000146392 0.0010257 -0.00569596
143.144 0.708112 12.1226 -0.597668 1.06531 -0.00101388 -0.0157939 0.066014 -0.997693 0.235802 -0.0283785 -0.0227947 0.000253685 -0.00105554 0.00235023 0.23824 0.00282246 -0.0155219 0.00011738 -0.00159793 0.00175942
143.814 0.683371 12.2796 -0.61998 1.06098 -0.00114223 -0.0156427 0.0634732 -0.99786 0.23235 -0.0265953 -0.0211438 6.14022e-06 0.000692893 0.00978194 0.234458 0.00309318 -0.0137377 -0.00025043 0.000907555 0.00977515
144.42 0.665748 12.4199 -0.63788 1.0677 -0.000453028 -0.0147855 0.0590618 -0.998145 0.227816 -0.0217821 -0.0142272 0.00095591 0.00167996 0.0212423 0.229337 0.00519995 -0.00739212 0.000950177 0.00206158 0.0206126
145.07 0.649188 12.5663 -0.653121 1.05486 -0.000686797 -0.0147187 0.0516675 -0.998556 0.222409 -0.0187913 -0.0150835 2.77243e-05 0.00145744 0.0227359 0.223509 0.00426522 -0.00850072 2.77243e-05 0.00145744 0.0227359
145.682 0.614257 12.6933 -0.662756 1.04642 -6.82265e-05 -0.0140518 0.0444333 -0.998914 0.217164 -0.0130704 -0.0168973 0.0010274 0.00199363 0.0313356 0.217855 0.00627798 -0.0107774 0.0010274 0.00199363 0.0313356
146.322 0.557034 12.8369 -0.67125 1.03743 -0.00148379 -0.0142981 0.035452 -0.999268 0.214767 -0.0148966 -0.020235 -0.00190196 -0.000508626 0.0166936 0.215622 0.000829472 -0.0141461 -0.0017624 -0.000136438 0.0185146
147.302 0.531634 13.0433 -0.691743 1.03628 -0.00100548 -0.0112621 0.0333726 -0.999379 0.206283 -0.0170763 -0.00119344 0.00010176 -0.11494 -0.0026464 0.206937 -0.00327521 0.00348364 0.00010176 -0.11494 -0.0026464
147.954 0.54719 13.1471 -0.702487 1.0367 -0.000851449 -0.00352238 0.043892 -0.99903 0.124715 -0.0126903 0.000896906 -0.00200696 0.00870793 -0.0623536 0.127264 -0.00176741 0.00233675 -0.00193084 0.00998271 -0.0614833
148.602 0.565422 13.2181 -0.710866 1.04601 -0.00297503 -0.015692 0.0635255 -0.997852 0.137088 -0.0203119 -0.00389383 -0.00215134 -0.00572322 -0.063453 0.134222 -0.00226802 0.000597033 -0.00172763 0.00146601 -0.0639199
149.214 0.577173 13.3065 -0.728368 1.04704 -0.00223618 -0.0129537 0.0795701 -0.996743 0.166105 -0.0307304 -0.00610405 -0.000548567 -0.0029853 -0.0474463 0.168167 -0.00401024 -0.00152256 -0.000315655 -0.00307667 -0.0484243
149.846 0.553953 13.4055 -0.750519 1.02154 0.000476189 -0.000680736 0.0877231 -0.996145 0.127104 -0.0208482 0.0227137 0.00343076 0.0238093 0.0160087 0.128763 0.00166236 0.0228794 0.00343076 0.0238093 0.0160087
150.482 0.541303 13.4767 -0.76124 1.02834 -0.00023422 -0.00366772 0.0698638 -0.99755 0.0928192 -0.0115358 0.0195745 0.000481537 0.000146782 0.105504 0.0933747 0.00151367 0.0202614 0.000481537 0.000146782 0.105504
151.138 0.530789 13.5367 -0.771145 1.03944 -0.000702854 -0.00355342 0.0293465 -0.999563 0.0807429 -0.0107038 0.0118722 0.000569943 -0.000691209 0.137352 0.0811449 -0.00593378 0.0124594 0.000569943 -0.000691209 0.137352
151.728 0.52036 13.5827 -0.781378 1.05588 -0.00054769 -0.00318632 -0.00740314 -0.999967 0.0746795 -0.0117653 -0.00644832 -0.00522272 -0.00123045 0.124941 0.0745366 -0.0128768 -0.00595936 -0.00522272 -0.00123045 0.124941
152.392 0.513183 13.6268 -0.789188 1.06153 -0.00059949 -0.00273672 -0.0689102 -0.997619 0.0677019 -0.00769944 -0.0150879 0.00152261 -0.00125866 0.222743 0.0666061 -0.0165019 -0.0148243 0.00154665 -0.00132122 0.221575
152.97 0.506006 13.6557 -0.795753 1.06365 -0.000952058 -0.00247876 -0.126444 -0.99197 0.0618115 -0.00849149 -0.017194 -0.000562952 -1.05854e-05 0.195387 0.0583517 -0.0233106 -0.0168039 -0.000452233 -0.000260111 0.198599
153.634 0.498746 13.6868 -0.802688 1.05777 -0.00061467 -0.00216538 -0.186714 -0.982412 0.0557101 -0.00591093 -0.0126621 0.000984474 -0.00129433 0.219286 0.0497077 -0.0259619 -0.0124098 0.000984474 -0.00129433 0.219286
154.268 0.499028 13.7144 -0.802961 1.01967 -0.00120779 -0.00182507 -0.252606 -0.967567 0.0504361 -0.00296819 0.0239576 0.000743869 -6.24388e-05 0.216097 0.0424782 -0.0271656 0.0241705 0.000743869 -6.24388e-05 0.216097
154.92 0.49573 13.7401 -0.805577 1.01862 -0.00167799 -0.00172887 -0.310133 -0.95069 0.0454342 -0.00248 0.0265543 0.00114137 -4.36561e-05 0.134817 0.0351719 -0.0286811 0.0267559 0.00114137 -4.36561e-05 0.134817
155.572 0.494829 13.766 -0.80624 0.998013 0.00321053 -0.0104252 -0.337258 -0.941349 0.0556944 0.0153303 -0.00783517 -0.000839312 0.0280898 0.0592288 0.0529164 -0.0235323 -0.00666031 -0.000839312 0.0280898 0.0592288
156.55 0.522563 13.8303 -0.776532 1.00957 0.00259196 -0.00847082 -0.359099 -0.933258 0.0765091 0.0515394 0.0280877 0.00125313 0.00316134 0.0474281 0.0908124 -0.0130031 0.0297135 0.00125313 0.00316134 0.0474281
157.51 0.576469 13.9149 -0.720803 1.04887 0.00203722 -0.00796021 -0.379997 -0.924951 0.0873548 0.0728591 0.0156586 0.00603339 -0.0320526 0.0409495 0.113076 -0.00955662 0.017523 0.00603339 -0.0320526 0.0409495
158.508 0.611462 13.9805 -0.688858 1.06736 -0.00147648 -0.00125785 -0.407946 -0.913004 0.0393512 0.018822 -0.0233864 -0.000398414 0.00214815 0.070365 0.0402997 -0.0168429 -0.0232799 -0.000398414 0.00214815 0.070365
159.49 0.639478 14.0419 -0.654873 1.13146 0.00337891 -0.0086198 -0.434724 -0.900516 0.071026 0.0759505 0.0824381 -0.000230672 -0.00146928 0.0448044 0.101084 -0.00837083 0.0843924 -0.00025463 -0.00196563 0.0455902
160.098 0.682159 14.0851 -0.612957 1.15302 -0.00376732 0.00124744 -0.438119 -0.898908 0.0552957 0.0503635 -0.00636222 -0.0045841 0.0182617 -0.0686969 0.0737011 -0.012563 -0.00669965 -0.0045841 0.0182617 -0.0686969
160.772 0.704362 14.1202 -0.595394 1.16397 -0.00102448 -0.00139288 -0.402011 -0.915633 0.0367584 0.019999 -0.0162284 -0.00253538 0.00164517 -0.157219 0.0396282 -0.0135749 -0.0161194 -0.00253538 0.00164517 -0.157219
161.442 0.71349 14.1491 -0.585036 1.14723 -0.000496369 -0.00151032 -0.357899 -0.933759 0.0294141 0.0136675 -0.00596292 -0.000808851 0.000223684 -0.120008 0.0310284 -0.0095057 -0.00586737 -0.000808851 0.000223684 -0.120008
162.474 0.727909 14.1845 -0.571779 1.14258 -0.000346375 -0.00136599 -0.315967 -0.948769 0.0260754 0.00994849 0.00403722 -0.00123873 -0.000879632 -0.0745796 0.0268239 -0.00766552 0.00411255 -0.00123873 -0.000879632 -0.0745796
163.458 0.749043 14.2482 -0.546526 1.13736 0.00180256 -0.0124937 -0.287716 -0.957633 0.107841 0.0476835 -0.033876 -0.00127853 -0.00504762 -0.0508547 0.115207 -0.0194295 -0.0307282 -0.00125497 -0.00609976 -0.0512622
164.118 0.781323 14.3258 -0.5141 1.11655 0.0019406 -0.0124473 -0.274934 -0.96138 0.129665 0.0551551 -0.0147829 -4.82832e-05 0.00102639 -0.041611 0.139546 -0.021781 -0.01123 -4.82832e-05 0.00102639 -0.041611
164.71 0.82449 14.4133 -0.471705 1.0724 0.00245233 -0.0133818 -0.263889 -0.964457 0.142723 0.0596626 -0.0123957 -0.000153839 0.000470158 -0.0365371 0.153495 -0.0213346 -0.00818824 -0.000153839 0.000470158 -0.0365371
165.388 0.877603 14.5308 -0.413552 1.06335 0.00376858 -0.0147313 -0.254619 -0.966922 0.157664 0.0694104 -0.0362473 0.000765784 -0.00111605 -0.020399 0.171664 -0.0175315 -0.0306078 0.000552753 -0.00130406 -0.0214201
166.118 0.948473 14.6619 -0.340393 1.0772 0.0043415 -0.0135936 -0.250184 -0.968093 0.170212 0.079634 0.126776 -0.0106084 -0.0172687 -0.0063358 0.183794 -0.0130123 0.132045 -0.0106084 -0.0172687 -0.0063358
166.732 1.02212 14.7827 -0.265595 1.12615 0.00493015 -0.0161429 -0.251615 -0.96768 0.173655 0.0910133 0.11992 0.00154989 -0.00224522 0.0140171 0.191177 -0.00534938 0.126165 0.00185975 -0.00229984 0.0136046
167.442 0.99719 14.9274 -0.173269 1.20197 0.00521813 -0.0182677 -0.255917 -0.966512 0.18881 0.102244 0.01547 0.00828059 0.0393465 0.0121827 0.211894 -0.00468287 0.0742889 0.00566731 0.0231759 0.0124443
168.092 0.847482 15.0692 -0.0821555 1.17484 0.00466286 -0.0186379 -0.257263 -0.966151 0.208819 0.110336 -0.0314407 -0.000329394 0.00165249 -0.00248586 0.237071 -0.00813409 -0.0223458 -0.000329394 0.00165249 -0.00248586
168.75 0.694401 15.2221 0.0136181 1.17176 0.00447276 -0.0164017 -0.25594 -0.966543 0.200949 0.10696 -0.0225019 -3.81384e-05 0.00685392 -0.00536321 0.228183 -0.00650167 -0.0147549 -3.81384e-05 0.00685392 -0.00536321
169.404 0.571418 15.3662 0.104093 1.16848 0.00384689 -0.0142792 -0.255427 -0.966715 0.185608 0.100825 -0.0178492 0.000912274 0.00562714 -0.0016133 0.211622 -0.00401505 -0.0115966 0.000912274 0.00562714 -0.0016133
170.09 0.477407 15.4882 0.184315 1.17627 -0.000324098 -0.00119933 -0.243274 -0.969957 0.117974 0.0607561 -0.00628062 -0.00366155 0.0322215 -0.116814 0.132696 -0.00211858 -0.00599027 -0.00366155 0.0322215 -0.116814
170.752 0.431052 15.5684 0.237747 1.17287 0.00313845 -0.00319277 -0.215283 -0.976541 0.0828689 0.0493959 -0.000887907 -0.00282792 0.00108838 0.110217 0.0959608 0.00997532 -0.00011242 -0.00282792 0.00108838 0.110217
171.934 0.415416 15.6617 0.314343 1.17875 0.000225056 -0.00308472 -0.442847 -0.896592 0.0630512 0.045379 -0.00930875 0.00222578 -0.00264007 0.538012 0.0751071 -0.0216815 -0.00910907 0.00232591 -0.00275613 0.538761
172.664 0.417755 15.6993 0.344021 1.18025 -0.00218474 -0.00404094 -0.523672 -0.851907 0.0676978 0.0334443 -0.00782292 -0.0108381 0.00116125 -0.0961741 0.0604426 -0.0453628 -0.00718453 -0.0108381 0.00116125 -0.0961741
173.382 0.415856 15.7407 0.365054 1.17726 -0.000137748 -0.00248847 -0.451413 -0.892311 0.0589489 0.0323743 -0.00742896 -0.00135788 -0.00107793 -0.263809 0.0611323 -0.0295169 -0.00739365 -0.00189968 -0.00127257 -0.26794
174.102 0.416772 15.776 0.383013 1.17346 -0.000165565 -0.00217629 -0.381844 -0.924224 0.049903 0.0309657 -0.00261138 0.00120386 -0.000538124 -0.18329 0.0572167 -0.0132918 -0.00236231 0.00120386 -0.000538124 -0.18329
174.798 0.421632 15.8058 0.399798 1.16654 -0.000204153 -0.00182412 -0.329815 -0.944044 0.0467362 0.0284322 0.00119768 -0.000339682 -0.000870133 -0.156641 0.0543844 -0.00719922 0.0011989 -0.000262025 -0.000848604 -0.158269
175.866 0.428684 15.8384 0.415784 1.16094 -0.00018464 -0.00148366 -0.265272 -0.964173 0.0414237 0.0219896 0.00956571 -0.00112093 -0.000558116 -0.133786 0.0469675 -0.00236002 0.00993182 -0.000955381 -0.000431195 -0.133072
176.54 0.430195 15.8557 0.420966 1.15453 0.000143873 -0.00114914 -0.22453 -0.974466 0.0385752 0.0180777 0.0129984 -0.000658423 -0.000589818 -0.119866 0.0425664 -0.000622316 0.0130967 -0.000658423 -0.000589818 -0.119866
177.29 0.435133 15.8736 0.429725 1.16353 0.000233192 -0.000867638 -0.187919 -0.982184 0.0356716 0.0157386 0.00846958 4.5499e-05 -0.000788244 -0.0883641 0.0389468 0.00145805 0.00853958 4.5499e-05 -0.000788244 -0.0883641
177.994 0.439601 15.8873 0.435536 1.17856 0.000355925 -0.000615598 -0.158752 -0.987318 0.0332783 0.0123638 -0.00748949 -0.000571327 -0.000586656 -0.0827974 0.0356011 0.00125207 -0.00683779 -0.000747924 -0.000800421 -0.083466
178.684 0.447004 15.8946 0.444112 1.17975 0.000357512 -0.000791649 -0.133986 -0.990983 0.0290154 0.0110475 -0.00852848 0.00819676 0.0355867 -0.066419 0.0312186 0.00275148 -0.0126144 2.28554e-05 0.000300413 -0.0673371
179.416 0.456634 15.9254 0.456005 1.18936 0.000509473 -0.00753475 -0.11361 -0.993497 0.0856259 0.0163808 -0.00511587 -0.000422541 -0.0027571 -0.0414332 0.0861012 -0.00330367 -0.00375973 -0.000526389 -0.00394864 -0.0423422
180.16 0.469778 15.981 0.469136 1.19898 0.000636159 -0.00741806 -0.100906 -0.994868 0.10004 0.0162377 -0.0047421 -0.000539627 -0.00711381 -0.0308036 0.10083 -0.00418139 -0.00460826 -7.8776e-05 -4.79929e-06 -0.0315571
180.98 0.488882 16.0287 0.486559 1.18627 0.00128157 -0.000179089 -0.180215 -0.983626 0.0401235 0.0184406 0.0127745 0.00673577 0.0032704 0.426605 0.045214 0.00351941 0.01273 0.00746614 0.00454332 0.416231
181.716 0.501233 16.0462 0.500806 1.20096 6.59617e-05 -0.000926603 -0.326748 -0.945111 0.0259416 0.0110437 -0.00116656 0.0015482 0.000253538 0.38864 0.0272253 -0.00733718 -0.00111417 0.0015482 0.000253538 0.38864
182.452 0.516329 16.0582 0.516058 1.20996 -0.000510537 -0.00115101 -0.437377 -0.899277 0.0197405 0.00829547 -0.0124632 0.00421911 0.000808646 0.25277 0.01911 -0.0102788 -0.0122979 0.00431887 0.000816369 0.263853
183.396 0.52836 16.0731 0.527218 1.20098 -0.000596503 -0.00119144 -0.496886 -0.867815 0.0159604 0.0061823 -0.00142588 0.00128743 -6.22479e-05 0.0861218 0.0135031 -0.0108302 -0.00158687 -0.000225522 -0.000151478 0.0905949
184.084 0.536535 16.0859 0.534895 1.2054 -0.00111049 -0.00154267 -0.488039 -0.87282 0.0170142 0.00516495 -0.00769039 -0.00364218 -0.000343805 -0.147157 0.0133218 -0.0118169 -0.00762831 -0.00364218 -0.000343805 -0.147157
184.854 0.544617 16.1034 0.54169 1.20256 -0.000592656 -0.001105 -0.430386 -0.902644 0.0131552 0.00663738 -0.00488656 -0.000547127 -0.00060765 -0.170865 0.013446 -0.00605262 -0.00485438 -0.000547127 -0.00060765 -0.170865
185.59 0.549839 16.1212 0.547871 1.20574 -0.000495004 -0.000956094 -0.38267 -0.923885 0.0116671 0.0067185 -0.00675176 -0.000730131 -0.000825132 -0.130415 0.01301 -0.00350988 -0.00672794 -0.000730131 -0.000825132 -0.130415
186.334 0.555572 16.1377 0.554195 1.20089 -0.000561243 -0.00082423 -0.342703 -0.939443 0.0113258 0.00628296 -0.00331929 -0.000836223 -0.000329567 -0.121104 0.012774 -0.00251758 -0.00346579 -0.00065916 -0.000358275 -0.121578
187.074 0.561395 16.1551 0.559946 1.19554 -0.000428661 -0.000614824 -0.305532 -0.952182 0.012326 0.00585821 0.0043156 0.000403257 -0.00108471 -0.103309 0.0134294 -0.00240216 0.00433067 0.000403257 -0.00108471 -0.103309
187.786 0.56477 16.17 0.563345 1.21169 -0.000316643 -0.000427307 -0.270567 -0.962701 0.0123624 0.00405349 -0.0119315 -0.000679936 5.15087e-05 -0.0991483 0.0126718 -0.00299021 -0.0119207 -0.000679936 5.15087e-05 -0.0991483
188.56 0.567826 16.182 0.565879 1.20308 -0.000327677 -0.00030015 -0.236954 -0.971521 0.0122275 0.00274891 -0.00849993 -0.000583296 -9.37128e-05 -0.0976423 0.0121237 -0.00319608 -0.00849225 -0.000583296 -9.37128e-05 -0.0976423
189.764 0.5713 16.1943 0.566569 1.18579 -5.25611e-05 -0.00014546 -0.183907 -0.982944 0.0110901 0.000396939 0.0130366 -0.000389065 -7.33491e-05 -0.0872647 0.0105516 -0.00362459 0.0127652 -0.00034688 -5.22782e-05 -0.0872343
190.466 0.573623 16.2003 0.569237 1.19081 9.17368e-05 -1.162e-05 -0.156583 -0.987665 0.0110797 1.68696e-05 0.00843016 -0.000347435 -0.000590545 -0.0756721 0.0105575 -0.00340223 0.00895806 -0.000407505 -0.000666939 -0.0760789
191.946 0.591745 16.2496 0.583843 1.19201 -2.70151e-05 -0.0100104 -0.113836 -0.993449 0.0810896 0.00660727 -0.0121177 -0.00159827 -0.0178401 -0.0525189 0.0807071 -0.0119332 -0.0104873 -0.00159827 -0.0178401 -0.0525189
192.704 0.607567 16.3197 0.595801 1.16646 0.000192579 -0.00912431 -0.0959175 -0.995347 0.107244 0.00808488 -0.012116 -1.8803e-05 -0.000107359 -0.0406577 0.106234 -0.0126597 -0.0101549 -9.04969e-05 -0.00026901 -0.0413667
193.45 0.595273 16.4075 0.608807 1.17123 0.000337737 -0.00977434 -0.0826002 -0.996535 0.12017 0.00859122 -0.013601 2.79042e-05 0.000455292 -0.0298782 0.120187 -0.011323 -0.0112444 2.79042e-05 0.000455292 -0.0298782
194.2 0.580983 16.4851 0.620365 1.16369 -0.000232136 0.00121911 -0.0575399 -0.998342 0.0597358 -0.00042839 0.00596176 -0.00335503 0.0249703 -0.152972 0.0593056 -0.00728665 0.00581819 -0.00335503 0.0249703 -0.152972
194.918 0.57433 16.5277 0.628269 1.16651 0.000529013 -0.000764141 0.00661583 -0.999978 0.0346055 -0.00054506 0.00164554 0.000221371 0.000541975 -0.180804 0.0346071 -8.89197e-05 0.0016981 0.000221371 0.000541975 -0.180804
195.774 0.561632 16.5571 0.640087 1.16982 0.000351259 -0.000979432 0.0959413 -0.995386 0.0259545 -0.00182368 0.000862919 -0.0011417 -0.000842205 -0.24052 0.0258233 0.00316635 0.000914341 -0.0011417 -0.000842205 -0.24052
196.618 0.551501 16.5849 0.651831 1.16681 0.000594229 -0.000619734 0.186361 -0.982481 0.0250297 0.000278372 -0.00115547 0.000777079 -0.000775428 -0.180529 0.0231903 0.00942631 -0.00111919 0.000777079 -0.000775428 -0.180529
197.43 0.543153 16.6051 0.659483 1.1607 0.000508608 -0.000373418 0.248323 -0.968677 0.0226272 -0.00150058 0.0100933 -0.000551668 -0.000572689 -0.162125 0.0205537 0.00955836 0.0101142 -0.000551668 -0.000572689 -0.162125
199.1 0.524333 16.6355 0.676726 1.16696 0.000635018 4.19562e-05 0.357132 -0.934054 0.0190871 -0.00212461 0.00340675 -0.000368909 -0.000657684 -0.1272 0.0156375 0.0111476 0.00341132 -0.000368909 -0.000657684 -0.1272
200.754 0.511215 16.6477 0.690969 1.18938 0.000767874 7.77493e-05 0.42885 -0.903376 0.0137261 -0.00135967 -0.0181739 -0.000122306 -0.000175776 -0.0666951 0.009842 0.00978737 -0.0174926 -0.000137444 -0.000122321 -0.0672318
201.588 0.505828 16.659 0.696869 1.18661 0.000634928 0.000361368 0.455844 -0.890059 0.0133767 -0.00216698 0.00178807 0.000356196 0.00254269 -0.0828602 0.00979704 0.00955204 0.00157084 0.000452384 0.00289291 -0.0826894
203.118 0.493923 16.6747 0.709589 1.19635 0.000462996 0.000350826 0.506654 -0.86215 0.0109586 0.000330905 -0.00669785 -6.39938e-05 0.000134737 -0.0683227 0.00514059 0.0097302 -0.00622199 -0.000155267 6.05998e-05 -0.0689456
203.904 0.494929 16.6823 0.70603 1.20347 0.00145509 0.00139801 0.527542 -0.849526 0.0205852 -0.0285888 -0.00165612 -0.00263019 -0.0567884 -0.057638 0.0368589 0.00536916 -0.00132969 -0.00592592 -0.0853311 -0.0573215
204.7 0.505462 16.6936 0.696701 1.21326 -0.00644225 -0.00739949 0.5471 -0.83701 0.0220961 -0.0406776 0.00718857 -0.00173639 -0.0162163 -0.0559452 0.0459774 0.0039351 0.00807316 -0.00173639 -0.0162163 -0.0559452
205.458 0.539191 16.7066 0.662626 1.22331 0.00188912 0.00249842 0.563766 -0.825929 0.0181037 -0.033275 -0.00556018 0.00222455 0.0181585 -0.0519105 0.0411631 0.00439032 -0.00559321 0.00175128 0.00800543 -0.0513026
206.29 0.578506 16.7208 0.617378 1.21241 -0.00578292 -0.00598522 0.581692 -0.813366 0.0253788 -0.0786386 0.00636826 -0.000404593 -0.00185211 -0.0476219 0.0812588 -0.0012987 0.00775387 -0.000332211 -0.00356086 -0.0482952
207.142 0.633871 16.7354 0.564425 1.20227 0.000159589 0.000324939 0.571854 -0.820356 0.0165059 -0.0247526 0.00773918 0.00259446 0.00327523 0.115203 0.0299191 0.00701364 0.00765113 0.00307843 0.0043377 0.111825
207.92 0.653957 16.7413 0.546102 1.20037 -0.000525699 4.18734e-05 0.536436 -0.843941 0.0112431 -0.0126916 0.0109135 4.29289e-05 0.001012 0.111499 0.0162585 0.00480286 0.010917 4.29289e-05 0.001012 0.111499
209.368 0.679001 16.7437 0.521769 1.21315 -9.99936e-05 -0.000117491 0.481124 -0.876653 0.0108702 -0.00852768 0.000173867 -0.00076998 -0.000536731 0.139566 0.0130313 0.00458993 0.00017752 -0.00076998 -0.000536731 0.139566
210.228 0.692187 16.7431 0.508699 1.21388 -0.000574473 0.000352029 0.412716 -0.910859 0.0102664 -0.00710504 -0.00393793 0.000835454 -5.53164e-05 0.18416 0.0121103 0.00302901 -0.00394401 0.000835454 -5.53164e-05 0.18416
211.828 0.705329 16.7363 0.494567 1.19281 -0.000763336 0.000476817 0.298442 -0.954427 0.00729753 -0.00284292 0.0201856 0.000699659 -0.000172001 0.151282 0.00779367 0.00191954 0.0209357 0.000598763 -0.000145999 0.152261
212.702 0.715434 16.7321 0.486251 1.20952 -0.000890869 0.000585409 0.244771 -0.96958 0.00615183 -0.00166683 0.00148454 0.000435532 0.000122154 0.118828 0.00620688 0.00145584 0.00147727 0.000435532 0.000122154 0.118828
214.412 0.746107 16.7781 0.450008 1.23974 -0.001539 -0.00369009 0.182065 -0.983278 0.104505 -0.0267998 -0.000402627 0.0168864 -0.170339 0.0453912 0.107173 0.0123948 0.000414313 0.0168864 -0.170339 0.0453912
215.26 0.767073 16.8135 0.427767 1.2386 -0.00108067 0.00107215 0.154048 -0.988062 0.0279782 -0.00520628 -0.00528865 -0.000293548 0.00290155 0.0827338 0.0291399 0.00362906 -0.00580664 -0.000341914 0.00303616 0.0828562
216.998 0.790814 16.8746 0.39114 1.2291 -0.000862582 -0.0113774 0.0999783 -0.994924 0.123319 -0.0117176 -0.0130424 0.000498452 -0.00114754 0.0459742 0.12345 0.0130596 -0.0102217 0.000498452 -0.00114754 0.0459742
217.866 0.806337 16.9773 0.374033 1.21715 -0.00112627 -0.0118672 0.0834818 -0.996438 0.149618 -0.0121728 -0.0134402 0.000254339 0.00170261 0.0320701 0.149835 0.0128891 -0.00987459 0.000254339 0.00170261 0.0320701
218.742 0.826989 17.1076 0.350621 1.21195 -0.00107115 -0.012695 0.0715464 -0.997356 0.165616 -0.0131676 -0.0138194 0.000265374 0.00107777 0.0240457 0.166098 0.0106031 -0.00959434 0.000265374 0.00107777 0.0240457
219.6 0.839685 17.2565 0.333171 1.20567 -0.00139038 -0.0138254 0.0621204 -0.997972 0.178838 -0.0121651 -0.0142212 -0.000144595 0.00122778 0.018508 0.179292 0.0100946 -0.00925691 -0.000144595 0.00122778 0.018508
220.446 0.865827 17.4174 0.31165 1.19438 -0.00140463 -0.0144955 0.0552235 -0.998368 0.192022 -0.0131001 -0.0134066 -0.00014772 0.00101145 0.0133833 0.192604 0.00814521 -0.00781517 -0.00014772 0.00101145 0.0133833
222.07 0.996433 17.7564 0.272934 1.17007 -0.00161866 -0.0159592 0.0459568 -0.998815 0.213106 -0.0131284 -0.0133998 0.00027382 0.000869902 0.00779574 0.213731 0.00647864 -0.00656892 0.00027382 0.000869902 0.00779574
223.764 1.24187 18.1619 0.243484 1.12427 1.03872e-05 -0.0177466 0.0290223 -0.999421 0.237881 0.00593939 -0.0257359 0.000747667 0.00228378 0.0469532 0.237531 0.0200231 -0.0174512 0.0010602 0.0024278 0.0468082
224.698 1.22791 18.4119 0.238437 1.07966 -0.00189407 -0.0221564 0.00975531 -0.999705 0.277266 0.00914843 -0.0133402 0.0406548 0.00981317 0.0319326 0.27636 0.0157003 -0.00440586 0.0419665 0.00773307 0.0342954
225.668 1.19608 18.7026 0.224674 1.04664 -0.00257503 -0.0227307 0.00963873 -0.999692 0.298928 -0.0121062 -0.010501 -0.000804246 0.00140621 -0.0194702 0.298774 -0.00629694 0.00300301 -0.000710888 0.00150451 -0.0192495
226.68 1.19346 19.0209 0.202854 1.03713 -0.00239693 -0.0233942 0.0179828 -0.999562 0.312176 -0.0144621 -0.00722027 0.000213129 0.00130215 -0.0141865 0.312489 -0.00322337 0.00744212 0.000213129 0.00130215 -0.0141865
227.72 1.11911 19.3709 0.177228 1.01269 -0.00238827 -0.0238314 0.023201 -0.999444 0.325862 -0.0157471 -0.00470662 0.00102995 0.000694501 -0.0107833 0.326095 -0.000597912 0.0108781 0.00102995 0.000694501 -0.0107833
228.738 1.12548 19.7136 0.150098 1.02293 -0.00225259 -0.0230224 0.0269438 -0.999369 0.325356 -0.0176419 -0.00324612 -0.00101289 0.00146367 -0.00718883 0.325637 -7.13109e-05 0.0117907 -0.00101289 0.00146367 -0.00718883
229.778 1.11032 20.0627 0.112305 0.99861 -0.001871 -0.0239044 0.0288843 -0.999295 0.33458 -0.0209336 -0.00142426 -0.000268615 0.0101716 -0.00292594 0.334914 -0.00155738 0.014633 -0.000268615 0.0101716 -0.00292594
230.76 1.08233 20.3975 0.0853441 0.984119 -0.00181194 -0.020477 0.02979 -0.999345 0.329337 -0.0213618 -0.00309614 -0.000247483 -0.00724427 -0.00320935 0.330533 -0.00173803 0.0102355 -5.57913e-05 -0.00744933 -0.00322375
231.854 1.00444 20.7334 0.0670241 0.995438 -0.00174758 -0.0172167 0.0296743 -0.99941 0.297261 -0.0173239 -0.000984752 -3.09172e-05 -0.00529159 -0.00152617 0.298441 0.000379021 0.00917847 5.55622e-06 -0.00529731 -0.00148617
233.012 1.0106 21.0299 0.0453857 1.00182 -0.00143773 -0.0136556 0.0291095 -0.999482 0.257735 -0.0160429 0.00249223 -0.000345648 -0.00445183 0.00104534 0.258067 -0.00100305 0.00956399 -0.000345648 -0.00445183 0.00104534
234.198 1.0035 21.2787 0.0277352 1.00068 -0.00131899 -0.0115734 0.027699 -0.999548 0.221766 -0.0139125 0.00240831 -0.000328003 -0.00259678 0.0016965 0.22208 -0.00159971 0.00756791 -0.000328003 -0.00259678 0.0016965
235.262 1.01141 21.4595 0.00990314 1.00482 -0.00100477 -0.00988187 0.0261133 -0.99961 0.19059 -0.0136121 0.00259555 -0.000644561 -0.00221825 0.00313475 0.192025 -0.00366758 0.0066812 -0.00108876 -0.00247778 0.00290513
236.458 1.01082 21.6367 -0.00113432 1.00219 -0.000993265 -0.00816653 0.0220478 -0.999723 0.161005 -0.0102685 0.000801538 -0.000313543 -0.00287873 0.00854561 0.162368 -0.00311768 0.0035349 -0.000299716 -0.0026988 0.00857502
237.582 1.01055 21.7909 -0.0123233 1.00849 -5.92433e-05 -0.0171541 0.0170936 -0.999707 0.2102 -0.00726311 -0.00684377 -0.00153357 -0.052841 0.00254073 0.210436 -7.11994e-05 0.000374396 -0.00153357 -0.052841 0.00254073
238.624 1.01923 21.9781 -0.0173657 1.01296 0.000196108 -0.00436516 0.017953 -0.999829 0.155657 -0.000805123 -0.0127849 -2.22702e-05 -0.0138734 -0.00329397 0.155691 0.00479023 -0.0114248 -2.22702e-05 -0.0138734 -0.00329397
239.716 1.00466 22.0776 -0.0128042 0.98692 -2.83514e-06 0.000243701 0.0186821 -0.999825 0.0674636 -5.99743e-05 0.00937161 -0.000416574 -0.00309356 -0.00335226 0.0698907 0.00260164 0.00630737 -0.000395474 -0.00373478 -0.00341748
240.868 0.98431 22.1042 -0.0100002 0.969722 0.00014224 0.00150482 0.0194069 -0.999811 0.0171028 -0.0002265 0.0319787 0.000907311 -0.000520401 -0.00122892 0.0171951 0.000430152 0.0319271 0.000907311 -0.000520401 -0.00122892
241.976 1.01672 22.0997 -0.00334108 1.00977 -0.000161979 0.00181489 0.019438 -0.999809 -0.00314082 -0.00237609 -0.0034224 -0.000208798 -0.000784287 -0.000542064 -0.00271765 -0.00237212 -0.00191465 -0.000119391 -0.00077484 -0.000522324
243.108 0.993599 22.0809 0.00161635 0.975161 -0.000220321 0.00156042 0.0194476 -0.99981 -0.0112909 -0.00337097 0.0183831 0.00152193 0.000758348 -0.00102411 -0.011094 -0.00379827 0.0184196 0.00152193 0.000758348 -0.00102411
244.262 1.01195 22.0612 0.00536929 1.00834 -0.00044345 0.00130341 0.0196698 -0.999806 -0.0125686 -0.00551092 -0.00507038 -0.000101146 0.0015383 -0.000508894 -0.0123552 -0.00600574 -0.00503278 -0.000101146 0.0015383 -0.000508894
246.256 0.995939 22.0328 0.00435587 0.979589 -0.0003417 0.000574025 0.0194766 -0.99981 -0.00824033 -0.00572868 0.0172567 -0.000208098 0.000218327 -6.04416e-05 -0.00799138 -0.00603308 0.01727 -0.000208098 0.000218327 -6.04416e-05
247.422 0.99741 22.0207 0.00612526 0.991653 -0.00051132 7.48597e-05 0.0196672 -0.999806 -0.00806286 -0.00410657 0.0110721 0.000807828 0.000710728 -1.37964e-05 -0.00800849 -0.0044037 0.0118856 0.000779075 0.000797343 -7.16247e-05
248.588 1.01275 22.0207 0.00670509 1.00317 -0.000619436 0.000365576 0.0194603 -0.99981 -0.00718954 -0.00455976 -0.00247424 0.000135415 -3.04955e-05 -0.000804809 -0.00694468 -0.00486056 -0.00304934 8.35591e-05 -2.15369e-06 -0.000834967
250.514 1.0118 22.018 0.00153653 1.00261 -0.000448537 0.000347434 0.0195313 -0.999809 -0.00783431 -0.00314139 -0.00224942 -0.000447705 -0.00133388 -0.000574548 -0.00770717 -0.00344701 -0.00224106 -0.000447705 -0.00133388 -0.000574548
251.736 1.01358 22.014 0.000419248 1.00513 -0.000380577 0.000206095 0.0195828 -0.999808 -0.010287 -0.000716229 -0.00417047 0.00073321 0.000949764 -0.000398163 -0.0102527 -0.00112171 -0.00416554 0.00073321 0.000949764 -0.000398163
253.622 1.00321 22.0169 -0.00295519 0.990164 -0.000229815 0.000616312 0.0194093 -0.999811 -0.00875241 -0.000305477 0.00838815 -0.000463698 -0.000898243 -0.00094376 -0.00872369 -0.000640881 0.00839914 -0.000463698 -0.000898243 -0.00094376
254.808 1.01225 22.0187 -0.00603359 1.00502 1.285e-05 0.000914309 0.0195097 -0.999809 -0.00938331 0.00114908 -0.00348578 -0.000312081 -0.000561741 -0.000933896 -0.00945998 0.000660181 -0.0029658 -0.000341012 -0.000644713 -0.000953961
256.638 1.02384 22.0118 -0.00339233 1.01236 -2.54299e-05 0.000778513 0.0196807 -0.999806 -0.00788882 0.00104484 -0.0142489 0.000161686 6.48237e-05 0.000177351 -0.00801925 0.000719088 -0.0147152 0.000143532 0.000179918 0.000116745
257.852 1.01703 22.0027 -0.00123819 1.00702 -3.28646e-05 0.000384516 0.0193611 -0.999813 -0.00599523 0.000254713 -0.00626531 0.000478174 0.00209254 -0.000252875 -0.00615677 -0.000207298 -0.00526102 -9.35432e-05 0.00179773 -3.97003e-05
259.102 1.00339 21.9989 0.00472072 0.9914 -0.000410039 0.000172011 0.0193116 -0.999813 -0.00140794 -0.000278382 0.0082126 0.00151896 -0.000659469 -0.000835812 -0.00152063 -0.000325286 0.00790264 0.0015461 -0.000675264 -0.000734077
260.298 1.00597 21.9966 0.00542758 0.996693 -0.000455797 8.83208e-05 0.0195518 -0.999809 -0.00124314 -0.00291376 0.00512222 0.000195388 0.00104688 4.44295e-05 -0.00112745 -0.00295545 0.0051251 0.000195388 0.00104688 4.44295e-05
261.44 1.00809 21.9971 0.0040699 0.997099 -0.000426601 2.25356e-05 0.0195571 -0.999809 0.000756971 -0.00204706 0.00252156 0.000883973 -0.000985306 -0.000319815 0.000749524 -0.00204092 0.00296858 0.000894061 -0.000885155 -0.00037913
262.582 1.01494 21.9979 0.00247067 1.0021 -0.000414459 1.14606e-05 0.0193634 -0.999812 -0.000787393 -0.00163558 -0.00354557 -0.000194915 0.000240434 -0.00137681 -0.000722283 -0.00167269 -0.0036429 -0.000191926 0.000372363 -0.00137656
263.678 1.00872 21.9985 0.00222692 0.995568 -0.000466121 8.21464e-05 0.0196377 -0.999807 -0.00126147 -0.000638665 0.00367297 2.46625e-05 0.0011574 0.000564463 -0.00109927 -0.000661738 0.00311349 8.01282e-05 0.000773572 0.00058598
264.81 1.00681 22.0026 0.000179344 0.995297 -0.000413656 0.00024215 0.0194119 -0.999812 -0.000166717 -0.00103438 0.00441379 -0.00102141 -0.00146662 -0.00033745 -0.000124374 -0.00103638 0.00441472 -0.00102141 -0.00146662 -0.00033745
266.666 1.0081 22.0054 -0.00370668 0.99863 -8.02378e-05 0.000417566 0.0195154 -0.99981 -0.00240024 0.00044006 0.00241745 -0.000192033 -0.000198052 -0.000323243 -0.00241357 0.000346487 0.0024194 -0.000192033 -0.000198052 -0.000323243
268.432 1.01836 22.0053 -0.00126882 1.00406 -0.000127619 0.000442048 0.0194737 -0.99981 -0.00216125 0.00143787 -0.00611342 0.00123054 -0.000840631 -0.000281766 -0.00222097 0.00135096 -0.00611184 0.00123054 -0.000840631 -0.000281766
270.354 1.00945 22.0022 0.00203369 1.00039 -0.000377604 0.000383376 0.0195057 -0.99981 -0.00227903 -0.00124613 0.00237095 -0.000780428 0.000610942 -0.00029677 -0.00222691 -0.00133224 0.00237365 -0.000780428 0.000610942 -0.00029677
271.454 1.02601 22.0011 0.000625969 1.01441 -0.000262874 0.000389218 0.0194238 -0.999811 -0.000629864 -0.000665773 -0.0151132 0.00016286 -7.08869e-05 -0.000518553 -0.000634989 -0.000660836 -0.0149474 0.00036898 -9.53787e-05 -0.000532001
272.584 1.02518 21.9972 -0.000166932 1.00992 -0.000184229 0.000168776 0.0194345 -0.999811 -0.000705817 -0.00047237 -0.0134753 -2.81734e-06 0.00125772 -0.000107847 -0.000691378 -0.000504495 -0.0134749 -2.81734e-06 0.00125772 -0.000107847
273.692 1.01021 21.9954 -0.000229545 0.999057 -0.000171986 9.76942e-06 0.0195024 -0.99981 0.00126699 -0.000347438 0.00113857 -3.93317e-06 -0.000319102 0.000178352 0.00127959 -0.000297372 0.00113866 -3.93317e-06 -0.000319102 0.000178352
275.566 0.992413 21.9988 -0.000384065 0.979951 -9.29158e-05 0.000127235 0.0194499 -0.999811 0.00134549 -0.00065677 0.0195322 0.000311614 -0.000922906 -0.000895316 0.00140835 -0.00064643 0.0194339 0.000209785 -0.000782543 -0.000973237
276.71 1.01349 21.997 0.00390218 1.00802 -0.000400778 -0.000128574 0.0194777 -0.99981 -0.00030483 -0.0009008 -0.00339253 0.000353693 -0.00018283 -0.000582685 -0.000341017 -0.000876871 -0.00180191 0.000354875 -9.11464e-05 -0.000608877
277.87 1.03578 21.9984 0.00666919 1.02586 -0.000586149 -8.94463e-05 0.0194709 -0.99981 0.000213399 -0.00172238 -0.0261101 0.000707773 -0.000939932 0.000217324 0.000285563 -0.00174328 -0.026108 0.000707773 -0.000939932 0.000217324
279.038 1.02789 22.002 0.00407894 1.01299 -0.000494938 0.000127146 0.0196119 -0.999808 -0.00113448 -0.003134 -0.0179214 -0.000739283 -0.000428354 0.000638685 -0.00101491 -0.0031939 -0.017918 -0.000739283 -0.000428354 0.000638685
280.2 1.01817 22.0069 -0.00109303 1.00803 -0.000246481 0.000431452 0.0192587 -0.999814 -0.00179592 -0.00151464 -0.00737655 -0.000461949 -0.000943976 -0.000936466 -0.00164447 -0.00162268 -0.00736309 -0.000413923 -0.00100466 -0.000898551
281.276 1.01841 22.0095 -0.00225082 1.00913 -0.00017664 0.000631865 0.0195534 -0.999809 -0.00356393 0.000541268 -0.0082534 0.000292026 -0.000376629 -0.000230797 -0.00359273 0.000398389 -0.00824905 0.000292026 -0.000376629 -0.000230797
282.462 1.0069 22.0092 0.0012915 0.990702 -0.000379847 0.000748925 0.0194573 -0.99981 -0.0039281 0.000880021 0.00447369 0.00115437 -8.27571e-07 -1.76559e-05 -0.00395273 0.000730054 0.00447898 0.00115437 -8.27571e-07 -1.76559e-05
283.856 0.998143 22.0028 0.000681458 0.988602 -0.000372519 0.00047141 0.0194044 -0.999812 -0.00258384 0.00047652 0.013295 0.000848712 0.000541222 -0.000398975 -0.00268482 0.000353377 0.0135356 0.000832135 0.000552871 -0.000387814
284.95 1.01301 21.9965 -0.00347451 0.997336 -0.000166937 0.00015166 0.0194657 -0.999811 -0.000738693 -0.000510598 -0.000894323 -0.00128687 0.000910189 -0.00014726 -0.000718524 -0.000539267 -0.000893926 -0.00128687 0.000910189 -0.00014726
286.792 1.03426 21.9945 -0.00650616 1.02529 0.000235783 2.01926e-05 0.0195143 -0.99981 0.00196293 0.00315785 -0.0259072 0.00111085 1.89685e-05 -0.000683044 0.00183693 0.00324423 -0.0259057 0.00111085 1.89685e-05 -0.000683044
288.04 1.02581 21.993 0.000677277 1.01209 -6.6482e-05 -0.000153184 0.0196506 -0.999807 0.00179087 0.000477236 -0.0149486 0.000660027 0.000291495 0.000124352 0.00183114 0.000542072 -0.015989 0.000276319 -3.01487e-06 6.59351e-05
289.168 1.01297 21.9979 0.00350864 1.0029 -0.000212746 7.67907e-05 0.0194273 -0.999811 0.00143328 -0.00246569 -0.00172899 -0.000208505 8.78583e-05 -0.000350266 0.00159091 -0.00236774 -0.0015201 -0.000218352 0.000115213 -0.000300644
290.302 1.02071 21.9997 0.0064221 1.00778 -0.000419073 8.68934e-05 0.0195819 -0.999808 -4.07685e-05 -0.00287777 -0.00968544 0.000181757 -0.000141491 0.000415243 0.00011983 -0.00283052 -0.0100953 0.000176545 -0.000186021 0.000413333
291.522 1.00418 22.0029 0.0111335 0.995259 -0.000872263 0.000253609 0.0193582 -0.999812 -0.000469384 -0.00259435 0.00623242 0.00102189 -0.000458341 4.9052e-05 -0.000365656 -0.00259964 0.00623716 0.00102189 -0.000458341 4.9052e-05
292.742 1.01095 22.0037 0.0103957 1.00127 -0.00100306 0.000269152 0.0195322 -0.999809 -0.00228669 -0.00377817 -0.000207027 -0.000525115 0.000273552 -5.22796e-05 -0.00216277 -0.00381602 0.00037986 -0.000402271 0.000418158 -8.11921e-05
293.928 1.01676 22.0046 0.00219905 1.00157 -0.000647377 0.000375378 0.0193753 -0.999812 -0.00230776 -0.00275859 -0.00479386 -0.00153941 -0.000143792 -0.000631731 -0.00220817 -0.0028662 -0.00568003 -0.00125778 3.75899e-05 -0.000600862
295.026 1.00943 22.0065 -0.00799949 1.00077 -5.46127e-06 0.000633051 0.019467 -0.99981 -0.00189251 0.000811591 0.000402856 -0.000754687 -0.000236724 -4.1773e-05 -0.0018641 0.000380995 0.00162216 -0.000861143 -0.000233866 1.98718e-05
296.256 1.02645 22.0035 -0.0101933 0.994902 8.48089e-05 0.000487999 0.0195108 -0.99981 -0.00165314 0.00345486 0.00326362 -0.00084518 -0.000156132 -0.000408723 -0.00189437 0.00342415 0.00252139 -0.000814843 -5.45558e-05 -0.000424632
297.388 1.03558 21.9992 -0.00769382 1.01049 1.29928e-05 0.000316632 0.0194702 -0.99981 -0.00113262 0.00467501 -0.00861152 -3.54106e-05 0.00132235 -0.000126319 -0.00131923 0.00462749 -0.00861062 -3.54106e-05 0.00132235 -0.000126319
298.538 1.03408 21.994 -0.00276255 1.00677 -0.000207348 6.16456e-05 0.0194251 -0.999811 0.00107042 0.00373334 -0.00522459 0.000802553 0.00119368 0.000440629 0.000861131 0.00388676 -0.00486606 0.000999364 0.00119332 0.000505783
300.426 1.03882 21.9916 -0.000741821 1.01149 -0.000125527 -0.000241515 0.0196642 -0.999807 0.00347153 0.00117704 -0.011121 0.000558443 -0.000146709 0.000768406 0.00342077 0.00126001 -0.0106689 0.000446024 -0.000214097 0.000732684
301.534 1.0381 21.9958 -0.000960045 1.00922 -0.000129039 -0.000101782 0.0194117 -0.999812 0.00283349 0.000130325 -0.0094341 -8.59895e-05 -0.000925591 -0.000100443 0.00287737 0.000314069 -0.00899387 2.22079e-05 -0.000894636 -8.40705e-05
303.456 1.01948 22.0012 0.000289158 0.988906 -0.000167302 7.6715e-05 0.0194604 -0.999811 -0.000646372 -8.82208e-05 0.0111961 -0.000116038 -0.000274904 -3.77273e-06 -0.000640805 -0.000109527 0.0111963 -0.000116038 -0.000274904 -3.77273e-06
304.526 1.01905 22.0064 0.00293192 0.990666 -0.000299882 0.000426823 0.0195227 -0.999809 -0.00133104 -0.00074635 0.0106044 0.000116139 -0.000699696 -0.000174262 -0.00129196 -0.000791206 0.010606 0.000116139 -0.000699696 -0.000174262
305.678 1.02395 22.0055 0.00688082 0.997157 -0.000647463 0.000390697 0.0195068 -0.999809 -0.00258096 -0.00180403 0.00437039 -1.76658e-06 -0.000287741 8.39431e-05 -0.00255182 -0.00180231 0.00482977 0.000236973 -0.000245334 9.65451e-05
306.794 1.02759 22.0033 -0.000542325 0.997434 -7.65503e-05 0.00042765 0.0196636 -0.999807 -0.0032265 -0.00245836 0.00221946 -0.00030679 0.00173544 0.000473044 -0.00301896 -0.00276244 0.00208828 -0.000466334 0.001543 0.000432577
307.928 1.03421 22.0004 -0.00162184 1.00189 -0.000102574 0.000194732 0.0195643 -0.999809 -0.00097151 0.000113551 -0.00420699 0.000305767 -0.000266703 0.000934338 -0.00103266 3.01099e-05 -0.0046884 0.000298701 -0.00021951 0.000967638
309.89 1.02244 22.0017 0.00182141 0.993054 -0.000328078 0.000344565 0.0194625 -0.999811 7.46927e-05 0.000454818 0.00807314 0.00106654 3.98691e-05 -5.67145e-05 7.0683e-05 0.000430256 0.00807228 0.000913819 0.000281855 -7.06236e-05
310.958 1.0227 21.9999 0.00329771 0.992539 -0.000487293 0.000244235 0.0195858 -0.999808 -0.00123754 -0.0010149 0.00786263 -0.000338646 0.0012229 0.000934304 -0.0011965 -0.0010193 0.00793585 -0.000384717 0.00121366 0.000951909
312.048 1.01241 22.0019 -0.000633682 0.984346 -0.000214319 0.000424469 0.0194045 -0.999812 0.000416628 -0.000738963 0.0175266 -3.66654e-05 -0.000263235 9.85018e-05 0.000459717 -0.000714441 0.0175265 -3.66654e-05 -0.000263235 9.85018e-05
313.942 1.01806 21.9994 0.000319444 0.984597 -0.000340691 0.00021979 0.0195734 -0.999808 -3.54834e-05 0.000405168 0.013618 -3.63416e-05 -0.000154702 0.000130297 -4.55109e-05 0.000412863 0.0136177 -3.63416e-05 -0.000154702 0.000130297
315.044 1.01904 21.9998 -0.002438 0.99221 -7.48885e-05 0.000266831 0.0194283 -0.999811 0.000143561 0.000728143 0.00968122 0.000381048 0.000182411 -0.000171439 0.000120302 0.00073472 0.00968104 0.000381048 0.000182411 -0.000171439
316.858 1.03692 21.9976 -0.000956637 1.00652 -0.00018915 0.000158861 0.019507 -0.99981 -0.000601216 -0.00038937 -0.0067431 -0.000900796 0.00123524 0.000541016 -0.000587662 -0.000415117 -0.00674276 -0.000900796 0.00123524 0.000541016
318.062 1.03264 21.9969 -0.000945013 1.0014 -0.000140542 7.294e-05 0.0193916 -0.999812 0.00199205 2.12324e-05 -0.00228664 6.71606e-05 -0.000896079 -4.29844e-05 0.00190528 9.67953e-05 -0.00139155 6.18933e-05 -0.000770955 -1.7757e-05
319.156 1.0221 21.9963 -0.000701794 0.989798 -0.000120792 -1.57332e-05 0.0195656 -0.999809 0.000966051 -0.000346167 0.0103774 -5.3136e-05 0.000230477 0.0005703 0.000868593 -0.00032723 0.00991126 -6.91991e-05 0.000355944 0.000567925
320.292 1.04215 21.9993 0.00136755 1.01387 -0.000294569 0.000223971 0.0194464 -0.999811 0.000936238 -0.000888759 -0.0136404 -0.000698911 0.000227809 -0.00012414 0.000964137 -0.000859835 -0.0136403 -0.000698911 0.000227809 -0.00012414
322.254 1.03213 22.0005 0.00398941 1.00033 -0.000392018 0.000256218 0.0195695 -0.999808 0.000613428 -0.00176482 -0.00154808 0.000276683 -4.87997e-05 0.000159621 0.000656696 -0.00168334 -0.00207503 0.000261695 -7.70294e-05 0.000116097
324.188 1.00521 22.0023 0.00245186 0.982668 -0.000346773 0.00046354 0.0195137 -0.99981 -0.000119394 -0.00153644 0.0230842 -1.78344e-05 7.69674e-05 -0.000239694 1.04241e-06 -0.001551 0.0244881 -0.000154816 -0.000109685 -0.000280383
325.268 1.02332 21.999 -0.000596934 0.993293 -0.000162629 0.000268039 0.0192979 -0.999814 0.000468242 -0.00166402 0.00732643 -0.000503065 0.000203892 -0.00101929 0.000535986 -0.00164225 0.0073267 -0.000503065 0.000203892 -0.00101929
326.388 1.0377 21.9983 -0.00067824 1.00716 -0.000188095 0.000280638 0.0197075 -0.999806 0.00125243 -2.60923e-05 -0.00789331 7.79228e-05 0.000255509 -3.74819e-05 0.00123791 3.35507e-07 -0.00774325 7.87629e-05 0.000275053 -0.000156787
327.518 1.03613 21.9939 0.00143573 1.00472 -0.000344428 -7.32887e-05 0.0194019 -0.999812 0.00223987 0.000299258 -0.00444896 0.000613295 -0.000340504 -0.000611523 0.00222728 0.000382881 -0.00444887 0.000613295 -0.000340504 -0.000611523
328.736 1.02995 21.9958 -0.00041876 1.00137 -0.000146191 8.19134e-05 0.0194797 -0.99981 0.0027154 -0.000100123 0.000564173 0.000654107 0.000155656 4.83423e-05 0.00271733 5.89042e-06 0.000563742 0.000654107 0.000155656 4.83423e-05
329.886 1.02067 21.9956 -0.00121321 0.990016 -0.000101595 -2.24491e-05 0.0195888 -0.999808 0.00194968 -0.000467212 0.0107905 -0.000101693 0.000111661 -0.000373766 0.00196596 -0.000388302 0.0107907 -0.000101693 0.000111661 -0.000373766
331.1 1.03214 21.9989 0.00163983 1.00249 -0.000317229 0.000114645 0.0194664 -0.999811 0.00260905 -0.000108932 -0.00128862 0.000570823 -0.00139384 -0.000387128 0.00261103 -8.11484e-06 -0.00128918 0.000570823 -0.00139384 -0.000387128
332.27 1.03307 22.0001 0.00477211 1.00355 -0.000540326 0.000121216 0.019475 -0.99981 0.000645628 -0.000271681 -0.00279397 0.000718819 -0.000383948 -0.000668785 0.0006551 -0.000249365 -0.00279384 0.000718819 -0.000383948 -0.000668785
