35.86 0.624243 0.23193 -0.00152587 0.543068 -0.000209691 -0.00912534 0.00612242 -0.99994 0.104207 -0.0016412 0.0609605 -0.00206792 0.00220669 0.000354194 0.103089 -0.000346004 0.0628527 -0.00206792 0.00220669 0.000354194
36.284 0.636066 0.282011 -0.00243195 0.583173 -8.77988e-05 -0.00942635 0.00574955 -0.999939 0.112396 -0.000842159 0.0729314 0.00115132 -0.00174561 -0.00112998 0.111003 0.000455353 0.0750374 0.00115132 -0.00174561 -0.00112998
36.974 0.67764 0.370334 0.000329219 0.658451 -0.000374234 -0.0102128 0.00615327 -0.999929 0.125559 0.000899112 0.0602244 -0.000266142 -0.00066025 0.000141793 0.123727 0.00254255 0.0623209 -0.000303093 -0.000647878 0.000156626
37.586 0.728318 0.453684 -0.00182777 0.727206 -0.000226373 -0.0112344 0.0060069 -0.999919 0.137557 -0.000196033 0.0328746 -0.00453218 0.0123686 -0.000773807 0.136121 0.00147961 0.0516667 -0.00259824 0.00455149 -0.00103883
38.222 0.760626 0.549486 -0.00497803 0.764563 9.5186e-05 -0.012637 0.00541772 -0.999905 0.159069 0.000923433 0.0302702 0.000519793 -0.0034429 0.00813769 0.157337 0.00255812 0.0342187 0.000460954 -0.00425775 0.00762541
38.658 0.791755 0.620898 -0.00716115 0.795038 3.23128e-05 -0.0131867 0.00371175 -0.999906 0.169242 0.00033128 0.0331509 -0.00108192 -0.000355007 0.00903374 0.167572 0.00178128 0.037569 -0.000968721 0.000433355 0.0091212
39.348 0.812627 0.740795 -0.00789951 0.805938 9.12881e-05 -0.0145108 0.00144298 -0.999894 0.182249 0.00186072 -0.00835347 0.00102984 -0.00196892 0.0082052 0.182409 0.00238801 -0.00306106 0.00102984 -0.00196892 0.0082052
39.766 0.801585 0.820455 -0.00760604 0.800125 0.000527205 -0.0145159 -0.000339282 -0.999894 0.190874 0.00320614 -0.00320954 -0.000717451 -0.000717031 0.00942942 0.190409 0.00291543 0.0024138 -0.000895433 -0.000728654 0.0092755
40.434 0.809723 0.94623 -0.00701063 0.810158 0.000152965 -0.0148989 -0.00352086 -0.999883 0.196727 0.00331829 -0.0169518 0.00011102 0.00140795 0.0110823 0.197164 0.00193558 -0.0110818 0.00011102 0.00140795 0.0110823
40.93 0.817054 1.04674 -0.00429674 0.815194 -4.16464e-05 -0.0151615 -0.00539686 -0.99987 0.204578 0.00410463 -0.0169088 0.00499305 -0.000524906 0.00644667 0.20474 0.00184927 -0.0108754 0.00407044 -0.000678199 0.00667542
41.376 0.812972 1.14051 0.000611582 0.810922 -0.000493244 -0.0155054 -0.00636628 -0.999859 0.20899 0.00383809 -0.0144505 0.000557185 0.000669651 -0.00158332 0.209369 0.00116327 -0.00796525 0.000557185 0.000669651 -0.00158332
41.874 0.814873 1.24547 1.89324e-05 0.814204 -0.000205831 -0.015462 -0.00567006 -0.999864 0.213252 0.000524659 -0.0161667 -0.0119095 -0.00195107 -0.00760233 0.213642 -0.00190148 -0.0095649 -0.0119095 -0.00195107 -0.00760233
42.366 0.808483 1.34846 0.0022677 0.805331 0.00129994 -0.0150229 -0.00651708 -0.999865 0.211693 0.0093231 -0.0187159 0.00338185 0.00245492 0.0157392 0.212346 0.00614411 -0.0125336 0.00342547 0.00243078 0.0148279
42.826 0.799894 1.443 0.00527059 0.796608 0.000918656 -0.015426 -0.0114659 -0.999815 0.211525 0.0112221 -0.0174103 -0.000639253 0.00184855 0.0243414 0.212163 0.00638922 -0.0108571 -0.000639253 0.00184855 0.0243414
43.282 0.797746 1.538 0.0107574 0.794666 -0.00106745 -0.0158215 -0.0147323 -0.999766 0.213818 0.0057002 -0.00248109 -0.00159051 0.000845477 0.0063943 0.213865 -0.000600108 0.00428162 -0.00159051 0.000845477 0.0063943
43.718 0.795224 1.63257 0.0120559 0.793545 -0.000647053 -0.0160074 -0.0137164 -0.999778 0.214628 0.000551371 -0.00156348 -0.00167203 0.00203247 -0.0132445 0.214389 -0.0050049 0.00513494 -0.00189291 0.00187458 -0.0109812
44.208 0.781861 1.738 0.0137495 0.780017 0.000913144 -0.0162728 -0.0105142 -0.999812 0.218664 0.00364358 0.00692778 0.000134457 -0.000771634 -0.00678653 0.217857 -0.00182462 0.0138702 -0.00208573 -0.000324924 -0.00869048
44.666 0.785311 1.84675 0.0195065 0.785292 0.000435046 -0.0157384 -0.0110316 -0.999815 0.224067 0.00907714 0.00732746 0.00129755 -0.00133759 0.00771925 0.223871 0.00412532 0.0143844 0.00129755 -0.00133759 0.00771925
45.138 0.782498 1.96199 0.0241773 0.77827 0.000579814 -0.0157532 -0.0131878 -0.999789 0.226435 0.0102991 0.0066322 -0.00279099 -0.00211214 0.013189 0.22604 0.0043184 0.0135219 -0.0037005 -0.00233297 0.0126736
45.598 0.776795 2.0692 0.0287515 0.777578 0.000568876 -0.0156964 -0.016679 -0.999738 0.228226 0.0122977 0.00891165 0.000926089 0.000512509 0.0171429 0.228012 0.00473336 0.0160852 0.000794397 0.000339784 0.0172568
46.064 0.788512 2.1719 0.0338356 0.791048 0.000456591 -0.0158349 -0.0210446 -0.999653 0.228108 0.0126147 0.0108309 -0.000363837 0.00178035 0.0107163 0.227979 0.00299999 0.0180626 -0.000363837 0.00178035 0.0107163
47.074 0.822771 2.39984 0.0481515 0.823945 8.63062e-05 -0.0166603 -0.0235304 -0.999584 0.232331 0.0120067 0.0221162 0.000690759 0.00122809 0.00302592 0.231688 0.00106834 0.0296376 0.000475067 0.00132858 0.0033817
47.544 0.844649 2.50883 0.0531043 0.850179 -9.30194e-05 -0.017439 -0.0240004 -0.99956 0.236421 0.0105833 0.0390945 -0.000962628 -0.000793571 -0.00133837 0.234733 -0.000489747 0.047333 -0.00084111 -0.000208952 -0.00110814
47.974 0.872801 2.60946 0.0558211 0.876649 6.52288e-05 -0.0178095 -0.0235484 -0.999564 0.242128 0.00958221 0.0391661 -0.000538895 -0.000884767 -0.00415749 0.240763 -0.00179975 0.0477705 -0.000538895 -0.000884767 -0.00415749
48.42 0.86349 2.72061 0.0620936 0.899395 9.77478e-05 -0.0183145 -0.0225966 -0.999577 0.249024 0.0109704 0.0354099 -0.00393525 -0.00200097 -0.00143484 0.247153 -0.000337731 0.0475793 -0.000733854 -0.00114288 -0.0015736
48.862 0.774862 2.83632 0.0701689 0.917817 0.000606022 -0.0176199 -0.0233353 -0.999572 0.252333 0.0152638 0.0318371 0.00123438 0.000629708 0.00677139 0.251308 0.00332321 0.0407969 0.00138883 0.000188478 0.00613043
49.29 0.707855 2.93065 0.0742172 0.935202 0.000372221 -0.015769 -0.0251657 -0.999559 0.247902 0.0151619 0.0285319 -0.000508552 -0.00129178 0.00863597 0.247328 0.00266942 0.0363513 -0.000508552 -0.00129178 0.00863597
49.738 0.639205 3.03833 0.0790335 0.936185 0.00083455 -0.0147509 -0.0270423 -0.999525 0.236449 0.0148226 0.0153177 -0.00826675 -0.00130682 0.00998576 0.237125 0.00186079 0.0228226 -0.00937999 -0.00220356 0.00899626
50.146 0.591426 3.13151 0.0835842 0.944983 0.000949173 -0.0135638 -0.0297631 -0.999465 0.224476 0.0171104 0.0140705 0.000477802 0.0025691 0.0220923 0.225614 0.00370373 0.0201657 0.000492043 0.000694697 0.021083
51.066 0.522778 3.32182 0.0989697 0.941679 0.000439934 -0.012073 -0.0398065 -0.999134 0.209877 0.0183785 0.00606874 0.00724482 -0.0980477 0.0221061 0.210465 0.00162405 0.0111568 0.00724482 -0.0980477 0.0221061
51.504 0.497695 3.40206 0.106283 0.941262 -0.000403026 -0.00171917 -0.0438974 -0.999035 0.145658 0.010505 0.00763549 -0.000968626 0.0273598 0.0185649 0.150036 -0.00209014 0.00860073 -0.00105693 0.0278422 0.0185635
52.014 0.491177 3.45967 0.109538 0.948964 -9.03786e-05 -0.0011277 -0.051178 -0.998689 0.105473 0.00662025 0.00103819 0.000241173 0.000321031 0.0508942 0.105595 -0.00419576 0.0012763 0.000241173 0.000321031 0.0508942
52.928 0.483861 3.53442 0.118693 0.980118 0.00146303 -0.0143986 -0.0801272 -0.99668 0.124093 0.0164183 0.00563884 0.00145145 -0.0260393 0.0560476 0.124907 -0.00362178 0.00925482 0.00145145 -0.0260393 0.0560476
53.392 0.477693 3.58788 0.126026 0.993269 0.000798094 -0.0115155 -0.0902039 -0.995856 0.147039 0.0216605 0.00904474 0.0195121 -0.000732131 0.0390647 0.147403 -0.00480855 0.00978092 0.0081205 -0.00246925 0.0411828
54.264 0.463682 3.7045 0.141164 1.01171 -4.84274e-05 -0.0112264 -0.090708 -0.995814 0.153459 0.0133321 0.0105919 -0.00122843 0.000169982 -0.0256562 0.15316 -0.0146764 0.0140467 -0.00130772 0.000176407 -0.0246223
55.092 0.474227 3.82141 0.154178 1.00838 0.000269599 -0.00980851 -0.081192 -0.99665 0.148771 0.012313 0.00234262 -0.00539135 -0.0846562 -0.0242898 0.148728 -0.0119247 0.00527055 -0.00539135 -0.0846562 -0.0242898
55.588 0.488032 3.88521 0.16339 1.01772 -1.797e-05 -0.00256799 -0.076019 -0.997103 0.0967958 0.00685456 -0.00692125 0.000577364 0.0173624 -0.0192012 0.0993353 -0.00806415 -0.00568362 0.000547846 0.0198518 -0.0193854
56.046 0.505248 3.93175 0.16937 1.02942 0.000205586 -0.00185735 -0.0727167 -0.997351 0.0749599 0.00426109 -0.00388436 -0.00365077 -0.0184786 -0.000501073 0.0766249 -0.00686 -0.00298302 -0.00414315 -0.0210073 -0.00377345
56.53 0.519343 3.96774 0.175471 1.03572 8.365e-05 -0.00133818 -0.0811852 -0.996698 0.0529755 0.00329204 -0.00768865 0.00184687 -0.000770875 0.0652992 0.0528304 -0.005325 -0.00754676 0.00184687 -0.000770875 0.0652992
56.974 0.529901 3.99337 0.182102 1.02823 -0.00087362 -0.00104872 -0.0906782 -0.995879 0.0395316 0.000115846 -0.00531654 0.00201995 -0.00156433 -0.0084783 0.0397302 -0.0068716 -0.00553468 0.00252822 -0.00166979 -0.0029694
57.454 0.53789 4.0121 0.185514 1.0322 -0.000490996 -0.000694542 -0.0761949 -0.997093 0.0288452 -0.00369044 -0.00562761 -0.00258873 -0.00169777 -0.107986 0.0279568 -0.0080366 -0.00558227 -0.00258873 -0.00169777 -0.107986
57.934 0.545374 4.02743 0.188654 1.03447 -0.000256402 -0.000242542 -0.0479653 -0.998849 0.0198015 -0.00299325 -0.00686574 0.000138884 -0.00234325 -0.117779 0.0194267 -0.00488054 -0.00685419 0.000138884 -0.00234325 -0.117779
58.726 0.55526 4.05054 0.191825 1.04182 -0.000988868 -0.0157635 -0.0151578 -0.99976 0.0541112 -0.00420805 0.0367187 -0.00101199 0.00742693 -0.0654464 0.0527755 -0.00575429 0.0384139 -0.00101199 0.00742693 -0.0654464
59.718 0.618341 4.14571 0.192524 1.03701 0.000340636 -0.000449832 0.00912985 -0.999958 0.068 -0.00113812 0.0205927 0.00213528 0.0196192 -0.038964 0.0706737 -0.000229193 0.01975 0.00214468 0.0196755 -0.0391138
60.532 0.659514 4.20028 0.197253 1.03586 -6.84812e-06 -0.00129927 0.0236016 -0.999721 0.0439764 0.000982735 0.00994307 0.00281675 -0.0221655 -0.0414018 0.0447985 0.0029475 0.00618053 0.0028007 -0.0211984 -0.0400809
61 0.679852 4.23237 0.197369 1.06218 -0.00153386 -0.015571 0.0337445 -0.999308 0.089744 -0.00863931 0.0602305 -0.00278447 -0.0216963 -0.0436714 0.0881977 -0.00244143 0.0630202 -0.00278447 -0.0216963 -0.0436714
61.496 0.726704 4.28538 0.192374 1.10009 -0.00113671 -0.0133964 0.0429491 -0.998987 0.119392 -0.0143758 0.0590254 -0.000546609 -0.00198771 -0.0324684 0.118556 -0.00400781 0.0622372 -0.000546609 -0.00198771 -0.0324684
61.962 0.787125 4.35798 0.184216 1.13529 -0.00110802 -0.0142116 0.050162 -0.998639 0.137133 -0.0179436 0.0620053 -0.000206573 -0.00332522 -0.0234992 0.136418 -0.0040611 0.0659226 -0.000206573 -0.00332522 -0.0234992
62.414 0.854688 4.44203 0.176371 1.17114 -0.0017666 -0.0143381 0.0555514 -0.998351 0.155183 -0.0205228 0.0830817 0.013027 -0.0207719 -0.0206123 0.153082 -0.0028702 0.0849049 0.0128108 -0.0179261 -0.0200873
62.876 0.925354 4.53698 0.165827 1.2259 -0.002378 -0.0146915 0.0620055 -0.997965 0.167661 -0.0282865 0.0898833 -0.00257343 -0.00174589 -0.0338233 0.165634 -0.00717828 0.0943912 -0.0017345 -0.000120888 -0.0327819
63.314 0.9911 4.62848 0.153776 1.26755 -0.00237391 -0.0158566 0.0695993 -0.997446 0.182337 -0.0326405 0.0976403 -2.22009e-05 -0.000900816 -0.0359497 0.180253 -0.00642647 0.103273 8.78927e-05 -5.68534e-08 -0.036021
63.96 1.1117 4.77942 0.126837 1.32166 -0.0022461 -0.016839 0.0803324 -0.996623 0.211176 -0.0416442 0.0929194 -0.000983989 -0.00360653 -0.0301916 0.209853 -0.00723624 0.099249 -0.000342412 -0.00390469 -0.0307666
64.478 1.20914 4.90475 0.102553 1.37311 -0.000606036 -0.01883 0.086754 -0.996052 0.234 -0.0472784 0.0895381 -0.0633201 -0.0195735 -0.0206834 0.235114 -0.00630519 0.0984392 -0.0633201 -0.0195735 -0.0206834
65.342 1.22113 5.09316 0.0805188 1.42511 0.000955325 -0.0194925 0.076139 -0.996906 0.208154 -0.0146963 0.00187019 0.0468663 -0.234824 0.0569145 0.207742 0.0170565 0.0100045 0.0468663 -0.234824 0.0569145
65.794 1.22665 5.16972 0.0762011 1.43179 -0.000141189 0.00129177 0.0648009 -0.997897 0.130505 -0.0111398 -0.0132227 -0.00219734 0.0407937 0.0589557 0.130816 0.00582592 -0.0135603 -0.00219734 0.0407937 0.0589557
66.734 1.22711 5.27005 0.0730261 1.43706 -0.0044774 -0.0263781 0.0352073 -0.999022 0.104428 -0.0155865 0.171216 0.00909038 0.0794029 0.0364433 0.0852121 -0.00547709 0.176507 0.0159798 0.151984 0.0447789
67.186 1.23358 5.34804 0.0654714 1.49958 -0.00392304 -0.020696 0.0358783 -0.999134 0.195171 -0.033872 0.166221 -0.00303697 -0.0170981 -0.0314849 0.190003 -0.0187032 0.174406 -0.00303697 -0.0170981 -0.0314849
68.06 1.25906 5.55392 0.0401384 1.63679 0.00101129 -0.0218824 0.0501299 -0.998502 0.250459 -0.0204124 0.113602 0.00755818 -0.00906019 -0.00430587 0.246052 0.00427388 0.124467 0.00755818 -0.00906019 -0.00430587
68.51 1.1817 5.68766 0.028732 1.70471 -0.00506041 -0.0206172 0.048085 -0.998618 0.262799 -0.0219073 0.114996 0.0182468 -0.00539838 0.00542544 0.258668 0.00442264 0.12585 0.0182468 -0.00539838 0.00542544
68.948 1.11103 5.81313 0.0131781 1.75811 -0.00427444 -0.0193665 0.0509733 -0.998503 0.260251 -0.039158 0.105863 -0.00313964 0.00159241 -0.0316137 0.258542 -0.0117234 0.116143 -0.00313964 0.00159241 -0.0316137
70.13 0.870508 6.05943 -0.0226109 1.79681 4.76324e-05 0.0014844 0.0550399 -0.998483 0.0958219 -0.0107659 -0.0114081 0.00127141 -0.00148521 0.059254 0.0984447 1.4191e-05 -0.0119645 0.00163403 -0.00247053 0.0565705
70.592 0.818367 6.11292 -0.0291918 1.78529 0.000994149 -0.0214945 0.0415041 -0.998907 0.163436 -0.00891299 -0.0122676 0.00405579 -0.037466 0.061466 0.156429 0.00450284 -0.00451969 0.0042421 -0.0228674 0.0626546
71.684 0.631827 6.31639 -0.0350363 1.75803 -0.00235038 -0.0142749 0.0186094 -0.999722 0.231648 -0.0178684 0.0156793 -0.00200395 -0.00170864 0.0132189 0.231608 -0.00915572 0.0223576 -0.00200395 -0.00170864 0.0132189
72.178 0.570876 6.4124 -0.0394154 1.76627 -0.00105846 -0.0098783 0.0203152 -0.999744 0.222183 -0.0249271 0.0112586 -0.00101362 0.00707796 -0.0235932 0.222746 -0.0158574 0.015698 -0.00101362 0.00707796 -0.0235932
72.616 0.517903 6.49418 -0.0412874 1.7803 -0.000777419 -0.00955095 0.0260877 -0.999614 0.20958 -0.0240356 0.0100954 0.000147589 0.00278618 -0.0282241 0.211134 -0.0134618 0.0140591 0.000359797 0.00137363 -0.028405
73.112 0.476801 6.576 -0.0416801 1.78977 -0.000723468 -0.00877262 0.0319039 -0.999452 0.199008 -0.022007 0.0469073 0.00231666 -0.0126703 -0.0234155 0.199151 -0.00922678 0.0504248 0.00231666 -0.0126703 -0.0234155
73.598 0.467322 6.64887 -0.0425485 1.83059 -0.000919684 -0.00649652 0.0375367 -0.999274 0.179957 -0.0212176 0.0858256 0.000369327 0.00648214 -0.0281978 0.180834 -0.00758654 0.0880002 0.000476242 0.00677989 -0.0279296
74.204 0.504627 6.72388 -0.0449802 1.89619 -0.000856526 -0.00687329 0.0456411 -0.998934 0.168108 -0.0207969 0.0928326 -0.00183998 -0.00693397 -0.0302334 0.168415 -0.0054888 0.0869734 -0.000158454 0.000670603 -0.0303866
74.732 0.538186 6.78329 -0.0483621 1.94072 -0.000641838 -0.00600431 0.0519579 -0.998631 0.159614 -0.0197732 0.0312126 -0.00396419 -0.0508015 -0.0232089 0.160533 -0.00306844 0.0704426 -0.00250391 -0.0293673 -0.0234904
75.18 0.533794 6.82421 -0.0511922 1.93284 3.18124e-05 0.00102293 0.0559123 -0.998435 0.122729 -0.0141509 0.0042541 0.000747974 0.0130461 -0.0195471 0.126831 -0.000536073 0.00347564 0.000735307 0.0119185 -0.0196011
75.676 0.537095 6.85089 -0.0512116 1.93917 -0.00016325 -0.000628655 0.0601465 -0.998189 0.0980121 -0.0105834 0.00895782 -0.000530813 0.0068145 -0.0195197 0.0985622 0.00126422 0.00908315 -0.000530813 0.0068145 -0.0195197
76.144 0.568864 6.8789 -0.0508758 1.97818 0.000591141 -0.0107957 0.0609565 -0.998082 0.132614 -0.00827042 0.058229 0.00175139 -0.0193507 0.0185976 0.128652 0.00736159 0.0613697 0.00156469 -0.0192781 0.0172366
76.6 0.610539 6.91723 -0.050558 2.01529 0.000341231 -0.00974681 0.0545228 -0.998465 0.146725 -0.00656069 0.0592472 0.00180747 0.000640458 0.0401665 0.145389 0.00934918 0.0620997 0.00180747 0.000640458 0.0401665
77.06 0.644269 6.9624 -0.050503 2.05288 -0.000746294 -0.0114926 0.0469963 -0.998829 0.152397 -0.00958972 0.0626072 -0.000835426 -0.000102102 0.0250904 0.150401 0.00520292 0.0662249 -0.000528305 0.00138484 0.0268666
77.95 0.714995 7.07268 -0.0507113 2.10449 -0.00146129 -0.0130752 0.0425934 -0.999006 0.159816 -0.0109471 0.00890345 -0.00130311 0.00051428 -0.00361279 0.1587 0.00283849 0.0228149 -0.000239895 -0.000999283 -0.0018355
78.434 0.731699 7.15057 -0.0524347 2.10574 -0.00138088 -0.0147618 0.0440376 -0.99892 0.171012 -0.0105391 -0.00267994 3.64318e-05 -0.00115826 -0.00688727 0.171281 0.00455053 0.00238667 3.64318e-05 -0.00115826 -0.00688727
79.35 0.770207 7.32646 -0.0645395 2.08472 -0.000879228 -0.0032216 0.0459213 -0.99894 0.175895 -0.010055 0.00360203 -0.00126751 -0.157264 -0.00379938 0.176048 0.00613114 0.00474051 -0.00126751 -0.157264 -0.00379938
79.888 0.81739 7.41886 -0.0751823 2.08564 -0.000474124 0.000140344 0.0460825 -0.998938 0.0944042 -0.00329392 0.00234213 -0.0042686 -0.0125276 0.013772 0.0972232 0.00535085 0.00241699 -0.00467125 -0.012815 0.00814421
80.394 0.851095 7.47381 -0.0788539 2.08973 -0.000706958 0.000657423 0.0352891 -0.999377 0.0609078 0.00300684 0.00175359 0.00309384 -0.000171992 0.0692773 0.0605462 0.00729793 0.0016664 0.00309384 -0.000171992 0.0692773
80.862 0.869142 7.50552 -0.0810114 2.07868 0.000119197 -0.00747177 0.0201725 -0.999769 0.0494472 0.00512621 -0.0875805 -0.0299412 0.230143 0.069474 0.0505027 0.00716371 -0.0868321 -0.0299412 0.230143 0.069474
81.604 0.8644 7.59799 -0.0927233 1.99874 -0.00272272 -0.015403 0.0100567 -0.999827 0.169515 -0.00978448 -0.106633 -0.00359103 -0.0042967 -0.0170994 0.171051 -0.00652432 -0.101273 -0.00374844 -0.00514271 -0.0151293
82.274 0.902239 7.7152 -0.111862 1.93159 -0.00163567 -0.0152417 0.0179838 -0.999721 0.19035 -0.011008 -0.111547 -0.000296343 -0.00109307 -0.021537 0.193256 -0.00467634 -0.10581 -0.000327019 -0.00124444 -0.0225565
82.752 0.964733 7.80197 -0.125601 1.9163 -0.000760724 0.00311278 0.0213419 -0.999767 0.160315 -0.00823722 0.00239163 0.0010319 -0.0428627 -0.0135939 0.160532 -0.00138526 0.00139999 0.0010319 -0.0428627 -0.0135939
83.28 1.02935 7.88268 -0.138538 1.90325 -0.00256042 -0.0128178 0.0232726 -0.999644 0.105091 -0.00548326 -0.118489 0.0189221 0.206973 9.52278e-05 0.108248 -0.00111648 -0.115737 0.0189221 0.206973 9.52278e-05
83.804 1.0679 7.96097 -0.152042 1.85576 -0.00318597 -0.019051 0.0256808 -0.999484 0.184602 -0.0189947 -0.127751 -0.00179417 -0.0220698 -0.0214364 0.187313 -0.0100407 -0.120165 -0.0021135 -0.0278142 -0.0194553
84.272 1.14148 8.05316 -0.165796 1.84113 -0.000527038 0.00342707 0.0318663 -0.999486 0.167738 -0.0166444 0.0024893 -0.00139787 -0.0620247 -0.030076 0.168471 -0.00592311 0.00134839 -0.00139787 -0.0620247 -0.030076
84.762 1.12926 8.12831 -0.180433 1.82208 -0.00173515 -0.0144521 0.0379807 -0.999172 0.108125 -0.00938231 -0.211566 0.00571191 0.244664 -0.0172102 0.114617 -0.0016446 -0.208325 0.00571191 0.244664 -0.0172102
85.248 1.12903 8.21299 -0.192613 1.72254 -0.00232845 -0.0203914 0.0402551 -0.998979 0.196651 -0.0174128 -0.170053 0.0025621 -0.00971008 -0.00667846 0.204209 -0.00203319 -0.161825 0.0025621 -0.00971008 -0.00667846
85.756 1.1351 8.33199 -0.2096 1.63702 -0.00175176 -0.0135796 0.0420231 -0.999023 0.228515 -0.0226759 0.00872147 -0.0103196 -0.25299 -0.00810685 0.231575 -0.00329888 -0.0177136 -0.00829109 -0.209733 -0.00798189
86.444 1.12336 8.45573 -0.228412 1.62523 -0.000292255 0.000980676 0.0420977 -0.999113 0.102759 -0.0083728 0.00914299 -0.00195943 0.000204984 0.0337137 0.103117 0.000307101 0.00894327 -0.00195943 0.000204984 0.0337137
87.214 1.10322 8.52965 -0.241935 1.63771 -0.000605889 0.00061831 0.00939318 -0.999956 0.0509704 -0.00224278 0.00593954 0.00100577 -0.00231488 0.109256 0.0510108 -0.00127765 0.00587862 0.00100577 -0.00231488 0.109256
87.822 1.11137 8.57363 -0.249335 1.56834 0.00189703 -0.0259086 -0.0154947 -0.999542 0.118652 0.00853986 -0.116406 0.00343158 -0.0161791 0.0678826 0.124736 0.00519676 -0.110071 0.00343158 -0.0161791 0.0678826
88.322 1.12137 8.64096 -0.249888 1.54888 -0.00165407 0.00193966 -0.0287216 -0.999584 0.104511 0.00298598 0.0187782 -0.00370551 0.0365746 0.0495923 0.109751 -0.00236499 0.0184462 -0.0038551 0.0327486 0.0498949
88.798 1.11804 8.68936 -0.253497 1.54996 -0.00208817 -0.0117538 -0.0394162 -0.999152 0.0835521 -0.00202537 -0.118515 0.0280992 0.248787 0.0384589 0.0818275 -0.00838098 -0.105972 0.0282324 0.247902 0.0403889
89.656 1.13525 8.83456 -0.261799 1.48338 -0.000929138 -0.00342869 -0.0363701 -0.999332 0.198691 -0.00619596 0.00935291 -0.0197031 -0.235994 -0.0357081 0.203616 -0.0216556 0.0135747 -0.0273186 -0.262039 -0.0350691
90.184 1.13513 8.92847 -0.26726 1.4364 -0.00363293 -0.022107 -0.0260875 -0.999409 0.183126 -0.0124158 -0.127227 -0.00443534 -0.00766995 -0.0496474 0.187647 -0.0229887 -0.118896 -0.00443534 -0.00766995 -0.0496474
90.72 1.12681 9.04328 -0.277566 1.38949 2.25789e-05 -0.020918 -0.0146125 -0.999674 0.232354 -0.00775269 -0.125793 0.00154662 -0.00346485 -0.0325722 0.237086 -0.0146092 -0.115971 0.00154662 -0.00346485 -0.0325722
91.702 0.980897 9.28313 -0.287349 1.27542 -0.00298455 -0.0186515 -0.00586457 -0.999804 0.249927 -0.0130224 -0.0785457 0.00610507 0.00558608 -0.0278063 0.252509 -0.0164102 -0.0690848 0.00610507 0.00558608 -0.0278063
92.246 0.860317 9.4353 -0.298143 1.22348 -0.00246119 -0.0168194 0.00299963 -0.999851 0.244195 -0.0180628 -0.071236 -5.34346e-05 0.00787247 -0.0368339 0.246556 -0.0169207 -0.0628946 -5.34346e-05 0.00787247 -0.0368339
93.218 0.664019 9.68433 -0.320197 1.14058 -0.000595988 -0.016435 0.0165225 -0.999728 0.230279 -0.0165916 -0.0832656 -0.0141195 0.00362957 -0.0189182 0.233315 -0.0090245 -0.0756291 -0.0141195 0.00362957 -0.0189182
93.748 0.588729 9.81916 -0.329453 1.0961 -0.000545349 -0.0125183 0.01747 -0.999769 0.215666 -0.00881598 -0.0627931 0.00158136 0.00903235 0.00612485 0.217347 -0.00131503 -0.0573658 0.00158136 0.00903235 0.00612485
94.794 0.522341 10.0453 -0.343106 1.01359 -0.00151421 -0.0104683 0.0151406 -0.999829 0.183678 -0.0119998 -0.116598 -0.000903116 0.00378897 -0.0103441 0.186363 -0.00674346 -0.112695 -0.000903116 0.00378897 -0.0103441
95.322 0.544236 10.1473 -0.351905 0.956572 -0.00091579 -0.00962155 0.0186225 -0.99978 0.173887 -0.0125374 -0.109681 -0.000963305 0.00191245 -0.0142654 0.176315 -0.00621214 -0.106294 -0.000963305 0.00191245 -0.0142654
95.808 0.590064 10.2388 -0.359635 0.898538 -0.00088277 -0.010046 0.0209295 -0.99973 0.171919 -0.0117745 -0.114612 0.000100443 -0.00167725 -0.0056945 0.174574 -0.00478322 -0.111063 8.86254e-05 -0.00155558 -0.00610281
96.756 0.732549 10.3966 -0.370822 0.769216 -0.000575528 -0.0108359 0.0207376 -0.999726 0.177935 -0.00965877 -0.103576 0.000515865 -0.000325039 0.00683888 0.180387 -0.00234301 -0.0996855 0.000515865 -0.000325039 0.00683888
97.318 0.808221 10.4958 -0.378524 0.693599 -0.000644483 -0.0135626 0.0184374 -0.999738 0.192055 -0.0102315 -0.0896995 0.00424592 0.00724191 0.00750655 0.194665 -0.00321181 -0.0844445 0.00424592 0.00724191 0.00750655
97.854 0.749289 10.5972 -0.38195 0.636144 -0.00090849 -0.0154151 0.0172637 -0.999732 0.212203 -0.0114362 -0.102924 0.000122491 -0.00635176 0.00101497 0.215545 -0.00423075 -0.0963141 0.000122491 -0.00635176 0.00101497
98.378 0.68943 10.7062 -0.386029 0.575954 -0.000883723 -0.0135488 0.0173716 -0.999757 0.213996 -0.0118277 -0.0897208 -0.000865121 0.0029874 -0.00269487 0.216632 -0.00449859 -0.0838705 -0.000865121 0.0029874 -0.00269487
98.92 0.664338 10.8061 -0.393643 0.558545 -0.00144751 -0.013373 0.0191364 -0.999726 0.211801 -0.0160841 -0.00294755 -0.00101697 0.00160609 -0.0137137 0.212264 -0.00796712 0.00275985 -0.00101697 0.00160609 -0.0137137
99.866 0.683105 11.001 -0.407123 0.547655 -0.000297722 -0.0136259 0.0259921 -0.999569 0.207388 -0.0152053 0.0265025 -7.58839e-05 0.00139455 -0.0102157 0.207098 -0.00440982 0.0321585 -7.58839e-05 0.00139455 -0.0102157
100.398 0.729872 11.1131 -0.412483 0.551799 -0.000527837 -0.0140128 0.0264635 -0.999551 0.210961 -0.0121721 0.0265208 0.000764115 -0.00155155 0.00288453 0.21012 -0.00108918 0.0322587 0.000737625 -0.00135284 0.0022674
100.914 0.785883 11.2245 -0.416847 0.548601 -0.000624903 -0.0149537 0.0253222 -0.999567 0.216661 -0.0115194 0.0335123 0.00484144 -0.00491341 0.00613101 0.215483 -0.00059801 0.0343407 0.000594828 -0.00146011 0.0060599
101.466 0.872495 11.3391 -0.422404 0.585898 -0.00210104 -0.0149701 0.0263612 -0.999538 0.218841 -0.0190352 0.0614723 -0.00238177 0.00048716 -0.017197 0.217296 -0.00696584 0.0682582 -0.00249253 0.00117457 -0.0155324
101.974 0.872417 11.4499 -0.429939 0.636248 -0.00194735 -0.0168121 0.0317276 -0.999353 0.228927 -0.0224175 0.0637815 -0.000396087 -0.00265174 -0.0258926 0.227606 -0.00765978 0.0715203 -0.000396087 -0.00265174 -0.0258926
103 0.852251 11.6892 -0.451585 0.709241 -0.0011274 -0.0169682 0.040763 -0.999024 0.242263 -0.0216774 0.0728622 -0.00144361 0.000884765 -0.00913632 0.240606 -0.00180123 0.0810902 -0.00144361 0.000884765 -0.00913632
103.918 0.83705 11.919 -0.473262 0.76692 -0.00121005 -0.0168096 0.0424998 -0.998954 0.245517 -0.0204232 0.0674433 0.00196487 0.000648198 -0.00113362 0.243953 0.000574351 0.0757038 0.00196487 0.000648198 -0.00113362
104.436 0.82416 12.0508 -0.487933 0.782009 -0.00233415 -0.0162509 0.0446403 -0.998868 0.244316 -0.0276976 0.0185096 -0.00215355 0.00108876 -0.0169514 0.245077 -0.00572084 0.0265498 -0.00215355 0.00108876 -0.0169514
104.946 0.81952 12.1755 -0.50216 0.806286 -0.00171984 -0.0164646 0.049646 -0.99863 0.244917 -0.0295869 0.0189221 -0.00314959 0.00373187 -0.0218516 0.245725 -0.00531274 0.0269147 -0.00391939 0.0038991 -0.0220859
105.468 0.816711 12.3085 -0.516702 0.791652 -0.00308593 -0.0154051 0.0545529 -0.998387 0.244678 -0.0315026 -0.0470071 0.00412694 -0.00928879 -0.0228945 0.248439 -0.00431091 -0.0395063 0.00556424 -0.0106359 -0.0221821
105.974 0.776869 12.4293 -0.533921 0.770902 -0.00277557 -0.01558 0.0616344 -0.997973 0.240161 -0.0374933 -0.0426581 -0.00114612 0.00135131 -0.0359989 0.24417 -0.00779711 -0.0349709 -0.00114612 0.00135131 -0.0359989
106.478 0.767279 12.5466 -0.555365 0.767237 -0.00184678 -0.0157331 0.0697581 -0.997438 0.239389 -0.0381346 0.0128515 -0.000479878 0.00298384 -0.0270093 0.241838 -0.00441711 0.0205209 -0.000479878 0.00298384 -0.0270093
106.968 0.732347 12.6556 -0.575783 0.760683 -0.00176341 -0.0156499 0.0742955 -0.997112 0.240617 -0.0386261 0.0130713 0.000112347 -1.91204e-05 -0.0170144 0.243125 -0.00257023 0.0207163 0.00010123 -0.000211655 -0.0173076
107.864 0.697563 12.8735 -0.610751 0.766073 -0.000859813 -0.0153878 0.0797169 -0.996698 0.23733 -0.0362923 0.00564411 -0.00141662 -0.000252699 -0.00480645 0.239968 0.00136432 0.0129746 -0.00345687 -4.76662e-05 -0.00630086
108.642 0.61631 13.0486 -0.632978 0.783027 -0.0012113 -0.014838 0.0782062 -0.996826 0.232798 -0.0315785 0.00378723 0.000559835 0.000500378 0.00863796 0.234717 0.0051317 0.0107987 0.000540259 0.000555984 0.00860715
109.156 0.582114 13.1691 -0.650588 0.790682 -0.000292805 -0.0124074 0.0759212 -0.997037 0.223839 -0.0297491 0.0247801 -0.00344905 0.0014588 0.0117843 0.226172 0.00419998 0.0307655 -0.00445132 0.000309924 0.0113136
109.666 0.573222 13.273 -0.666711 0.806315 -0.000391595 -0.0122965 0.0716089 -0.997357 0.214454 -0.0261177 0.023473 0.000498877 0.00214472 0.0227767 0.215817 0.00483074 0.02899 0.00017677 0.00161977 0.0222632
110.196 0.578188 13.3816 -0.679673 0.820682 -0.000575636 -0.0124078 0.0658002 -0.997756 0.208816 -0.0241027 0.022655 -0.000120389 0.00100701 0.022202 0.209794 0.00365683 0.0278741 -6.91563e-05 0.00111329 0.0224609
110.704 0.588003 13.4751 -0.690414 0.837199 -0.00319328 -0.0114784 0.0635687 -0.997906 0.201625 -0.0314489 0.0142347 -0.00217061 0.000527421 -0.0146154 0.204135 -0.00466329 0.019064 -0.0012779 -0.000146594 -0.0118247
111.226 0.597771 13.5716 -0.705431 0.847697 -0.00249843 -0.012067 0.0726564 -0.997281 0.196112 -0.0379581 0.0143453 -0.00158675 0.000887837 -0.0504819 0.199133 -0.00931687 0.0191245 -0.00191755 0.00104494 -0.0493088
111.738 0.581549 13.6617 -0.722806 0.859911 -0.0023043 -0.012385 0.0843745 -0.996355 0.195606 -0.0397344 0.0149705 -0.000236264 0.000371684 -0.0487931 0.199064 -0.00623163 0.0199827 -0.000236264 0.000371684 -0.0487931
112.26 0.562795 13.7555 -0.739949 0.869526 0.000377509 -0.000335358 0.0916027 -0.995795 0.170311 -0.0258691 -0.00276445 0.00933611 -0.0448636 0.0102641 0.178145 0.00518077 -0.0027307 0.0110963 -0.0606054 0.00639848
112.744 0.55427 13.8167 -0.748596 0.872192 5.36776e-05 -0.0084133 0.0835058 -0.996472 0.127305 -0.0155317 0.0237482 -0.0181209 0.139064 0.0544584 0.127698 0.0058353 0.0259007 -0.0181209 0.139064 0.0544584
113.332 0.546499 13.9011 -0.756889 0.885413 -0.00033873 -0.0119003 0.0672267 -0.997667 0.170604 -0.0131306 0.0188868 0.00118789 -0.00812001 0.0531262 0.170326 0.00985675 0.0229546 0.00118789 -0.00812001 0.0531262
114.04 0.536883 13.9898 -0.767095 0.891798 -0.000951283 -0.00166167 0.0524311 -0.998623 0.116321 -0.0106678 -0.00526704 -0.000989847 0.0109599 0.0443368 0.116816 0.00156303 -0.00487044 -0.000989847 0.0109599 0.0443368
114.506 0.527618 14.0322 -0.776222 0.893479 0.000123728 0.000226033 0.0355654 -0.999367 0.0902234 -0.00669767 -0.00106138 -0.00147692 -0.000466655 0.139354 0.0923537 -0.00042178 -0.00105868 -0.00204454 -0.00134612 0.133743
115.036 0.518994 14.0609 -0.783281 0.87371 -0.000180358 0.000272329 -0.0154453 -0.999881 0.0685949 -0.0018539 0.00373 -0.00216184 -0.00151144 0.251163 0.068507 -0.0039704 0.00369371 -0.00216184 -0.00151144 0.251163
115.596 0.512444 14.0794 -0.78913 0.869594 -0.000167727 0.00076704 -0.0850264 -0.996378 0.0548714 0.00165964 0.00609893 0.00107172 -0.00186815 0.290774 0.0543686 -0.00766036 0.00601585 0.00107172 -0.00186815 0.290774
116.102 0.510782 14.0914 -0.791907 0.878417 -0.000534417 0.00127388 -0.150379 -0.988628 0.0442893 0.00296604 0.0043184 -0.000493968 -0.00158153 0.220881 0.0431795 -0.0103341 0.00420967 -0.000493968 -0.00158153 0.220881
116.662 0.508643 14.095 -0.795598 0.892124 -0.000363573 0.00157605 -0.199749 -0.979846 0.0335044 0.00455361 -0.000339503 -0.000303847 -0.0007392 0.15147 0.0331995 -0.00900716 -0.000144594 -0.000242159 -0.000655692 0.155426
117.13 0.505522 14.097 -0.799122 0.890001 -0.000229118 0.00191422 -0.228896 -0.973449 0.0270151 0.00601373 -7.62684e-05 -0.00102396 -0.000839712 0.118845 0.0268637 -0.00665537 -0.000182066 -0.00102396 -0.000839712 0.118845
117.68 0.500364 14.0919 -0.803692 0.890932 3.27996e-05 0.00189856 -0.258003 -0.966142 0.0174214 0.00749244 -0.00141628 0.000271063 0.000704696 0.118535 0.0194504 -0.00242212 -0.00165452 0.000219562 0.000782283 0.118519
118.594 0.495805 14.0766 -0.807189 0.888805 -0.000108981 0.001584 -0.303133 -0.952947 0.00387041 0.00915676 -0.000956686 0.000953414 0.00192713 0.0944074 0.00844635 0.00523857 -0.000978805 0.000953414 0.00192713 0.0944074
119.508 0.489052 14.0573 -0.811856 0.880615 2.87623e-05 0.001168 -0.340338 -0.940302 -0.00491932 0.00907834 0.00188027 0.000240268 0.000225144 0.0850168 0.00203491 0.0101222 0.00188444 0.000240268 0.000225144 0.0850168
120.044 0.486446 14.0478 -0.814465 0.874147 3.91665e-05 0.00103525 -0.359499 -0.933145 -0.00827749 0.00846923 0.0035242 -0.000450106 0.000768588 0.0727981 -0.000448954 0.0118308 0.00353474 -0.000450106 0.000768588 0.0727981
120.62 0.483258 14.0465 -0.816271 0.869579 0.00273873 -0.0108485 -0.375161 -0.926892 0.0279539 0.0327298 0.00124731 -0.00234929 -0.0194765 0.0469581 0.0428115 0.00407726 0.00218431 -0.00234929 -0.0194765 0.0469581
121.174 0.497967 14.0652 -0.797674 0.870308 0.00206105 -0.00787604 -0.384643 -0.92303 0.0513943 0.0526286 -0.000222747 8.72498e-05 -0.000555626 0.0253963 0.0735524 0.000559467 0.000962164 8.72498e-05 -0.000555626 0.0253963
121.654 0.52308 14.0932 -0.771821 0.872912 0.00228779 -0.00811482 -0.390025 -0.920766 0.0581493 0.0610739 3.56476e-05 0.000356299 -0.000545049 0.0205997 0.0836825 0.000555181 0.00147908 0.00017548 -0.000379131 0.020733
122.168 0.558183 14.1302 -0.739463 0.877091 -0.00270918 0.00182528 -0.395082 -0.91864 0.0356875 0.035693 -0.00469935 -0.00173929 0.017563 0.0179546 0.0504289 -0.00137184 -0.00497167 -0.00173929 0.017563 0.0179546
122.678 0.574784 14.1558 -0.723684 0.863544 -0.00131005 -0.000959722 -0.399609 -0.916684 0.018894 0.0160378 0.00851832 -0.000638276 0.00235652 0.0179057 0.0246034 -0.00289962 0.00854508 -0.000638276 0.00235652 0.0179057
123.594 0.593258 14.1993 -0.707161 0.870661 0.00216893 -0.0130418 -0.406448 -0.913578 0.0372204 0.0275286 0.0120197 0.0026766 0.0156107 -0.00834667 0.0401063 -0.00834546 0.0132287 0.00568238 0.0416211 -0.00297528
124.13 0.609156 14.2432 -0.686664 0.87993 0.00166461 -0.010465 -0.399332 -0.916745 0.0729213 0.0539159 0.00950377 -0.00209205 -0.00335119 -0.0485104 0.0871889 -0.0164808 0.0114444 -0.00248735 -0.00444995 -0.0470683
124.614 0.639205 14.29 -0.65765 0.890015 0.00196725 -0.0104987 -0.389612 -0.920917 0.0838396 0.0640172 0.00878606 -0.000263228 -0.000459509 -0.0504178 0.104121 -0.0155454 0.0110324 -0.000263228 -0.000459509 -0.0504178
125.156 0.678965 14.3506 -0.614609 0.90134 0.00137348 -0.0109535 -0.37828 -0.925625 0.0928235 0.0691032 0.00259842 -0.000774522 0.000614418 -0.0511189 0.114183 -0.0154796 0.00518078 -0.000573755 0.000266452 -0.0509051
125.68 0.722417 14.4206 -0.570452 0.909738 0.00212731 -0.0119209 -0.366721 -0.930252 0.104329 0.073434 0.0030486 -0.000660138 -0.000918099 -0.0503241 0.125671 -0.0174666 0.00623077 -0.000687713 -0.000695836 -0.0505555
126.174 0.769237 14.4916 -0.520945 0.906157 0.00258464 -0.0128535 -0.356718 -0.93412 0.115512 0.0812384 0.00339856 -0.00128445 -0.00749916 -0.043055 0.140123 -0.0164114 0.00709548 -0.00128445 -0.00749916 -0.043055
126.726 0.819278 14.5608 -0.474938 0.910075 -0.00105607 0.000703544 -0.347837 -0.937554 0.06529 0.0428073 -0.00208506 0.000698799 0.0297094 -0.0367066 0.0816184 -0.010518 -0.00181839 0.000784879 0.0310596 -0.0370103
127.252 0.854603 14.6056 -0.443948 0.915347 -0.00112667 0.000951957 -0.338742 -0.940878 0.0373422 0.022057 -0.000747402 -0.000497498 0.0014371 -0.0503053 0.0428302 -0.00680918 -0.000846777 -0.000497498 0.0014371 -0.0503053
128.032 0.887923 14.6641 -0.411931 0.970952 0.00446678 -0.0157888 -0.320253 -0.94719 0.0993518 0.0600464 0.134928 -0.000441774 -0.025476 -0.0391264 0.106059 -0.0124509 0.13855 -0.000927686 -0.0269219 -0.0417865
128.9 0.955823 14.7822 -0.33259 1.07829 0.00389604 -0.0138226 -0.312662 -0.949756 0.140534 0.0909699 0.138796 0.000435546 -0.00185602 -0.0102683 0.16214 -0.0101989 0.142957 0.00032034 -0.00183199 -0.0106679
129.738 1.04807 14.9182 -0.241932 1.19899 0.00274258 -0.0133973 -0.304258 -0.952492 0.151544 0.0845165 0.17855 -0.00188303 0.00210742 -0.0362323 0.167335 -0.0183842 0.183084 -0.00237717 0.00245586 -0.0357654
130.536 1.06809 15.0526 -0.15423 1.34971 0.00204592 -0.0140847 -0.291911 -0.95634 0.16738 0.0898175 0.194098 0.00323942 -0.00718374 -0.0383242 0.18347 -0.0181168 0.199419 0.00323942 -0.00718374 -0.0383242
131.034 0.966105 15.1487 -0.0982885 1.45331 0.00270065 -0.014676 -0.282469 -0.959161 0.175088 0.0862951 0.198985 -0.0022277 0.00141144 -0.0471291 0.18792 -0.021746 0.204721 -0.0022277 0.00141144 -0.0471291
131.534 0.882171 15.243 -0.0447833 1.54417 0.00267698 -0.0141426 -0.272478 -0.962054 0.174682 0.0838299 0.0516164 0.0200451 0.0556377 -0.0433419 0.190275 -0.0199542 0.116864 0.0144756 0.0367495 -0.0434125
132.06 0.777887 15.3447 0.0121167 1.55662 0.00243032 -0.0149875 -0.261686 -0.965034 0.192721 0.0857309 0.0111568 -0.00420384 -0.00357797 -0.0490484 0.209196 -0.0233282 0.017556 -0.00420384 -0.00357797 -0.0490484
132.564 0.67867 15.4487 0.0706849 1.56924 0.00260295 -0.0130457 -0.250365 -0.96806 0.190396 0.0839452 0.00877762 -0.0117629 -0.0711622 -0.0440466 0.206723 -0.0191011 0.0177472 0.00123355 0.00307528 -0.0444129
133.1 0.601937 15.5406 0.127473 1.55756 0.000376172 0.000906452 -0.240605 -0.970623 0.118014 0.0537811 0.00179009 0.00198927 0.00545923 -0.0355801 0.134045 -0.00808597 0.000853104 0.0027433 0.0194068 -0.0382356
133.662 0.559593 15.5933 0.163613 1.55481 0.000161736 0.00143722 -0.242721 -0.970095 0.0775258 0.0355446 0.00565598 0.00204806 0.000230379 0.0514138 0.0871801 -0.00518787 0.00543854 0.00186014 0.000727057 0.046016
134.226 0.536139 15.6235 0.186541 1.55573 0.000542218 0.00201103 -0.27117 -0.962529 0.0575889 0.0259748 0.00407607 0.000448683 -0.00286357 0.186974 0.0638547 -0.00783434 0.00379213 -0.000143803 -0.0025616 0.174952
134.766 0.530339 15.6366 0.201925 1.54937 0.0011284 0.00297629 -0.341133 -0.94001 0.0449925 0.02484 0.00558788 0.00270753 -0.00457424 0.410947 0.0504779 -0.0098196 0.00530363 0.00270753 -0.00457424 0.410947
135.288 0.533167 15.6362 0.214359 1.55864 0.00025405 0.00349302 -0.441763 -0.897125 0.0354187 0.0209357 0.00299512 0.00344796 -0.00290925 0.4639 0.0390922 -0.0150458 0.00311608 0.00356413 -0.00304175 0.464963
136.024 0.547516 15.6201 0.219408 1.56565 -0.000135838 0.00374239 -0.562631 -0.8267 0.0279441 0.0116979 0.000728312 0.00163533 -0.000953237 0.341609 0.0211384 -0.0217062 0.000507765 0.00163533 -0.000953237 0.341609
136.53 0.559666 15.6048 0.215931 1.56692 -3.7538e-05 0.00392546 -0.621916 -0.783074 0.0245765 0.00673071 0.000115489 -1.18068e-06 -6.80128e-05 0.247628 0.0121209 -0.0224142 -6.77186e-05 -1.18068e-06 -6.80128e-05 0.247628
137.106 0.574495 15.5826 0.206535 1.56627 -0.000214186 0.00372967 -0.663974 -0.747747 0.0188833 0.00321805 0.00102589 0.00212674 -5.01742e-06 0.1663 0.00543439 -0.0183746 0.000908936 0.00212674 -5.01742e-06 0.1663
137.666 0.592153 15.5569 0.194203 1.56895 -0.000431203 0.00348728 -0.691725 -0.722153 0.0132071 0.00118552 -2.51519e-05 0.00289302 -0.000158279 0.112977 0.0017523 -0.0131437 -9.02507e-05 0.00289302 -0.000158279 0.112977
138.204 0.610771 15.5348 0.181936 1.57452 -0.00173572 0.00233773 -0.696214 -0.717828 0.0144494 -7.38074e-05 -0.00100573 0.000906053 0.000139561 -0.0890986 0.000361998 -0.0144441 -0.00101886 0.000906053 0.000139561 -0.0890986
138.748 0.619772 15.5175 0.16454 1.57005 -0.00135706 0.00261823 -0.666599 -0.745411 0.0131197 -0.0034104 0.000321241 -0.000612037 0.00211238 -0.181887 -0.00192737 -0.0134182 0.000312566 -0.000612037 0.00211238 -0.181887
139.454 0.638186 15.4913 0.141335 1.57222 -0.000480178 0.00253616 -0.652213 -0.758032 -0.0018198 -0.00338518 0.00144327 0.0100906 0.00969952 0.0696482 -0.00361235 0.0012905 0.00146278 0.0100906 0.00969952 0.0696482
140.048 0.652682 15.4723 0.124465 1.57562 -0.000753542 0.000432799 -0.677801 -0.735245 5.28251e-05 0.00397058 -0.00418349 -0.000271792 -0.00195959 0.13421 0.00373252 0.000555134 -0.00395048 -0.000108505 -0.00232776 0.133418
140.572 0.659327 15.4629 0.11681 1.58271 -0.000982054 0.000519391 -0.700736 -0.71342 -0.000315476 0.00452725 -0.0094751 0.000770875 3.10247e-08 0.132177 0.00450079 0.000390247 -0.00948491 0.000770875 3.10247e-08 0.132177
141.15 0.667787 15.4525 0.108315 1.57975 -0.00111178 0.00031235 -0.725032 -0.688714 -0.00331193 0.00249251 -0.00832298 0.00104042 0.000678174 0.12851 0.00275478 0.00297114 -0.00837298 0.00104947 0.00067301 0.128561
141.716 0.673654 15.445 0.101725 1.58162 -0.00124001 4.72801e-05 -0.749264 -0.662271 -0.0064129 0.00024173 -0.0126581 0.00110335 0.000383247 0.128232 0.00100304 0.00631478 -0.01267 0.00110335 0.000383247 0.128232
142.252 0.677868 15.4414 0.0992939 1.57292 -0.00139654 -0.000153709 -0.770797 -0.637079 -0.00877823 -0.00113987 -0.00479532 0.000862448 0.000247502 0.128221 0.000523688 0.00882618 -0.00481416 0.000862448 0.000247502 0.128221
142.824 0.67835 15.4423 0.098082 1.56986 -0.00148556 -0.00033774 -0.793087 -0.609107 -0.00973173 -0.00279726 0.000611817 5.27179e-06 0.000569173 0.12729 -0.00019086 0.0101254 0.000588443 5.27179e-06 0.000569173 0.12729
143.396 0.673333 15.4461 0.0961854 1.57557 -0.00150856 -0.000552694 -0.813509 -0.58155 -0.0109897 -0.00468424 -0.00412528 0.000596142 0.000118787 0.127189 -0.000883495 0.0119032 -0.00415529 0.000596142 0.000118787 0.127189
143.97 0.66832 15.4507 0.0973385 1.58633 -0.00162654 -0.000731093 -0.833639 -0.552307 -0.0121334 -0.00596046 -0.0134042 0.000735532 0.000121196 0.127638 -0.000783336 0.0134566 -0.0134434 0.000735532 0.000121196 0.127638
144.538 0.660669 15.4599 0.100001 1.58778 -0.00166643 -0.000840517 -0.852758 -0.522303 -0.0116606 -0.0067894 -0.019619 -0.000139041 0.000168101 0.127756 -0.000788027 0.01341 -0.0196601 -0.000139041 0.000168101 0.127756
145.09 0.652027 15.4704 0.10381 1.57997 -0.00170676 -0.000951675 -0.870077 -0.492913 -0.0114712 -0.0079556 -0.0112773 0.000455902 0.000259521 0.127586 -0.000894283 0.0139052 -0.0115215 0.000483869 0.000249271 0.127646
145.64 0.642207 15.482 0.110726 1.57604 -0.00174122 -0.000984962 -0.885888 -0.463895 -0.0107074 -0.00766937 -0.00717488 -7.05654e-05 -0.000328385 0.126245 -0.000220268 0.013145 -0.00721863 -7.05654e-05 -0.000328385 0.126245
146.242 0.632714 15.4962 0.119395 1.57299 -0.00176464 -0.00103175 -0.903 -0.429636 -0.00949388 -0.00789758 -0.00409241 -0.000467842 0.000148936 0.126261 -0.000198416 0.0124028 -0.0044504 0.000101161 0.000185109 0.12625
146.806 0.621607 15.5093 0.129863 1.57312 -0.00181187 -0.00099049 -0.916593 -0.399817 -0.0085992 -0.00679557 -0.00236022 -0.000751115 -0.000178182 0.126 0.000863192 0.0109179 -0.00239807 -0.000751115 -0.000178182 0.126
147.392 0.609264 15.5252 0.140607 1.57893 -0.0014648 -0.00108829 -0.913334 -0.407206 -0.00882469 -0.00714179 -0.00286346 -0.00345885 0.000159923 -0.246628 0.000586215 0.0114856 -0.00264852 -0.00225815 0.000368452 -0.233448
148.02 0.600962 15.5367 0.14931 1.56359 -0.00119756 8.41466e-05 -0.865969 -0.500096 -0.0114905 -0.0103507 -0.00108152 0.00321708 -0.00130807 -0.415998 -0.002939 0.0150075 -0.00114684 0.0026966 -0.0012264 -0.408003
148.558 0.597064 15.548 0.15913 1.55049 -0.00121356 0.000718215 -0.80182 -0.597564 -0.00908573 -0.0116928 0.00508729 -0.00698415 -0.00212737 -0.492961 -0.00818107 0.0123987 0.00509632 -0.00744462 -0.00234296 -0.49286
149.142 0.583787 15.5616 0.163623 1.55966 -0.000568526 0.00204577 -0.720927 -0.693008 -0.00883 -0.0159842 0.00362252 -0.0121978 -0.000634548 -0.402738 -0.0156097 0.00944618 0.00370003 -0.0121978 -0.000634548 -0.402738
149.708 0.578089 15.572 0.169653 1.54052 0.00707317 -0.00975982 -0.67463 -0.738058 0.00292483 0.0274048 -0.066279 -0.00401563 -0.0152538 -0.110888 0.0291361 -0.000636999 -0.0655985 -0.00401563 -0.0152538 -0.110888
150.242 0.583115 15.5845 0.206189 1.51813 0.00276326 -0.00351533 -0.66459 -0.747195 0.0180675 0.0688155 0.00335973 -0.0102708 -0.147032 -0.0262879 0.0708771 -0.00956599 -0.00710429 -0.0115143 -0.137681 -0.0277487
150.774 0.591024 15.594 0.239122 1.51055 -0.000928566 0.00155233 -0.661001 -0.750383 0.0153286 0.0261272 0.0102756 -0.000254 0.0145543 -0.0183796 0.0278886 -0.0119168 0.0101686 -0.000254 0.0145543 -0.0183796
151.3 0.58343 15.5973 0.259546 1.52546 -0.000304784 0.00104411 -0.657436 -0.753509 0.0156296 0.0165559 -0.000603634 -0.00100482 0.00072847 -0.0205685 0.018831 -0.0131266 0.000632034 -0.000893692 0.000660879 -0.0203543
151.832 0.587363 15.5975 0.269216 1.5391 -9.67274e-05 0.00109195 -0.653317 -0.757084 0.0164604 0.0135956 -0.0159827 -0.000689122 -0.00021951 -0.0224445 0.0158338 -0.0142755 -0.015424 -0.000641161 -8.62098e-05 -0.0223797
152.334 0.59025 15.5973 0.275479 1.53856 -6.70783e-05 0.0013831 -0.649181 -0.760633 0.0177073 0.0143054 -0.0168231 -0.000309931 -0.00110296 -0.0228221 0.0168167 -0.0152918 -0.0170911 -0.000869986 -0.00115618 -0.0228063
152.884 0.599044 15.5888 0.279963 1.53847 -0.000246062 0.00148162 -0.644919 -0.764249 0.0153498 0.0145741 -0.0183344 0.000524291 -7.43243e-05 -0.0235565 0.0169003 -0.0126524 -0.0183975 0.000524291 -7.43243e-05 -0.0235565
153.43 0.607523 15.5791 0.27959 1.53294 -0.000284384 0.00155423 -0.640406 -0.768035 0.0143114 0.0143296 -0.0108485 -7.3689e-05 -0.000752201 -0.0239259 0.0165957 -0.0116319 -0.0105813 -2.25298e-06 -0.000579286 -0.0239349
154 0.61524 15.5731 0.282128 1.52987 -0.000386345 0.00183392 -0.635618 -0.772001 0.0149135 0.0156974 -0.00956902 -2.61568e-05 -0.000718008 -0.0235528 0.0182365 -0.0116059 -0.00964982 -2.61568e-05 -0.000718008 -0.0235528
154.532 0.623212 15.5628 0.280331 1.52435 -0.00047777 0.00187687 -0.630874 -0.775883 0.0128656 0.0142253 -0.00435287 0.00023519 0.000629344 -0.0233131 0.0166546 -0.00966877 -0.00480946 0.000226427 0.000436501 -0.0233342
155.136 0.630979 15.5498 0.273422 1.50759 -0.000455512 0.00175636 -0.62542 -0.780287 0.00987713 0.0117755 0.013338 0.00134584 0.000194002 -0.0231522 0.0137614 -0.00727654 0.012795 0.00106902 6.83985e-05 -0.0231665
155.662 0.651567 15.5387 0.268371 1.51318 -0.000534606 0.00174288 -0.620643 -0.784091 0.00802836 0.010244 0.010111 0.000567305 0.000570707 -0.0230003 0.0118479 -0.00547522 0.0100636 0.000567305 0.000570707 -0.0230003
156.178 0.654516 15.5282 0.262207 1.54149 0.00619045 -0.00811628 -0.616376 -0.787386 0.0120225 0.0266778 0.0993714 0.00264187 0.0672328 -0.0234094 0.0267494 -0.00524044 0.0999396 0.00264187 0.0672328 -0.0234094
156.76 0.6593 15.5228 0.282641 1.5978 0.00521767 -0.00686156 -0.611456 -0.791231 0.0254351 0.0782567 0.0941722 0.000967181 -0.00178425 -0.0199283 0.078872 -0.00509454 0.0956452 0.000454895 -0.00348825 -0.0202295
157.35 0.676225 15.5238 0.324514 1.62311 -0.00201938 0.00324268 -0.607148 -0.794579 0.0202896 0.068444 -0.00658177 -0.000146675 -0.0514369 -0.0168969 0.0766789 -0.00193317 -0.00736315 -0.00103284 -0.0871203 -0.0170506
158.016 0.694221 15.5199 0.349482 1.62789 -0.000208593 0.00041503 -0.602759 -0.797923 0.00166581 0.014392 -0.00629129 0.000816639 0.00433564 -0.0162974 0.0156122 0.0022717 -0.00504531 0.000743241 0.00466006 -0.0162253
158.582 0.706901 15.5207 0.365236 1.55462 0.00456805 -0.00510116 -0.600834 -0.799344 0.00568006 0.0331488 -0.208854 0.000908086 -0.0127925 0.00603562 0.0362679 0.00400265 -0.208374 0.000908086 -0.0127925 0.00603562
159.138 0.737875 15.525 0.398926 1.44453 0.00394221 -0.00452422 -0.603905 -0.797033 0.0084908 0.0496262 -0.111036 0.00298799 -0.0252609 0.02241 0.0512064 0.00533572 -0.196306 0.00142044 -0.00564129 0.0222585
159.712 0.744006 15.5256 0.434362 1.43826 -5.88859e-05 -0.000167202 -0.6085 -0.793554 -0.000525674 0.0179054 0.0152914 0.000882137 0.00992468 0.0224486 0.0182316 0.00505736 0.0150952 0.000901827 0.0122609 0.0225557
160.248 0.760786 15.5257 0.458115 1.43523 0.000354296 -0.000853221 -0.612543 -0.790437 -0.00301447 0.00830974 0.019317 -0.000130368 0.0015059 0.0214224 0.00725996 0.00500241 0.0193276 -0.000130368 0.0015059 0.0214224
160.79 0.771066 15.5284 0.478724 1.44857 0.000460309 -0.00106668 -0.616486 -0.787365 -0.00343487 0.00535655 0.00798631 -0.000341743 4.55188e-05 0.0211107 0.00459658 0.00469064 0.00958863 -0.000194336 8.26796e-05 0.0211621
161.352 0.778171 15.5334 0.498259 1.462 0.000367368 -0.00102408 -0.620577 -0.784145 -0.0029746 0.00502942 -0.00110448 0.00398923 -0.0144717 0.0166618 0.00421366 0.00404984 -0.00109861 0.00398923 -0.0144717 0.0166618
161.924 0.784892 15.541 0.518262 1.46995 -0.0023845 -0.000598695 -0.584404 -0.811459 0.00494422 -0.00771512 -0.0023501 -0.00520832 8.24471e-05 -0.366669 -0.00575459 -0.00714518 -0.00230703 -0.00520832 8.24471e-05 -0.366669
162.534 0.772748 15.5481 0.528127 1.47891 -0.0014051 0.00035968 -0.47737 -0.878701 0.00327054 -0.0158023 -0.00751137 -0.00282073 -0.00124226 -0.466509 -0.0114919 -0.0113598 -0.00746457 -0.00282073 -0.00124226 -0.466509
163.112 0.766646 15.5559 0.534856 1.48044 -0.00117767 0.000695603 -0.377346 -0.926071 -5.90711e-05 -0.0182869 -0.00837189 -3.07109e-06 -0.00175348 -0.381978 -0.0126367 -0.0130109 -0.00835655 -0.000125111 -0.00182701 -0.383961
163.688 0.762191 15.5631 0.537587 1.46151 -0.00128691 0.000904989 -0.28816 -0.957581 -0.000469753 -0.0214748 -0.00362034 -0.00170104 -0.0011 -0.307501 -0.0122576 -0.0172417 -0.00403136 -0.00145399 -0.00128099 -0.312347
164.26 0.76267 15.5692 0.537936 1.42359 -0.00118687 0.00118009 -0.214758 -0.976666 0.000252656 -0.0231138 0.00795859 -0.000106321 -0.00188158 -0.24508 -0.00944431 -0.0210733 0.00802339 -0.000106321 -0.00188158 -0.24508
164.77 0.76286 15.5727 0.538387 1.42661 -0.000949832 0.0014892 -0.168534 -0.985694 0.000514845 -0.0225599 0.0120972 0.000772052 -0.00118629 -0.149997 -0.00697036 -0.0214327 0.0121493 0.000772052 -0.00118629 -0.149997
165.342 0.761159 15.575 0.539561 1.43157 -0.00137304 0.00177235 -0.136687 -0.990612 0.00144813 -0.0225701 0.0091603 0.000875184 -0.00045974 -0.0842933 -0.00468244 -0.0220983 0.009228 0.000875184 -0.00045974 -0.0842933
166.218 0.76443 15.5704 0.536368 1.43376 -0.0017534 0.00181624 -0.093337 -0.995631 0.00253288 -0.0248653 0.00800053 -0.000173464 -0.00094662 -0.119241 -0.00210098 -0.0248774 0.00808735 -0.000173464 -0.00094662 -0.119241
166.79 0.765472 15.5688 0.5346 1.44354 -0.00174817 0.00211338 -0.0621415 -0.998064 0.00438364 -0.0237701 0.005012 -0.00032828 -0.000857171 -0.089766 0.00142365 -0.024114 0.00508358 -0.00032828 -0.000857171 -0.089766
167.356 0.771141 15.5773 0.528439 1.45005 -0.000436284 -0.0133386 -0.0411549 -0.999064 0.077729 -0.0150024 0.0117317 0.000514049 -0.030995 -0.0489951 0.070151 -0.021859 0.0141853 0.000120495 -0.0294162 -0.0510204
167.942 0.749652 15.6113 0.5286 1.45119 0.000373171 0.0052708 -0.0285577 -0.999578 0.0527551 -0.00614242 -0.00275359 0.00412402 0.0303711 -0.0359888 0.0522865 -0.00914117 -0.00331319 0.00412402 0.0303711 -0.0359888
168.494 0.738598 15.6226 0.527172 1.45466 9.00418e-05 0.00144846 -0.0172282 -0.999851 0.0204372 -0.00477645 0.00056455 0.00205684 0.00889616 -0.0355699 0.0211875 -0.00558747 9.22826e-05 0.000789371 0.00363403 -0.0353674
169.084 0.7356 15.6241 0.52735 1.46738 -0.000398333 -0.000401706 -0.00502378 -0.999987 0.0141838 -0.00529692 -0.045888 0.028181 0.116799 -0.0460227 0.0144166 -0.00533505 -0.03144 0.0187964 0.0704804 -0.0455086
169.656 0.725185 15.646 0.524303 1.43774 -0.0016495 -0.0115954 0.00947271 -0.999887 0.0861906 -0.0173432 -0.0616199 -0.00152843 -0.0174571 -0.0461842 0.0879106 -0.0158937 -0.0595461 -0.00152843 -0.0174571 -0.0461842
170.722 0.652433 15.7665 0.521323 1.38873 -0.000502463 -0.0107264 0.016574 -0.999805 0.126009 -0.00732315 -0.0969982 -0.000685282 0.000590962 0.0135483 0.128236 -0.0032046 -0.0942653 -0.000685282 0.000590962 0.0135483
171.226 0.605852 15.8432 0.516153 1.3643 -0.000157762 -0.0109132 0.0156326 -0.999818 0.129111 -0.00917777 -0.0247278 -0.000366944 0.00340374 0.00734194 0.129644 -0.00507341 -0.0221392 -0.000432794 0.00401729 0.00755767
171.866 0.548774 15.9428 0.50765 1.35337 -3.19134e-05 -0.0105334 0.0155195 -0.999824 0.129937 -0.00933116 -0.0243334 0.000190564 0.0024261 0.00651988 0.13069 -0.0053775 -0.0214826 -0.000130422 0.00327661 0.00646269
172.436 0.500771 16.0157 0.50276 1.35511 0.000101285 0.00124057 0.0152492 -0.999883 0.0674298 -0.00631108 -0.00248803 0.000788871 0.0272053 0.00710485 0.0709627 -0.00431737 -0.00269562 0.0006464 0.0284121 0.00724035
172.964 0.478196 16.0587 0.499916 1.35575 0.000279671 0.000483395 0.0145827 -0.999894 0.0398352 -0.00433476 0.000309539 -0.00502215 -0.0199143 0.0185308 0.039945 -0.00317138 0.00026887 -0.00502215 -0.0199143 0.0185308
173.596 0.465197 16.0916 0.499708 1.35882 8.2319e-05 0.00103248 -0.000635364 -0.999999 0.0185095 -0.000317685 -0.000843766 0.00156668 -0.000669659 0.0848844 0.0200631 -0.000424491 -0.000882047 0.00176525 1.82615e-05 0.0823832
174.138 0.462285 16.107 0.500302 1.35299 7.52328e-05 0.00129293 -0.0229523 -0.999736 0.00965808 0.00101132 0.000845206 0.000100741 -0.00130778 0.103709 0.00969647 0.000566849 0.000820294 0.000100741 -0.00130778 0.103709
174.736 0.466125 16.1191 0.503092 1.331 -0.000155885 0.00182842 -0.0527814 -0.998604 0.00466439 0.00358235 0.00459556 0.00102311 -0.0022752 0.102954 0.00533177 0.00296539 0.00335808 0.00118775 -0.00244655 0.10412
175.334 0.470927 16.1248 0.50344 1.32936 9.84697e-05 0.000399676 -0.0772648 -0.997011 0.000942888 0.00409178 -0.00254984 -0.011359 0.112801 0.0789092 0.00135345 0.00376744 0.00315091 -0.00466391 0.0384732 0.0808379
175.872 0.473725 16.1408 0.506794 1.31605 0.000936871 -0.00873081 -0.0932634 -0.995603 0.065653 0.0194558 -0.0137821 -0.000258339 -0.0211378 0.0584144 0.0683557 0.0069273 -0.0125821 -0.000258339 -0.0211378 0.0584144
176.438 0.482853 16.1821 0.512564 1.28494 0.000873223 -0.00715325 -0.105569 -0.994386 0.0887128 0.0248223 -0.0332138 -0.000618151 -0.00385577 0.0469258 0.0915512 0.00560481 -0.0318444 -0.000684574 -0.00373485 0.0472264
176.982 0.497754 16.2276 0.520674 1.26815 0.000844965 -0.00716794 -0.115277 -0.993307 0.0955409 0.0281745 -0.033571 0.000182528 0.00026139 0.040192 0.0999283 0.00554552 -0.0321318 0.000182528 0.00026139 0.040192
177.57 0.50942 16.2868 0.53139 1.2626 0.000777378 -0.00766304 -0.124884 -0.992141 0.101661 0.0309399 -0.0411005 0.0072817 0.00135119 0.0321035 0.106777 0.00476623 -0.0394626 0.0072817 0.00135119 0.0321035
178.36 0.533072 16.3712 0.549768 1.23907 -9.74629e-05 -0.00825685 -0.127903 -0.991752 0.110182 0.029085 -0.0489288 -1.01229e-05 0.000429336 -0.00535145 0.114556 -3.56155e-05 -0.04702 -0.000124465 0.000293098 -0.0049054
178.932 0.567365 16.4391 0.563054 1.21209 -1.46134e-05 -0.00895609 -0.124734 -0.99215 0.116446 0.0308965 -0.0489972 -0.000112283 -0.00100612 -0.00890172 0.121322 0.0010028 -0.0468514 -0.000112283 -0.00100612 -0.00890172
179.532 0.599791 16.5146 0.573573 1.19007 -0.00037384 -0.00912841 -0.120748 -0.992641 0.120813 0.0291829 -0.0721909 -0.000922179 0.00120961 -0.0155194 0.125568 -0.000841079 -0.0699359 -0.000922179 0.00120961 -0.0155194
180.118 0.621128 16.5946 0.580938 1.15795 -6.25433e-05 -0.00996647 -0.11555 -0.993252 0.128322 0.0290183 -0.0782991 -0.000334141 -0.000865752 -0.0155408 0.13308 -0.00140157 -0.0756779 -0.000334141 -0.000865752 -0.0155408
180.678 0.613026 16.6697 0.587853 1.13631 -0.00110327 0.00296818 -0.111489 -0.993761 0.0909747 0.0211075 0.00730394 -0.000134161 0.0135455 -0.0112413 0.0934334 0.000434536 0.00672923 -0.000134161 0.0135455 -0.0112413
181.34 0.612961 16.7253 0.587594 1.14029 -0.000700641 -0.000321335 -0.107317 -0.994225 0.0533314 0.0125091 0.00400826 0.000383825 -0.0218675 -0.0188384 0.0547704 0.000846301 0.00403379 0.000383825 -0.0218675 -0.0188384
181.944 0.612822 16.7551 0.586928 1.14717 -0.00111269 0.00100965 -0.0790793 -0.996867 0.032769 0.00718924 0.000649737 -0.00121024 -0.00123938 -0.175376 0.033494 0.0019341 0.000572441 -0.00121024 -0.00123938 -0.175376
182.534 0.615767 16.7714 0.583206 1.1541 -0.000712108 0.00144351 -0.0224433 -0.999747 0.0217982 0.00521269 -0.00205899 -0.0020484 -0.000819964 -0.203222 0.0220041 0.00422639 -0.00212895 -0.0020484 -0.000819964 -0.203222
183.166 0.621364 16.7788 0.57882 1.16225 -0.000599579 0.00186312 0.030155 -0.999543 0.015734 0.00541842 -0.00408841 0.000412292 -0.00184865 -0.164766 0.0157489 0.00626372 -0.0039353 0.000164435 -0.00184777 -0.166723
183.822 0.625074 16.7786 0.575319 1.16884 -0.000609477 0.00223968 0.0793921 -0.996841 0.0104617 0.00441822 -0.00656003 -0.00107161 -0.000594883 -0.135697 0.00981694 0.00599314 -0.0065142 -0.00125241 -0.000652424 -0.138252
184.47 0.629458 16.7727 0.570578 1.17267 -0.000455858 0.00253695 0.116384 -0.993201 0.00724829 0.00325538 -0.0077777 -0.000817974 -0.000923976 -0.105182 0.00639315 0.00483538 -0.00764178 -0.000793059 -0.00103166 -0.107132
185.13 0.633599 16.763 0.566315 1.1736 -0.00031486 0.00279456 0.145148 -0.989406 0.00490303 0.00216704 -0.00841129 -0.00076639 -0.000676726 -0.0839259 0.0043747 0.00365448 -0.00827375 -0.000901945 -0.000559218 -0.0850032
186.264 0.638943 16.7462 0.558798 1.17114 -0.0036839 -0.0112124 0.183768 -0.982899 0.0637518 -0.0288589 0.00668339 -0.00282409 -0.0295259 -0.0523888 0.064517 -0.00367042 0.00861403 -0.00375835 -0.0276301 -0.0534826
186.862 0.658729 16.7754 0.537339 1.16746 -0.00290058 -0.00837483 0.197565 -0.98025 0.100048 -0.0480085 0.00503422 2.60313e-05 -0.00187771 -0.0408243 0.109481 -0.00547417 0.00690969 -7.79464e-05 -0.00175858 -0.0414213
187.506 0.684711 16.8243 0.506912 1.16825 -0.00291226 -0.00865428 0.209447 -0.977777 0.114108 -0.0576211 0.00664833 -3.52968e-05 0.000160184 -0.0319277 0.127557 -0.00580827 0.00897622 -3.52968e-05 0.000160184 -0.0319277
188.158 0.696552 16.8828 0.467721 1.15189 -0.00294032 -0.00950348 0.218951 -0.975685 0.122597 -0.0659414 -0.0109143 0.000846837 0.001451 -0.0239854 0.139207 -0.00724807 -0.00814369 0.000846837 0.001451 -0.0239854
188.718 0.716421 16.9411 0.430409 1.14441 -0.00298919 -0.00999072 0.225735 -0.974133 0.128118 -0.0717079 -0.0161278 -0.000568347 0.00143721 -0.0202527 0.146903 -0.00806705 -0.0130624 -0.000568347 0.00143721 -0.0202527
189.35 0.744975 17.0137 0.385723 1.143 -0.00307782 -0.0108471 0.232253 -0.97259 0.134146 -0.0769797 -0.0182691 -0.000650499 0.00151392 -0.0169951 0.154379 -0.00813023 -0.0145743 -0.000232282 0.00110255 -0.017307
189.974 0.787799 17.0919 0.341458 1.13388 -0.0028266 -0.0122256 0.235973 -0.971679 0.145492 -0.0800304 -0.0199458 0.000763323 -6.31578e-05 -0.00408432 0.166441 -0.00438141 -0.0157755 0.000763323 -6.31578e-05 -0.00408432
190.608 0.847416 17.1862 0.29067 1.14125 -0.00395109 -0.0123693 0.239097 -0.970909 0.152307 -0.0889408 -0.0151561 -0.00120685 -0.000108696 -0.0143047 0.175969 -0.00800508 -0.0105806 -0.00124753 -0.000267693 -0.0136487
191.208 0.918474 17.2813 0.238608 1.12457 -0.00424038 -0.0138599 0.244617 -0.969511 0.16255 -0.0963125 -0.0166209 -0.000197474 -0.0012259 -0.0174911 0.188548 -0.00766309 -0.0118074 -4.25449e-05 -0.00128391 -0.0175382
191.888 1.01681 17.398 0.16841 1.09088 -0.0036768 -0.0158717 0.250604 -0.967953 0.177595 -0.10562 -0.0141225 -0.0151496 0.0015971 -0.0116276 0.206234 -0.00662331 -0.0072832 -0.0179697 0.00177428 -0.013029
192.45 1.08485 17.5058 0.108365 1.0838 -0.00396509 -0.0180689 0.251116 -0.96778 0.199209 -0.107735 -0.0192584 0.00219896 -0.00355834 0.00888305 0.227016 0.00273705 -0.0108704 0.00219896 -0.00355834 0.00888305
193.088 0.979574 17.6432 0.034659 1.08523 -0.00532832 -0.0193096 0.248366 -0.968459 0.218869 -0.117122 -0.057681 0.00334223 -0.00405327 0.0105834 0.250333 0.00262741 -0.0476959 0.00334223 -0.00405327 0.0105834
193.734 0.833059 17.7951 -0.0497578 1.05692 -0.00470329 -0.0173072 0.247535 -0.968713 0.21737 -0.118978 -0.0492478 -7.59014e-05 0.00468683 0.0010481 0.249481 -0.000141496 -0.0405287 -7.97134e-05 0.00523398 0.00120736
194.336 0.713409 17.9202 -0.124566 1.02656 -0.0056149 -0.0124771 0.251733 -0.9677 0.192813 -0.119624 -0.0612223 -0.00589027 0.0144182 -0.0334124 0.229476 -0.010466 -0.055579 -0.00658072 0.0142609 -0.0308752
195.138 0.595041 18.0827 -0.226554 0.975904 -0.00246596 -0.0128213 0.264693 -0.964244 0.182519 -0.103455 -0.0859474 0.00413235 0.000359973 -0.00857683 0.211923 0.00439703 -0.0804493 0.00413235 0.000359973 -0.00857683
195.76 0.528441 18.1933 -0.292029 0.943683 -0.000316629 0.000641814 0.262014 -0.965064 0.155069 -0.0818995 0.0053577 0.00235402 -0.0569492 0.0208981 0.181133 0.00806188 0.0076123 0.00524419 -0.104085 0.020251
196.45 0.495939 18.2717 -0.340026 0.949151 -0.0014036 0.000789937 0.260474 -0.96548 0.0945616 -0.0507229 0.00416868 0.0140488 -0.00498613 -0.0853618 0.107245 0.00373398 0.00407188 0.0140488 -0.00498613 -0.0853618
198.07 0.495992 18.3358 -0.397494 0.957924 -0.000136569 0.00135109 0.540022 -0.84165 0.035225 -0.0214006 -0.00233656 0.000205991 -0.00123315 -0.3642 0.0341286 0.0230975 -0.00244817 0.000205991 -0.00123315 -0.3642
199.234 0.508825 18.3343 -0.411656 0.985267 0.000273966 0.00208436 0.66319 -0.748448 0.0152514 -0.0124803 -0.00888801 -0.0031495 -0.00115654 -0.204121 0.014194 0.0136175 -0.0089696 -0.0031495 -0.00115654 -0.204121
200.09 0.515429 18.3248 -0.411507 0.987076 0.000561705 0.00236252 0.70463 -0.709571 0.00594573 -0.00745001 -0.011345 -0.00106162 -0.000230753 -0.105116 0.00744426 0.00586474 -0.0113908 -0.00106162 -0.000230753 -0.105116
200.828 0.516234 18.3144 -0.403848 0.993875 -0.000336817 0.000898587 0.725634 -0.688081 -0.000725527 -0.00407794 0.00194742 -0.0196609 0.11605 -0.0604886 0.00411216 -0.000504571 0.00194524 -0.0196609 0.11605 -0.0604886
201.504 0.526389 18.309 -0.418522 1.01451 -0.00558242 -0.00552248 0.738045 -0.674706 0.00171152 -0.0730373 0.000231092 0.002729 0.00438284 -0.04646 0.0725785 0.0082401 0.00137528 0.002729 0.00438284 -0.04646
202.162 0.559332 18.3036 -0.458548 1.01516 -0.00544206 -0.00589979 0.747602 -0.664099 -0.00335236 -0.0940568 -0.000458585 -0.000481589 0.00055197 -0.0365138 0.0937914 0.00775869 0.00105205 -0.000481589 0.00055197 -0.0365138
202.85 0.612537 18.2976 -0.518133 0.981063 0.00405018 0.00137263 0.754143 -0.656696 -0.00184635 -0.0769911 0.018254 -0.000134963 -0.0192412 -0.0211112 0.076656 0.00869789 0.0176764 -0.000134963 -0.0192412 -0.0211112
203.588 0.64655 18.3021 -0.555157 1.00403 0.000992493 -0.000957958 0.759548 -0.650449 0.0049067 -0.0307008 1.1125e-05 0.000234485 0.0023966 -0.0194307 0.0295806 0.00957093 2.96754e-05 0.000234485 0.0023966 -0.0194307
204.254 0.66045 18.3096 -0.57601 1.01152 0.000726752 -0.00123602 0.764398 -0.644743 0.00437894 -0.0225474 -0.0126807 0.000580141 -0.000357473 -0.0206032 0.0216275 0.00821305 -0.0132758 0.000626958 -0.000168463 -0.0205052
204.946 0.667936 18.3232 -0.588501 1.01037 0.00229678 -0.000386031 0.766354 -0.642414 0.00579037 -0.0140656 0.000497221 -0.00934072 -0.00582587 0.0901323 0.01284 0.00815557 0.000487287 -0.00934072 -0.00582587 0.0901323
205.596 0.672451 18.3364 -0.599964 1.01219 0.00182819 -7.31231e-05 0.713322 -0.700835 0.00993628 -0.00484653 -0.00299405 0.00568072 -0.0023552 0.372045 0.00466283 0.0100283 -0.00297901 0.00568072 -0.0023552 0.372045
206.298 0.667068 18.3565 -0.602616 1.00798 0.00125143 0.00070092 0.622015 -0.783004 0.00788399 0.0045014 -0.00164944 0.00313419 -0.000813866 0.369499 -0.00237601 0.00870497 -0.00145372 0.00300457 -0.000650143 0.370973
207.026 0.660227 18.3715 -0.603669 1.00653 0.000926217 0.00130373 0.530156 -0.847899 0.00478657 0.00987806 -0.00209713 0.00220185 -0.00108102 0.309663 -0.00679154 0.008629 -0.00207383 0.00220185 -0.00108102 0.309663
207.71 0.651215 18.3797 -0.599034 0.980618 0.000951023 0.00151819 0.446171 -0.894946 0.00420255 0.0156755 0.00241045 0.0019377 -0.000536513 0.287356 -0.00989238 0.0124185 0.00239972 0.00126844 -0.000768975 0.285684
208.974 0.646552 18.3811 -0.590308 0.994452 7.69593e-05 0.0022788 0.321966 -0.946748 0.00170923 0.019644 0.00491929 0.000177422 -0.000415206 0.118628 -0.0106097 0.0165395 0.00555852 6.86865e-05 -0.000473342 0.122018
209.71 0.644186 18.3767 -0.587375 1.02785 0.000137388 0.00249664 0.288361 -0.957519 0.00263807 0.0221411 -0.00644886 0.000654539 5.13894e-05 0.0947284 -0.0100588 0.0199081 -0.00642348 0.000654539 5.13894e-05 0.0947284
210.366 0.644786 18.3726 -0.588299 1.04642 -0.00483305 -0.0130924 0.263337 -0.964603 0.055361 -0.00896427 0.00589381 0.00120689 -0.0274418 0.0516125 0.0448208 0.020781 0.00727645 0.00275943 -0.0144441 0.056035
211.138 0.658725 18.4139 -0.622104 1.05483 -0.00417903 -0.00932582 0.253873 -0.967184 0.10234 -0.0393384 0.0113358 -0.000970328 -0.00240906 0.00571218 0.106999 0.0160608 0.0132409 -0.000939457 -0.00239109 0.00636737
211.926 0.612891 18.4822 -0.674626 1.07248 -0.00393227 -0.00948493 0.25269 -0.967493 0.11635 -0.0465706 0.0167058 0.00126545 0.00161615 -0.000551486 0.123898 0.0163231 0.019184 0.00126545 0.00161615 -0.000551486
212.68 0.565961 18.5561 -0.731965 1.07843 -0.000731996 0.00458799 0.251086 -0.967954 0.0840763 -0.0307776 -0.00107066 -0.000640916 -0.00438478 0.00258988 0.0884232 0.0139662 -0.00187558 -0.000640916 -0.00438478 0.00258988
213.512 0.532759 18.5963 -0.776528 1.09525 -0.00125913 0.00094711 0.248491 -0.968633 0.0354399 -0.0076348 -0.00197909 -0.0142671 -0.0208751 0.0157661 0.0358266 0.01048 -0.00331685 -0.00973972 -0.0164871 0.00869065
214.292 0.502851 18.6096 -0.803719 1.11782 0.000215219 0.00188152 0.186728 -0.98241 0.0208285 0.0100686 -0.00988853 0.00213953 -0.000951481 0.279091 0.0156445 0.0170054 -0.00995245 0.00213953 -0.000951481 0.279091
215.096 0.483429 18.6088 -0.820587 1.11385 0.00148732 0.00195792 0.0488859 -0.998801 0.0146287 0.0177663 -0.0111202 0.00322658 -0.00205731 0.481742 0.0127787 0.0191409 -0.0111189 0.00322658 -0.00205731 0.481742
215.884 0.478386 18.6015 -0.825445 1.10697 0.000403118 0.0020573 -0.120694 -0.992688 0.00881641 0.0148808 -0.00918584 -0.000153344 0.00103954 0.333806 0.0120887 0.0123466 -0.00921811 -0.000153344 0.00103954 0.333806
217.598 0.474771 18.5644 -0.826997 1.09254 0.00101201 0.00137978 -0.167249 -0.985913 0.00310537 0.0109727 -0.00284268 -0.00183975 0.0006811 -0.111105 0.00655677 0.00911228 -0.00300053 -0.00187606 0.000682308 -0.111762
218.408 0.476818 18.5496 -0.823613 1.08856 0.00020201 -0.00140739 -0.136233 -0.990676 0.00239232 0.013787 0.00226711 0.0512228 0.0979973 -0.0818362 0.00601851 0.0126295 0.00228444 0.0512228 0.0979973 -0.0818362
219.25 0.481648 18.5698 -0.818434 1.08113 0.000674492 -0.00717527 -0.114876 -0.993354 0.0724206 0.0135521 0.000358486 -9.43157e-05 -0.00191183 -0.0293976 0.0724146 -0.00334177 0.00126927 -0.000129242 -0.00215296 -0.0304854
220.094 0.495044 18.6197 -0.804411 1.07195 0.000278103 -0.00710119 -0.110025 -0.993903 0.0857472 0.0142516 -0.00361455 -8.43629e-05 0.00145003 -0.016119 0.0868306 -0.00485101 -0.0023789 -8.43629e-05 0.00145003 -0.016119
220.942 0.506003 18.6911 -0.785564 1.07092 0.000216154 -0.00770929 -0.104145 -0.994532 0.0931279 0.0132387 -0.00171799 0.000262228 0.00158752 -0.0220506 0.0937106 -0.00627649 -0.000395377 0.000399116 0.00140806 -0.0214863
221.702 0.522535 18.7647 -0.76739 1.07871 0.000303525 -0.00435573 -0.0971891 -0.995256 0.0980613 0.0127415 0.000478662 -0.00669695 -0.123643 -0.0251669 0.099944 -0.00659616 0.00207576 -0.00640166 -0.101597 -0.0253095
222.502 0.539917 18.8234 -0.742994 1.07713 -5.07846e-05 -0.000345122 -0.0898263 -0.995957 0.0324661 0.00502059 0.000262825 0.000666314 0.00240603 -0.0227349 0.0340139 -0.000919925 -0.000540318 0.000919933 0.00254703 -0.0227629
223.342 0.542291 18.8514 -0.726383 1.06487 -0.000256813 0.000952761 -0.0841374 -0.996454 0.0181937 0.00281809 0.00465001 -0.00125588 -0.013426 0.0107121 0.0184176 -0.000270865 0.00461435 -0.00125588 -0.013426 0.0107121
225.038 0.517016 18.8725 -0.713805 1.00966 -0.000590194 0.00129358 -0.160264 -0.987073 -0.00324961 -0.00638801 0.0219669 -0.00015193 -0.000258843 0.0799524 -0.00481574 -0.0049488 0.0217853 -0.000256051 -0.000203199 0.0811177
225.83 0.526363 18.884 -0.707942 1.02983 0.00301417 -0.0101712 -0.186289 -0.982438 0.0502653 0.0224384 0.0130213 0.00234573 -0.0264261 0.0514469 0.0510071 0.00217336 0.0144774 0.00285493 -0.0266409 0.0524604
226.772 0.575559 18.9476 -0.669832 1.06411 0.00196594 -0.00839238 -0.204603 -0.978807 0.0865818 0.0410989 0.0211868 0.0002897 0.00040127 0.0217633 0.0948649 0.00294405 0.0228246 0.000269212 7.29807e-05 0.0227087
227.542 0.63921 19.0165 -0.627734 1.09 0.00250311 -0.00923173 -0.212689 -0.977073 0.0973243 0.0504735 0.0179686 0.000548713 0.000452646 0.0225936 0.109135 0.00543405 0.0200626 0.000548713 0.000452646 0.0225936
228.306 0.599143 19.0915 -0.57749 1.10968 -0.000722424 0.000839098 -0.221704 -0.975113 0.0491068 0.0272753 -0.0139024 -0.000338823 0.0206819 0.0208994 0.0560451 0.00334697 -0.0140156 -0.000338823 0.0206819 0.0208994
229.162 0.615524 19.1295 -0.552196 1.10141 -0.00199544 0.00106844 -0.222176 -0.975004 0.0233053 0.00933463 -0.000741068 -0.000412872 0.0022452 -0.101129 0.0250464 -0.00168653 -0.000809706 -0.000412872 0.0022452 -0.101129
230.884 0.625522 19.1596 -0.549204 1.08871 -0.000988699 0.00201997 -0.0518809 -0.998651 0.00915723 0.00239963 0.00193723 0.00220334 -0.00112293 -0.128653 0.00936452 0.00144121 0.00189596 0.00220334 -0.00112293 -0.128653
231.83 0.626289 19.1608 -0.551191 1.08976 -0.0017479 -0.0132523 -0.0155258 -0.99979 0.0508093 -5.78137e-06 -0.00924371 -0.0023284 0.00965116 -0.060419 0.0510112 -0.00161692 -0.00789124 -0.0023284 0.00965116 -0.060419
232.686 0.658472 19.2197 -0.562652 1.09015 -0.000538038 -0.00954707 0.00195974 -0.999952 0.120211 0.00254026 -0.0114373 0.000639652 -0.00140936 -0.021058 0.119291 0.00281614 -0.00911013 0.000841193 -0.00186968 -0.0226793
234.404 0.765786 19.387 -0.569682 1.0783 -0.000429451 0.00014618 0.00498155 -0.999988 0.0494144 0.00341649 -0.00334816 -8.18724e-05 0.00612354 0.000163922 0.0509161 0.00394347 -0.00325237 -5.30851e-05 0.00821402 0.000240219
235.244 0.790757 19.4201 -0.57221 1.07642 -0.000313745 -0.000820216 0.00482636 -0.999988 0.0290612 0.0012083 -0.00347454 -0.00038006 -0.00333294 -0.00119207 0.0294495 0.00157566 -0.00483076 -0.000317953 0.000371258 -0.00123256
236.986 0.873483 19.5543 -0.559789 1.04811 0.00134229 -0.00733719 -0.0268591 -0.999611 0.0484452 0.0051364 -0.00438628 -0.0328966 0.183951 0.0489085 0.0487104 0.00253668 -0.00366285 -0.0328966 0.183951 0.0489085
237.912 0.946096 19.6708 -0.542353 1.04968 0.00220543 -0.015156 -0.0495943 -0.998652 0.145197 0.0269857 0.00318501 0.00303381 -0.00153859 0.0477684 0.145799 0.0126087 -0.00210767 0.000471688 -0.00127413 0.0484822
239.564 1.05923 20.0097 -0.467183 1.05594 0.00217993 -0.0174726 -0.0752752 -0.997007 0.187106 0.0405609 -0.00833638 0.000570461 0.00223004 0.0253427 0.190863 0.0119004 -0.00154409 0.000505046 0.00216459 0.0253514
240.516 1.03884 20.2558 -0.408251 1.02739 0.00204417 -0.0196795 -0.0862983 -0.996073 0.216263 0.0502037 -0.00877438 0.000441613 -0.00485374 0.0208822 0.221194 0.0123821 0.00158285 0.000688401 -0.00542877 0.0210495
241.554 1.03104 20.5347 -0.338773 1.02858 0.00135328 -0.01729 -0.0949882 -0.995327 0.213396 0.052655 -0.0106193 0.000650619 -0.00248373 0.0149036 0.21974 0.0113375 -0.00300818 0.000650619 -0.00248373 0.0149036
243.398 1.03392 21.0143 -0.22632 1.02494 0.000463722 -0.0132316 -0.104063 -0.994483 0.197783 0.0497015 -0.00252619 7.55255e-06 -0.00559775 0.00619147 0.203784 0.00768132 0.0028434 7.55255e-06 -0.00559775 0.00619147
244.422 1.07416 21.2418 -0.180298 1.05396 0.000180383 -0.0110636 -0.107176 -0.994178 0.184156 0.0450613 -0.00621534 -0.000554561 -0.00533295 0.00376454 0.190028 0.00492103 -0.00337407 -0.000549908 -0.00524658 0.00379386
246.156 1.08018 21.5527 -0.125958 1.04362 -3.62888e-05 -0.00766033 -0.110624 -0.993833 0.160279 0.0366017 -0.00538314 -0.000529617 -0.00359747 0.00403627 0.164467 0.000453836 -0.00288139 -0.000529617 -0.00359747 0.00403627
