87.886 0.850848 1.42911 -0.00467838 1.04512 0.00068381 -0.0163844 -0.00198086 -0.999864 0.235193 0.0102167 -0.0140935 0.000119013 0.00194777 0.0157562 0.235567 0.00929809 -0.00636598 0.000119013 0.00194777 0.0157562
88.646 0.853786 1.60233 0.000107263 1.05246 -0.000181625 -0.016724 -0.00446988 -0.99985 0.237309 0.00360236 0.0070135 -0.000973705 0.00129473 -0.00217051 0.236891 0.00164316 0.0150015 -0.0011573 0.00145842 -0.0016189
89.136 0.86084 1.71218 0.00192678 1.05985 -2.44004e-05 -0.0171174 -0.00339855 -0.999848 0.239601 0.00273173 0.00418665 -0.00010441 0.000420372 -0.00535415 0.239331 0.00110421 0.0123859 -0.00010441 0.000420372 -0.00535415
89.954 0.873362 1.90667 0.00603493 1.07335 0.000141955 -0.0174216 -0.00243575 -0.999845 0.246429 0.00413333 0.0185818 0.000280954 -0.000601443 -0.000592249 0.245409 0.0029097 0.0272954 0.000324073 -0.000697366 -0.000734799
90.506 0.887475 2.04157 0.00929847 1.08849 -0.000491976 -0.0176243 -0.00250243 -0.999842 0.250268 0.003495 0.0108273 0.00274539 -0.00213077 -0.00196812 0.24955 0.0025648 0.0197045 0.00365606 -0.00228247 -0.00156318
90.99 0.897927 2.1497 0.00986222 1.09848 -0.000367835 -0.0180261 -0.00134103 -0.999837 0.252531 0.000571401 0.010916 -0.000810222 0.00106118 -0.00804227 0.251752 -5.2834e-05 0.0201048 -0.0010161 0.00142685 -0.00783395
91.55 0.911269 2.28633 0.00965521 1.10476 -0.000902096 -0.0181154 0.000858995 -0.999835 0.255982 -0.00179627 -0.0356229 0.00157434 -0.00518902 -0.0116437 0.256995 -0.00116672 -0.0262457 0.00204995 -0.00538102 -0.0113503
92.24 0.88261 2.46338 0.00692124 1.08174 -0.00062489 -0.0185166 0.00578836 -0.999812 0.260019 -0.00510884 -0.0276212 0.000495979 0.000450467 -0.0163829 0.260693 -0.00229092 -0.0177406 0.000498647 0.000539715 -0.0164963
92.758 0.895936 2.59634 0.00636573 1.09353 0.000338626 -0.0183286 0.00869224 -0.999794 0.26207 -0.00109507 0.0108664 0.00181099 0.00120919 -0.00331875 0.261373 0.00306037 0.0207373 0.00156496 0.00185165 -0.00496725
93.316 0.890567 2.73131 0.00504285 1.08858 0.000120279 -0.018716 0.00807736 -0.999792 0.265165 0.000169044 0.0118722 0.000202984 -2.99888e-05 0.00541995 0.264498 0.00444416 0.0217879 0.000202984 -2.99888e-05 0.00541995
94.048 0.841533 2.92145 0.00598381 1.0914 -0.000321448 -0.0188653 0.00678252 -0.999799 0.268502 -0.00139263 -0.00447937 -0.000400416 0.000393797 0.000148782 0.268233 0.0023122 0.00523174 -0.000216773 0.000307852 0.000575521
94.52 0.721613 3.04282 0.00581259 1.09989 -0.000273255 -0.0177965 0.00714372 -0.999816 0.266748 -0.00200223 -0.00461425 -0.000300175 0.00190807 -0.00136615 0.266744 0.00180966 0.00488183 -0.000300175 0.00190807 -0.00136615
95.024 0.622561 3.17807 0.0057142 1.09984 -0.00111959 -0.0149048 0.00800208 -0.999856 0.251154 -0.00517921 -0.00348203 -0.00100155 0.00712322 -0.0118642 0.251196 -0.00115819 0.00401358 -0.00100155 0.00712322 -0.0118642
95.542 0.534882 3.29595 0.00440946 1.10052 -0.000793593 -0.0136121 0.0118851 -0.999836 0.235268 -0.00675096 -0.0031556 0.000290688 0.00455818 -0.0202003 0.236624 -0.00129028 0.00316304 0.000233215 0.00314757 -0.0199973
96.654 0.422022 3.50643 -0.00220705 1.09267 -0.000189944 -0.00358969 0.0286261 -0.999584 0.141324 -0.00309093 0.00632353 -0.000829708 0.0112916 -0.0616393 0.14122 0.00500317 0.00733784 -0.000829708 0.0112916 -0.0616393
97.154 0.408186 3.56475 -0.00636152 1.09724 -0.00158809 -0.0127319 0.0434596 -0.998973 0.138268 -0.00755918 0.0439424 -0.000565259 0.0123626 -0.0638993 0.134621 0.0048639 0.0474256 0.00121893 0.0264968 -0.0645272
97.708 0.401439 3.63694 -0.0139289 1.09483 -0.00016807 -0.0114296 0.0583378 -0.998232 0.154231 -0.0128047 -0.00763604 -0.0133875 0.0124202 -0.044542 0.154042 0.00477588 -0.00329425 -0.0146027 0.0140794 -0.0462819
98.176 0.386503 3.70036 -0.0208743 1.09004 0.000151792 -0.0109916 0.0630498 -0.99795 0.159594 -0.00948297 -0.00772425 0.00121928 -0.00221228 -0.00108652 0.159628 0.0106982 -0.00410187 0.00204187 -0.003002 -0.00380699
99.104 0.375028 3.81467 -0.0313316 1.09122 0.000853199 -0.00400031 0.0607721 -0.998143 0.103305 0.000204665 0.00251242 0.000393828 0.00205222 0.00361072 0.103782 0.0126848 0.00353215 0.000414357 0.00236736 0.0038272
99.6 0.375312 3.85774 -0.0301598 1.07682 0.00107107 -0.00380401 0.0606039 -0.998154 0.0883038 0.00374625 0.0030883 0.000714333 0.00152119 0.00158929 0.0871762 0.0143933 0.00377653 0.000714333 0.00152119 0.00158929
100.142 0.382616 3.89557 -0.025721 1.0741 0.000923096 -0.00405623 0.0603475 -0.998169 0.0782908 0.00619283 0.00353872 -0.000368758 -0.000768568 0.00170233 0.0769436 0.0155709 0.00418967 -0.000368758 -0.000768568 0.00170233
100.712 0.390505 3.93084 -0.0226146 1.07062 0.000908662 -0.00393675 0.0599961 -0.99819 0.0694307 0.0060576 0.0030342 0.000323169 0.000982774 3.40173e-05 0.0687543 0.0143482 0.00353255 0.000191743 0.0010588 0.000107713
101.236 0.39992 3.96112 -0.0189229 1.07533 0.000800799 -0.00400306 0.0599415 -0.998194 0.063683 0.00578017 0.00258797 -7.89044e-06 -0.00135044 -0.000219292 0.0626804 0.0133733 0.00319015 -7.26589e-05 -0.00110275 -0.000212277
102.208 0.419447 4.02078 -0.0139334 1.09228 0.000755583 -0.00369225 0.0599429 -0.998195 0.0576446 0.00335157 0.00228139 -0.00016785 -0.000788305 0.000310396 0.0568111 0.010221 0.00271503 -0.00016785 -0.000788305 0.000310396
102.71 0.430449 4.04629 -0.0127721 1.09519 -4.87287e-05 -0.0032548 0.0634469 -0.99798 0.0509918 -5.52452e-05 -0.00144023 -0.00154578 0.00101215 -0.0412887 0.0513494 0.006865 -0.00120133 -0.00114829 0.00081346 -0.0384358
103.178 0.43797 4.06504 -0.0134289 1.09991 0.000407006 -0.00344656 0.076942 -0.99703 0.0449179 -0.00197075 -0.00511956 -0.00123449 -1.74837e-05 -0.0734094 0.0447222 0.00495094 -0.00480847 -0.00123449 -1.74837e-05 -0.0734094
103.714 0.448492 4.08825 -0.0145667 1.08628 0.000414126 -0.0038082 0.09457 -0.995511 0.0420805 -0.00184678 0.000145364 0.0134675 0.0528934 -0.0696076 0.0416732 0.00610927 0.000467526 0.0134675 0.0528934 -0.0696076
104.196 0.464415 4.12258 -0.016477 1.07914 -0.00138839 -0.011229 0.109239 -0.993951 0.0800341 -0.0154676 -0.00646404 -0.000648606 -0.0152876 -0.0568752 0.079227 0.00235723 -0.00438147 -0.000999871 -0.0158902 -0.0579303
104.738 0.486021 4.17589 -0.0231281 1.08186 -0.000309643 -0.007093 0.122091 -0.992494 0.0959109 -0.0206821 -0.000116327 -0.0180263 -0.110496 -0.0373868 0.0980558 0.00317884 0.00127534 -0.0180263 -0.110496 -0.0373868
105.256 0.512224 4.2279 -0.0300748 1.08696 0.000814395 -0.00228695 0.118218 -0.992985 0.0549927 -0.00375219 -0.0127367 0.00400852 0.0103466 0.0631277 0.0558492 0.00919866 -0.0127167 0.0040418 0.0139807 0.0576805
105.738 0.54151 4.26687 -0.0312331 1.07024 8.58482e-05 -0.00295747 0.0998336 -0.995 0.0426466 0.000399006 0.00817822 0.0010157 0.000943843 0.0864036 0.0416685 0.00885735 0.00842963 0.0010157 0.000943843 0.0864036
106.218 0.561133 4.2966 -0.0343876 1.07914 2.84141e-05 -0.00312544 0.0820107 -0.996627 0.037088 -0.000379296 0.000844463 -0.000568113 -4.38927e-05 0.0803804 0.0366451 0.00568803 0.00107584 -0.000568113 -4.38927e-05 0.0803804
106.682 0.578953 4.32762 -0.0389192 1.08718 5.70405e-05 -0.0029348 0.0643851 -0.997921 0.0351345 -0.00111256 -0.0102675 0.000314075 -0.000593851 0.0748914 0.0352719 0.00348172 -0.0102543 9.7178e-05 -0.000429821 0.0757173
107.196 0.601404 4.36083 -0.041974 1.10643 0.00107892 -0.014431 0.0478907 -0.998748 0.0650075 0.000943898 0.0516774 0.000813102 0.00357501 0.0633368 0.0631076 0.00697345 0.0535371 0.000813102 0.00357501 0.0633368
107.686 0.634607 4.40592 -0.045079 1.11109 4.09429e-07 0.000244935 0.0331898 -0.999449 0.0634181 0.000497986 -0.00260158 -0.000603528 0.0102607 0.0726894 0.0660685 0.00500609 -0.00301484 -0.000789883 -0.0016639 0.0710759
108.138 0.662068 4.43602 -0.043749 1.1154 -0.000205327 -0.00200423 0.0170041 -0.999853 0.0433121 0.00167573 -0.0055191 0.000844248 0.0013079 0.0792119 0.0432519 0.00314566 -0.00534657 0.000844248 0.0013079 0.0792119
108.636 0.68524 4.46696 -0.0430868 1.13474 0.000987765 -0.0127049 -0.000959515 -0.999918 0.0537894 0.00355821 0.0766689 -0.00795629 0.100921 0.0650543 0.0468417 0.00281509 0.0805052 -0.0123733 0.127931 0.0671898
109.166 0.722261 4.51454 -0.0433602 1.17317 0.00077071 -0.0128134 -0.0128026 -0.999836 0.115411 0.00910436 0.0739421 -0.000295773 -0.0114306 0.0393894 0.113672 0.00605477 0.0768896 -0.000295773 -0.0114306 0.0393894
109.678 0.780461 4.58668 -0.0421941 1.21873 0.00149526 -0.0118576 -0.0211442 -0.999705 0.141064 0.0128216 0.0762113 -0.00805202 -0.0113913 0.0306507 0.138543 0.00630059 0.079705 -0.00913537 -0.0121671 0.0303009
110.142 0.848539 4.65348 -0.0378768 1.25556 0.00169852 -0.0126197 -0.0291565 -0.999494 0.151446 0.019384 0.0839021 0.00133018 0.000455415 0.0405662 0.150144 0.0102945 0.0877604 0.00133018 0.000455415 0.0405662
110.654 0.927477 4.73792 -0.0277289 1.29637 -0.000309896 -0.00349688 -0.0392798 -0.999222 0.155704 0.0222507 -0.00970217 0.0196314 -0.15825 0.0260161 0.160985 0.0105302 -0.0043312 0.0249881 -0.176607 0.0325393
111.48 1.01848 4.82456 -0.0168676 1.30276 -0.000412163 -0.00128669 -0.0273929 -0.999624 0.069775 0.00664192 0.0287192 -0.00611463 0.047848 -0.0653047 0.0699606 0.00283647 0.0288952 -0.00611463 0.047848 -0.0653047
112.422 1.09379 4.94818 -0.00918805 1.38316 0.00154465 -0.0172547 -0.0208299 -0.999633 0.194048 0.0232566 0.0800786 0.000928089 -0.0022684 0.0263308 0.190113 0.0150459 0.0861484 0.000897925 -0.0025755 0.0248792
112.94 1.17639 5.04434 -0.00232761 1.4206 0.00044629 -0.010211 -0.0274669 -0.99957 0.208192 0.0231928 -0.0077642 0.0204151 -0.244126 0.0204499 0.209267 0.0117266 -0.00348412 0.0204151 -0.244126 0.0204499
113.448 1.25141 5.12519 0.00387423 1.42411 -0.000540917 0.000736839 -0.0223194 -0.99975 0.107287 0.00847781 -0.010728 -0.00396884 0.0326317 -0.0573946 0.107542 0.00367008 -0.0108929 -0.00396884 0.0326317 -0.0573946
114.048 1.25253 5.18297 0.0060507 1.43741 -0.00233546 -0.0151509 -0.00261555 -0.999879 0.0861231 0.00113049 0.15606 0.0317386 0.228871 -0.0723077 0.081362 0.00142732 0.158592 0.0317386 0.228871 -0.0723077
114.568 1.30402 5.25501 0.00167061 1.51529 -0.00138631 -0.0205465 0.0133392 -0.999699 0.188726 -0.0151524 0.160641 -0.00918553 -0.0122888 -0.052676 0.178835 -0.0100032 0.168595 -0.0130319 -0.0195235 -0.0550171
115.134 1.30272 5.36848 -0.00564189 1.59985 -0.00116186 -0.0196545 0.0237161 -0.999525 0.223857 -0.0157789 0.162445 0.000588375 -0.000994739 -0.0270693 0.216287 -0.00507914 0.171081 0.000717421 -0.00135179 -0.0282334
115.672 1.28962 5.47621 -0.0117061 1.6109 0.000879021 0.00274713 0.0224111 -0.999745 0.136625 -0.00427058 -0.0103526 0.00481 0.0455359 0.0497898 0.143933 0.00161763 -0.0112055 0.0045751 0.0413524 0.0435209
116.226 1.286 5.54496 -0.0148772 1.61226 0.000107857 -0.0018314 0.00362855 -0.999992 0.0895078 -0.00061653 -0.0136571 0.000879173 0.00351623 0.087136 0.0911228 0.000287704 -0.0136423 0.000927011 0.00391125 0.0865302
116.75 1.28506 5.5911 -0.0167661 1.60173 -4.91278e-05 -0.00224877 -0.0164059 -0.999863 0.0758787 -0.000720472 -0.00433322 0.000114274 -4.43127e-06 0.084968 0.0758329 -0.00321018 -0.00399182 0.000114274 -4.43127e-06 0.084968
117.226 1.28186 5.63891 -0.0183874 1.63296 0.000615074 -0.0277486 -0.0324124 -0.999089 0.160315 0.00441327 0.133478 0.00130757 -0.0360345 0.0389031 0.152611 -0.00590835 0.142168 0.00130757 -0.0360345 0.0389031
118.186 1.20255 5.82836 -0.0108207 1.73923 -0.00109017 -0.0198496 -0.0349928 -0.99919 0.242376 0.00376645 0.132509 -0.00199262 0.00220077 -0.0171379 0.236004 -0.012457 0.141878 -0.00198328 0.00127879 -0.0155915
118.746 1.06699 5.9707 -0.0050921 1.80874 0.00106053 -0.0207719 -0.0290738 -0.999361 0.252982 0.00395706 0.138242 -0.0203617 0.0083845 -0.0218977 0.246088 -0.0118334 0.148648 -0.0246717 0.00884888 -0.0229212
119.234 0.94799 6.09514 0.00167172 1.87039 0.00114843 -0.0183146 -0.0270452 -0.999466 0.252653 0.0137253 0.11885 0.00199469 0.000737491 0.00170576 0.249297 -0.000507856 0.128251 0.0022458 -0.00142788 0.000820778
119.792 0.814393 6.2405 0.0106998 1.90018 -0.000831941 0.00284487 -0.027184 -0.999626 0.193187 0.0109239 -0.00730212 0.00289435 -0.0338997 -0.0253642 0.19345 0.000396537 -0.00841189 0.00289435 -0.0338997 -0.0253642
120.492 0.699867 6.35984 0.0181498 1.91106 7.89819e-05 -0.0052266 -0.00622231 -0.999967 0.102432 0.00306257 0.108323 -0.0124632 0.127465 -0.0806937 0.103314 0.00166224 0.0593756 -0.00857305 0.083018 -0.0817435
121.026 0.649137 6.43902 0.0219563 1.96414 0.00130671 -0.0147732 0.00448645 -0.99988 0.155621 0.00926377 0.103421 0.00187493 -0.0192154 -0.00299065 0.15241 0.0103696 0.107998 0.00187493 -0.0192154 -0.00299065
121.532 0.598482 6.52603 0.0252302 2.01377 0.000879065 -0.0126837 0.00017807 -0.999919 0.166448 0.00961652 0.0963718 0.000258051 -0.000696654 0.0294042 0.163946 0.00950221 0.10058 0.000258051 -0.000696654 0.0294042
122.722 0.462162 6.71292 0.0368738 2.02918 -3.52616e-05 -0.003085 0.000867677 -0.999995 0.0967279 0.00192056 0.0210335 -0.00216676 0.00515179 -0.0591472 0.0965928 0.0020898 0.0216298 -0.00216676 0.00515179 -0.0591472
123.468 0.462214 6.78739 0.0391249 2.09902 3.63556e-05 -0.00654389 0.0219725 -0.999737 0.0920579 -0.000479012 0.137941 -0.000719276 -0.00673578 -0.0504021 0.0901775 0.00351612 0.139134 -0.000719276 -0.00673578 -0.0504021
124.594 0.546233 6.89037 0.0405779 2.22746 0.000235014 -0.00202013 0.0416228 -0.999131 0.0806941 -0.0007369 -0.0273254 0.000206057 0.00556444 -0.0522134 0.0805849 0.0059946 -0.026998 0.000206057 0.00556444 -0.0522134
125.096 0.560797 6.92209 0.0412776 2.25809 -0.000939604 -0.00744345 0.0553085 -0.998441 0.0767896 -0.00235319 0.124998 0.00934459 0.0712471 -0.0622862 0.0747002 0.00627489 0.126123 0.00934459 0.0712471 -0.0622862
125.64 0.605607 6.96474 0.037375 2.30659 -0.000877043 -0.00836638 0.0698924 -0.997519 0.109713 -0.0132448 0.119159 -0.000744798 -0.00682503 -0.0562866 0.108469 0.00225357 0.120999 -0.000744798 -0.00682503 -0.0562866
126.184 0.653311 7.01569 0.0319851 2.35514 -0.000516078 -0.00764421 0.0823261 -0.996576 0.120599 -0.0167632 0.0380499 -0.0110628 -0.0644399 -0.0423189 0.121117 0.00324512 0.039911 -0.0110628 -0.0644399 -0.0423189
126.72 0.657516 7.0645 0.030709 2.35835 0.000834581 -0.000921168 0.0773645 -0.997002 0.0805082 -0.00325534 -0.00959987 0.00334262 0.00978115 0.0746965 0.0817596 0.00924496 -0.00864659 0.00354773 0.0129274 0.0673644
127.478 0.666949 7.1193 0.0285021 2.36381 -0.00253467 -0.0136617 0.0539208 -0.998449 0.127683 -0.019052 -0.00589892 -0.00379821 -0.028196 0.0103819 0.129105 -0.00520521 -0.00232373 -0.00379821 -0.028196 0.0103819
128.024 0.673878 7.18037 0.0159656 2.36323 -0.00159431 -0.0117655 0.0597412 -0.998143 0.150037 -0.0277858 -0.00222948 -0.00166302 -0.000789143 -0.0426273 0.15229 -0.00969215 0.00139404 -0.00166302 -0.000789143 -0.0426273
128.64 0.691282 7.2655 -0.00230336 2.36415 -0.00132578 -0.0118243 0.0722386 -0.997316 0.160862 -0.0306867 -0.00254519 0.000268632 0.000613853 -0.0412132 0.16362 -0.00718508 0.00135224 0.000268632 0.000613853 -0.0412132
129.516 0.727271 7.36363 -0.0174464 2.36039 -0.000135174 -0.00629701 0.0678912 -0.997673 0.0784747 -0.00841789 -0.065668 0.00898869 0.169863 0.0565863 0.0797117 0.00232895 -0.0646687 0.00898869 0.169863 0.0565863
130.44 0.712038 7.46488 -0.0289627 2.29036 -0.00126274 -0.0136592 0.0604145 -0.998079 0.156305 -0.02275 -0.0744009 -0.000956533 -0.00217428 -0.0109744 0.159888 -0.00379336 -0.0700401 -0.000956533 -0.00217428 -0.0109744
131.014 0.735564 7.55786 -0.0426747 2.25506 -0.0006923 -0.0128789 0.0637326 -0.997884 0.168317 -0.0227422 -0.0891436 0.000777159 0.000127228 -0.00992779 0.17157 -0.00132247 -0.084725 0.000807436 -1.62215e-05 -0.0101498
131.574 0.771184 7.65739 -0.0580733 2.21139 -0.000715542 -0.0134056 0.0654772 -0.997764 0.176899 -0.0244129 -0.0965003 -0.00379756 -0.00176549 -0.00531206 0.181099 -0.00105458 -0.0916721 -0.00379756 -0.00176549 -0.00531206
132.176 0.808242 7.76656 -0.0713824 2.14971 -0.000655191 -0.0140343 0.0660678 -0.997716 0.185063 -0.0229283 -0.101071 0.00108533 -0.000517058 0.000478361 0.188871 0.00160483 -0.0958412 0.00105876 -0.000443759 0.000198838
133.102 0.888879 7.94831 -0.0893065 2.06358 -0.000558119 -0.0149476 0.0648294 -0.997784 0.199528 -0.0213539 -0.084723 0.00113163 9.83051e-05 0.00665749 0.202679 0.00460827 -0.0787059 0.00123068 6.61287e-05 0.00650686
133.64 0.958831 8.05516 -0.0989972 2.01533 -0.000790948 -0.0167922 0.0627912 -0.997885 0.210967 -0.0215402 -0.0920803 0.000555991 -0.00230665 0.00780735 0.214978 0.00512183 -0.0848996 0.000555991 -0.00230665 0.00780735
134.588 1.11235 8.26864 -0.120959 1.90963 -0.00225746 -0.0167736 0.061811 -0.997944 0.230245 -0.0303042 -0.105247 -0.00168252 0.00149505 -0.0123255 0.235645 -0.00190606 -0.097343 -0.00168252 0.00149505 -0.0123255
135.324 1.19633 8.45099 -0.145275 1.81938 -0.00223643 -0.0198885 0.0677826 -0.997499 0.253209 -0.0374805 -0.120597 -0.00367934 -0.00186652 -0.0186314 0.260569 -0.00308556 -0.110262 -0.00367934 -0.00186652 -0.0186314
135.86 1.20219 8.6 -0.166427 1.76053 -0.000486669 -0.0220853 0.0697888 -0.997317 0.273584 -0.0302605 -0.11396 0.00288852 -0.00432043 0.0050424 0.278934 0.00803069 -0.101561 0.00307838 -0.00450709 0.0040751
136.6 1.17773 8.81442 -0.194887 1.6732 -0.00077587 -0.011272 0.065602 -0.997782 0.283839 -0.0303602 0.0210245 0.00679704 -0.295087 0.0196519 0.289666 0.00738031 0.0201895 0.00545046 -0.28161 0.0177566
137.076 1.11996 8.92391 -0.20899 1.67522 -5.86137e-05 -0.000465233 0.0548735 -0.998493 0.163885 -0.0161487 0.0151059 0.00169051 0.041783 0.0747597 0.164653 0.00190834 0.0152598 0.00169051 0.041783 0.0747597
137.672 1.08631 9.04279 -0.222746 1.63904 -0.00232638 -0.0254696 0.0377742 -0.998959 0.238907 -0.0247517 -0.0740568 -0.000873043 -0.0446022 0.0273758 0.243562 -0.00682393 -0.0616822 -0.000873043 -0.0446022 0.0273758
138.262 1.06617 9.17162 -0.235475 1.62765 -0.000618391 0.00179742 0.0396999 -0.99921 0.173191 -0.0181986 0.00668497 -0.000671958 0.0416199 -0.0407339 0.181576 -0.00479151 0.00584849 -0.000169831 0.0300335 -0.0368563
139.126 1.05033 9.29308 -0.251621 1.61414 -0.00179032 -0.0152492 0.0323528 -0.999359 0.116475 -0.00891675 -0.064208 0.0198575 0.25344 0.0763542 0.113495 -0.000729035 -0.0555028 0.0197857 0.246996 0.0784202
139.694 1.04059 9.38739 -0.264594 1.58151 -0.00295786 -0.0211809 0.0227839 -0.999512 0.229324 -0.0265133 -0.0685647 -0.00368443 -0.0221992 -0.00149692 0.232997 -0.0163511 -0.0586407 -0.00368443 -0.0221992 -0.00149692
140.296 0.980355 9.5279 -0.284513 1.54158 -0.00120742 -0.0193965 0.0266632 -0.999456 0.264842 -0.0239991 -0.0956575 0.00134593 -0.00334647 -0.0140706 0.269259 -0.00996907 -0.0852511 0.00134593 -0.00334647 -0.0140706
140.868 0.855418 9.66756 -0.300556 1.50198 -0.000699414 -0.0180634 0.0289619 -0.999417 0.271651 -0.0197858 -0.0759017 0.00124223 0.00372349 -0.00286127 0.274781 -0.00432223 -0.0661408 0.00126932 0.00395369 -0.00328474
141.894 0.666609 9.91905 -0.319499 1.45344 -3.09121e-06 -0.0157493 0.0236969 -0.999595 0.254967 -0.00849743 -0.0696897 0.000447266 -0.000526568 0.0212136 0.257334 0.00338667 -0.0616419 0.000245691 -0.000923672 0.0209219
142.444 0.607859 10.0365 -0.322929 1.40003 -0.000409401 -0.0122265 0.0179355 -0.999764 0.235743 -0.0058893 -0.0507996 -9.96182e-05 0.0112581 0.0231581 0.236974 0.00255188 -0.0450172 -9.96182e-05 0.0112581 0.0231581
143.058 0.551855 10.1584 -0.328638 1.38655 -0.000669948 0.00122754 0.0107418 -0.999941 0.192116 -0.00617486 0.00264902 -0.00141387 -0.0282536 0.0371736 0.19221 -0.00204304 0.00218273 -0.00141387 -0.0282536 0.0371736
143.63 0.507934 10.2325 -0.335485 1.38503 -0.000766711 -0.00506206 -0.00474932 -0.999976 0.132341 -0.00662509 -0.102609 0.00368082 0.107615 0.0681774 0.133303 -0.00804306 -0.101253 0.00368082 0.107615 0.0681774
144.17 0.516631 10.298 -0.343454 1.34125 -0.00106394 -0.00988734 -0.0148991 -0.99984 0.161708 -0.00960832 -0.106042 -0.00206032 -0.00797419 0.00519836 0.163411 -0.0146753 -0.102801 -0.00206032 -0.00797419 0.00519836
145.27 0.599315 10.439 -0.357281 1.20375 -0.00110915 -0.00843093 -0.00775333 -0.999934 0.161897 -0.0108565 -0.107102 -0.00080232 0.00200721 -0.0271703 0.16349 -0.013614 -0.104332 -0.00080232 0.00200721 -0.0271703
145.818 0.647684 10.5032 -0.362413 1.1466 -0.00102998 -0.009876 -0.000575852 -0.999951 0.162176 -0.011441 -0.127227 -0.000311195 -0.00190608 -0.0297633 0.164644 -0.011888 -0.123975 -0.000311195 -0.00190608 -0.0297633
146.478 0.736909 10.5906 -0.369191 1.04942 -0.000900744 -0.0111255 0.00766837 -0.999908 0.16676 -0.0116958 -0.0651953 -0.00133967 0.0265196 -0.0232591 0.16833 -0.00924008 -0.0614481 -0.00133967 0.0265196 -0.0232591
147.03 0.783175 10.6743 -0.375365 1.00796 -0.000888247 -0.0145576 0.012404 -0.999817 0.190284 -0.0120227 -0.0779791 -0.000330984 -0.00606833 -0.0132474 0.192714 -0.00740472 -0.0723852 -0.000330984 -0.00606833 -0.0132474
147.61 0.790262 10.7689 -0.383365 0.956699 -0.00251238 -0.0136119 0.0157515 -0.99978 0.199589 -0.0163613 -0.0841407 0.00353074 -0.00659364 -0.0197832 0.20231 -0.00983247 -0.0786032 0.0069907 -0.0100554 -0.0175888
148.222 0.747791 10.8823 -0.392207 0.944208 -0.000440111 -0.0166033 0.0229052 -0.9996 0.208997 -0.0156222 0.00816338 0.00200114 -0.00245538 -0.0188536 0.208133 -0.00667968 0.015139 0.00163954 -6.07161e-05 -0.0207384
149.288 0.757817 11.0985 -0.408661 0.955511 -0.00142824 -0.015243 0.0278669 -0.999494 0.210566 -0.0168223 0.0170127 0.00784956 -0.00596827 -0.00985338 0.210558 -0.00502314 0.0234663 0.00784956 -0.00596827 -0.00985338
149.91 0.764434 11.2314 -0.421709 0.962453 -0.0015133 -0.0155343 0.0323752 -0.999354 0.210294 -0.0212749 0.0174354 -0.000236551 0.0010274 -0.0185485 0.210584 -0.00757732 0.0240213 -0.000236551 0.0010274 -0.0185485
150.882 0.803174 11.4576 -0.442933 0.953499 -0.00131709 -0.0161837 0.0409953 -0.999027 0.216527 -0.022697 -0.00781141 -2.23683e-05 -0.00119449 -0.0154968 0.217797 -0.00488575 -0.000739231 -2.23683e-05 -0.00119449 -0.0154968
151.448 0.843343 11.5926 -0.459884 0.953233 -0.0012249 -0.0170463 0.0445675 -0.99886 0.224047 -0.0248994 -0.00832891 -0.000402159 -0.00146586 -0.010763 0.225527 -0.00485114 -0.000620093 -0.000402159 -0.00146586 -0.010763
152.018 0.827751 11.7254 -0.474951 0.959812 -0.00155047 -0.0176805 0.0470605 -0.998734 0.230869 -0.0266783 -0.00291779 0.000864881 -0.00138385 -0.010542 0.232312 -0.00484939 0.00533083 0.000864881 -0.00138385 -0.010542
152.586 0.788044 11.8711 -0.492817 0.965803 -0.00155225 -0.0173974 0.0505548 -0.998569 0.232825 -0.0294399 -0.00414963 0.0015539 -0.000104028 -0.012569 0.234609 -0.00577516 0.00404889 0.0015539 -0.000104028 -0.012569
153.164 0.719767 12.0094 -0.512633 0.956177 -0.00131938 -0.0168459 0.0542042 -0.998387 0.230024 -0.0318228 -0.00228742 -0.000302965 0.00259032 -0.014021 0.232062 -0.00673099 0.00556034 -0.000302965 0.00259032 -0.014021
154.102 0.651012 12.2401 -0.538822 0.938986 -0.000927722 -0.0161214 0.0588126 -0.998138 0.226303 -0.0293289 -7.36045e-05 0.000751498 -0.000415214 -0.00451135 0.228122 -0.00264183 0.0056936 0.000365185 -0.000368032 -0.00473254
155.214 0.619013 12.4982 -0.567176 0.914034 -0.00124864 -0.0148256 0.0639374 -0.997843 0.215086 -0.0306355 0.0124746 0.000284398 -0.000357435 -0.012867 0.216707 -0.00297558 0.0188582 0.000257103 -0.000178621 -0.0129231
155.77 0.632938 12.6241 -0.580196 0.93729 0.0010595 -0.0126896 0.063648 -0.997891 0.204832 -0.0186842 0.0628068 0.00365548 0.00584077 0.0261379 0.203898 0.00724671 0.0679923 0.00365548 0.00584077 0.0261379
156.328 0.677851 12.7378 -0.585818 0.970744 0.000325224 -0.0133986 0.0534754 -0.998479 0.202676 -0.0121583 0.0628351 0.00124777 -0.000291773 0.0467394 0.201063 0.009422 0.068252 0.00124777 -0.000291773 0.0467394
157.368 0.709666 12.9123 -0.594011 1.02689 0.00116052 -0.0162601 0.0246704 -0.999563 0.143004 -0.00705331 0.0804667 -0.00260139 0.0449858 0.0626272 0.140492 -0.000248471 0.0850699 -0.00260139 0.0449858 0.0626272
157.924 0.704938 12.9947 -0.595994 1.0634 0.00120369 -0.0149273 0.0101884 -0.999836 0.187972 -0.00011395 0.0370902 -0.000741597 -0.00463643 0.0543614 0.184838 0.00354932 0.0427699 -0.00205809 -0.00258176 0.0546516
158.502 0.704341 13.0973 -0.596174 1.07 0.000881857 -0.013827 -0.0041682 -0.999895 0.204159 0.00423588 0.0389817 0.000119712 -0.00100209 0.0480562 0.203031 0.00246472 0.0446184 0.000119712 -0.00100209 0.0480562
159.514 0.609483 13.2886 -0.585828 1.09334 -0.000679173 -0.0140614 -0.0204163 -0.999692 0.214737 0.0028917 0.0717482 -0.00162641 -0.00125662 0.010829 0.212457 -0.00547696 0.0778453 -0.00163976 -0.00106406 0.012168
160.102 0.546478 13.4029 -0.582048 1.11352 -0.000431046 -0.0120547 -0.0209474 -0.999708 0.207251 0.00144809 0.0605664 -0.000519995 0.00323541 -0.00604896 0.205611 -0.00714845 0.0655472 -0.000519995 0.00323541 -0.00604896
161.116 0.490363 13.5649 -0.58144 1.11569 -0.000730282 -0.00169004 -0.00109283 -0.999998 0.127564 -0.00272175 -0.0104295 -0.00290171 0.00981515 -0.11439 0.127592 -0.00301551 -0.00999413 -0.00290171 0.00981515 -0.11439
161.686 0.484535 13.6158 -0.582269 1.12126 -0.000352662 -0.00240754 0.0318495 -0.99949 0.105674 -0.00128466 -0.0180724 0.000341001 0.000538322 -0.121949 0.105627 0.00543603 -0.0175649 0.000341001 0.000538322 -0.121949
162.29 0.484372 13.6533 -0.5842 1.12629 -0.000451759 -0.00233616 0.0648247 -0.997894 0.0932576 -0.000974105 -0.0224005 -2.26477e-05 -6.05275e-06 -0.119115 0.0927046 0.0110862 -0.0219697 -2.26477e-05 -6.05275e-06 -0.119115
162.858 0.488676 13.6808 -0.58762 1.12062 -0.000258544 -0.00208191 0.0958503 -0.995394 0.0851185 -0.00142457 -0.019022 -0.000492426 -0.00031045 -0.107062 0.0839054 0.0148416 -0.018672 -0.000492426 -0.00031045 -0.107062
163.63 0.49564 13.7101 -0.592029 1.1168 -0.000216377 -0.00175226 0.129151 -0.991623 0.074891 -0.00112645 -0.014212 2.81024e-05 -0.000420903 -0.0752617 0.0727309 0.018094 -0.0139549 2.81024e-05 -0.000420903 -0.0752617
164.338 0.503335 13.7336 -0.598983 1.12187 -0.00290039 -0.0108899 0.150941 -0.988479 0.0951395 -0.0161981 0.0538423 -0.00203234 -0.00893212 -0.0576906 0.0909701 0.0136925 0.0560174 -0.00142773 0.00175149 -0.0586315
164.9 0.52465 13.7728 -0.617739 1.13679 -0.00144967 -0.0101354 0.164726 -0.986286 0.118444 -0.0304908 -0.0284591 -0.0110021 0.0124445 -0.0405282 0.121111 0.00941746 -0.0235587 -0.0141327 0.0178972 -0.0437311
165.534 0.558922 13.8322 -0.642996 1.11762 -0.00125768 -0.0101651 0.170272 -0.985344 0.133281 -0.0331951 -0.030767 0.000696074 -1.63113e-05 -0.000673291 0.137293 0.0134865 -0.0279506 0.000696074 -1.63113e-05 -0.000673291
166.228 0.600042 13.9096 -0.670589 1.10139 -0.000684302 -0.0104425 0.16921 -0.985525 0.139746 -0.0361771 0.0291283 -0.0222811 -0.0215935 0.00778155 0.143172 0.0124413 0.0321426 -0.0222811 -0.0215935 0.00778155
166.796 0.612687 13.9868 -0.693375 1.11304 3.72094e-05 -0.011049 0.161875 -0.986749 0.141721 -0.0273968 0.0284544 0.00161938 0.000384617 0.0470762 0.142224 0.0191198 0.0316045 0.00180293 0.00057624 0.0463286
167.408 0.589127 14.0761 -0.715691 1.12148 -0.000412638 -0.0116136 0.147854 -0.988941 0.146183 -0.0268711 0.0284741 0.000345458 0.000725118 0.0500427 0.146707 0.0171009 0.0318371 0.000420826 0.000717715 0.0503044
167.932 0.569702 14.1526 -0.733362 1.12584 0.000245022 -6.04119e-05 0.135863 -0.990728 0.128881 -0.0235717 -0.00121753 -0.000439107 -0.0616723 0.071077 0.130469 0.0119947 -0.00120458 -0.000439107 -0.0616723 0.071077
168.506 0.552233 14.2142 -0.751369 1.134 3.40258e-05 -0.00199141 0.107881 -0.994162 0.0738464 -0.0136297 -0.00564156 -0.00107084 0.00529824 0.134964 0.076748 0.00288532 -0.00454851 -0.000400307 0.00573093 0.133324
169.18 0.536023 14.2667 -0.765519 1.13398 -3.75424e-05 -0.00259649 0.0455379 -0.998959 0.0573108 -0.00915822 -0.00994463 0.0023138 0.000159478 0.235003 0.0579571 -0.00390443 -0.00964454 0.0023138 0.000159478 0.235003
169.778 0.531721 14.3045 -0.772051 1.1249 -0.000587265 -0.00247648 -0.018533 -0.999825 0.0504938 -0.00833027 -0.000930666 0.000551836 -0.000485889 0.21259 0.0501544 -0.0101969 -0.000670487 0.000551836 -0.000485889 0.21259
170.358 0.524878 14.3347 -0.777319 1.11301 -0.000461074 -0.00232001 -0.0711755 -0.997461 0.0457561 -0.00710284 0.0145227 -0.00231383 -0.000438918 0.190992 0.0442172 -0.0135095 0.0147415 -0.00231383 -0.000438918 0.190992
170.904 0.523152 14.3612 -0.778031 1.11639 -0.000820664 -0.00213983 -0.127226 -0.991871 0.0414893 -0.0025848 0.0100439 0.00155616 -0.000847241 0.217571 0.0394529 -0.0129504 0.0102313 0.00155616 -0.000847241 0.217571
171.476 0.519558 14.3879 -0.784266 1.10774 -0.00110393 -0.00193745 -0.183656 -0.982988 0.0384159 -0.00358458 0.0162151 -0.000723582 -0.000966009 0.181066 0.0344747 -0.0171664 0.016382 -0.000723582 -0.000966009 0.181066
172.094 0.512025 14.4156 -0.7915 1.11591 -0.00109944 -0.00170258 -0.228052 -0.973647 0.0360163 -0.00294125 0.0119888 0.000149414 -0.000631739 0.141048 0.0311548 -0.0187515 0.0130519 5.98755e-05 -0.000702361 0.142031
172.664 0.5056 14.4364 -0.795527 1.13094 -0.00128219 -0.001632 -0.261886 -0.965097 0.0323878 -0.00131912 -0.00300225 0.000371728 -0.000886392 0.113533 0.0272857 -0.0175198 -0.00287631 0.000371728 -0.000886392 0.113533
173.296 0.499523 14.4609 -0.801711 1.13179 -0.00130871 -0.00146934 -0.291396 -0.9566 0.0295083 -0.000719304 -0.00686935 -0.000791942 -0.000628755 0.0895037 0.0242122 -0.0171405 -0.00711831 -0.000506117 -0.000281948 0.0902406
173.882 0.495398 14.4858 -0.807523 1.12372 -0.00131985 -0.00121544 -0.315638 -0.948878 0.0278242 9.05159e-05 0.00175627 -0.000287135 -0.000550602 0.0861384 0.0224905 -0.0166682 0.00135517 -0.000233269 -0.000601856 0.0863546
174.856 0.486993 14.5217 -0.815675 1.11574 -0.00137949 -0.000962744 -0.3488 -0.937196 0.0253876 0.000567532 0.0157315 -0.000816806 -0.000210764 0.0640278 0.0196674 -0.0160652 0.0101486 -0.000971815 -0.000269771 0.0645003
175.456 0.48617 14.5516 -0.811959 1.13419 0.00257473 -0.00791661 -0.365059 -0.930947 0.0556502 0.0390976 0.0431842 0.000677366 -0.0127508 0.0505415 0.0646533 -0.00919088 0.0443282 0.00119961 -0.0158678 0.0514723
176.064 0.50423 14.5963 -0.79144 1.16611 0.00232275 -0.00735781 -0.378023 -0.925764 0.0659792 0.0523166 0.0424295 -0.00110639 9.60216e-05 0.0388938 0.0824999 -0.00869155 0.0438528 -0.00126395 -4.10198e-06 0.0394586
176.938 0.54663 14.6636 -0.750604 1.1836 -0.00145559 0.000862824 -0.397558 -0.917575 0.04047 0.0256272 0.00247582 -0.000502794 0.0231518 0.0876854 0.0494417 -0.0118939 0.00206638 -0.00133497 0.0218247 0.0828326
177.518 0.565779 14.6953 -0.73354 1.18852 0.0043958 -0.0133478 -0.420935 -0.906982 0.0495007 0.0362241 -0.00308606 0.00412169 0.00191525 0.0679125 0.0596826 -0.0144268 -0.00137359 0.00412169 0.00191525 0.0679125
178.096 0.60146 14.7429 -0.694343 1.19722 0.00315252 -0.0103655 -0.427825 -0.903796 0.0768389 0.0674638 -0.0057554 -0.000120986 -0.00320216 -0.00232821 0.100985 -0.0166793 -0.00353882 -0.000120986 -0.00320216 -0.00232821
178.74 0.658009 14.806 -0.633224 1.20524 0.00265915 -0.00926414 -0.425104 -0.905093 0.0865393 0.0832067 -0.00415887 0.0138245 -0.0644872 -0.0154157 0.119 -0.0136646 -0.000424236 -0.00176819 -0.0475891 -0.0143617
179.62 0.744452 14.9101 -0.547765 1.21936 0.00239273 -0.0114388 -0.410632 -0.911726 0.102371 0.0802773 -0.0148901 -0.00133707 0.000440325 -0.0569825 0.127856 -0.0234642 -0.011745 -0.00146122 0.000166844 -0.0568364
180.434 0.832863 15.018 -0.461327 1.22253 -0.000642427 -0.000791796 -0.392053 -0.919942 0.106291 0.0836736 0.00455153 -0.00498054 -0.124614 -0.0599412 0.133968 -0.0187115 0.00471296 -0.00498054 -0.124614 -0.0599412
180.994 0.877389 15.0754 -0.416262 1.21925 -0.000229108 -0.00163412 -0.371906 -0.928269 0.0539055 0.0364724 0.00824698 -0.00149667 0.00798139 -0.102991 0.0641525 -0.0108229 0.00844848 -0.00149667 0.00798139 -0.102991
181.584 0.910513 15.1204 -0.384963 1.22571 0.000270344 -0.00212247 -0.346488 -0.938052 0.0427132 0.0268648 0.00306192 -0.000385665 -5.2224e-05 -0.095121 0.0503678 -0.00753742 0.00388145 -0.000367724 0.000365867 -0.0965728
182.216 0.929342 15.1589 -0.361081 1.22526 0.00158061 -0.0105858 -0.323632 -0.946122 0.0447284 0.0254352 0.00726691 0.0338736 0.202957 -0.0710766 0.0468371 -0.00651623 0.00888638 0.0360226 0.186511 -0.0722608
182.79 0.93321 15.2177 -0.327656 1.22936 0.00326891 -0.0168307 -0.308155 -0.951182 0.134879 0.0733196 0.00166466 -0.0015776 -0.0150475 -0.0541152 0.148987 -0.0195552 0.00710279 -0.00201537 -0.0201001 -0.0550991
183.668 0.885668 15.3495 -0.252949 1.17841 0.00266071 -0.0154694 -0.287676 -0.957599 0.16075 0.0793904 -0.0714097 -0.000940061 -0.00465592 -0.0526983 0.178961 -0.0223978 -0.0658156 -0.000989348 -0.00540076 -0.0528206
184.46 0.837847 15.4864 -0.18051 1.17096 0.00316088 -0.0149393 -0.271072 -0.962438 0.171148 0.0819245 0.0628626 2.63286e-05 0.00799309 -0.040825 0.186743 -0.0193078 0.0686235 2.63286e-05 0.00799309 -0.040825
185.3 0.678173 15.6446 -0.0963474 1.20373 0.00337342 -0.0146758 -0.258785 -0.965818 0.176904 0.0838817 0.0632516 0.000967365 0.00146603 -0.0292235 0.192768 -0.0159305 0.0688792 0.000950027 0.00152179 -0.0294151
186.112 0.527851 15.7932 -0.00343484 1.19423 0.00525097 -0.0112175 -0.259633 -0.965628 0.151432 0.0934007 -0.0381087 0.00542188 0.00620844 0.0418849 0.179102 0.00473739 -0.0349887 0.00531845 0.00673336 0.0393669
186.74 0.432016 15.8926 0.0666881 1.17965 0.00379289 -0.00931282 -0.272859 -0.962002 0.139492 0.0888845 -0.0268661 -9.52082e-05 0.00459712 0.049217 0.165891 0.00246556 -0.0235496 -9.52082e-05 0.00459712 0.049217
187.344 0.370561 15.974 0.125464 1.1715 0.000679124 -0.000999749 -0.294292 -0.955715 0.0917996 0.0550586 0.00668385 0.000588224 0.015539 0.115976 0.106854 -0.00612232 0.00692643 0.000588224 0.015539 0.115976
187.916 0.341743 16.0223 0.160928 1.14888 0.00127404 -0.00143194 -0.320034 -0.947404 0.0733477 0.045405 0.00719079 0.000461145 0.000398475 0.0529614 0.0865659 -0.00833036 0.00742154 0.000989111 0.000319396 0.0607829
188.572 0.333268 16.0561 0.194939 1.13482 0.00202564 -0.0011047 -0.325312 -0.945604 0.0618783 0.0468977 0.00161874 0.000340046 -0.00140054 -0.000976994 0.0776285 -0.00110372 0.00187981 0.000340046 -0.00140054 -0.000976994
189.122 0.334402 16.0728 0.216671 1.14224 0.00219342 -0.000986187 -0.324744 -0.945799 0.0544899 0.0469277 0.00107343 0.000261151 -0.000897339 -0.00300146 0.0719352 0.00336982 0.00132175 0.000289164 -0.00070216 -0.0031009
189.67 0.339725 16.0819 0.234443 1.14296 0.0021774 -0.000875122 -0.32422 -0.945979 0.0498057 0.0463499 0.00152544 0.000280957 -0.00103183 -0.000959943 0.0677613 0.00604801 0.00175481 0.000280957 -0.00103183 -0.000959943
190.26 0.350012 16.0897 0.25538 1.1592 0.00203257 -0.000707974 -0.32437 -0.945928 0.0474101 0.0457729 0.00149394 -0.00081512 -0.00173875 -0.00135016 0.0655184 0.0070415 0.00169194 -0.00081512 -0.00173875 -0.00135016
190.9 0.364654 16.0964 0.279349 1.17735 0.00175971 -0.000316307 -0.324088 -0.946025 0.0437919 0.0436973 0.00891168 0.000102017 -0.000323083 -0.00144668 0.061372 0.00763701 0.00904233 0.000102017 -0.000323083 -0.00144668
191.468 0.378535 16.0968 0.29672 1.18013 0.00153278 -0.000236585 -0.323894 -0.946092 0.0390353 0.0399824 0.00726166 -0.000253826 0.000374625 -0.000474694 0.0553385 0.00764991 0.00736243 -0.000253826 0.000374625 -0.000474694
192.138 0.393367 16.0969 0.314791 1.17222 0.00136355 -0.000186529 -0.323896 -0.946092 0.0352781 0.0362277 0.000627217 -0.000742848 0.000264376 -0.000651269 0.0500782 0.00700386 0.000706353 -0.000742848 0.000264376 -0.000651269
192.77 0.40317 16.0967 0.326346 1.17252 0.00121301 -0.000121487 -0.323816 -0.946119 0.0315 0.0311508 0.000307789 -0.000664879 0.000291986 -0.000472125 0.0444432 0.00551142 0.000862125 -0.000750157 0.000513438 -0.000525856
193.348 0.411529 16.0938 0.334021 1.17273 -0.000532356 -0.000479396 -0.307552 -0.951531 0.030126 0.021279 -0.000143701 -0.00204582 0.00140086 -0.172663 0.0373252 0.000207521 0.00048651 -0.00115637 0.00122643 -0.162736
193.936 0.415069 16.0925 0.336769 1.17251 0.000516345 -0.000226908 -0.24548 -0.969402 0.0270265 0.0148373 -0.0012786 -0.00289879 0.000593651 -0.26235 0.0308318 0.000187319 -0.00125706 -0.00289879 0.000593651 -0.26235
194.532 0.415624 16.0937 0.338709 1.16848 0.000888949 -0.00015042 -0.176553 -0.984291 0.0215894 0.0130542 0.00301958 -0.000408198 0.000705252 -0.221974 0.0250537 0.00452784 0.0030068 -0.000532131 0.000683793 -0.224517
195.1 0.41876 16.0936 0.342525 1.16984 0.00102973 -0.000190854 -0.124606 -0.992206 0.0169989 0.011267 0.00336292 -0.000410574 0.000566038 -0.17697 0.0195233 0.00666601 0.00380316 -0.000406081 0.000538991 -0.178588
195.648 0.422772 16.0949 0.348101 1.17409 0.00119242 -0.000211287 -0.0846835 -0.996407 0.0138111 0.0102397 -0.00114077 -0.000874616 0.00052119 -0.133783 0.0153417 0.00776469 -0.00111304 -0.000874616 0.00052119 -0.133783
196.26 0.429927 16.0956 0.357524 1.17551 0.00120581 -0.000314032 -0.0530879 -0.998589 0.0102847 0.00949386 -0.00426288 0.000173965 0.000254652 -0.0809921 0.0113761 0.00835386 -0.00429822 0.000117752 0.000344764 -0.083114
196.836 0.435545 16.0975 0.365956 1.16984 0.0011965 -0.000378208 -0.0336602 -0.999433 0.00753379 0.0077754 0.00266101 0.00099031 0.0010739 -0.0625986 0.00803763 0.00724456 0.00268489 0.00099031 0.0010739 -0.0625986
197.402 0.441382 16.1 0.373581 1.16423 0.00112207 -0.000458189 -0.0149429 -0.999888 0.0059725 0.0058153 0.0053386 -0.000118933 3.44898e-06 -0.0806381 0.00613853 0.0056223 0.00535699 -0.000118933 3.44898e-06 -0.0806381
198.448 0.454835 16.1076 0.392382 1.16058 0.00176805 -0.0102489 0.0213821 -0.999717 0.0259813 0.00580449 -0.0453687 -0.00281597 0.0144536 -0.038495 0.0226771 0.00687563 -0.044994 -0.00404536 0.0337651 -0.0441377
199.07 0.44551 16.1467 0.399886 1.15664 0.00256659 -0.00699272 0.0223195 -0.999723 0.0653905 0.00749638 -0.0487128 -0.000780315 -0.00400694 0.031364 0.0648249 0.010203 -0.0476721 -0.00312103 -0.00670588 0.0273415
199.686 0.43761 16.1941 0.411505 1.13958 0.00205686 -0.00701857 0.00980264 -0.999925 0.0709586 0.0103798 -0.0494217 0.000882699 0.00175599 0.0534537 0.0714259 0.0119768 -0.0483763 0.000882699 0.00175599 0.0534537
200.748 0.438536 16.2859 0.435348 1.12747 0.0016086 -0.000310668 -0.0333887 -0.999441 0.0314898 0.00976525 -0.00242378 0.00370218 0.0113576 0.192252 0.0320731 0.0076495 -0.00237599 0.00370218 0.0113576 0.192252
201.306 0.446588 16.3171 0.446618 1.13965 0.000994469 -0.0011702 -0.0901445 -0.995928 0.0197859 0.00772107 -0.0142294 0.000753516 0.00100362 0.213254 0.0208863 0.00406807 -0.0141698 0.000753516 0.00100362 0.213254
202.154 0.460383 16.3516 0.461815 1.13382 0.000413251 -0.00135989 -0.131535 -0.991311 0.0164804 0.00254262 -0.0109462 -0.00798239 -0.000617548 -0.0356632 0.0163468 -0.00195081 -0.0114273 -0.00612688 -0.000376449 -0.0325305
202.738 0.470294 16.3751 0.470739 1.12988 0.00110293 -0.00103107 -0.131905 -0.991261 0.0160319 0.0083014 -0.00497801 0.00262745 -0.00172034 0.0511739 0.0176565 0.00382959 -0.00492947 0.00262745 -0.00172034 0.0511739
203.394 0.483311 16.3998 0.482811 1.13513 0.000467674 -0.000803373 -0.156628 -0.987657 0.0162731 0.00970714 -0.0113275 0.000845869 -0.000746541 0.0880054 0.0184976 0.00420373 -0.0112926 0.000845869 -0.000746541 0.0880054
204.048 0.494016 16.4182 0.493063 1.12676 0.00146322 -0.0036598 -0.181116 -0.983454 0.0170222 0.0100784 0.0093243 -0.0203963 0.106214 0.068841 0.0194231 0.00333853 0.00947988 -0.0203963 0.106214 0.068841
204.686 0.506903 16.4538 0.50998 1.12123 0.00224449 -0.00859018 -0.196238 -0.980516 0.0724963 0.0376084 0.0228835 -0.000214648 -0.00725958 0.0335148 0.0792741 0.00681712 0.0243564 -0.000221305 -0.00996205 0.035623
205.32 0.531993 16.5052 0.533421 1.09825 0.00204751 -0.00823019 -0.20242 -0.979262 0.08902 0.0454807 -0.0396198 0.00069467 -0.00154185 0.0170113 0.100413 0.00648565 -0.037919 0.00069467 -0.00154185 0.0170113
205.988 0.579452 16.5814 0.568727 1.06648 0.0020286 -0.00857197 -0.206606 -0.978385 0.101878 0.0522037 -0.0407634 0.000117032 -0.00115424 0.0106072 0.114443 0.00651844 -0.0376958 8.07545e-05 -0.00144566 0.0107041
206.612 0.613876 16.6505 0.595206 1.02839 0.000434753 -0.00889705 -0.204114 -0.978907 0.109818 0.0443466 -0.0594145 -0.00325911 0.0012497 -0.0301188 0.119417 -0.00339976 -0.0573129 -0.00325911 0.0012497 -0.0301188
207.28 0.58902 16.7254 0.616339 1.00082 -0.000696415 0.00171519 -0.183209 -0.983072 0.0670894 0.0250307 0.0143491 -0.0014992 0.0255834 -0.131759 0.0716536 -0.000805895 0.0140899 -0.0014992 0.0255834 -0.131759
207.854 0.577324 16.7666 0.626066 1.00289 0.000183342 -0.000525906 -0.135922 -0.990719 0.0440684 0.0174101 0.0137469 -0.00101255 0.00108924 -0.174189 0.0471139 0.00489523 0.0137995 -0.00101255 0.00108924 -0.174189
208.474 0.574313 16.7915 0.630669 1.01453 3.31737e-05 -0.000742835 -0.0904565 -0.9959 0.0366509 0.0149503 0.00328171 0.00448941 -0.000470454 -0.169755 0.0387398 0.00810246 0.00333872 0.00448941 -0.000470454 -0.169755
209.144 0.570314 16.8137 0.635126 1.02306 9.16023e-05 -0.000520068 -0.0220706 -0.999756 0.0338898 0.0108339 -0.00530634 -0.00255091 -0.000801303 -0.233287 0.0343404 0.0093286 -0.005269 -0.00255091 -0.000801303 -0.233287
209.79 0.568607 16.8262 0.637025 1.02787 0.000364905 -0.000394702 0.0443087 -0.999018 0.0291189 0.0103861 -0.0113679 0.000370794 0.000183588 -0.190437 0.0283975 0.0128903 -0.0111129 -3.06211e-05 0.000222129 -0.191478
210.46 0.567836 16.8329 0.636788 1.0225 0.000334387 -0.000379089 0.102479 -0.994735 0.024657 0.0073872 -0.007852 -0.0011821 -0.000251115 -0.19263 0.0226383 0.0122649 -0.00782737 -0.0011821 -0.000251115 -0.19263
211.098 0.568631 16.8406 0.634666 1.01863 0.000647279 -0.000270108 0.15654 -0.987671 0.0219141 0.00524248 -0.00252156 -0.000718289 -0.000688064 -0.162963 0.0192199 0.0117653 -0.00249916 -0.000718289 -0.000688064 -0.162963
211.742 0.56974 16.8444 0.634253 1.01741 0.000937323 -0.000347989 0.199453 -0.979907 0.0177489 0.00485498 -0.00330233 -0.000283067 0.000411681 -0.104451 0.01444 0.0114131 -0.00327534 -0.000283067 0.000411681 -0.104451
212.808 0.564401 16.8516 0.637496 0.99523 0.000885417 -0.00038263 0.237761 -0.971323 0.0126493 0.00284176 0.0203349 -0.000607217 2.02217e-05 -0.0650254 0.0099681 0.00843417 0.0201798 -0.00058427 6.71539e-05 -0.0653575
213.474 0.566566 16.8642 0.633298 1.0001 -0.00326031 -0.0108942 0.257169 -0.9663 0.0478637 -0.0282568 -0.0225866 -0.00384803 -0.0216741 -0.0527151 0.0560765 -0.000742472 -0.021317 -0.00384803 -0.0216741 -0.0527151
214.116 0.585503 16.893 0.616652 1.00462 0.00161794 0.00110519 0.275914 -0.96118 0.0282853 -0.0162377 -0.00358704 0.000870717 0.0182685 -0.076805 0.0325803 0.00124647 -0.00368226 0.000870717 0.0182685 -0.076805
215.238 0.59196 16.9207 0.612082 1.01129 -0.00115794 -0.0059985 0.316196 -0.948674 0.0217526 -0.0126795 -0.0186965 0.007224 0.140317 -0.0626748 0.0219708 0.00307964 -0.0176013 0.00868568 0.134833 -0.0661586
215.866 0.602983 16.9519 0.596321 0.994057 -0.00194444 -0.00930232 0.326839 -0.945032 0.080024 -0.0605454 -0.0222991 0.000864394 -0.00599874 -0.0122639 0.100733 0.00188153 -0.0203992 0.000864394 -0.00599874 -0.0122639
216.482 0.628585 16.9995 0.570459 0.979037 -0.00199915 -0.00894457 0.328871 -0.94433 0.0957813 -0.0733361 -0.0203881 0.000191429 -0.00099924 -0.00109675 0.120967 0.00206665 -0.0181842 0.000191429 -0.00099924 -0.00109675
217.094 0.657175 17.0583 0.536214 0.964082 -0.00227949 -0.00951851 0.329935 -0.943953 0.104672 -0.0807523 -0.0227983 0.00015879 -0.00111012 0.000118706 0.132605 0.00207824 -0.0202157 0.00015879 -0.00111012 0.000118706
218.136 0.726425 17.1717 0.466628 0.958295 -0.00123102 -0.0102919 0.323428 -0.946196 0.117851 -0.0774513 -0.00959946 0.000848395 0.00137606 0.0367154 0.140461 0.0108583 -0.00668946 0.000891711 0.00131792 0.0361566
218.744 0.763503 17.248 0.426402 0.962811 -0.00206336 -0.0119199 0.31435 -0.94923 0.130138 -0.0821931 -0.0129091 0.00105508 -0.00169454 0.0346484 0.153737 0.0117677 -0.00919125 0.00105508 -0.00169454 0.0346484
219.352 0.755915 17.3294 0.381579 0.953176 -0.00254017 -0.0128057 0.306781 -0.951691 0.14036 -0.0880046 -0.0140534 0.000113398 0.00028282 0.0263321 0.16564 0.0105722 -0.00972928 0.000113398 0.00028282 0.0263321
220.024 0.740165 17.4297 0.324496 0.937643 -0.00275429 -0.0129 0.300735 -0.953617 0.147781 -0.091604 -0.0120683 8.6334e-05 0.00187121 0.0193736 0.173852 0.00977052 -0.00748105 8.6334e-05 0.00187121 0.0193736
221.19 0.700017 17.6142 0.219973 0.895765 -0.00292806 -0.013171 0.291568 -0.956455 0.155069 -0.0901979 -0.0253713 0.00029128 0.00149055 0.0206226 0.179358 0.0117315 -0.0206766 0.000339251 0.00140281 0.020725
221.876 0.687464 17.7252 0.155601 0.884763 -0.00283539 -0.012717 0.286215 -0.958077 0.156375 -0.0878548 -0.0243441 0.00100949 0.00256965 0.0196663 0.179513 0.0123577 -0.0196623 0.00100949 0.00256965 0.0196663
222.6 0.675181 17.8411 0.0899032 0.871873 -0.0034872 -0.012684 0.281002 -0.959617 0.158749 -0.0868595 0.0180705 0.0187377 -0.00709698 0.0159565 0.180107 0.0125256 0.00663686 0.0140895 -0.00485113 0.0163881
223.882 0.71369 18.0467 -0.0491583 0.890452 -0.00432681 -0.0126564 0.288527 -0.957378 0.154362 -0.0981586 0.0231029 -0.000449968 0.000424064 -0.0215128 0.182016 0.00336804 0.0280941 -0.000567908 0.000752948 -0.0218102
224.542 0.685345 18.1522 -0.130962 0.896709 -0.00410596 -0.0141321 0.293829 -0.955745 0.162458 -0.103385 0.025742 -9.28672e-05 -0.00151655 -0.00853937 0.191638 0.00572149 0.0313975 -9.28672e-05 -0.00151655 -0.00853937
225.204 0.611201 18.2552 -0.209955 0.889958 -0.00344135 -0.0114922 0.294806 -0.955482 0.164706 -0.104169 0.0076815 0.00236193 -0.123163 -0.00262535 0.194525 0.00674102 0.0123531 0.00236193 -0.123163 -0.00262535
225.846 0.560121 18.3422 -0.277754 0.898035 -0.000780187 -0.00194851 0.318793 -0.947822 0.0884724 -0.0572736 -0.00751796 -0.00406642 0.0101856 -0.140201 0.105132 0.0078317 -0.00707926 -0.00406642 0.0101856 -0.140201
226.536 0.539775 18.396 -0.320487 0.89693 -0.00070744 -0.00289399 0.362401 -0.932017 0.0687208 -0.0419286 -0.00589542 0.00396792 0.0010165 -0.151806 0.0790274 0.0155125 -0.0054166 0.00396792 0.0010165 -0.151806
227.21 0.532658 18.4333 -0.353467 0.897818 -0.000583303 -0.00285833 0.422093 -0.906548 0.0582444 -0.0383725 -0.00731173 -0.00176705 -0.00123896 -0.230771 0.0668972 0.0198849 -0.00690527 -0.00176705 -0.00123896 -0.230771
227.902 0.528452 18.4689 -0.381375 0.906179 -0.000183144 -0.00263266 0.486312 -0.873781 0.0533614 -0.0337797 -0.014902 -6.5311e-05 -0.000651291 -0.197261 0.0573126 0.0275117 -0.0136431 -1.48466e-05 -0.000692771 -0.198483
228.628 0.529284 18.4955 -0.407393 0.888709 0.000123459 -0.00244723 0.536901 -0.843642 0.046726 -0.031298 -0.00158588 4.63195e-05 -0.000919336 -0.144985 0.0484313 0.0291651 -0.00281028 -4.7004e-05 -0.000849047 -0.147902
229.654 0.541477 18.5257 -0.444373 0.880852 -0.000574605 -0.00338443 0.582365 -0.81292 0.0381414 -0.0299217 0.0537556 0.0146155 0.0977013 -0.0808802 0.0402683 0.0263261 0.0540846 0.0146155 0.0977013 -0.0808802
230.388 0.561915 18.5545 -0.487487 0.918739 -0.00511735 -0.00866869 0.597251 -0.801991 0.0482054 -0.0898266 0.0568182 0.000894697 -0.0032548 -0.0267857 0.0976341 0.0204503 0.0587986 0.000887851 -0.00394753 -0.0276697
231.346 0.631475 18.6011 -0.580054 0.968795 0.00264429 -0.000222603 0.600323 -0.799754 0.0395549 -0.0622946 -0.0152925 0.00228965 0.017875 0.0586797 0.0708182 0.0206567 -0.0153994 0.00228965 0.017875 0.0586797
232.088 0.612263 18.6286 -0.628587 0.968032 -0.000336141 -0.00261036 0.571728 -0.820439 0.027952 -0.0261333 -0.0151344 0.000920144 0.00212324 0.118667 0.0342653 0.0172109 -0.0149328 0.000920144 0.00212324 0.118667
232.85 0.582001 18.6545 -0.668806 0.967679 -0.00086918 -0.00282648 0.540116 -0.841586 0.0230319 -0.0173026 -0.0118115 0.000576648 0.000269157 0.0889917 0.0253907 0.01375 -0.0116452 0.000576648 0.000269157 0.0889917
234.022 0.546576 18.6896 -0.718903 0.96948 -0.00122254 -0.00267847 0.414456 -0.910064 0.0245152 -0.00827426 -0.0154962 0.0034603 -0.000990883 0.399418 0.0224257 0.0130619 -0.0153644 0.0034603 -0.000990883 0.399418
234.77 0.511529 18.7142 -0.753138 0.967011 -0.00144781 -0.00214093 0.288758 -0.957399 0.0220417 -0.00776737 -0.0134629 0.000994286 -0.000972276 0.384875 0.0227269 0.00569457 -0.0133596 0.000994286 -0.000972276 0.384875
235.502 0.509586 18.7392 -0.785003 0.966103 -0.00203208 -0.00144371 0.164844 -0.986317 0.022428 -0.00661924 -0.0118864 -0.00419569 -0.000400208 0.335131 0.0234032 0.000991735 -0.0118077 -0.00419569 -0.000400208 0.335131
236.284 0.406869 18.7619 -0.818833 0.96077 -0.00158166 -0.000717514 -0.00917516 -0.999956 0.0248591 0.000259176 -0.00939146 0.00367932 -0.00295221 0.562895 0.0248729 -0.000226796 -0.00935582 0.00367932 -0.00295221 0.562895
237.844 0.362203 18.7983 -0.882705 0.94536 -0.00377126 0.000257152 -0.301652 -0.953411 0.0303736 -0.012616 0.00912604 -0.00507477 0.00131764 -0.00143111 0.0176145 -0.0277263 0.00927267 -0.00507477 0.00131764 -0.00143111
238.654 0.301157 18.813 -0.925266 0.947178 -0.00095934 -1.36705e-05 -0.275461 -0.961312 0.0327892 -0.00504248 0.000560771 0.000709316 -0.000542034 -0.0405647 0.0251429 -0.0216416 0.000588224 0.000709316 -0.000542034 -0.0405647
239.434 0.284346 18.8347 -0.940188 0.945533 -0.00322247 0.00573745 -0.277378 -0.960738 0.077675 0.0447193 0.00286542 0.00417591 -0.0318794 0.0101482 0.0951907 -0.0024922 0.00268255 0.0159473 -0.0748443 0.0311235
240.222 0.303333 18.867 -0.930767 0.950396 -0.00196647 0.00754862 -0.278169 -0.9605 0.091359 0.066939 -0.00235851 -0.00302025 0.00345095 -0.0207535 0.116708 0.00733991 -0.00401082 0.000493729 -0.0044739 -0.0187147
240.99 0.302391 18.8663 -0.936778 0.946103 -0.00137764 0.0043196 -0.271279 -0.96249 0.050936 0.0378028 0.00132793 -0.00292136 0.0103023 -0.0264153 0.0631896 0.00563932 0.000753564 -0.00292136 0.0103023 -0.0264153
241.838 0.283175 18.8484 -0.948477 0.959137 -0.000657795 0.00315942 -0.26564 -0.964067 0.0379841 0.019992 0.000698034 -0.00180505 0.0015679 -0.0127219 0.044255 -0.00189696 0.000648992 -0.00162017 0.00114914 -0.0128454
242.672 0.266034 18.8225 -0.961595 0.934842 0.00074484 0.00146438 -0.262689 -0.964879 0.0199465 0.0034276 -0.00209047 -0.00258869 0.00358375 -0.00617543 0.018926 -0.00715217 -0.00215234 -0.00258869 0.00358375 -0.00617543
243.404 0.268411 18.8005 -0.968258 0.912978 0.00160216 0.000425799 -0.263101 -0.964767 0.0153671 -0.000628007 -6.90519e-05 -0.0017102 0.00209054 -0.00166831 0.0129208 -0.00834212 -9.64332e-05 -0.0017102 0.00209054 -0.00166831
244.186 0.264787 18.7804 -0.966319 0.914796 0.00220747 -0.000212508 -0.263791 -0.964577 0.0093884 -0.00265493 -0.00571341 -0.00116584 0.00255543 -0.00198313 0.00704852 -0.00709261 -0.00573711 -0.00107092 0.0026338 -0.00200506
245.02 0.270668 18.7596 -0.951485 0.92868 0.00321854 -0.000139495 -0.264318 -0.96443 -0.00111802 -0.000382583 -0.00631206 -0.000554234 0.00216068 -0.00204255 -0.0009778 8.50782e-06 -0.00627871 -0.000607828 0.00226207 -0.00202215
246.678 0.346365 18.7251 -0.883761 0.879616 0.00385833 -0.000815988 -0.26495 -0.964254 -0.0111917 0.00575836 -0.00658438 0.000917867 0.000865613 -0.00282622 -0.00661174 0.0104637 -0.00676152 0.000201287 0.000948231 -0.00281551
248.276 0.444107 18.7033 -0.792996 0.855856 0.00270825 -0.000988169 -0.265202 -0.964189 -0.0127766 0.00578993 -0.00579896 0.00101664 -0.000348839 -0.00302489 -0.007999 0.0115368 -0.00577159 0.00101664 -0.000348839 -0.00302489
249.076 0.482286 18.7003 -0.748728 0.862285 0.00099691 -0.000754705 -0.246121 -0.969238 -0.0111041 -0.00143509 -0.00638061 -0.00173407 -0.000288859 -0.116912 -0.0105283 0.00402127 -0.00654245 -0.00176143 -0.000220599 -0.115422
249.894 0.517913 18.7008 -0.713555 0.85749 0.00124865 -0.000635086 -0.20014 -0.979766 -0.0103877 0.00135511 -0.00282295 0.00064279 -0.000513236 -0.111259 -0.0091297 0.00524312 -0.00297553 0.000650555 -0.000462768 -0.112878
250.738 0.541573 18.7062 -0.684859 0.871604 0.00396671 -0.0105867 -0.166088 -0.986046 0.00841495 0.012104 0.00276125 -0.00649199 0.0584307 -0.0577419 0.0118511 0.00866702 0.0030624 -0.00649199 0.0584307 -0.0577419
251.584 0.582246 18.75 -0.632621 0.881505 0.00299612 -0.00897846 -0.16821 -0.985706 0.0660204 0.0437666 -0.000521369 0.00249562 -0.00117932 0.0337221 0.0767946 0.0193939 0.000971465 0.00249562 -0.00117932 0.0337221
252.448 0.583056 18.833 -0.571203 0.882111 0.00277044 -0.00939807 -0.181762 -0.983294 0.087823 0.0534413 0.0255477 0.00067432 0.000555856 0.029739 0.100607 0.0184605 0.0275512 0.00067432 0.000555856 0.029739
253.322 0.521752 18.9302 -0.510038 0.853237 -0.000706011 0.00217502 -0.190336 -0.981716 0.0791388 0.0482186 0.00164701 0.00342824 -0.0487525 -0.00858041 0.0914312 0.0151503 0.00122353 0.00342824 -0.0487525 -0.00858041
254.238 0.482957 18.9885 -0.471481 0.868599 0.000286746 -0.000612474 -0.167367 -0.985894 0.0291921 0.0238611 -0.010942 -0.000260627 0.000885289 -0.0724459 0.0354453 0.0128945 -0.0108912 -0.000260627 0.000885289 -0.0724459
255.082 0.465659 19.0191 -0.453835 0.848452 -0.00040269 -0.000601893 -0.0904132 -0.995904 0.0278543 0.0152606 0.00487347 -0.00396713 -0.00162442 -0.320865 0.0302803 0.00994179 0.00334657 -0.00421035 -0.00156888 -0.318069
255.994 0.456778 19.039 -0.446805 0.85798 1.95451e-05 -4.00765e-05 0.0415353 -0.999137 0.0262558 0.0157546 0.000167889 0.000166791 -0.000564485 -0.290325 0.0248576 0.0178794 0.000170597 0.000166791 -0.000564485 -0.290325
256.836 0.44879 19.0481 -0.441977 0.870298 3.45892e-05 0.000248401 0.144603 -0.98949 0.0245796 0.0151228 -0.0146448 -0.000538531 -0.000278723 -0.221114 0.0192167 0.0215242 -0.0146545 -0.000538531 -0.000278723 -0.221114
257.708 0.444668 19.0506 -0.438303 0.8779 4.85434e-05 0.000424483 0.220352 -0.97542 0.0223387 0.0141648 -0.0213631 0.000290452 0.00049209 -0.145629 0.0142796 0.0222842 -0.0208076 7.28888e-05 0.000454825 -0.148681
258.63 0.440241 19.0508 -0.434025 0.867194 -4.08141e-05 0.000597948 0.271512 -0.962435 0.0205329 0.0122013 -0.018656 -0.000149785 9.71166e-05 -0.099752 0.0112131 0.0211391 -0.0201929 -0.000276459 0.000193 -0.101372
259.496 0.448167 19.069 -0.442459 0.858213 -0.000758879 -0.00606259 0.283433 -0.958973 0.0725506 -0.0130062 0.0174935 0.00168905 -0.00259451 0.0411051 0.0677479 0.0284886 0.0183682 0.00168905 -0.00259451 0.0411051
260.276 0.471762 19.0988 -0.467257 0.871219 -0.000881676 -0.00618289 0.265934 -0.963971 0.0793587 -0.0239607 0.0250309 -0.000613447 0.00137737 0.0505032 0.0801024 0.020077 0.0260572 -0.000613447 0.00137737 0.0505032
261.198 0.507384 19.1571 -0.49861 0.895876 -0.00123823 -0.00701164 0.249501 -0.968348 0.0876572 -0.0306086 0.0293306 0.0113182 0.000447418 0.0341535 0.0908173 0.0155662 0.0286522 3.72965e-05 0.00113992 0.035107
262.12 0.555426 19.2255 -0.536249 0.915792 -0.00260996 -0.00757056 0.250239 -0.968151 0.0890198 -0.0454061 0.0345791 -0.00107136 0.00169218 -0.0248441 0.0990671 0.00362474 0.0360813 -0.0013506 0.00163395 -0.0240175
262.992 0.615116 19.2983 -0.584303 0.95747 -0.00282094 -0.00898396 0.26075 -0.965361 0.0969344 -0.0541083 0.0350513 -0.000382445 -0.00278483 -0.0231026 0.110315 0.00208196 0.0371321 -0.000382445 -0.00278483 -0.0231026
263.782 0.682527 19.3509 -0.622258 0.964186 0.000204609 -0.000427296 0.255606 -0.966781 0.0427297 -0.019689 -0.00746597 0.00149001 0.00790007 0.0531862 0.0468825 0.00400662 -0.00742968 0.00149001 0.00790007 0.0531862
264.708 0.723802 19.4196 -0.658285 0.988842 0.00061944 0.00227064 0.229064 -0.973409 0.0604531 -0.0238903 -0.00896629 -0.00150873 0.0211226 0.0882058 0.06472 0.00557724 -0.00926993 -0.00150873 0.0211226 0.0882058
265.666 0.732198 19.4679 -0.682169 0.990363 -9.15843e-05 -0.00201219 0.184101 -0.982905 0.020544 -0.00996962 -0.0121397 -0.0043615 0.00186725 0.122457 0.0228078 -0.00185196 -0.0120499 -0.0043615 0.00186725 0.122457
266.582 0.742629 19.5013 -0.692645 0.988769 -0.000731005 -0.00253563 0.108268 -0.994118 0.00992381 -0.00380035 -0.0116465 0.000828285 0.000680222 0.191094 0.0105696 -0.00158553 -0.0115903 0.000828285 0.000680222 0.191094
268.338 0.752879 19.5879 -0.724056 0.958241 -0.00106749 -0.00238779 -0.01095 -0.999937 0.0076942 -0.00287045 0.0245615 0.000426985 -0.0011029 0.100209 0.00751268 -0.00298449 0.0246041 0.000426985 -0.0011029 0.100209
269.304 0.788983 19.6326 -0.737585 0.985432 -0.00133099 -0.00226874 -0.0494566 -0.998773 0.00786002 -0.000963493 -0.00886764 -0.000199975 -0.00128517 0.0693831 0.00771209 -0.00178804 -0.0094934 -0.000223965 -0.00119053 0.0704763
271.036 0.792492 19.8493 -0.732862 0.993528 0.0015017 -0.0137442 -0.0947562 -0.995404 0.132835 0.0366334 -0.00164545 0.000350607 -7.0171e-05 0.0458796 0.136033 0.0108083 0.00189359 -0.000407298 -0.000237411 0.046232
272.698 0.814903 20.1757 -0.674207 1.01418 0.00167714 -0.0152816 -0.123034 -0.992283 0.164772 0.046561 -0.00300206 -0.00577527 -0.00155913 0.0234528 0.171165 0.00490932 0.00225852 -0.00577527 -0.00155913 0.0234528
273.69 0.805887 20.3856 -0.627178 1.00285 0.00160325 -0.0143457 -0.134799 -0.990768 0.174465 0.0525863 -0.00053018 -0.00061238 -0.00217271 0.0235368 0.181554 0.00427259 0.00476071 -0.000507153 -0.00178486 0.0236692
275.394 0.80319 20.7305 -0.533325 1.00099 0.00147589 -0.0118167 -0.153624 -0.988058 0.170622 0.0551418 -0.00223836 -0.000434172 -0.00366849 0.0198296 0.179312 0.000734036 0.00203016 -0.000434172 -0.00366849 0.0198296
276.536 0.810309 20.9365 -0.468576 1.0109 0.00114921 -0.0106006 -0.165052 -0.986227 0.161749 0.0541837 -0.00149322 -0.00214726 -0.0035211 0.0159241 0.170826 -0.00131416 0.00228571 -0.000413246 -0.0024933 0.0161551
277.544 0.814649 21.0896 -0.417238 1.01442 0.00105761 -0.00951596 -0.174101 -0.984681 0.15323 0.0536981 4.1952e-05 -0.000433206 -0.00249934 0.0194919 0.162323 -0.00209799 0.00314688 -0.000433206 -0.00249934 0.0194919
278.512 0.821016 21.2264 -0.367275 1.01786 0.000897392 -0.00834369 -0.183154 -0.983048 0.144836 0.0532341 -0.00158795 0.000293827 -0.00197893 0.0171977 0.154294 -0.00249702 0.000997249 0.000293827 -0.00197893 0.0171977
279.584 0.81409 21.3614 -0.319343 1.01658 0.000781194 -0.00721651 -0.192791 -0.981213 0.134909 0.0498405 -0.00204347 -0.00178582 -0.00244593 0.0169934 0.143752 -0.00491012 4.17717e-05 -0.00178582 -0.00244593 0.0169934
280.58 0.81599 21.4644 -0.285035 1.01684 0.000728476 -0.00631154 -0.201718 -0.979423 0.123925 0.046322 -0.00054874 -8.87648e-05 -0.00167966 0.0164622 0.132554 -0.00640858 0.00108377 0.000145699 -0.00165242 0.016785
282.3 0.82307 21.6153 -0.228155 1.01926 0.000713688 -0.00484093 -0.216959 -0.976168 0.105434 0.0407473 0.000340648 0.00101459 -0.000394739 0.0181802 0.113351 -0.00779599 0.00161731 0.00111581 -0.000343398 0.0181586
283.35 0.81724 21.6853 -0.202493 1.01627 0.000958574 -0.00423804 -0.226479 -0.974006 0.0931767 0.0356213 -0.00240398 0.000259553 4.66765e-05 0.0223523 0.0999062 -0.00931517 -0.00163018 0.000109714 0.000217029 0.0215244
285.11 0.811573 21.776 -0.156991 1.01078 0.00682235 -0.0199546 -0.249351 -0.968184 0.11368 0.0579658 -0.0103675 0.00235003 0.000786458 0.0140297 0.127861 -0.00413365 -0.00500989 0.00235003 0.000786458 0.0140297
286.098 0.816702 21.8844 -0.0825266 1.01783 0.00261086 -0.0078629 -0.24916 -0.968427 0.139057 0.0826766 -0.0166208 0.00317115 -0.0159899 -0.00833908 0.163409 0.00526788 -0.0130768 0.00302587 -0.0168435 -0.00835462
287.118 0.81163 21.9812 -0.00916926 1.0092 4.75606e-05 -0.00214689 -0.246802 -0.969064 0.0920007 0.0514115 -0.0100368 0.00115243 -0.00870109 -0.00557873 0.107395 0.001426 -0.00998838 0.00124822 -0.00895153 -0.00569279
288.16 0.786449 22.0344 0.0230031 0.984397 -0.000693423 0.000710056 -0.245791 -0.969322 0.0495662 0.0224631 0.0163275 -0.000407705 -0.00389222 -0.00274376 0.0555555 -0.00373791 0.0158861 -0.000275478 -0.00378176 -0.00275222
289.272 0.797746 22.0474 0.0275793 0.998728 -0.000711256 0.00176648 -0.245352 -0.969432 0.0242907 0.00925102 0.00393716 0.000896323 -5.24912e-05 -0.0017256 0.0257816 -0.00341599 0.00384164 0.000896323 -5.24912e-05 -0.0017256
291.014 0.805101 22.0233 0.0149412 1.00424 -0.000715652 0.00115979 -0.245213 -0.969468 0.0145831 0.00494783 -0.00378357 -7.0011e-06 0.000381164 -0.000852901 0.0151719 -0.00258387 -0.00382091 -7.0011e-06 0.000381164 -0.000852901
292.048 0.806853 22.0022 0.00136317 1.0038 -0.000339519 0.000123741 -0.24514 -0.969488 0.0154592 0.00698369 -0.00361269 0.000290743 0.00210664 -0.000581919 0.0169192 -0.00120586 -0.00361885 0.000290743 0.00210664 -0.000581919
293.242 0.801507 21.9898 -0.0113612 0.99752 0.000205925 -0.000633492 -0.245136 -0.969488 0.0190066 0.0101949 0.00137104 -0.000175976 6.56718e-05 -0.00114302 0.0215662 -6.45492e-05 0.0013997 -0.000175976 6.56718e-05 -0.00114302
294.338 0.801101 21.9864 -0.0184639 1.00027 0.000628902 -0.00109358 -0.245155 -0.969483 0.017743 0.00982293 0.000468246 -0.00207287 0.000423289 -0.000819752 0.0202784 0.000207748 0.000517641 -0.00207287 0.000423289 -0.000819752
295.5 0.805431 21.9883 -0.0152786 1.00143 0.000746856 -0.0012827 -0.245284 -0.96945 0.0128407 0.00979245 -0.00286077 0.000706944 -0.000311689 -0.000304191 0.0159608 0.00250967 -0.00281319 0.000706944 -0.000311689 -0.000304191
296.55 0.797074 21.9992 -0.00876062 0.999666 0.000761072 -0.000849084 -0.245267 -0.969455 0.0100152 0.00571723 0.00483564 -0.000588188 -0.00269284 -0.00068161 0.0115193 0.000261512 0.00485919 -0.000588188 -0.00269284 -0.00068161
297.688 0.806268 22.0103 0.00308973 1.00639 0.000439099 -0.000204718 -0.245234 -0.969464 0.00288027 0.000962853 -0.00484149 -0.000316049 -0.00217077 0.000403692 0.00299463 -0.000518867 -0.00484005 -0.000316049 -0.00217077 0.000403692
298.746 0.811153 22.0137 0.0170761 1.01041 -0.000363413 0.000124711 -0.245179 -0.969478 -0.0040722 -0.0047887 -0.0100209 0.000608538 0.000106866 -0.000196618 -0.00586333 -0.00228354 -0.0100169 0.000608538 0.000106866 -0.000196618
300.502 0.794914 22.0181 0.020606 0.998342 -0.000524503 0.00050607 -0.245283 -0.969451 -0.00724713 -0.0100096 0.00493021 -9.77046e-05 -0.000592534 -0.000178138 -0.0109781 -0.0053073 0.00582995 -0.000119043 -0.000600951 -0.000113603
301.61 0.810416 22.0184 0.0197229 1.01106 -0.00055256 0.000652768 -0.245134 -0.969489 -0.00945116 -0.0107244 -0.00967716 0.000138032 0.000406125 -0.000156579 -0.0133757 -0.00500639 -0.00942362 -0.000131053 0.000412456 -0.000221997
303.308 0.799771 22.0148 0.0135508 0.9987 -0.000487702 0.000561938 -0.245168 -0.96948 -0.00889892 -0.00906911 0.0020373 -0.000463982 -0.00020519 0.000226516 -0.0121376 -0.0037472 0.00205594 -0.000463982 -0.00020519 0.000226516
304.426 0.792002 22.0151 0.00836982 0.989401 -0.000231436 0.000717916 -0.245186 -0.969476 -0.0078374 -0.00666169 0.0101747 2.0533e-05 -0.000653358 0.000921821 -0.0101014 -0.00221043 0.00995733 -1.9502e-05 -0.000554859 0.000982234
305.636 0.80229 22.0116 0.00293919 1.00175 -3.56352e-05 0.000600221 -0.245314 -0.969444 -0.00790755 -0.00569187 -0.000426727 -0.000976068 0.0011471 -1.83521e-05 -0.00972506 -0.00125582 -4.79145e-05 -0.000985005 0.00141116 -8.17468e-07
306.678 0.814258 22.0071 -0.00299653 1.0127 0.000403793 0.000409382 -0.245456 -0.969408 -0.00693105 -0.00343075 -0.0123722 0.000880544 0.00155192 -0.000482128 -0.00773591 0.000293263 -0.0123673 0.000880544 0.00155192 -0.000482128
307.798 0.804677 22.0023 -0.000859779 0.9981 0.000190031 0.000179147 -0.245241 -0.969462 -0.00363182 -0.0013057 -0.00038056 0.000967169 -0.000607963 -0.000283157 -0.00391195 0.000575995 -0.00193298 0.000921336 -0.000635522 -0.000283839
308.876 0.786785 21.9998 0.00364055 0.985047 -0.000104365 0.00012933 -0.24519 -0.969475 -0.00240052 -0.00279909 0.0161259 0.000320714 -2.6546e-05 -5.40538e-05 -0.0034328 -0.00119663 0.0163593 0.000424668 4.21442e-06 -7.65988e-05
310.606 0.79404 22.0011 0.00703113 0.991812 -0.00025706 0.000325082 -0.245014 -0.96952 -0.00202046 -0.00488196 0.00879576 6.64678e-05 0.000643218 0.00181602 -0.0040906 -0.00333293 0.00879998 6.64678e-05 0.000643218 0.00181602
311.664 0.800126 22.0012 0.00564748 0.998911 -0.000177784 0.000252094 -0.245314 -0.969444 -0.000705942 -0.00488878 0.0023214 -0.000592178 -0.000922108 0.000484833 -0.00300116 -0.00401506 0.00258177 -0.000691207 -0.00091036 0.000519397
312.686 0.801205 22.001 0.00549056 0.995551 -0.000202378 0.000245833 -0.24524 -0.969462 -0.00177598 -0.00368218 0.00359714 0.000908588 -0.000251075 0.000682662 -0.00332843 -0.0024638 0.00221616 0.000605329 -0.00013432 0.000685072
