42.486 0.611671 0.312607 0.0536233 0.866454 0.000405107 -0.00304541 -0.00998244 -0.999945 0.0401312 0.00385924 0.0141431 -0.000497046 -0.000362442 0.00139026 0.0401133 0.0030466 0.0143903 -0.000497046 -0.000362442 0.00139026
42.942 0.606637 0.326681 0.0557173 0.867314 0.000293586 -0.00326508 -0.0123258 -0.999919 0.0382974 0.00511364 0.0152318 0.000677082 0.000974717 0.0239038 0.0383114 0.00416028 0.0154847 0.000677082 0.000974717 0.0239038
43.432 0.597247 0.344573 0.0591568 0.861583 -0.00031818 -0.00351112 -0.0181944 -0.999828 0.0377123 0.00508866 0.012487 0.0021239 0.00128144 0.019157 0.037861 0.00434432 0.0125447 0.00441494 0.00170148 0.0231714
44.158 0.597444 0.37481 0.0599308 0.873059 9.72316e-05 -0.00353046 -0.0189037 -0.999815 0.0407331 0.00329681 0.0122302 -0.000302318 -0.00110291 -0.00110158 0.0407412 0.00175395 0.0125184 -0.000302318 -0.00110291 -0.00110158
44.678 0.598499 0.405043 0.0609556 0.881565 -0.000126934 -0.00325449 -0.0180061 -0.999833 0.0431651 0.00311827 0.0148962 -0.000636702 0.000301208 -0.00326391 0.0431549 0.00162832 0.0152683 -0.000608011 0.000190866 -0.00293757
45.234 0.573264 0.43123 0.0583144 0.856121 6.50354e-05 -0.00336164 -0.0155848 -0.999873 0.0437154 0.00155397 0.0139784 -0.000178102 -0.000284515 -0.00214315 0.0436211 0.000171595 0.0138457 -0.000275606 -0.000342499 -0.00250815
45.978 0.554675 0.468168 0.0561848 0.847175 5.79695e-05 -0.00329062 -0.014733 -0.999886 0.0435757 0.00104549 0.0165157 0.00332383 -0.00327816 0.00248561 0.0434779 -0.000239143 0.0168022 0.00332383 -0.00327816 0.00248561
46.592 0.560848 0.497857 0.0571391 0.855996 -0.000220846 -0.00301695 -0.0117297 -0.999927 0.0428924 0.000300856 0.0161569 -0.000521433 2.41627e-05 -0.0187931 0.0427895 -0.000697049 0.0164155 -0.000521433 2.41627e-05 -0.0187931
47.288 0.556365 0.527883 0.0555979 0.856373 -2.82912e-05 -0.00308712 -0.00406148 -0.999987 0.0413244 -0.000739779 0.0199404 -0.000443038 0.000920863 -0.0226082 0.0411931 -0.00107379 0.0201952 -0.000443038 0.000920863 -0.0226082
47.962 0.565124 0.558428 0.0527991 0.867102 0.000142124 -0.00322151 0.00235774 -0.999992 0.0425569 -0.00104674 0.0169525 0.000492799 3.8611e-05 -0.0113084 0.0424279 -0.000941728 0.0172353 0.000441225 -7.39233e-05 -0.0118444
48.46 0.590024 0.580463 0.0544506 0.892135 0.00010793 -0.00308642 0.00470414 -0.999984 0.0430026 0.000482573 0.0243711 -8.45436e-05 -0.00148235 -0.00440622 0.0428449 0.000881128 0.0246362 -8.45436e-05 -0.00148235 -0.00440622
49.034 0.609852 0.611355 0.055668 0.912304 5.49244e-05 -0.00303257 0.00499583 -0.999983 0.0455341 0.000895863 0.0242475 7.85172e-05 -0.00111628 0.00468831 0.0453072 0.00136988 0.0259683 0.000142359 -0.00156797 0.00439205
49.54 0.630961 0.634731 0.0558894 0.93206 0.000109004 -0.00347304 0.00360208 -0.999988 0.0474153 0.000988256 0.0118222 0.00011283 -0.000755812 0.00834443 0.0473237 0.0013269 0.0121514 0.00011283 -0.000755812 0.00834443
50.088 0.64801 0.663063 0.0560622 0.9505 7.51429e-05 -0.00347657 0.00101886 -0.999994 0.0495512 0.000960103 0.0118643 -8.66061e-06 -0.000447697 0.00758597 0.0494654 0.00105918 0.0122087 -8.66061e-06 -0.000447697 0.00758597
50.898 0.660379 0.700265 0.0574372 0.959778 3.50288e-05 -0.00361562 -0.00158763 -0.999992 0.0510568 0.00150051 0.00683034 2.54343e-05 0.000127094 0.00558087 0.051011 0.00135302 0.00705335 2.82901e-05 -7.67966e-06 0.00564766
51.464 0.669379 0.727292 0.0572561 0.969602 -0.000168279 -0.00366878 -0.00152159 -0.999992 0.0516511 0.000324886 0.00478746 -0.000549625 0.000177526 -0.00370015 0.0516207 0.000224367 0.0051444 -0.000439138 6.87242e-05 -0.00293619
52.026 0.679258 0.755087 0.0566172 0.980036 -7.17912e-05 -0.0037648 0.000872693 -0.999993 0.0524032 -0.000103623 0.00459704 -0.000301437 0.000217611 -0.00767872 0.052302 -2.81817e-05 0.00503042 -0.000326101 0.000187478 -0.00765418
52.564 0.684269 0.78469 0.0552584 0.984167 -3.29921e-05 -0.00378889 0.00307082 -0.999988 0.0540658 -0.000309428 0.00532826 -1.73757e-05 -0.000662158 -0.00723055 0.0540851 -1.66296e-06 0.00574469 -2.47083e-05 -0.000758108 -0.00730414
53.124 0.692183 0.814007 0.0559705 0.992962 -0.000245441 -0.00374638 0.00531286 -0.999979 0.0546087 2.24234e-05 0.00564481 0.000342488 -0.000231809 -0.00950168 0.0545308 0.000616623 0.00604466 0.000533123 -0.000396563 -0.00896217
53.662 0.700729 0.84001 0.054796 1.00191 -0.000202694 -0.00388603 0.00857612 -0.999956 0.05432 -0.000697384 0.00560723 -0.00054832 0.000473368 -0.0136133 0.0541844 0.000285441 0.00609966 -0.000666523 0.000610511 -0.0136021
54.34 0.715852 0.875015 0.0513206 1.01708 -0.000183822 -0.00391199 0.0133458 -0.999903 0.0553656 -0.00118251 0.00550963 5.52191e-05 0.000120644 -0.012058 0.0553339 0.000277262 0.00605894 6.25483e-05 -9.80991e-05 -0.0121924
54.928 0.713226 0.906402 0.0491352 1.00982 -0.000236541 -0.00403838 0.0168433 -0.99985 0.0561996 -0.00124141 0.00553178 8.50461e-05 -0.000479893 -0.0117326 0.056163 0.000654154 0.00598575 8.50461e-05 -0.000479893 -0.0117326
55.62 0.697533 0.946143 0.0463119 0.997063 -0.000126538 -0.00397489 0.0210152 -0.999771 0.0573462 -0.00166984 0.00640364 -0.00440352 -1.4332e-05 -0.00775363 0.0573087 0.000779714 0.00688213 -0.00407638 0.000115441 -0.00824734
56.156 0.701462 0.97459 0.0442149 1.00204 4.3025e-05 -0.00392892 0.0210387 -0.999771 0.0571573 -5.35529e-05 0.0057934 0.000713062 -2.93391e-05 0.00951689 0.0570081 0.00230507 0.00623511 0.000758174 5.43439e-05 0.00864514
56.72 0.708467 1.00648 0.0426702 1.0094 -7.90072e-05 -0.00392088 0.0179729 -0.999831 0.0575879 0.000232298 0.00576126 7.10443e-05 0.000676547 0.0137618 0.0576076 0.00234828 0.00624981 0.000175804 0.000504413 0.0137711
57.28 0.722574 1.03394 0.0406912 1.02265 -0.000421846 -0.00411401 0.0154338 -0.999872 0.0566759 -0.000998705 0.00108825 -7.20326e-05 0.000200936 0.00251795 0.0566689 0.000751969 0.00155471 -7.20326e-05 0.000200936 0.00251795
57.826 0.716446 1.06207 0.0381647 1.01183 -0.000281552 -0.00424414 0.0172571 -0.999842 0.0566373 -0.00217561 5.89669e-05 -0.000364164 0.000355425 -0.0107902 0.0566993 -0.000247917 0.000486628 -0.000429904 0.000451013 -0.0104887
58.62 0.697411 1.10618 0.0348281 0.995532 -0.000200979 -0.00427162 0.0212391 -0.999765 0.0578165 -0.001814 0.00121158 0.000377795 -0.00015749 -0.00612432 0.0577852 0.000592078 0.00163411 0.00038186 -0.00027001 -0.00632329
59.218 0.710226 1.14083 0.0326637 1.01241 -0.000245941 -0.00415755 0.0229075 -0.999729 0.0577447 -0.00168707 0.00129561 0.000189141 0.000670215 -0.00424052 0.0578241 0.000948901 0.00172296 0.00028464 0.00051457 -0.00429998
59.79 0.732479 1.17598 0.0305044 1.03371 -0.000282565 -0.00422927 0.0242244 -0.999698 0.0594374 -0.00166493 0.000476074 -0.00010582 -0.000898309 -0.00358764 0.0593227 0.00124963 0.00107124 0.000125543 -0.00091167 -0.0036352
60.34 0.748971 1.2137 0.0280974 1.04955 -5.81024e-05 -0.00415752 0.0249385 -0.99968 0.0613843 -0.00104894 0.00245629 -4.08175e-06 4.28915e-05 0.00369648 0.0613555 0.00193455 0.00308031 -8.23361e-05 -9.53125e-05 0.00318806
61.112 0.751493 1.25853 0.0239533 1.05096 -5.76592e-05 -0.0042814 0.0220922 -0.999747 0.0611987 -0.00120666 -0.00286017 -0.0017376 0.000305677 0.0135073 0.0612145 0.00149809 -0.00233595 -0.0017376 0.000305677 0.0135073
62.008 0.745453 1.3101 0.0172544 1.04366 -4.86414e-05 -0.00437895 0.0153192 -0.999873 0.0612973 -0.00106563 -0.00248573 -4.45148e-05 7.48147e-05 0.0150064 0.0612677 0.000850719 -0.00202924 -8.91191e-05 0.000143256 0.0151645
62.674 0.747041 1.35168 0.0147953 1.04644 -0.000542052 -0.00420062 0.0115378 -0.999925 0.0617491 -0.00147206 -0.00250676 0.00348457 -0.000643939 0.00438168 0.0617855 -4.90723e-05 -0.00198698 0.00348457 -0.000643939 0.00438168
63.232 0.734095 1.3841 0.0127714 1.03205 -0.000461325 -0.004339 0.0143923 -0.999887 0.0599695 -0.00377488 -0.00245676 -0.000666476 0.000614011 -0.0217598 0.0600724 -0.00204903 -0.00193315 -0.000666476 0.000614011 -0.0217598
63.79 0.728933 1.4175 0.0116735 1.01739 -0.000144035 -0.00445176 0.0209847 -0.99977 0.0601258 -0.00249013 0.0080238 -0.000251288 0.000653641 -0.0186024 0.0601296 -0.000184723 0.0086013 -0.000533318 0.000716541 -0.0194927
64.648 0.704481 1.47166 0.00422206 1.00241 -8.77792e-05 -0.00437002 0.0240685 -0.999701 0.0614678 -0.00376474 0.0103835 0.000610623 9.24555e-06 -0.000310607 0.0614847 -0.000802701 0.0109213 0.000610623 9.24555e-06 -0.000310607
65.34 0.701871 1.51063 0.00154703 0.999049 -0.000226061 -0.00441535 0.0248888 -0.999681 0.0577103 -0.00324113 0.0114907 0.000130399 0.0012814 -0.00408512 0.0579306 -0.000400904 0.0118265 0.000104227 0.00133745 -0.0038918
65.92 0.714299 1.54419 0.000662385 1.01434 -0.000250301 -0.00452895 0.02665 -0.999635 0.0576331 -0.00272315 0.0109913 0.000206595 -0.000576973 -0.00418099 0.0575942 0.000354415 0.011514 0.000206595 -0.000576973 -0.00418099
66.894 0.720882 1.60426 -0.00757743 1.01835 0.000184095 -0.00451091 0.0261575 -0.999648 0.0578527 -0.00257644 0.0110672 0.000787855 -0.000550284 0.0159341 0.0577286 0.000359864 0.0113677 0.00064001 -0.000317273 0.0148495
67.43 0.72287 1.63835 -0.0091023 1.02195 1.52228e-05 -0.00453895 0.0212906 -0.999763 0.0586037 -0.00160742 0.0114043 0.000294085 -0.000253953 0.019337 0.0585131 0.000886306 0.011936 0.000294085 -0.000253953 0.019337
67.96 0.726733 1.67772 -0.0101169 1.02701 -0.000295325 -0.00451119 0.0181287 -0.999825 0.061015 -0.00284985 0.0111646 -0.000515505 -0.00105339 0.00302092 0.0609748 -0.000631193 0.011716 -0.000515505 -0.00105339 0.00302092
68.49 0.738557 1.71223 -0.0110973 1.03867 -0.000208298 -0.00447912 0.018671 -0.999816 0.0612053 -0.00300173 0.0114168 -2.27152e-05 0.000368884 -0.00564272 0.0611699 -0.000711574 0.0119658 -2.27152e-05 0.000368884 -0.00564272
69.056 0.743481 1.74724 -0.0149754 1.04153 0.000281837 -0.00452201 0.0192098 -0.999805 0.0610219 -0.00286199 0.00906226 0.000320729 1.14904e-05 0.00623122 0.0610025 -0.00052273 0.0096132 0.000320729 1.14904e-05 0.00623122
69.636 0.747663 1.78478 -0.0163933 1.04918 0.000116347 -0.00458359 0.0151822 -0.999874 0.0613417 -0.00170598 0.0104631 0.000427825 -0.000184833 0.0169055 0.0611918 0.000170977 0.0109034 0.000497671 -7.70444e-05 0.0168446
70.184 0.763779 1.82344 -0.0174092 1.06472 0.000181244 -0.00440063 0.0106268 -0.999934 0.0639318 -0.00124579 0.0100892 -0.000256738 -0.00118545 0.019165 0.0638526 0.000108478 0.0106513 -0.000256738 -0.00118545 0.019165
70.702 0.776706 1.86319 -0.0195835 1.07858 0.000226699 -0.0043735 0.00513998 -0.999977 0.0651907 -0.00158746 0.0090237 -5.72239e-05 9.94545e-05 0.0193821 0.0651923 -0.000889103 0.00968146 -7.78507e-05 -0.000141151 0.0195438
71.416 0.793426 1.90392 -0.0180203 1.09403 0.000211148 -0.00457329 -0.00108178 -0.999989 0.0635938 5.53929e-05 0.0118531 0.000286161 0.000810309 0.0183444 0.0634827 -8.7206e-05 0.0124342 0.000286161 0.000810309 0.0183444
72.1 0.810762 1.94382 -0.0155378 1.11164 0.000159729 -0.00470845 -0.0070113 -0.999964 0.0641506 0.000599162 0.0117636 -1.04681e-05 0.000241743 0.015501 0.0640391 -0.0003035 0.0123673 -1.04681e-05 0.000241743 0.015501
72.792 0.831336 1.99116 -0.012868 1.13213 1.03158e-05 -0.00489986 -0.0102308 -0.999936 0.0666191 0.000255128 0.00820998 -0.00037305 -0.000390739 0.00330342 0.0664422 -0.00107596 0.00890937 -0.000401728 -0.000431261 0.00372375
73.392 0.84227 2.03472 -0.0122455 1.14393 0.000112601 -0.0048801 -0.0104965 -0.999933 0.0694638 0.00032591 0.00863687 -0.00100236 -0.00148588 0.00203033 0.0691539 -0.00115974 0.00929398 -0.00110339 -0.00160485 0.0018536
73.964 0.855619 2.07641 -0.0117123 1.156 0.000131441 -0.00481134 -0.0113652 -0.999924 0.0707381 0.000940476 0.00853203 7.25069e-05 0.000110558 0.00529569 0.0706719 -0.000678563 0.00924504 7.86646e-05 -5.31664e-05 0.00512704
74.572 0.862974 2.11715 -0.0100113 1.16251 0.000115834 -0.00491677 -0.0130412 -0.999903 0.0701269 0.00155418 0.0153038 -0.000547889 -0.000878921 0.0054513 0.0700659 -0.000282611 0.015639 -0.000667407 -0.00127142 0.00541008
75.108 0.862366 2.15073 -0.00883132 1.16086 0.000107436 -0.00503323 -0.0146639 -0.99988 0.069693 0.00210078 0.0152064 0.000174489 -9.87857e-06 0.00637669 0.0695016 6.12381e-05 0.015832 0.000290022 0.000142508 0.00636315
75.774 0.864113 2.19708 -0.00484204 1.16246 -0.000201271 -0.00496121 -0.0166389 -0.999849 0.0705659 0.00296478 0.00413349 0.00897973 -0.00235402 0.00314749 0.0705811 0.000617694 0.00483314 0.00897973 -0.00235402 0.00314749
76.368 0.862434 2.23776 -0.00368803 1.16126 -0.000555089 -0.00483885 -0.0119058 -0.999917 0.069221 -0.0016646 0.00310968 -0.00142033 0.000809994 -0.0329022 0.0691284 -0.00330807 0.00378195 -0.00142033 0.000809994 -0.0329022
76.93 0.862459 2.27843 -0.00478493 1.16235 -0.000236098 -0.00489445 -0.00175491 -0.999986 0.0703564 -0.00228129 0.0087496 -0.00464645 0.00203016 -0.0362385 0.070259 -0.00252376 0.00943898 -0.00464645 0.00203016 -0.0362385
77.516 0.883192 2.31792 -0.00655699 1.18386 -6.78235e-06 -0.00514568 0.00483424 -0.999975 0.0709905 7.1155e-05 0.00893918 0.000900991 0.000277436 -0.0104398 0.0708907 0.000757186 0.00966927 0.000900991 0.000277436 -0.0104398
78.076 0.900289 2.35821 -0.00741167 1.20155 -0.000188364 -0.00530675 0.00625463 -0.999966 0.0723344 6.91053e-05 0.00842531 0.00234138 -0.0023674 -0.00195711 0.0717521 0.00126089 0.00912919 -0.000463546 -0.000561358 -0.00218491
78.672 0.897838 2.40407 -0.0105675 1.18844 -0.000485515 -0.00500908 0.00974182 -0.99994 0.0730904 -0.00316069 0.00803169 -0.000677609 1.99617e-05 -0.022598 0.0730539 -0.00172873 0.00876616 -0.000677609 1.99617e-05 -0.022598
79.234 0.874229 2.44446 -0.0112346 1.17126 -0.000410088 -0.0050846 0.0164827 -0.999851 0.0725347 -0.00282872 0.00863663 0.000646679 0.000832013 -0.0263117 0.0724968 -0.000430464 0.0093755 0.000646679 0.000832013 -0.0263117
79.804 0.85917 2.48284 -0.0123759 1.15756 -0.000674055 -0.00493488 0.0244481 -0.999689 0.0711725 -0.00415141 -0.00595911 -0.000593576 0.000770344 -0.0336967 0.0713458 -0.000673578 -0.00525233 -0.000593576 0.000770344 -0.0336967
80.96 0.842011 2.56458 -0.0221529 1.16564 0.000201222 -2.70608e-05 0.0363093 -0.999341 0.0581556 -0.000460855 -0.00424294 0.00272222 -0.0103405 0.0282382 0.0580359 0.00376247 -0.00423912 0.00272222 -0.0103405 0.0282382
81.538 0.825512 2.59155 -0.02546 1.18058 0.000337616 -0.00544153 0.023126 -0.999718 0.0592223 0.00183825 0.0108533 0.00104972 -0.00675365 0.0588078 0.0589526 0.00456438 0.0114987 0.00104972 -0.00675365 0.0588078
82.65 0.775815 2.65983 -0.0308897 1.19776 0.000233171 -0.00495255 -0.00279429 -0.999984 0.0637585 0.000533804 0.0128574 -0.000801036 0.00057635 0.0353522 0.06363 0.000171694 0.0134885 -0.000801036 0.00057635 0.0353522
83.224 0.744199 2.70164 -0.0325518 1.19849 -0.000218787 -0.00486968 -0.0111009 -0.999927 0.0642305 -4.31652e-06 0.011868 0.00202227 0.00101579 0.0199379 0.0640657 -0.00116375 0.0123861 0.00324145 0.00155976 0.0224477
83.82 0.715407 2.74452 -0.0311223 1.2096 -0.000100306 -0.00474922 -0.0120615 -0.999916 0.0632403 -0.00123188 0.0118434 -3.99565e-05 0.000501701 -0.00698672 0.0630768 -0.00275316 0.0124437 -3.99565e-05 0.000501701 -0.00698672
84.372 0.686592 2.77975 -0.0285446 1.2102 3.15198e-05 -0.00461866 -0.00977381 -0.999942 0.0619028 -0.000597597 0.00803008 -0.00580885 -0.000881868 -0.00959845 0.0618025 -0.00180726 0.00860139 -0.00580885 -0.000881868 -0.00959845
85.562 0.644812 2.85912 -0.0227628 1.23854 0.000155956 -0.00451136 -0.0192279 -0.999805 0.0596287 0.00319691 0.00784441 -4.78207e-05 -0.000486292 0.0276022 0.0596343 0.000900759 0.00838319 -4.78207e-05 -0.000486292 0.0276022
86.592 0.594978 2.92765 -0.0234688 1.23155 2.21011e-05 -0.00436476 -0.0228508 -0.999729 0.0587119 -0.000718187 0.00869589 -0.000809671 -0.00013473 -0.00987629 0.0585861 -0.00338943 0.00916529 -0.000874556 -0.000152098 -0.0097559
87.672 0.535551 2.99949 -0.022254 1.2119 5.41162e-05 -0.0038401 -0.0180524 -0.99983 0.0579758 0.000478459 0.00534604 1.66857e-05 -0.0198546 -0.00637205 0.0579125 -0.00161456 0.00579108 1.66857e-05 -0.0198546 -0.00637205
88.202 0.514243 3.02841 -0.020577 1.20888 2.0543e-05 -0.000920025 -0.0165415 -0.999863 0.0393283 0.00020232 0.00484808 2.65965e-05 0.00603085 -0.00530303 0.0393045 -0.00109876 0.00492041 2.65965e-05 0.00603085 -0.00530303
88.716 0.505145 3.04899 -0.0185088 1.21389 2.027e-06 -0.00135155 -0.0152976 -0.999882 0.0316544 0.000310665 0.000462168 7.64632e-05 0.000621156 -0.00529959 0.032394 -0.000746688 0.000905415 0.000115386 0.000396004 -0.00517187
89.252 0.502879 3.06317 -0.015849 1.22245 -3.02982e-05 -0.00144526 -0.0139116 -0.999902 0.0273532 0.000641784 -0.00667058 -1.39377e-05 0.000210573 -0.00576711 0.0275331 -0.000127179 -0.00555241 7.99507e-06 0.000340452 -0.00580152
89.842 0.501813 3.07708 -0.0150824 1.22695 -7.39068e-06 -0.00136917 -0.0124787 -0.999921 0.0248543 0.000201444 -0.0134403 -0.000224212 -5.41306e-05 -0.00552661 0.0248883 -0.000419525 -0.0133722 -0.000224212 -5.41306e-05 -0.00552661
90.4 0.495466 3.08963 -0.0145467 1.2267 1.76704e-06 -0.00124387 -0.0110933 -0.999938 0.0232218 0.000193764 -0.0138243 4.58504e-05 -0.000205526 -0.00629979 0.0232547 -0.000321796 -0.0137665 4.58504e-05 -0.000205526 -0.00629979
90.958 0.493328 3.10016 -0.0136972 1.23254 4.43796e-05 0.000974221 -0.0105742 -0.999944 0.0168881 0.000279564 -0.00432827 -0.00134758 -0.00717116 0.0123722 0.0179897 -0.000125355 -0.00388513 -0.00153116 -0.00990796 0.0101746
91.482 0.502197 3.10511 -0.0134871 1.24824 0.000365656 -0.00320605 -0.020482 -0.999785 0.0159108 0.00183782 0.0187505 0.00375688 -0.00798806 0.0537625 0.0143694 0.00105966 0.0309745 0.00103002 0.00944521 0.052355
92.016 0.502695 3.11332 -0.0142989 1.24533 -1.32981e-05 -0.000843228 -0.03433 -0.99941 0.0184971 0.000620547 -0.00307858 -0.000373601 0.00151544 0.0578461 0.0185013 -0.000650436 -0.00304736 -0.000373601 0.00151544 0.0578461
92.602 0.491892 3.1214 -0.0125224 1.24045 -6.09043e-05 -0.00086904 -0.0508189 -0.998708 0.0171901 0.000962767 0.0057631 0.000319101 -0.000136894 0.0563607 0.0171299 -0.000768586 0.00633349 0.000405109 -5.5071e-05 0.0563961
93.574 0.483329 3.13488 -0.0117487 1.23502 -7.83703e-05 -0.000544509 -0.0775954 -0.996985 0.0167882 0.000929703 0.00392122 -0.000233228 0.000796623 0.0559136 0.0168848 -0.00169178 0.00328318 -0.000243943 0.000446901 0.055906
94.14 0.482175 3.14116 -0.0105558 1.23758 -8.91312e-05 -0.000580016 -0.0922059 -0.99574 0.0149456 0.00110143 0.00154709 -4.76415e-06 -0.00011273 0.0565303 0.014892 -0.00166127 0.00156452 -4.76415e-06 -0.00011273 0.0565303
95.156 0.487364 3.15113 -0.00840487 1.24341 -0.000147629 -0.000472668 -0.119976 -0.992777 0.0130935 0.00191912 -0.00760495 0.000304901 -0.00028021 0.0566191 0.0132197 -0.00126406 -0.008867 0.000425634 -0.0002446 0.0566349
95.698 0.469327 3.15464 -0.00834042 1.22897 -0.000170841 -0.000435802 -0.134723 -0.990883 0.0116559 0.00148158 0.0100846 -0.000238425 0.000227824 0.0564662 0.0117445 -0.00162772 0.00987897 -0.000192186 0.00015128 0.0564228
96.32 0.466274 3.15762 -0.0112043 1.21871 -0.000176745 -0.00084303 -0.151459 -0.988463 0.0108177 0.000587489 0.00149169 0.00226788 0.00441878 0.0509171 0.0102868 -0.0025455 0.000265968 0.00244699 0.0105733 0.0544582
96.878 0.443934 3.1615 -0.0144084 1.19904 -0.000415222 -0.000414319 -0.152696 -0.988273 0.0110138 -0.00200564 0.0236584 -0.0016077 0.000267193 -0.0384772 0.00999321 -0.00516297 0.021782 -0.00159594 0.000404975 -0.0344518
97.482 0.433005 3.16497 -0.0178805 1.19394 -7.13362e-05 -0.0029228 -0.137362 -0.990517 0.0164017 -0.00111123 -0.00300054 -0.00143648 0.000770035 -0.0618182 0.0146168 -0.00551095 -0.00295371 -0.00132389 0.00227798 -0.0618703
98.4 0.436262 3.18364 -0.0190586 1.20652 -6.83339e-06 -0.00211797 -0.113996 -0.993479 0.0260784 0.00150407 0.00461236 -0.000339148 -0.00047131 -0.0471458 0.0257216 -0.00443961 0.00472281 -0.000339148 -0.00047131 -0.0471458
98.992 0.437039 3.20037 -0.0193429 1.21273 5.39801e-05 -0.0021349 -0.10206 -0.994776 0.0279566 0.00145299 0.00397987 -0.000228109 -0.000247707 -0.0369322 0.027652 -0.00425266 0.00409906 -0.000228109 -0.000247707 -0.0369322
99.604 0.435304 3.2153 -0.0198941 1.2153 0.000163177 -0.00229013 -0.0923964 -0.99572 0.0268752 0.00111832 0.00393422 -0.000105667 0.00153089 -0.0273807 0.0266037 -0.00384549 0.00405677 -0.000105667 0.00153089 -0.0273807
100.208 0.434436 3.22934 -0.0177564 1.2198 0.000113542 -0.00244686 -0.0859789 -0.996294 0.0270145 0.00201179 0.00449409 -0.000182253 0.000176091 -0.0191807 0.0268775 -0.00261026 0.00464749 -0.000142525 0.00027326 -0.0193724
100.77 0.431747 3.24585 -0.0152784 1.22017 0.000160704 -0.00248376 -0.0813679 -0.996681 0.0275286 0.00241159 0.00416438 0.000693479 0.000473642 -0.0154406 0.0275336 -0.00224287 0.00431666 0.000350353 0.000431394 -0.0156939
101.814 0.441842 3.28493 -0.00819084 1.23636 8.90258e-05 -0.0023927 -0.0742147 -0.997239 0.0308165 0.00308275 -0.00124675 1.37311e-05 0.000134217 -0.0139171 0.0309193 -0.00153838 -0.00107046 -5.49946e-05 -1.24056e-05 -0.0140717
102.408 0.437993 3.30852 -0.00816034 1.23394 0.000194348 -0.00244296 -0.0707209 -0.997493 0.0323115 0.00231831 -0.0012249 0.000133874 -9.45797e-05 -0.0112861 0.0323159 -0.00230433 -0.00107827 1.19211e-06 -0.000155415 -0.0114443
103.356 0.428239 3.3333 -0.00482685 1.22741 -0.000139754 -0.00255982 -0.0584753 -0.998286 0.0287371 -0.000262247 -0.000976785 -0.000507443 0.000631869 -0.0506638 0.0285145 -0.00361605 -0.000829437 -0.000507443 0.000631869 -0.0506638
103.886 0.446385 3.35164 -0.00436935 1.23345 3.72503e-05 -0.00256388 -0.0443486 -0.999013 0.0293717 -0.000554009 -0.00199584 -0.000229822 -0.000223407 -0.0491025 0.029091 -0.00323186 -0.00182282 -0.00027461 -0.000176249 -0.0498502
104.41 0.440674 3.37072 -0.00468292 1.23115 0.000345671 -0.00271333 -0.0341433 -0.999413 0.0310395 -0.000458249 -0.00886702 -0.0036118 0.00090248 -0.0349999 0.0309837 -0.00257109 -0.00869968 -0.0036118 0.00090248 -0.0349999
104.984 0.433671 3.39487 -0.00332263 1.22932 0.000335144 -0.00260595 -0.0300701 -0.999544 0.033007 0.00172111 -0.00815752 0.000662229 -0.000635999 0.00173704 0.033093 -0.000262019 -0.00798469 0.000662229 -0.000635999 0.00173704
106.062 0.440639 3.43804 -0.000204823 1.23887 -8.85166e-05 -0.00237241 -0.0332578 -0.999444 0.0335775 0.000817059 -0.0097695 0.00508191 -0.00223243 7.6933e-05 0.0338066 -0.0012515 -0.00946748 0.00584082 -0.0028424 0.00298137
106.55 0.432889 3.45493 0.00234024 1.23051 -0.000153758 -0.00246174 -0.0283844 -0.999594 0.0322823 -0.00151445 -0.00982239 -0.00118381 0.000672174 -0.0369888 0.0321922 -0.00334826 -0.00966286 -0.00118381 0.000672174 -0.0369888
107.51 0.420234 3.48836 0.00403966 1.21665 9.13097e-05 -0.0024942 -0.00867816 -0.999959 0.0324713 -0.00135916 -0.00911526 0.000230297 0.000301281 -0.0384294 0.0325254 -0.00200926 -0.00908818 0.000232792 0.000188238 -0.0390595
108.498 0.420988 3.52476 0.00659576 1.21489 0.000265154 -0.00253423 0.00654747 -0.999975 0.0328589 -0.000844386 -0.00619769 -0.00520711 -0.000516064 -0.0212585 0.0328075 -0.000539758 -0.00649034 -0.00458869 -0.000398367 -0.023187
109.012 0.415327 3.54581 0.0092667 1.1988 0.000408208 -0.00246831 0.0069576 -0.999973 0.0339691 0.00204912 -0.00739498 0.00108459 -0.000331299 0.0183208 0.0338398 0.00246487 -0.00729904 0.0011275 -0.000441381 0.0159895
109.626 0.404392 3.56918 0.0108965 1.18704 0.000232427 -0.00241059 -0.00023598 -0.999997 0.0345511 0.00178925 -0.00648281 1.67865e-05 0.00021401 0.0279917 0.0345249 0.00183642 -0.00619187 2.74845e-05 0.000252155 0.0281658
110.624 0.418591 3.60201 0.0164606 1.19432 0.000171119 -0.0024884 -0.0110201 -0.999936 0.0329629 0.00201845 -0.00595882 3.6846e-05 0.000439771 0.0186814 0.0330287 0.00129318 -0.00579403 3.6846e-05 0.000439771 0.0186814
111.652 0.435471 3.63669 0.0212043 1.19885 1.20028e-05 -0.00263993 -0.0127483 -0.999915 0.0336125 0.00105398 -0.00472396 -0.000422927 0.000311082 -0.00955255 0.033653 0.000196503 -0.00454635 -0.000422927 0.000311082 -0.00955255
112.148 0.444873 3.65481 0.0213023 1.20017 7.02762e-05 -0.00273153 -0.0104838 -0.999941 0.0346619 0.00116854 -0.00498773 0.000383772 -0.000457847 -0.0090828 0.0347056 0.000441947 -0.00479812 0.000383772 -0.000457847 -0.0090828
112.696 0.452782 3.67757 0.0223739 1.20057 -0.00018308 -0.00265613 -0.00710343 -0.999971 0.0356291 0.000456859 -0.00138068 -0.000585967 -0.000266481 -0.0193749 0.0356388 -4.98724e-05 -0.00119145 -0.000585967 -0.000266481 -0.0193749
113.226 0.467536 3.69832 0.0223623 1.2054 -8.32199e-05 -0.00271211 -0.00101776 -0.999996 0.0360395 0.00020325 -0.00135027 2.50244e-05 2.37559e-05 -0.0242757 0.0360466 0.000129674 -0.00115479 2.50244e-05 2.37559e-05 -0.0242757
114.222 0.49264 3.73966 0.0235209 1.21044 0.000169275 -0.00265482 0.00697741 -0.999972 0.0374853 0.0021665 0.0109585 0.000794672 0.0002106 0.00346533 0.0373005 0.00267248 0.0111985 0.000741448 0.000206606 0.00141912
114.752 0.501471 3.76104 0.0230019 1.2033 5.45253e-05 -0.00278656 0.00420381 -0.999987 0.038433 0.00211739 0.0116312 0.000232049 -0.000390537 0.0146355 0.0382865 0.00246982 0.0116863 0.000259316 -0.000285815 0.0143658
115.672 0.482167 3.79371 0.0242262 1.15806 -8.2588e-05 -0.000105445 -0.00174834 -0.999998 0.0261701 0.00167919 0.0169819 -0.000209621 0.0055491 0.0125067 0.0261722 0.00159048 0.0169872 -0.000209621 0.0055491 0.0125067
116.168 0.50199 3.80382 0.0237232 1.17706 -6.73557e-05 -0.00072929 -0.0046048 -0.999989 0.0190942 0.00117387 0.00217272 -8.93922e-05 0.000629901 0.0113852 0.0193906 0.00107772 0.00351578 -1.3549e-05 0.000600489 0.0114159
116.762 0.518629 3.81605 0.0227081 1.18634 -0.000168092 -0.00211133 -0.00794881 -0.999966 0.0181513 0.000773798 0.0172097 0.00328349 0.0305213 0.00874953 0.0174502 0.00055783 0.016126 0.00319519 0.0304798 0.0095189
117.308 0.528596 3.83118 0.0222717 1.18939 -0.000261217 -0.00285532 -0.00623967 -0.999976 0.032757 -0.000616734 0.0151721 -0.00055167 -0.00230981 -0.0187437 0.0322301 -0.000999195 0.0152685 -0.000621559 -0.003139 -0.0173803
117.82 0.552095 3.84527 0.0219988 1.20709 -0.000168333 -0.00274698 -0.000929085 -0.999996 0.0356854 -0.000511145 0.0151383 -9.1545e-05 -7.9794e-05 -0.0235475 0.0356007 -0.000572247 0.0153343 -9.1545e-05 -7.9794e-05 -0.0235475
118.328 0.562595 3.86205 0.0220365 1.22034 -0.000135873 -0.00290588 0.00456821 -0.999985 0.037382 -7.40037e-05 0.0142609 -7.63206e-05 0.000676949 -0.0186961 0.0372607 0.000201917 0.0144784 -0.000208467 0.000736851 -0.0192427
118.852 0.571817 3.88141 0.0222093 1.21612 -0.000167878 -0.00290849 0.0082105 -0.999962 0.0392652 0.000251281 0.0133671 0.000126143 0.000175469 -0.0124324 0.0391745 0.000882036 0.0136702 0.000142156 3.14104e-05 -0.0126111
119.384 0.58494 3.90119 0.0203831 1.20175 -0.000135998 -0.00301539 0.0107877 -0.999937 0.0400387 -0.000475308 0.0157107 -6.51497e-06 0.000128457 -0.0085482 0.0398691 0.000386465 0.0159972 -1.3936e-05 0.000141089 -0.00862959
119.93 0.596811 3.92257 0.0194265 1.21141 -2.07216e-05 -0.00316613 0.0121994 -0.999921 0.0405229 0.000121189 0.0155839 0.000234744 0.000126382 0.000454434 0.0403351 0.00108512 0.0158409 0.000206732 0.00015447 4.24615e-05
120.444 0.609397 3.94402 0.0183455 1.22815 -7.74024e-05 -0.00326144 0.0112817 -0.999931 0.0417254 0.000227865 0.0163238 0.000272208 -0.000512605 0.00493737 0.0414866 0.00119301 0.01662 0.000259445 -0.000476299 0.0049126
120.978 0.622994 3.96568 0.0174603 1.24709 -0.000348173 -0.00326111 0.0105224 -0.999939 0.0420508 -0.000397003 0.0155884 0.000733958 3.11731e-05 -0.00168029 0.0419439 0.000543081 0.0158653 0.0012163 -0.000139754 -0.000165361
121.51 0.638602 3.98803 0.0158557 1.25821 -0.000280922 -0.00339159 0.0129519 -0.99991 0.0425825 -0.00180846 0.0164211 -0.000891788 1.64113e-05 -0.0146799 0.0425026 -0.000697046 0.0167104 -0.000891788 1.64113e-05 -0.0146799
122.084 0.654095 4.01162 0.0148 1.27859 -5.17654e-05 -0.00358995 0.0172725 -0.999844 0.0430161 -0.00129229 0.0169319 -0.00344897 0.000169718 -0.0123561 0.0429124 0.00019391 0.0172404 -0.00344897 0.000169718 -0.0123561
122.632 0.675207 4.03815 0.0118136 1.28705 7.22394e-05 -0.00363992 0.0174576 -0.999841 0.044662 -0.000264622 0.0163312 0.000690603 4.61548e-05 0.00925474 0.0444813 0.00123747 0.0166307 0.000703069 1.04961e-05 0.0082989
123.518 0.708195 4.08548 0.0110356 1.29282 -0.000482415 -0.00364848 0.0129091 -0.99991 0.0472706 -0.00128393 0.0168356 1.81631e-05 -0.000198609 0.000534634 0.0471637 -4.83417e-05 0.0171808 1.81631e-05 -0.000198609 0.000534634
124.414 0.74397 4.13246 0.00724022 1.313 -0.000239837 -0.00391113 0.0189017 -0.999814 0.0490101 -0.00287008 0.0187114 -6.18651e-05 -0.000160036 -0.0173616 0.0489355 -0.00100933 0.0190955 -6.18651e-05 -0.000160036 -0.0173616
125.316 0.784644 4.17797 0.00352642 1.34937 0.000101809 -0.00417807 0.0177813 -0.999833 0.0503493 -0.000248773 0.0186357 -0.000204392 6.22599e-05 0.0197456 0.050169 0.00153503 0.0190558 -0.000204392 6.22599e-05 0.0197456
125.866 0.814396 4.21173 0.00118806 1.36745 6.60887e-05 -0.00431566 0.0122346 -0.999916 0.0534088 -0.000641269 0.0192992 -0.000301456 -0.000240223 0.0201201 0.0532399 0.000661059 0.0197595 -0.000301456 -0.000240223 0.0201201
126.412 0.841419 4.24628 0.000824041 1.37435 -0.000634878 -0.00426393 0.00801169 -0.999959 0.0560056 -0.0014754 0.0221476 0.00323972 -0.00196038 0.00612551 0.0558309 -0.000550931 0.0226258 0.00323972 -0.00196038 0.00612551
126.952 0.871666 4.28174 -0.00153578 1.39314 -0.000411114 -0.00436181 0.0120393 -0.999918 0.0569233 -0.00516099 0.0230276 -0.00131811 0.000683475 -0.0280127 0.0568559 -0.00378383 0.023421 -0.00150707 0.000608167 -0.0268374
127.526 0.905095 4.31852 -0.00438013 1.41199 -0.000154079 -0.00463559 0.0205195 -0.999779 0.0591011 -0.00512887 0.0256593 -7.67774e-05 -0.000413456 -0.027055 0.0590212 -0.00269653 0.0262082 -7.67774e-05 -0.000413456 -0.027055
128.432 0.960392 4.37648 -0.00837273 1.44344 -0.000197861 -0.00481177 0.0287786 -0.999574 0.0623847 -0.004879 0.026302 0.000536125 -1.45251e-05 -0.0138433 0.0623059 -0.00127852 0.0269034 0.000536125 -1.45251e-05 -0.0138433
129.008 0.98843 4.41465 -0.010417 1.45266 -0.000360269 -0.00513427 0.033051 -0.99944 0.0643983 -0.00537818 0.0259464 -2.54276e-05 -0.000106177 -0.0164291 0.0642153 -0.0011512 0.0264915 -5.92284e-05 -0.00012191 -0.0162951
129.552 1.01974 4.44922 -0.0128111 1.45839 -0.000327954 -0.00535291 0.0371865 -0.999294 0.0660858 -0.00578832 0.0278942 0.000120189 -8.24953e-05 -0.0152891 0.0660303 -0.000853367 0.0286041 0.000120189 -8.24953e-05 -0.0152891
130.52 1.07917 4.52121 -0.0162094 1.47422 -0.000574111 -0.00538701 0.0433462 -0.999045 0.0696481 -0.00644003 0.0287002 -0.000687531 0.000462064 -0.0150954 0.0696182 -0.000261137 0.0294453 -0.000587858 0.000391087 -0.0148268
131.04 1.1122 4.56115 -0.0212435 1.48834 -0.000540527 -0.00575342 0.0477015 -0.998845 0.0722836 -0.00788486 0.0303928 -0.000242133 -0.000860131 -0.0181512 0.0721329 -0.000899004 0.0313051 -0.000250882 -0.00086161 -0.0181052
131.598 1.14628 4.60251 -0.0265009 1.51425 -0.00051025 -0.00591036 0.0522848 -0.998615 0.075223 -0.00879317 0.0315541 -0.000272683 -0.000502894 -0.0167513 0.0753505 -0.000876834 0.0324502 -0.000272683 -0.000502894 -0.0167513
132.16 1.18331 4.64856 -0.0329727 1.55354 0.0008005 -0.00548181 0.0533636 -0.99856 0.0757099 -0.00386474 0.035786 0.00228481 0.00137841 0.0223463 0.0752973 0.00414713 0.0366152 0.00228481 0.00137841 0.0223463
132.782 1.21945 4.69994 -0.0327979 1.58825 0.000207811 -0.00583633 0.041329 -0.999129 0.0774129 -0.000240761 0.0363459 0.000899506 0.000550384 0.0483718 0.076566 0.00629688 0.0372024 0.000667095 0.00017633 0.0483766
133.702 1.28829 4.77381 -0.0334243 1.61765 -0.000203799 -0.000165577 0.0231349 -0.999732 0.0506653 -0.00168074 -0.00329299 -0.00126474 0.0143911 0.0334718 0.0526153 0.00089592 -0.0107413 -0.00101233 0.0136189 0.033625
134.22 1.31239 4.8018 -0.0339371 1.63653 0.000765655 -0.00734261 0.0136389 -0.99988 0.0654708 0.00191278 0.0395892 0.0013669 -0.0108833 0.0476669 0.0633836 0.00344916 0.0405729 0.00127444 -0.0105668 0.0464838
134.742 1.33282 4.84333 -0.0319685 1.63603 0.000683416 -0.00649734 0.00112793 -0.999978 0.0762841 0.00474307 0.0386416 0.000645568 -0.000996042 0.055632 0.0757646 0.00486108 0.0396361 0.000645568 -0.000996042 0.055632
135.246 1.33098 4.88571 -0.0289965 1.65277 -0.000237782 -0.00732707 -0.00980749 -0.999925 0.0828533 0.00274061 0.0377145 -0.00100943 -0.000868086 0.0298922 0.0816953 0.00156199 0.0389974 -0.000529868 -0.000523527 0.0326239
135.82 1.33086 4.94242 -0.0288469 1.68314 4.95183e-05 -0.00719866 -0.0141526 -0.999874 0.0875058 0.000884849 0.0372369 -0.000429694 0.000229025 0.00727122 0.0869506 -0.00158822 0.0384928 -0.000429694 0.000229025 0.00727122
136.752 1.32866 5.03367 -0.0280557 1.7318 0.000106517 -0.0076304 -0.0159677 -0.999843 0.0909186 0.000807604 0.0274319 -8.53273e-05 -0.000941257 0.00112023 0.0904687 -0.00209518 0.028816 -8.53273e-05 -0.000941257 0.00112023
137.288 1.32728 5.09016 -0.0266578 1.74287 -9.55568e-05 -0.00748343 -0.016106 -0.999842 0.0929657 0.000871537 0.0307592 0.00358186 -0.0023069 -0.000566118 0.0924749 -0.00210963 0.0321472 0.00358186 -0.0023069 -0.000566118
137.816 1.32303 5.14562 -0.0239355 1.75591 -0.000212876 -0.00754923 -0.0149699 -0.99986 0.0927671 -2.42294e-05 0.0306521 -0.000284915 0.000249324 -0.0116182 0.0922924 -0.00275527 0.0319664 -0.000225949 0.000250449 -0.0109815
138.442 1.30064 5.20947 -0.0197998 1.77563 -0.000397405 -0.00730851 -0.0113476 -0.999909 0.0938451 0.000442397 0.0390312 6.29577e-05 -0.000656907 -0.0161703 0.0933363 -0.001578 0.0404149 0.000188373 -0.000808196 -0.0160293
139.022 1.27956 5.27364 -0.0208801 1.80174 -0.000222335 -0.00736596 -0.00640135 -0.999952 0.0938525 -0.000895603 0.0383418 0.000278956 0.000507537 -0.0161296 0.0932773 -0.00217465 0.0397491 0.000157569 0.000639926 -0.0163166
139.562 1.26417 5.33105 -0.0201412 1.81993 -0.000202454 -0.00760327 -0.00291193 -0.999967 0.0962023 -0.000315114 0.0239719 0.000154937 -0.00050577 -0.0128251 0.0956837 -0.000932145 0.025427 9.31868e-05 -0.000413159 -0.0132112
140.116 1.24992 5.39509 -0.0195087 1.84262 -0.00023614 -0.00739934 -0.000176174 -0.999973 0.0992334 0.000102718 0.0238088 0.00030425 -0.000413032 -0.00926902 0.0987289 8.88449e-06 0.02542 0.000273094 -0.00045094 -0.0094923
140.668 1.23898 5.45223 -0.0194708 1.86686 0.000521912 -0.00665666 -0.000378689 -0.999978 0.0974277 0.00325695 0.0377543 0.00103175 0.00124947 0.0143269 0.0969188 0.00314327 0.0390513 0.00103175 0.00124947 0.0143269
141.22 1.21031 5.50882 -0.0189438 1.90235 0.000263552 -0.00684106 -0.00674122 -0.999954 0.0958683 0.00450695 0.0385489 0.000159743 0.000518235 0.0276563 0.0953838 0.00319695 0.0398594 0.000159743 0.000518235 0.0276563
141.836 1.15141 5.57098 -0.0170833 1.94038 -3.92476e-05 -0.00680109 -0.0141649 -0.999877 0.097094 0.00447986 0.0385214 0.00509381 0.00264646 0.0218286 0.0966491 0.00173824 0.0398389 0.00509381 0.00264646 0.0218286
142.426 1.09886 5.63068 -0.0112743 1.95455 -0.00027983 -0.0065191 -0.0172063 -0.999831 0.0969541 0.00362324 0.0364517 -0.00062235 1.85485e-05 0.000317891 0.0965383 0.000314152 0.0377122 -0.00062235 1.85485e-05 0.000317891
143.55 1.00014 5.74073 -0.0070308 2.0084 0.000282033 -0.0059575 -0.0225191 -0.999729 0.0931237 0.007329 0.0347537 0.000476847 0.000404769 0.0276658 0.0930499 0.00324783 0.0356474 0.000528121 0.000374932 0.0271076
144.164 0.957385 5.79058 -0.0066924 2.03759 -0.000335667 1.34039e-05 -0.0311054 -0.999516 0.0719114 0.00421728 -0.0123053 -0.000972965 0.00619833 0.0272402 0.0720339 -0.000270623 -0.0123086 -0.000972965 0.00619833 0.0272402
144.75 0.927054 5.82436 -0.00731109 2.04382 -0.000143755 -0.00152502 -0.038471 -0.999259 0.0520642 0.00182774 -0.0223848 -0.000230187 0.0003769 0.0263172 0.0528173 -0.00212749 -0.0223882 -0.000242444 0.000401972 0.0262431
145.982 0.876007 5.86807 -0.0057323 2.02413 -0.000522216 0.00085371 -0.0516588 -0.998664 0.0357755 0.000996038 0.000385414 0.000803962 -0.00480724 -0.0139424 0.0369577 -0.00262362 0.00039806 0.00143625 -0.00963842 -0.00597682
147.122 0.860012 5.88257 -0.00937442 2.01911 -0.000121351 0.000858472 -0.0150554 -0.999886 0.0169212 -5.36285e-05 0.000961208 -1.51075e-05 -0.000384809 -0.0788733 0.0169135 -0.00056285 0.000932234 -1.51075e-05 -0.000384809 -0.0788733
147.69 0.859235 5.88313 -0.0108455 2.01761 -0.0001691 -0.00686496 0.00373607 -0.999969 0.0343612 -0.00101203 0.0154679 -0.00876164 0.00236836 -0.0544922 0.0341521 -0.000750745 0.0159386 -0.00876164 0.00236836 -0.0544922
148.284 0.845642 5.89761 -0.0131524 2.01352 0.000147384 -0.00469015 0.0107589 -0.999931 0.0573175 0.00165395 0.0144937 0.00152746 -0.0018285 -0.00291285 0.0571302 0.00288102 0.0150312 0.00152746 -0.0018285 -0.00291285
148.872 0.823416 5.91931 -0.0125029 2.00865 -0.000274608 -0.0045668 0.00927016 -0.999947 0.0601742 0.00147702 0.00960912 0.000946868 0.000897523 0.00592622 0.0599585 0.00275014 0.0102876 0.00160584 0.0011255 0.00666848
150.134 0.768992 5.98565 -0.0182562 2.02917 -1.48908e-05 -0.0045792 0.010499 -0.999934 0.0607618 -0.000867025 0.0146814 0.000165733 0.00073466 -0.00104524 0.0605596 0.000375286 0.0153443 0.000142123 0.000808766 -0.00141622
150.768 0.734554 6.02474 -0.0196953 2.03238 -6.52776e-05 -0.00431487 0.0101518 -0.999939 0.0600079 -0.000855954 0.0138006 -5.90353e-06 0.0011425 0.00040136 0.0600159 0.000444027 0.0141216 9.85512e-05 0.00102831 0.000477018
151.31 0.710978 6.05535 -0.0213709 2.0499 -2.47433e-05 -0.00431081 0.010076 -0.99994 0.058304 -0.00120868 0.0141327 -8.16014e-06 0.000853159 0.000342609 0.0582316 -3.50703e-05 0.0146717 -3.20415e-05 0.000962937 0.000307627
152.148 0.678006 6.1034 -0.0222474 2.07403 -4.76034e-05 -0.00440354 0.00994362 -0.999941 0.0567875 -0.0010855 0.00965711 8.46282e-05 0.000324728 5.07215e-05 0.0567106 4.40946e-05 0.010157 8.46282e-05 0.000324728 5.07215e-05
152.75 0.6554 6.1383 -0.0230351 2.09006 -3.13515e-05 -0.00432712 0.0100613 -0.99994 0.0545301 -0.00141585 0.0119062 -0.000411676 0.0009629 -2.82014e-05 0.0545581 -0.000273001 0.0124315 -0.000371817 0.00102181 -9.53241e-05
153.44 0.630062 6.17794 -0.0261868 2.10704 6.00247e-05 -0.00435787 0.0101157 -0.999939 0.0533375 -0.00216453 0.011734 0.000148769 0.000164647 0.000474646 0.0532085 -0.00113099 0.0123454 0.000104165 0.000297341 0.000426479
154.538 0.578374 6.24548 -0.0257056 2.10903 1.18499e-05 -0.00408576 0.00969626 -0.999945 0.0530619 -0.00162041 0.0160502 -0.000275914 -0.000242525 0.000806727 0.0529504 -0.000592816 0.0164833 -0.000275914 -0.000242525 0.000806727
155.106 0.53967 6.27758 -0.0240597 2.0885 -0.000519475 -0.0036213 0.0107531 -0.999936 0.0503668 -0.00201342 0.0124536 0.00068505 0.000798857 -0.0150442 0.0504924 -0.000778289 0.0126632 0.00104694 0.000613739 -0.0137943
155.8 0.492199 6.31926 -0.0246504 2.06761 -0.000266811 -0.00352018 0.0210088 -0.999773 0.0487226 -0.00354099 0.0129266 -0.000553941 0.000537113 -0.0372884 0.0488861 -0.00171137 0.0128878 -0.000659026 0.000557237 -0.0370106
156.42 0.459863 6.34978 -0.0250555 2.06264 -0.000105058 -0.00121701 0.0315349 -0.999502 0.0338689 -0.00127235 0.0424601 0.00268132 0.0117876 -0.0363916 0.0346785 0.000807473 0.0411859 0.00275485 0.0119902 -0.035373
157.188 0.466746 6.37877 -0.0255222 2.11445 -0.000225087 -0.00184124 0.0486553 -0.998814 0.029646 -0.00118714 0.0318927 0.00121318 0.0078054 -0.0543239 0.0295853 0.00169068 0.0340278 0.00088824 0.00525842 -0.0543707
157.75 0.479327 6.39776 -0.0284772 2.14555 -0.000231268 -0.00254574 0.0624341 -0.998046 0.0333916 -0.00273156 0.0300845 -0.00045427 -0.00129046 -0.0461638 0.0332699 0.00143245 0.0300387 -0.000501763 -0.00170404 -0.0469281
158.402 0.488162 6.41921 -0.0336259 2.17544 -0.000145587 -0.00243032 0.0742213 -0.997239 0.0344365 -0.00399538 0.0307385 -0.00045809 -0.000730363 -0.0340475 0.0344985 0.00114423 0.0309069 -0.00045809 -0.000730363 -0.0340475
159.002 0.493784 6.44318 -0.0380769 2.19954 -6.10007e-05 -0.00205835 0.0826291 -0.996578 0.0356613 -0.00440673 0.00701643 -0.000899419 -0.0141265 -0.0255296 0.035871 0.00152508 0.00716435 -0.000899419 -0.0141265 -0.0255296
159.576 0.492349 6.45905 -0.0398369 2.20187 3.84541e-05 -0.000880289 0.0893307 -0.996002 0.0240768 -0.00175814 -0.0105144 0.000201247 0.00217486 -0.0216113 0.0244234 0.00253892 -0.0117557 0.000256955 0.00271615 -0.0216822
160.142 0.474723 6.46956 -0.0409163 2.18927 8.76761e-06 -0.00111161 0.0950047 -0.995476 0.0200304 -0.00111988 0.015993 -0.000404226 0.0106916 -0.0215328 0.020007 0.00267847 0.00596155 -4.50947e-05 0.00313211 -0.0216813
160.736 0.467695 6.48302 -0.0437986 2.19527 3.84338e-05 -0.00281118 0.0974813 -0.995233 0.0301255 -0.00282742 0.0261604 0.000422508 -0.00246514 0.00693677 0.0299549 0.00305532 0.0263301 0.000422508 -0.00246514 0.00693677
161.796 0.487379 6.51332 -0.0473968 2.2307 3.63412e-05 -0.000592423 0.0909507 -0.995855 0.0215357 -0.00168903 -0.00778724 0.00025665 0.00417654 0.0150237 0.0222207 0.00224035 -0.00765779 0.000267075 0.00436973 0.0151479
162.406 0.483543 6.52522 -0.0465287 2.23145 -2.45016e-05 -0.000979846 0.0871845 -0.996192 0.0163462 -0.000612618 -0.00961854 0.000154205 -0.000260922 0.0138406 0.0162229 0.00223729 -0.00958655 0.000154205 -0.000260922 0.0138406
162.966 0.470837 6.53821 -0.0475329 2.22544 -3.65201e-05 -0.000855146 0.0836161 -0.996498 0.0154282 -0.000805469 -0.00160204 -0.000271658 -0.0003871 0.013394 0.0153494 0.00177696 -0.00157567 -0.000271658 -0.0003871 0.013394
163.564 0.474084 6.54737 -0.0515551 2.23342 2.35245e-05 -0.000881549 0.0801309 -0.996784 0.01348 -0.00167685 -0.00993778 -0.000663274 -0.000340696 0.0132864 0.0135921 0.000499925 -0.00991386 -0.000663274 -0.000340696 0.0132864
164.114 0.46815 6.55562 -0.055053 2.22873 7.35211e-05 -0.000811496 0.0766546 -0.997057 0.0126876 -0.00179928 -0.00725169 0.000166196 -0.00059139 0.0129203 0.0128252 0.000163229 -0.00723105 0.000166196 -0.00059139 0.0129203
164.712 0.460373 6.56371 -0.0558262 2.22862 -3.65357e-05 -0.00145198 0.0731419 -0.997321 0.0121553 -0.00134869 0.0258371 0.00081161 0.0252648 0.0121552 0.012147 0.000435498 0.0258725 0.00081161 0.0252648 0.0121552
165.282 0.473627 6.57457 -0.0572045 2.2375 -0.000171897 -0.0024804 0.071954 -0.997405 0.0236139 -0.00358867 0.0230914 -0.000514701 -0.00233827 -0.00183833 0.0237694 -0.000162403 0.0232099 -0.000514701 -0.00233827 -0.00183833
166.346 0.475272 6.60375 -0.0588297 2.25588 -0.000264048 -0.0022866 0.0758705 -0.997115 0.0273803 -0.00360053 0.0239068 0.000102904 -0.000496056 -0.0144629 0.0274308 0.000572297 0.0240319 0.000136798 -0.000625669 -0.0142724
166.956 0.477654 6.62537 -0.0588842 2.26406 -0.000104526 -0.00226631 0.0801691 -0.996779 0.0293565 -0.00258791 0.0227213 -0.00276131 -4.13767e-05 -0.0097984 0.0292894 0.00213365 0.0228547 -0.00276131 -4.13767e-05 -0.0097984
167.526 0.480682 6.6458 -0.0628382 2.272 -5.62818e-05 -0.00225932 0.0785509 -0.996907 0.0302792 -0.00168515 0.0232193 0.00071584 -7.68502e-05 0.0180216 0.0300762 0.00305206 0.023239 0.000671351 -0.000215304 0.0169467
168.266 0.500611 6.66855 -0.0664293 2.30004 -0.000538388 -0.00251039 0.0727618 -0.997346 0.0307451 -0.00344405 0.0194802 -0.000706296 -0.000281113 0.00247199 0.0307249 0.00128656 0.0194875 -0.000314919 -6.87023e-05 0.00494951
169.302 0.539541 6.70249 -0.074631 2.34074 -0.000243477 -0.00272643 0.0782165 -0.996933 0.0328386 -0.00474172 0.0161245 0.000123937 0.000327182 -0.0121163 0.0330875 0.000438575 0.0163058 0.000123937 0.000327182 -0.0121163
169.898 0.548567 6.72455 -0.0759669 2.34886 -0.000400053 -0.00293785 0.0807204 -0.996732 0.0353118 -0.00343185 0.0171589 0.000983006 -0.000806867 -0.00564961 0.0351768 0.00220109 0.0173221 0.000921819 -0.000866584 -0.00572705
170.484 0.562003 6.74685 -0.0794815 2.36429 -0.000433838 -0.00294257 0.0821037 -0.996619 0.0367253 -0.00395935 0.0134751 -0.000802725 0.000774179 -0.00434736 0.0367975 0.00210945 0.013693 -0.000802725 0.000774179 -0.00434736
171.434 0.577836 6.78618 -0.0871502 2.38001 -0.000356418 -0.00315994 0.0797992 -0.996806 0.0396547 -0.00417307 0.00741283 -0.000461696 6.4627e-05 0.0103742 0.0397656 0.00219029 0.00766531 -0.000461696 6.4627e-05 0.0103742
172.41 0.605634 6.82913 -0.0969948 2.40155 -0.000291684 -0.00321652 0.0747362 -0.997198 0.0415244 -0.00431999 0.00435726 5.25864e-05 0.000789362 0.0125611 0.0418202 0.00200632 0.00463259 2.05553e-05 0.00067028 0.0123174
173.052 0.613414 6.85622 -0.104128 2.40383 -0.000308231 -0.00348848 0.0708923 -0.997478 0.0431826 -0.00492464 0.000792153 -0.000115733 -0.000721829 0.0132313 0.0434384 0.00123223 0.00109623 -0.000115733 -0.000721829 0.0132313
173.696 0.61364 6.88724 -0.110584 2.3982 -0.000314224 -0.00347925 0.0671541 -0.997737 0.0452056 -0.00537413 0.000540976 -7.1714e-05 -0.000408091 0.00999733 0.0455132 0.000732273 0.000858787 -7.1714e-05 -0.000408091 0.00999733
174.294 0.596353 6.91778 -0.115383 2.37331 -3.67548e-05 -0.00324789 0.0628552 -0.998017 0.0457023 -0.00369588 -0.00962775 0.000587435 0.000687273 0.0235448 0.0458664 0.00207042 -0.0093297 0.000587435 0.000687273 0.0235448
175.038 0.588979 6.95456 -0.118204 2.35426 -0.000769792 -0.00322236 0.0553188 -0.998463 0.0459815 -0.00483037 -0.0111234 -0.000885684 3.15359e-05 0.00253295 0.0462508 0.000461958 -0.0108238 -0.000494386 6.85061e-05 0.005582
175.57 0.590733 6.97905 -0.122346 2.35501 -0.000434982 -0.00325765 0.0576848 -0.998329 0.045721 -0.00620831 -0.0084651 -0.00390956 0.00173289 -0.0157662 0.0462192 -0.000903501 -0.0084636 -0.00381455 0.00162034 -0.0158454
176.56 0.603074 7.02714 -0.137012 2.35254 -0.000568249 -0.00311503 0.0595369 -0.998221 0.0468912 -0.00772242 -0.0106506 0.000439518 -0.000321763 -0.00535777 0.0476026 -0.00191091 -0.0104151 0.00089276 -0.000542511 -0.00404891
177.132 0.60882 7.05374 -0.143514 2.34542 -0.000399142 -0.00321926 0.0638699 -0.997953 0.0470538 -0.00939753 -0.0114971 -0.000726759 -0.000235025 -0.0239406 0.0479413 -0.00332683 -0.0111855 -0.000726759 -0.000235025 -0.0239406
177.748 0.61293 7.08228 -0.148106 2.34086 -0.000164145 -0.00331772 0.0703594 -0.997516 0.0480812 -0.00858961 -0.0160752 -0.000884543 -3.61976e-05 -0.0186508 0.0489166 -0.00175314 -0.0157508 -0.000884543 -3.61976e-05 -0.0186508
178.306 0.627788 7.10572 -0.151084 2.34605 -0.000227751 -0.00337202 0.0729172 -0.997332 0.0480431 -0.00733634 -0.0167318 0.000232385 0.000169459 -0.00347815 0.0488301 -0.000386003 -0.0156945 0.000246199 0.000217136 -0.00389097
178.95 0.629713 7.13614 -0.153451 2.33258 -0.000323637 -0.00342681 0.0729476 -0.99733 0.0491603 -0.00627008 -0.0178323 0.000630815 -0.000699427 0.00303049 0.0495636 0.000891641 -0.0176219 0.000659809 -0.000763198 0.00295797
179.54 0.630967 7.16419 -0.156224 2.32195 -0.000261116 -0.00204457 0.0720053 -0.997402 0.0483315 -0.00618136 0.0010167 0.000457051 -0.0421732 0.00289254 0.0487136 0.000825191 0.00121703 0.000457051 -0.0421732 0.00289254
180.144 0.652374 7.18517 -0.159555 2.33343 -0.000173881 -0.000719843 0.0712214 -0.99746 0.0273322 -0.00341865 -0.0108082 7.59663e-05 0.00261913 0.00160587 0.0281785 0.000489337 -0.00996211 5.53043e-05 0.00372285 0.00167019
180.718 0.661355 7.19762 -0.161689 2.33301 -0.000200328 -0.000949194 0.0707516 -0.997494 0.0211274 -0.00241734 -0.0135749 6.84952e-05 0.000409137 0.00161454 0.0212832 0.000585376 -0.0135342 6.84952e-05 0.000409137 0.00161454
181.272 0.662567 7.20645 -0.164881 2.32805 -0.000167992 -0.00102259 0.0702387 -0.99753 0.01786 -0.00277457 -0.00822328 -0.000527244 5.3685e-05 0.00183732 0.0180895 -0.000246037 -0.00818592 -0.000527244 5.3685e-05 0.00183732
181.882 0.670175 7.21774 -0.170506 2.33009 -8.95292e-05 -0.000943043 0.0697274 -0.997566 0.0166957 -0.0031519 -0.00973466 0.000115843 -0.000523725 0.00215483 0.0169818 -0.000830473 -0.00962562 9.40966e-05 -0.000546823 0.00214946
182.444 0.679302 7.22735 -0.173665 2.33466 -9.73972e-05 -0.000843002 0.0692354 -0.9976 0.0153722 -0.00301217 -0.0130628 -0.000385993 0.000133275 0.00252124 0.015663 -0.000860814 -0.0130362 -0.000385993 0.000133275 0.00252124
183.098 0.67135 7.23596 -0.177329 2.31434 -4.8653e-05 -0.000792435 0.0684759 -0.997652 0.0138182 -0.00319503 0.00516259 -7.50794e-05 8.3617e-05 0.00174315 0.0142128 -0.00121813 0.00443548 -9.31768e-05 -4.87543e-05 0.00178149
184.102 0.683678 7.24468 -0.179754 2.3262 -4.0526e-05 -0.000844055 0.0675548 -0.997715 0.010563 -0.00246208 -0.00486443 5.41073e-05 0.000113883 0.0019043 0.0108677 -0.00104713 -0.00434532 4.17573e-05 0.000109648 0.0019166
184.648 0.683383 7.25363 -0.181063 2.31885 -0.00029796 -0.00447572 0.0672318 -0.997727 0.0278641 -0.00473158 -0.0221746 6.31445e-06 -0.00919165 0.000132684 0.0270132 -0.000981963 -0.0218416 -7.18035e-05 -0.008301 0.000274422
185.55 0.672869 7.28619 -0.185747 2.27498 -0.000225829 -0.00346991 0.06731 -0.997726 0.0397042 -0.00592269 -0.0219875 0.000259395 -0.000671381 -0.000823982 0.0400449 -0.00059232 -0.0218095 0.000276626 -0.000736235 -0.00079358
186.15 0.669799 7.3131 -0.187863 2.25105 -0.000262304 -0.00338477 0.0674699 -0.997715 0.0415193 -0.00546905 -0.0213107 0.000146449 0.000625477 -0.000608395 0.0418973 9.77846e-05 -0.021022 0.000161671 0.000665428 -0.000669389
187.144 0.695844 7.36148 -0.191391 2.24009 -0.000348375 -0.00338611 0.0673888 -0.997721 0.0442018 -0.00479593 -0.0219454 0.000279428 -0.000352432 -0.000502996 0.0445935 0.00118633 -0.0216428 0.000279428 -0.000352432 -0.000502996
187.774 0.715762 7.38819 -0.195665 2.23601 -0.000130375 -0.000166267 0.0675328 -0.997717 0.0260997 -0.00291376 -3.20018e-05 -0.000596337 0.00598285 -0.000518544 0.0270787 0.000676452 -0.000703077 -0.000690025 0.007231 -0.000551896
188.698 0.729574 7.40931 -0.199371 2.23492 -0.000180105 -0.000644963 0.0674721 -0.997721 0.0179362 -0.00172963 0.00316581 -0.000244538 0.000201847 -0.00104363 0.018109 0.000725774 0.00515198 -0.000168782 -8.0903e-05 -0.00104378
189.63 0.741391 7.43423 -0.207339 2.21853 -0.000298908 -0.00365183 0.0676619 -0.997702 0.0429237 -0.0060631 -0.0239856 -0.000318396 -0.000287289 0.000324615 0.0435239 -0.0002147 -0.0236673 -0.000318396 -0.000287289 0.000324615
190.4 0.74779 7.46501 -0.211678 2.18929 -0.00034631 -0.00325692 0.0674355 -0.997718 0.047943 -0.00588351 -0.010533 8.89044e-05 -0.0284709 0.000128283 0.0482482 0.000642087 -0.021862 0.000376821 -0.000529122 0.000217761
190.976 0.761121 7.48383 -0.214574 2.18539 -0.000135565 -5.38716e-05 0.0675947 -0.997713 0.0266739 -0.00290245 0.00622573 0.000127225 0.00619359 0.000439715 0.0277467 0.000718928 0.00609355 8.62815e-05 0.00674984 0.0004132
191.686 0.764561 7.49495 -0.217431 2.1665 -0.000160685 -0.000575205 0.0674359 -0.997723 0.0185635 -0.00208868 0.0209772 -2.61224e-05 0.000356988 0.000242885 0.0188056 0.0003982 0.0195533 -0.000251927 0.000449023 0.00029034
192.306 0.766655 7.50145 -0.220176 2.16243 -0.000149634 -0.000579126 0.0674304 -0.997724 0.0164713 -0.00224103 0.027727 -0.000243813 -0.000292374 8.32745e-05 0.0166244 4.53615e-05 0.0272785 -0.000115007 -0.000192472 7.62659e-05
192.85 0.777796 7.50833 -0.223718 2.17443 -9.91014e-05 -0.000444629 0.0672983 -0.997733 0.0162218 -0.00268433 0.020295 -0.00015954 -0.000669317 -0.000207988 0.0164171 -0.000478759 0.0203098 -0.00015954 -0.000669317 -0.000207988
193.476 0.786481 7.51262 -0.227266 2.18069 -6.5935e-05 -0.000394492 0.0673886 -0.997727 0.0143608 -0.00263267 0.012615 -6.55327e-05 -0.000174842 -0.000306289 0.0145743 -0.000676663 0.0126267 -6.55327e-05 -0.000174842 -0.000306289
194.11 0.791783 7.5152 -0.230197 2.18578 -5.55897e-05 -0.000365916 0.067483 -0.99772 0.012791 -0.00277696 0.00758348 -0.000200537 -0.000247522 0.00056092 0.0131166 -0.000859553 0.00780781 2.64392e-05 -0.000206481 0.000557945
195.016 0.807483 7.52333 -0.234 2.20079 4.62308e-06 -0.000179887 0.0672934 -0.997733 0.012397 -0.00274192 -0.00828761 0.000100151 -0.000200526 -0.000235429 0.0127915 -0.00107273 -0.00782766 8.44684e-05 -0.000210848 -0.000232994
195.914 0.814481 7.52606 -0.234673 2.20839 4.08688e-06 -0.000180145 0.067276 -0.997734 0.0103174 -0.00224026 -0.0157008 5.06631e-05 -0.000423283 -0.00043369 0.0105304 -0.000834391 -0.0156971 5.06631e-05 -0.000423283 -0.00043369
196.792 0.810908 7.52935 -0.233855 2.19377 -3.73328e-05 -0.000112194 0.0671737 -0.997741 0.00895964 -0.00138964 -0.0042294 0.000136963 -2.59366e-05 -0.000353974 0.00906602 -0.000176368 -0.00422732 0.000136963 -2.59366e-05 -0.000353974
197.384 0.804964 7.53141 -0.233754 2.18126 -2.98799e-05 -0.000105448 0.0672011 -0.997739 0.00806059 -0.00128187 0.00951925 4.79053e-06 -0.000329833 -0.000593277 0.00815764 -0.000188944 0.009521 4.79053e-06 -0.000329833 -0.000593277
198.02 0.808836 7.53275 -0.232171 2.18881 -7.10813e-05 -0.000106639 0.067335 -0.99773 0.00683076 -0.000377579 0.00319043 0.000351809 0.000220268 0.000179002 0.00687973 0.000507161 0.00348247 0.00032479 0.000189482 0.000158225
198.9 0.81561 7.53375 -0.233443 2.20034 -5.50271e-05 -0.000124716 0.0673408 -0.99773 0.00540085 -0.000815815 -0.00682697 -0.000446028 8.20404e-05 0.000194953 0.00546324 -8.33074e-05 -0.00682556 -0.000446028 8.20404e-05 0.000194953
199.82 0.824772 7.53264 -0.23566 2.21407 -3.76056e-05 -0.000185204 0.0670757 -0.997748 0.00334962 -0.000801373 -0.0253115 -0.000175138 0.000402776 -0.000514827 0.00343622 -0.00034709 -0.0253102 -0.000175138 0.000402776 -0.000514827
200.682 0.82001 7.53103 -0.239294 2.20833 5.69416e-06 -0.000263591 0.0672171 -0.997738 0.00186206 -0.00118586 -0.0159589 -0.000466606 9.67575e-05 -0.00026252 0.00201267 -0.000924642 -0.0159579 -0.000466606 9.67575e-05 -0.00026252
201.266 0.820465 7.53192 -0.241611 2.20643 3.03968e-05 -0.000271137 0.0671604 -0.997742 0.00151728 -0.00117242 -0.0141561 3.35872e-05 -3.47255e-05 -0.000196484 0.00166832 -0.000957132 -0.0141553 3.35872e-05 -3.47255e-05 -0.000196484
202.082 0.823522 7.53645 -0.242091 2.20686 -8.51394e-06 -0.000238594 0.0671304 -0.997744 0.00163847 -0.000694452 -0.0142286 -6.00353e-05 0.000159294 -0.000271151 0.00172352 -0.000468492 -0.0142278 -6.00353e-05 0.000159294 -0.000271151
202.682 0.818314 7.53868 -0.242732 2.18635 -3.34355e-07 -0.000238052 0.0672324 -0.997737 0.00112923 -0.000479528 0.00238557 2.14094e-06 0.000216631 0.000131526 0.00125273 -0.000329721 0.000346029 1.04492e-05 0.000111681 8.25222e-05
203.418 0.817746 7.5418 -0.242425 2.18554 -3.40962e-05 -0.00026039 0.067247 -0.997736 0.000855953 2.77575e-05 0.00715671 0.000185134 0.00029674 0.000355567 0.000840735 0.000142603 0.00715715 0.000185134 0.00029674 0.000355567
203.972 0.820346 7.54278 -0.242745 2.18978 -3.46639e-05 -0.000300718 0.0671173 -0.997745 0.000378395 2.08556e-05 0.00295361 0.000186533 -4.93569e-05 0.000136798 0.000370407 7.14319e-05 0.00295384 0.000186533 -4.93569e-05 0.000136798
204.544 0.825448 7.54684 -0.245001 2.1925 2.54761e-05 -0.000252124 0.0671668 -0.997742 0.00119274 -0.000706588 -0.000467101 1.61462e-05 -0.000603971 9.61026e-05 0.00127691 -0.00054031 -0.000466509 1.61462e-05 -0.000603971 9.61026e-05
205.086 0.828824 7.54945 -0.245153 2.1932 -9.28064e-06 -0.000256567 0.0671499 -0.997743 0.00063446 -0.000348319 -0.00165957 -0.00020153 0.000279344 0.000206524 0.000676264 -0.000260136 -0.00165923 -0.00020153 0.000279344 0.000206524
