49.43 0.592612 0.0978881 0.0133808 0.557859 0.000577553 -0.00675614 -0.00430446 -0.999968 0.0838451 0.00655577 -0.0112801 -0.00720725 0.00273692 0.0287744 0.0835484 0.00552002 -0.00017943 -0.00118703 0.00139318 0.0288506
49.748 0.562708 0.124602 0.0158068 0.537543 0.00120887 -0.00643247 -0.00946934 -0.999934 0.08694 0.0100562 -0.0246731 0.000595897 -0.00334351 0.0368761 0.0875523 0.00833048 -0.0242942 -0.000102479 -0.00451359 0.0357081
50.066 0.537837 0.149296 0.017217 0.520007 0.00100834 -0.00627252 -0.0155706 -0.999859 0.0844605 0.0107183 -0.0197965 -9.39267e-05 0.00197665 0.0447732 0.0849955 0.00811821 -0.0187145 -9.39267e-05 0.00197665 0.0447732
50.412 0.509852 0.176862 0.0179924 0.506152 0.00102674 -0.00634912 -0.0231364 -0.999712 0.0838325 0.00924413 -0.0135009 -0.0012895 -0.000183808 0.0468268 0.0843355 0.00537882 -0.0124178 -0.0012895 -0.000183808 0.0468268
50.77 0.492204 0.204355 0.0210879 0.497365 -6.80661e-05 0.00270561 -0.0332418 -0.999444 0.0520723 0.00493625 0.0153292 -0.00189806 0.013921 0.0561185 0.056235 0.00187212 0.0145767 -0.00165111 0.00474212 0.0548051
51.35 0.462939 0.222387 0.0244285 0.475288 0.000793305 -0.00309966 -0.0494342 -0.998772 0.0222218 0.00179915 0.0547699 -0.0103842 0.0721871 0.0642718 0.0214491 -0.000627622 0.0538377 -0.0113727 0.0731359 0.0644956
51.806 0.464883 0.238499 0.0306521 0.482313 0.000103583 -0.00591371 -0.0627708 -0.99801 0.044645 0.00756955 0.0555574 0.0022482 -0.00582542 0.0376702 0.044582 0.00194595 0.0560871 0.0022482 -0.00582542 0.0376702
52.248 0.45936 0.263082 0.0345834 0.487529 0.000298825 -0.00543244 -0.0667053 -0.997758 0.0552268 0.00549527 0.0627231 -0.00273942 -0.00223431 0.00588775 0.0547811 -0.00189709 0.0633232 -0.00273942 -0.00223431 0.00588775
52.648 0.475607 0.28735 0.036696 0.519602 0.000123465 -0.00432656 -0.06733 -0.997721 0.0583845 0.00466188 0.0698262 0.00541171 -0.0149985 -0.00403246 0.0579343 -0.00360298 0.0702454 0.00613538 -0.0162244 -0.00172493
52.984 0.500073 0.308178 0.0423661 0.548127 -0.000318527 -0.00402118 -0.0654452 -0.997848 0.0563765 0.0051284 0.0722884 0.000774574 0.00219592 -0.0245231 0.0559845 -0.00219465 0.0727402 0.000774574 0.00219592 -0.0245231
53.426 0.521346 0.336229 0.047644 0.583363 -0.000121042 -0.00463838 -0.0583488 -0.998285 0.0560013 0.00389831 0.0788902 -0.000115091 0.000585955 -0.0369412 0.0553422 -0.00259041 0.0794074 -0.000115091 0.000585955 -0.0369412
53.784 0.539481 0.36 0.0521676 0.609948 0.000431476 -0.00647573 -0.0525136 -0.998599 0.0607025 0.00559758 0.0670812 -0.00357179 0.0167138 -0.02891 0.060079 -0.000812295 0.0678665 -0.00357179 0.0167138 -0.02891
54.434 0.554229 0.408433 0.0563029 0.637879 0.000534851 -0.00640859 -0.0498893 -0.998734 0.0753023 0.00748148 0.0721451 -0.000445293 -0.000333123 -0.000468714 0.0747393 -9.12667e-05 0.0731119 -0.000445293 -0.000333123 -0.000468714
54.824 0.563591 0.441401 0.0588794 0.655565 -0.00020834 -0.00697906 -0.050324 -0.998709 0.0803133 0.00619705 0.0509992 0.0088918 0.00200844 -0.00411387 0.0793418 -0.00154959 0.0527338 0.011543 0.00401048 -0.00149767
55.216 0.586859 0.478006 0.061679 0.688315 -0.000368858 -0.00716737 -0.047516 -0.998845 0.0850114 0.00124917 0.0576751 -0.00213963 0.000324156 -0.0296064 0.0839136 -0.00674371 0.0588892 -0.00213963 0.000324156 -0.0296064
55.616 0.614762 0.515261 0.0626196 0.717308 -2.70579e-05 -0.00744307 -0.0416335 -0.999105 0.0901982 -0.00121816 0.0587176 -0.00109929 0.000845692 -0.0399755 0.088901 -0.00867814 0.0600521 -0.00109929 0.000845692 -0.0399755
56.008 0.629551 0.556036 0.0645866 0.733372 0.00103563 -0.00930201 -0.0358243 -0.999314 0.102553 0.00196114 0.0383241 0.000381444 -0.00300986 -0.0228228 0.100291 -0.00587105 0.0393852 -0.000400243 -0.00031771 -0.0252268
56.486 0.662059 0.611695 0.0718202 0.762803 0.000665652 -0.00875415 -0.0334508 -0.999402 0.115574 0.00721727 0.0402759 0.00194934 -0.00213313 -0.00265628 0.115073 -0.000557689 0.0423007 0.00194934 -0.00213313 -0.00265628
56.912 0.681227 0.66231 0.0791703 0.783079 0.00089847 -0.00971296 -0.0335524 -0.999389 0.120567 0.00904548 0.00282473 -9.11621e-05 0.00401333 0.00420107 0.120825 0.000934065 0.00517976 -9.11621e-05 0.00401333 0.00420107
57.474 0.695872 0.72732 0.0926286 0.791469 0.000533378 -0.0101133 -0.0352586 -0.999327 0.125704 0.0145575 0.00353694 0.00229644 0.0014928 0.0118035 0.126167 0.00556541 0.00608209 0.00238096 0.00149455 0.0117127
57.88 0.689396 0.773504 0.0985241 0.787089 -0.000159876 -0.0106758 -0.0367888 -0.999266 0.128039 0.0114819 -0.00443584 0.00201262 0.000944896 0.00614277 0.128084 0.00277654 -0.00175069 0.00392819 0.00180867 0.00737614
58.32 0.688299 0.839019 0.105085 0.787719 3.59941e-05 -0.0103728 -0.0362707 -0.999288 0.136837 0.00975725 -0.00262475 0.0010173 -0.00318652 -0.00394064 0.137209 -0.000189604 0.000220247 0.0010173 -0.00318652 -0.00394064
58.748 0.697568 0.901096 0.112092 0.796652 1.19638e-05 -0.0102971 -0.0352992 -0.999324 0.139101 0.010953 -0.00303922 -0.000352031 0.00234578 -0.0128901 0.139561 0.00110984 -0.000167723 -0.000352031 0.00234578 -0.0128901
59.224 0.705912 0.968352 0.122964 0.806662 -0.000220445 -0.0107622 -0.0329035 -0.999401 0.142319 0.0145824 -0.00180697 0.00181358 -0.000604828 -0.011002 0.142614 0.00500763 0.00103081 0.00186025 -3.05152e-05 -0.0109449
59.974 0.720496 1.08266 0.126819 0.821095 -4.11166e-05 -0.0107834 -0.0301838 -0.999486 0.14932 0.00946429 -0.00129585 -0.00168087 0.00128068 -0.00990094 0.149612 0.000436778 0.00192892 -0.00168087 0.00128068 -0.00990094
60.39 0.719747 1.14535 0.130167 0.817136 3.95667e-05 -0.0113191 -0.0286837 -0.999525 0.151546 0.0106744 -0.000440401 0.000955656 0.000851828 -0.00782589 0.151879 0.00196677 0.00299625 0.000955656 0.000851828 -0.00782589
60.834 0.705793 1.20871 0.13245 0.802691 0.000574423 -0.0111603 -0.027953 -0.999547 0.152516 0.0107391 0.00641071 -0.00299623 0.000740124 -0.00283358 0.152738 0.00202892 0.00975705 -0.00440641 -0.000118313 -0.00380739
61.308 0.698653 1.286 0.135504 0.798299 0.000534927 -0.0111437 -0.0280534 -0.999544 0.153396 0.0120894 0.00757854 -0.000510178 -0.000117785 0.0109429 0.153625 0.00346252 0.0110098 -0.000510178 -0.000117785 0.0109429
61.75 0.706632 1.35264 0.136779 0.809633 0.000539816 -0.0111558 -0.030746 -0.999465 0.154311 0.0105542 0.0225653 -0.000498717 0.000282437 0.0130079 0.1536 0.00119244 0.0255499 -0.00037059 -0.000370993 0.0132948
62.176 0.720771 1.42142 0.140939 0.822063 0.000575183 -0.0113093 -0.032361 -0.999412 0.156256 0.0108167 0.0212845 0.000354417 0.00177168 0.0116625 0.156107 0.00065772 0.0247891 0.000210558 0.00161214 0.0117205
62.6 0.733235 1.49057 0.145437 0.833845 0.000573761 -0.0118406 -0.0340587 -0.99935 0.158732 0.00988755 0.0217786 -0.00174422 -0.000682195 0.00877428 0.158476 -0.000950342 0.0255421 -0.00174422 -0.000682195 0.00877428
63.014 0.742365 1.56016 0.14922 0.844025 -0.00147248 -0.0109593 -0.0343066 -0.99935 0.15782 0.0027523 0.000500593 0.00113296 -0.00123727 -0.0150394 0.157589 -0.00806876 0.00396734 0.00113296 -0.00123727 -0.0150394
63.462 0.743558 1.63071 0.152568 0.841378 -0.000941639 -0.0114993 -0.0283561 -0.999531 0.159011 -0.00237169 0.0021888 -0.00133331 -0.000891653 -0.0475749 0.158529 -0.0113726 0.00585496 -0.00133331 -0.000891653 -0.0475749
63.91 0.740823 1.70344 0.153827 0.839341 0.00146361 -0.0116702 -0.0196152 -0.999738 0.162852 -0.00245815 0.00276728 -0.0246851 0.00199149 -0.0437508 0.162521 -0.00885572 0.0065489 -0.0246851 0.00199149 -0.0437508
64.934 0.720614 1.8699 0.167036 0.820741 0.000621999 -0.0123452 -0.0238235 -0.99964 0.163835 0.012402 0.0119169 0.013685 0.00969381 0.0321182 0.163786 0.00488844 0.0156411 0.0160755 0.00967986 0.0334212
65.356 0.729663 1.93795 0.177362 0.830977 0.000112074 -0.0123477 -0.0278556 -0.999536 0.166378 0.00861564 0.010579 -0.00161793 -0.00145503 0.00977988 0.166288 -0.000658094 0.0146894 -0.00161793 -0.00145503 0.00977988
65.802 0.747002 2.01226 0.184134 0.847799 0.000433618 -0.0126841 -0.0279971 -0.999527 0.167141 0.00606948 0.00905179 -0.000799946 1.03883e-05 -0.00112371 0.166883 -0.00328739 0.0133818 -0.00090453 0.000254671 -0.000574492
66.288 0.761485 2.09665 0.189675 0.856902 0.000628376 -0.0130272 -0.0269055 -0.999553 0.170949 0.00487193 0.00775782 -0.00102016 -0.00103265 -0.00345981 0.170444 -0.00428399 0.0121377 -0.000999674 -0.000814619 -0.00363395
66.692 0.764495 2.1681 0.20031 0.867692 -0.000430826 -0.0122961 -0.0257706 -0.999592 0.173385 0.00648685 0.0364876 0.0054971 -0.0031769 -0.00628247 0.17254 -0.00239821 0.0407411 0.0054971 -0.0031769 -0.00628247
67.172 0.791915 2.25433 0.20948 0.895891 -0.000390155 -0.0124869 -0.022213 -0.999675 0.174912 0.0034648 0.0348309 -0.000867234 -0.000207594 -0.0210286 0.17397 -0.00425857 0.0391891 -0.000867234 -0.000207594 -0.0210286
67.592 0.806875 2.33298 0.216506 0.908204 -0.000349898 -0.0129652 -0.0177766 -0.999758 0.178501 0.00301383 0.0374425 -0.0002918 -0.000368389 -0.0239375 0.177465 -0.00328775 0.0420589 -0.0002918 -0.000368389 -0.0239375
68.038 0.756393 2.42033 0.219303 0.927542 7.84425e-05 -0.0131424 -0.0126701 -0.999833 0.183643 0.00255953 0.0492581 -0.000284362 -0.000484823 -0.0167883 0.181842 -0.00214712 0.0539481 -0.000245054 0.00011883 -0.0177147
68.48 0.709315 2.49844 0.221746 0.95248 0.000184173 -0.0122809 -0.0103668 -0.999871 0.183182 0.00282387 0.0466585 0.000655155 0.000442772 -0.0109021 0.182295 -0.00111377 0.0511161 0.000479753 -7.06829e-05 -0.0109963
68.962 0.670084 2.57902 0.225303 0.982762 -7.31544e-05 -0.0118307 -0.00808499 -0.999897 0.179034 0.00281226 0.0283017 0.00348972 0.00175019 -0.00903759 0.178336 -7.29134e-05 0.0325299 0.00348972 0.00175019 -0.00903759
69.868 0.611999 2.74039 0.229497 1.0252 -8.01831e-05 -0.0114993 -0.00252426 -0.999931 0.174733 0.000299243 0.0271327 -0.000272721 0.000513117 -0.00986696 0.173964 -0.000511367 0.0309632 -0.000221536 0.000637608 -0.00989467
70.276 0.578892 2.80801 0.231002 1.04093 0.000110105 -0.0105217 -0.0002831 -0.999945 0.172868 0.000182926 0.0210916 -0.000908976 -0.000535318 -0.00660765 0.172386 8.01342e-05 0.0247244 -0.000908976 -0.000535318 -0.00660765
70.722 0.537533 2.88317 0.233403 1.04511 6.357e-05 -0.0101422 0.000470991 -0.999949 0.167427 0.000747671 0.0195328 0.000358311 0.00173972 -0.00703329 0.167391 0.000851084 0.0228837 0.000464179 0.00121808 -0.00691412
71.178 0.504311 2.95125 0.237101 1.05784 3.00379e-05 -0.00970884 0.00199966 -0.999951 0.160044 0.00150816 0.019825 0.000454286 0.00242993 -0.00566202 0.159621 0.00214613 0.0229288 0.000454286 0.00242993 -0.00566202
71.592 0.483738 3.00766 0.239151 1.07071 1.09519e-05 -0.00938224 0.00286759 -0.999952 0.155529 0.0013104 0.017507 8.17053e-05 -0.00089438 -0.00392095 0.155163 0.00220097 0.0204222 8.17053e-05 -0.00089438 -0.00392095
72.018 0.469175 3.06239 0.240403 1.07426 0.000130568 -0.000331882 0.00366909 -0.999993 0.11779 0.00142545 -0.00450071 2.4505e-05 0.0148906 -0.00405787 0.121069 0.00228432 -0.00453639 4.68862e-05 0.0117786 -0.00409353
72.482 0.460898 3.10373 0.242726 1.07631 7.36868e-05 -0.0024747 0.00470039 -0.999986 0.0941223 0.00213887 -0.00444646 0.000305893 0.0019931 -0.00250398 0.0954036 0.00302903 -0.00343163 0.000328516 0.00240607 -0.00252236
72.892 0.456667 3.13363 0.244778 1.07375 -0.000401495 -0.000128866 0.00820485 -0.999966 0.0744056 0.00102942 -0.000745564 0.000361222 0.00112313 -0.0456915 0.0743789 0.00224962 -0.000727707 0.000361222 0.00112313 -0.0456915
73.324 0.453682 3.15457 0.24719 1.06853 -2.27351e-05 -0.00345033 0.0222462 -0.999747 0.0608875 0.000466803 0.00628853 -0.00895717 0.118912 -0.0834582 0.0607616 0.00317401 0.00670828 -0.00895717 0.118912 -0.0834582
73.746 0.451649 3.17926 0.250123 1.07639 0.000760794 -0.00993783 0.0328234 -0.999411 0.102265 0.0034871 0.0027484 0.00236273 -0.0198437 -0.0175539 0.0965282 0.00909198 0.00537574 0.000885774 -0.022351 -0.0313553
74.15 0.451122 3.20906 0.252301 1.08023 0.000413054 -0.0083024 0.0325699 -0.999435 0.114498 0.0045123 0.00114903 0.00124144 -0.00169888 0.018217 0.113263 0.0119953 0.0030589 0.00150366 -0.0020276 0.0166411
74.564 0.447851 3.24615 0.253638 1.08269 0.000260455 -0.00802018 0.0277222 -0.999583 0.118557 0.00363927 0.00132505 9.34241e-05 -0.000225302 0.0295973 0.118137 0.0102025 0.00322778 9.34241e-05 -0.000225302 0.0295973
75.006 0.447851 3.29326 0.25434 1.08203 0.000157376 -0.00673938 0.0222834 -0.999729 0.120658 0.00275066 0.00149451 0.00527298 -0.0704456 0.0284485 0.120862 0.00827824 0.00343008 0.00364809 -0.0453087 0.0286
75.406 0.451594 3.32912 0.254652 1.07871 -1.39577e-05 -0.000181507 0.0172582 -0.999851 0.0865608 0.00204049 0.00443991 -0.000585871 0.0186446 0.0243681 0.0864372 0.0050267 0.00447122 -0.000585871 0.0186446 0.0243681
75.834 0.455062 3.35593 0.25599 1.0654 -3.32842e-05 -0.00181638 0.0132312 -0.999911 0.0689161 0.00238894 0.0118226 0.00011112 0.00244922 0.0215437 0.0687853 0.00421185 0.0120725 0.00011112 0.00244922 0.0215437
76.29 0.462105 3.38151 0.25416 1.06618 1.22088e-05 -0.00211512 0.00847497 -0.999962 0.0583383 0.00150858 0.0178924 -0.000388908 0.00136283 0.0207303 0.0589287 0.00257098 0.01858 -0.000529975 0.00144496 0.0208283
77.164 0.478872 3.43672 0.254747 1.08854 -0.000108992 -0.0087959 -0.00774743 -0.999931 0.0947097 0.00353192 0.0107279 -0.000444302 -0.00744365 0.0245694 0.0933938 0.00211622 0.0126295 -0.000480137 -0.00849585 0.0257042
77.622 0.491225 3.47745 0.256108 1.09754 -6.01936e-05 -0.00869842 -0.0106116 -0.999906 0.102886 0.00378968 0.00959797 -0.000807226 -0.000186054 0.00638174 0.10276 0.00160849 0.0113866 -0.000807226 -0.000186054 0.00638174
78.03 0.511092 3.51927 0.256059 1.09876 -4.64537e-05 -0.00522765 -0.0111172 -0.999925 0.106351 0.00396257 0.000478086 0.000958091 -0.097885 0.00323836 0.106402 0.00159727 0.00159011 0.000958091 -0.097885 0.00323836
78.486 0.53289 3.56637 0.256962 1.09683 -0.000170139 -0.000694371 -0.0111838 -0.999937 0.0684591 0.00335643 0.00215914 -2.68353e-05 0.0127356 0.004653 0.068514 0.00182521 0.00225337 -2.68353e-05 0.0127356 0.004653
78.886 0.55141 3.59765 0.257011 1.08645 -0.000196414 -0.001711 -0.0120697 -0.999926 0.0556263 0.00304894 0.0120027 0.000263553 0.000990036 0.00501438 0.0562754 0.0018208 0.010361 0.000242391 0.00110578 0.00519515
79.316 0.569524 3.62661 0.256093 1.08754 -0.000686814 -0.0017811 -0.0105165 -0.999943 0.044355 0.00161008 0.0428742 0.0076053 0.10996 -0.0368434 0.0442267 0.000737459 0.0430304 0.0076053 0.10996 -0.0368434
80.116 0.615629 3.69325 0.253928 1.13705 -0.000322616 -0.00896422 0.00254698 -0.999957 0.10479 0.000567259 0.0447983 0.000636385 -0.00218615 -0.023398 0.103966 0.00112849 0.0466691 0.000636385 -0.00218615 -0.023398
80.994 0.682454 3.79358 0.250528 1.18123 0.000504571 -0.00897165 0.0068798 -0.999936 0.12074 0.00329051 0.0434529 0.000835993 0.000366838 0.00936942 0.119734 0.00464215 0.0457781 0.000766366 0.000197559 0.00815734
81.422 0.718965 3.84117 0.250222 1.19593 0.000330322 -0.0102639 0.00400374 -0.999939 0.125549 0.00506721 0.0480861 0.000659815 0.000949812 0.0209648 0.124491 0.00603574 0.0506563 0.000659815 0.000949812 0.0209648
81.872 0.761386 3.90357 0.250192 1.22459 0.000109471 -0.0107269 -0.000509471 -0.999942 0.134103 0.00535014 0.0531358 0.00132776 -0.000300617 0.0203784 0.131771 0.00548346 0.0561977 0.00215804 0.000587557 0.0212969
82.272 0.811156 3.96115 0.248838 1.24793 0.000139675 -0.0114426 -0.00341769 -0.999929 0.141012 0.00420438 0.0564835 -0.000653161 0.000388824 0.0154224 0.139708 0.00322867 0.0596969 -0.000653161 0.000388824 0.0154224
82.738 0.871438 4.03251 0.246388 1.26902 0.000258032 -0.0121843 -0.00591864 -0.999908 0.149828 0.00338178 0.0604581 -0.000500667 -0.0012707 0.0116852 0.14834 0.00158473 0.0640927 -0.000500667 -0.0012707 0.0116852
83.144 0.930848 4.10201 0.246196 1.29732 0.000883295 -0.0126237 -0.00830997 -0.999885 0.156891 0.00557294 0.0701261 5.8116e-05 -1.13406e-05 0.0145047 0.155141 0.00285228 0.074073 5.8116e-05 -1.13406e-05 0.0145047
83.596 0.997272 4.18125 0.248227 1.33967 0.000726394 -0.0136899 -0.0119976 -0.999834 0.16608 0.00848391 0.0740092 0.0010464 -0.000536419 0.0188686 0.164146 0.00441049 0.0785401 0.0010464 -0.000536419 0.0188686
84.024 1.0648 4.26188 0.253412 1.37884 0.000903316 -0.0150869 -0.0157005 -0.999763 0.177009 0.0109125 0.05008 -0.00164768 0.0018911 0.0181389 0.175672 0.00527856 0.0554167 -0.00164768 0.0018911 0.0181389
84.468 1.13294 4.35443 0.258092 1.41148 0.000928871 -0.0159461 -0.0197315 -0.999678 0.190469 0.0131595 0.0520253 -0.000207129 -0.00146582 0.0202287 0.189082 0.00556568 0.058097 -0.000207129 -0.00146582 0.0202287
85.324 1.25107 4.53483 0.269359 1.44046 -0.000531846 0.00226296 -0.0215009 -0.999766 0.142562 0.00418925 0.0405953 0.0181059 0.101454 -0.0347894 0.142794 -0.00190476 0.0399481 0.0181059 0.101454 -0.0347894
86.292 1.23165 4.71887 0.270955 1.50556 0.00145472 -0.0188996 -0.00376565 -0.999813 0.211152 0.00788883 0.0894588 0.00478532 -0.00500825 -0.00642155 0.206225 0.00515169 0.0978927 0.00518382 -0.0058331 -0.0100664
86.772 1.22637 4.82993 0.274696 1.54513 0.000702241 -0.0167676 -0.00530806 -0.999845 0.221875 0.0127565 0.0219127 0.0118104 -0.120176 0.0174367 0.219879 0.0102868 0.0620727 0.00681043 -0.0581815 0.016878
87.238 1.22693 4.93105 0.27837 1.55313 -0.000435066 0.00131099 -0.00980201 -0.999951 0.134779 0.00816507 -0.00416243 0.00084663 0.0149971 0.018704 0.134902 0.00551774 -0.00452195 0.00084663 0.0149971 0.018704
87.674 1.22553 4.99164 0.279732 1.56334 -0.000693332 0.00070313 -0.00872039 -0.999961 0.0884528 0.00459386 -0.00527863 -0.00125325 0.00100122 -0.033551 0.0911411 0.00315236 -0.00525771 -0.000896159 0.00159636 -0.0285771
88.63 1.22538 5.06883 0.277629 1.56386 -0.000436962 0.00164268 0.0206811 -0.999785 0.0503914 0.00304814 -0.00611059 0.000352604 -0.00406404 -0.08431 0.050202 0.00512356 -0.00627944 0.000352604 -0.00406404 -0.08431
89.506 1.23091 5.14544 0.26698 1.63209 -0.00271614 -0.0165386 0.0495105 -0.998633 0.178045 -0.0199702 0.107844 -0.000760485 -0.00619737 -0.049791 0.172802 -0.00176367 0.113565 -0.000452505 -0.00988893 -0.0510546
89.952 1.21853 5.21967 0.250883 1.68885 0.00156652 -0.0155916 0.0580164 -0.998193 0.20005 -0.0162868 0.131296 -0.00482347 -0.00280661 -0.0164726 0.19643 0.00633543 0.137474 -0.00482347 -0.00280661 -0.0164726
90.402 1.17921 5.29913 0.240181 1.75543 0.000700808 -0.0153168 0.0566277 -0.998278 0.207517 -0.00497268 0.126877 0.00334937 0.000879728 0.0256436 0.202781 0.018119 0.133181 0.00334937 0.000879728 0.0256436
90.88 1.07827 5.39626 0.232101 1.80011 -0.000583014 0.00208893 0.0489728 -0.998798 0.174653 -0.00182219 -0.0177686 0.00332623 -0.0737072 0.0375599 0.182117 0.0159727 -0.0182436 0.00539671 -0.0987829 0.0375085
91.334 1.04825 5.45392 0.226623 1.79571 -0.000442692 0.000425852 0.0413692 -0.999144 0.103739 -0.000189211 -0.00325875 -0.0026614 -0.00723264 0.0396253 0.103397 0.00838422 -0.00335067 -0.0026614 -0.00723264 0.0396253
91.93 0.974352 5.5082 0.218118 1.80464 -0.00383604 -0.0191489 0.0272935 -0.999437 0.102351 -0.00865407 0.101188 0.00359323 0.0225484 0.023534 0.0987003 -0.00237187 0.105082 0.00359323 0.0225484 0.023534
92.572 0.909646 5.57796 0.204784 1.84099 -0.0029602 -0.0142835 0.0344163 -0.999301 0.104485 -0.0133579 0.0955459 0.00932699 0.110662 -0.0536551 0.102365 -0.00565895 0.0985589 0.00932699 0.110662 -0.0536551
93.17 0.854918 5.64016 0.191074 1.8378 0.000124581 0.000338565 0.0497193 -0.998763 0.0934511 -0.0112389 0.00366452 0.00107548 0.020578 -0.0586097 0.0941078 -0.00190297 0.0035993 0.00107548 0.020578 -0.0586097
93.632 0.822352 5.67791 0.183345 1.84033 -0.000154556 -0.00176501 0.0623625 -0.998052 0.0793262 -0.00884023 0.0103543 0.00909686 0.0667791 -0.0570886 0.0797725 0.00110418 0.0106368 0.00909686 0.0667791 -0.0570886
94.742 0.736551 5.79236 0.157599 1.87146 -0.00132109 -0.00994827 0.0822361 -0.996562 0.167551 -0.0321959 0.0895713 0.00219455 -0.0170744 -0.0236151 0.168454 -0.00400741 0.0908316 0.00282152 -0.0239204 -0.023746
95.184 0.710914 5.8454 0.144075 1.90509 -0.00100312 -0.00854249 0.0872406 -0.99615 0.162372 -0.0345646 0.0735083 -0.000752403 0.0026022 -0.0245257 0.16462 -0.00577639 0.0763531 -0.000752403 0.0026022 -0.0245257
95.7 0.688628 5.91291 0.127496 1.95198 -0.000812719 -0.0086896 0.0933346 -0.995597 0.157794 -0.0356995 0.0712842 -6.63926e-05 0.0016766 -0.0223593 0.160411 -0.00574985 0.0740953 -6.63926e-05 0.0016766 -0.0223593
96.172 0.672202 5.96948 0.112991 1.98411 -0.000647976 -0.00861918 0.0981081 -0.995138 0.154966 -0.0367898 0.0666918 -0.000420915 0.00114665 -0.0183619 0.157991 -0.0058475 0.0694301 -0.000420915 0.00114665 -0.0183619
96.646 0.648369 6.02517 0.102757 1.99631 0.00112839 -0.00922538 0.099118 -0.995032 0.1559 -0.0290077 0.0116445 0.00345822 -0.000881205 0.015865 0.15855 0.00177468 0.0144767 0.00316381 -0.0012492 0.0124522
97.102 0.619177 6.08545 0.0949528 2.00265 0.000607536 -0.00901434 0.0927435 -0.995649 0.15341 -0.0247081 0.0124773 0.000675303 0.00232123 0.0356773 0.155213 0.00416392 0.0152401 0.000803347 0.00187193 0.0351549
97.718 0.59781 6.15799 0.0867445 2.02584 -0.000886628 -0.00876477 0.0853334 -0.996314 0.1475 -0.0295729 0.0431581 -0.00229969 0.00206456 0.00782735 0.149597 -0.00404771 0.0458017 -0.00229969 0.00206456 0.00782735
98.696 0.576202 6.27541 0.0722024 2.04765 0.000930281 0.00150711 0.0902577 -0.995917 0.11369 -0.0247135 -0.000558977 0.000573954 -0.0106512 -0.0171651 0.116278 -0.00387057 -0.000933685 0.000573954 -0.0106512 -0.0171651
99.344 0.56075 6.32325 0.0674201 2.0456 0.000558116 -0.0014529 0.0956684 -0.995412 0.0716692 -0.0155542 0.00323688 0.000190546 0.00284985 -0.0157455 0.0733105 -0.00162409 0.00343886 0.000190546 0.00284985 -0.0157455
99.78 0.558858 6.34378 0.0651783 2.05 0.00101005 0.000439236 0.0969816 -0.995286 0.0588259 -0.0127407 0.00100109 -0.00160668 -0.00793801 0.022975 0.06018 -0.00114667 0.000934477 -0.00160668 -0.00793801 0.022975
100.234 0.564163 6.36363 0.0634452 2.0598 -0.000381058 -0.0125588 0.0866123 -0.996163 0.0852745 -0.0158504 0.020871 0.00367755 -0.0103594 0.0462844 0.0817846 -0.000724137 0.0229834 0.00486222 0.00542445 0.0490348
100.748 0.573762 6.40259 0.058964 2.07332 -0.000177177 -0.00935294 0.0802449 -0.996731 0.115124 -0.0220958 0.018692 -0.000919665 -0.00333247 0.0133736 0.116807 -0.00341642 0.0208729 -0.000919665 -0.00333247 0.0133736
101.232 0.588463 6.44989 0.0538348 2.09154 -0.000305832 -0.00912666 0.0792087 -0.996816 0.12211 -0.0228534 0.0148376 0.00037913 -0.000523768 -0.00176054 0.123622 -0.00330761 0.0169418 0.000545826 -0.000690436 -0.000931381
101.726 0.612212 6.50624 0.0471227 2.11296 -0.000300049 -0.00940564 0.0804629 -0.996713 0.125584 -0.0232258 0.0143699 0.000233729 -0.000187152 -0.00625764 0.127391 -0.00279429 0.016765 0.000233729 -0.000187152 -0.00625764
102.352 0.617584 6.57384 0.0379294 2.11697 0.00067422 0.000776246 0.0822994 -0.996607 0.0838527 -0.015182 -0.00147451 0.000789286 0.0211779 -0.00664004 0.0852047 -0.00121927 -0.00161728 0.000789286 0.0211779 -0.00664004
102.788 0.620451 6.60431 0.0329016 2.11879 0.000482485 -0.00165806 0.083665 -0.996492 0.0601943 -0.0115424 -0.0018277 -0.000224046 0.00262698 -0.00592345 0.0612818 -0.00134166 -0.00163182 -0.000224046 0.00262698 -0.00592345
103.75 0.6201 6.69141 0.0217532 2.10128 -0.00030651 -0.0107239 0.0844064 -0.996374 0.115293 -0.0191073 -0.0361755 0.000865113 -0.00192088 0.00199835 0.116693 0.000544139 -0.0306232 0.000863221 -0.00161348 0.00192811
104.168 0.612935 6.74049 0.0139027 2.08511 -0.000328968 -0.0103991 0.0840927 -0.996404 0.120828 -0.0205041 -0.036778 -0.000562786 -0.000691318 0.00138494 0.123293 7.53327e-05 -0.0342234 -0.000562786 -0.000691318 0.00138494
104.64 0.626494 6.80533 0.00433376 2.07756 -0.000304235 -0.0103042 0.0839388 -0.996418 0.123682 -0.0207091 -0.037051 0.000338879 8.49969e-05 0.000699865 0.126024 0.000255619 -0.0344107 0.000161152 -1.61644e-05 0.000768205
105.288 0.651149 6.90298 -0.00895742 2.05413 -0.000127067 -0.0105856 0.083275 -0.99647 0.124932 -0.0185542 -0.0451178 0.00100058 0.00023526 0.00461544 0.12717 0.00229737 -0.0426799 0.000834017 0.000353282 0.00400823
106.14 0.674101 7.03613 -0.0254913 1.99351 -0.000356313 -0.0104677 0.0806406 -0.996688 0.132052 -0.0173141 -0.0663444 0.000929377 -0.000170424 0.00884081 0.134183 0.00415299 -0.0635629 0.000978489 -0.000450078 0.00885357
106.59 0.703313 7.10731 -0.034559 1.95996 -0.000217376 -0.0104191 0.0789927 -0.996821 0.137735 -0.0165581 -0.0809382 -0.00132984 -0.0077131 0.0097842 0.140278 0.00543828 -0.0780299 -0.00132984 -0.0077131 0.0097842
107.212 0.745277 7.21177 -0.0492252 1.90352 -0.000242519 -0.0102692 0.0755944 -0.997086 0.145626 -0.0163113 -0.0823901 -0.00178493 -0.00253923 0.0143957 0.14808 0.00591682 -0.0793626 -0.00178493 -0.00253923 0.0143957
107.718 0.790779 7.30337 -0.0601607 1.84721 -0.000386548 -0.0106976 0.0717171 -0.997368 0.153203 -0.0147879 -0.0870233 0.000702193 -0.00278024 0.015886 0.155105 0.00727548 -0.0838464 0.000842409 -0.00264054 0.0160308
108.23 0.849425 7.3889 -0.0695265 1.80905 -0.000680651 -0.0114796 0.0682058 -0.997605 0.160756 -0.0144856 -0.073791 0.0022639 0.0044676 0.012851 0.162886 0.00754351 -0.0700621 0.0022639 0.0044676 0.012851
109.076 0.970407 7.5417 -0.0960141 1.74395 -0.00061547 -0.0121698 0.0649947 -0.997811 0.178599 -0.0207939 -0.0821254 -0.00199548 -0.00110193 0.00527541 0.181316 0.00291459 -0.0773313 -0.00193913 -0.00132753 0.00535827
109.518 1.0193 7.61891 -0.112003 1.70142 2.72914e-05 -0.0137591 0.0634626 -0.997889 0.18536 -0.0205613 -0.096277 0.000641281 0.00126339 0.0107261 0.189045 0.00325477 -0.0911151 0.000641281 0.00126339 0.0107261
110.366 1.00731 7.77208 -0.13148 1.65324 4.63102e-05 0.00273997 0.0580031 -0.998313 0.135468 -0.0127663 0.00688496 -0.000563693 0.0333429 0.0150863 0.142076 0.00321397 0.00610976 -0.000496194 0.0298261 0.015119
110.84 0.99005 7.82221 -0.139252 1.64855 0.000354884 0.000544329 0.0535875 -0.998563 0.0923951 -0.00866825 0.00291607 -0.00267958 -0.0106755 0.0401451 0.0954127 0.00125367 0.00333125 -0.00383788 -0.0146917 0.0340665
111.302 0.962051 7.85766 -0.145862 1.63233 0.000301638 0.000708763 0.0376889 -0.999289 0.0667868 -0.00476522 0.0116854 0.000649614 -0.00106189 0.0948742 0.0683523 0.000386532 0.0116081 0.000804944 -0.000680725 0.0924197
111.758 0.954583 7.8805 -0.152665 1.64266 0.000334884 0.00104792 0.0161864 -0.999868 0.0522532 -0.00399565 0.00962821 -0.000692971 -0.00193868 0.102593 0.0523753 -0.00230828 0.00951644 -0.000692971 -0.00193868 0.102593
112.21 0.951359 7.89709 -0.157443 1.6314 -0.00266024 -0.0184065 -0.0026931 -0.999823 0.088455 -0.00980683 -0.0701697 0.00485353 0.0302025 0.0440056 0.08268 -0.00905613 -0.0674445 0.00939061 0.0739483 0.053612
112.688 0.944566 7.94724 -0.167891 1.59864 -0.00164272 -0.0130531 -0.00207936 -0.999911 0.15436 -0.0195652 -0.0732616 -0.00285653 -0.00826509 -0.032927 0.156136 -0.0204448 -0.0691425 -0.00285653 -0.00826509 -0.032927
113.148 0.94027 8.00523 -0.176259 1.58371 4.01357e-05 -0.0012185 0.00616254 -0.99998 0.16011 -0.0179204 0.00745847 -0.0130641 -0.152502 -0.0450272 0.1603 -0.0159465 0.00784754 -0.0130641 -0.152502 -0.0450272
114.054 0.9285 8.08547 -0.189293 1.5747 0.000180144 0.000447477 0.024064 -0.99971 0.073852 -0.00699464 0.00468711 -0.00801161 -0.0206881 -0.0248279 0.0759033 -0.00364113 0.00505483 -0.00714852 -0.0208194 -0.0328213
114.928 0.916447 8.11353 -0.199733 1.58337 -0.000154611 -0.00466272 -0.000366846 -0.999989 0.0417526 -0.0012754 0.00558814 0.0177257 0.210098 0.0991146 0.039985 -0.000972671 0.00596718 0.0147578 0.148005 0.10216
115.412 0.91183 8.14104 -0.205131 1.57758 -0.00153455 -0.0153534 -0.0131794 -0.999794 0.12496 -0.00908369 -0.000805178 -0.0035672 -0.0335738 0.0175787 0.120297 -0.0117021 0.00319392 -0.00340443 -0.0380017 0.0242087
115.88 0.891124 8.19257 -0.213946 1.58369 1.71747e-05 0.00236892 -0.0116869 -0.999929 0.121071 -0.0101366 -0.00382989 -0.00387075 -0.0672534 -0.0216613 0.120781 -0.0129632 -0.00440325 -0.00387075 -0.0672534 -0.0216613
116.374 0.882963 8.23403 -0.22055 1.58658 -4.72941e-05 -0.000297634 -0.00534422 -0.999986 0.0678837 -0.00660403 -0.00765478 0.000534452 0.00676479 -0.0291128 0.0696657 -0.00763966 -0.00798578 0.0004452 0.00939373 -0.0289773
116.866 0.87865 8.26169 -0.225554 1.56457 -0.000704215 -0.0102626 0.000515161 -0.999947 0.0647592 -0.00618804 -0.084592 0.00727165 0.14541 -0.0283109 0.066488 -0.00623861 -0.0832363 0.00727165 0.14541 -0.0283109
117.324 0.876539 8.30184 -0.231912 1.53018 0.00209056 -0.0121059 0.00457083 -0.999914 0.124256 -0.00195455 -0.0786637 -0.000547135 -0.0195953 0.000605963 0.126135 -0.000487355 -0.0756374 -0.000547135 -0.0195953 0.000605963
117.772 0.881134 8.35765 -0.231755 1.48981 -0.00151291 -0.0116179 0.000325205 -0.999931 0.140822 0.00150416 -0.0842992 0.0126323 0.000958154 0.0192968 0.141579 0.00262999 -0.0811188 0.0202904 0.00259119 0.0219532
118.418 0.884015 8.44619 -0.237737 1.45135 0.000316227 0.00357739 -0.000878804 -0.999993 0.1077 -0.00446862 0.00909823 0.000908906 0.00385033 0.0164631 0.114219 -0.00488291 0.00782333 0.000772508 -0.0101641 0.0139225
118.898 0.881344 8.48897 -0.242172 1.44381 0.000997333 -0.00470539 -0.00908416 -0.999947 0.0679217 -0.00328709 -0.0465626 -0.0302761 0.15417 0.0518564 0.0682868 -0.00443225 -0.0459294 -0.0302761 0.15417 0.0518564
119.398 0.883505 8.53548 -0.242735 1.43287 -0.000415636 0.00115291 -0.0220262 -0.999757 0.0865441 0.0023498 0.00134463 0.00109958 -0.0374793 0.0579025 0.0907166 -0.000960494 0.0019584 0.0030482 -0.055803 0.05799
119.912 0.866995 8.57002 -0.244351 1.43738 -3.97047e-05 -0.00156487 -0.0355996 -0.999365 0.0538484 -0.00213563 -0.00409473 -0.000549828 0.00235288 0.0555958 0.0535725 -0.00596252 -0.0039262 -0.000549828 0.00235288 0.0555958
120.404 0.862463 8.59924 -0.246441 1.42651 -0.00123802 -0.0143428 -0.0471068 -0.998786 0.0643243 -0.00421946 -0.0579501 0.00975748 0.0852644 0.0310179 0.0652687 -0.0104729 -0.0560709 0.00975748 0.0852644 0.0310179
120.896 0.86361 8.64942 -0.247993 1.40316 0.0023438 -0.0124147 -0.0463921 -0.998843 0.119103 -0.00294175 -0.055651 -0.035529 -0.0102313 -0.0190293 0.118195 -0.0152407 -0.0526011 -0.0468189 -0.0134897 -0.0212091
121.788 0.875844 8.78189 -0.242462 1.36193 -0.00126077 -0.0123739 -0.0446525 -0.998925 0.144409 0.00470601 -0.0458579 0.00842943 -0.00631928 -0.0151491 0.145337 -0.008357 -0.0422642 0.00842943 -0.00631928 -0.0151491
122.26 0.887438 8.86755 -0.243524 1.33282 -0.00104652 -0.012887 -0.0381494 -0.999188 0.14798 -0.00196463 -0.0472149 -0.00164808 0.000580452 -0.0383388 0.148563 -0.0133816 -0.0433742 -0.00164808 0.000580452 -0.0383388
122.786 0.908093 8.96312 -0.24512 1.30085 -0.000686592 -0.0134397 -0.0287226 -0.999497 0.154086 -0.00261621 -0.0599459 -0.000991444 -0.000831221 -0.0395566 0.155234 -0.0115847 -0.0557768 -0.000991444 -0.000831221 -0.0395566
123.258 0.937641 9.05863 -0.246113 1.26471 -0.00063039 -0.0140336 -0.0207462 -0.999686 0.159146 -0.00207079 -0.0617006 0.00013583 0.000247696 -0.0312186 0.16059 -0.00878116 -0.0572053 0.00013583 0.000247696 -0.0312186
124.218 0.77797 9.26277 -0.250345 1.22576 -0.0015242 -0.014398 -0.0115459 -0.999829 0.175656 -0.000108803 -0.0427612 0.0273672 -0.0216641 -0.0123173 0.176764 -0.00430114 -0.0376794 0.0273672 -0.0216641 -0.0123173
124.73 0.691238 9.36793 -0.254151 1.21599 -0.00173372 -0.0116349 -0.00479779 -0.999919 0.161205 -0.0101397 -0.0371689 -0.00209996 0.00823311 -0.0434063 0.163175 -0.0116141 -0.0333264 -0.00212184 0.00766094 -0.0423834
125.264 0.613714 9.47811 -0.263259 1.19524 0.000732342 -0.0121425 0.00653478 -0.999905 0.153273 -0.00970853 -0.0452803 -0.00970136 0.00632234 -0.0380409 0.154441 -0.00763389 -0.0415562 -0.00970136 0.00632234 -0.0380409
125.764 0.566066 9.57883 -0.269599 1.16551 0.000572105 -0.0109478 0.00985705 -0.999891 0.149709 -0.00278198 -0.0351995 0.00161374 -0.00170415 0.00409943 0.150469 0.000215609 -0.0319143 0.00161374 -0.00170415 0.00409943
126.778 0.489385 9.73027 -0.276168 1.16235 -0.000171224 -0.00035895 0.00658802 -0.999978 0.070841 -0.00409571 0.00434234 -0.00116171 -0.00183317 -0.0282851 0.0708857 -0.0031605 0.00439445 -0.00116171 -0.00183317 -0.0282851
127.244 0.490952 9.7784 -0.279988 1.13176 -0.000710363 -0.00930677 0.0185659 -0.999784 0.0778443 -0.00800604 -0.0903588 -0.00248942 -0.000169906 -0.061129 0.0797582 -0.00520673 -0.0888823 -0.00248942 -0.000169906 -0.061129
128.238 0.556891 9.88302 -0.293166 1.04082 0.00057161 -0.00535685 0.0355819 -0.999352 0.106689 -0.00660086 -0.118357 0.00793533 -0.0212308 0.00689774 0.108144 0.00118298 -0.117209 0.00793533 -0.0212308 0.00689774
128.75 0.615183 9.93421 -0.296381 0.971518 0.000235239 -0.00535304 0.0333285 -0.99943 0.100823 -0.00808241 -0.133604 -0.000433722 -0.000535721 0.00624113 0.102679 -0.00105837 -0.132581 -0.000322133 0.000392155 0.00703825
129.736 0.749104 10.0321 -0.302039 0.849126 0.00105912 -0.0107448 0.0312648 -0.999453 0.12656 -0.00678137 -0.0121842 0.00167482 -0.013269 0.0158231 0.126968 0.00117242 -0.00946451 0.00167482 -0.013269 0.0158231
130.248 0.75841 10.0943 -0.302507 0.842751 0.000960395 -0.0118112 0.0259569 -0.999593 0.147988 -0.00557194 -0.01621 0.000707968 -0.00549045 0.0236448 0.148418 0.00215277 -0.012711 0.000707968 -0.00549045 0.0236448
130.672 0.770593 10.156 -0.302998 0.835446 0.000909361 -0.0112184 0.0212439 -0.999711 0.159184 -0.00535014 -0.0173118 -0.000196936 -0.00130043 0.0218288 0.159616 0.00145261 -0.0137379 -0.000196936 -0.00130043 0.0218288
131.168 0.784796 10.2298 -0.304284 0.833652 -0.000757445 -0.011161 0.0180157 -0.999775 0.164449 -0.0109335 -0.00405335 -0.00161615 -2.91487e-05 -0.000703969 0.164489 -0.00435319 -0.000347476 -0.000702811 0.000111821 0.00186825
131.662 0.798693 10.3027 -0.309652 0.837601 -0.000197496 -0.0114773 0.0209003 -0.999716 0.168288 -0.015537 -0.00994732 -0.00277806 0.00130549 -0.0213085 0.168975 -0.00848928 -0.00607059 -0.00277806 0.00130549 -0.0213085
132.178 0.80422 10.3885 -0.312754 0.840119 -0.000108776 -0.0118676 0.0263815 -0.999582 0.172354 -0.0141852 -0.010427 0.000918489 0.000435871 -0.0196095 0.173061 -0.00507063 -0.00632393 0.000918489 0.000435871 -0.0196095
133.126 0.835517 10.5501 -0.320487 0.823638 -0.00034916 -0.012145 0.0330216 -0.999381 0.178514 -0.0135601 -0.0052332 0.000953966 -0.0010595 -0.0128993 0.179095 -0.00174608 -0.00088202 0.000953966 -0.0010595 -0.0128993
133.63 0.86585 10.6368 -0.325243 0.820321 -0.000395174 -0.0128275 0.0358842 -0.999274 0.181815 -0.0142584 -0.00379946 0.000236329 0.000353381 -0.0130845 0.182407 -0.00118016 0.000882093 0.000236329 0.000353381 -0.0130845
134.172 0.818867 10.7308 -0.33221 0.828053 -0.000520338 -0.0133951 0.0389116 -0.999153 0.186875 -0.0149493 -0.00634042 0.00410273 -0.00263269 -0.0119539 0.187574 -0.000370514 -0.00131241 0.00410273 -0.00263269 -0.0119539
134.682 0.846668 10.826 -0.338063 0.82372 -0.000694852 -0.0124231 0.0420024 -0.99904 0.187129 -0.015341 -0.00627195 0.000535836 0.00193011 -0.0138041 0.187854 0.000418854 -0.00159865 0.000535836 0.00193011 -0.0138041
135.158 0.835346 10.9136 -0.345218 0.827976 -0.00056635 -0.013443 0.0449698 -0.998898 0.188617 -0.0157113 -0.00678551 -0.00318981 0.00253247 -0.0130791 0.189002 0.00118184 -0.00161146 -0.00344548 0.00349823 -0.0135405
135.668 0.761677 11.0082 -0.3549 0.830338 -0.000529484 -0.0133126 0.0471498 -0.998799 0.191166 -0.0151035 -0.00685839 0.00291613 -0.000531024 -0.00681097 0.191854 0.00297294 -0.00174682 0.00291613 -0.000531024 -0.00681097
136.128 0.739511 11.0944 -0.365793 0.832706 -0.000537693 -0.0121546 0.0484788 -0.99875 0.18631 -0.016305 -0.00589535 -0.000555078 0.0029414 -0.00632913 0.187101 0.00181634 -0.00134321 -0.000555078 0.0029414 -0.00632913
136.588 0.723158 11.1886 -0.379757 0.823297 -0.00031969 -0.0122312 0.0498845 -0.99868 0.183498 -0.0173884 -0.00490305 -0.0037517 0.0016443 -0.00574396 0.184492 0.000991047 -0.000590375 -0.00363964 0.00146244 -0.00588068
137.096 0.711485 11.2802 -0.391827 0.818548 -0.000186722 -0.0122324 0.0504877 -0.99865 0.181331 -0.0164104 -0.00462729 0.000226555 0.00100091 -0.000602956 0.182372 0.00198722 -0.000239643 0.000417525 0.000785761 -0.000934076
138.038 0.694571 11.4474 -0.408057 0.80443 -0.000119167 -0.0121583 0.0490217 -0.998724 0.178766 -0.0130949 -0.00964993 0.0054858 0.000207742 0.00760245 0.179371 0.00448222 -0.00528899 0.0054858 0.000207742 0.00760245
138.522 0.685106 11.5399 -0.418891 0.797297 -0.000750012 -0.0117595 0.0485064 -0.998753 0.17763 -0.0170314 -0.00846173 -0.0014391 0.000777108 -0.00351584 0.178594 0.000259801 -0.00425489 -0.0014391 0.000777108 -0.00351584
138.964 0.674818 11.6215 -0.429985 0.799549 -0.000550327 -0.0118356 0.0501773 -0.99867 0.17555 -0.0185235 -0.00930024 -0.000357675 0.0004702 -0.00985418 0.176767 -0.000766077 -0.00505792 -0.000201004 0.000407061 -0.00964919
139.472 0.663993 11.709 -0.439835 0.808885 0.00116236 -0.0110768 0.050204 -0.998677 0.171892 -0.0107483 0.00974757 0.00290759 0.0027818 0.0168423 0.171846 0.00650449 0.0135552 0.00290759 0.0027818 0.0168423
140.478 0.646334 11.8875 -0.456057 0.827297 -0.000702321 -0.0117553 0.0375101 -0.999227 0.172025 -0.0132385 0.00457136 -0.00178357 -0.00119851 0.00740909 0.172378 -0.000300571 0.00863257 -0.00178357 -0.00119851 0.00740909
140.98 0.637638 11.9698 -0.464806 0.838199 -0.0003996 -0.0113548 0.0380167 -0.999213 0.170752 -0.0155519 0.0215609 -0.000819668 -0.00224371 -0.00774729 0.170906 -0.00253416 0.0254506 -0.000819668 -0.00224371 -0.00774729
142.1 0.616164 12.1582 -0.484679 0.851279 -0.000299692 -0.0113652 0.0423177 -0.99904 0.167771 -0.0149856 0.0232775 0.000679515 0.000220468 -0.00723419 0.167874 -0.000845858 0.0270296 0.000730671 0.000240752 -0.00728349
142.582 0.615684 12.2413 -0.49026 0.876291 0.000788517 -0.00905332 0.0426019 -0.999051 0.159544 -0.00979064 0.0801833 0.00146849 0.00492323 0.0114165 0.158327 0.00363529 0.0830589 0.00146849 0.00492323 0.0114165
143.106 0.625527 12.3253 -0.497047 0.916237 0.000442973 -0.00977272 0.0370332 -0.999266 0.152682 -0.00678508 0.079959 0.000454196 0.00081071 0.0285231 0.151447 0.00449091 0.08289 0.000524062 0.00101809 0.028105
143.608 0.599677 12.4019 -0.502405 0.965003 0.000200709 -0.00785677 0.0304531 -0.999505 0.150313 -0.0059329 0.00352143 0.00816089 -0.0899676 0.0276565 0.150322 0.00322502 0.00588408 0.00816089 -0.0899676 0.0276565
144.09 0.593733 12.4624 -0.507312 0.972998 6.72512e-05 -0.00149165 0.0245599 -0.999697 0.105329 -0.00600518 -0.0174019 -0.00100082 0.0151672 0.0239385 0.105549 -0.000822142 -0.0170877 -0.00100082 0.0151672 0.0239385
144.576 0.592044 12.5094 -0.510996 0.968515 0.000404851 -0.000297296 0.0177825 -0.999842 0.0791448 -0.00474148 -0.00391338 -0.0010455 -0.00447105 0.0418958 0.0814702 -0.00190433 -0.00394182 -0.0017082 -0.00821605 0.0384952
145.142 0.591717 12.5448 -0.51537 0.958321 0.00033215 -0.000187276 0.0011426 -0.999999 0.0567565 -0.00319202 -0.000841561 0.000176061 -0.00193007 0.0696956 0.0567639 -0.00306175 -0.000822378 0.000176061 -0.00193007 0.0696956
146.052 0.583745 12.5872 -0.520224 0.967166 0.00138456 -0.0121432 -0.0272108 -0.999555 0.0981343 0.00491408 1.04935e-05 0.000825346 -0.0287373 0.056836 0.0945977 -0.000485067 0.00276481 0.00139754 -0.0271878 0.0577116
146.576 0.580093 12.6341 -0.520541 0.956191 0.00104469 -0.0088086 -0.0391112 -0.999196 0.125558 0.00836048 0.0353898 -0.000322774 -0.00291038 0.0457675 0.125182 -0.00153049 0.0376074 -0.000322774 -0.00291038 0.0457675
147.09 0.580696 12.688 -0.519701 0.95758 0.0010841 -0.00830196 -0.0488804 -0.99877 0.133787 0.0095355 0.0373613 -0.000508549 5.15546e-05 0.0344546 0.133437 -0.00362613 0.039589 -0.000508549 5.15546e-05 0.0344546
147.994 0.590586 12.7875 -0.512814 0.982462 0.00136693 -0.00857016 -0.0615048 -0.998069 0.137864 0.0127059 -0.00430157 -0.00106131 -0.0003243 0.0253943 0.138434 -0.00431213 -0.00191757 -0.00106131 -0.0003243 0.0253943
148.496 0.598287 12.8414 -0.502963 0.995817 0.00117599 -0.00866801 -0.0678587 -0.997657 0.138913 0.0169951 -0.00386847 0.000545628 0.000818517 0.025419 0.139794 -0.00208636 -0.00137868 0.00063908 0.000889477 0.0254781
149.034 0.599574 12.9045 -0.494987 0.993933 0.00117754 -0.00879584 -0.0741125 -0.99721 0.141758 0.0179521 -0.00510529 -0.000811324 -0.000257433 0.0229814 0.142756 -0.00310866 -0.00249138 -0.00071913 -0.000258099 0.0230795
150.024 0.581092 13.0299 -0.478944 0.965911 0.000412236 -0.00895301 -0.0782077 -0.996897 0.145744 0.0149577 -0.0115787 -0.000506775 0.000243166 -0.0105619 0.146478 -0.00795895 -0.00895142 -0.000506775 0.000243166 -0.0105619
150.542 0.573025 13.0991 -0.470552 0.954342 0.000507309 -0.00867959 -0.0751858 -0.997132 0.145086 0.0151448 -0.0106079 0.0002237 0.00119605 -0.0139827 0.145879 -0.00678511 -0.00807092 0.0002237 0.00119605 -0.0139827
151.018 0.565036 13.1568 -0.46413 0.938146 -0.000369098 -0.00821919 -0.0719708 -0.997373 0.141966 0.0127452 0.00593645 0.000302916 0.00115187 -0.0224333 0.142209 -0.00775566 0.00827644 0.000302916 0.00115187 -0.0224333
152.03 0.569355 13.285 -0.456533 0.953659 0.000105503 -0.00869517 -0.057242 -0.998322 0.138119 0.00877233 0.0062753 6.25088e-05 0.000703923 -0.0318766 0.138086 -0.00706634 0.00868116 6.25088e-05 0.000703923 -0.0318766
152.502 0.58283 13.3404 -0.454446 0.963638 -0.000728211 -0.0083302 -0.0503694 -0.998696 0.135971 0.00554732 0.00456042 0.000253977 3.32337e-05 -0.0374823 0.135745 -0.00814838 0.00682872 0.000253977 3.32337e-05 -0.0374823
152.972 0.600618 13.3969 -0.455791 0.961193 -0.000370809 -0.00893683 -0.041081 -0.999116 0.134583 0.0010103 0.00516845 -0.00132593 0.000823219 -0.0478569 0.134098 -0.0100324 0.00757508 -0.00132593 0.000823219 -0.0478569
153.436 0.624426 13.4544 -0.455874 0.96991 -0.000212975 -0.009403 -0.0308278 -0.99948 0.135939 -0.000197385 0.00524929 -0.000112608 0.000302754 -0.0446964 0.135546 -0.00856824 0.00780526 -0.000112608 0.000302754 -0.0446964
154.238 0.673257 13.5625 -0.450805 1.00914 0.00173751 -0.00916723 -0.026036 -0.999618 0.134596 0.0125564 0.0501469 0.00224297 8.07924e-06 0.028887 0.134135 0.00517212 0.0526288 0.00242781 -3.66077e-06 0.0274646
154.674 0.701501 13.6192 -0.444293 1.01943 0.00150137 -0.0101663 -0.033661 -0.99938 0.136465 0.0147635 0.0551209 0.000852673 0.00121047 0.0416995 0.135995 0.0054167 0.0579229 0.000852673 0.00121047 0.0416995
155.16 0.73538 13.6869 -0.434901 1.03574 0.000347858 -0.00339471 -0.0430555 -0.999067 0.133043 0.0146989 -0.00647323 0.00862795 -0.107459 0.0379767 0.133856 0.00320086 -0.00556011 0.00862795 -0.107459 0.0379767
155.624 0.765445 13.7421 -0.429042 1.0349 0.000305675 -0.00155398 -0.0512126 -0.998687 0.0783028 0.00501635 0.000569557 -0.00152428 0.0131632 0.0333071 0.0806064 -0.00281885 0.001245 -0.00152267 0.0166379 0.0335622
156.398 0.776868 13.7961 -0.423788 1.03635 0.000619399 -0.000530702 -0.0692243 -0.997601 0.0398384 0.000733968 -0.00140028 0.000901446 0.00252914 0.0810509 0.041081 -0.00474995 -0.00173567 0.000715948 0.00312841 0.0781019
157.208 0.782616 13.8318 -0.417048 1.0494 0.000347056 -0.000327882 -0.103721 -0.994606 0.0196387 -0.00154792 -0.00368743 -0.000597061 -0.00183822 0.0887754 0.0195997 -0.0054895 -0.00354067 -0.00059784 -0.00181042 0.0887557
157.698 0.784692 13.8466 -0.415087 1.06118 0.000375741 -4.22871e-05 -0.124024 -0.992279 0.0107119 -0.00254151 -0.00586801 0.000177714 -0.00119658 0.0862505 0.00975789 -0.00509557 -0.00587003 0.000177714 -0.00119658 0.0862505
158.192 0.785779 13.8593 -0.41428 1.06441 0.000423214 0.000306099 -0.14315 -0.989701 0.00441417 -0.00362895 -0.0101202 -0.00046993 -0.00201227 0.0747772 0.00370899 -0.0047602 -0.0102927 -0.000558299 -0.0021156 0.0757891
158.666 0.756749 13.876 -0.410426 1.09444 0.00370078 -0.0150091 -0.157746 -0.987359 0.0482624 0.0153011 0.0849876 0.00197927 -0.0185833 0.0597756 0.0479853 -0.000718767 0.0865054 0.00197927 -0.0185833 0.0597756
159.196 0.782932 13.9179 -0.39358 1.14243 0.00266793 -0.0108995 -0.169912 -0.985395 0.0851109 0.0316853 0.0821407 -0.000151866 -0.00113833 0.0465823 0.0889458 0.0012224 0.084155 -0.000151866 -0.00113833 0.0465823
159.666 0.824523 13.9719 -0.370441 1.18666 0.00270467 -0.0113514 -0.179579 -0.983674 0.0963045 0.0386123 0.077322 -0.0017055 0.00104055 0.0372491 0.1009 0.00198712 0.0825677 -0.000298199 0.00016066 0.0379783
160.454 0.869229 14.0779 -0.326736 1.25081 0.00293697 -0.0121819 -0.192307 -0.981255 0.108076 0.0472606 0.082067 9.95486e-05 0.000174927 0.03193 0.115828 0.00287979 0.0849968 9.95486e-05 0.000174927 0.03193
160.916 0.900141 14.1599 -0.293666 1.31005 0.00311182 -0.0130729 -0.199329 -0.979841 0.117561 0.0524774 0.0954165 0.00172864 -0.00710466 0.0272011 0.125457 0.00242046 0.0896006 0.000349261 -0.000969636 0.0277068
161.426 0.933279 14.2429 -0.25852 1.36976 0.00291424 -0.0130783 -0.204723 -0.978728 0.121434 0.0546898 0.113491 8.05492e-05 0.00226628 0.0201104 0.130085 0.00139248 0.117019 8.05492e-05 0.00226628 0.0201104
161.918 0.975442 14.3328 -0.216904 1.42659 0.00291432 -0.0137265 -0.208951 -0.977826 0.128806 0.0599379 0.120187 0.000478987 -0.000610734 0.0148173 0.138626 0.00206236 0.124126 0.000478987 -0.000610734 0.0148173
162.4 1.01659 14.4232 -0.178449 1.44456 0.00461135 -0.0162515 -0.212174 -0.977086 0.142248 0.0688316 -0.0247818 -0.00111242 -0.0101783 0.019057 0.15873 0.00368293 -0.0194335 -0.00111242 -0.0101783 0.019057
162.924 1.06425 14.53 -0.129475 1.4408 0.00427765 -0.0159435 -0.218413 -0.975717 0.156305 0.0813033 -0.0185796 0.00140531 -0.00181919 0.0277235 0.176568 0.00692735 -0.0127535 0.00140531 -0.00181919 0.0277235
163.414 1.07985 14.6391 -0.0780353 1.43764 0.00414133 -0.0166179 -0.224989 -0.974211 0.171858 0.089744 -0.0403521 -0.000607643 -0.00480498 0.0248317 0.195075 0.00531766 -0.0336889 -0.000607643 -0.00480498 0.0248317
164.124 0.918815 14.8061 0.00192472 1.40278 0.00395261 -0.0160421 -0.232088 -0.972555 0.191836 0.10033 -0.0340877 -6.99436e-05 -0.00172467 0.0166416 0.21691 0.00301824 -0.0269983 -9.99779e-05 -0.0027278 0.0172334
164.616 0.795553 14.9216 0.0580861 1.38776 0.00212417 -0.0136001 -0.2352 -0.97185 0.192926 0.0973056 -0.0140484 0.000517101 0.00478851 0.00650572 0.216374 -0.00170154 -0.00811164 0.000517101 0.00478851 0.00650572
165.112 0.691391 15.0277 0.10738 1.38923 0.00214368 -0.0117261 -0.234978 -0.971928 0.189431 0.0909092 -0.0120909 -0.000973129 0.00257146 -0.00854524 0.210267 -0.00568127 -0.00708065 -0.000973129 0.00257146 -0.00854524
165.798 0.556742 15.1676 0.171429 1.36463 0.00370367 -0.0093027 -0.233341 -0.972343 0.172009 0.0867453 -0.0360723 -0.000689099 0.000355873 0.00883154 0.19332 -0.000665612 -0.0322492 -0.000689099 0.000355873 0.00883154
166.248 0.48483 15.2502 0.211414 1.34723 0.00254748 -0.00758082 -0.238932 -0.971003 0.1599 0.0854777 -0.0270818 0.00113533 0.00322596 0.0349489 0.181715 0.00155203 -0.0241864 0.00113533 0.00322596 0.0349489
166.748 0.430688 15.3249 0.250318 1.33717 0.000169341 -0.00185267 -0.247354 -0.968923 0.143207 0.076712 0.00415603 0.00667815 -0.0767155 0.0378686 0.165984 -0.000762055 0.00475392 0.00813296 -0.0868757 0.0380234
167.36 0.379145 15.3903 0.277046 1.33837 0.00034376 -0.00144155 -0.257799 -0.966197 0.10046 0.0469161 0.00515855 -0.00101458 0.00207395 0.0342682 0.110463 -0.00936583 0.00548661 -0.00101458 0.00207395 0.0342682
167.896 0.35647 15.4268 0.292818 1.34668 0.00167597 -0.00100745 -0.271937 -0.962313 0.0808189 0.0446834 -0.000621975 0.00388655 0.00097929 0.0477495 0.0922535 -0.00422291 -0.000370318 0.00388655 0.00097929 0.0477495
168.406 0.344394 15.4463 0.300561 1.36071 0.00225589 -0.00107829 -0.277611 -0.96069 0.0690168 0.0420313 0.00308123 -0.00071242 8.75839e-05 0.00500507 0.0820879 -0.00174298 0.00324502 -0.00092229 0.000702308 0.00719279
168.936 0.342635 15.4584 0.312153 1.37398 0.00197948 -0.000325231 -0.277754 -0.96065 0.0568458 0.0399784 0.0132775 9.2951e-05 0.00178536 -0.00352243 0.0693863 0.00342589 0.0134097 9.2951e-05 0.00178536 -0.00352243
169.408 0.346379 15.465 0.324881 1.38085 0.00201259 -0.000325577 -0.277476 -0.96073 0.0477425 0.0379884 0.0127867 -5.5907e-05 -0.000239072 -0.00330197 0.0612902 0.00642544 0.0129558 -0.000122044 -0.000460664 -0.00331772
169.916 0.350481 15.4729 0.33961 1.3745 0.00246118 -0.000963228 -0.277153 -0.960822 0.0447467 0.0397771 0.00460786 4.06874e-05 -0.00195279 -0.00230346 0.0590421 0.00981463 0.00483894 4.06874e-05 -0.00195279 -0.00230346
170.434 0.356272 15.4778 0.352396 1.38073 0.00205144 -0.000180029 -0.276765 -0.960935 0.0368249 0.0355188 0.0119474 -0.000739817 0.00227187 -0.00127107 0.0500584 0.0104437 0.0120618 -0.000739817 0.00227187 -0.00127107
170.934 0.365166 15.4794 0.36561 1.37105 0.0021521 -0.000559567 -0.276784 -0.96093 0.0309186 0.0335261 0.0114142 -0.000244679 -0.000180422 -0.000822374 0.0439892 0.0118984 0.0115596 -0.000244679 -0.000180422 -0.000822374
171.426 0.370727 15.4814 0.374664 1.37156 0.00218935 -0.000592131 -0.276862 -0.960907 0.0265231 0.0294862 0.0102648 -0.00119687 0.000253423 -0.00148155 0.0384816 0.0108086 0.0104007 -0.00123591 0.000260128 -0.00146373
172.1 0.378877 15.4873 0.390626 1.38071 0.00224188 -0.000439913 -0.276712 -0.96095 0.0222488 0.0272986 0.00982828 -0.000118536 9.82777e-05 -0.00158279 0.0337545 0.0110405 0.00996096 -0.00073841 -0.000468413 -0.00165633
172.614 0.389317 15.487 0.402305 1.37868 0.00242135 -0.00133533 -0.276518 -0.961005 0.0194158 0.0267892 0.000641455 -0.000228588 -0.000715369 -0.000681502 0.0306815 0.0123707 0.000809733 -0.000228588 -0.000715369 -0.000681502
173.21 0.398404 15.491 0.416114 1.37897 0.00230593 -0.00109711 -0.276566 -0.960992 0.0179914 0.0247871 0.000226262 -0.000516412 0.000388925 -0.000714968 0.0284139 0.0114306 0.000366145 -0.000516412 0.000388925 -0.000714968
173.746 0.406357 15.4959 0.429845 1.36859 0.00220698 -0.00108739 -0.276638 -0.960971 0.016096 0.0231737 -0.000153668 -0.000428829 -0.000284565 -0.00103567 0.0259538 0.011069 -2.74441e-05 -0.000428829 -0.000284565 -0.00103567
174.298 0.414562 15.4985 0.441184 1.35872 -0.00264483 0.00345099 -0.262383 -0.964954 -0.00122882 -0.00491596 -0.00525971 -0.00344871 0.0111712 -0.151213 -0.00161892 -0.00245007 -0.00526536 -0.00341126 0.0111279 -0.143883
174.962 0.414832 15.4964 0.438931 1.36209 -0.00151707 0.00267256 -0.197849 -0.980228 -0.0113263 -0.0206542 -0.00632267 -0.00178838 -0.000262357 -0.223987 -0.0184874 -0.0146559 -0.00618674 -0.00178838 -0.000262357 -0.223987
175.598 0.408281 15.4898 0.425878 1.35716 -0.00129298 0.00259853 -0.137941 -0.990436 -0.0173719 -0.0243093 -0.00574282 -0.00129577 0.000140246 -0.176968 -0.0233843 -0.0186479 -0.00557981 -0.00129577 0.000140246 -0.176968
176.13 0.401464 15.4816 0.411429 1.36105 -0.00118695 0.002533 -0.0990312 -0.99508 -0.0207436 -0.025358 -0.00636335 -0.000667329 0.000608357 -0.138629 -0.0253676 -0.020784 -0.00619093 -0.000667329 0.000608357 -0.138629
176.982 0.392652 15.4676 0.389765 1.36471 -0.0010623 0.00253236 -0.0523783 -0.998624 -0.0233315 -0.0247821 -0.00711874 -0.000187121 8.62245e-05 -0.097958 -0.0258495 -0.0221774 -0.00682471 -0.000309759 -4.99576e-05 -0.0992805
177.498 0.391139 15.4591 0.380948 1.37583 0.00346273 -0.000605719 -0.034869 -0.999386 -0.0132788 -0.00572473 0.000848989 0.00507341 -0.00690073 -0.0418076 -0.0136467 -0.00479099 0.000796235 0.00507341 -0.00690073 -0.0418076
178.014 0.393693 15.4539 0.38134 1.3591 0.00228079 0.000493488 -0.0307587 -0.999524 -0.00824523 0.00746219 0.000316798 0.00197181 -6.16958e-05 0.00234036 -0.00789259 0.00770064 0.000325536 0.00217408 -0.00019768 0.00170498
178.982 0.402981 15.4485 0.389739 1.34205 0.00203879 0.000533076 -0.0324052 -0.999473 -0.00782099 0.00963407 0.000514804 -0.000209407 1.73638e-05 0.00362358 -0.00710274 0.010097 0.000590675 -0.000195948 4.47251e-05 0.00365534
179.488 0.409211 15.4439 0.393046 1.34745 -0.00239481 0.00302445 -0.0298468 -0.999547 -0.0184477 -0.00945992 -0.00129789 -0.0055584 0.00611682 -0.033808 -0.0189868 -0.00834797 -0.00114196 -0.0055584 0.00611682 -0.033808
179.98 0.412284 15.4363 0.389595 1.35356 0.000475208 -0.0057274 -0.0181556 -0.999819 -0.0137815 -0.0194084 -0.00859988 -0.0143249 0.0757455 -0.0577547 -0.0143774 -0.0188889 -0.00877939 -0.0143249 0.0757455 -0.0577547
180.52 0.407655 15.4448 0.388521 1.35444 0.000873105 -0.00557202 -0.00381391 -0.999977 0.0304094 -0.0104129 -0.00622786 0.00153667 -0.00467135 -0.0516951 0.029174 -0.011001 -0.00577866 0.00146676 -0.0075816 -0.0531787
181.028 0.39604 15.4638 0.387871 1.35729 0.000711651 -0.00526874 0.00686821 -0.999962 0.0415826 -0.00867923 -0.00613941 0.000672784 -0.000200111 -0.0389806 0.0417603 -0.00809836 -0.00571222 0.000672784 -0.000200111 -0.0389806
181.532 0.378349 15.49 0.387991 1.36659 0.00272219 0.00228782 0.0141505 -0.999894 0.0198773 -0.000506478 -0.000241864 0.00325863 0.0127963 -0.0141735 0.0198824 5.77678e-05 -0.000334058 0.00325863 0.0127963 -0.0141735
182.09 0.372251 15.506 0.394008 1.36931 0.00252805 0.000422921 0.0154076 -0.999878 0.00157041 0.00620666 4.92927e-06 0.000808178 0.00203934 0.00210335 0.00137844 0.006252 3.5182e-05 0.000808178 0.00203934 0.00210335
182.648 0.374714 15.5122 0.402106 1.37198 0.00253185 1.96018e-05 0.01514 -0.999882 -0.00364895 0.00802988 0.00885285 -6.41555e-05 -0.000266388 0.00370165 -0.00379568 0.00785511 0.00885366 6.01253e-05 2.74579e-06 0.00374004
183.12 0.378125 15.5176 0.412218 1.38378 0.00252845 2.63165e-05 0.0147458 -0.999888 -0.00405565 0.00911982 0.00815199 -0.000358888 -0.000394454 0.0025471 -0.00435593 0.00874111 0.00824162 -0.000378209 -0.000468151 0.00259732
184.014 0.389189 15.5235 0.434684 1.37267 0.00223484 0.000569052 0.0143631 -0.999894 -0.0078964 0.00872444 0.00285219 -7.71536e-05 -0.00046455 0.00170212 -0.00809408 0.00845546 0.00279695 -0.000272867 -0.00034215 0.00170892
185.052 0.40197 15.5288 0.462372 1.38499 0.0021238 0.000678705 0.0141376 -0.999898 -0.0064181 0.00918324 0.00224325 -6.77059e-05 -0.000809028 0.00124525 -0.00671775 0.00897072 0.00233928 -0.000206915 -0.000721542 0.00124158
185.604 0.406101 15.5385 0.47541 1.38013 0.000458681 -0.0065948 0.0158391 -0.999853 0.0284871 0.00209799 -0.0312893 -0.00215084 -0.0156549 -0.0153837 0.0262435 0.00332631 -0.0307713 -0.00213351 -0.0151062 -0.014527
186.146 0.404262 15.5531 0.485065 1.37247 0.00125268 0.00150735 0.0213767 -0.99977 0.0177135 0.00277589 0.00479376 0.00103552 0.013442 -0.0247097 0.0175933 0.00351885 0.00474842 0.00103552 0.013442 -0.0247097
186.692 0.407156 15.5655 0.495528 1.3536 0.00104465 3.10803e-05 0.0283915 -0.999596 0.00793846 0.00475554 0.0233944 0.000766625 0.000173475 -0.0263324 0.00765858 0.00514963 0.0234043 0.000766625 0.000173475 -0.0263324
187.268 0.406063 15.5798 0.502823 1.35632 0.000764718 -0.00752069 0.0350851 -0.999356 0.0291686 0.00331472 -0.0189316 -0.000599708 -0.000623589 -0.0163499 0.0291446 0.0053906 -0.0184861 -0.000599708 -0.000623589 -0.0163499
187.778 0.395563 15.6025 0.504795 1.35082 0.000854646 -0.00553622 0.0373371 -0.999287 0.0530838 0.00137536 -0.021841 0.000177521 -0.00260011 -0.00220795 0.0530702 0.00537852 -0.0212471 0.000177521 -0.00260011 -0.00220795
188.322 0.385649 15.6282 0.510624 1.34929 0.00214911 0.00247401 0.0374338 -0.999294 0.0286183 0.00933206 -0.000319498 0.00229714 0.0151966 0.00193394 0.027838 0.0114485 -0.000414579 0.00229714 0.0151966 0.00193394
188.826 0.38541 15.6403 0.518463 1.34747 0.00188266 0.00103321 0.0371715 -0.999307 0.0137959 0.013832 -9.37635e-05 0.000501681 0.00126114 0.00114845 0.0133261 0.0147198 6.79251e-05 0.000666326 0.00129822 0.00118461
189.404 0.390286 15.6458 0.52587 1.34402 0.00201028 0.000553512 0.03711 -0.999309 0.0104814 0.0152686 -0.00014672 -0.000185864 -0.000916343 0.00118222 0.00931997 0.0160044 -9.47768e-05 -0.000185864 -0.000916343 0.00118222
190.41 0.396917 15.6521 0.540394 1.34971 0.00198657 0.000960597 0.0368003 -0.99932 0.0118301 0.015333 -0.00140405 -0.000140548 -0.00116378 0.000139143 0.0106674 0.016167 -0.00136306 -0.000140548 -0.00116378 0.000139143
190.932 0.410874 15.6526 0.550954 1.32824 0.00190445 0.000978187 0.0369233 -0.999316 0.0127538 0.0160079 0.00244538 0.000600007 -0.00084258 0.000453796 0.0113838 0.0168689 0.00239641 0.000621581 -0.000737123 0.0004109
191.462 0.422152 15.6528 0.561836 1.32592 0.000538549 -0.00650334 0.0366569 -0.999307 0.0440527 0.00952717 -0.00364505 -0.00120759 -0.0161532 0.00566149 0.0432798 0.0127343 -0.00306471 -0.00120759 -0.0161532 0.00566149
191.998 0.419822 15.6686 0.567242 1.33465 0.001172 -0.00459097 0.0349759 -0.999377 0.0637273 0.00574799 -0.0145785 -0.00161358 -0.00322207 0.0130585 0.0632994 0.0102271 -0.0139762 -0.00161358 -0.00322207 0.0130585
192.51 0.416955 15.6907 0.572429 1.33488 0.00103392 -0.00447085 0.0305096 -0.999524 0.0691575 0.00643095 -0.01482 0.000497979 0.00038811 0.0230898 0.0684367 0.0107046 -0.014096 0.000577798 0.000431332 0.0228723
193.068 0.417998 15.7153 0.575409 1.3118 0.000948456 -0.00461437 0.0249401 -0.999678 0.0707625 0.0056961 0.00419172 -0.00047167 0.00146662 0.0206652 0.0703489 0.00920799 0.00485721 -0.00047167 0.00146662 0.0206652
194.064 0.405588 15.7682 0.57818 1.31988 0.000936074 -0.00520816 0.01696 -0.999842 0.0735756 0.00489785 0.00217606 -5.41639e-05 0.000799746 0.0153236 0.0733405 0.00738514 0.00295284 -5.41639e-05 0.000799746 0.0153236
195.008 0.410807 15.8316 0.584524 1.29527 0.00125441 -0.00485726 0.00605966 -0.999969 0.0719433 0.00905538 -0.0260098 0.00053439 0.00160781 0.0370693 0.0720771 0.00999247 -0.0252863 0.00053439 0.00160781 0.0370693
195.584 0.416847 15.8676 0.589485 1.28899 0.00100085 -0.00531019 -0.00319814 -0.99998 0.0729198 0.00894774 -0.0330796 0.000718972 0.000246721 0.032747 0.0733228 0.00854545 -0.0322855 0.000718972 0.000246721 0.032747
196.486 0.43343 15.9364 0.596164 1.25717 0.000955202 -0.00553582 -0.0133706 -0.999895 0.0779576 0.00832268 -0.0341863 0.00010075 0.000286061 0.0166149 0.0785267 0.00629465 -0.033306 0.00010075 0.000286061 0.0166149
197.348 0.462617 15.9996 0.598433 1.20397 -5.81152e-05 -0.00592526 -0.00635604 -0.999962 0.0775458 -0.00132881 -0.0181837 -0.00122584 0.00142262 -0.0470699 0.0777327 -0.00231787 -0.0172634 -0.00122584 0.00142262 -0.0470699
197.89 0.474435 16.0418 0.598011 1.18669 2.05219e-05 -0.00657417 0.00565425 -0.999962 0.0819678 -0.0019194 -0.0201242 0.000309783 -0.000157888 -0.0469449 0.0818269 -0.00109249 -0.0189854 0.000234889 -5.03195e-05 -0.0471843
198.46 0.493368 16.0926 0.596476 1.17204 0.000517895 -0.00225472 0.0171354 -0.999851 0.0838826 -0.00223369 0.00379223 -0.00729565 -0.0857323 -0.0379675 0.0856633 0.000409431 0.00380791 -0.00870207 -0.0884471 -0.0385813
199.404 0.497655 16.1485 0.591099 1.1918 0.000617024 -0.000825279 0.0321426 -0.999483 0.0369795 0.00166869 -0.0168761 0.00046796 0.00115882 -0.0319064 0.036823 0.00406292 -0.0168116 0.00046796 0.00115882 -0.0319064
199.958 0.506021 16.1689 0.590738 1.18577 0.000370044 -0.0102814 0.0397703 -0.999156 0.0607789 -6.95877e-05 -0.0222396 -0.000656983 -0.0110023 -0.0160551 0.0574726 0.00474086 -0.0210442 -0.0010111 0.00166513 -0.0185891
200.49 0.461299 16.2063 0.590291 1.17955 0.000337083 -0.00793313 0.0410772 -0.999124 0.0865245 -0.0013132 -0.0223877 0.000949288 -0.00230166 0.000744217 0.0866837 0.0058226 -0.0210109 0.000949288 -0.00230166 0.000744217
201.472 0.505945 16.2999 0.58263 1.19309 -0.000361636 -0.00666253 0.0438567 -0.999016 0.0909866 -0.00798994 -0.00706683 -0.00111738 0.000328916 -0.0234109 0.0914229 1.31409e-05 -0.00584744 -0.00111738 0.000328916 -0.0234109
202.06 0.536277 16.3597 0.57321 1.18961 -0.000307377 -0.00747573 0.0520015 -0.998619 0.0960828 -0.0111903 -0.00434556 0.00466311 -0.00468727 -0.0287338 0.0967796 -0.00114958 -0.00289798 0.00466311 -0.00468727 -0.0287338
203.068 0.599643 16.4642 0.556354 1.19188 -0.00054495 -0.00790883 0.0687331 -0.997604 0.10239 -0.0160827 -0.00258848 0.000255265 0.000202701 -0.0362858 0.103348 -0.00202967 -0.00101495 0.000270223 0.000497498 -0.0366222
203.558 0.637629 16.5166 0.548373 1.19715 0.000873796 0.00149637 0.0765544 -0.997064 0.0789492 -0.0103236 -0.00246116 0.00163101 0.00104317 -0.0316898 0.0834122 0.00142187 -0.00198083 0.000946245 -0.0145514 -0.0319911
204.47 0.687615 16.5774 0.538541 1.19224 0.000447018 -0.00120019 0.0894926 -0.995987 0.0439285 -0.00380272 0.00109602 0.000114325 0.000195898 -0.0302964 0.0442572 0.00409546 0.00111403 7.72784e-05 0.000274593 -0.0302719
205.02 0.703006 16.5966 0.532637 1.19023 0.000309042 0.00103318 0.103811 -0.994596 0.0281961 -0.00413505 0.00145491 -0.00172279 0.00249965 -0.0938482 0.0284453 0.00177599 0.00139534 -0.00172279 0.00249965 -0.0938482
205.996 0.711653 16.6088 0.527494 1.18682 0.000607505 0.00117306 0.152412 -0.988316 0.0150134 -0.00151307 0.00245558 0.000251059 -0.00158222 -0.0991173 0.0147778 0.00307815 0.00242119 0.000251059 -0.00158222 -0.0991173
206.574 0.719583 16.6237 0.520676 1.18501 -0.00217054 -0.0116 0.175137 -0.984473 0.0750526 -0.027645 0.000603018 -0.00066614 -0.0289198 -0.0590295 0.0799456 -6.4164e-05 0.00249044 -0.00066614 -0.0289198 -0.0590295
207.22 0.740776 16.6645 0.499247 1.17171 -0.00179795 -0.00949637 0.1885 -0.982026 0.103157 -0.0411637 -0.000118275 0.000555045 -0.0015214 -0.0322713 0.111048 -4.34224e-05 0.00202857 0.000555045 -0.0015214 -0.0322713
207.76 0.772451 16.7018 0.481254 1.16377 0.00115216 0.00166463 0.19584 -0.980634 0.0573043 -0.0192678 0.00873896 0.00131948 0.0265395 -0.02709 0.0635139 0.00418782 0.00825166 0.00151746 0.0269991 -0.0271376
208.314 0.786513 16.7202 0.470206 1.16808 0.000646536 -0.000669469 0.202594 -0.979262 0.035861 -0.010864 0.00567555 -3.9052e-05 0.00205681 -0.0273544 0.0372219 0.00424819 0.00572114 -3.9052e-05 0.00205681 -0.0273544
209.374 0.823579 16.781 0.432085 1.17792 -0.00229892 -0.0112074 0.22142 -0.975111 0.0979083 -0.051648 0.00439041 0.000626591 -0.00188739 -0.0359585 0.110483 -0.00430159 0.00691746 0.000626591 -0.00188739 -0.0359585
210.56 0.92723 16.9108 0.351974 1.11483 -0.00272825 -0.0115102 0.239252 -0.970886 0.11359 -0.06621 -0.0277253 0.00137809 0.00110246 -0.0281596 0.131967 -0.00584515 -0.0246116 0.00137809 0.00110246 -0.0281596
211.118 1.00583 16.99 0.304255 1.08373 -0.00338099 -0.0132912 0.246748 -0.968983 0.123782 -0.0748173 -0.0340318 -0.000419703 -0.00170782 -0.0272841 0.145369 -0.00650275 -0.0300562 -0.000419703 -0.00170782 -0.0272841
211.732 1.03701 17.0849 0.244277 1.02306 -0.00359425 -0.0147502 0.254679 -0.966907 0.136558 -0.0850467 -0.0357738 0.000162823 -0.000427159 -0.0220423 0.161056 -0.00688596 -0.0304655 -0.000260332 -0.000674282 -0.0225409
212.36 1.00283 17.1948 0.176335 0.989761 -0.00147205 -0.0155707 0.26044 -0.965363 0.14971 -0.0902226 0.00126473 -0.0138856 -0.000343398 -0.00848934 0.174652 -0.00270259 0.0066382 -0.0138856 -0.000343398 -0.00848934
212.948 0.922295 17.3058 0.116773 0.964731 -0.00191364 -0.0154601 0.257483 -0.966157 0.158706 -0.0814884 0.000260001 0.0021971 0.00252801 0.0268157 0.17799 0.00799318 0.00555402 0.00218058 0.0027818 0.0263581
213.604 0.810889 17.4312 0.0536491 0.985132 -0.00269998 -0.0148577 0.250066 -0.968111 0.160512 -0.0829644 0.00369006 -0.000711317 0.00172844 0.0220478 0.180418 0.0051347 0.0091394 -0.000711317 0.00172844 0.0220478
214.858 0.612116 17.6831 -0.0741286 1.04246 -0.00186061 -0.0122342 0.240945 -0.97046 0.158988 -0.0785024 0.00389572 0.00698697 -0.106682 0.018506 0.177093 0.0049625 0.00827354 0.00698697 -0.106682 0.018506
215.512 0.551243 17.7835 -0.123161 1.0456 0.000240521 -0.000677411 0.236419 -0.971651 0.0878915 -0.0443122 -0.000488619 0.00312984 -0.0117749 0.00595164 0.0984253 0.00102201 -0.00036944 0.00312984 -0.0117749 0.00595164
216.15 0.526308 17.839 -0.151178 1.04377 4.48077e-05 4.85352e-05 0.247623 -0.968857 0.054263 -0.0297417 0.00203312 0.00399192 -0.00217922 -0.104992 0.0618794 -5.79203e-05 0.00202593 0.00399192 -0.00217922 -0.104992
217.578 0.51308 17.8888 -0.181899 1.0496 0.000618018 0.00159918 0.385496 -0.922708 0.0223084 -0.0147164 -0.00055981 3.51895e-05 -0.00217317 -0.22207 0.0261452 0.00552773 -0.000649942 3.51895e-05 -0.00217317 -0.22207
218.94 0.516545 17.8901 -0.188081 1.05099 0.000661327 0.00271911 0.482902 -0.87567 0.00780208 -0.00406667 -0.00457034 0.000466825 -0.000982067 -0.108813 0.00799436 0.00458052 -0.00489953 0.000522513 -0.0011201 -0.110552
220.062 0.524571 17.8662 -0.178719 1.04831 -0.00201075 -0.00321717 0.520055 -0.854124 0.000211208 -0.00186574 -0.0115821 -0.0195334 0.142753 -0.0597906 0.0018423 -0.000669909 -0.0115684 -0.0195334 0.142753 -0.0597906
220.71 0.536282 17.8621 -0.193126 1.04102 -0.00300577 -0.00665777 0.531255 -0.84718 0.0388577 -0.0593143 -0.017275 0.00209424 -0.00562198 -0.0259505 0.0705592 0.00918066 -0.0162373 0.00209424 -0.00562198 -0.0259505
221.358 0.557365 17.8675 -0.225131 1.03166 -0.00318148 -0.00582212 0.536961 -0.843581 0.0416902 -0.0720121 -0.031919 -0.00018922 -0.00107127 -0.0201497 0.0833051 0.00731398 -0.0308124 -0.00018922 -0.00107127 -0.0201497
221.984 0.582689 17.879 -0.268041 1.02321 -0.00320847 -0.00738432 0.543444 -0.839407 0.0401567 -0.0777867 -0.00621743 -0.00333604 0.00605188 -0.0195578 0.0874963 0.0048155 -0.00481554 -0.00333604 0.00605188 -0.0195578
222.638 0.616027 17.8961 -0.320819 1.03582 -0.00276019 -0.00802111 0.546118 -0.837665 0.0439136 -0.0847503 0.00474766 -0.00359048 -0.00229539 0.00508424 0.0950746 0.00572602 0.00674891 -0.00571451 -0.00406036 0.00322623
223.272 0.655167 17.9228 -0.381697 1.02992 -0.00336791 -0.00874204 0.542403 -0.840067 0.0475717 -0.0884522 0.00494184 0.000351462 0.000602207 0.0235741 0.0998739 0.00700666 0.00682748 0.000425295 0.000488834 0.0233203
223.96 0.660674 17.9579 -0.448379 1.01774 0.00138496 -0.000371354 0.536808 -0.843704 0.0264594 -0.0486268 0.0103501 -0.000688097 0.0237793 0.0221769 0.0552659 0.00333718 0.0103118 -0.000688097 0.0237793 0.0221769
224.626 0.618894 17.9773 -0.489419 1.00164 0.00105587 -0.00149601 0.531702 -0.846929 0.0146405 -0.0303455 0.0102115 -0.00850749 -0.0222707 0.0396555 0.0336782 -3.65888e-05 0.0102589 -0.00850749 -0.0222707 0.0396555
225.65 0.586395 18.0058 -0.519848 1.00265 0.00206694 -0.000467118 0.425699 -0.904862 0.0109386 -0.0052551 0.00868317 0.00181965 -0.0034153 0.391437 0.0112993 0.00501741 0.00904881 0.00139181 -0.00323672 0.386543
226.328 0.576141 18.0217 -0.526209 1.00963 0.00188922 0.000277801 0.315033 -0.949079 0.00664237 -0.00179211 0.00548945 0.00173421 -0.00327503 0.381155 0.00640499 0.00251692 0.00548707 0.00173421 -0.00327503 0.381155
227.826 0.581002 18.0415 -0.517602 1.04051 0.00222308 0.00132134 0.10479 -0.994491 0.00285489 0.00301011 -0.00300964 0.00049423 -0.00244135 0.236871 0.00208455 0.00340275 -0.00267063 0.000300248 -0.00248194 0.238444
228.67 0.593404 18.0431 -0.505162 1.03086 0.00222074 0.00176426 0.0185484 -0.999824 0.00216283 0.00420435 -0.00147551 0.000427345 -0.00154537 0.186339 0.00188519 0.00431674 -0.00155686 0.000262319 -0.0014085 0.188951
229.45 0.603343 18.0364 -0.495344 1.03017 0.00232355 0.00198879 -0.0375739 -0.999289 0.00176117 0.00369646 0.000486006 0.000197487 -0.000818041 0.127592 0.00203564 0.00355142 0.000495302 0.000197487 -0.000818041 0.127592
231.146 0.644158 18.0128 -0.453739 1.01645 0.00257081 -0.00829857 -0.117399 -0.993047 0.052323 0.0166554 0.00140283 0.000585809 -0.0237979 0.051884 0.0547323 0.00398953 0.0023509 0.000585809 -0.0237979 0.051884
231.84 0.664508 18.0355 -0.427132 1.02791 0.00260073 -0.00658039 -0.131562 -0.991283 0.0857295 0.0260076 -0.00036754 -0.00024902 -0.00197561 0.0344173 0.0895421 0.00274443 0.000871391 -0.00024902 -0.00197561 0.0344173
233.424 0.619267 18.055 -0.388315 1.03268 0.000611359 0.00157931 -0.15705 -0.987589 0.0280825 0.00922521 -0.00447108 0.000764938 -0.000623745 0.0304309 0.0294359 3.34767e-05 -0.00430712 0.000956238 -0.000206864 0.0303531
234.162 0.614035 18.042 -0.380732 1.04129 0.00043004 0.00167664 -0.168601 -0.985683 0.0240822 0.0104236 -0.0122618 0.000616779 0.000526953 0.0300663 0.0261387 0.00184402 -0.0123418 0.000616779 0.000526953 0.0300663
235.668 0.625502 18.0008 -0.378962 1.04022 0.000270988 0.00185877 -0.19281 -0.981234 0.0187268 0.0102818 -0.0131827 0.000185976 9.84106e-05 0.0313244 0.0214152 0.00238822 -0.0136175 0.000268101 0.000324887 0.0312292
236.4 0.635327 17.9797 -0.381027 1.03202 0.000246354 0.00185595 -0.204952 -0.97877 0.0159956 0.00942948 -0.00631387 -0.000177775 -1.96462e-05 0.0323661 0.0185495 0.00218591 -0.00742746 -0.000107365 0.000233006 0.0323566
237.086 0.646366 17.9625 -0.386629 1.02897 0.000276129 0.00190231 -0.216341 -0.976316 0.0140493 0.00775517 0.000111828 -0.000138131 -0.000213061 0.0322429 0.0163869 0.00133031 0.000121242 -6.52367e-05 -5.75241e-05 0.0322966
238.478 0.683057 17.9229 -0.409241 1.04274 -0.00139086 -0.000542792 -0.215629 -0.976474 0.0198036 -0.00517044 -0.00378634 -0.00515353 0.000120092 -0.168491 0.0157864 -0.0130403 -0.00374062 -0.00515353 0.000120092 -0.168491
239.184 0.682453 17.9158 -0.420468 1.03086 5.78422e-05 -0.00030318 -0.140666 -0.990057 0.0235177 -0.00643552 -0.00236218 -0.00241524 0.00149188 -0.226187 0.020796 -0.0127313 -0.00234973 -0.00241524 0.00149188 -0.226187
239.906 0.672205 17.9054 -0.430862 1.02127 0.000852058 -0.000885986 -0.08309 -0.996541 0.0186149 -0.00304333 0.00183799 0.000100527 0.00195292 -0.1144 0.0178504 -0.00608692 0.0018626 0.000100527 0.00195292 -0.1144
241.406 0.662787 17.9454 -0.438844 1.00743 0.00036043 -0.00829829 -0.0380828 -0.99924 0.0756686 -0.00715227 -0.00639861 -0.000394638 0.000953634 -0.0434147 0.0750007 -0.0128904 -0.00515459 -0.000394638 0.000953634 -0.0434147
242.132 0.662889 18.0062 -0.439165 1.01315 0.000601457 -0.00868833 -0.0260548 -0.999623 0.0841709 -0.00877178 -0.006641 -1.04935e-05 0.00225186 -0.0339815 0.0837027 -0.0131402 -0.00519509 -1.04935e-05 0.00225186 -0.0339815
243.54 0.632873 18.173 -0.424073 0.979599 0.00109389 -0.0100007 -0.0102718 -0.999897 0.101172 -0.00560573 -0.00333204 0.000910659 -0.000148537 -0.0129032 0.100285 -0.00807121 -0.0015382 0.000480797 0.00010092 -0.0138459
244.334 0.612515 18.2798 -0.409554 0.977695 0.000880068 -0.00988502 -0.0077122 -0.999921 0.105706 -0.00281653 -0.0039067 0.000895985 0.00107882 -0.00550387 0.105707 -0.00444208 -0.00182311 0.000895985 0.00107882 -0.00550387
245.804 0.601145 18.4872 -0.393743 0.958015 -0.00017264 -0.00928888 0.0151595 -0.999842 0.110298 -0.0117746 0.00501619 -8.4939e-05 0.000805544 -0.0466719 0.110012 -0.00865042 0.00691114 -0.000347406 0.000784096 -0.0470576
246.604 0.612431 18.6 -0.391862 0.961992 -0.000150032 -0.00932815 0.0297929 -0.999513 0.116616 -0.0115145 0.00461547 0.000639382 0.000406571 -0.0356099 0.116988 -0.00454971 0.00679804 0.000639382 0.000406571 -0.0356099
247.386 0.627993 18.6913 -0.387738 0.962431 0.000631188 -0.000883734 0.0406839 -0.999171 0.0664525 -0.00337323 0.000613936 0.000631042 0.0072366 -0.028806 0.0665056 0.00203966 0.000730691 0.000631042 0.0072366 -0.028806
248.222 0.639157 18.7684 -0.383978 0.979104 0.00102762 -0.00909992 0.0454598 -0.998924 0.113402 -0.00168818 0.00266749 0.0109822 -0.0846993 0.0161888 0.111448 0.00841381 0.00667305 0.00848103 -0.0610036 0.0152488
249.768 0.671385 18.8669 -0.376945 0.978699 0.00202736 -0.00959601 0.0238197 -0.999668 0.0631083 -0.000816823 0.0031734 -0.00890022 0.0742356 0.0359083 0.0590554 0.00150327 0.0045161 -0.0151925 0.10251 0.034054
250.61 0.690724 18.9343 -0.367417 0.991681 0.0016772 -0.00887169 0.0051149 -0.999946 0.121061 0.00731896 -3.59301e-05 0.000588947 -0.00164511 0.0503387 0.120046 0.00854619 0.00220748 0.000356171 -0.00193565 0.0506456
251.41 0.720859 19.0151 -0.352183 1.00148 0.00145289 -0.0092218 -0.0114274 -0.999891 0.13165 0.0109628 -0.000627681 0.000669448 0.00167727 0.038829 0.131569 0.00791488 0.00192418 0.000537567 0.00181646 0.0395451
252.294 0.769023 19.1181 -0.333446 1.00322 0.00129559 -0.0100207 -0.0247408 -0.999643 0.140611 0.0134333 -0.00141348 -1.27038e-05 0.000835003 0.0271789 0.14063 0.00663356 0.00136975 -8.36814e-05 0.000533724 0.0280254
253.076 0.837542 19.2263 -0.32024 0.991737 0.00132648 -0.0110443 -0.0334246 -0.999379 0.15036 0.0149694 -0.00182471 0.000669464 0.000454504 0.0193619 0.150576 0.00491469 0.00146255 0.000606125 0.000439707 0.019698
253.918 0.925532 19.3564 -0.298481 0.997194 0.00114934 -0.0124065 -0.0401151 -0.999117 0.163269 0.0188992 -0.00075651 0.000516557 0.000292431 0.0125902 0.164226 0.00574712 0.00333849 0.000516557 0.000292431 0.0125902
254.774 0.999041 19.5019 -0.276209 0.991479 0.00111526 -0.0138535 -0.0445121 -0.998912 0.17944 0.022296 -0.00134334 0.00134681 0.000155816 0.00865282 0.180679 0.00624625 0.00368287 0.00134681 0.000155816 0.00865282
255.554 0.988377 19.6506 -0.255113 0.981604 0.00103916 -0.0153145 -0.0473008 -0.998763 0.193765 0.0237114 -0.00077862 -0.00069564 -0.000329375 0.00505201 0.195071 0.00529175 0.00521378 -0.00069564 -0.000329375 0.00505201
256.476 0.990985 19.8464 -0.231423 0.981875 0.000992715 -0.015513 -0.0495124 -0.998653 0.201266 0.0247234 -0.00157845 0.000486772 0.00114647 0.00360321 0.202488 0.00464455 0.00478071 0.000596207 0.000675052 0.003681
257.398 0.984598 20.05 -0.20605 0.976862 0.00089348 -0.0163355 -0.050716 -0.998579 0.208105 0.0252924 0.00126271 -0.000237645 0.00877256 0.00158331 0.209443 0.00407754 0.00811956 -0.000237645 0.00877256 0.00158331
258.304 0.992686 20.2557 -0.179002 0.985557 0.000703387 -0.0154296 -0.0514372 -0.998557 0.211399 0.0263876 -0.000235968 -8.73513e-06 -0.00304505 0.000637697 0.212898 0.00452715 0.00634202 -8.73513e-06 -0.00304505 0.000637697
259.222 0.991933 20.4673 -0.153414 0.986581 0.000549298 -0.0141472 -0.0515936 -0.998568 0.207495 0.0256919 0.00185163 -0.000209635 -0.00397862 -0.0004724 0.208902 0.00417236 0.00776738 -0.000209635 -0.00397862 -0.0004724
260.838 0.994246 20.8232 -0.125216 0.990215 0.00060918 -0.0118937 -0.05174 -0.99859 0.189209 0.0199759 0.00179135 -7.94555e-05 -0.00307081 -0.00153283 0.190679 0.000346261 0.00646705 -0.000126525 -0.00297931 -0.00150973
262.488 0.993245 21.1173 -0.0957895 0.982001 0.000621243 -0.00974697 -0.0511828 -0.998642 0.168464 0.0170937 0.00265287 0.000100646 -0.00251302 1.16662e-05 0.169245 -0.000220042 0.00595948 0.000100646 -0.00251302 1.16662e-05
263.312 0.988333 21.2477 -0.0823709 0.981047 0.000565362 -0.00882888 -0.0516481 -0.998626 0.155207 0.0154221 0.00214769 -6.19518e-05 -0.00199104 0.000357123 0.15668 -0.000603239 0.00486606 2.59538e-05 -0.00218155 0.000350338
264.942 0.982774 21.4622 -0.0650783 0.980566 0.00072139 -0.00706161 -0.0526872 -0.998586 0.133824 0.0112934 0.00223775 7.01385e-05 -0.00196831 0.00244169 0.134225 -0.00285395 0.00413939 7.01385e-05 -0.00196831 0.00244169
266.592 1.00375 21.6419 -0.0441652 0.998821 0.000725895 -0.0055114 -0.0545419 -0.998496 0.111169 0.00907336 0.00361821 -0.000205886 -0.00157453 0.00433043 0.111449 -0.00309308 0.00485134 -0.000205886 -0.00157453 0.00433043
267.57 1.01524 21.7315 -0.0341608 1.00608 0.00191157 -0.0203759 -0.0565652 -0.998189 0.1252 0.0109557 -0.00680385 -0.000354932 0.0739763 0.00280309 0.125809 -0.00325224 -0.00166528 -0.000354932 0.0739763 0.00280309
269.226 1.00244 21.9689 0.00356651 0.996774 0.000228257 -0.00371032 -0.0562962 -0.998407 0.124473 0.0108578 0.00299662 0.000116559 -0.0127473 -0.000703384 0.124879 -0.00320379 0.00392503 0.000116559 -0.0127473 -0.000703384
270.17 1.01478 22.0575 0.0169756 1.01046 -0.000263916 0.000609062 -0.0560726 -0.998426 0.0594463 0.000472675 -0.00706786 -0.000955422 -0.00491092 0.000193477 0.0609683 -0.0060474 -0.00649378 -0.000901143 -0.00507529 0.00016839
271.084 1.02303 22.0872 0.0167838 1.01314 -0.000121962 0.00213323 -0.0561842 -0.998418 0.0215487 -0.00379044 -0.0127567 -0.000298265 -0.00197023 -0.000163464 0.0209327 -0.00618413 -0.0128462 -0.000298265 -0.00197023 -0.000163464
272.786 1.01157 22.073 0.0127353 1.00408 -0.000151881 0.00200908 -0.0560502 -0.998426 -0.00510982 -0.00521669 -0.00322388 -0.00127635 0.000363014 -0.000386278 -0.00567453 -0.00461225 -0.00320069 -0.00127635 0.000363014 -0.000386278
