81.174 0.336322 -0.0366604 0.033161 0.336275 1.13739e-05 0.000249943 -0.332757 -0.943012 -0.00394947 -0.0017416 0.0127934 5.05709e-05 -0.000451041 -0.00974071 -0.00416191 0.00112033 0.0127955 5.05709e-05 -0.000451041 -0.00974071
81.574 0.336312 -0.0370595 0.032909 0.335253 9.92975e-06 0.000312039 -0.330801 -0.9437 -0.00401673 -0.00103516 0.0163972 -8.55122e-05 -0.000269205 -0.00400723 -0.00377439 0.00169556 0.0163998 -8.55122e-05 -0.000269205 -0.00400723
82.464 0.334404 -0.0384506 0.0317404 0.335073 2.95475e-05 0.000324818 -0.330074 -0.943955 -0.00352817 -0.00122581 0.0216842 -0.000493479 8.03329e-05 0.000984703 -0.00351038 0.00123402 0.0216866 -0.000493479 8.03329e-05 0.000984703
83.436 0.356434 -0.0403749 0.0302707 0.358221 8.71387e-05 0.000435012 -0.329849 -0.944034 -0.00281556 -0.000750038 0.0253993 0.000150784 -7.44843e-05 -0.000622691 -0.00258649 0.00101116 0.0250768 5.75396e-05 -0.000133614 -0.000711922
83.832 0.367946 -0.0451006 0.0309592 0.369288 8.98861e-06 0.000299964 -0.32977 -0.944061 -0.00441775 -0.000156886 0.0194148 0.00103332 0.000730478 0.00150949 -0.00354371 0.00262376 0.0194174 0.00103332 0.000730478 0.00150949
84.266 0.378546 -0.048618 0.0293952 0.37971 1.26907e-05 0.000222251 -0.32997 -0.943991 -0.00374715 -0.00127179 0.0172467 -0.00124156 7.81496e-05 -0.00120111 -0.00374023 0.00145835 0.017202 -0.00119144 0.000115328 -0.00115052
84.792 0.3878 -0.0502298 0.0288872 0.389066 8.75009e-05 0.00031073 -0.328853 -0.944381 -0.00256049 -0.000566143 0.0156003 -1.30862e-05 -0.000658777 0.00284904 -0.00248529 0.00101073 0.0155128 -9.96972e-05 -0.000715284 0.00256602
85.194 0.392097 -0.0519512 0.030389 0.387957 -2.82517e-05 0.000349152 -0.32906 -0.944309 -0.00227429 0.000626669 0.0126698 0.000300963 -0.000356702 0.00389679 -0.00138372 0.00190212 0.0126711 0.000300963 -0.000356702 0.00389679
86.228 0.377531 -0.059406 0.0299591 0.375977 -5.67503e-05 0.000291729 -0.329198 -0.944261 -0.00303231 0.000323383 0.014769 0.000103173 0.000291741 0.00139538 -0.00216535 0.00213722 0.0147705 0.000103173 0.000291741 0.00139538
86.622 0.382381 -0.0634156 0.0274356 0.383575 1.2767e-05 0.000278044 -0.328669 -0.944445 -0.00379657 -0.000303225 0.0203764 0.000130445 0.000630023 0.00309631 -0.00315405 0.00211505 0.0203785 0.000130445 0.000630023 0.00309631
87.03 0.373194 -0.0650055 0.0261539 0.368946 1.42755e-05 0.00025185 -0.3284 -0.944539 -0.00301944 7.28081e-05 0.0187682 -0.000297027 -0.000708752 0.0051172 -0.00241928 0.00195988 0.0185082 -0.0002831 -0.000661717 0.00506161
87.988 0.372796 -0.0692354 0.0240228 0.373248 8.77068e-07 0.000340756 -0.328583 -0.944475 -0.00304086 4.81728e-05 0.0238707 -9.56899e-05 0.000641415 0.0051759 -0.00233898 0.00191977 0.0238726 -9.56899e-05 0.000641415 0.0051759
88.416 0.389263 -0.075264 0.0242304 0.388948 -6.88894e-05 0.000247531 -0.328623 -0.944461 -0.00499481 0.000613916 0.0235845 0.00108034 0.000966251 0.00482485 -0.00339273 0.00346319 0.023484 0.00105157 0.000866227 0.00481569
88.834 0.398712 -0.0799136 0.0241053 0.397364 -0.000145328 0.000109186 -0.329257 -0.94424 -0.00519905 0.000684333 0.0192852 9.01427e-05 -0.000123351 0.00271247 -0.00364045 0.00377261 0.0192855 9.01427e-05 -0.000123351 0.00271247
89.238 0.402809 -0.0826219 0.0238839 0.403253 -0.000146868 0.00011574 -0.329164 -0.944273 -0.00445083 0.000749601 0.0171062 -0.000222898 -0.000321008 0.00149181 -0.00301497 0.00335742 0.0171064 -0.000222898 -0.000321008 0.00149181
89.65 0.430507 -0.0846008 0.0227514 0.430582 0.000824258 0.000256445 -0.334745 -0.942308 -0.00493295 0.00190833 0.0200009 -0.00713902 0.000986251 0.105284 -0.0026249 0.00455818 0.0200086 -0.00713902 0.000986251 0.105284
90.734 0.473647 -0.0908436 0.0229467 0.474361 -0.000174028 -8.29291e-05 -0.44953 -0.893265 -0.00482449 0.00285415 0.00558393 0.000530868 0.000204776 0.257134 -0.000582441 0.00557733 0.00558179 0.000530868 0.000204776 0.257134
91.202 0.48931 -0.0914901 0.0223658 0.48882 -0.000197525 -0.000109467 -0.495264 -0.868743 -0.00248392 0.000735636 0.000731747 -5.77804e-05 0.00017282 0.215459 -0.000632347 0.00251253 0.000730616 -5.77804e-05 0.00017282 0.215459
91.66 0.497344 -0.0924298 0.0216284 0.496009 -0.000224652 -0.00015818 -0.534002 -0.845483 -0.00139449 -0.000500128 -0.00123315 0.000393934 0.000335376 0.172831 -0.00105076 0.00104362 -0.00123375 0.000393934 0.000335376 0.172831
92.626 0.50852 -0.0912441 0.0227632 0.507925 -0.000301477 -0.000170583 -0.587418 -0.809284 0.000813398 -0.000354838 -0.00369418 -0.000940257 -0.000551339 0.112195 -8.56036e-05 -0.000885859 -0.00369357 -0.000940257 -0.000551339 0.112195
93.118 0.507709 -0.0891547 0.0212492 0.504122 -0.00019337 -0.000153818 -0.606245 -0.795278 0.00114688 -0.00170587 -0.00377845 -0.000666571 0.000998741 0.0920154 -0.00134103 -0.00155971 -0.0037777 -0.000666571 0.000998741 0.0920154
93.618 0.501022 -0.0883444 0.0200308 0.498706 -0.000131454 -0.000235219 -0.621632 -0.783309 0.000816236 -0.00170988 -0.00107562 0.000260076 8.88152e-05 0.0751767 -0.00147956 -0.00118383 -0.00107533 0.000260076 8.88152e-05 0.0751767
94.166 0.526255 -0.086114 0.0246943 0.530947 0.00283404 -0.00592455 -0.630857 -0.775872 0.0117885 0.0253302 0.0688901 -0.00174848 -0.0152686 -0.00679394 0.0263204 -0.00616047 0.0692511 -0.00174848 -0.0152686 -0.00679394
95.132 0.535044 -0.0788038 0.0421411 0.534335 -0.000282133 -5.90911e-05 -0.609448 -0.792826 0.00335138 0.00349087 -0.00255406 -0.000532562 0.000446211 -0.0820142 0.00423464 -0.00234234 -0.0025539 -0.000532562 0.000446211 -0.0820142
96.088 0.589103 -0.0714724 0.0558519 0.590467 0.00223999 -0.00442521 -0.584662 -0.811262 0.015421 0.0318855 0.0948601 -0.000307401 -0.00272089 -0.0540417 0.034195 -0.00439663 0.0952066 -0.000307401 -0.00272089 -0.0540417
96.646 0.601979 -0.0638708 0.0772697 0.594691 -0.00101642 0.00116775 -0.573673 -0.819083 0.0111506 0.0260642 0.00127338 0.000893387 -0.00386705 -0.0530798 0.0307554 -0.0017937 -0.00134696 0.000425875 -0.0161412 -0.0520593
97.156 0.617297 -0.0572353 0.0922198 0.620932 0.00293596 -0.00650463 -0.562089 -0.827046 0.0167291 0.0321834 0.104508 -0.00116071 -0.0102822 -0.0583588 0.0346086 -0.00345127 0.105014 -0.00116071 -0.0102822 -0.0583588
97.738 0.649943 -0.0432758 0.121913 0.656754 0.00523505 -0.00711332 -0.55102 -0.834445 0.0257395 0.0611866 0.0657469 0.000612808 -0.00687915 -0.0209286 0.063622 -0.000135247 0.0670527 0.000345948 -0.00619171 -0.0229367
98.33 0.683628 -0.0245648 0.162365 0.686983 0.00475726 -0.00696754 -0.550618 -0.834715 0.030181 0.0778042 0.0667573 0.000301811 -0.00102005 0.0129544 0.0822651 0.00286043 0.0681556 0.000301811 -0.00102005 0.0129544
98.888 0.709481 -0.000128323 0.213526 0.710624 0.00549972 -0.00813534 -0.55334 -0.832897 0.0372959 0.0916361 0.0267578 -0.000727048 -0.00273148 0.0140552 0.0983841 0.00113018 0.0286956 -0.000727048 -0.00273148 0.0140552
99.528 0.72857 0.0286379 0.285034 0.72898 0.00517489 -0.00872455 -0.555918 -0.831175 0.042336 0.103841 0.0176107 0.00624096 -0.00221896 0.00612225 0.111759 0.000543959 0.019878 0.00624096 -0.00221896 0.00612225
100.74 0.745406 0.0956063 0.441307 0.741617 0.00633473 -0.00856164 -0.552085 -0.83372 0.0500457 0.118516 0.0134482 0.000866645 -0.000909651 0.00159897 0.128334 0.000168885 0.0161818 0.000866645 -0.000909651 0.00159897
101.418 0.749396 0.132055 0.530621 0.75077 0.00628396 -0.00903944 -0.554303 -0.832242 0.051157 0.127198 0.0148499 -0.000318475 -0.00045168 0.0127474 0.136727 0.00181293 0.0178647 -0.000318475 -0.00045168 0.0127474
102.018 0.770593 0.168925 0.619452 0.769008 0.00642707 -0.00937893 -0.556793 -0.830574 0.053838 0.132796 -0.00197663 0.000578308 0.00231357 0.011073 0.143301 0.000645192 0.00128207 0.000578308 0.00231357 0.011073
102.636 0.731787 0.203034 0.707993 0.768303 0.00667806 -0.00981136 -0.558505 -0.829416 0.0561529 0.13952 -0.00115903 0.000450408 0.000241051 0.00743729 0.150103 0.000356217 0.00250834 0.000325786 -8.67767e-05 0.00765375
103.852 0.697277 0.269379 0.890726 0.789687 0.00610183 -0.00979612 -0.558736 -0.829265 0.0583527 0.14362 0.015853 0.00779835 -0.00811251 -0.00107689 0.154615 -0.000131132 0.0194246 0.00779835 -0.00811251 -0.00107689
105.068 0.725447 0.34973 1.07893 0.83301 0.0058335 -0.00953391 -0.552445 -0.833475 0.0634562 0.141835 0.0175813 -2.7911e-05 0.000462399 -0.0148075 0.154827 -0.00321807 0.021098 -6.19774e-05 0.000606083 -0.0148872
105.74 0.757812 0.393368 1.18028 0.84856 0.00678497 -0.00968225 -0.549756 -0.835242 0.0632165 0.149226 -0.00584996 0.000859209 -0.00112282 0.000601231 0.161959 0.000741056 -0.00208778 0.000933526 -0.00137747 -4.04245e-05
106.406 0.756564 0.429106 1.27339 0.852236 0.00686756 -0.0105798 -0.550729 -0.834589 0.0635532 0.154017 -0.00648681 0.00111904 0.0006678 0.00989374 0.166456 0.00226934 -0.00225364 0.00138335 0.00075771 0.0100153
107.06 0.750823 0.472338 1.37819 0.851268 0.00690186 -0.0105535 -0.551763 -0.833906 0.0669355 0.158446 -0.0046791 -0.000496667 -0.000235294 0.00493021 0.172067 0.000348598 -0.000340126 -0.000496667 -0.000235294 0.00493021
107.848 0.760474 0.521129 1.50468 0.860636 0.00680389 -0.0106279 -0.552032 -0.833728 0.0673671 0.161239 0.0098951 0.00139759 -0.000496852 0.000578875 0.174196 0.000806799 0.0142792 0.00117501 -0.000216698 0.000731476
108.552 0.766666 0.567144 1.62536 0.86565 0.0068446 -0.0107975 -0.55173 -0.833925 0.0692083 0.1653 0.00493424 -0.00101814 0.00062942 -0.00135515 0.179016 0.000954412 0.00951277 -0.00101814 0.00062942 -0.00135515
109.238 0.768054 0.614864 1.74028 0.869427 0.00702935 -0.0109394 -0.550949 -0.834437 0.069978 0.167453 0.00510202 -0.000256647 0.000531524 0.00181638 0.181287 0.00142599 0.00981874 -0.000256647 0.000531524 0.00181638
109.922 0.779638 0.663131 1.84902 0.881248 0.00715589 -0.0110254 -0.551212 -0.834262 0.0714738 0.168853 0.00763056 0.000369245 -0.000216181 0.0029136 0.183092 0.000484048 0.0124473 0.000369245 -0.000216181 0.0029136
110.604 0.797447 0.708918 1.96154 0.897272 0.0072124 -0.0112954 -0.551351 -0.834166 0.0717023 0.171955 0.00982719 0.000987609 0.000133264 0.00118722 0.18597 0.00143097 0.0148155 0.000987609 0.000133264 0.00118722
111.378 0.808838 0.764939 2.10228 0.911593 0.00707415 -0.0115089 -0.551193 -0.834269 0.0730214 0.178136 0.0105384 0.00391138 -0.00137789 0.000887239 0.192148 0.00271858 0.01573 0.00391138 -0.00137789 0.000887239
112.84 0.825815 0.880423 2.35004 0.928527 0.00736512 -0.0118632 -0.547402 -0.836753 0.0787493 0.177214 0.0112754 -9.91902e-05 0.00107186 -0.00620905 0.193548 -0.00123119 0.0166543 -0.000168443 0.00102975 -0.00633837
114.394 0.823185 1.00438 2.6249 0.919256 0.00870033 -0.00980494 -0.548517 -0.836037 0.0720994 0.181401 -0.0119501 0.000482208 0.00203025 0.0259791 0.195353 0.00612347 -0.00686194 0.000482208 0.00203025 0.0259791
115.17 0.812332 1.05514 2.76634 0.909573 0.00837013 -0.0108476 -0.560823 -0.827823 0.0652339 0.183091 -0.011634 9.31422e-05 0.000884726 0.0450463 0.194373 0.00762304 -0.00634956 -0.00026473 0.000603622 0.0454947
115.93 0.799906 1.09828 2.89818 0.902615 0.00846055 -0.0101227 -0.571881 -0.820231 0.0627462 0.183634 0.0182215 -0.00344404 -0.000601633 0.0363101 0.193457 0.00457596 0.0233247 -0.00344404 -0.000601633 0.0363101
116.646 0.807591 1.13475 3.02616 0.905371 0.00843345 -0.0105167 -0.582374 -0.812809 0.0571097 0.183726 0.0173404 0.000321921 0.000574248 0.0412436 0.191795 0.00497264 0.0225188 0.000321921 0.000574248 0.0412436
117.394 0.787585 1.17267 3.16411 0.880865 0.00819581 -0.0115879 -0.590769 -0.806716 0.06114 0.188888 -0.0176523 -0.00107289 -0.000188904 0.0169658 0.198808 -0.00116109 -0.0121539 -0.00120197 -0.000432188 0.0175286
118.178 0.763534 1.21232 3.31024 0.860887 0.00785065 -0.0117299 -0.593466 -0.804735 0.0615593 0.190231 -0.00444011 0.000269993 0.000639988 0.00490356 0.199922 -0.00249674 0.00109506 0.00057002 0.00107907 0.00582849
118.872 0.756767 1.24797 3.43691 0.855805 0.00766852 -0.0113708 -0.59323 -0.804916 0.0612724 0.189425 -0.00519728 0.000219676 0.000762331 -0.00245439 0.19914 -0.0024546 0.000262771 0.000219676 0.000762331 -0.00245439
119.62 0.763957 1.28303 3.55527 0.863966 0.00121071 -0.0022507 -0.5996 -0.800295 0.0366671 0.117921 -0.00562487 0.00184615 0.0155685 0.0596364 0.1235 -0.00206393 -0.00499915 0.00184615 0.0155685 0.0596364
121.172 0.679962 1.33381 3.73683 0.899707 0.00771132 -0.0105019 -0.625526 -0.780095 0.0454316 0.175855 0.0213438 -0.000566453 -0.00193915 0.0103882 0.180908 -0.00610606 0.0260688 -0.000566453 -0.00193915 0.0103882
121.884 0.624124 1.35912 3.84109 0.916715 0.00703693 -0.00806158 -0.630214 -0.776348 0.0359839 0.170971 0.0279084 0.00166329 0.00307613 0.0323436 0.174321 -0.000243157 0.0316384 0.00192794 0.00405695 0.0307646
122.684 0.57551 1.37972 3.9533 0.923285 0.00449637 -0.00930632 -0.639688 -0.768565 0.0362991 0.161584 0.0312695 0.00309137 0.000648205 0.0127361 0.164828 -0.00620243 0.0346139 0.00309137 0.000648205 0.0127361
123.56 0.53829 1.40997 4.07094 0.934945 0.00500828 -0.00856544 -0.631717 -0.775136 0.0422285 0.149463 0.0268185 -0.000553923 0.00129711 -0.0394728 0.154498 -0.0111307 0.0319094 -0.000449692 0.00132446 -0.039429
124.374 0.542036 1.43479 4.15286 0.93701 0.000995798 -0.00246174 -0.604874 -0.796316 0.0252131 0.0892193 0.00164699 -0.000906142 0.00327819 -0.128108 0.0927032 -0.000353472 0.00212265 -0.000906142 0.00327819 -0.128108
125.224 0.551371 1.45124 4.20083 0.961709 0.00103896 -0.00285737 -0.561035 -0.827786 0.0199074 0.070801 -0.024194 -0.0008953 -0.000653278 -0.176773 0.0732796 0.00770341 -0.0237738 -0.0008953 -0.000653278 -0.176773
126.042 0.566799 1.468 4.233 0.931165 0.00352928 -0.00775806 -0.500733 -0.86556 0.0220939 0.0666882 0.0148109 0.00959148 0.0928069 -0.162778 0.0685642 0.0141164 0.0159529 0.00959148 0.0928069 -0.162778
126.89 0.603272 1.50707 4.29426 0.908374 0.00423382 -0.00848152 -0.470534 -0.882331 0.0568244 0.109581 0.0133754 0.000793725 -0.00200782 -0.0323149 0.122382 0.0138738 0.0156904 0.000793725 -0.00200782 -0.0323149
127.758 0.667398 1.56366 4.37267 0.902781 0.00591745 -0.00746178 -0.463003 -0.886305 0.0655658 0.116265 0.00770406 -0.00608696 -0.0014933 0.00102524 0.132715 0.0125642 0.0102335 -0.00608696 -0.0014933 0.00102524
129.418 0.76133 1.63003 4.48592 0.908925 0.00162894 -0.00174581 -0.532381 -0.846501 0.0239487 0.0508713 -0.000523232 -0.00276504 0.000357058 0.180568 0.0566486 0.000541698 -0.000234737 -0.00326544 0.000530908 0.17655
130.286 0.785682 1.64208 4.52063 0.91911 0.00113294 -0.00191252 -0.604009 -0.796975 0.0197729 0.0427951 -0.0112446 0.000645805 -2.83276e-05 0.210013 0.0465963 -0.00747282 -0.0110351 0.000645805 -2.83276e-05 0.210013
131.082 0.800914 1.6496 4.54463 0.920414 0.00111178 -0.0018148 -0.65594 -0.75481 0.0180943 0.0361666 -0.0131508 -0.000573546 -0.000216827 0.175319 0.0383917 -0.0128821 -0.0129807 -0.000573546 -0.000216827 0.175319
132.018 0.817247 1.65746 4.57048 0.928452 0.000836342 -0.00187101 -0.708643 -0.705564 0.0154696 0.0302163 -0.0204607 0.000394722 -0.000217491 0.148854 0.0302267 -0.0156311 -0.0203222 0.000394722 -0.000217491 0.148854
132.888 0.815496 1.663 4.59594 0.909217 0.000668461 -0.0018645 -0.745125 -0.666922 0.0130302 0.0256043 -0.00470128 0.000773496 -0.000100841 0.103902 0.024025 -0.0157867 -0.00458784 0.000773496 -0.000100841 0.103902
133.812 0.812241 1.66723 4.62241 0.912154 0.000606191 -0.00171178 -0.770304 -0.637675 0.010151 0.0216634 -0.00447819 -0.000695463 0.000300663 0.0911656 0.0194006 -0.0140261 -0.0043916 -0.000695463 0.000300663 0.0911656
134.706 0.796082 1.67286 4.64967 0.884223 0.000372737 -0.00169153 -0.797054 -0.603905 0.00847582 0.0198748 0.0182185 -0.000158571 -0.000607622 0.0961723 0.0168528 -0.0135437 0.0154854 -0.000243671 -0.000612797 0.0973263
135.616 0.799722 1.67 4.68983 0.904284 0.0101845 -0.00824429 -0.815894 -0.578052 -0.0210194 0.0854583 0.0203861 -0.000543149 -0.0226585 0.033966 0.0838676 -0.00860819 0.023062 -0.000117888 -0.024457 0.0353734
136.516 0.8179 1.64436 4.78546 0.920019 0.00882615 -0.00677418 -0.82064 -0.571337 -0.0376548 0.114497 0.0296342 -6.58201e-05 0.000617398 0.0146977 0.119232 -0.00450655 0.0321647 -2.61854e-05 0.000261662 0.0143069
137.41 0.849477 1.60635 4.90652 0.95194 0.00927633 -0.00577649 -0.825256 -0.564653 -0.0476703 0.123697 0.0242401 -0.00426109 -0.00483165 0.0244151 0.132004 -0.000402233 0.0271284 -0.00426109 -0.00483165 0.0244151
138.384 0.87571 1.54911 5.05143 0.980984 0.00983361 -0.00672762 -0.83523 -0.549771 -0.0618324 0.130024 0.0268574 0.000548194 0.000857963 0.040623 0.143196 0.00539154 0.0302752 0.000548194 0.000857963 0.040623
140.076 0.914676 1.43092 5.325 1.03891 0.0108381 -0.00866612 -0.849813 -0.526901 -0.0737515 0.150935 0.0291383 0.000747788 0.00122063 0.017375 0.16712 -0.000948285 0.0337591 0.000747788 0.00122063 0.017375
141.012 0.921236 1.36051 5.49162 1.08455 0.0113308 -0.00852786 -0.850705 -0.525452 -0.0785895 0.167487 0.0286071 0.000192647 5.54739e-05 -0.00545281 0.183615 -0.00477664 0.0336891 0.000120753 -0.000134557 -0.00538242
142.68 0.88821 1.21714 5.81324 1.08594 0.0117156 -0.00804053 -0.852366 -0.522752 -0.0890723 0.179467 -0.00770711 -0.000999994 0.000926572 0.00922647 0.200484 -0.00197557 -0.00201564 -0.000999994 0.000926572 0.00922647
143.62 0.888441 1.13953 5.98382 1.09103 0.0116959 -0.00814167 -0.854609 -0.519076 -0.0902287 0.178964 -0.00739084 -0.000496936 0.00113704 0.00709541 0.200537 -0.00244402 -0.00168329 -0.000496936 0.00113704 0.00709541
144.554 0.904128 1.058 6.16151 1.10487 0.012006 -0.0075711 -0.856499 -0.515953 -0.092726 0.178987 0.00378613 6.08503e-05 0.00210754 0.0132164 0.201384 -0.00169835 0.009506 6.08503e-05 0.00210754 0.0132164
145.504 0.905196 0.972459 6.33789 1.10463 0.0129604 -0.00824355 -0.859938 -0.510168 -0.0977908 0.184164 0.00548586 0.000364862 -0.00114679 0.0144182 0.207549 -0.00236073 0.0119816 -3.84882e-05 -0.000173687 0.0145382
146.52 0.919545 0.869677 6.53818 1.10992 0.0116717 -0.00739551 -0.863018 -0.504985 -0.0980115 0.182629 0.00474609 -0.000463315 -0.00274997 0.0102818 0.20718 -0.00393886 0.0104804 -0.000465471 -0.00287283 0.0102914
147.544 0.924866 0.769529 6.72395 1.11022 0.0107915 -0.00721288 -0.865829 -0.500171 -0.0945608 0.172268 -0.0117942 0.0149903 -0.00361468 0.0106044 0.196711 -0.00416092 -0.00669408 0.0149903 -0.00361468 0.0106044
148.512 0.886079 0.682854 6.89592 1.08422 0.00948431 -0.00687829 -0.863684 -0.503897 -0.0819307 0.167124 -0.012513 -0.000855243 -0.00194618 -0.0234897 0.186047 -0.010943 -0.00815217 -0.000855243 -0.00194618 -0.0234897
149.702 0.837532 0.589632 7.07957 1.02868 0.00882179 -0.00548192 -0.863101 -0.504925 -0.0790157 0.147383 -0.00418107 -0.000611443 -0.00248464 0.0124361 0.167822 -0.00336995 -0.0015479 -0.000447652 -0.00235194 0.0122741
150.822 0.826375 0.507872 7.23489 1.01691 0.00770153 -0.00469229 -0.86674 -0.498679 -0.0702335 0.13103 -0.00200198 -0.00153262 -0.00175179 0.0131431 0.149224 -0.00515098 0.0006457 -0.00199882 -0.00220337 0.0129102
151.88 0.842583 0.437217 7.36041 1.04461 0.00698119 -0.00425925 -0.870298 -0.492458 -0.064935 0.117535 -0.00218716 -0.000552878 -0.00210166 0.0152213 0.134209 -0.00485953 9.2929e-06 -0.000552878 -0.00210166 0.0152213
153.026 0.848055 0.360721 7.48251 1.04031 0.00616975 -0.00396362 -0.874307 -0.485318 -0.0611797 0.104345 -0.00231799 -1.11708e-05 -0.000770425 0.0151533 0.121457 -0.00331388 -0.000654754 2.92426e-05 -0.000834439 0.0151707
154.138 0.835277 0.300178 7.59041 1.01929 0.00553285 -0.00350856 -0.877987 -0.478639 -0.0547982 0.093589 -0.00140412 -0.000220361 -0.00080381 0.0136099 0.108361 -0.00464746 1.66376e-05 -0.000220361 -0.00080381 0.0136099
155.208 0.806882 0.242045 7.69207 0.978923 0.00466889 -0.00303304 -0.881634 -0.4719 -0.049813 0.0832229 -0.000887603 -0.000286599 -0.00102442 0.0157368 0.0973373 -0.00467639 0.00012996 -0.000294807 -0.000945639 0.0157842
156.278 0.831723 0.195652 7.7748 1.0003 0.0040408 -0.00261767 -0.885899 -0.463853 -0.0437591 0.0723262 0.00327332 -0.000176895 -0.00148879 0.0213449 0.0843359 -0.00523446 0.00408677 -0.000176895 -0.00148879 0.0213449
157.356 0.847827 0.108191 7.89375 0.988117 0.00973344 -0.00405996 -0.887653 -0.460391 -0.102581 0.126972 0.0130062 0.00255482 -0.0200744 -0.00448027 0.163602 0.0105001 0.0169802 0.00257099 -0.0199834 -0.00435536
158.344 0.900074 0.0158198 8.00561 1.00694 0.00284103 -0.00116059 -0.886676 -0.46238 -0.0627632 0.0741217 -0.00616681 0.000665763 -0.0103676 -0.00356725 0.0992315 0.00921058 -0.00530357 0.000897954 -0.0105794 -0.00372884
159.52 0.903411 -0.0434552 8.07987 1.00173 -0.00111053 0.00081457 -0.886016 -0.463652 -0.0191264 0.0177197 -0.00178612 0.000661537 -0.00626023 0.000831895 0.0271338 0.00567799 -0.00227252 0.000715219 -0.00696981 0.000709183
160.592 0.899149 -0.0598494 8.09978 1.00242 -0.00247928 0.00161772 -0.886002 -0.463672 0.00499357 -0.0123243 0.00318446 0.000303774 -0.00113515 0.000343978 -0.0129535 0.00292032 0.00326252 0.000303774 -0.00113515 0.000343978
161.694 0.901615 -0.0593485 8.0887 1.00227 -0.0028057 0.0013977 -0.885992 -0.463689 0.0131569 -0.022875 0.00131298 0.00043642 -0.000466135 0.00041289 -0.0262858 0.00222801 0.00147748 0.00043642 -0.000466135 0.00041289
162.84 0.916062 -0.0486956 8.06814 1.01205 -0.00266769 0.00109345 -0.885905 -0.463858 0.0151036 -0.0232367 -0.0109791 -3.25343e-05 0.00216638 0.000896028 -0.0277642 0.000818069 -0.0108203 -3.25343e-05 0.00216638 0.000896028
163.916 0.915918 -0.0309478 8.04344 1.00792 -0.00186156 0.000625291 -0.885794 -0.464074 0.0124429 -0.0189248 -0.0108163 -0.000746599 0.0025437 0.00154323 -0.0228964 0.000612779 -0.0117429 -0.000666901 0.002398 0.00143924
164.988 0.901666 -0.0130745 8.02181 0.998507 -0.000782432 0.000202645 -0.885901 -0.463873 0.00680304 -0.0130292 0.000805958 -0.000194193 0.00254044 0.00166224 -0.0145826 0.00183095 0.000828245 -0.000194193 0.00254044 0.00166224
