91.428 0.821343 0.000703673 0.337648 0.624402 0.00731458 -0.00585873 -0.68467 -0.728793 -0.00461496 0.121733 0.0235687 0.000589844 -0.000688497 0.0528912 0.12075 0.0121334 0.0258459 0.000589844 -0.000688497 0.0528912
91.978 0.829586 -0.00331475 0.402941 0.633844 0.00804044 -0.00848823 -0.693638 -0.720229 -0.00314748 0.131925 0.0191651 0.00130929 0.000229455 0.029617 0.130091 0.00866935 0.0220906 0.00288128 0.00253866 0.032388
92.466 0.798583 -0.00451553 0.472991 0.645943 0.00815024 -0.00810076 -0.696287 -0.717671 0.0011074 0.145154 0.0215938 -0.00146548 -0.00125642 0.00864523 0.144586 0.00327283 0.0249239 -0.00146548 -0.00125642 0.00864523
93.002 0.771434 -0.00765815 0.552359 0.659076 0.00789029 -0.0073205 -0.697066 -0.716926 -0.000811522 0.149617 0.0182737 0.000541337 0.00131167 0.0140052 0.149 0.00492874 0.0214584 0.000311254 0.000740478 0.01333
94.16 0.707509 -0.0117241 0.724972 0.669188 0.00810193 -0.00749883 -0.702348 -0.711748 -0.00139638 0.154205 0.0108147 -0.000250106 0.00171239 0.0122935 0.153742 0.00345591 0.014053 -0.000256052 0.00168117 0.0122537
94.726 0.698164 -0.0147459 0.802768 0.682833 0.00749952 -0.00697259 -0.703888 -0.710237 -0.00214595 0.152377 0.010139 0.000180612 0.00280798 0.014878 0.152113 0.00350432 0.0132572 0.000180612 0.00280798 0.014878
95.698 0.692097 -0.0225101 0.945596 0.692199 0.00776183 -0.00748503 -0.70719 -0.706941 -0.00239802 0.15238 0.0112492 -0.000586445 0.00164327 0.0117662 0.152102 0.00233937 0.014533 -0.000586445 0.00164327 0.0117662
96.688 0.690928 -0.0275695 1.09125 0.684644 0.00785172 -0.00755305 -0.709695 -0.704424 -0.00208225 0.156394 0.0208426 0.00339437 -0.00131045 0.00505394 0.155914 0.000908614 0.0242454 0.00339437 -0.00131045 0.00505394
97.21 0.687165 -0.0332176 1.16789 0.676354 0.00777499 -0.00780899 -0.709284 -0.704836 -0.00165765 0.156222 0.023865 -0.00069172 0.00217869 0.000888519 0.155665 0.00067786 0.027302 -0.00069172 0.00217869 0.000888519
97.758 0.720844 -0.0341404 1.25704 0.695339 0.00773253 -0.00751986 -0.70861 -0.705518 -0.000480009 0.160249 0.0137808 -0.000198878 -0.0323506 0.00265172 0.159386 -0.000257982 0.0249287 0.000239633 -8.12032e-05 0.00303513
98.72 0.757067 -0.0379648 1.35797 0.700072 0.00142777 -0.00116807 -0.692425 -0.721487 0.00075559 0.0775933 -0.00788561 -0.000846358 0.00273003 -0.0785069 0.0775872 0.00243688 -0.0076004 -0.000846358 0.00273003 -0.0785069
99.306 0.745001 -0.0405797 1.39116 0.70202 0.00166777 -0.0012835 -0.677553 -0.735471 -0.000264126 0.0655552 0.00688934 0.0013216 0.00448024 -0.0692276 0.0652845 0.00562331 0.00716421 0.0013216 0.00448024 -0.0692276
99.886 0.776749 -0.0406981 1.42924 0.750401 0.00695757 -0.00898384 -0.664764 -0.746967 0.0125963 0.111408 0.0946712 -0.0109475 -0.0152992 -0.0549534 0.109942 0.000567882 0.097188 -0.0109475 -0.0152992 -0.0549534
100.468 0.814637 -0.033018 1.48698 0.805928 0.00727322 -0.00807083 -0.656165 -0.754539 0.0156098 0.130988 0.102789 -0.000723554 -0.00153573 -0.0199952 0.129622 0.0026814 0.105631 -0.000723554 -0.00153573 -0.0199952
101.05 0.860113 -0.0255622 1.56266 0.855565 -0.000533749 0.00103589 -0.651563 -0.758593 0.0126131 0.116506 -0.0150509 0.00106376 -0.0451171 -0.025503 0.11704 0.00512371 -0.0153135 0.00106376 -0.0451171 -0.025503
101.678 0.866668 -0.0211775 1.61814 0.866805 0.00209035 -0.000610135 -0.642412 -0.766357 0.00379344 0.0655922 -0.0227313 -0.0136485 0.00356268 0.019102 0.0653288 0.0077726 -0.0224761 -0.0136485 0.00356268 0.019102
102.27 0.864387 -0.0208516 1.65765 0.862748 0.0023913 -0.00152881 -0.68331 -0.730123 -0.00603115 0.0517372 -0.00874607 0.0129302 0.0463906 0.325867 0.0512721 0.00945337 -0.00845093 0.0129302 0.0463906 0.325867
102.992 0.888641 -0.0163889 1.72061 0.896603 0.0086854 -0.00955153 -0.725018 -0.688609 0.00973147 0.0972161 0.120077 -0.00641747 0.0647145 0.0142097 0.0908613 -0.0147609 0.12363 -0.00797819 0.0969108 0.0241818
103.906 1.00142 -0.0131569 1.84447 0.994131 0.00490413 -0.00520984 -0.719985 -0.693953 -0.00109872 0.131893 -0.00628887 -0.00618052 -0.138913 -0.00409048 0.13192 -0.00376072 -0.00440123 -0.00618052 -0.138913 -0.00409048
104.79 0.99462 -0.00905942 1.93884 0.986048 0.00134803 -0.00209945 -0.73796 -0.67484 -0.0027919 0.0537316 -0.00193471 0.00103659 0.00256273 0.108709 0.0546367 -0.00165884 -0.00164263 0.00134256 0.00262177 0.108392
105.5 1.02136 -0.00228222 2.00471 1.01126 -0.000110555 -0.00116434 -0.750452 -0.660924 0.00237108 0.0625499 -0.0115841 -0.00250321 -0.00439816 -0.0234213 0.0645156 -0.0105195 -0.0117713 -0.00409629 -0.0236086 -0.0148252
106.394 1.0803 0.00461275 2.09422 1.08014 0.00921233 -0.0108539 -0.73612 -0.676701 0.00147473 0.122176 0.134796 -9.64156e-05 -0.0115768 -0.0515035 0.115568 -0.0112873 0.137571 -0.000115106 -0.0139691 -0.0521551
107.068 1.16289 0.00777134 2.20105 1.16866 0.0100692 -0.0106611 -0.727967 -0.685455 -0.00212317 0.153401 0.151723 0.00023208 -0.00374185 -0.0240758 0.148744 -0.00683569 0.156156 0.00023208 -0.00374185 -0.0240758
107.938 1.23708 0.00887026 2.34895 1.23247 0.000519011 -0.000715594 -0.733438 -0.679755 -0.00345073 0.0855139 -0.0271776 0.00378895 0.0203751 0.0950085 0.0855762 -0.00305605 -0.0270282 0.00378895 0.0203751 0.0950085
108.642 1.30606 0.00999691 2.44686 1.31405 0.0105911 -0.0142378 -0.748651 -0.662727 0.00413757 0.149662 0.148253 -0.00533777 -0.0363273 0.00235432 0.142814 -0.0211639 0.153464 -0.00533777 -0.0363273 0.00235432
109.388 1.36566 0.0172042 2.56817 1.35655 -0.00246748 0.000817765 -0.729861 -0.683591 0.00834772 0.11668 -0.0067431 -0.00069258 0.0262161 -0.210292 0.121779 -0.0170282 -0.00761191 0.000665394 0.0165128 -0.198252
110.284 1.39133 0.0242709 2.65526 1.38346 0.00125039 0.000634188 -0.66292 -0.748689 -0.00197229 0.103197 -0.0148632 0.00772586 -0.0640509 -0.0768646 0.10221 0.0144923 -0.0147516 0.00772586 -0.0640509 -0.0768646
111.15 1.3903 0.0209619 2.71478 1.378 0.000971121 -0.000397045 -0.69071 -0.723131 -0.00478188 0.0722009 -0.012624 0.00181543 -0.00112201 0.234065 0.0725599 0.0088661 -0.013149 0.00169105 -0.00104877 0.226955
111.922 1.4363 0.0181025 2.76529 1.44666 0.00969321 -0.0138592 -0.737439 -0.675202 0.00672532 0.165926 0.192705 -0.00533274 -0.0366158 0.057431 0.158237 -0.0198544 0.198188 -0.00533274 -0.0366158 0.057431
112.616 1.56074 0.0240322 2.86435 1.56706 0.00838582 -0.0111109 -0.733199 -0.679872 0.0130953 0.206261 0.201711 -0.00127343 -0.000103874 -0.0544411 0.19908 -0.0276033 0.207382 -0.00127343 -0.000103874 -0.0544411
113.376 1.70443 0.0328537 2.98842 1.72111 0.0130123 -0.0105013 -0.721318 -0.692402 0.00607879 0.229603 0.211585 -0.0076458 0.00683517 -0.0331832 0.221987 -0.0160806 0.219056 -0.0076458 0.00683517 -0.0331832
114.328 1.84109 0.0333294 3.15611 1.83341 -0.00290027 0.00352786 -0.731786 -0.681519 -0.00477774 0.151977 -0.0236484 0.00435141 0.0437125 0.155155 0.158558 -0.00527681 -0.0238409 0.00214428 0.0382504 0.145511
115.158 1.84321 0.0324198 3.21571 1.83066 -5.61689e-05 -0.000213566 -0.77426 -0.632868 0.00121961 0.0941146 -0.0267932 -0.000570364 0.0021829 0.136843 0.0931011 -0.0194361 -0.0274038 -0.000478757 0.00250413 0.140368
115.94 1.91252 0.0335474 3.26175 1.91904 0.0115103 -0.0124674 -0.791249 -0.611259 -0.00698784 0.188521 0.212626 -0.0051859 -0.0336691 -0.00786777 0.172436 -0.0387881 0.218382 -0.00505235 -0.0401908 9.85305e-05
116.886 1.9374 0.0202853 3.38676 2.13639 0.0132998 -0.00985979 -0.784967 -0.619316 -0.0304036 0.234242 0.210461 0.00805529 0.00146409 -0.00993014 0.227794 -0.0251488 0.218094 0.00805529 0.00146409 -0.00993014
117.79 1.77327 -0.0137143 3.54986 2.31712 0.0130433 -0.0105424 -0.782806 -0.62204 -0.0332408 0.246792 0.210571 -0.000123635 0.00133481 -0.00856808 0.24072 -0.023313 0.218774 -0.000123635 0.00133481 -0.00856808
118.65 1.63454 -0.0480965 3.68092 2.36565 0.0028757 -0.00182792 -0.790126 -0.612935 -0.0103037 0.113679 0.165239 0.00411141 0.194651 0.0644111 0.111548 -0.0183874 0.165988 0.00411141 0.194651 0.0644111
119.886 1.47396 -0.109607 3.87583 2.5709 0.0158131 -0.0122903 -0.795186 -0.606035 -0.0461275 0.240055 0.171546 -0.000461691 0.000421632 -0.012471 0.236629 -0.0191066 0.181174 -0.000461691 0.000421632 -0.012471
120.828 1.27047 -0.173988 4.0877 2.73122 0.0157909 -0.0124017 -0.792874 -0.609055 -0.0547881 0.250717 0.168436 0.001503 0.00261094 -0.00545084 0.249056 -0.0117604 0.180735 0.00110395 0.00271266 -0.00546064
121.756 1.09231 -0.236058 4.30768 2.8537 0.0129813 -0.0119669 -0.787638 -0.615885 -0.0423184 0.23842 0.130113 -0.00328099 0.00461218 -0.0308673 0.23686 -0.0160372 0.13858 -0.00328099 0.00461218 -0.0308673
123.328 0.849024 -0.32256 4.69092 3.03198 0.0123613 -0.0114404 -0.779439 -0.626252 -0.0387445 0.231364 0.087275 -0.00162846 0.000231425 -0.0225575 0.231214 -0.011785 0.0951252 -0.00162846 0.000231425 -0.0225575
124.3 0.754443 -0.366447 4.91864 3.10946 0.00575306 -0.00476027 -0.77187 -0.635737 -0.032937 0.205757 -0.00614705 -0.00436997 -0.149395 -0.0309702 0.211385 -0.00773602 0.00673054 -0.00796108 -0.143898 -0.0270702
125.366 0.677362 -0.402275 5.07572 3.1178 0.00517723 -0.00523087 -0.744884 -0.667154 -0.0197072 0.113638 0.0274493 0.0188782 0.140267 -0.102152 0.114762 0.00738407 0.021828 0.015413 0.103933 -0.104265
126.47 0.655836 -0.416304 5.2231 3.13992 0.00500801 -0.00403171 -0.725098 -0.688616 -0.0133419 0.167669 -0.00119721 -0.00641839 -0.129488 -0.0294796 0.168136 0.00467617 0.00096247 -0.00641839 -0.129488 -0.0294796
128.372 0.657244 -0.430634 5.46646 3.16667 0.00814752 -0.00798272 -0.6958 -0.718145 -0.00151204 0.151965 0.0568271 0.000283364 0.000281688 -0.0268807 0.150506 0.00627847 0.0602786 0.000283364 0.000281688 -0.0268807
129.512 0.733961 -0.434281 5.65227 3.23834 0.00935738 -0.00805683 -0.687412 -0.726163 -0.000911608 0.156941 0.0224041 -0.00142074 0.00117235 -0.00747441 0.156057 0.0094473 0.0262695 -0.00142074 0.00117235 -0.00747441
131.372 0.807177 -0.435469 5.98067 3.30447 0.00896768 -0.00948761 -0.689498 -0.72417 0.00465407 0.170481 -0.0170948 -0.00135993 0.000405896 -0.0120704 0.170879 0.00387806 -0.0126602 -0.00139809 0.000297865 -0.0115038
132.556 0.82816 -0.429136 6.21347 3.31333 0.00981007 -0.0100149 -0.682169 -0.73106 0.00806671 0.181853 -0.0663951 -0.000429172 -0.00442391 -0.0124573 0.183765 0.00456336 -0.0612656 -0.000429172 -0.00442391 -0.0124573
133.678 0.829463 -0.420777 6.45629 3.26589 0.00994958 -0.0101785 -0.678014 -0.734912 0.0086635 0.188812 -0.0825816 -0.00423068 -0.000630095 -0.00647115 0.190962 0.00648525 -0.0703385 -0.00231863 0.000128542 -0.00690897
135.718 0.923689 -0.404061 6.88556 3.09235 0.00955715 -0.00970112 -0.678511 -0.734464 0.00880635 0.198788 -0.0851428 0.000209722 0.000112969 0.00251817 0.201106 0.00701227 -0.0796922 0.000209722 0.000112969 0.00251817
136.998 1.05711 -0.394537 7.14604 2.96377 0.0102433 -0.0106667 -0.678859 -0.73412 0.0103064 0.211872 -0.0924268 -0.000132201 6.49149e-05 0.00192962 0.21467 0.00632184 -0.0861134 -0.000132201 6.49149e-05 0.00192962
138.28 1.29024 -0.38245 7.44651 2.82137 0.0110464 -0.0119131 -0.678792 -0.734151 0.0115858 0.234826 -0.105591 0.000120132 -0.000275238 -0.000445367 0.238108 0.00696449 -0.0979089 0.000167054 -0.000653395 -0.000438519
139.58 1.53174 -0.365703 7.75764 2.66725 0.0131581 -0.0144124 -0.678032 -0.734774 0.014235 0.266705 -0.128021 0.000534408 -0.000897948 -0.000136515 0.271779 0.0071741 -0.117506 0.000534408 -0.000897948 -0.000136515
140.888 1.90463 -0.337891 8.14658 2.47859 0.0150224 -0.0165684 -0.677513 -0.735171 0.0188869 0.303066 -0.146584 0.000399121 -0.000248401 -0.00029842 0.309848 0.00582334 -0.132864 0.000399121 -0.000248401 -0.00029842
142.97 2.57255 -0.286298 8.82134 2.18254 0.0153706 -0.0172298 -0.676554 -0.736031 0.0219291 0.322214 -0.142708 -0.000216405 0.000774478 -0.000922483 0.328947 0.00514095 -0.127576 -0.000358678 0.00101159 -0.000903643
144.326 2.46544 -0.245446 9.26832 1.99494 0.0156527 -0.0176603 -0.675903 -0.736613 0.0244902 0.330739 -0.137894 -0.000304342 -0.000569847 -0.00118842 0.337757 0.00387253 -0.122099 -0.000304342 -0.000569847 -0.00118842
145.75 2.17556 -0.2015 9.75322 1.77387 0.0158357 -0.0179019 -0.675174 -0.737271 0.0258245 0.340265 -0.134632 0.00055533 -0.000234837 -0.000186598 0.346743 0.00403413 -0.118308 0.000507279 -0.000254079 -0.000293373
147.238 1.93833 -0.153676 10.2903 1.58127 0.0156706 -0.0178146 -0.675 -0.737436 0.0274004 0.352111 -0.125067 0.000207471 -0.0118409 1.13618e-05 0.359011 0.00365654 -0.108497 0.00026952 -0.0122589 4.85506e-05
148.808 1.81233 -0.106549 10.8054 1.41667 0.0120667 -0.0139402 -0.674933 -0.737649 0.0247861 0.31205 -0.0878 -0.000525381 -0.00579387 -0.000819702 0.316042 0.00288242 -0.0762073 -0.000525381 -0.00579387 -0.000819702
150.286 1.82509 -0.0605587 11.2136 1.28737 0.00941599 -0.0109653 -0.674804 -0.737855 0.0219802 0.260467 -0.0597682 -0.000473656 -0.00567843 0.000582078 0.263007 0.00126138 -0.052193 -0.000473656 -0.00567843 0.000582078
151.894 1.91105 -0.0235593 11.5624 1.18692 0.00676801 -0.00787037 -0.676079 -0.736756 0.0182283 0.211103 -0.0353648 -0.00077968 -0.00458377 0.00330556 0.214592 7.39769e-05 -0.0313975 -0.000493738 -0.00443311 0.00320658
153.578 1.7755 2.17859e-05 11.8279 1.10546 0.0110574 -0.0113979 -0.679599 -0.733412 0.0132389 0.211555 -0.113711 0.000976651 -0.0480466 0.00264785 0.214089 0.00278924 -0.110139 0.00123192 -0.04811 0.00297752
155.268 1.69508 0.0126343 12.0724 0.987644 -0.000140411 0.000180412 -0.679077 -0.734067 0.00360072 0.107436 0.0147837 0.000727209 -0.00932376 -0.000761679 0.107398 0.00475846 0.014735 0.000727209 -0.00932376 -0.000761679
157.696 1.65041 0.0114233 12.1038 1.00569 -0.00194533 0.00226374 -0.678559 -0.73454 -0.000231187 0.0085248 -0.00283592 -0.000493547 0.00362609 0.000584148 0.00846273 0.000905446 -0.00288626 -0.000493547 0.00362609 0.000584148
159.426 1.68566 0.00788915 12.0442 1.00952 0.000366687 0.000340755 -0.678573 -0.734533 0.000120967 -0.00108063 -0.00753572 0.00105535 0.00192814 0.000156866 -0.00124306 -0.00030303 -0.00737495 0.00081328 0.0020101 0.000119388
161.022 1.70373 -0.00424717 12.0308 1.00259 0.000110327 -0.000459416 -0.678677 -0.734437 0.00214696 -0.00267104 -1.91354e-06 0.000368995 -0.000207819 -0.000455571 -0.00249356 -0.00235075 -2.88473e-06 0.000368995 -0.000207819 -0.000455571
163.428 1.69634 -0.00992298 12.0453 0.999274 -0.0012052 3.65529e-06 -0.678628 -0.734481 0.00339116 -0.0157692 0.00167349 0.000171344 -0.00135986 -0.00034195 -0.0154496 -0.00462221 0.00170701 0.000171344 -0.00135986 -0.00034195
165.064 1.69658 0.000396842 12.047 1.00553 -0.00130072 0.000746503 -0.678538 -0.734564 0.00187581 -0.0191136 -0.000616638 -0.0013566 -0.00203592 5.1839e-05 -0.0189067 -0.00338368 -0.000559493 -0.0013566 -0.00203592 5.1839e-05
166.768 1.6956 0.00919313 12.0448 0.996619 -0.0014719 0.00159793 -0.678463 -0.734631 -0.00121407 -0.0197696 0.00296255 -0.00107585 -0.000273535 0.000521486 -0.0197905 -0.000358921 0.00304857 -0.00107585 -0.000273535 0.000521486
168.376 1.71084 0.0155036 12.0222 1.0015 -0.000446285 0.00152157 -0.678662 -0.734449 -0.00474251 -0.0165284 0.00217757 -6.15757e-05 0.00221278 -0.000641819 -0.016961 0.00325103 0.00329775 -0.000142694 0.00215742 -0.000644121
170.086 1.72237 0.00338475 12.0094 0.992145 -0.000540537 0.000828664 -0.678662 -0.73445 -0.00209506 -0.00763644 0.00815765 0.000271849 -7.78817e-05 -0.000274244 -0.00776191 0.00148382 0.0081733 0.000271849 -7.78817e-05 -0.000274244
