47.072 0.627279 0.00844294 0.015326 0.357261 -0.000298036 0.00059234 -0.690535 -0.723298 -0.00145913 -0.00168145 0.0278258 0.00239777 0.000977783 0.119999 -0.00171194 0.0013689 0.0278285 0.00239777 0.000977783 0.119999
47.614 0.637802 0.00452868 0.0090266 0.370209 -0.000204958 0.00015156 -0.710085 -0.704116 -0.00156139 -0.00491306 0.0259243 0.000270929 0.00203738 0.100318 -0.00488662 0.00160471 0.0259266 0.000270929 0.00203738 0.100318
48.42 0.655024 -0.000317803 0.0232621 0.390506 0.00636158 -0.00525787 -0.729657 -0.683764 -0.00788558 0.0587293 0.0154135 -0.00184676 -0.00485343 0.031596 0.0588552 0.00404281 0.0163895 -0.00184676 -0.00485343 0.031596
48.842 0.659205 -0.00187536 0.0471006 0.398066 0.00676342 -0.00526348 -0.7337 -0.679419 -0.00886493 0.0719882 0.0178248 -0.00654274 -0.00384293 0.0259563 0.0708393 0.00331811 0.0191947 -0.00127238 0.000431398 0.0262987
49.29 0.680438 -0.00675416 0.0845805 0.424808 0.0066823 -0.00404942 -0.738506 -0.674201 -0.014762 0.0822428 0.018478 0.00137834 -0.00152116 0.035934 0.0829506 0.00717126 0.0197738 0.00137834 -0.00152116 0.035934
49.692 0.70324 -0.013709 0.126256 0.453351 0.00691671 -0.00446932 -0.744281 -0.667816 -0.0175285 0.088815 0.0183561 -0.000115503 0.00073634 0.0444848 0.089436 0.00788797 0.0199069 -0.000135159 0.000922351 0.0443394
50.562 0.744433 -0.031595 0.219656 0.494361 0.00748195 -0.00441255 -0.754582 -0.656149 -0.0192875 0.105774 0.0178478 -0.00951598 -0.00868572 0.0305608 0.107107 0.00435218 0.0196941 -0.00951598 -0.00868572 0.0305608
51.014 0.759302 -0.0437821 0.275796 0.499643 0.00803297 -0.00453064 -0.75974 -0.650161 -0.0250572 0.111602 0.0206713 0.000461603 0.00094068 0.0421261 0.113209 0.00712776 0.0224742 0.000381259 0.0012309 0.0417948
51.444 0.770852 -0.0606493 0.325938 0.498848 0.00813512 -0.00503172 -0.765901 -0.642888 -0.0306103 0.116075 0.0240257 0.00190461 0.00182372 0.0419377 0.118894 0.00973937 0.0261522 0.00208183 0.00188195 0.0421548
52.262 0.803517 -0.0932616 0.423541 0.519359 0.00864185 -0.00725749 -0.774523 -0.632445 -0.0321279 0.128593 0.0115737 0.000600392 0.00141134 0.0238404 0.132126 0.00577438 0.0145572 0.000600392 0.00141134 0.0238404
52.732 0.76889 -0.112539 0.489308 0.533477 0.008935 -0.00727885 -0.776158 -0.630433 -0.0320341 0.142184 0.0124786 -0.00109109 -0.00209398 0.0040094 0.145405 0.00220615 0.015834 -0.00109109 -0.00209398 0.0040094
53.196 0.735496 -0.12774 0.559213 0.554116 0.00850341 -0.00499595 -0.776238 -0.630363 -0.0328167 0.147463 0.0203299 -0.00866107 -0.00680536 0.0039303 0.150791 0.00123463 0.0235853 -0.0105582 -0.0085274 0.00289392
53.64 0.709462 -0.144877 0.619901 0.570905 0.00826534 -0.00490803 -0.777895 -0.628321 -0.0379732 0.142204 0.0193877 0.00159421 0.00284315 0.0253561 0.146769 0.00677631 0.0220693 0.00149726 0.00264641 0.0245833
54.51 0.673894 -0.183603 0.734199 0.5946 0.00813584 -0.0066209 -0.784339 -0.620244 -0.0388305 0.143566 0.0205804 -0.000223421 1.5628e-06 0.0145202 0.148186 0.00469778 0.0236925 -0.000223421 1.5628e-06 0.0145202
54.97 0.656078 -0.200745 0.793796 0.605092 0.00774669 -0.00605238 -0.785127 -0.619257 -0.0359785 0.144572 0.0213076 -0.00173419 0.00180431 0.00197632 0.148558 0.00147249 0.0242432 -0.00172029 0.000917602 0.0025938
55.552 0.656563 -0.220283 0.862459 0.631045 0.0074101 -0.00596943 -0.784499 -0.620057 -0.0340058 0.141085 0.0382063 -3.77639e-05 0.00316119 -0.00677148 0.144371 0.000503954 0.0409609 -3.77639e-05 0.00316119 -0.00677148
56.054 0.66333 -0.235843 0.927223 0.653154 0.00767168 -0.00605777 -0.783311 -0.621553 -0.0330344 0.141938 0.0386921 -0.00105758 0.00116152 -0.00788921 0.144947 -8.99699e-05 0.0415336 -0.00105758 0.00116152 -0.00788921
56.596 0.674489 -0.256276 1.00017 0.677164 0.00779532 -0.00617329 -0.781602 -0.623698 -0.0353479 0.145124 0.0392252 0.000628671 -0.000192968 -0.00229596 0.148256 0.0021705 0.0421769 0.000684285 -0.000165766 -0.0028291
57.13 0.705248 -0.276511 1.07229 0.707178 0.00832295 -0.00646489 -0.781014 -0.624425 -0.0370718 0.148251 0.0213808 -0.000505862 -0.00017226 -2.54512e-05 0.152291 0.00352582 0.0245967 -0.000505862 -0.00017226 -2.54512e-05
57.626 0.724441 -0.295801 1.14478 0.719348 0.00859236 -0.00674183 -0.780722 -0.624783 -0.0389858 0.152952 0.0216161 0.000185918 -0.000309374 0.00643766 0.157268 0.00450595 0.0250579 0.000185918 -0.000309374 0.00643766
58.38 0.747305 -0.319611 1.25017 0.723377 0.00883603 -0.00703951 -0.781436 -0.623883 -0.0383072 0.159276 0.0137459 -0.00078736 0.000320608 0.00292713 0.163452 0.00208579 0.0174433 -0.00078736 0.000320608 0.00292713
59.062 0.784803 -0.340872 1.34878 0.743442 0.00934688 -0.0073365 -0.7813 -0.624043 -0.038431 0.163172 0.0147864 0.000537986 0.000225137 0.00190221 0.166948 0.00156894 0.0188013 0.000585272 0.000234119 0.00188627
59.588 0.833232 -0.356027 1.43131 0.756617 0.00996558 -0.00744113 -0.78134 -0.623981 -0.0382384 0.170151 0.00439009 -0.00526889 -0.00257019 0.000940816 0.173721 -0.000474884 0.010659 -0.00541202 -0.00219521 0.000745072
60.388 0.870255 -0.38091 1.56267 0.761312 0.010602 -0.00752391 -0.782116 -0.622997 -0.0406929 0.178308 0.00353487 8.32419e-05 0.000242568 0.0131213 0.182739 -0.000218966 0.00828103 8.32419e-05 0.000242568 0.0131213
61 0.85557 -0.409881 1.67277 0.753905 0.0111772 -0.00811339 -0.784003 -0.620603 -0.043403 0.183919 0.00462606 0.000360254 -0.000436009 0.0107842 0.188475 3.58497e-05 0.00980111 0.000466609 -0.000446015 0.0110239
61.764 0.849969 -0.447209 1.80764 0.749206 0.0110951 -0.00802529 -0.785184 -0.619111 -0.0444468 0.187072 0.00501886 -0.000237492 0.00111132 0.00917996 0.19207 -0.000424311 0.0102773 -0.000237492 0.00111132 0.00917996
62.304 0.859824 -0.47436 1.91478 0.75893 0.0112073 -0.00788954 -0.786601 -0.61731 -0.0446724 0.189531 0.00420138 0.000119457 0.000694604 0.00752426 0.194422 -0.00175026 0.00964881 -0.00022982 0.000569487 0.00773023
62.882 0.865943 -0.505962 2.02335 0.764153 0.011435 -0.00784192 -0.787393 -0.616296 -0.0471943 0.191802 0.00403637 -0.0052363 -0.0038399 0.00754331 0.197211 -0.000431415 0.00948817 -0.00559457 -0.00394467 0.00732632
63.446 0.867321 -0.536867 2.13129 0.768661 0.0114947 -0.00769138 -0.789069 -0.614149 -0.0499001 0.191786 0.0239412 -0.000428683 0.00148727 0.0156281 0.197435 0.00129161 0.0296179 -0.000481006 0.000772767 0.015271
64.15 0.881667 -0.573872 2.26613 0.784417 0.0117879 -0.00792414 -0.791821 -0.610588 -0.0504261 0.192966 0.0118492 0.00338411 0.00435987 0.0175712 0.198796 -0.000299 0.0269328 0.00107475 0.00257511 0.0176145
64.842 0.877408 -0.613158 2.39887 0.771879 0.0117287 -0.00870011 -0.793316 -0.608635 -0.049525 0.201108 -0.00198105 -0.000440032 -0.00119665 0.000138599 0.207042 -0.00424564 0.00406422 -0.000440032 -0.00119665 0.000138599
65.418 0.869107 -0.647064 2.51082 0.767781 0.011826 -0.0086789 -0.792472 -0.609732 -0.0503304 0.202408 -4.27685e-05 0.000622561 0.000632027 -0.00412793 0.208458 -0.00322837 0.0060712 0.000622561 0.000632027 -0.00412793
66.146 0.868195 -0.689439 2.64822 0.770861 0.0111415 -0.00894729 -0.790482 -0.612319 -0.0479843 0.200958 0.0261682 -0.000779609 0.00226738 -0.00878421 0.205741 -0.00375956 0.0320615 -0.000779609 0.00226738 -0.00878421
66.73 0.892149 -0.719677 2.76569 0.794707 0.0113883 -0.00890602 -0.788182 -0.615272 -0.046834 0.204159 0.0128777 -0.00130108 0.00164385 -0.0117649 0.208961 -0.00412002 0.0189271 -0.00130108 0.00164385 -0.0117649
67.326 0.919948 -0.748701 2.89141 0.819871 0.0117984 -0.00906796 -0.785644 -0.6185 -0.0473619 0.209313 0.00879542 0.000169568 -0.00053243 -0.00808446 0.214226 -0.00310101 0.0151755 0.000169568 -0.00053243 -0.00808446
67.908 0.934581 -0.775643 3.01101 0.832278 0.0123107 -0.00859048 -0.784188 -0.620341 -0.0482475 0.214778 0.0321477 -0.0134629 -0.00643616 -0.00497896 0.219054 -0.00254929 0.0387247 -0.0134629 -0.00643616 -0.00497896
68.548 0.912292 -0.81008 3.15003 0.855235 0.0126908 -0.00859619 -0.785048 -0.619245 -0.0547746 0.214398 0.0308602 0.000963382 0.000639131 0.0139621 0.2202 0.00311716 0.0375757 0.00106508 0.000298484 0.0132478
69.17 0.798606 -0.843763 3.27486 0.87426 0.0124613 -0.00945528 -0.787135 -0.616582 -0.0543991 0.215932 0.00949064 0.00100935 0.00107284 0.0128856 0.222271 0.00110165 0.0164513 0.00100935 0.00107284 0.0128856
69.776 0.694763 -0.877091 3.40153 0.88654 0.0110263 -0.0081017 -0.787603 -0.616032 -0.0502653 0.208863 0.0094939 -0.000208148 0.00435115 0.00240411 0.21448 -0.00153305 0.0153645 -0.000208148 0.00435115 0.00240411
70.402 0.602715 -0.909768 3.52358 0.898625 0.0104764 -0.00704292 -0.787658 -0.615983 -0.0481995 0.191102 -0.00234923 0.00070487 0.00467957 0.00758368 0.197862 0.000439638 0.00266078 0.00055009 0.00532046 0.00691722
71.234 0.514635 -0.95208 3.66833 0.900426 0.00968898 -0.00685959 -0.789816 -0.613229 -0.0466 0.173161 -0.00111942 0.00101001 0.00256666 0.0117039 0.179284 0.00223711 0.00313607 0.00101001 0.00256666 0.0117039
72.03 0.469532 -0.98702 3.77643 0.90303 0.00302023 -0.00195511 -0.806504 -0.591218 -0.0325304 0.106575 0.0016683 0.00318131 0.00288594 0.138076 0.11141 -0.00104812 0.00246823 0.00318131 0.00288594 0.138076
72.638 0.458062 -1.00778 3.83657 0.904797 0.00293621 -0.00247708 -0.830413 -0.557136 -0.0262123 0.0891437 -0.00253866 -2.62007e-05 0.000436597 0.129704 0.0924424 -0.00954952 -0.00182472 -2.62007e-05 0.000436597 0.129704
73.438 0.453949 -1.02477 3.88931 0.898422 0.00262417 -0.0023431 -0.851442 -0.524438 -0.0226689 0.0780926 0.00482937 -0.00274576 0.000950882 0.0930442 0.0799057 -0.0148844 0.00540137 -0.00274576 0.000950882 0.0930442
74.022 0.452122 -1.03363 3.92123 0.90851 0.00259399 -0.00180271 -0.875742 -0.482769 -0.0238692 0.0703835 -0.0051307 0.00193439 -0.00218693 0.23613 0.0722879 -0.0173952 -0.00466519 0.00193439 -0.00218693 0.23613
74.58 0.453676 -1.04322 3.94692 0.919965 0.00193621 -0.00216748 -0.905921 -0.423436 -0.021895 0.065321 -0.0170829 0.000603967 -0.00114157 0.234548 0.0642483 -0.0251376 -0.0166824 0.000603967 -0.00114157 0.234548
75.178 0.456859 -1.04932 3.96947 0.912449 0.00133795 -0.00307207 -0.927846 -0.372948 -0.0171651 0.0614991 -0.00845747 0.0151449 -1.15875e-05 0.0839673 0.054992 -0.0325502 -0.00804203 0.0151449 -1.15875e-05 0.0839673
75.792 0.458494 -1.05268 3.99382 0.898202 0.00147376 -0.00250832 -0.912933 -0.408099 -0.00979798 0.0639817 0.00180031 -0.00650908 -0.00169352 -0.29176 0.0542002 -0.0353623 0.00217658 -0.00650908 -0.00169352 -0.29176
76.43 0.457061 -1.05322 4.01729 0.901407 0.00168591 -0.00133313 -0.870093 -0.492883 -0.00980975 0.0551508 0.00190779 -0.00178045 0.00010269 -0.30506 0.0523384 -0.0199395 0.00214326 -0.00178045 0.00010269 -0.30506
77.2 0.457928 -1.0571 4.04114 0.911736 0.00160071 -0.00105038 -0.817946 -0.575292 -0.0105818 0.0466583 -0.00973086 -0.000201358 -0.000664055 -0.229198 0.0477035 -0.00630485 -0.00968581 -0.000235668 -0.000533479 -0.231868
77.824 0.464409 -1.0637 4.05748 0.908611 0.00141892 -0.000863049 -0.783061 -0.621943 -0.0112847 0.0424396 -0.0063005 -0.000198542 -9.68727e-05 -0.184281 0.043913 0.00138721 -0.00615524 -0.000198542 -9.68727e-05 -0.184281
78.506 0.470262 -1.06888 4.06809 0.906785 0.00140289 -0.000724304 -0.747741 -0.663989 -0.0104413 0.0366874 -0.00518253 0.000168736 -8.5227e-05 -0.13667 0.0376802 0.00603435 -0.00506255 0.000168736 -8.5227e-05 -0.13667
79.136 0.473347 -1.07111 4.07937 0.907365 0.00123172 -0.000626942 -0.718439 -0.695589 -0.00793883 0.0338289 -0.00630562 -0.00101345 -7.0635e-05 -0.145057 0.0340843 0.00684673 -0.00621003 -0.00101345 -7.0635e-05 -0.145057
79.746 0.475269 -1.07291 4.08677 0.911171 0.00132801 -0.000427919 -0.690418 -0.72341 -0.00701369 0.0302439 -0.00901856 -0.000394737 0.000108015 -0.126787 0.0299058 0.00842874 -0.00893402 -0.000394737 0.000108015 -0.126787
80.364 0.479883 -1.07554 4.09857 0.900273 0.00117651 -0.000184845 -0.664769 -0.747048 -0.00629329 0.0286053 0.00149101 -0.000298103 1.78667e-05 -0.0969884 0.0276778 0.00957124 0.00155642 -0.000298103 1.78667e-05 -0.0969884
80.958 0.482313 -1.07797 4.10387 0.89466 0.00125813 -0.000133822 -0.646629 -0.762804 -0.00551034 0.0250076 0.00497926 0.000128538 7.93212e-05 -0.0727683 0.0237587 0.00952202 0.00503941 0.000128538 7.93212e-05 -0.0727683
81.582 0.485448 -1.08163 4.11058 0.89433 0.00549709 -0.00705139 -0.630973 -0.775754 0.00192074 0.0405973 0.0188932 0.000860987 0.00766199 -0.0540878 0.0364011 0.00673872 0.0196227 0.00163966 0.021629 -0.0550249
82.158 0.486005 -1.0821 4.13124 0.892765 0.00447698 -0.00551822 -0.620452 -0.784213 0.0114922 0.0648597 0.0182131 8.52581e-05 0.000298602 -0.0441716 0.0654984 0.00373311 0.0191465 8.52581e-05 0.000298602 -0.0441716
83.052 0.477371 -1.07311 4.17796 0.897735 0.00228417 -0.000560653 -0.618815 -0.785533 0.000829887 0.0347886 0.0106649 -0.0159036 0.0925592 0.0524306 0.0339761 0.00730719 0.0108122 -0.0159036 0.0925592 0.0524306
83.682 0.475414 -1.07201 4.21479 0.918761 0.00591735 -0.00467846 -0.632226 -0.774748 0.00206778 0.0686973 0.00921618 0.000511731 -0.00365153 0.063232 0.0675731 0.0117189 0.0102509 0.000511731 -0.00365153 0.063232
84.284 0.47114 -1.07067 4.2604 0.932104 0.00553457 -0.00451776 -0.643887 -0.765088 0.00343546 0.0784273 0.00460379 0.00441226 -0.0226013 0.0516749 0.0777894 0.00999496 0.00572305 0.00441226 -0.0226013 0.0516749
84.89 0.4727 -1.07043 4.30015 0.931659 0.000907218 8.54208e-05 -0.655971 -0.754785 0.000747404 0.0403439 0.00100847 0.000329144 0.0108775 0.0669352 0.040053 0.00488242 0.00105821 0.000329144 0.0108775 0.0669352
85.55 0.472955 -1.07297 4.33162 0.947321 0.0073218 -0.00578084 -0.670861 -0.741524 -0.000731574 0.0569636 0.0106334 0.00232372 -0.0100804 0.0614251 0.0564007 0.00637891 0.0116929 0.00232372 -0.0100804 0.0614251
86.22 0.476491 -1.07613 4.38541 0.941218 0.00570499 -0.00441333 -0.682794 -0.730576 -0.000463381 0.0834844 0.0111908 -0.000270741 -0.00147561 0.0422011 0.0824084 0.00618809 0.0122547 -0.000278718 -0.00168147 0.0431003
86.85 0.477517 -1.07719 4.4315 0.948025 -0.000397339 0.000609866 -0.684064 -0.729422 0.00269016 0.0544483 -0.00556104 -0.00259406 0.0174598 -0.0467501 0.0545007 0.000807614 -0.00563896 -0.00259406 0.0174598 -0.0467501
87.5 0.479816 -1.07945 4.46046 0.917884 0.000877906 -4.77005e-05 -0.665908 -0.746033 0.00224011 0.0399717 0.0167683 -0.000142971 0.000413335 -0.0947824 0.0399477 0.00227544 0.0168207 -0.000142971 0.000413335 -0.0947824
88.158 0.484686 -1.08328 4.47758 0.916152 0.000762941 1.58414e-05 -0.646037 -0.763306 0.000524541 0.0373309 0.0315071 0.000746441 -0.000877601 -0.0750098 0.0368739 0.00561506 0.0315492 0.000746441 -0.000877601 -0.0750098
88.774 0.48646 -1.08459 4.4912 0.931046 0.00525214 -0.00624316 -0.630805 -0.775899 0.0110487 0.0694926 0.00312645 -0.00451884 -0.0137776 -0.0505315 0.0702243 0.00336762 0.0042736 -0.00451884 -0.0137776 -0.0505315
89.426 0.483119 -1.08143 4.52416 0.932213 0.00409661 -0.00489527 -0.622343 -0.782718 0.0144331 0.091035 0.00236104 0.00108749 -0.000722935 -0.0219363 0.0919083 0.00645154 0.00353635 0.00108749 -0.000722935 -0.0219363
90.028 0.477688 -1.07693 4.55992 0.945401 0.00392328 -0.00496471 -0.618129 -0.786051 0.0156585 0.0951618 0.00233566 0.000343018 0.00127822 -0.014094 0.0961334 0.00722237 0.00355275 0.000343018 0.00127822 -0.014094
90.694 0.471608 -1.06735 4.60776 0.960205 0.00388273 -0.00507122 -0.614484 -0.788904 0.0168148 0.0974524 0.0016251 0.000104515 0.00112748 -0.0112175 0.0985748 0.00755224 0.00288364 0.000104515 0.00112748 -0.0112175
91.316 0.457865 -1.05588 4.6532 0.974412 0.00377782 -0.00525506 -0.61128 -0.791388 0.0184607 0.0960262 0.00340524 -0.000559341 0.0024996 -0.0124631 0.0975229 0.00640026 0.00466435 -0.000559341 0.0024996 -0.0124631
91.948 0.445792 -1.04099 4.69605 0.97402 0.00399053 -0.00531923 -0.608005 -0.793905 0.0203575 0.0938117 0.00384747 -0.000726856 0.0014669 -0.013624 0.0957988 0.00483385 0.00485324 -0.000687662 0.0015665 -0.0136903
92.584 0.429491 -1.02531 4.74325 0.987566 0.00416193 -0.00545823 -0.604806 -0.796343 0.020972 0.0908772 0.00387646 -0.000653819 0.00235086 -0.0104528 0.0932224 0.00429692 0.00508968 -0.000625974 0.00247339 -0.0105882
93.472 0.408847 -1.00192 4.8104 0.988185 0.005109 -0.0043817 -0.603102 -0.797636 0.0178155 0.086385 -0.00873276 0.000775333 0.000671622 0.0191758 0.0880776 0.00642225 -0.0075566 0.000775333 0.000671622 0.0191758
94.15 0.39224 -0.988714 4.86506 0.987043 0.00482955 -0.00486268 -0.61191 -0.790898 0.0137819 0.0829142 -0.00796696 9.57638e-05 0.00229951 0.0450546 0.0838189 0.00749175 -0.00681483 9.57638e-05 0.00229951 0.0450546
94.802 0.382316 -0.978664 4.91142 0.969082 0.0014764 0.000360303 -0.619223 -0.785214 0.00265151 0.0484591 0.000109564 6.45844e-05 0.0122022 0.0145788 0.0477418 0.00871809 0.000193949 6.45844e-05 0.0122022 0.0145788
95.462 0.377711 -0.976751 4.94219 0.973527 0.00206626 -0.000113563 -0.620096 -0.784523 -0.00345002 0.0335918 0.000562925 -0.000314803 0.000282023 0.000749197 0.0318851 0.0111131 0.000684784 -0.000314803 0.000282023 0.000749197
96.054 0.377837 -0.977235 4.96345 0.971625 0.00225874 -1.14853e-05 -0.620063 -0.784549 -0.00531658 0.0307369 0.00019355 2.08005e-05 -0.00107216 0.000500914 0.0286762 0.0122733 0.000317719 2.08005e-05 -0.00107216 0.000500914
96.718 0.384404 -0.984947 4.98172 0.960193 0.00230089 -5.32573e-06 -0.619936 -0.784649 -0.00812532 0.0284593 0.000458253 0.000211118 -0.000130909 0.000813829 0.0258058 0.0144872 0.000584308 0.000211118 -0.000130909 0.000813829
97.658 0.39851 -0.997432 5.00625 0.949772 0.00215441 0.000241677 -0.619853 -0.784715 -0.00822778 0.0263759 0.000353373 -0.000356021 -0.000258133 0.00085612 0.0237529 0.0141103 0.000459745 -0.000356021 -0.000258133 0.00085612
98.296 0.404044 -1.00409 5.01771 0.946756 0.00180154 0.000339819 -0.619996 -0.784603 -0.00628096 0.0221822 0.0064438 -0.000959388 0.00048941 0.000427602 0.0203594 0.0113136 0.00644392 -0.00106537 0.000428286 0.00048993
98.974 0.410406 -1.00968 5.03433 0.926059 0.00541262 -0.00504324 -0.621385 -0.783471 0.00676143 0.0563929 -0.006228 -0.0010396 -0.0111286 0.014961 0.0565359 0.00627083 -0.00538764 -0.0010396 -0.0111286 0.014961
99.596 0.414985 -1.01427 5.07034 0.916999 0.00497664 -0.00457547 -0.625491 -0.780202 0.00946687 0.0695468 -0.00645683 0.000492518 -0.000581365 0.0183825 0.070021 0.0058974 -0.00550944 0.000492518 -0.000581365 0.0183825
100.216 0.41984 -1.01617 5.11644 0.908085 0.00482074 -0.00476181 -0.628953 -0.777414 0.010198 0.0748674 0.00193342 0.00505404 0.00101195 0.0148426 0.0753136 0.00565555 0.00295652 0.00505404 0.00101195 0.0148426
100.828 0.418198 -1.01599 5.16352 0.904559 0.00482552 -0.00523473 -0.630033 -0.776536 0.0121722 0.0765692 0.00298199 0.000182332 0.000216456 -0.00293333 0.0773839 0.00386514 0.00408553 0.000182332 0.000216456 -0.00293333
101.832 0.412285 -1.01108 5.25209 0.927701 0.00496988 -0.00550217 -0.627555 -0.778537 0.0117866 0.0803718 0.00174746 0.000746003 -0.000337587 -0.00539049 0.0808234 0.00545803 0.00293879 0.000758531 -0.00035884 -0.00552709
102.854 0.400587 -0.999095 5.34974 0.949612 0.00496937 -0.00569523 -0.625817 -0.779934 0.012144 0.0817718 0.0129323 0.00021684 0.000957553 -0.00242516 0.0822558 0.00585293 0.0141799 0.00021684 0.000957553 -0.00242516
103.482 0.395089 -0.99068 5.41368 0.969491 0.00485164 -0.00574142 -0.625127 -0.780487 0.0120497 0.0829713 0.0123585 0.000162541 0.000894561 -0.00265233 0.0832309 0.00637635 0.0135969 0.0001469 0.000868049 -0.00267266
104.144 0.383515 -0.981165 5.46906 0.983907 0.00171897 0.000215355 -0.624682 -0.780878 -0.0019508 0.0481335 0.000255516 0.00124627 0.014073 -9.22597e-06 0.0465303 0.0124697 0.000376629 0.00124627 0.014073 -9.22597e-06
104.778 0.382548 -0.977052 5.50989 1.00052 0.0024321 -0.000574132 -0.624676 -0.78088 -0.00824523 0.0359528 0.000917263 2.92585e-05 0.000351039 0.000597942 0.0337486 0.0158418 0.00126755 0.00013938 0.00024408 0.000666052
105.43 0.379485 -0.976335 5.53978 0.998591 0.00233344 -0.000424716 -0.624708 -0.780855 -0.00946866 0.0313801 0.00306994 -0.000398687 -0.000783481 8.56671e-06 0.0286377 0.0161449 0.00322895 -0.000406438 -0.000564068 3.48443e-06
106.112 0.381855 -0.979995 5.56505 0.997699 0.00230468 -0.000197399 -0.624619 -0.780926 -0.0108765 0.0282119 0.00251042 -5.10983e-05 -0.000397458 0.000396463 0.0251248 0.0168002 0.00264687 -5.10983e-05 -0.000397458 0.000396463
106.748 0.388529 -0.98639 5.58089 0.9921 0.00234859 -0.00034129 -0.624567 -0.780967 -0.0109125 0.0256774 0.0102819 -0.000518853 -0.0005136 0.00106956 0.0226145 0.0162567 0.0104131 -0.000518853 -0.0005136 0.00106956
107.798 0.401814 -1.00133 5.61257 0.978643 0.00210575 3.55614e-06 -0.624768 -0.780808 -0.0127379 0.0253514 0.00310343 0.000429491 -0.000951839 -0.000377841 0.0219321 0.0179776 0.00322024 0.000429491 -0.000951839 -0.000377841
108.464 0.412172 -1.01161 5.64198 0.975752 0.00487519 -0.00573563 -0.624784 -0.780761 0.00181807 0.0608411 -0.0138436 -0.00167966 -0.0106927 0.000457405 0.0585704 0.0119151 -0.01298 -0.00179194 -0.0132467 0.000447918
109.094 0.41088 -1.00886 5.68158 0.97257 0.00472796 -0.00517915 -0.624916 -0.78066 0.00781444 0.071937 -0.0161867 -0.000241416 -0.000242669 0.000832404 0.0717956 0.0082376 -0.0151227 -0.000230375 -0.000358795 0.000786578
109.75 0.404917 -1.00209 5.72846 0.975379 0.00479879 -0.00525673 -0.625082 -0.780527 0.00945738 0.0746478 -0.0165266 0.000276323 0.000558712 0.00148391 0.0751377 0.00709679 -0.0154543 0.000276323 0.000558712 0.00148391
110.41 0.399231 -0.99612 5.78861 0.975538 0.00433533 -0.00553226 -0.624161 -0.781264 0.0106612 0.0757944 -0.00686818 -6.60084e-05 0.000724643 -0.0119001 0.076343 0.00638601 -0.00578613 -8.26779e-05 0.000981052 -0.0109024
111.504 0.39314 -0.992291 5.8647 0.979837 0.0018572 -0.000501923 -0.62138 -0.783507 -0.00992378 0.0344887 0.000528517 0.000510694 0.000493767 -0.000392342 0.0318476 0.0174129 0.000591842 0.000569621 0.000484175 -0.00055149
112.188 0.397124 -0.994454 5.89427 0.981506 0.0019219 -0.000475378 -0.621507 -0.783406 -0.0119011 0.029974 0.000552641 2.31866e-05 -0.00121298 -0.00027544 0.0265709 0.018471 0.00070759 4.61027e-05 -0.00124171 -0.000230899
112.822 0.397196 -0.994329 5.91473 0.984006 0.00183935 -0.000276588 -0.621557 -0.783367 -0.010478 0.0279683 0.00100503 -0.000915466 -0.000403323 -0.000748169 0.0249658 0.0166698 0.00112337 -0.000858001 -0.000496216 -0.000729722
113.502 0.397352 -0.994889 5.93064 0.994751 0.00174035 5.14195e-05 -0.621605 -0.783329 -0.00946296 0.0255256 0.000832787 -0.000510779 -0.000568354 -0.00109618 0.0227476 0.0150858 0.000956689 -0.000372253 -0.000421056 -0.00106506
114.248 0.399114 -0.99858 5.94315 0.985303 0.00177148 0.000284359 -0.621378 -0.783509 -0.00892495 0.0227311 0.000805976 -0.000310829 -0.000505157 6.14586e-05 0.0200992 0.0138653 0.000884664 -0.000310829 -0.000505157 6.14586e-05
114.954 0.407572 -1.00739 5.95057 0.991569 0.00170843 0.000375164 -0.62136 -0.783523 -0.00951124 0.0201712 0.00039401 -0.000529671 -0.000125446 0.000396849 0.0174732 0.0138552 0.00046439 -0.000529671 -0.000125446 0.000396849
116.052 0.413677 -1.01164 5.98716 0.976996 0.00441637 -0.00471486 -0.619025 -0.785345 0.0117174 0.0647386 -0.0140806 -0.000308664 -0.000541943 -0.00992611 0.0652219 0.00378077 -0.0131792 -0.000287487 -0.000450388 -0.00994991
116.704 0.411478 -1.00968 6.02411 0.961666 0.00453238 -0.00482218 -0.61691 -0.787006 0.0133391 0.0694696 -0.0151793 0.000241569 0.000505493 -0.00822022 0.070839 0.00365427 -0.0142424 0.000241569 0.000505493 -0.00822022
117.344 0.406154 -1.00494 6.0687 0.956519 0.00461889 -0.00502824 -0.615254 -0.788299 0.0139643 0.0713826 -0.0147576 0.000132273 0.000441368 -0.00725463 0.0728309 0.00380749 -0.0137634 0.000132273 0.000441368 -0.00725463
118.052 0.399943 -0.997756 6.12593 0.942376 0.00489255 -0.0047914 -0.615542 -0.788074 0.0117159 0.0743108 -0.00674851 0.00115621 0.000596177 0.00946002 0.0750206 0.00664079 -0.0057186 0.00115621 0.000596177 0.00946002
118.764 0.395099 -0.993465 6.18076 0.914272 0.00164259 0.000388738 -0.617818 -0.78632 -0.00290524 0.0383284 -0.00226159 0.000887967 0.00922147 0.00317213 0.0365559 0.0118981 -0.0021733 0.000887967 0.00922147 0.00317213
119.524 0.399522 -0.998014 6.21641 0.920367 0.00213213 -0.000201949 -0.618026 -0.786155 -0.008921 0.0270366 -0.00150999 0.000263905 0.000125495 -0.000415715 0.0241705 0.0150562 -0.00139192 0.000263905 0.000125495 -0.000415715
120.274 0.405589 -1.00609 6.23914 0.931627 0.00193581 -0.00015212 -0.617944 -0.78622 -0.00999475 0.0230588 -0.00190795 -0.000292055 -0.000238103 -0.000179223 0.0201935 0.0152017 -0.00176299 -0.000280014 -0.000169585 -0.000215498
121.56 0.410832 -1.00771 6.30988 0.942134 0.00459634 -0.00480329 -0.620431 -0.784233 0.0101568 0.0747932 0.00109745 0.00043326 -0.0012636 0.0072841 0.0746294 0.00729209 0.00224749 0.000321165 -0.00136925 0.0073189
122.882 0.403223 -0.999466 6.41595 0.957421 0.0045159 -0.00493597 -0.623562 -0.781745 0.0114465 0.0827614 0.00870684 0.000195063 0.00054377 0.00549679 0.0829985 0.00726295 0.0099054 0.000170268 0.000673181 0.00543002
123.52 0.392936 -0.991769 6.46862 0.958678 0.0044859 -0.00497962 -0.624868 -0.780701 0.0120112 0.0837368 0.00878184 0.000501693 0.00101796 0.00581581 0.0841517 0.00670978 0.00988152 0.000440751 0.0010482 0.00584625
124.246 0.388571 -0.98655 6.51926 0.973437 0.00145438 0.000538812 -0.625957 -0.779856 -0.00322994 0.0477909 0.000835231 0.0011167 0.00903325 0.000671614 0.0473919 0.0132551 0.000804666 0.00119807 0.0101406 0.000830007
125.696 0.392959 -0.992291 6.56564 0.985259 0.00180904 0.000246878 -0.625828 -0.779959 -0.00857672 0.0299598 0.000392235 -0.000312223 -0.000582437 -0.000471612 0.0273888 0.0148632 0.000490243 -0.000312223 -0.000582437 -0.000471612
127.17 0.409159 -1.007 6.591 0.984733 0.00170067 0.000574758 -0.625823 -0.779963 -0.00902569 0.0262444 0.000540602 -0.000506669 0.000163617 -0.000255384 0.0236644 0.0144961 0.000618648 -0.000506669 0.000163617 -0.000255384
128.704 0.419196 -1.01752 6.65119 1.00524 0.00450735 -0.00446969 -0.627666 -0.778457 0.00885714 0.0738099 0.000137083 6.87999e-05 -0.000278246 0.0081865 0.0740019 0.006994 0.0010807 6.87999e-05 -0.000278246 0.0081865
129.376 0.420199 -1.01726 6.70292 0.965299 0.00457097 -0.00481549 -0.629695 -0.776814 0.00874275 0.0777545 0.00150269 0.000499474 0.000463445 0.00618876 0.0777665 0.00752882 0.00235706 0.000573134 0.000404424 0.00633351
130.954 0.405488 -1.00271 6.82826 0.960461 0.0045973 -0.00556715 -0.624022 -0.781373 0.0131578 0.0776848 0.00364218 -0.000586679 0.00169313 -0.0205984 0.0785577 0.00423625 0.00468889 -0.00101761 0.00200908 -0.0211485
131.712 0.393355 -0.99035 6.89082 0.969901 0.00462757 -0.00569331 -0.619854 -0.784683 0.0129653 0.0783597 0.00392194 0.00076192 0.000472576 -0.0124608 0.0791663 0.00552797 0.00508512 0.00076192 0.000472576 -0.0124608
132.516 0.385615 -0.983276 6.95065 0.993419 0.0019185 -0.00031562 -0.617848 -0.786295 -0.00589589 0.041417 0.000222095 0.00107575 0.00475901 -0.00152717 0.0388465 0.015524 0.000374253 0.00107575 0.00475901 -0.00152717
133.274 0.385955 -0.982437 6.98986 1.01083 0.00199457 -0.000510884 -0.617772 -0.786355 -0.0108504 0.0307258 0.00353408 -0.000230488 -0.000111362 0.000512363 0.0272724 0.0178062 0.00366785 -0.000230488 -0.000111362 0.000512363
133.998 0.386612 -0.983455 7.01637 1.00916 0.00205775 -0.000405234 -0.617941 -0.786222 -0.0111183 0.02885 -0.00257892 -0.000266094 -0.00112407 0.000299712 0.0254292 0.0176922 -0.00246657 -0.000220776 -0.00109976 0.000337449
134.722 0.386024 -0.983586 7.03783 1.00778 0.00186648 3.34222e-05 -0.618059 -0.786129 -0.00996649 0.0271036 -0.00202211 -0.000643067 -0.000910277 -0.000491643 0.024031 0.0161269 -0.00193505 -0.000510369 -0.000919032 -0.000463254
136.34 0.399065 -0.998496 7.06956 1.00909 0.00174477 0.000507965 -0.618024 -0.786157 -0.0112142 0.0224261 -0.0027826 -0.000347529 -0.000305821 -0.000396518 0.0191483 0.016201 -0.002702 -0.000347529 -0.000305821 -0.000396518
137.082 0.409295 -1.00767 7.07677 1.00408 0.00175563 0.000415297 -0.618005 -0.786172 -0.00997676 0.0202187 -0.00179231 -0.000557245 -0.000383682 -0.000195543 0.0172937 0.0144747 -0.0017187 -0.000557245 -0.000383682 -0.000195543
137.896 0.417338 -1.01392 7.10061 0.972471 0.0037444 -0.00490289 -0.613587 -0.789603 0.0116459 0.0570576 -0.0137044 -0.00154788 -0.00527941 -0.0336971 0.0574835 0.00305361 -0.0131723 -0.0016022 -0.00598174 -0.0333069
139.466 0.424285 -1.00303 7.19249 0.973619 0.00404235 -0.00525561 -0.594115 -0.804353 0.0157072 0.067096 -0.016823 0.000902398 0.00128448 -0.0275904 0.0688229 0.00461807 -0.0157226 0.000913957 0.00123458 -0.0280029
140.362 0.433051 -0.986014 7.2631 0.96363 0.00434508 -0.00567075 -0.586544 -0.809886 0.0177628 0.0722801 -0.00965781 0.000351422 0.000168614 -0.0173236 0.0741288 0.00557435 -0.00845758 0.000219663 0.00045673 -0.0179756
141.124 0.451657 -0.969946 7.32787 0.954432 0.00442698 -0.00605387 -0.582722 -0.812637 0.0186223 0.0762762 -0.00936484 0.000509718 0.000308778 -0.010681 0.0783502 0.00683528 -0.00818967 0.000509718 0.000308778 -0.010681
142.724 0.523615 -0.921478 7.4932 0.931025 0.00077723 0.00173135 -0.587686 -0.809087 0.012672 0.0699621 0.00266081 -0.00308658 -0.00181541 0.168001 0.0704563 0.00957626 0.00255933 -0.00308658 -0.00181541 0.168001
143.416 0.551929 -0.908483 7.53637 0.926196 0.000965585 -0.0013194 -0.670588 -0.741829 0.000629343 0.0402746 0.00340826 0.0024924 0.000646944 0.385967 0.0401223 0.00342755 0.00353762 0.0024924 0.000646944 0.385967
144.22 0.569608 -0.896209 7.566 0.920519 0.00113288 -0.00317336 -0.760025 -0.649885 0.00564067 0.0347856 0.00246522 0.00960618 -0.0175305 0.239873 0.0334726 -0.0109655 0.00269773 0.00960618 -0.0175305 0.239873
145.088 0.588315 -0.881067 7.59695 0.899951 0.000638271 -0.00157631 -0.765204 -0.643786 0.0114697 0.0300833 0.0223714 -0.00208733 -0.000766089 -0.102025 0.0276403 -0.0167971 0.0218612 -0.00237669 -0.000698299 -0.0990799
145.878 0.603783 -0.869651 7.62129 0.918629 0.000679048 -0.00122534 -0.742386 -0.669972 0.00751151 0.02687 0.00698551 -0.000274663 -0.000212075 -0.0853803 0.0259423 -0.0102139 0.00706357 -0.000274663 -0.000212075 -0.0853803
147.376 0.673741 -0.850561 7.71888 0.971451 0.00594766 -0.00691383 -0.715329 -0.698728 0.00917759 0.0966784 0.00519513 0.000241784 -0.000338942 -0.0342343 0.0963258 -0.0114351 0.00696467 0.000241784 -0.000338942 -0.0342343
148.196 0.753923 -0.842912 7.81094 0.983517 0.00679341 -0.00782827 -0.708146 -0.70599 0.00883879 0.111494 0.00640618 0.00542483 -0.00302549 -0.0212853 0.11131 -0.00916738 0.00872307 0.00542483 -0.00302549 -0.0212853
149.002 0.8457 -0.830786 7.91727 0.99611 0.00348949 -0.00429895 -0.699597 -0.714516 0.0159974 0.115757 -0.00169816 -0.0165001 -0.140684 -0.0434063 0.116081 -0.0135527 -0.000404358 -0.0165001 -0.140684 -0.0434063
150.562 1.05197 -0.795505 8.13424 0.987593 0.00787168 -0.0101774 -0.672815 -0.739699 0.0282486 0.141294 -0.00102746 0.000339775 1.24046e-05 -0.0442543 0.14331 -0.0147696 0.00267941 0.000339775 1.24046e-05 -0.0442543
152.236 1.02369 -0.743344 8.45865 1.01967 0.0110986 -0.0126041 -0.657728 -0.753068 0.0309616 0.193949 0.00495861 0.00115729 -1.36222e-05 -0.00401239 0.195457 -0.00488701 0.0114501 0.00125562 -0.000197729 -0.00446935
153.04 1.00766 -0.722241 8.63151 0.995795 0.0103742 -0.0127549 -0.657304 -0.753446 0.0310014 0.200006 -0.000845567 0.0130812 -0.00627336 -0.00450261 0.202281 -0.00357731 0.00580823 0.0130812 -0.00627336 -0.00450261
153.83 0.983658 -0.694072 8.82219 0.968436 0.00995823 -0.0127428 -0.652882 -0.757287 0.038354 0.202882 -0.00199879 -0.000169868 0.000122229 -0.0230391 0.20586 -0.00814328 0.00476148 -0.000467228 0.000343738 -0.0229663
154.744 0.930126 -0.660266 9.03108 0.917593 0.00999839 -0.0126488 -0.645928 -0.763228 0.0396311 0.209206 0.000473351 0.00116023 -0.000978203 -0.0185285 0.212753 -0.0044918 0.00733784 0.00116023 -0.000978203 -0.0185285
155.63 0.91897 -0.623948 9.23731 0.916362 0.0094767 -0.0121834 -0.640759 -0.767587 0.0404952 0.211094 0.00331729 -2.69378e-05 0.00102401 -0.0148353 0.214728 -0.00212241 0.00994825 -2.69378e-05 0.00102401 -0.0148353
157.274 0.962247 -0.548361 9.59807 0.961997 0.00947047 -0.0121135 -0.633885 -0.773275 0.0441049 0.218914 0.00501528 -0.000240261 -8.52485e-05 -0.00892618 0.223053 -0.000293035 0.0118779 -0.000240261 -8.52485e-05 -0.00892618
158.178 0.984609 -0.502402 9.80016 0.984021 0.0100096 -0.0125578 -0.631165 -0.775483 0.0477848 0.227479 0.00545046 -0.000309321 -0.000833737 -0.00683656 0.231809 -0.000616245 0.0131782 -0.000380459 -0.00082002 -0.00690531
159.844 0.975999 -0.421596 10.1645 0.971291 0.0102927 -0.0131888 -0.627881 -0.77813 0.0498236 0.236884 0.00189993 -0.000482592 -0.00522292 -0.00485059 0.241864 0.00136068 0.0099952 -0.000482592 -0.00522292 -0.00485059
160.76 1.0012 -0.375935 10.3593 0.99713 0.00965198 -0.0121486 -0.626432 -0.779321 0.0489512 0.22714 -2.60808e-05 -0.000398207 -0.00239613 -0.0029077 0.232241 0.00102346 0.00718317 -0.000398207 -0.00239613 -0.0029077
162.402 1.00337 -0.297725 10.6941 1.00001 0.00841833 -0.0106783 -0.625179 -0.780363 0.0454967 0.210757 -6.38577e-05 0.000345756 -0.003655 -0.00122587 0.215528 0.00157815 0.00579857 0.000345756 -0.003655 -0.00122587
163.386 1.02027 -0.254113 10.883 1.01432 0.00762255 -0.00963473 -0.624605 -0.780844 0.0427436 0.195832 -0.00177475 -0.000740795 -0.00156055 -0.00214409 0.200421 0.00130842 0.0031501 -0.000740795 -0.00156055 -0.00214409
164.442 1.00916 -0.207902 11.071 1.00631 0.00694637 -0.00863639 -0.624206 -0.781181 0.039867 0.180968 0.00157533 0.000151332 -0.00184788 -0.000287716 0.185224 0.0010438 0.00568231 0.000151332 -0.00184788 -0.000287716
165.498 1.02614 -0.172572 11.2238 1.01576 0.00610048 -0.00768417 -0.624229 -0.78118 0.0359428 0.165757 -0.0018923 0.00059172 -0.00253401 0.000264492 0.169984 0.00147409 0.00124711 0.000598406 -0.00254847 0.000296153
167.286 0.998505 -0.110613 11.4534 0.992593 0.00529136 -0.00624316 -0.624907 -0.780656 0.0322108 0.136394 0.00034012 -0.000450287 -0.00133545 0.00165259 0.140113 -0.00156939 0.0026321 -0.000450287 -0.00133545 0.00165259
168.386 1.01511 -0.078503 11.561 1.01317 0.0049478 -0.00544602 -0.626117 -0.779695 0.0286996 0.116967 0.00305578 0.000897343 -6.43154e-05 0.00571235 0.121097 -0.00298124 0.00470513 0.000863725 1.10787e-05 0.00567715
169.306 1.02824 -0.0646603 11.65 1.02336 0.00447741 -0.00510267 -0.629167 -0.77724 0.0227086 0.104962 -0.000545658 0.000139384 -0.00184153 0.0117453 0.10761 -0.000350734 0.000914866 0.000211345 -0.00175629 0.0116801
170.364 1.00895 -0.0466111 11.7532 1.00364 0.0140653 -0.0167003 -0.632585 -0.774183 0.0303946 0.149236 -0.00282331 0.00101661 -0.0389914 0.00417762 0.146015 -8.60442e-05 0.00375264 0.000733028 -0.0157459 0.0048102
171.374 1.01035 -0.0165463 11.9065 0.999194 0.00528348 -0.00608561 -0.632669 -0.774381 0.0307494 0.151738 -0.00172721 -0.000445364 -0.0158616 -0.00206494 0.157252 0.000173916 0.000163769 -0.000281963 -0.0159603 -0.00204922
172.364 1.00291 0.00345934 12.0257 0.992669 0.00118511 -0.00141858 -0.632118 -0.77487 0.0160788 0.0882753 0.00848829 0.00244486 -0.0089755 -0.00108338 0.0919706 0.00197857 0.00873435 0.00253947 -0.00928935 -0.00113172
173.31 1.00817 0.0149859 12.082 0.999239 -0.000679679 0.000780112 -0.63192 -0.775033 0.00839302 0.0357319 0.00263206 -0.000517992 -0.00312538 -0.000764894 0.0382991 -0.000976095 0.00277999 -0.000439834 -0.00333808 -0.000803182
175.068 1.00336 0.0231979 12.0788 0.999832 -0.000544169 0.00160641 -0.6317 -0.775211 -0.000359288 -0.00325161 0.00420496 -0.000808859 0.0015654 4.02158e-05 -0.00298233 -0.000379752 0.00528069 -0.000751562 0.00150337 3.67594e-05
176.106 1.01435 0.0205483 12.0513 1.00802 0.000239998 0.00105121 -0.631755 -0.775167 -0.00250771 -0.00611951 -0.00773202 -0.000873661 0.00375561 -0.000470203 -0.00646715 0.00122949 -0.00729731 -0.000591219 0.00280212 -0.000466532
177.17 0.998018 0.0136097 12.0291 0.988586 0.000798951 0.000339072 -0.63159 -0.775302 -0.00273663 -0.00148125 0.0116937 0.000285911 0.00218959 0.00137471 -0.00200962 0.00236112 0.0116967 0.000285911 0.00218959 0.00137471
