43.514 0.859065 0.00602417 0.257366 0.577144 0.0077704 -0.00924218 -0.656285 -0.754417 0.0132395 0.133884 -0.0208794 -1.45697e-06 0.000183558 -0.000887242 0.133642 0.00543163 -0.0177496 7.69388e-05 0.000221744 -0.00154707
43.978 0.845993 0.017383 0.333643 0.566553 0.00776164 -0.00937957 -0.656127 -0.754553 0.0157174 0.142506 -0.0200447 -0.000613586 -0.000314032 0.00214835 0.143753 0.00421351 -0.0165531 -0.000613586 -0.000314032 0.00214835
44.978 0.797684 0.044663 0.501451 0.531055 0.0079295 -0.00959704 -0.655728 -0.754895 0.0175794 0.152769 -0.0167586 -0.000254859 0.000865803 0.00448775 0.153523 0.00402038 -0.0130427 -0.000224286 0.000936358 0.00466904
45.452 0.752556 0.0567531 0.578926 0.523935 0.00741291 -0.00909353 -0.656111 -0.754573 0.0173023 0.155666 -0.0145366 0.000279257 0.000845312 0.000753723 0.156673 0.00436842 -0.0110105 0.000249652 0.000166307 0.000976856
45.938 0.722375 0.0689602 0.659317 0.52749 0.00707938 -0.00826654 -0.656279 -0.75444 0.0157181 0.153069 0.0184393 -0.000436181 0.00419232 0.00429547 0.153333 0.00563599 0.0217808 -0.000436181 0.00419232 0.00429547
46.894 0.687459 0.0930632 0.812504 0.545513 0.00689247 -0.00826265 -0.658019 -0.752924 0.0144715 0.154208 0.0355569 0.000128789 0.00171063 0.0129533 0.153956 0.006329 0.0388748 0.000128789 0.00171063 0.0129533
47.36 0.686676 0.101544 0.878541 0.56496 0.00655787 -0.00808706 -0.659485 -0.751646 0.0137827 0.152479 0.0332776 -0.000837911 0.00239294 0.0105777 0.152417 0.00631368 0.036394 -0.000592606 0.00169891 0.0108342
47.924 0.684575 0.116768 0.958786 0.579585 0.00681416 -0.00815369 -0.660422 -0.75082 0.0155182 0.153047 0.0312108 -0.000648439 0.000699211 0.0100442 0.152858 0.00415735 0.0374012 -0.000718272 0.00138724 0.0100145
48.43 0.681852 0.130798 1.02118 0.581117 1.32368e-05 0.00113637 -0.677058 -0.735929 0.00741639 0.103088 -0.00518385 0.00340694 0.0263977 0.211711 0.10687 0.00170239 -0.0050273 0.00199173 0.0251758 0.195013
49.044 0.683824 0.13936 1.06215 0.585532 0.000854688 -0.00126382 -0.731403 -0.681944 0.00461947 0.0735537 -0.00750099 0.00190479 0.00134321 0.300959 0.0742597 -0.00899396 -0.00656151 0.00194426 0.00148985 0.301623
49.844 0.683106 0.144042 1.09178 0.581112 0.000523227 -0.00157589 -0.792705 -0.609604 0.00720996 0.0603117 -0.00568301 -0.000243304 0.00131765 0.18612 0.0564537 -0.0224645 -0.00548594 -0.000243304 0.00131765 0.18612
50.444 0.68116 0.148013 1.10439 0.578321 0.000555694 -0.00127288 -0.818854 -0.574 0.00766129 0.0555751 -0.00247816 -0.000548196 -0.000324427 0.129355 0.0496361 -0.0261591 -0.00232262 -0.000548196 -0.000324427 0.129355
51.06 0.674069 0.151572 1.11408 0.570876 -0.000609844 -0.00266761 -0.828458 -0.560044 0.0109609 0.0528561 0.00756427 0.0038146 0.000831478 -0.131057 0.0449477 -0.0298313 0.0078055 0.0038146 0.000831478 -0.131057
51.686 0.677589 0.158871 1.12083 0.574187 0.00014122 -0.00142392 -0.780199 -0.625529 0.0153755 0.0500266 0.00205067 -0.00492609 -0.00211094 -0.369787 0.0454825 -0.0258803 0.00219465 -0.00492609 -0.00211094 -0.369787
52.68 0.669799 0.171762 1.13141 0.566436 0.00174571 0.00064697 -0.70431 -0.70989 0.00189491 0.0382264 0.0139162 0.00428749 0.000534325 0.0795562 0.0382187 -0.00164048 0.0139697 0.00428749 0.000534325 0.0795562
53.166 0.683257 0.17363 1.13949 0.578842 0.000857394 -0.000176249 -0.733884 -0.679275 0.000409819 0.0349928 -0.000140038 0.0035098 -0.000715671 0.248142 0.035172 -0.00261212 0.00108823 0.00390481 -0.000546024 0.244132
53.684 0.683987 0.173524 1.14491 0.576284 0.000591488 -0.000446356 -0.770848 -0.637019 0.0038475 0.0297351 -0.000676212 -0.000270116 0.00086487 0.239251 0.0284786 -0.00938106 -0.000634662 -0.000270116 0.00086487 0.239251
54.176 0.690026 0.174712 1.14849 0.583497 0.000686471 -0.000633465 -0.803539 -0.595251 0.00623249 0.0240959 -0.00494593 0.000570008 0.00153966 0.201373 0.0212438 -0.0129835 -0.00490387 0.000570008 0.00153966 0.201373
54.698 0.688543 0.174202 1.15189 0.581048 0.000720482 -0.000833756 -0.82918 -0.558981 0.00607196 0.0192776 -0.00357178 8.24148e-05 0.000665317 0.164476 0.0156003 -0.0128613 -0.00353119 8.24148e-05 0.000665317 0.164476
55.234 0.696603 0.1748 1.15826 0.588891 0.000652309 -0.000950063 -0.850333 -0.526243 0.00602548 0.0159049 -0.00217233 0.00100465 -9.57121e-05 0.133616 0.0118407 -0.012617 -0.00209204 0.00110055 -0.000118753 0.135579
55.764 0.699853 0.17307 1.16163 0.592164 0.000628716 -0.00120803 -0.864059 -0.503389 0.00499665 0.011295 -0.00314283 0.00119022 -0.000115097 0.0999755 0.00736858 -0.00992189 -0.00311144 0.00119022 -0.000115097 0.0999755
56.816 0.714122 0.17368 1.18815 0.603178 0.00073568 -3.66221e-05 -0.830385 -0.55719 0.00886152 0.0133036 -0.00533275 -0.0196042 -0.00271028 -0.266473 0.00895815 -0.0132392 -0.0053315 -0.0196042 -0.00271028 -0.266473
57.348 0.717563 0.170096 1.20088 0.600841 0.000574185 0.000355313 -0.817371 -0.576111 -0.00411413 0.00384508 -0.00636446 0.0074667 -0.000493345 0.047352 0.00500777 0.00258988 -0.0063586 0.0074667 -0.000493345 0.047352
57.934 0.706032 0.166077 1.22021 0.586802 0.0104284 -0.0091342 -0.829603 -0.558182 -0.0196675 0.0569997 -0.00147165 -0.000170168 -0.0335658 0.0553664 0.060227 -0.00325828 0.000196116 -0.000170168 -0.0335658 0.0553664
58.54 0.717497 0.15606 1.27617 0.588389 2.45691e-05 -5.66107e-05 -0.832176 -0.554512 -0.022517 0.076944 -0.00331454 -0.0114752 -0.0970028 0.0142753 0.0841692 -0.0093098 -0.00229082 -0.0131821 -0.118109 0.00987539
59.648 0.749984 0.145689 1.35171 0.600359 0.0104056 -0.00621429 -0.853844 -0.520388 -0.0198801 0.0473617 0.0893759 0.0022689 0.00513519 0.0834051 0.0450703 -0.00420334 0.0907634 0.00204095 0.0212194 0.0886855
60.142 0.802106 0.133025 1.39554 0.639444 0.00862587 -0.00527741 -0.860504 -0.509343 -0.0373704 0.077427 0.0951041 -0.000264754 -0.00182352 0.0319019 0.0839159 -0.00445913 0.0968221 -0.000264754 -0.00182352 0.0319019
60.73 0.867354 0.101966 1.45883 0.686383 0.00890483 -0.00447359 -0.863732 -0.503853 -0.0512745 0.089097 0.0967872 0.000262236 -0.00123095 0.0220565 0.100849 0.000656638 0.0988136 0.000262236 -0.00123095 0.0220565
61.232 0.891321 0.0744893 1.50983 0.714938 -0.00157938 -0.00155969 -0.863936 -0.503596 -0.0462985 0.0786779 -0.011107 0.0198527 -0.0647165 -0.0999915 0.091264 0.00146825 -0.0112191 0.0198527 -0.0647165 -0.0999915
61.738 0.861391 0.0572091 1.55507 0.711666 0.000923006 -0.000665089 -0.834747 -0.550632 -0.0135691 0.0407044 -0.00697668 -0.0238919 0.00720139 -0.254079 0.0427754 -0.00354841 -0.00687912 -0.0238919 0.00720139 -0.254079
62.308 0.841738 0.0445599 1.5976 0.712525 0.00175257 -0.000698981 -0.822874 -0.568221 -0.0150467 0.0245191 -0.00927862 0.00437937 0.00102246 0.0554675 0.0282933 0.00539295 -0.00917007 0.00437937 0.00102246 0.0554675
62.89 0.822278 0.0338998 1.62661 0.70805 0.00140888 -0.00146139 -0.83686 -0.547414 -0.0108093 0.0209814 -0.00515525 0.00040158 -0.00105452 0.104558 0.0235748 0.00149243 -0.00506333 0.00040158 -0.00105452 0.104558
63.468 0.796242 0.0259826 1.65787 0.696857 0.00145867 -0.00104495 -0.853206 -0.52157 -0.00882372 0.0207991 0.00736852 -0.000263451 -0.00111224 0.148021 0.0226919 -0.00158723 0.00687918 -0.000456344 -0.00118734 0.14643
64.056 0.796097 0.0176262 1.68794 0.717842 0.0121605 -0.00691052 -0.87229 -0.488788 -0.0298368 0.0523653 0.103003 0.00338538 -0.00799078 0.103906 0.0573348 -0.00187361 0.104648 0.00338538 -0.00799078 0.103906
65.11 0.834493 -0.0380361 1.79112 0.798259 0.00974504 -0.00381282 -0.883706 -0.467926 -0.0620539 0.0827275 0.0826941 0.0014229 -0.000236578 0.0401847 0.10156 0.00462957 0.0848353 0.0014229 -0.000236578 0.0401847
65.652 0.877772 -0.0827173 1.8548 0.863629 0.0104623 -0.00464517 -0.888934 -0.457892 -0.0715102 0.0858332 0.085436 0.000598866 0.000296509 0.0507212 0.109422 0.00827123 0.0879708 0.000598866 0.000296509 0.0507212
66.232 0.932111 -0.139497 1.93153 0.933726 0.0108095 -0.00507337 -0.89499 -0.445926 -0.0790367 0.0916317 0.101311 -5.0642e-05 0.000252567 0.0434837 0.118297 0.00785385 0.104169 -5.0642e-05 0.000252567 0.0434837
66.866 1.00928 -0.20336 2.02193 1.01025 0.0116764 -0.00510375 -0.899883 -0.435945 -0.0872619 0.100109 0.107187 -0.000453233 7.11433e-05 0.0369188 0.129874 0.00631645 0.110537 -0.000453233 7.11433e-05 0.0369188
67.592 1.10291 -0.277314 2.12492 1.11471 0.0124411 -0.00762612 -0.90363 -0.428065 -0.0922835 0.11663 0.124352 -0.00328882 -0.00376019 0.00747195 0.144109 -0.00142796 0.128792 -0.00319783 -0.00396091 0.00903176
68.28 1.19763 -0.362024 2.25139 1.21338 0.0123841 -0.00825732 -0.901508 -0.432507 -0.0925117 0.134567 0.131853 -0.00270985 0.000170353 -0.0323172 0.158896 -0.011492 0.136644 -0.00270985 0.000170353 -0.0323172
68.918 1.27947 -0.436185 2.36267 1.2879 0.015882 -0.00824051 -0.897462 -0.440728 -0.106578 0.149243 0.139575 0.00110847 -0.00401721 -0.0212461 0.176913 -0.00727373 0.145651 0.000885063 -0.00384708 -0.0221261
69.976 1.32961 -0.550884 2.543 1.32209 0.0022334 -0.00139929 -0.86248 -0.506084 -0.044852 0.074793 -0.0136806 -0.00462402 0.00305965 -0.297867 0.0872405 0.0026723 -0.0132215 -0.00462402 0.00305965 -0.297867
70.914 1.3197 -0.600713 2.62882 1.31372 0.00291275 -0.000919276 -0.793002 -0.609212 -0.035935 0.0556845 -0.00457469 0.000626079 -0.001536 -0.234456 0.0630896 0.0203795 -0.00417004 0.000626079 -0.001536 -0.234456
71.574 1.32946 -0.627579 2.67248 1.32169 0.00249521 -0.000758234 -0.752483 -0.658607 -0.0340959 0.0520734 -0.0129433 0.000361054 -0.00129049 -0.177102 0.0561919 0.0269248 -0.0126186 0.000361054 -0.00129049 -0.177102
72.286 1.32594 -0.65072 2.70954 1.31848 0.00177997 -0.000700779 -0.712175 -0.701999 -0.0310945 0.0501161 -0.0104111 0.000189817 -0.00142151 -0.185105 0.0505946 0.0303855 -0.0101875 0.000189817 -0.00142151 -0.185105
72.934 1.32087 -0.66476 2.73709 1.31011 0.00163279 -0.000229411 -0.668153 -0.744022 -0.0275517 0.0474726 -0.00431008 -0.000125006 -0.00104809 -0.185238 0.044258 0.0324883 -0.00412945 -0.000125006 -0.00104809 -0.185238
73.744 1.3149 -0.675344 2.75865 1.30643 0.00148398 9.48159e-05 -0.622413 -0.782688 -0.0241432 0.0428434 0.00328049 -0.000500973 0.000256217 -0.142885 0.0363 0.0331633 0.00342313 -0.000500973 0.000256217 -0.142885
74.476 1.32317 -0.685769 2.77408 1.31105 0.00129305 0.000226427 -0.585654 -0.81056 -0.0216728 0.038002 -0.00264245 7.18589e-05 0.000655243 -0.108285 0.0292771 0.0325159 -0.00253208 7.18589e-05 0.000655243 -0.108285
75.196 1.32217 -0.690717 2.78331 1.31375 0.00129453 0.000381966 -0.558022 -0.829825 -0.0173452 0.0328857 -0.00284889 -0.000915705 0.000752658 -0.0878398 0.0241144 0.028623 -0.00224985 -0.000905943 0.000607495 -0.0881702
75.886 1.3255 -0.695163 2.78913 1.31764 0.00135192 0.000484819 -0.535254 -0.84469 -0.0143952 0.0283546 -0.00851007 -0.000613269 -8.47342e-05 -0.0666899 0.0194981 0.0251482 -0.00842736 -0.000613269 -8.47342e-05 -0.0666899
76.626 1.3859 -0.685624 2.81132 1.37776 0.00297589 -0.0021271 -0.516649 -0.856189 0.0299269 0.0812841 -0.0147593 -0.0177446 -0.183827 -0.0547408 0.0859602 0.0114551 -0.0141491 -0.0177446 -0.183827 -0.0547408
77.362 1.39898 -0.677581 2.83902 1.38812 0.00133851 0.000787758 -0.495336 -0.8687 -0.00341598 0.0297506 -0.0238821 0.00144566 0.00246148 -0.0662586 0.0248477 0.0179432 -0.0239308 0.00150711 0.00314835 -0.0666754
78.268 1.38687 -0.67874 2.8604 1.37752 0.00155777 0.000184643 -0.469308 -0.883033 -0.00754943 0.0174816 -0.0121311 -0.000445324 0.000962653 -0.058008 0.0102791 0.0160735 -0.0120725 -0.000445324 0.000962653 -0.058008
79 1.40347 -0.667948 2.88263 1.40205 0.00353307 -0.00768225 -0.450994 -0.892487 0.0120655 0.0322157 0.182681 0.0326067 0.228189 -0.052759 0.030001 0.00951011 0.183208 0.0326067 0.228189 -0.052759
79.73 1.49525 -0.621836 2.93846 1.50431 0.00652939 -0.0139753 -0.434021 -0.900771 0.0911188 0.103699 0.181567 -0.00185902 -0.00180081 -0.0436398 0.132218 -0.00657438 0.185736 -0.00185902 -0.00180081 -0.0436398
80.526 1.62684 -0.53035 3.04326 1.64089 0.0106554 -0.0162725 -0.421244 -0.906739 0.122783 0.145549 0.163411 0.00150286 -0.0081419 -0.0106619 0.181627 -0.00168548 0.171274 0.000477242 -0.00683978 -0.0132462
81.252 1.66728 -0.429438 3.16621 1.75736 0.00902475 -0.0165026 -0.421006 -0.906863 0.138774 0.166437 0.156243 0.00129291 4.64039e-05 0.00785385 0.21068 0.00101526 0.164269 0.00129291 4.64039e-05 0.00785385
82.036 1.50847 -0.31417 3.31254 1.83756 0.00108049 0.0069913 -0.431109 -0.902272 0.109617 0.132254 -0.0126447 -0.0103651 -0.0290535 0.195665 0.182315 -0.00204733 -0.0152537 -0.016336 -0.0789227 0.161944
82.912 1.4046 -0.248448 3.41179 1.84045 0.00207693 -0.000132235 -0.557212 -0.830368 0.0477707 0.0652121 -0.0203787 0.00144157 0.00158857 0.410191 0.0785042 -0.0194221 -0.0202441 0.00144157 0.00158857 0.410191
83.788 1.341 -0.222951 3.47021 1.83701 0.00179945 -0.000272372 -0.659455 -0.751742 0.044792 0.0561337 -0.0133234 -0.00153411 -0.00203141 0.241799 0.061526 -0.0370688 -0.0132392 -0.00153411 -0.00203141 0.241799
84.78 1.30045 -0.217989 3.51151 1.8268 0.00168929 0.000438477 -0.726272 -0.687406 0.0398409 0.0532325 -0.00556914 -0.000695702 -0.00179252 0.173312 0.0513988 -0.0426506 -0.00661615 -0.000430092 -0.00168618 0.1756
85.624 1.27503 -0.231546 3.53348 1.82436 0.00156949 0.000857944 -0.777541 -0.62883 0.0303871 0.0492035 0.000101499 0.00104098 -0.00143824 0.22571 0.04176 -0.0400059 2.60216e-05 0.00104098 -0.00143824 0.22571
86.472 1.25675 -0.260562 3.55908 1.89278 0.0144553 -0.00736644 -0.814461 -0.579992 -0.00827205 0.114906 0.192501 0.00252838 -0.029458 0.0650605 0.10506 -0.030688 0.195829 0.00252838 -0.029458 0.0650605
87.35 1.182 -0.321938 3.62535 1.93202 -0.00136469 0.00159311 -0.827293 -0.561766 -0.00709304 0.0737316 0.0134022 0.00267922 0.0297806 0.0772368 0.0751405 -0.0211972 0.0138578 0.0032081 0.0323785 0.0741494
88.234 1.15269 -0.364528 3.65021 1.95136 0.000543204 -0.00032339 -0.851167 -0.524894 -0.00296876 0.0403151 -0.00429796 0.00146009 0.000745657 0.122922 0.0379354 -0.0155739 -0.00273423 0.00112101 0.000677259 0.122532
89.08 1.14313 -0.385563 3.65795 1.96757 0.000406631 -0.000718023 -0.87348 -0.486858 -0.00482937 0.0309525 -0.0229026 0.00131188 5.60044e-05 0.100343 0.028898 -0.0121912 -0.0228514 0.00131188 5.60044e-05 0.100343
89.96 1.11378 -0.417654 3.69548 2.09075 0.010264 -0.00815315 -0.881901 -0.471253 -0.0520075 0.113197 0.15023 -0.00144718 -0.00429592 -0.0265666 0.119093 -0.0189604 0.153444 -0.00144718 -0.00429592 -0.0265666
91.178 0.978159 -0.497942 3.83722 2.30038 0.0107736 -0.00740064 -0.873536 -0.486583 -0.074541 0.13552 0.151917 -0.00897587 0.0097388 -0.0234517 0.150456 -0.00758239 0.155905 -0.00897587 0.0097388 -0.0234517
92.116 0.852272 -0.572643 3.97163 2.42082 0.0089668 -0.00632509 -0.87203 -0.48933 -0.0801758 0.131182 0.0401273 0.00321977 -0.0981415 -0.00160663 0.152831 0.000173058 0.0434735 0.00321977 -0.0981415 -0.00160663
93.48 0.693476 -0.650985 4.13637 2.48781 0.0101826 -0.00644665 -0.861992 -0.506779 -0.0745335 0.119376 0.0879337 0.0012915 -0.00203433 0.00744177 0.137323 0.0070804 0.091156 0.00140005 -0.00236374 0.00636414
94.438 0.590008 -0.710444 4.25607 2.53366 -0.00129029 -0.000311983 -0.866974 -0.498352 -0.0626021 0.100359 -0.00894229 -0.00414042 -0.0393439 0.0570713 0.118211 0.00356938 -0.00917655 -0.00414042 -0.0393439 0.0570713
95.92 0.47919 -0.746796 4.36023 2.52393 0.00141185 -0.000631193 -0.911726 -0.410796 -0.0295034 0.0445064 0.00135633 -0.00190949 -0.000455649 0.301047 0.0528797 -0.00738514 0.00151983 -0.00190949 -0.000455649 0.301047
96.944 0.428106 -0.760727 4.3977 2.48767 5.12547e-05 -0.0018957 -0.972385 -0.233375 -0.0264973 0.0379592 0.0390436 0.00144653 0.000218527 0.351922 0.0408008 -0.021655 0.0391634 0.00144653 0.000218527 0.351922
98.024 0.400604 -0.760151 4.43485 2.51996 -0.000268975 -0.00237213 -0.993872 -0.110507 -0.0191509 0.0391543 0.0116855 0.00871763 0.000213893 0.0934996 0.0272839 -0.0339351 0.0118473 0.00871763 0.000213893 0.0934996
99.156 0.384655 -0.753454 4.4609 2.53144 -1.20402e-05 -0.0012661 -0.98615 -0.16585 -0.0136896 0.0345759 -0.00644624 -0.00280531 0.000370236 -0.153918 0.024249 -0.0282118 -0.00636609 -0.00280531 0.000370236 -0.153918
100.898 0.366163 -0.749551 4.48302 2.55015 0.000245244 -0.000356081 -0.980892 -0.194554 -0.011477 0.011256 0.0176305 -0.000285104 0.00058641 -0.0020388 0.0151262 -0.0060714 0.0176454 -0.000252495 0.00062966 -0.00201257
102.548 0.391994 -0.746803 4.48955 2.61447 0.000490051 9.0348e-05 -0.980799 -0.195023 -0.00579232 0.0013826 0.0205604 -0.000300247 0.00029285 -0.0017601 0.00586159 0.000930891 0.0205662 -0.000300247 0.00029285 -0.0017601
103.698 0.413207 -0.75184 4.49443 2.65248 0.000563179 -0.00015722 -0.980802 -0.195007 -0.00315221 0.000895907 0.0167982 -0.000495694 0.000444768 -0.00201729 0.00323559 0.000379525 0.0168019 -0.000495694 0.000444768 -0.00201729
104.844 0.424935 -0.753321 4.50343 2.67651 0.000755218 -0.000766545 -0.966689 -0.255952 0.00271162 0.00673377 -0.00664116 -0.00177256 -0.00047423 -0.189982 0.00103639 -0.0074043 -0.00615523 -0.00219796 -0.000421746 -0.190401
106.026 0.413324 -0.764096 4.51479 2.66339 0.00063415 -0.000469726 -0.944811 -0.327616 0.00208252 -0.00101913 -0.00458905 0.00120598 -0.000163883 -0.0926454 -0.00209943 -0.000588075 -0.00489944 0.00103309 -8.4479e-05 -0.0933959
107.694 0.38783 -0.782695 4.53421 2.64541 0.000196107 -0.000334163 -0.921182 -0.389132 0.00392925 -0.00293453 0.00201335 -0.000347945 -0.00134075 -0.0726515 -0.00484437 -0.00077023 0.00201069 -0.000347945 -0.00134075 -0.0726515
108.888 0.386723 -0.798769 4.55267 2.66893 0.000677893 0.000106325 -0.91429 -0.40506 -0.00297545 -0.00379913 0.0204407 0.000144962 0.000123039 0.00395286 -0.000788783 0.00475405 0.0205201 0.000282361 0.000183072 0.00362449
110.09 0.393037 -0.814609 4.55974 2.6846 0.000683568 0.000115072 -0.914815 -0.403872 -0.00449679 -0.00421993 0.0205471 0.000111898 -0.000608627 0.00302178 -0.000254783 0.00609141 0.0206773 0.00021101 -0.000555539 0.00310045
111.348 0.406135 -0.836954 4.57022 2.71214 0.000219285 6.23217e-05 -0.91501 -0.403431 -0.00537663 -0.0024891 0.0201139 0.00012209 -0.000439851 0.00256542 0.00178174 0.0056425 0.0201162 0.00012209 -0.000439851 0.00256542
112.55 0.40048 -0.843232 4.5764 2.70385 -0.00179447 7.73265e-05 -0.899033 -0.437877 0.00950012 -0.00667064 -0.0160996 -0.00160217 -0.000508353 -0.110823 -0.0111621 -0.00339019 -0.0160581 -0.00160217 -0.000508353 -0.110823
114.488 0.393538 -0.821481 4.57511 2.69144 -0.000379157 0.000128288 -0.863215 -0.504837 -0.000612947 0.00225084 -0.000930734 0.000269415 0.00183052 -0.0666558 0.00226154 -0.00056947 -0.000932416 0.000269415 0.00183052 -0.0666558
115.718 0.379459 -0.816176 4.57037 2.67714 -0.000536713 0.000521327 -0.855208 -0.518284 -0.00433936 -0.00277106 0.0204168 -0.000107578 0.000106399 0.00397074 -0.000367271 0.00513997 0.0202254 -0.000225136 7.65233e-05 0.00360538
117.67 0.444399 -0.805087 4.55018 2.746 -0.000479973 0.000563731 -0.8559 -0.517142 -0.00180112 -0.00602804 0.0238852 -0.000222296 -0.00024782 0.00322646 -0.00446497 0.00438705 0.0238935 -0.000222296 -0.00024782 0.00322646
119.552 0.453959 -0.801325 4.54911 2.75045 0.000253419 -2.2911e-05 -0.784641 -0.619951 -0.00198096 0.00344686 -0.0196309 -0.000618521 0.000134144 -0.203418 0.00383783 0.000937354 -0.0193806 -0.000854019 0.000145346 -0.205736
121.612 0.404417 -0.80502 4.5537 2.69033 0.00046842 0.000174759 -0.690719 -0.723123 -0.00337098 0.00300763 0.000315381 -0.000559264 -0.00045341 -0.0904554 0.00284973 0.00353448 0.000499239 -0.000579523 -0.000511031 -0.0921909
122.812 0.406945 -0.80695 4.56103 2.70559 0.00374953 -0.00512128 -0.660013 -0.751227 0.00324804 0.0187472 0.0386856 -0.00156531 0.000825304 -0.0527847 0.0185187 -0.000763954 0.0389237 -0.00156531 0.000825304 -0.0527847
124.158 0.413748 -0.800745 4.61071 2.75708 -6.79352e-05 0.00173905 -0.651126 -0.758968 0.00331279 0.0223157 -0.00797078 0.00330592 0.0139719 0.0992617 0.0244105 -0.000195172 -0.00746242 0.00269595 0.0127629 0.088076
126.22 0.38809 -0.804081 4.63843 2.75375 -8.55495e-05 0.000295799 -0.689412 -0.724369 0.00645656 0.00368986 0.00212158 -0.000908955 -0.000656088 -0.0948666 0.0040056 -0.00626692 0.00211761 -0.000908955 -0.000656088 -0.0948666
128.33 0.398615 -0.820275 4.63621 2.7758 -0.000419389 0.000963329 -0.672959 -0.739679 -0.00193839 -0.00200186 0.0175634 0.000188521 -0.000214842 0.00450203 -0.00212762 0.00171286 0.0175508 0.00018749 -0.00021073 0.00450789
129.58 0.429858 -0.832648 4.62868 2.81178 -0.000595637 0.00100294 -0.673237 -0.739426 -0.00250071 -0.00130339 0.0150878 -0.00026124 -0.000317372 0.00357396 -0.00149702 0.0023608 0.0150923 -0.00026124 -0.000317372 0.00357396
130.908 0.463357 -0.83424 4.6526 2.86588 0.00355734 -0.00386559 -0.672002 -0.740531 0.00514742 0.0548951 0.0275252 0.000148187 0.000627601 -0.00239045 0.0548433 0.000188728 0.028103 0.000148187 0.000627601 -0.00239045
132.194 0.461544 -0.830574 4.728 2.91475 0.00407615 -0.00458409 -0.669469 -0.742815 0.00601171 0.0678857 0.0305521 3.02469e-06 0.000916101 -0.00133059 0.0677633 0.00105548 0.0313857 3.02469e-06 0.000916101 -0.00133059
133.618 0.477209 -0.823372 4.84396 2.97189 0.00433693 -0.00513774 -0.668282 -0.743878 0.00549475 0.0762918 0.0248573 0.000532362 0.00120053 0.000324789 0.0758538 0.00269198 0.0259308 0.000596311 0.00132226 0.000348948
134.938 0.520135 -0.807599 4.96782 3.04722 -0.00117475 0.00110017 -0.667448 -0.744655 0.00412991 0.0559241 0.124262 6.68971e-05 0.0152302 0.000855036 0.0564391 0.00202672 0.124081 6.68971e-05 0.0152302 0.000855036
136.376 0.711537 -0.797607 5.03484 3.21476 0.00593765 -0.00710314 -0.667401 -0.744641 0.00168553 0.03654 0.00191097 0.000203188 0.0662772 0.000633831 0.0324324 0.00232468 0.00341626 -0.00033077 0.0926189 0.000766295
137.782 0.741465 -0.776181 5.16891 3.24315 0.00597422 -0.00799678 -0.666025 -0.745863 0.0146431 0.122453 0.0066077 -0.000781729 -0.000542957 -0.00919291 0.123167 -0.00073143 0.0090602 -0.000781729 -0.000542957 -0.00919291
139.188 0.732141 -0.741052 5.35211 3.22147 0.00674319 -0.00845681 -0.659011 -0.752056 0.0200133 0.137083 -0.0246858 -0.000117319 0.000279366 -0.0109581 0.138725 -0.00190805 -0.0217911 -0.000148239 -5.06733e-05 -0.0111344
140.612 0.76246 -0.701673 5.56173 3.20215 0.00711498 -0.00774256 -0.654992 -0.755563 0.0190386 0.143824 -0.0643956 0.00114997 0.000829446 0.00416741 0.146392 0.00159755 -0.0613309 0.00114997 0.000829446 0.00416741
142.95 0.713278 -0.652637 5.9417 3.05662 0.00741032 -0.00869162 -0.662093 -0.749334 0.0175669 0.160835 -0.0659054 -0.000226844 0.00101837 0.00665013 0.163238 0.00234798 -0.0621944 -0.000226844 0.00101837 0.00665013
145.198 0.798441 -0.60088 6.30265 2.91318 0.00716423 -0.00858712 -0.66558 -0.746243 0.0170495 0.163137 -0.0608552 6.08236e-05 -0.000337306 0.00320824 0.165075 0.00161337 -0.0571335 0.00013605 -0.000217065 0.00328406
146.778 0.940308 -0.563955 6.56184 2.80252 0.00796138 -0.00944539 -0.666769 -0.745162 0.0187019 0.177891 -0.0667134 -0.000252564 9.85285e-05 0.00308224 0.180461 0.00105891 -0.0622769 -0.000252564 9.85285e-05 0.00308224
148.31 1.16029 -0.530233 6.84399 2.6889 0.00920854 -0.0111254 -0.66796 -0.744057 0.0184715 0.201022 -0.0786655 0.000479403 -0.000170931 0.00135845 0.204029 0.0031523 -0.0728117 0.000479403 -0.000170931 0.00135845
149.838 1.45205 -0.482121 7.16865 2.55479 0.0114614 -0.0133983 -0.668608 -0.743406 0.0237934 0.235709 -0.0974729 0.000706641 0.000399197 0.00157364 0.239763 0.00108695 -0.0889838 0.000769868 0.000492434 0.00159123
151.432 1.84003 -0.428914 7.59037 2.36258 0.0144003 -0.0165982 -0.669403 -0.742574 0.028467 0.284476 -0.119277 0.00016852 0.00068748 0.00150486 0.290858 0.000996391 -0.106604 0.00016852 0.00068748 0.00150486
153.708 2.555 -0.352638 8.30134 2.10347 0.0154511 -0.0180237 -0.67056 -0.741476 0.0294276 0.31441 -0.118134 -0.000521155 -3.69128e-05 0.00139548 0.321026 0.00208265 -0.10302 -0.000521155 -3.69128e-05 0.00139548
155.986 2.26754 -0.263442 9.08293 1.78456 0.0157689 -0.0184954 -0.671564 -0.740548 0.0308594 0.336549 -0.109714 -0.000206446 -0.00010986 0.000778417 0.342885 0.0019401 -0.0931715 -0.000206446 -0.00010986 0.000778417
157.646 1.92733 -0.200878 9.66171 1.62556 0.0160301 -0.0187731 -0.67249 -0.739695 0.0305586 0.349439 -0.103077 0.000350103 -8.74788e-05 0.00113273 0.355063 0.00257791 -0.0853658 0.000311917 -8.65741e-05 0.00110651
159.982 1.6896 -0.112587 10.4853 1.37385 0.0139257 -0.0165152 -0.6744 -0.73805 0.0296168 0.348117 -0.0836525 -0.000454456 -0.00740141 0.000825552 0.352655 0.00168347 -0.0684983 -0.000454456 -0.00740141 0.000825552
161.618 1.7446 -0.0577089 10.9838 1.24816 0.0107211 -0.0127586 -0.676475 -0.736277 0.0250227 0.296086 -0.0541319 -0.000113632 -0.00600176 0.00300449 0.298779 1.62388e-05 -0.0442092 -0.000113632 -0.00600176 0.00300449
163.376 1.53795 -0.0155871 11.4016 1.18988 0.0076724 -0.00945154 -0.680308 -0.732826 0.0187923 0.239625 -0.0325183 -0.000274299 -0.00487225 0.00511173 0.242446 -0.000842854 -0.0271052 -0.0002631 -0.00438775 0.00525604
165.108 1.37885 0.017846 11.6978 1.11598 0.00530377 -0.00671556 -0.686614 -0.726972 0.0137709 0.185186 -0.0230916 0.000237489 -0.00307392 0.0108237 0.186037 -0.00321555 -0.0199183 0.000237489 -0.00307392 0.0108237
166.99 1.31743 0.0303024 11.9972 1.00208 0.00279972 -0.00166716 -0.688792 -0.724952 -0.00463348 0.165558 -0.00287931 0.000778844 -0.011471 -0.00421062 0.16512 0.0130952 -0.00182029 0.000778844 -0.011471 -0.00421062
168.86 1.44688 0.0200296 12.0922 1.00564 -0.000753797 0.00159193 -0.687575 -0.726111 -0.00627244 0.0496545 -0.00197856 0.000632443 -0.001413 -0.000968106 0.0492322 0.00897046 -0.00213361 0.000632443 -0.001413 -0.000968106
170.654 1.46376 0.00551725 12.0639 1.00333 -0.000834352 0.00125716 -0.687266 -0.726405 0.000387258 0.0195426 -0.000742226 0.000290003 0.00362437 -7.08924e-05 0.0198938 0.000833358 -0.000565435 0.000331391 0.00279073 -7.74303e-05
172.476 1.50033 -0.00728886 12.0199 0.993281 0.000116817 -0.00044762 -0.687222 -0.726447 0.00310859 0.0175299 -0.00279766 0.00202642 0.00148571 -0.000437284 0.0176775 -0.00213301 -0.00278237 0.00202642 0.00148571 -0.000437284
175.044 1.51093 -0.00809275 12.0124 1.00816 0.000422887 -0.000932269 -0.687259 -0.726412 0.00688038 0.00548069 -0.00417175 -0.000638854 -6.76819e-05 -0.000736664 0.00586117 -0.00656925 -0.00415603 -0.000638854 -6.76819e-05 -0.000736664
177.594 1.49867 -0.000791941 12.0345 0.999884 -7.86186e-05 -0.000139281 -0.687306 -0.726368 0.00251289 -0.0135614 0.00284669 -7.01106e-05 -0.00159513 -0.000218376 -0.0134022 -0.00325708 0.00284643 -7.01106e-05 -0.00159513 -0.000218376
180.17 1.46106 0.00108749 12.055 1.02177 -0.0012673 0.0011692 -0.687302 -0.72637 -4.70527e-05 -0.0291927 -0.0259168 0.000505349 -0.00043259 -0.000565977 -0.0290224 -0.00154667 -0.0259793 0.000501184 -0.000599958 -0.000568463
182.648 1.48656 -0.000436078 12.0338 1.00865 -0.000944089 0.000777481 -0.687274 -0.726398 0.000458789 -0.0254678 -0.00895173 9.43392e-05 0.000850423 -0.00104184 -0.0254251 -0.00186939 -0.00888948 9.43392e-05 0.000850423 -0.00104184
184.418 1.49749 -0.00110522 12.0222 1.00553 -0.00084532 0.000608568 -0.687334 -0.726341 0.00115176 -0.0185926 -0.00639325 -0.000293701 0.000568482 -0.00125317 -0.0185138 -0.00217775 -0.00635453 -0.000293701 0.000568482 -0.00125317
