56.084 0.574661 0.0600779 0.0854874 0.545371 0.00355337 -0.00497422 -0.620854 -0.783902 0.0200087 0.0553558 0.0562427 -0.000745453 -0.00125924 -0.0165879 0.0569156 -0.00644303 0.0570038 1.24328e-05 -0.00100373 -0.0165195
56.628 0.622834 0.0731199 0.122312 0.5874 0.00404945 -0.00519341 -0.61557 -0.788055 0.0255588 0.0647525 0.0614131 -0.000864831 -0.000469475 -0.0151567 0.0681993 -0.00912014 0.0623168 -0.000864831 -0.000469475 -0.0151567
57.404 0.683864 0.0828723 0.197609 0.635259 0.00557288 -0.0062604 -0.610332 -0.792101 0.0213994 0.089002 0.0242228 0.00333015 -0.00485059 0.0105114 0.0900928 0.00136033 0.0257891 0.00374863 -0.00579708 0.00857891
57.97 0.707566 0.0887216 0.254182 0.652826 0.00578351 -0.00723323 -0.6121 -0.790726 0.0214979 0.100335 0.0283228 0.000779819 -0.000106257 0.0212153 0.101979 0.0043239 0.0302178 0.000779819 -0.000106257 0.0212153
58.588 0.713035 0.105819 0.328936 0.669053 0.00607178 -0.00785334 -0.614423 -0.788915 0.0277918 0.113604 0.0123706 -0.000464364 -0.00103605 0.0112583 0.116013 0.000921256 0.0147789 -0.000611923 -0.00112775 0.0117604
59.168 0.722449 0.121867 0.407405 0.674655 0.00555561 -0.00796494 -0.614987 -0.788478 0.0294742 0.12412 0.00740661 0.00896363 -0.00625419 0.00661203 0.127393 0.00164651 0.00987738 0.00896363 -0.00625419 0.00661203
59.734 0.73503 0.142543 0.480342 0.684114 0.00553164 -0.00817105 -0.613207 -0.789861 0.0356021 0.12453 0.00791502 -0.00158888 0.00214846 -0.0124717 0.129288 -0.00361042 0.0104676 -0.00158888 0.00214846 -0.0124717
60.602 0.788191 0.173939 0.599065 0.721708 0.00631633 -0.00837463 -0.607726 -0.794078 0.0364023 0.134618 0.0324477 0.000827415 -0.000101157 -0.00399466 0.138012 -0.000224262 0.0353093 0.000833499 -9.81929e-05 -0.00503022
61.468 0.782126 0.205812 0.71804 0.74218 0.00598281 -0.00939962 -0.605626 -0.795671 0.0419409 0.144607 0.0190701 -0.000912409 -7.34789e-05 -0.00592841 0.150093 -0.00187224 0.0224119 -0.000912409 -7.34789e-05 -0.00592841
62.076 0.765149 0.232685 0.805067 0.749764 0.00633043 -0.00934958 -0.602022 -0.7984 0.0457952 0.147726 0.0184544 -0.000421709 0.00082844 -0.0134986 0.154168 -0.00337431 0.0219406 -0.000421709 0.00082844 -0.0134986
62.848 0.730115 0.264574 0.9189 0.729766 0.00715592 -0.00889537 -0.601033 -0.799143 0.0400942 0.153791 0.00615271 0.000926902 0.00119573 0.0150155 0.158468 0.0040473 0.00967595 0.00086311 0.00137458 0.0142777
63.476 0.729868 0.290122 1.01133 0.724369 0.00670775 -0.00876335 -0.603515 -0.797275 0.0405655 0.155591 0.00473393 -0.000601619 0.00142134 0.0174032 0.160617 0.00319214 0.00828115 -0.000601619 0.00142134 0.0174032
64.182 0.736882 0.322282 1.11731 0.723651 0.00658756 -0.00915209 -0.606345 -0.795122 0.0437833 0.157004 0.0155043 0.000259303 0.00115475 0.00860306 0.162694 -0.000414932 0.0192602 0.000791393 0.00123882 0.00935811
64.866 0.78381 0.347149 1.2188 0.749001 0.00683162 -0.00907385 -0.606126 -0.795288 0.0441193 0.159661 0.0416285 -0.000187512 0.000589475 -0.000337366 0.164539 -0.000330557 0.0458141 -0.00036652 0.000246404 -0.000382468
65.744 0.878211 0.378942 1.36206 0.791945 0.00717634 -0.00984129 -0.605584 -0.795688 0.0442957 0.168853 0.0408143 0.000168248 0.000124661 0.00246935 0.173262 0.00223615 0.0472252 -0.00024301 -0.000106253 0.00231786
66.552 0.853141 0.41534 1.49577 0.812249 0.00784612 -0.0112401 -0.604007 -0.796861 0.0509867 0.181558 0.0167082 -0.000111718 -0.000725684 -0.00373072 0.187508 6.59463e-06 0.0218513 -0.000119247 -0.000801942 -0.00367281
67.428 0.849278 0.465107 1.65428 0.845307 0.0080888 -0.0104099 -0.603531 -0.797231 0.0500603 0.187527 0.0199352 0.00657142 0.000751846 0.0104669 0.193441 0.00268222 0.0191 0.00455695 0.000260356 0.0100478
68.058 0.866571 0.499924 1.76535 0.86859 0.0080327 -0.010862 -0.604754 -0.796297 0.0532091 0.188288 0.0216061 -0.00112639 0.0012142 0.00563581 0.19509 -0.000441792 0.0265164 -0.000825734 0.000941829 0.00601257
68.716 0.880536 0.532041 1.87732 0.879844 0.00776635 -0.0112722 -0.604664 -0.796363 0.0543009 0.189171 0.0285783 0.000253881 0.000683737 -0.00164045 0.19595 -0.00144936 0.0339512 0.000253881 0.000683737 -0.00164045
69.414 0.892192 0.570002 2.00444 0.902767 0.00876378 -0.0117186 -0.602479 -0.798001 0.0564387 0.190173 0.0177658 -0.00469857 0.00418337 -0.00610166 0.197754 -0.00219252 0.023563 -0.00469857 0.00418337 -0.00610166
70.03 0.87259 0.607381 2.12023 0.931833 0.00912524 -0.0118296 -0.60157 -0.798681 0.0569978 0.193781 0.0165272 -0.000937442 0.000909587 0.00444343 0.201401 -0.00129319 0.0225537 -0.000937442 0.000909587 0.00444343
70.912 0.865751 0.654227 2.28249 0.956654 0.00903447 -0.0120215 -0.602766 -0.797776 0.0560732 0.195823 0.00175623 0.00145624 0.000429804 0.00379573 0.203325 -0.000672591 0.00766047 0.00131209 0.00148043 0.00429024
71.596 0.837507 0.686275 2.41371 0.954935 0.0088908 -0.0121519 -0.602449 -0.798015 0.0554949 0.19682 0.00500068 -0.000405622 0.000654521 0.00159292 0.20425 0.000549617 0.0111549 -0.000405622 0.000654521 0.00159292
72.318 0.713264 0.727252 2.56368 0.9638 0.00858346 -0.0118598 -0.602282 -0.798149 0.0559919 0.197704 0.0158406 0.0058497 -0.00655785 0.000848976 0.205005 0.000477511 0.0124951 -0.000420236 3.96298e-05 0.000982957
73.046 0.590697 0.77103 2.70751 0.98842 0.0069618 -0.0102864 -0.599787 -0.800063 0.0576772 0.18451 0.0238291 -0.00147981 0.00349521 -0.0145022 0.19263 -0.00359551 0.0286215 -0.00147981 0.00349521 -0.0145022
73.7 0.514436 0.809439 2.82985 1.02018 0.00621301 -0.00888472 -0.595442 -0.803325 0.053856 0.171177 0.0195843 0.0001558 0.00358233 -0.0128398 0.178974 -0.00173468 0.0234698 0.0001558 0.00358233 -0.0128398
74.608 0.445681 0.846059 2.95971 1.03279 0.000691492 -0.00188808 -0.580983 -0.813913 0.0370683 0.115687 -0.00354791 -0.00281875 0.0179691 -0.122378 0.121467 0.00252785 -0.00307972 -0.00281875 0.0179691 -0.122378
75.298 0.427238 0.86696 3.02252 1.02618 0.00201476 -0.00248249 -0.53909 -0.842242 0.0280894 0.0902341 0.00516168 -0.000112156 0.000450702 -0.153475 0.0945573 0.0116856 0.00567747 -0.000117031 0.000491135 -0.155078
76.088 0.421491 0.883489 3.0684 1.01327 0.00143167 -0.00246207 -0.476192 -0.879336 0.0277198 0.0777596 0.0180054 -0.00221773 -0.000536295 -0.286647 0.0808863 0.0187412 0.0184724 -0.00209629 -0.000865488 -0.280732
76.764 0.421451 0.896652 3.09964 1.02632 0.00188658 -0.00164641 -0.393376 -0.919374 0.0251647 0.0714789 0.00561446 -0.000443061 -0.00100335 -0.266157 0.0690526 0.031142 0.00599376 -0.000443061 -0.00100335 -0.266157
77.41 0.421635 0.904178 3.12543 1.04495 0.00317926 -0.000879605 -0.352824 -0.935684 0.0176658 0.0716283 -0.0131369 0.0046705 -0.000267459 0.0786003 0.0608534 0.0418752 -0.0121058 0.00299426 -0.000185722 0.0505163
78.134 0.418285 0.90777 3.15195 1.04644 0.00153269 -0.00125301 -0.414422 -0.910083 0.0159867 0.065414 -0.0172475 0.00219318 -0.00208284 0.259337 0.0598992 0.0309157 -0.0169807 0.00219318 -0.00208284 0.259337
78.898 0.418212 0.911996 3.17355 1.04067 0.00118583 -0.0011319 -0.489575 -0.87196 0.0168749 0.0537582 -0.0112722 -0.000183753 -0.00029517 0.200879 0.0547184 0.0135915 -0.0110876 -0.000183753 -0.00029517 0.200879
79.66 0.419705 0.91509 3.18912 1.02839 0.00107395 -0.00103739 -0.542384 -0.840129 0.0156343 0.0455178 0.00146788 0.000279234 6.1101e-05 0.150517 0.0479137 0.00448745 0.00161027 0.000279234 6.1101e-05 0.150517
80.466 0.419232 0.917337 3.20308 1.03126 0.00094414 -0.000991281 -0.58104 -0.813874 0.014652 0.039614 -0.000780071 -0.000376094 -0.000634822 0.107648 0.0423224 -0.000721917 -0.000569462 -0.000349275 -0.000522426 0.10969
81.45 0.419236 0.917275 3.21501 1.03243 0.000840906 -0.000969912 -0.611863 -0.790963 0.0115337 0.0321372 -0.00431335 0.000256203 0.000429794 0.0725421 0.0340151 -0.00308878 -0.00422661 0.000256203 0.000429794 0.0725421
82.406 0.418349 0.918342 3.2425 1.047 0.00471978 -0.00456688 -0.63278 -0.774303 0.0122781 0.070314 0.00294429 0.000149491 -0.000431903 0.0502934 0.0709005 0.00186917 0.00381578 -0.000149101 -0.00106269 0.0508102
83.052 0.420655 0.920167 3.2819 1.05909 0.0046254 -0.00471607 -0.6435 -0.765417 0.010462 0.076378 0.00296955 0.000535055 0.000212582 0.0431752 0.0767276 0.00282757 0.00404617 0.000359285 0.000262066 0.0437841
83.78 0.423064 0.923183 3.34083 1.07257 0.00464615 -0.00499709 -0.653614 -0.756798 0.00909053 0.08061 0.00221116 -0.000155777 0.000288788 0.0320985 0.0807745 0.00286272 0.00346485 2.56313e-05 0.000413227 0.0327248
84.434 0.42974 0.927759 3.39449 1.07878 0.00493363 -0.0045279 -0.661834 -0.749621 0.00542355 0.0806645 0.000618788 0.000840089 0.00201022 0.0445501 0.0806994 0.00461198 0.00170024 0.000840089 0.00201022 0.0445501
85.182 0.429814 0.929012 3.4632 1.07608 0.0049177 -0.00523988 -0.673767 -0.738909 0.00312434 0.0846631 0.00193636 0.000401503 -0.000122859 0.0414013 0.0845548 0.00467988 0.00315274 0.000401503 -0.000122859 0.0414013
86.132 0.432204 0.931697 3.55997 1.07749 0.00494556 -0.00537768 -0.684074 -0.729376 0.00217628 0.0896823 -0.00842092 0.000155803 -0.000227324 0.0237763 0.0896248 0.00362701 -0.00721948 0.000175099 -0.000406727 0.0241563
86.87 0.436197 0.934766 3.6334 1.08293 0.00508797 -0.00562242 -0.689322 -0.724416 0.00117859 0.0912353 -0.00792854 0.000297526 0.000356552 0.0185248 0.0912912 0.00334685 -0.00654655 0.000297526 0.000356552 0.0185248
87.916 0.441102 0.940963 3.7462 1.06718 0.00508245 -0.00571414 -0.694661 -0.719297 0.000754745 0.0966461 -0.00733057 5.60511e-05 0.000616209 0.0126065 0.0967145 0.0026083 -0.00585495 5.60511e-05 0.000616209 0.0126065
88.694 0.451025 0.951717 3.83512 1.04834 0.00534926 -0.00509076 -0.700571 -0.713545 -0.000248524 0.0990628 -0.0107453 -0.000234934 -0.000698699 0.0292339 0.0991894 0.00207105 -0.00928121 -0.000234934 -0.000698699 0.0292339
89.382 0.456997 0.95438 3.9149 1.02719 0.00528537 -0.00524235 -0.70731 -0.706865 -0.00199737 0.103447 -0.00972213 0.00027915 -9.35225e-05 0.029423 0.103582 0.0019328 -0.0081808 0.00027915 -9.35225e-05 0.029423
90.06 0.455953 0.954118 3.99309 1.02036 0.00539121 -0.00541411 -0.713698 -0.700412 -0.00269891 0.105583 -0.009517 -0.000299166 0.000249049 0.0215078 0.105748 0.000713156 -0.00790226 -0.000299166 0.000249049 0.0215078
90.78 0.455435 0.955445 4.05832 1.03444 0.000439071 -0.000802817 -0.721781 -0.69212 -0.000842899 0.0660944 -0.00975308 0.000260184 0.0131152 0.0598524 0.0677809 -0.00177145 -0.00844074 0.000187483 0.0159655 0.0569617
91.49 0.459263 0.9577 4.09923 1.03485 0.000970664 -0.00153714 -0.738054 -0.67474 0.000741177 0.0488691 -0.0136898 -0.000253622 0.00116258 0.0699845 0.0492043 -0.00491727 -0.0136407 -0.00016883 0.00115745 0.0708922
92.226 0.45915 0.95801 4.13737 1.03489 0.00628314 -0.00502157 -0.752002 -0.659112 -0.00880099 0.0807898 -0.00710426 0.00026804 -0.0100327 0.0542484 0.0799495 -0.00186844 -0.00574694 0.000459181 -0.0124825 0.0553085
93.344 0.455158 0.954259 4.23545 1.03691 0.00538613 -0.00540636 -0.761139 -0.648543 -0.00477118 0.0982551 0.0140333 -0.00184455 0.0001544 -0.013174 0.0973797 -0.0107787 0.0155852 -0.00187859 0.000125613 -0.0119769
94.472 0.413436 0.948361 4.35097 1.04573 0.00572172 -0.00524395 -0.755966 -0.654565 -0.00499385 0.101007 0.0138273 -0.000186983 0.000255125 -0.0129817 0.100456 -0.00949902 0.015392 -0.000186983 0.000255125 -0.0129817
95.256 0.373897 0.938273 4.43273 1.05036 0.00577553 -0.00371481 -0.754708 -0.656025 -0.00966843 0.0950052 0.00321776 0.000596505 0.00135321 0.0140056 0.0957739 -0.00418734 0.0044896 0.000135453 0.00101992 0.0125157
95.922 0.348734 0.929446 4.4891 1.0448 -0.000798038 -0.00130122 -0.758892 -0.651215 0.00372727 0.052026 -0.00041259 -0.00129021 0.0109525 0.0100288 0.0527105 -0.0112222 -0.000432358 -0.00172792 0.0126486 0.0110051
97.018 0.352874 0.934069 4.53977 1.02737 -0.000504633 -0.00181441 -0.759563 -0.650431 0.0134644 0.0329127 0.00110975 0.000213719 -0.000183439 -0.00148524 0.030447 -0.0183646 0.00122096 0.000213719 -0.000183439 -0.00148524
98.076 0.362413 0.949939 4.56786 1.04073 -0.000631304 -0.00203662 -0.759253 -0.650792 0.0161927 0.0296736 0.000909382 -0.000423444 -0.000994799 0.000206119 0.0268464 -0.0205365 0.00103521 -0.000423444 -0.000994799 0.000206119
98.798 0.379742 0.969423 4.57884 1.04258 -0.00054714 -0.0019014 -0.759422 -0.650595 0.0179328 0.0248028 9.77744e-05 -0.00051597 0.000125206 -0.00107193 0.021928 -0.0214801 0.000181803 -0.000523216 6.67317e-05 -0.00100606
100.008 0.41418 0.994007 4.59551 1.01235 -0.000550184 -0.00192663 -0.75923 -0.650819 0.0156602 0.0212892 0.000395434 2.57921e-05 -0.000399287 -0.000369451 0.0186796 -0.0187052 0.000561724 9.51091e-05 -0.000237162 -0.000405606
100.762 0.429742 1.0063 4.62274 0.997841 0.00483107 -0.00491704 -0.758713 -0.651389 -0.000523678 0.0662007 0.00244286 0.00101416 -0.00702745 -0.00439352 0.0642023 -0.00979989 0.00314107 0.00115218 -0.0081133 -0.00433768
101.516 0.43547 1.01192 4.67293 0.998598 0.00435551 -0.00472709 -0.757424 -0.652892 -0.0044319 0.0809226 0.00238637 -0.000634154 -0.000126137 -0.00530719 0.080342 -0.00739743 0.0034375 -0.000736273 -0.000257848 -0.00527057
102.27 0.438384 1.01803 4.72835 1.0138 0.00374308 -0.00399602 -0.756309 -0.654192 -0.00503713 0.0855174 0.00100993 -0.00195381 -0.0700841 -0.00289052 0.0853351 -0.00733165 0.00194777 -0.00195381 -0.0700841 -0.00289052
103.024 0.434022 1.0217 4.77166 1.02259 0.000222772 -0.000756903 -0.767119 -0.641505 -0.00097329 0.039092 -0.00834425 0.00116016 0.00149205 0.0815724 0.0386583 -0.00596642 -0.00828828 0.00116016 0.00149205 0.0815724
103.758 0.433445 1.02493 4.79403 1.02279 0.000280879 -0.000920058 -0.784131 -0.620595 0.000910932 0.0313405 -0.0062058 -0.000800133 0.00197611 0.0746624 0.0306292 -0.00801716 -0.0106193 -0.000309422 0.000132697 0.0754095
104.522 0.436202 1.02631 4.82148 1.04245 0.00522537 -0.00360521 -0.797607 -0.603144 -0.0134316 0.0663251 0.0116149 -0.000406317 -0.00299669 0.0529467 0.0663388 -0.00515527 0.012511 -0.000284794 -0.00440445 0.0538836
105.234 0.431302 1.02085 4.86368 1.0527 0.00521962 -0.00305754 -0.808007 -0.589142 -0.0183212 0.0728423 0.00535764 -6.31084e-05 0.0012602 0.0484749 0.0748856 -0.00483859 0.00625369 -6.31084e-05 0.0012602 0.0484749
106.41 0.399541 0.996378 4.9439 1.05088 0.00552491 -0.00333294 -0.8223 -0.569018 -0.0225823 0.0758354 0.00679459 -1.52077e-05 0.000746012 0.0388649 0.0787628 -0.00558042 0.00785988 6.27895e-05 0.000713522 0.0391714
107.154 0.384557 0.981703 4.99026 1.04204 -0.000298666 -0.00105739 -0.827088 -0.562072 0.0030076 0.0358874 -0.00173784 -0.00172131 0.00696611 0.00430061 0.0335227 -0.0158233 -0.00182501 -0.00188792 0.00832086 0.00504227
107.916 0.381116 0.979401 5.01827 1.04818 0.000147443 -0.00139172 -0.82714 -0.561995 0.0111367 0.0252845 0.00104637 -0.000167434 0.000118794 -0.00267663 0.0197126 -0.0196024 0.00102632 -0.000294034 0.000283149 -0.00268437
108.648 0.381054 0.98111 5.03767 1.05901 -5.14031e-06 -0.00111482 -0.826898 -0.56235 0.0128522 0.0190343 -0.0023607 0.00028125 -1.46223e-05 -0.0019534 0.0129816 -0.0189526 -0.00230949 0.00028125 -1.46223e-05 -0.0019534
109.456 0.38536 0.985566 5.05021 1.05699 0.000347834 -0.00180879 -0.826797 -0.562497 0.0134733 0.0188428 0.0080862 0.000258916 -0.000699389 -0.00135018 0.012558 -0.0194299 0.00816955 0.000258916 -0.000699389 -0.00135018
110.214 0.387836 0.987272 5.06838 1.06997 0.00011073 -0.00173985 -0.826706 -0.562632 0.0123372 0.0189262 0.00586004 0.000511755 -0.000931445 -0.00143962 0.0130674 -0.0184044 0.0059387 0.000511755 -0.000931445 -0.00143962
111.342 0.395728 0.993926 5.09287 1.07288 -0.000400867 -0.00132426 -0.826549 -0.562863 0.0121181 0.0121676 0.000407927 0.000335465 -0.000351468 -0.000611643 0.00688157 -0.0157322 0.000455167 0.000335465 -0.000351468 -0.000611643
112.146 0.405815 1.0037 5.10495 1.07439 -0.000294406 -0.00140579 -0.826554 -0.562856 0.0122173 0.0113463 0.000109036 -7.18861e-07 -0.00147192 -0.000868651 0.00608093 -0.0155245 0.000156923 -7.18861e-07 -0.00147192 -0.000868651
112.862 0.411382 1.01029 5.13171 1.07219 0.0049034 -0.00432456 -0.824227 -0.566222 -0.0057849 0.051073 -0.0057232 -1.18903e-05 -0.00855856 -0.0264123 0.0484034 -0.0130989 -0.00513645 -0.000146507 -0.0100705 -0.025822
113.58 0.40942 1.00786 5.17841 1.07396 0.00457747 -0.00395777 -0.818694 -0.574198 -0.0118055 0.0646319 -0.00623799 -0.00064131 -0.000466323 -0.0263302 0.064859 -0.010919 -0.00544411 -0.00064131 -0.000466323 -0.0263302
114.362 0.405064 1.00266 5.23548 1.06663 0.00481281 -0.00393738 -0.814081 -0.580719 -0.0135529 0.0691528 -0.00619567 0.000280815 0.000448572 -0.0181862 0.0698697 -0.0096996 -0.0053211 0.000280815 0.000448572 -0.0181862
115.132 0.396062 0.991945 5.29787 1.03335 0.00530717 -0.00315702 -0.811334 -0.58455 -0.0167106 0.0715143 -0.00656494 -0.000165899 0.000552878 0.00143291 0.0731675 -0.00714865 -0.00553633 -0.00102376 0.000257896 -0.000729392
115.814 0.384735 0.984088 5.34296 1.03733 -0.00074565 -0.000935248 -0.813034 -0.582215 0.00186704 0.036513 -0.00104678 -0.0018053 0.0101329 0.00454396 0.0357073 -0.0131477 -0.00105918 -0.00190164 0.0128677 0.00533568
117.102 0.389465 0.988825 5.38199 1.04724 -0.000194886 -0.00118187 -0.813287 -0.581861 0.0105541 0.0198102 -0.00201803 0.000606329 -0.000210609 0.000684438 0.0153436 -0.0163894 -0.00196657 0.000606329 -0.000210609 0.000684438
117.866 0.393766 0.991914 5.39982 1.03741 -0.000454347 -0.00117275 -0.813337 -0.581791 0.00975038 0.020416 0.000130303 -0.000250324 -0.00110144 0.000117576 0.0161716 -0.0158224 0.000178968 -0.000250324 -0.00110144 0.000117576
118.578 0.399043 0.998448 5.41141 1.02855 -0.000603984 -0.00104268 -0.813381 -0.58173 0.0097886 0.0190948 -0.00256075 -0.000321735 -0.000287075 5.47261e-05 0.0149072 -0.0154404 -0.00252028 -0.000321735 -0.000287075 5.47261e-05
119.266 0.409979 1.01028 5.41789 1.02454 -0.000648539 -0.000826782 -0.813321 -0.581814 0.0102004 0.0162103 -0.00152524 0.000108654 -1.57907e-05 0.000382414 0.0120467 -0.0148925 -0.0014951 0.000108654 -1.57907e-05 0.000382414
120.644 0.413673 1.01177 5.46309 1.02503 0.00478211 -0.0035265 -0.812129 -0.583448 -0.01653 0.0642216 0.00411438 0.000298108 -0.000633417 0.00658892 0.066085 -0.00483032 0.00490069 0.000298108 -0.000633417 0.00658892
121.342 0.409675 1.00494 5.51134 1.03088 0.00497065 -0.00361204 -0.814003 -0.580829 -0.01784 0.068532 0.00446513 -8.56401e-05 0.00119152 0.0107702 0.0700929 -0.00526421 0.00511326 -6.46261e-05 0.0011811 0.0108192
122.14 0.395198 0.993284 5.56866 1.02985 0.00523011 -0.00367154 -0.816095 -0.577883 -0.0182132 0.0705166 0.00364071 -0.000638261 0.00139268 0.00839236 0.0725106 -0.00623734 0.00456744 -0.000638261 0.00139268 0.00839236
123.468 0.387309 0.985353 5.64078 1.01959 0.000460552 -0.0015225 -0.817014 -0.576615 0.00892674 0.0266158 0.00500168 0.00029466 0.000646029 0.0002652 0.0224347 -0.0173218 0.00508231 0.00024503 0.000757509 0.000218986
124.23 0.388019 0.987889 5.66488 1.03136 1.71047e-05 -0.00112295 -0.817026 -0.5766 0.0115012 0.0184205 -0.0015648 0.000230475 4.45181e-05 0.000420497 0.0136974 -0.0170221 -0.00150485 0.000228806 0.000127734 0.000404536
124.97 0.390647 0.989978 5.68166 1.04411 -0.00015854 -0.00114268 -0.817003 -0.576632 0.0111185 0.0154586 -0.00224105 0.000429585 -0.000420069 0.000390585 0.0110158 -0.0157107 -0.00222643 0.000478452 -0.000533078 0.000372244
126.384 0.403293 1.00126 5.70398 1.02548 -0.000331814 -0.00119069 -0.817038 -0.576583 0.0120493 0.013148 -0.00210093 -2.09826e-05 -6.05001e-05 0.000326221 0.00835171 -0.0157634 -0.0020573 -2.09826e-05 -6.05001e-05 0.000326221
127.218 0.403993 1.00243 5.73028 1.03316 0.00522723 -0.0038314 -0.817296 -0.576181 -0.0120249 0.054599 0.00933546 0.000486685 -0.00325229 0.00301629 0.0553394 -0.00701729 0.0100552 0.000486685 -0.00325229 0.00301629
128.03 0.395258 0.993445 5.77896 1.04161 0.00482398 -0.00395103 -0.8174 -0.576038 -0.0159535 0.0646394 0.00104095 -0.000481932 0.000298733 -0.00514889 0.0662213 -0.0067151 0.00187082 -0.000481932 0.000298733 -0.00514889
128.788 0.387526 0.986355 5.82513 1.03457 -0.000696389 -0.000948133 -0.816386 -0.577506 0.0032862 0.0290713 -0.00337594 -0.00092632 0.00721803 -0.00205336 0.026318 -0.0127866 -0.00334697 -0.00092632 0.00721803 -0.00205336
129.692 0.391785 0.990812 5.8546 1.00494 -0.000342198 -0.00113978 -0.816255 -0.577691 0.0101801 0.0169804 -0.00216907 -0.000365598 -0.000199057 0.000600274 0.0126303 -0.0152523 -0.00212509 -0.000365598 -0.000199057 0.000600274
130.478 0.397918 0.997651 5.87014 1.01706 -0.000385605 -0.00112966 -0.816306 -0.577619 0.0104083 0.013819 -0.00233596 0.000132966 -0.000316957 0.000411005 0.0096557 -0.0144182 -0.00220575 0.000167904 -0.000301022 0.000424095
132.142 0.421386 1.02141 5.89279 1.03249 -0.000554417 -0.00103635 -0.816272 -0.577667 0.0116197 0.0123715 -0.00166017 3.5541e-05 -0.000703751 0.000674155 0.00788274 -0.0149924 -0.00161036 2.7899e-05 -0.00072311 0.000687949
132.938 0.428863 1.02643 5.91401 1.04905 0.00539115 -0.0038396 -0.817344 -0.576112 -0.0117677 0.0526633 0.00778813 0.000823466 -0.00674375 0.0109844 0.0520261 -0.00687055 0.00851005 0.000837841 -0.00758077 0.0109039
134.48 0.412927 1.00951 6.01712 1.05717 0.00533416 -0.0036783 -0.821208 -0.570592 -0.0188201 0.0702921 0.00737002 -0.00107378 0.000351968 0.00786439 0.0720645 -0.00676346 0.00809724 -0.00107336 0.000612859 0.00801342
135.31 0.397622 0.993823 6.08305 1.06788 0.00531522 -0.00225121 -0.823936 -0.566654 -0.0228856 0.0695142 0.000620212 0.00106326 0.00201878 0.0319225 0.0730891 -0.00350287 0.00143885 0.00106326 0.00201878 0.0319225
136.068 0.379542 0.976922 6.1288 1.07023 -0.000443783 -0.00108502 -0.829546 -0.558438 0.000707409 0.0315438 0.000412205 -0.00105022 0.00604937 0.00860179 0.0289589 -0.0125242 0.00045473 -0.00105022 0.00604937 0.00860179
136.82 0.376326 0.976224 6.15037 1.06628 -9.55392e-05 -0.00104147 -0.829712 -0.558191 0.00980612 0.0185221 0.000351789 -9.29026e-05 0.000793831 0.000548254 0.0134608 -0.0160625 0.000394779 -9.29026e-05 0.000793831 0.000548254
137.668 0.376066 0.9748 6.17051 1.08175 -0.000245328 -0.00123237 -0.829684 -0.558231 0.00975552 0.0166562 0.00863275 -1.35988e-07 -0.000952136 0.000376434 0.011745 -0.0152919 0.00867962 -1.35988e-07 -0.000952136 0.000376434
138.544 0.383509 0.981389 6.18876 1.08667 -0.000183323 -0.00163775 -0.829669 -0.558253 0.0118418 0.0188385 0.00333841 0.000144631 -0.000151969 9.03452e-05 0.0129847 -0.0180562 0.00341099 0.000144631 -0.000151969 9.03452e-05
139.368 0.393911 0.990018 6.20304 1.09797 -0.000531337 -0.00121027 -0.829612 -0.558339 0.0117052 0.014867 0.000225178 0.000264939 -0.000203923 0.000395263 0.00946063 -0.0165172 0.000198716 0.000111506 -7.69283e-06 0.000398381
140.128 0.405064 1.00333 6.21463 1.09477 -0.000443352 -0.000832431 -0.82959 -0.558372 0.0112595 0.011619 0.00874605 7.31048e-05 -0.000559875 0.000608258 0.00652407 -0.0147887 0.00877508 7.31048e-05 -0.000559875 0.000608258
140.89 0.409129 1.00602 6.23696 1.09457 0.00484356 -0.00398797 -0.828057 -0.560609 -0.0101291 0.0517053 -0.00967889 0.000568327 -0.0057825 -0.017722 0.0508374 -0.00996722 -0.00904895 0.000587637 -0.00781704 -0.0171091
141.712 0.405855 1.00121 6.28081 1.10292 0.00503078 -0.00329972 -0.824564 -0.565736 -0.017148 0.0633765 -0.0164259 0.000218711 -0.00089334 -0.00617239 0.0654944 -0.00680356 -0.0156408 0.000218711 -0.00089334 -0.00617239
142.58 0.398817 0.986365 6.34747 1.09503 0.00496153 -0.00340318 -0.825756 -0.563996 -0.0204713 0.068169 -0.0160005 -0.000888331 0.000827083 0.00975465 0.0710338 -0.00557004 -0.0152336 -0.000858215 0.000780786 0.00970683
143.43 0.402995 0.977472 6.3936 1.10749 -0.000352978 -0.0011423 -0.826965 -0.562253 0.00339139 0.028973 0.000758008 -0.00127492 0.00458467 0.00152059 0.0256951 -0.0138066 0.00080758 -0.00127492 0.00458467 0.00152059
144.298 0.404455 0.970432 6.439 1.10069 0.00561669 -0.00357768 -0.828058 -0.560603 -0.0169693 0.061258 -0.0194443 0.000481401 -0.00251923 0.00919282 0.0626187 -0.00710609 -0.0185431 0.000548389 -0.00315833 0.00911517
145.136 0.413439 0.950032 6.50158 1.06566 0.00421096 -0.0041248 -0.829734 -0.558128 -0.0209801 0.0708977 -0.0169181 0.00517895 -0.00340966 -0.00352089 0.0737751 -0.00681636 -0.0160599 0.00630659 -0.0040086 -0.00225335
145.97 0.427008 0.93159 6.57007 1.0567 0.00469269 -0.00388604 -0.822798 -0.568301 -0.017023 0.0764473 -0.0176296 -0.000746044 0.000687638 -0.0439984 0.0777308 -0.0111634 -0.0166754 -0.000746044 0.000687638 -0.0439984
146.81 0.445243 0.917871 6.63616 1.02554 0.00555685 -0.00392073 -0.81463 -0.579941 -0.0184134 0.0809756 -0.00542636 -6.95897e-05 0.000519 -0.0263628 0.0826083 -0.00910428 -0.00430371 -6.95897e-05 0.000519 -0.0263628
147.702 0.475736 0.889052 6.7185 1.02217 0.00610581 -0.00328093 -0.811094 -0.584875 -0.0272931 0.0851517 -0.000493421 0.00235867 0.000559971 0.00935403 0.0893578 -0.00139853 0.000710756 0.00233902 0.000476368 0.00775835
148.624 0.516377 0.854835 6.80121 1.02525 -0.0015473 -0.00094264 -0.802853 -0.596174 -0.0147354 0.0624999 -0.00119995 -0.00532184 0.0153281 -0.23045 0.0640892 -0.00397011 -0.00127382 -0.00532184 0.0153281 -0.23045
149.464 0.548067 0.848151 6.84147 1.02003 0.00155998 -3.98614e-05 -0.716792 -0.697285 -0.00795352 0.0381309 -0.00188361 -0.000251505 0.000619485 -0.27146 0.03834 0.00690257 -0.00178112 -0.000251505 0.000619485 -0.27146
150.342 0.580797 0.842858 6.89341 1.01523 0.00174492 -0.000448446 -0.682378 -0.730998 -0.0126656 0.084771 0.00245862 0.00381182 -0.0915206 0.0166433 0.0836924 0.018456 0.0027486 0.00381182 -0.0915206 0.0166433
151.202 0.619255 0.835762 6.93409 1.01922 0.000990189 -0.000504228 -0.70264 -0.711545 -0.0107726 0.0357506 0.000744879 0.000333011 0.00194645 0.0933051 0.0363693 0.0114998 0.001037 0.000312924 0.00177064 0.0939999
152.026 0.641436 0.829068 6.96041 1.03389 0.00957341 -0.0075097 -0.723329 -0.690396 -0.0142178 0.0583472 0.00862756 0.00673421 0.00450754 0.0649811 0.0587194 0.0114633 0.0100797 0.00673421 0.00450754 0.0649811
152.924 0.697669 0.816323 7.03611 1.03672 0.00750591 -0.00638288 -0.734866 -0.678141 -0.0183966 0.102071 0.00386856 0.00523778 0.00405547 0.0256065 0.102493 0.0103447 0.00637122 0.00514797 0.0037152 0.0262197
153.862 0.798896 0.807938 7.15029 1.04614 0.00847214 -0.00622001 -0.738236 -0.67446 -0.0166751 0.1205 -0.00349305 -0.0040151 -0.00361574 0.00963515 0.121559 0.00575448 -0.000939862 -0.0040151 -0.00361574 0.00963515
155.54 0.90937 0.776353 7.41106 1.00232 0.00993321 -0.00785003 -0.748683 -0.662808 -0.0236947 0.144063 -0.00298424 -0.000206811 0.00143118 0.0183835 0.145679 0.00610314 0.000821252 -0.000186183 0.00144432 0.0185443
156.446 0.880364 0.75013 7.57735 0.978563 0.00991852 -0.0101118 -0.752523 -0.658414 -0.0238733 0.165156 0.00601938 0.00407352 -0.00127234 0.00375094 0.165888 0.00245216 0.0110086 0.00523853 -0.0016931 0.00466779
158.164 0.900626 0.71426 7.91501 1.0021 0.0109249 -0.00969445 -0.743758 -0.66829 -0.0170492 0.179846 0.00291818 7.75388e-05 0.00022798 -0.0135015 0.180476 -0.00221811 0.00819269 7.75388e-05 0.00022798 -0.0135015
159.112 0.898962 0.696886 8.11462 0.998489 0.0114438 -0.00966309 -0.740662 -0.671711 -0.0168112 0.191491 0.000750425 -0.0152175 -0.00414962 -0.00608926 0.191749 -0.00212838 0.00828723 -0.0117754 -0.00296044 -0.00638106
160.152 0.902873 0.664294 8.33135 0.99479 0.0116785 -0.00899222 -0.745228 -0.666647 -0.0285973 0.195081 -0.00125446 0.000415717 0.000386402 0.0263692 0.197001 0.00676875 0.00455313 0.000415717 0.000386402 0.0263692
161.154 0.913981 0.629316 8.54423 1.00992 0.0118786 -0.00926892 -0.752359 -0.658581 -0.0307926 0.202133 -0.00148188 0.000304195 0.000145441 0.0195847 0.204112 0.00382866 0.00472697 0.000169637 0.000288528 0.0199571
162.116 0.930837 0.592337 8.74172 1.02427 0.0119156 -0.00945498 -0.75682 -0.653447 -0.0338207 0.210502 -0.000850746 0.000324428 0.000339493 0.0138626 0.213111 0.0027613 0.00563233 0.000324428 0.000339493 0.0138626
163.088 0.920484 0.551774 8.95554 1.01558 0.0121114 -0.0096929 -0.760171 -0.649538 -0.0362297 0.21803 -0.000758576 0.000148779 -0.000120731 0.0104092 0.220701 0.00179811 0.00627757 0.000208338 -0.000187815 0.0105716
164.072 0.884528 0.513571 9.16097 0.983944 0.0121001 -0.0096967 -0.76238 -0.646944 -0.0366017 0.221177 0.000379215 -0.000492556 -0.000150971 0.006993 0.224066 0.000119092 0.00732802 -0.000492556 -0.000150971 0.006993
165.844 0.880289 0.440127 9.53061 0.979549 0.0117125 -0.00962163 -0.764721 -0.644183 -0.0385534 0.221319 0.00174745 -0.000561194 0.000975937 0.00329952 0.224495 0.000396503 0.00855593 -0.000561194 0.000975937 0.00329952
166.918 0.86985 0.403749 9.75557 0.969022 0.0118512 -0.0094361 -0.765675 -0.643049 -0.0370524 0.222594 0.0028053 0.00038393 0.00096846 0.00246642 0.22546 -0.00197078 0.00963603 0.00038393 0.00096846 0.00246642
168.604 0.9014 0.330451 10.0974 0.995677 0.0122657 -0.0101488 -0.766023 -0.642616 -0.0397395 0.221563 0.0010877 0.000823962 0.000102731 0.000487669 0.224588 0.000555258 0.00855601 0.000833833 0.00311314 0.000540279
169.684 0.931836 0.282878 10.3285 1.02185 0.0112104 -0.00927516 -0.766062 -0.642602 -0.0395605 0.22156 -0.000133607 -0.000119371 -0.00293798 3.04252e-05 0.224973 0.000416244 0.00641503 -0.000119371 -0.00293798 3.04252e-05
170.676 0.932164 0.245068 10.5274 1.0181 0.0105042 -0.0087404 -0.765791 -0.642944 -0.0378758 0.213003 -3.46648e-05 3.97473e-05 -0.00307353 -0.000242132 0.216264 0.000434624 0.00587749 3.97473e-05 -0.00307353 -0.000242132
