43.306 0.175001 -0.00267122 -0.00180464 0.0641024 0.000219709 0.000184687 0.0165946 -0.999862 -0.00231842 -0.00189507 0.00501858 1.75604e-05 -6.68083e-05 8.51564e-05 -0.00228059 -0.00194061 0.00514942 6.13806e-06 -6.67224e-05 5.37817e-05
43.528 0.17473 -0.00252572 -0.00191531 0.0647011 0.000227809 0.000169557 0.0162137 -0.999869 -0.00220614 -0.00195282 0.00485529 1.87678e-05 -6.46083e-06 -2.77503e-06 -0.00213999 -0.0020255 0.00485512 1.87678e-05 -6.46083e-06 -2.77503e-06
44.242 0.176458 0.000148518 0.00188456 0.0646659 0.000348139 7.77691e-05 0.0160293 -0.999871 0.00075506 0.00232857 -0.00422882 -6.74162e-06 -4.64986e-06 -3.09072e-05 0.000679326 0.00235451 -0.0042273 -6.74162e-06 -4.64986e-06 -3.09072e-05
44.448 0.171877 0.000598691 0.00257048 0.0602505 0.000345807 7.81757e-05 0.0160013 -0.999872 0.00108686 0.00278335 -0.00605905 1.77556e-05 -5.88956e-06 3.37735e-06 0.000996224 0.00282087 -0.00605727 1.77556e-05 -5.88956e-06 3.37735e-06
44.66 0.168229 0.00083764 0.00201444 0.0571537 0.000313408 8.10287e-05 0.0159569 -0.999873 0.00119956 0.00157164 -0.00645261 2.66055e-05 -6.70625e-06 9.04254e-06 0.00112553 0.00193366 -0.00661248 1.17184e-05 -6.56044e-06 4.61303e-05
45.328 0.172647 0.000914624 7.10038e-05 0.0614758 0.000270618 8.23208e-05 0.0168902 -0.999857 0.00110865 -0.000397747 -0.000724188 1.42453e-05 -1.16543e-05 -0.000193191 0.00112132 -0.000359685 -0.000724576 1.42453e-05 -1.16543e-05 -0.000193191
45.524 0.173695 0.00083231 -0.000128531 0.0622322 0.000274232 8.29602e-05 0.0169436 -0.999856 0.0010339 -0.00041352 0.00202816 6.67682e-06 -1.35792e-05 -0.000392419 0.00104787 -0.000377805 0.00148375 5.59096e-06 -1.34206e-05 -0.000339317
45.724 0.173556 0.000745062 -0.00121048 0.0624662 0.000252929 8.32969e-05 0.0169886 -0.999856 0.000961891 -0.00163565 0.00330008 3.79405e-05 -1.3298e-05 -0.000375053 0.00101748 -0.00160368 0.0032991 3.79405e-05 -1.3298e-05 -0.000375053
46.416 0.169666 0.000521419 0.000413218 0.0562183 0.000320997 8.8155e-05 0.0171721 -0.999853 0.000800497 0.000851958 0.00551992 5.21869e-06 -2.43402e-05 -0.000351549 0.00078341 0.000928005 0.00594663 -3.14729e-06 -2.39298e-05 -0.000324468
47.09 0.164831 -0.00157402 0.00081229 0.0537396 0.000277112 0.000155681 0.0172384 -0.999851 -0.0016465 0.000489256 0.00464189 8.94241e-07 -0.000112142 -0.000369813 -0.0016609 0.00042966 0.00464266 8.94241e-07 -0.000112142 -0.000369813
47.278 0.167235 -0.00203943 0.00104788 0.0565366 0.000276809 0.000177633 0.0172977 -0.99985 -0.00184043 0.00049693 0.00541967 -1.34154e-06 -5.69922e-05 -0.000256288 -0.00185454 0.000430004 0.00542058 -1.34154e-06 -5.69922e-05 -0.000256288
47.474 0.170214 -0.0021843 0.00113256 0.0597849 0.000275134 0.000154986 0.0174595 -0.999848 -0.001711 0.000460575 0.00654942 1.75611e-05 -5.15991e-05 -0.000508809 -0.00172395 0.000396989 0.00655019 1.75611e-05 -5.15991e-05 -0.000508809
47.828 0.169005 -0.0019771 0.00120414 0.0576396 0.000269965 0.000127451 0.0173521 -0.999849 -0.00118375 0.000383768 0.00359027 3.67864e-06 -4.56632e-05 -0.000138633 -0.00119541 0.00034054 0.00359077 3.67864e-06 -4.56632e-05 -0.000138633
48.036 0.168221 -0.00172683 0.00193521 0.0572877 0.000275086 0.000120183 0.0170239 -0.999855 -0.000835024 0.000855274 0.00214061 -3.23523e-05 -4.47597e-05 -0.000295273 -0.000863121 0.000825182 0.00214128 -3.23523e-05 -4.47597e-05 -0.000295273
48.24 0.167076 -0.00047393 0.00307345 0.0557025 0.000318801 8.61988e-05 0.016852 -0.999858 0.00063341 0.00189788 -0.00032991 -2.69714e-05 2.87361e-05 3.32603e-05 -3.22521e-05 0.00178733 5.45195e-05 3.08633e-06 2.70497e-05 -8.37791e-05
48.444 0.164602 0.00164635 0.00357563 0.05303 0.000329843 -1.76505e-06 0.0165628 -0.999863 0.00279719 0.00224457 -0.00105082 4.69191e-06 1.22008e-05 -1.29294e-05 0.00248448 0.00231633 -0.000804335 -1.56274e-05 1.21337e-05 1.06701e-05
49.078 0.163579 0.00550096 0.00315408 0.0555451 0.000281686 -3.13399e-05 0.0151426 -0.999885 0.00560187 0.0014505 -0.000863804 2.59897e-05 -6.80701e-07 0.000498294 0.00559694 0.00169916 -0.00122417 5.83395e-06 -6.37248e-07 0.000467963
49.254 0.167085 0.00556276 0.002858 0.0574271 0.00027225 -2.27354e-06 0.0148203 -0.99989 0.00526339 0.0011445 0.000153867 7.3334e-06 -1.2267e-05 0.000579558 0.00522716 0.0012999 0.000154556 7.3334e-06 -1.2267e-05 0.000579558
49.59 0.174097 0.00505579 0.00226174 0.0650942 0.000258601 4.66429e-05 0.0149694 -0.999888 0.00419031 0.00061724 0.00384017 3.25961e-05 -3.05885e-05 0.000425664 0.0043128 0.000797416 0.00356567 3.26842e-05 -3.05599e-05 0.000427711
49.794 0.176166 0.00447491 0.00191733 0.0664903 0.000252459 7.00293e-05 0.0150515 -0.999887 0.00346998 0.000356167 0.00393396 3.37157e-06 -3.5162e-05 0.000373107 0.00358761 0.000504669 0.0039814 3.48042e-05 -3.71889e-05 0.000388096
50.392 0.176948 0.00416475 0.0030898 0.0671468 0.000286443 7.60567e-05 0.0149679 -0.999888 0.0030639 0.00131691 0.00230956 -1.03419e-05 -3.41132e-05 0.000281722 0.00302348 0.00140671 0.00230988 -1.03419e-05 -3.41132e-05 0.000281722
50.598 0.176598 0.00421558 0.00364829 0.0671116 0.000297778 7.55435e-05 0.0153863 -0.999882 0.00304054 0.00167046 0.0016692 2.05975e-05 -4.02599e-05 0.000215897 0.00303327 0.00175158 0.00170698 1.55005e-05 -3.99889e-05 0.000222029
50.892 0.180596 0.00388737 0.00372571 0.0719219 0.000280122 0.000100771 0.0166019 -0.999862 0.00256583 0.00155064 0.00265988 -3.20574e-06 -4.45691e-05 -0.000304776 0.0025135 0.00163349 0.00266026 -3.20574e-06 -4.45691e-05 -0.000304776
51.584 0.18301 0.00282501 0.0028729 0.0734259 0.000251827 0.000139627 0.0170351 -0.999855 0.00135061 0.000687776 5.54921e-05 2.52155e-05 -5.41123e-05 -2.5285e-05 0.00132641 0.000733357 5.54762e-05 2.52155e-05 -5.41123e-05 -2.5285e-05
51.916 0.182879 0.00209681 0.00221278 0.0700552 0.000242541 0.000154665 0.0162724 -0.999868 0.000740549 0.000247016 -0.00270284 3.18774e-05 -5.69241e-05 -0.000165302 0.000779252 0.000309384 -0.0021439 2.54453e-05 -5.70508e-05 -2.11872e-05
52.124 0.175104 0.00178705 0.00133661 0.0635344 0.000227213 0.000159838 0.0167073 -0.99986 0.000498665 -0.000439191 -0.00444332 2.98468e-05 -5.78818e-05 -0.000313918 0.000511606 -0.000420291 -0.00444367 2.98468e-05 -5.78818e-05 -0.000313918
52.344 0.168363 0.00227862 0.00013778 0.0566097 0.000199597 0.000145575 0.0171949 -0.999852 0.000942327 -0.00128477 -0.00561643 1.29304e-05 -4.81638e-05 -0.000160012 0.000890733 -0.00116298 -0.00556656 3.53796e-05 -4.80221e-05 -0.000179064
52.968 0.1671 0.00238332 0.000601301 0.0564316 0.000241362 0.000144506 0.0169182 -0.999857 0.00107217 -0.000391336 -0.00432451 3.06703e-05 -5.35781e-05 -0.000186352 0.00106456 -0.000426507 -0.00447444 5.01847e-07 -5.29205e-05 -0.000162218
53.152 0.168423 0.00241249 0.00152885 0.0574145 0.000263407 0.000147356 0.0168474 -0.999858 0.00105399 0.000592172 -0.0038705 -8.06597e-06 -5.6129e-05 -0.000119567 0.00103227 0.000629365 -0.00387049 -8.06597e-06 -5.6129e-05 -0.000119567
53.364 0.166017 0.00224931 0.00157254 0.0549348 0.000264292 0.000155602 0.0168713 -0.999858 0.000904164 0.000528175 -0.00390488 9.47231e-06 -5.6966e-05 -0.000208283 0.00088458 0.000560422 -0.00390487 9.47231e-06 -5.6966e-05 -0.000208283
53.572 0.165592 0.00203008 0.00126133 0.0542081 0.000238783 0.000164169 0.0170214 -0.999855 0.00067341 0.000136388 -0.00360855 2.66252e-06 -5.949e-05 -0.000238432 0.000705189 0.000226371 -0.0035888 2.55305e-06 -5.94394e-05 -0.000214299
53.78 0.163636 0.00183566 0.00102214 0.0522394 0.000226649 0.000170933 0.0172523 -0.999851 0.000428024 -0.000126952 -0.00347734 3.25163e-05 -6.03876e-05 -0.000314281 0.000468474 -6.74224e-05 -0.00360972 2.50982e-05 -6.05467e-05 -0.00026745
54 0.163709 0.00262056 0.000759089 0.0528489 0.000226184 0.000140905 0.0174857 -0.999847 0.00122763 -0.000343046 -0.00239517 -3.8141e-06 -6.40405e-06 -8.83401e-06 0.00117841 -0.000278003 -0.0025536 -3.99096e-06 -6.30451e-06 4.43273e-06
