31.46 0.814792 0.000953998 0.0175673 0.714367 -0.000266948 -0.000452272 -0.671777 -0.740754 -0.00141135 -0.00253071 0.0140696 -0.000293297 0.000317333 0.109414 -0.00266056 0.00117218 0.0140676 -0.000293297 0.000317333 0.109414
32.106 0.822352 0.00467471 0.0204173 0.715885 -0.000328688 -0.000150693 -0.691103 -0.722757 -0.00106452 -0.000811594 0.0140134 -0.00106987 0.000280245 0.0684772 -0.000855108 0.0010367 0.0140129 -0.00106987 0.000280245 0.0684772
32.372 0.810505 0.00679576 0.021078 0.706929 -0.000211103 -0.000115035 -0.697205 -0.716872 -0.000957284 -0.000553673 0.0199837 -0.00126817 -0.000358319 0.0684893 -0.000615777 0.000898743 0.0192947 -0.00144438 -0.000171627 0.0683922
32.756 0.816032 0.00973462 0.023235 0.719112 0.0016657 -0.00207554 -0.706795 -0.707414 -0.0014978 0.00187443 0.0609579 0.00283181 0.0915462 0.0637085 0.000444914 0.00155828 0.0537666 0.00222664 0.0713975 0.0660092
33.126 0.834786 0.011281 0.0290096 0.735814 0.00487297 -0.00578219 -0.7121 -0.702037 -0.000986358 0.0346772 0.0601219 -0.000748597 -0.0185629 0.0267973 0.0312385 0.00073992 0.0603689 -0.000189851 -0.0163916 0.0306789
33.556 0.86515 0.0151659 0.0475421 0.768023 0.00408171 -0.00444104 -0.713293 -0.700839 -0.000285979 0.0553136 0.0633867 -0.00345691 -0.00252918 0.00258194 0.0536215 -0.000742874 0.0640782 -0.00397793 -0.00289599 0.00280388
33.866 0.891735 0.0186059 0.0627851 0.794816 0.00453899 -0.00457369 -0.713825 -0.700295 -0.000547717 0.0611799 0.0658452 -0.0068108 0.000976606 0.00224794 0.0596191 -0.000655634 0.0694467 -0.00287194 0.0039632 0.00212444
34.124 0.907789 0.0202378 0.0773572 0.808016 0.00505318 -0.00368981 -0.714546 -0.699561 -0.00359802 0.065592 0.0652397 -0.00285112 8.80624e-06 0.013799 0.0648405 0.00208926 0.0660516 -0.00285112 8.80624e-06 0.013799
34.43 0.926825 0.0207254 0.0995788 0.829277 0.0049534 -0.00538742 -0.716547 -0.6975 -0.00498602 0.0733376 0.0787098 0.00326636 0.00295527 0.019371 0.071411 0.00346308 0.0796064 0.0058147 0.00590416 0.0202284
34.716 0.949957 0.0219125 0.120238 0.852828 0.00511658 -0.00558205 -0.717977 -0.696026 -0.00235306 0.079419 0.0825632 -0.00174557 0.00188866 0.00933627 0.0781966 -3.89873e-05 0.083755 -0.00174557 0.00188866 0.00933627
35.072 0.980698 0.0243689 0.150011 0.882082 0.00469474 -0.0058307 -0.718233 -0.695763 0.00183911 0.0859625 0.0815101 -0.00119282 0.00011888 -0.00994475 0.0846401 -0.00441813 0.0827851 -0.00119282 0.00011888 -0.00994475
35.294 1.00645 0.026069 0.171369 0.907311 0.00512662 -0.00602474 -0.7173 -0.69672 0.00379513 0.0888067 0.0886539 -0.00118561 0.00704777 -0.0207864 0.0867903 -0.00607151 0.0904645 -0.00130753 0.00733511 -0.0201189
35.624 1.04335 0.0277069 0.200464 0.94154 0.00595697 -0.00648293 -0.715129 -0.698937 0.00425099 0.0948476 0.0911633 -0.000297032 0.00185006 -0.0259449 0.0931079 -0.00633486 0.0928207 -0.000297032 0.00185006 -0.0259449
35.96 1.08414 0.0272014 0.235237 0.977184 0.00634456 -0.00700457 -0.71245 -0.701659 0.00213847 0.102462 0.0985156 0.00107617 0.00205964 -0.0249974 0.10054 -0.00359479 0.100435 0.00107617 0.00205964 -0.0249974
36.394 1.14122 0.0291671 0.284039 1.02803 0.00690804 -0.00756465 -0.709384 -0.704748 0.00333858 0.115719 0.106489 -0.00125289 -0.00299257 -0.0179143 0.111747 -0.00373044 0.108866 -0.00101433 -0.00123812 -0.0183064
36.662 1.154 0.0314583 0.321242 1.06042 0.00751475 -0.0075143 -0.707853 -0.70628 0.00410838 0.124245 0.11482 -0.0151825 0.00395746 -0.0149806 0.12068 -0.00449016 0.118341 -0.00981741 0.00655589 -0.0160684
37.312 1.23561 0.0319086 0.41052 1.13959 0.00706877 -0.00623036 -0.708199 -0.70595 -0.00425088 0.135208 0.0325376 0.00725109 -0.0923261 0.019107 0.134585 0.00378155 0.0350795 0.00725109 -0.0923261 0.019107
37.708 1.26368 0.0307384 0.455753 1.14998 -0.00169973 0.00233937 -0.717003 -0.697064 -0.00431179 0.0827887 -0.0273397 0.00180549 0.0276443 0.121341 0.0876074 0.00230399 -0.027718 0.000689224 0.0203161 0.111389
38.106 1.266 0.030247 0.482986 1.14496 0.000383754 -0.000341613 -0.736059 -0.676918 -0.00237583 0.0524404 -0.022129 0.00165207 0.00512454 0.171689 0.0524783 -0.00201425 -0.0220751 0.00165207 0.00512454 0.171689
38.436 1.26338 0.0308196 0.501547 1.18938 0.0127775 -0.0130129 -0.754476 -0.656075 -0.000819763 0.0619032 0.233474 0.0100903 0.171845 0.134879 0.0528883 -0.00710989 0.235574 0.0100903 0.171845 0.134879
38.782 1.34871 0.0294604 0.536393 1.26115 0.0133645 -0.0146651 -0.763044 -0.646042 -0.00423163 0.139214 0.21031 -0.00195935 -0.0441201 0.0354915 0.124052 -0.0168791 0.215817 -0.00213599 -0.0463453 0.0395313
39.512 1.51105 0.0210275 0.65802 1.4195 0.0118909 -0.0118598 -0.759927 -0.649792 -0.0109869 0.188305 0.207156 0.00121151 0.000220277 -0.0372784 0.180684 -0.0178497 0.213372 0.00121151 0.000220277 -0.0372784
39.886 1.57931 0.0114536 0.73257 1.4919 0.0104425 -0.0126253 -0.755351 -0.655116 -0.0117354 0.198187 0.194568 0.0018325 -0.00045903 -0.0425418 0.190987 -0.0152024 0.200913 0.00342773 -0.00188863 -0.0416952
40.268 1.66723 0.00537631 0.814544 1.5776 0.0109454 -0.0126929 -0.749983 -0.661245 -0.00827312 0.206607 0.197606 -0.00225388 8.50878e-05 -0.0460963 0.199339 -0.0167551 0.204416 -0.00225388 8.50878e-05 -0.0460963
40.63 1.7367 0.00321807 0.895824 1.64902 0.0141079 -0.0107255 -0.74517 -0.666639 -0.00863581 0.215705 0.150622 -0.056668 0.0111513 -0.0328402 0.208533 -0.0168694 0.161799 -0.063416 0.014978 -0.0376166
40.976 1.78762 -0.00208988 0.978632 1.69832 0.015314 -0.00914134 -0.744494 -0.66739 -0.0298343 0.224272 0.152426 0.00663607 -0.00308667 0.0137053 0.220712 0.00416629 0.160282 0.00663607 -0.00308667 0.0137053
41.466 1.86592 -0.0167864 1.10083 1.78768 0.013122 -0.0112456 -0.748474 -0.662938 -0.0347181 0.232973 0.211946 -0.00060754 0.00354814 0.0325582 0.227686 0.00669873 0.219653 0.000260764 0.00412446 0.0330346
41.924 1.98064 -0.0320754 1.21002 1.89263 0.0136606 -0.0116541 -0.752235 -0.658651 -0.0349624 0.238122 0.209609 0.000382017 0.00216082 0.0237368 0.232973 0.00310635 0.218116 0.000382017 0.00216082 0.0237368
42.336 2.07212 -0.0472579 1.30913 1.99505 0.0134307 -0.0128234 -0.754577 -0.655949 -0.0346833 0.243698 0.209462 0.0051636 0.00379935 0.00928665 0.238214 0.000802299 0.218447 0.0051636 0.00379935 0.00928665
42.738 2.17067 -0.0631672 1.41054 2.09019 0.0142255 -0.0128751 -0.754632 -0.655868 -0.0339652 0.250779 0.196325 -0.00462409 0.00764566 0.00104981 0.24466 -0.0010749 0.206155 -0.00605583 0.00902045 0.00113223
43.158 2.21148 -0.0760758 1.5154 2.17512 0.0117155 -0.0138265 -0.754 -0.656625 -0.0277908 0.256494 0.181545 -1.84813e-05 -0.00209978 -0.0146271 0.25121 -0.00669896 0.190706 -1.84813e-05 -0.00209978 -0.0146271
43.994 2.00845 -0.0994097 1.72788 2.31501 0.0149322 -0.0128443 -0.748085 -0.663311 -0.0343796 0.264767 0.198863 0.00263348 -0.000268735 -0.00170146 0.258574 0.00199199 0.209801 0.00343278 -0.000655015 -0.00298636
44.486 1.87295 -0.108049 1.85658 2.41032 0.0148837 -0.0129867 -0.748817 -0.662482 -0.035193 0.27135 0.191862 0.0007495 0.00487716 0.0115685 0.265824 0.00180177 0.20252 0.0007495 0.00487716 0.0115685
44.894 1.77045 -0.115076 1.97171 2.47272 0.015368 -0.0150168 -0.749672 -0.661461 -0.0309482 0.284565 0.146528 -0.00161427 -0.00443272 0.00205497 0.279652 -0.00439763 0.158684 -0.00161427 -0.00443272 0.00205497
45.282 1.65744 -0.123428 2.07546 2.49784 -0.000509529 1.33342e-05 -0.749386 -0.662134 -0.0258641 0.257275 -0.0139091 -0.00199389 -0.153548 -0.0246518 0.258491 -0.00602745 -0.0141071 -0.00199389 -0.153548 -0.0246518
45.888 1.54295 -0.132648 2.18687 2.50572 0.00170611 -0.00238388 -0.734941 -0.678125 -0.0108778 0.137701 -0.00899122 -0.00061673 0.00649106 -0.144654 0.141367 -0.000793851 -0.0174786 0.000275419 0.00692414 -0.135044
46.306 1.48399 -0.137188 2.24209 2.56644 0.0221476 -0.0156885 -0.718685 -0.694806 -0.0222907 0.18962 0.154453 -0.00557568 -0.0184623 -0.0851949 0.181704 0.0145599 0.164561 -0.00557568 -0.0184623 -0.0851949
46.732 1.43592 -0.149037 2.33256 2.62903 0.0165705 -0.0154378 -0.715187 -0.698566 -0.0289344 0.245756 0.16352 0.00611439 0.000703327 0.0115402 0.235975 0.0236495 0.175741 0.010012 0.0036635 0.00788893
47.288 1.30559 -0.165072 2.46822 2.67701 0.00331963 -0.00299654 -0.717414 -0.696633 -0.0118546 0.24748 -0.0153901 -0.0244159 -0.208104 0.0387624 0.256183 0.00451504 -0.0109779 -0.0321264 -0.238812 0.0297694
48.3 1.14399 -0.185389 2.62174 2.69314 0.00218622 -0.00361759 -0.750448 -0.660916 -0.00433308 0.107542 -0.0253222 -0.00373077 0.00281467 -0.056842 0.108693 -0.00910528 -0.0237788 -0.00259888 0.0029578 -0.0362296
48.734 1.10495 -0.188291 2.66558 2.7193 0.0109564 -0.0117729 -0.733432 -0.679573 0.000207051 0.115825 0.126132 -0.00443037 0.0714856 -0.145423 0.106695 -0.00876357 0.135061 -0.000128259 0.107225 -0.149925
49.178 1.06194 -0.189187 2.72662 2.75143 0.0101623 -0.0103326 -0.716469 -0.697469 0.00148451 0.163555 0.0918693 0.000948212 -0.00970874 -0.0764977 0.160725 -0.00581939 0.0965706 0.000948212 -0.00970874 -0.0764977
49.784 0.993982 -0.191356 2.82314 2.79077 0.00982694 -0.00914981 -0.706143 -0.707942 0.00241426 0.176344 0.0892825 2.61362e-05 -0.00220533 -0.027215 0.173891 -0.00205654 0.0939805 2.61362e-05 -0.00220533 -0.027215
50.404 0.914367 -0.195097 2.91127 2.79545 0.00222177 -0.00143684 -0.694731 -0.719265 0.00121492 0.10741 -0.00871555 -0.00178779 0.0174611 -0.0887784 0.107431 0.00252206 -0.00815894 -0.00178779 0.0174611 -0.0887784
51.098 0.843771 -0.199422 2.98138 2.77142 0.00379046 -0.00169558 -0.677381 -0.73562 -0.00169901 0.0808087 0.011582 0.00127008 0.000623884 4.63341e-05 0.081035 0.00816763 0.00961503 0.000978756 0.000662198 -0.00338447
51.64 0.80002 -0.206423 3.02512 2.77439 0.00344486 -0.00218539 -0.687432 -0.726238 -0.00271984 0.0709966 0.0158502 0.00151564 -9.64072e-05 0.078056 0.0706128 0.00657832 0.0164225 0.00151564 -9.64072e-05 0.078056
52.294 0.764593 -0.210595 3.06967 2.78292 0.00289089 -0.00238413 -0.699544 -0.71458 0.00259765 0.0640782 0.00701393 -0.00205151 -0.000962521 -0.014569 0.0640649 -0.00124033 0.00749056 -0.00205151 -0.000962521 -0.014569
52.79 0.74097 -0.214936 3.09941 2.79104 0.00439283 -0.000814951 -0.701105 -0.713044 -0.00223583 0.0593131 0.000646685 -0.00447712 -0.000209099 0.135752 0.0592605 0.00323244 0.00109718 -0.00447712 -0.000209099 0.135752
54.192 0.722814 -0.238155 3.17079 2.86969 0.00228196 -0.00171964 -0.764588 -0.644513 -0.00241039 0.0437347 0.111389 -0.000480384 0.000230232 -0.030501 0.0432926 -0.00551579 0.1116 -0.000640207 8.83006e-05 -0.031289
54.76 0.743486 -0.245209 3.1932 2.92129 0.00210934 -0.0019015 -0.761115 -0.64861 -0.0069416 0.0371456 0.106092 0.00112205 0.000369791 -0.0054884 0.0371734 0.000979172 0.106305 0.00112205 0.000369791 -0.0054884
55.308 0.757899 -0.24995 3.222 2.96445 0.00686709 -0.00660047 -0.760583 -0.649171 -0.00872697 0.0569594 0.0674852 -0.000260394 -0.000822934 -0.00350718 0.0536754 -6.57156e-05 0.0683978 -0.000124548 0.00467765 -0.00308804
55.926 0.772592 -0.254997 3.26762 3.02696 0.00358858 -0.00351947 -0.75902 -0.651048 -0.00994861 0.0697997 0.101166 -0.000245394 0.00402249 -0.00952668 0.0698815 -0.000737637 0.102014 -0.000139756 0.00304121 -0.0094032
56.516 0.78414 -0.259464 3.31248 3.05182 0.000601832 -0.00117917 -0.75554 -0.655101 -0.00715849 0.0549615 -0.010812 -0.000415404 0.00477427 -0.0482999 0.0586971 -0.000512414 -0.0112832 0.000393721 -0.0017612 -0.0418173
57.266 0.796219 -0.263729 3.36356 3.10241 0.0038295 -0.00406293 -0.741416 -0.671023 -0.00653162 0.0693634 0.0231446 -0.00591097 -0.0532141 -0.0530226 0.0694071 -0.000376642 0.023919 -0.00591097 -0.0532141 -0.0530226
57.898 0.780735 -0.265045 3.40518 3.10249 0.00107227 -0.00122718 -0.728342 -0.685212 -0.00540948 0.0472862 -0.00375835 -0.000740799 0.00276439 -0.0758896 0.0475399 0.00251542 -0.00360497 -0.000740799 0.00276439 -0.0758896
58.67 0.779291 -0.26562 3.45463 3.12611 0.00533245 -0.00570452 -0.71308 -0.701039 -0.00461786 0.0861128 0.0406235 0.00022296 -0.00333987 -0.0314167 0.0855346 0.00317794 0.0419611 0.00022296 -0.00333987 -0.0314167
59.3 0.795412 -0.264688 3.50547 3.16401 0.00539347 -0.00540283 -0.708378 -0.705792 -0.00386943 0.0940431 0.0272209 -0.00962792 0.00274946 -0.012452 0.0936301 0.00352664 0.0286537 -0.00962792 0.00274946 -0.012452
60.074 0.814099 -0.262449 3.58113 3.2103 0.00326742 -0.00413258 -0.709663 -0.704522 -0.00600216 0.0958832 0.0897692 0.00206681 -0.00579239 0.0100593 0.0959894 0.00584775 0.0913697 0.00288537 -0.00881093 0.0109269
60.886 0.868291 -0.256987 3.66113 3.27494 0.00475808 -0.00526119 -0.707703 -0.706475 -0.0010176 0.0933043 0.0815852 -0.000307416 0.00197072 -0.0167403 0.0921406 0.000915057 0.0828984 -0.000307416 0.00197072 -0.0167403
62.46 0.957252 -0.251174 3.79537 3.36702 0.0082337 -0.00654161 -0.711651 -0.702455 -0.00866159 0.0824239 0.0558958 0.00249401 -0.0120724 0.0549668 0.0813426 0.00746082 0.0576262 0.00249401 -0.0120724 0.0549668
63.318 1.01158 -0.254588 3.88279 3.41397 0.00677204 -0.00885026 -0.726743 -0.686819 -0.0101271 0.118679 0.00275179 0.0109162 0.00295961 0.0286193 0.117834 0.00470391 0.00523759 0.0144168 0.00544474 0.0315433
63.904 1.01898 -0.251598 3.95408 3.41645 0.00752583 -0.00877681 -0.725287 -0.688349 0.00232424 0.13528 0.00371111 -0.00235284 -0.00195902 -0.0309523 0.134109 -0.00914141 0.0067983 -0.00265039 -0.00230924 -0.0292505
64.72 0.957299 -0.245379 4.06449 3.35184 0.00730356 -0.0086382 -0.715136 -0.698894 0.00733983 0.14196 -0.0395089 0.00195196 -0.000495125 -0.0421819 0.142608 -0.0106801 -0.0362837 0.00195196 -0.000495125 -0.0421819
65.556 0.908904 -0.243068 4.19148 3.30408 0.00737394 -0.00781107 -0.703677 -0.710439 0.00818775 0.140922 -0.0161789 -0.0207441 0.00624355 -0.0373641 0.141309 -0.00684736 -0.0131436 -0.0207441 0.00624355 -0.0373641
66.24 0.908719 -0.245585 4.29392 3.31108 0.00700984 -0.00744851 -0.700861 -0.713224 -0.00220965 0.140702 0.00637447 0.0224884 -0.00321598 0.0105608 0.140842 0.00486296 0.000770213 0.0166214 -0.00149544 0.00967512
66.904 0.921804 -0.24194 4.39217 3.32547 0.00676368 -0.0079246 -0.699264 -0.714787 0.00832195 0.141597 0.00593635 -0.0108328 0.00438416 -0.0235309 0.141392 -0.00505969 0.00853057 -0.00714181 0.00179615 -0.0226592
67.646 0.9459 -0.235793 4.50017 3.34822 0.00757943 -0.00786685 -0.695067 -0.718862 0.00567412 0.150606 0.00567352 0.00770886 -0.00463403 -0.00795125 0.150551 -0.000603025 0.00896474 0.00770886 -0.00463403 -0.00795125
68.372 0.955654 -0.227661 4.61301 3.35522 0.007534 -0.00830137 -0.691998 -0.721812 0.0105256 0.154687 -0.0229886 -0.00209027 0.000735721 -0.0168502 0.15547 -0.00400814 -0.0195068 -0.00209027 0.000735721 -0.0168502
69.004 0.967825 -0.221779 4.71231 3.35395 0.00761455 -0.00826596 -0.688541 -0.72511 0.0104801 0.160526 -0.0233723 3.71575e-05 -0.000922985 -0.0142697 0.161337 -0.00217392 -0.0197508 3.71575e-05 -0.000922985 -0.0142697
69.852 0.983789 -0.21422 4.85185 3.33836 0.00703924 -0.00794126 -0.684526 -0.728912 0.0111304 0.162197 -0.0841073 0.000356354 -0.00729332 -0.011506 0.164518 -0.000960991 -0.0807825 0.000242856 -0.00794642 -0.0114209
70.628 0.974763 -0.205988 4.9673 3.28076 0.00709131 -0.00812303 -0.680945 -0.732256 0.0121467 0.159904 -0.0901962 9.76924e-05 -0.000535089 -0.0126939 0.162271 -0.000578205 -0.0867184 9.76924e-05 -0.000535089 -0.0126939
71.546 0.960369 -0.193971 5.1004 3.19538 0.00742395 -0.00713942 -0.677711 -0.735256 0.00969126 0.157327 -0.0996014 0.000762938 0.00128003 0.00186337 0.159608 0.00325586 -0.096336 0.000762938 0.00128003 0.00186337
72.406 0.969897 -0.186421 5.2269 3.13026 0.00810237 -0.00899994 -0.680775 -0.732393 0.00770457 0.159486 -0.0426165 0.00059304 0.00473269 0.0101155 0.160608 0.00393559 -0.0387403 0.00059304 0.00473269 0.0101155
73.3 1.03514 -0.177212 5.36935 3.07034 0.00559778 -0.00759153 -0.680932 -0.732286 0.0117949 0.164098 -0.0962631 -8.72332e-05 -0.00176094 -0.0111692 0.167185 0.000255495 -0.0933136 0.00104877 -0.00613203 -0.00936321
74.182 1.07858 -0.166563 5.50062 2.97055 0.00657615 -0.00589569 -0.675099 -0.737674 0.00911398 0.156859 -0.149104 0.00187445 0.000983643 -0.00214715 0.159647 0.00504724 -0.146311 0.00187445 0.000983643 -0.00214715
74.95 1.11026 -0.157683 5.60553 2.85299 0.00674836 -0.0090554 -0.678221 -0.734771 0.0100597 0.156713 -0.141568 -0.00184788 -0.00241365 0.00240394 0.159686 0.0026493 -0.138343 -0.00126615 -0.00154021 0.00493017
75.85 1.17936 -0.137705 5.74092 2.71987 0.00588243 -0.00885906 -0.671382 -0.741035 0.0214186 0.159717 -0.13888 -0.0020738 0.00202041 -0.0424427 0.163932 -0.00599676 -0.135137 -0.00227215 0.00220878 -0.0409617
76.838 1.28017 -0.107009 5.88585 2.57581 0.00905263 -0.00874506 -0.659781 -0.751353 0.0152719 0.174187 -0.1521 0.0037302 -0.00206427 0.00425805 0.17846 0.00767764 -0.147654 0.0037302 -0.00206427 0.00425805
77.73 1.41241 -0.0892087 6.053 2.36447 0.0117919 -0.0128837 -0.665702 -0.746013 0.0157538 0.223448 -0.256115 0.000321848 0.000522324 0.0181976 0.231893 0.00979952 -0.248701 0.000327067 7.56802e-06 0.0184689
78.672 1.26427 -0.0695647 6.26335 2.14684 0.0128667 -0.0133469 -0.671262 -0.740988 0.01363 0.243627 -0.224537 0.000628452 0.000938053 0.0194625 0.251937 0.0106874 -0.215337 0.000628452 0.000938053 0.0194625
80.39 2.06298 -0.0336687 6.69515 1.7853 0.0113039 -0.0120703 -0.681452 -0.731676 0.012238 0.249534 -0.177502 0.000587753 -0.00488588 0.0123859 0.255507 0.00552348 -0.169144 0.000587753 -0.00488588 0.0123859
81.354 2.30782 -0.0171778 6.93387 1.61565 0.0101795 -0.0107571 -0.685779 -0.727659 0.0103805 0.23249 -0.132013 -0.000589065 -0.00404371 0.0119774 0.237322 0.00341172 -0.126497 -0.000510949 -0.00420436 0.0121112
83.128 2.35967 0.00380545 7.30372 1.3866 0.00813368 -0.00875534 -0.692959 -0.720878 0.00803456 0.191058 -0.0856883 -0.000736396 -0.00377054 0.00839118 0.194399 -0.000209948 -0.0821539 -0.000848578 -0.00394623 0.00850981
84.81 2.29664 0.0266159 7.58691 1.27894 0.00688285 -0.00711834 -0.699066 -0.714988 0.00734504 0.152506 -0.056747 -0.000237673 -0.00322642 0.00836094 0.15426 -0.00391054 -0.0540437 -0.000546986 -0.00249232 0.00848539
85.6 2.28977 0.0297865 7.70136 1.23385 0.00573062 -0.00572382 -0.702854 -0.711289 0.0036197 0.138323 -0.0482056 0.00032589 -0.00199015 0.0217202 0.139119 -0.00196439 -0.0459584 0.00032589 -0.00199015 0.0217202
86.606 2.29029 0.0312111 7.82906 1.14062 0.0130645 -0.0108356 -0.712011 -0.701963 -0.00316867 0.144971 -0.156983 0.00127101 -0.0157742 0.0195387 0.150227 0.00155804 -0.151986 0.00127101 -0.0157742 0.0195387
88.31 2.40453 0.0195291 8.04559 0.988948 0.00145566 -0.000211455 -0.710676 -0.703518 -0.00911103 0.0868924 0.0150483 -0.000379005 -0.00884989 -0.0044965 0.0869443 0.00820452 0.0152684 -0.000379005 -0.00884989 -0.0044965
89.206 2.3882 0.0162405 8.09219 0.989721 -0.000218631 0.00167385 -0.709911 -0.704289 -0.00633377 0.0378182 0.0144428 0.000582398 -0.00243018 -0.00342281 0.0393428 0.00598327 0.0134946 0.00037184 -0.00254008 -0.00345584
90.268 2.37963 0.00336195 8.09659 0.996972 -0.00124595 0.00171536 -0.709198 -0.705007 -0.00391163 0.00759295 0.00666326 0.000252342 0.000201637 -0.0013901 0.00825213 0.00401015 0.00660508 2.50985e-05 -0.000195398 -0.00148078
91.274 2.3749 -0.00266363 8.07858 1.00613 -0.00120616 0.00136327 -0.708982 -0.705225 0.000206756 -0.000373797 -0.00383182 -1.29318e-05 0.000175735 -0.000691618 -0.000388809 -0.000203879 -0.00383048 -1.29318e-05 0.000175735 -0.000691618
