67.538 0.449875 0.172128 0.0562087 0.650702 -6.06595e-05 -0.00209482 0.0182773 -0.999831 0.0162084 0.00152424 0.00345339 9.68846e-05 -0.00047988 0.00804052 0.0161272 0.00211577 0.00352092 9.68846e-05 -0.00047988 0.00804052
67.856 0.457482 0.182699 0.0560329 0.658099 -8.77764e-05 -0.00237548 0.0171477 -0.99985 0.0178636 0.000946579 0.00588828 0.000441408 0.00117642 0.00721142 0.0175637 0.00197704 0.00574991 0.000436536 0.00162247 0.00735781
68.316 0.4657 0.19744 0.0525036 0.664187 -0.000155115 -0.00237517 0.0160948 -0.999868 0.0205825 -0.00123851 0.0158733 0.000931094 -0.00244935 -0.00238099 0.0205557 -0.000493674 0.0162021 0.00114339 -0.00289946 -0.00143535
68.622 0.471252 0.20751 0.0510464 0.669302 -0.000104695 -0.00268344 0.0175884 -0.999842 0.0218464 -0.00239229 0.0185048 -0.0014165 0.00137831 -0.0146921 0.0215978 -0.00160087 0.0186496 -0.00145915 0.0022275 -0.0136745
69.022 0.472801 0.220121 0.0505218 0.66864 5.76147e-05 -0.00290856 0.0203815 -0.999788 0.0247409 -0.00211737 0.0209996 -0.00140755 -5.55167e-05 -0.0158989 0.0246842 -0.00111222 0.0211432 -0.00140755 -5.55167e-05 -0.0158989
69.696 0.498116 0.243378 0.052394 0.692839 5.53202e-05 -0.00294088 0.0221414 -0.999751 0.0286534 0.000907061 0.0216317 0.00244617 -0.00129109 -0.000471557 0.0284575 0.00216949 0.0217998 0.00244617 -0.00129109 -0.000471557
70.062 0.515485 0.257963 0.0544078 0.708872 -0.000332104 -0.0038913 0.0216788 -0.999757 0.0333384 0.000950455 0.0242997 0.00248037 0.00158683 -0.000283905 0.0330754 0.00240681 0.024557 0.00248037 0.00158683 -0.000283905
70.396 0.531264 0.274847 0.0538926 0.720429 -0.000393298 -0.00436891 0.0226447 -0.999734 0.0404523 -0.00152212 0.0219031 -0.000763659 0.0013138 -0.00951802 0.0396655 0.000445736 0.0227593 -0.000724897 0.00259425 -0.00866738
70.844 0.54349 0.296725 0.0533698 0.726953 -0.000289082 -0.00478123 0.0250629 -0.999674 0.0482002 -0.00235569 0.0316011 -0.00045171 -0.00265176 -0.0144067 0.0474822 7.20215e-06 0.0321214 -0.000724651 -0.00260099 -0.0142739
71.21 0.535186 0.313734 0.053289 0.733766 -0.000344097 -0.00518517 0.0272658 -0.999615 0.051809 -0.00207337 0.0297732 0.00195756 0.00285847 -0.0136521 0.051533 0.000766091 0.0303097 0.00195756 0.00285847 -0.0136521
71.548 0.54901 0.332337 0.0521537 0.747045 -0.000388665 -0.0049087 0.0294969 -0.999553 0.0550326 -0.00315147 0.0258569 -0.00278751 -0.000719224 -0.0145681 0.0548657 0.000111962 0.0263978 -0.00278751 -0.000719224 -0.0145681
71.976 0.57198 0.355065 0.0521915 0.764789 -0.000329081 -0.00574982 0.0316493 -0.999482 0.0581038 -0.00195196 0.0260648 0.00387134 -0.000478121 -0.00828758 0.0578069 0.00173581 0.0267317 0.00387134 -0.000478121 -0.00828758
72.758 0.621457 0.410807 0.0527928 0.818508 4.75551e-06 -0.00491958 0.0334102 -0.99943 0.0635266 0.00040334 0.0684538 0.000782648 0.00206891 0.00966175 0.0627489 0.00450722 0.0690513 0.000844249 0.00225596 0.00809694
73.094 0.643049 0.433096 0.0531652 0.840974 -9.73602e-05 -0.00670213 0.0312989 -0.999488 0.066013 0.00139374 0.0873511 0.000156262 0.0104954 0.0177062 0.0638574 0.00542346 0.0911025 0.000348107 0.0143003 0.0171156
73.85 0.697749 0.498317 0.0529501 0.901653 -0.00109854 -0.0079657 0.0241833 -0.999675 0.0873573 -0.00122807 0.0778684 -0.000341745 -0.000969634 0.007797 0.0860591 0.00313972 0.0792481 -0.000341745 -0.000969634 0.007797
74.216 0.730799 0.533696 0.0516833 0.935739 -0.00101129 -0.0101208 0.0244845 -0.999648 0.0968921 -0.00468692 0.0945051 -0.000931417 0.0013923 -0.00978143 0.0939185 0.000454876 0.0963155 -0.000775449 0.00629923 -0.00850378
74.558 0.754747 0.569779 0.0469181 0.959358 -0.000861757 -0.0118106 0.0262743 -0.999585 0.110083 -0.00816475 0.0843076 -0.00185346 0.00484079 -0.0144806 0.106689 -0.00210215 0.0867477 -0.00188476 0.00701083 -0.0143756
74.934 0.778034 0.616463 0.0430055 0.985423 -0.000249929 -0.0129858 0.0286433 -0.999505 0.127637 -0.00758423 0.0806459 -0.000163099 -0.000905905 -0.0088064 0.123785 -0.000617421 0.0847532 -0.000709647 0.00200594 -0.00989301
75.582 0.83515 0.708699 0.0410077 1.04061 -0.000359465 -0.0134289 0.0284707 -0.999504 0.151134 -0.00368966 0.0693409 0.00113767 -0.00214104 0.00644713 0.149181 0.00491608 0.0733753 0.00113767 -0.00214104 0.00644713
76.034 0.865588 0.78868 0.0388088 1.0685 -0.000495854 -0.0156816 0.0266374 -0.999522 0.171127 -0.00389306 0.0796274 0.000558925 -0.00475816 0.00784817 0.168509 0.00523992 0.0849553 0.000558925 -0.00475816 0.00784817
76.67 0.917991 0.916296 0.0352809 1.12325 -0.00157029 -0.0159646 0.0245898 -0.999569 0.19785 -0.00668475 0.0662517 0.00173985 0.00118786 0.00100758 0.195718 0.00321521 0.0725431 0.00173985 0.00118786 0.00100758
77.142 0.960105 1.01674 0.0287133 1.16586 -0.00136345 -0.0188532 0.0258012 -0.999488 0.21566 -0.0123299 0.0580165 -0.00090445 -0.00368054 -0.00839813 0.213665 -0.00107775 0.066133 -0.00090445 -0.00368054 -0.00839813
77.528 0.994624 1.10195 0.0233724 1.19761 -0.00237615 -0.0203897 0.0275186 -0.999411 0.230232 -0.0150597 0.0209096 0.00853104 -0.00161932 -0.0124288 0.229664 -0.00227468 0.0303335 0.00853104 -0.00161932 -0.0124288
78.024 1.01864 1.22444 0.0156577 1.21766 -0.00195362 -0.0217023 0.031847 -0.999255 0.251999 -0.0214373 0.0117274 -0.00478572 -4.50115e-05 -0.0207495 0.252103 -0.00530379 0.022728 -0.00478572 -4.50115e-05 -0.0207495
78.516 1.00933 1.36276 0.00368181 1.2067 0.000224175 -0.0223934 0.0348433 -0.999142 0.274808 -0.0151762 0.011909 0.00334599 -0.00309223 -0.00135866 0.272848 0.0030018 0.024002 0.00223478 -0.00254995 -0.00362618
79.286 0.991824 1.58172 -0.00960437 1.19189 -0.00196339 -0.0223053 0.0353418 -0.999124 0.285795 -0.0220428 -0.00577747 -0.0240418 0.00668741 -0.00909579 0.286115 -0.00162772 0.0108578 -0.0134226 0.00472555 -0.00874019
79.798 0.995635 1.72929 -0.0233531 1.19492 -0.000242306 -0.022073 0.0361944 -0.999101 0.292189 -0.0165642 -0.0106299 0.00185172 0.000827988 0.00467129 0.292442 0.00425442 0.00227915 0.0018268 0.000321826 0.00342524
80.29 0.994679 1.87945 -0.0305424 1.19464 -0.00070348 -0.0227013 0.0340045 -0.999164 0.297666 -0.0127926 -0.010003 0.00241252 0.00248383 0.0108481 0.297994 0.00747488 0.00353426 0.00241252 0.00248383 0.0108481
80.922 0.997357 2.08377 -0.0423932 1.1959 -0.000827644 -0.0229842 0.0309529 -0.999256 0.308742 -0.0139663 -0.0110452 -0.000242996 0.000607195 0.00820036 0.309196 0.00516836 0.00317542 -0.000242996 0.000607195 0.00820036
81.83 0.980148 2.37884 -0.0584845 1.17949 -0.0027599 -0.0226923 0.0305832 -0.999271 0.315096 -0.0246308 -0.0195496 -0.00309855 0.00355115 -0.0124911 0.316575 -0.00536632 -0.00512221 -0.00309855 0.00355115 -0.0124911
82.312 0.977358 2.53344 -0.074033 1.17701 -0.00289617 -0.0219209 0.0351531 -0.999137 0.312995 -0.0316551 0.00214636 -0.00147226 0.00497757 -0.0236081 0.314046 -0.00954096 0.0160229 -0.00147226 0.00497757 -0.0236081
82.836 0.984055 2.70095 -0.0919772 1.18283 -0.00262314 -0.0225094 0.041639 -0.998876 0.315349 -0.0352799 0.00132526 5.34669e-05 0.000649503 -0.0263706 0.316806 -0.00888335 0.0156867 5.34669e-05 0.000649503 -0.0263706
83.242 0.948467 2.83624 -0.108002 1.17386 -0.00177404 -0.0237084 0.0462878 -0.998645 0.321369 -0.0347149 -0.0338936 0.000615464 -0.00164047 -0.0189405 0.324448 -0.00487405 -0.0184912 0.000615464 -0.00164047 -0.0189405
83.692 0.825084 2.97988 -0.123846 1.18455 -0.00336378 -0.0206501 0.0500916 -0.998526 0.314951 -0.0380716 0.0344765 -0.000603441 0.00964226 -0.0211805 0.316486 -0.00560161 0.0475973 -0.00011161 0.0090333 -0.0207489
84.194 0.714533 3.13833 -0.146734 1.19065 -0.00227262 -0.0169675 0.0571338 -0.99822 0.289163 -0.0395642 0.0270386 -0.000369814 0.011964 -0.0274283 0.29263 -0.00641644 0.036935 -0.000325779 0.0105084 -0.0274758
84.614 0.63889 3.25176 -0.165018 1.19338 -0.000399512 0.000594266 0.0652824 -0.997867 0.230904 -0.0315696 -0.000141324 0.00272302 -0.0183773 -0.0754857 0.233048 -0.00121722 -0.000404497 0.00272302 -0.0183773 -0.0754857
85.074 0.589298 3.33956 -0.176742 1.19831 -0.000546007 -0.00460149 0.089011 -0.99602 0.160819 -0.0208144 -0.00402586 -0.00218681 0.00922005 -0.139786 0.161992 0.00803053 -0.00252751 -0.00218681 0.00922005 -0.139786
85.542 0.558749 3.4042 -0.186096 1.20168 -0.00291272 -0.00517747 0.156586 -0.987647 0.133875 -0.0248578 -0.000866697 -0.00686131 0.00059074 -0.558044 0.135 0.01777 0.000563713 -0.00686131 0.00059074 -0.558044
86 0.516566 3.45889 -0.199252 1.17564 0.00277965 -0.00577229 0.29009 -0.956978 0.119664 -0.0201509 0.0191177 -0.0218261 -0.000964804 -0.430493 0.112692 0.0462635 0.0193312 -0.02689 -0.00179559 -0.481898
86.46 0.503542 3.50274 -0.207034 1.18118 0.00238263 -0.0057578 0.317999 -0.948071 0.118021 -0.00579638 0.0163397 0.0129198 0.000588203 0.112528 0.0977287 0.0665992 0.0186484 0.0125953 0.000886796 0.0804772
86.924 0.495125 3.54243 -0.211213 1.18125 0.000288275 -0.00489985 0.280832 -0.959744 0.11013 -0.00696066 0.0122475 0.00468465 -0.00213778 0.231275 0.0963925 0.0534624 0.0133159 0.00468465 -0.00213778 0.231275
87.386 0.490769 3.58418 -0.216893 1.19053 -8.64845e-05 -0.00448347 0.232712 -0.972535 0.099453 -0.0105772 0.00509207 -0.000445946 -0.00121969 0.191767 0.0934203 0.0355753 0.00597901 -0.000445946 -0.00121969 0.191767
88.208 0.473437 3.64234 -0.226657 1.17351 1.53816e-05 -0.00409773 0.175198 -0.984525 0.0853956 -0.0099099 0.0206903 -0.000331694 -0.000586719 0.123254 0.0834022 0.0201274 0.021393 -0.000331694 -0.000586719 0.123254
88.65 0.470102 3.66588 -0.231747 1.17577 -0.000115818 -0.00404007 0.149254 -0.988791 0.0782102 -0.00819489 0.0178457 0.000422197 0.00121365 0.115194 0.0774309 0.0156176 0.0203382 0.000832643 -0.000288874 0.116334
89.518 0.459981 3.71945 -0.244897 1.19296 -0.000258722 -0.00582411 0.118902 -0.992889 0.0876482 -0.0108113 0.00469682 -0.000913294 -0.000800235 0.0444358 0.087662 0.0101854 0.00572532 -0.000913294 -0.000800235 0.0444358
90.34 0.445422 3.78129 -0.257394 1.22089 -0.000493846 -0.00518543 0.104052 -0.994558 0.0826831 -0.00839487 0.00391004 0.00046521 0.000110639 0.0274989 0.082585 0.00890002 0.00477146 0.00046521 0.000110639 0.0274989
90.79 0.440548 3.8124 -0.262898 1.23837 -0.00051107 -0.00448289 0.0991508 -0.995062 0.0765684 -0.007227 0.00353957 -0.000130476 0.000597448 0.019609 0.076454 0.00802457 0.00422855 -0.000130476 0.000597448 0.019609
91.266 0.433297 3.84331 -0.267667 1.25432 -0.000557456 -0.00440903 0.094875 -0.995479 0.07087 -0.00537984 0.00304954 0.000498533 1.37739e-05 0.0184351 0.0705805 0.00810498 0.00367451 0.000498533 1.37739e-05 0.0184351
91.782 0.428082 3.87589 -0.274359 1.26092 -0.000591173 -0.00412291 0.0901229 -0.995922 0.064115 -0.00513603 0.00191883 -0.000853992 0.000793483 0.0190233 0.0639773 0.00645788 0.00244832 -0.000853992 0.000793483 0.0190233
92.226 0.424036 3.90418 -0.27933 1.26322 -0.000600514 -0.00385642 0.0856449 -0.996318 0.0598302 -0.00360141 0.0018095 0.000786548 0.000203119 0.0200314 0.0595512 0.00666325 0.00226974 0.000786548 0.000203119 0.0200314
92.682 0.423473 3.93313 -0.28529 1.27429 -0.000666766 -0.00359142 0.0813197 -0.996681 0.0567683 -0.00390221 0.00125731 -0.000810944 -0.00108604 0.0188044 0.0566394 0.00535274 0.00166499 -0.000810944 -0.00108604 0.0188044
93.562 0.416433 3.98589 -0.3054 1.28363 -0.000459123 -0.00337337 0.0792887 -0.996846 0.0509472 -0.00774867 0.00205559 -0.000404638 -9.04535e-06 -0.0100877 0.0517208 0.000547759 0.00237902 -0.000575042 -3.22249e-05 -0.00952876
94.394 0.421169 4.02624 -0.314528 1.30007 0.000752164 -0.00260972 0.0821501 -0.996616 0.0430749 0.00250153 0.00725333 0.00114175 -9.97813e-05 -0.00160915 0.0420465 0.00950687 0.00748529 0.00114175 -9.97813e-05 -0.00160915
94.862 0.42592 4.04757 -0.318054 1.30495 -0.000158174 -0.00232613 0.0775814 -0.996983 0.0384525 2.25855e-05 -0.00385518 -0.00135652 7.27316e-05 0.0567545 0.0380037 0.00597092 -0.00367775 -0.00135652 7.27316e-05 0.0567545
95.33 0.430771 4.06743 -0.321613 1.31122 -0.000705532 -0.00335427 0.0627535 -0.998023 0.0400948 -0.00389197 0.00551836 0.000752647 -0.00304559 0.0497632 0.0399237 0.00154949 0.0059304 0.00126131 -0.00261335 0.0524206
96.186 0.442819 4.10608 -0.329754 1.29868 -0.000133179 -0.00303661 0.0558302 -0.998436 0.04073 -0.00621379 0.0046173 -0.000436836 -0.000733273 0.00559068 0.0411401 -0.00163454 0.00486735 -0.000436836 -0.000733273 0.00559068
96.65 0.449295 4.12572 -0.334399 1.28624 -0.000111752 -0.00350901 0.0539409 -0.998538 0.0412085 -0.00615468 0.00622655 -0.000135472 -0.000810219 0.0117985 0.041587 -0.00168065 0.00651838 -0.000135472 -0.000810219 0.0117985
97.094 0.455276 4.14595 -0.339165 1.28112 -0.000192623 -0.00365548 0.0510363 -0.99869 0.0425201 -0.00653576 0.00641926 0.000886791 -0.000404249 0.0107178 0.0429167 -0.00216712 0.00673366 0.000886791 -0.000404249 0.0107178
97.952 0.474612 4.1878 -0.345245 1.28168 3.08444e-05 -0.00359461 0.0482398 -0.998829 0.0443878 -0.00589362 0.00682344 0.000258775 -0.000469423 0.0129086 0.044699 -0.00159149 0.00714381 0.000258775 -0.000469423 0.0129086
98.414 0.48949 4.21557 -0.351021 1.28698 2.21307e-05 -0.00431663 0.0441504 -0.999016 0.048097 -0.00689635 0.00806106 -0.000612787 -0.0024888 0.0173224 0.0481505 -0.00253001 0.00841565 -0.000562 -0.00200789 0.0173934
99.282 0.524872 4.2711 -0.355219 1.30102 0.000261355 -0.00430676 0.0349087 -0.999381 0.0541511 -0.0042373 0.00905178 0.000311346 0.00030591 0.0316906 0.0542351 -0.0004562 0.00951764 0.000311346 0.00030591 0.0316906
99.692 0.54356 4.29489 -0.355011 1.30113 0.000261968 -0.00589322 0.0283919 -0.999579 0.0587906 -0.00291357 0.0129797 0.000778945 3.84814e-05 0.0349435 0.0587044 0.000416763 0.0136718 0.000778945 3.84814e-05 0.0349435
100.156 0.568454 4.33114 -0.353787 1.30526 -0.000101416 -0.00639536 0.02049 -0.99977 0.0688252 -0.00206604 0.0158541 0.00328304 -0.000298412 0.0290665 0.0686436 0.000754651 0.0167336 0.00328304 -0.000298412 0.0290665
100.592 0.596163 4.36725 -0.353957 1.31338 3.59028e-05 -1.66262e-05 0.0152408 -0.999884 0.0625492 -0.00290451 -0.00314339 -0.00155072 -0.0313787 0.029987 0.0656891 -0.00100062 -0.00320804 -0.00211571 -0.0427651 0.0280719
101.054 0.619154 4.39337 -0.354018 1.31768 -2.71295e-05 -0.00112637 0.00511949 -0.999986 0.0380773 -0.0017383 -0.00649164 0.000978993 0.00443105 0.0576081 0.0392406 -0.00126035 -0.00581319 0.00100773 0.00606919 0.0562626
101.554 0.638284 4.41972 -0.353841 1.32928 0.00057707 -0.0110823 -0.00856816 -0.999902 0.063627 0.00177035 0.024762 0.00315663 -0.00985354 0.0508235 0.0630833 0.000655176 0.0261678 0.00315663 -0.00985354 0.0508235
102.452 0.707399 4.50633 -0.352743 1.35644 -0.000581537 -0.00885324 -0.0200358 -0.99976 0.104639 -0.000753559 0.0273965 -0.00203112 -0.00183298 -0.00357306 0.103437 -0.00463512 0.0291815 -0.00200367 -0.00207828 -0.00125824
103.304 0.779287 4.60996 -0.351353 1.40913 0.000467635 -0.0111136 -0.0173728 -0.999787 0.130926 0.0037039 0.0509843 0.000978137 -0.000981348 0.00134985 0.129809 -0.000875812 0.053884 0.000978137 -0.000981348 0.00134985
103.772 0.828743 4.67522 -0.349485 1.42768 0.000840758 -0.0132162 -0.0190075 -0.999732 0.144511 0.00648145 0.0962507 0.000680161 -0.00188078 0.0106661 0.140758 0.000767618 0.099535 0.000314363 0.00145665 0.00989131
104.568 0.928838 4.81076 -0.341161 1.50826 -0.000369245 -0.0148871 -0.0235912 -0.999611 0.174363 0.00665995 0.102589 -0.000744709 -0.0020045 0.00352386 0.1702 -0.000956454 0.107808 -2.59111e-05 -0.00191658 0.0049374
104.996 0.993083 4.89336 -0.338197 1.57511 -0.000102301 -0.0190859 -0.023258 -0.999547 0.196122 0.00412687 0.122268 -0.0012257 -0.00219056 -0.00745856 0.186381 -0.00447838 0.130399 -0.00105261 0.0135197 -0.00606982
105.472 1.07975 4.99607 -0.334171 1.66242 0.00149345 -0.0191377 -0.02237 -0.999565 0.218718 0.0100485 0.175001 0.00185977 0.000432134 0.00165201 0.212081 -0.000127972 0.183264 0.00185977 0.000432134 0.00165201
105.898 1.17158 5.10852 -0.327244 1.75133 0.00136648 -0.0224053 -0.0240471 -0.999459 0.243797 0.0153622 0.193821 0.00393031 -0.00079656 0.0117105 0.233031 0.00312012 0.210077 0.000776961 0.00107462 0.0111937
106.564 1.17926 5.2935 -0.32014 1.86475 -0.00137765 -0.0268431 -0.0239196 -0.999352 0.296186 0.00160564 0.121825 -0.00122211 -0.00420449 -0.0149815 0.28667 -0.0114479 0.138078 -0.000854874 -0.00372845 -0.0141292
107.04 1.18425 5.44346 -0.316609 1.93444 -0.000940416 -0.0267388 -0.0194608 -0.999453 0.317794 -0.00224845 0.124526 -0.000161668 0.00086756 -0.0239183 0.31036 -0.0142293 0.141347 -0.000161668 0.00086756 -0.0239183
107.526 1.18806 5.61539 -0.314579 2.0058 -0.000913177 -0.0272983 -0.0138635 -0.999531 0.333706 -0.00372162 0.119768 0.0112384 -0.00467969 -0.0216153 0.326444 -0.0126426 0.137812 0.0112384 -0.00467969 -0.0216153
108.012 1.18727 5.79364 -0.312463 2.06424 -0.00201287 -0.0270841 -0.00813207 -0.999598 0.341424 -0.0103655 0.122688 -0.00146207 0.0047657 -0.027817 0.33407 -0.0153298 0.141042 -0.00146207 0.0047657 -0.027817
108.474 1.16583 5.96457 -0.313334 2.12141 -0.00171229 -0.0278028 -0.00183031 -0.99961 0.350662 -0.0131002 0.124659 0.000232585 0.00291328 -0.0285526 0.34314 -0.0139103 0.144002 0.000232585 0.00291328 -0.0285526
109.136 0.975044 6.2193 -0.312084 2.19903 0.00199485 -0.0279178 0.0028082 -0.999604 0.360868 0.00544979 0.11379 0.00634751 0.000983087 0.00531279 0.353919 0.0069638 0.133778 0.00634751 0.000983087 0.00531279
109.62 0.852141 6.41036 -0.305956 2.25153 0.00288606 -0.0182082 -0.00100558 -0.99983 0.334981 0.015931 0.0888861 -0.00339288 0.0036331 0.0279925 0.331552 0.0147122 0.101113 -0.00339288 0.0036331 0.0279925
110.132 0.756648 6.58802 -0.294855 2.29351 0.00161232 -0.0167489 -0.0111711 -0.999796 0.289664 0.0223853 0.0735207 0.00024772 0.0129032 0.0480984 0.287463 0.015684 0.0832504 0.00024772 0.0129032 0.0480984
110.638 0.71131 6.73543 -0.287122 2.33551 -0.0025506 -0.0145008 -0.0169846 -0.999747 0.260125 0.00213761 0.0600724 -0.00716339 0.00746019 -0.011914 0.260015 -0.00546764 0.0675238 -0.00773104 0.00387356 -0.00601929
111.088 0.6864 6.85875 -0.283596 2.35563 -0.00146129 -0.0139031 -0.00977444 -0.999855 0.239465 -0.0048353 0.0532772 -0.000927744 0.00281711 -0.0468116 0.237752 -0.00933505 0.0599336 -0.000927744 0.00281711 -0.0468116
111.494 0.687792 6.96148 -0.28324 2.3854 0.00161128 -0.0129844 -0.00266334 -0.999911 0.225182 0.00223056 0.0781456 0.000324563 0.00172855 -0.018156 0.224118 -0.000263312 0.0843005 -0.00106895 0.000945701 -0.0209068
112.464 0.742829 7.15258 -0.279547 2.45067 -0.00171827 -0.0137268 -0.0143721 -0.999801 0.176195 1.18052e-05 0.120712 -0.0016175 -0.0164884 0.00804511 0.172748 -0.00458108 0.125511 -0.0016175 -0.0164884 0.00804511
112.964 0.816055 7.23845 -0.284075 2.51799 -0.00105048 -0.0135569 -0.00983585 -0.999859 0.192539 -0.00600417 0.0796664 -0.0205856 0.035997 -0.0388144 0.188549 -0.00950876 0.119919 -0.0146415 0.0208063 -0.0383459
113.43 0.864421 7.33301 -0.285615 2.52513 0.00182589 -0.0188314 -0.0047561 -0.99981 0.235108 0.00767905 -0.00275322 0.00412026 -0.0232621 0.0023096 0.232646 0.0044953 0.00632571 0.00350716 -0.0235482 -0.00170557
113.942 0.881931 7.44164 -0.281239 2.49945 0.00215875 -0.0178292 -0.00992246 -0.999789 0.255775 0.0194223 -0.0537949 0.00279342 -0.00458555 0.0392093 0.257866 0.014537 -0.0445618 0.00279342 -0.00458555 0.0392093
114.458 0.902049 7.56183 -0.27468 2.45105 0.0014323 -0.01793 -0.0211821 -0.999614 0.267109 0.0229422 -0.0860327 -0.000388132 -0.00197483 0.0436209 0.270757 0.0117773 -0.0763353 -0.000388132 -0.00197483 0.0436209
115.01 0.914345 7.69253 -0.265663 2.3782 0.000969218 -0.0184704 -0.03118 -0.999343 0.27464 0.0222378 -0.119781 -0.00107876 -0.000645178 0.0279073 0.279139 0.00554438 -0.10919 -0.00108174 -0.000703609 0.0290618
115.472 0.946517 7.80204 -0.258717 2.31125 -0.000763933 -0.01863 -0.035657 -0.99919 0.280169 0.0183655 -0.149161 0.00441073 -0.00527795 0.0107598 0.286116 -0.00206291 -0.138615 0.00441073 -0.00527795 0.0107598
116.004 0.979191 7.93166 -0.25452 2.2331 -0.00189759 -0.0179712 -0.0347942 -0.999231 0.282825 0.00696773 -0.166887 0.000319392 -0.00635542 -0.0205894 0.288789 -0.012843 -0.156194 0.00294318 -0.00975427 -0.0180121
116.472 1.02447 8.04633 -0.25434 2.18313 -0.000113511 -0.00487091 -0.0281265 -0.999592 0.272739 0.000143548 0.0227968 -0.0188764 -0.219262 -0.0447991 0.272081 -0.0151811 0.0254533 -0.0188764 -0.219262 -0.0447991
116.988 1.1123 8.14027 -0.253968 2.17177 0.00131607 -0.00832748 -0.0119231 -0.999893 0.164776 0.00174537 -0.170937 -0.0473115 0.248865 -0.0717312 0.1676 -0.00177167 -0.168169 -0.0473115 0.248865 -0.0717312
117.49 1.15339 8.22703 -0.246964 2.11601 -0.00027781 0.00164555 -0.00684756 -0.999975 0.176999 0.0144398 0.0256124 0.000115226 0.00757032 0.0269279 0.184172 0.0127464 0.0249453 0.00228136 -0.0266632 0.0213214
117.964 1.1927 8.28656 -0.241433 2.06139 -0.00314867 -0.0319084 -0.0163687 -0.999352 0.195973 0.0106381 -0.22677 0.0478807 0.0393782 0.0381962 0.210258 0.00259603 -0.213841 0.0478807 0.0393782 0.0381962
118.608 1.24487 8.43575 -0.243334 1.9182 0.00497507 -0.0261666 -0.0163659 -0.999511 0.30451 0.0123879 -0.215541 0.015282 0.00493605 0.000339601 0.312512 0.00151411 -0.203043 0.011889 0.00356931 -0.00137245
119.482 1.22511 8.71894 -0.21993 1.67273 0.00431442 -0.0379865 -0.0267808 -0.99891 0.440428 0.0464913 -0.329272 -0.0117984 -0.0127938 0.0341884 0.466062 0.0248824 -0.294492 -0.0117984 -0.0127938 0.0341884
120.016 1.19797 8.94468 -0.189715 1.50516 0.0043397 -0.0376541 -0.0355604 -0.998649 0.469361 0.0601243 -0.320091 0.00167021 0.00380113 0.0349653 0.495265 0.0283976 -0.283335 0.00167021 0.00380113 0.0349653
120.514 1.17032 9.18674 -0.156336 1.39481 -0.00307814 -0.0231721 -0.0435402 -0.998778 0.425746 0.0479014 -0.134307 0.0535069 0.047554 0.0193154 0.438614 0.0134642 -0.113923 0.0711703 0.0384578 0.0237341
121.036 1.11614 9.38954 -0.137008 1.32335 -0.00272576 -0.0265632 -0.0410096 -0.998802 0.403103 0.0148576 -0.13372 -0.00687654 0.00809927 -0.0358117 0.409463 -0.0191762 -0.112098 -0.00687654 0.00809927 -0.0358117
121.496 0.968132 9.58002 -0.128588 1.29141 0.00051011 0.00150246 -0.030784 -0.999525 0.348913 0.00829578 0.00927466 -0.00736826 -0.14662 -0.0572697 0.363304 -0.0150287 0.012896 -0.017855 -0.234475 -0.0540621
122.002 0.847495 9.71275 -0.124865 1.26182 0.000505749 -0.0226408 -0.0149488 -0.999632 0.241816 0.00865761 -0.146363 -0.000324931 0.218547 -0.0643229 0.242579 0.000700098 -0.136897 0.000764553 0.276953 -0.0681816
122.528 0.780745 9.84144 -0.120725 1.19761 0.000802968 -0.0193878 -0.00630681 -0.999792 0.293155 0.0126092 -0.114224 0.00209132 -0.00533852 -0.0144576 0.297499 0.00905751 -0.102753 0.00209132 -0.00533852 -0.0144576
123.038 0.73657 9.97903 -0.116938 1.128 -0.000833324 -0.0146858 -0.0042876 -0.999883 0.276636 0.00541801 -0.126209 -0.00230575 0.00703648 -0.0135241 0.280259 0.00282643 -0.118036 -0.00230575 0.00703648 -0.0135241
123.548 0.716095 10.102 -0.115851 1.0666 0.000661536 -0.0152038 -0.000901563 -0.999884 0.260611 0.00585362 -0.104913 0.00151045 0.00162656 -0.00900284 0.264459 0.00527505 -0.0980988 0.00142419 0.00183292 -0.00957673
124.084 0.716796 10.22 -0.113928 1.01967 -8.24135e-05 -0.0146021 0.00077192 -0.999893 0.249108 0.00388447 -0.0876155 -0.000598296 0.00236211 -0.00908572 0.252117 0.0043753 -0.0801374 -0.000614819 0.00243499 -0.00892217
124.588 0.717055 10.3293 -0.113028 0.996304 0.000524499 -0.0139199 0.00317783 -0.999898 0.243186 0.00403628 -0.00178863 0.00190196 -0.123554 -0.00877763 0.244248 0.00534591 -0.0147017 0.000900215 -0.0817079 -0.00798271
125.094 0.698029 10.4137 -0.111901 1.00608 3.05365e-05 -0.00373276 0.0130732 -0.999908 0.172409 0.00316271 -0.00448275 -0.00165934 0.0225665 -0.0766349 0.175696 0.00732368 -0.00286804 -0.00143083 0.0267572 -0.0718192
125.586 0.718226 10.4829 -0.112318 1.00013 0.00136246 -0.0183451 0.0303129 -0.999371 0.190764 0.00412527 -0.0246024 -0.00222763 -0.0137979 -0.0461465 0.186799 0.0150936 -0.0176678 -0.00311069 -0.00597312 -0.0495123
126.022 0.727686 10.5477 -0.112096 0.985148 -0.00228071 -0.014424 0.0345821 -0.999295 0.213488 -0.00221685 -0.0297661 0.0051249 -0.00595634 -0.0173529 0.213255 0.0136873 -0.023673 0.00794675 -0.00713082 -0.0163351
126.5 0.743817 10.6318 -0.117031 0.975331 -0.00103316 -0.0149948 0.0420958 -0.999 0.222578 -0.0135162 -4.38703e-05 -0.00196851 0.00021973 -0.0390257 0.221768 0.00506728 0.00687436 -0.00304457 0.00223202 -0.0388848
127.012 0.763196 10.7273 -0.120956 0.970255 0.00107737 -0.0151847 0.0490674 -0.998679 0.229927 -0.00495431 0.0146528 0.035343 -0.00382596 -0.0072925 0.228419 0.0167427 0.0238415 0.0272873 -0.00301785 -0.00855283
127.534 0.80938 10.827 -0.128153 0.979582 -0.00169144 -0.0152414 0.0518626 -0.998537 0.23113 -0.0157289 0.0502968 -0.00222343 0.000131459 -0.0218008 0.229636 0.00884583 0.0572598 -0.00264446 0.00128889 -0.0202787
127.97 0.802826 10.9058 -0.140264 0.997121 -0.0022905 -0.0165436 0.0573787 -0.998213 0.233622 -0.0244156 0.0537056 -0.00129479 0.000874088 -0.0361225 0.232423 0.00323863 0.0614698 -0.000705532 0.00167005 -0.0353667
128.47 0.848093 11.0002 -0.159696 1.02002 -0.00220694 -0.0154059 0.0674645 -0.9976 0.232251 -0.0331644 0.0634387 -0.000968079 0.00195088 -0.0462531 0.232519 -0.00143681 0.0706927 -0.000968079 0.00195088 -0.0462531
129.444 0.926441 11.2019 -0.204138 1.02434 -0.00268512 -0.0176902 0.089259 -0.995848 0.241403 -0.0466008 -0.00929538 -0.000610849 0.00152391 -0.0457974 0.245931 -0.00279212 -0.000475114 -0.000568416 0.00122438 -0.0456847
129.896 0.834816 11.3015 -0.2264 1.02089 -0.00322689 -0.0214357 0.0994579 -0.994806 0.252156 -0.053771 -0.0107697 -0.000571801 -0.00179244 -0.0444846 0.258035 -0.00279719 0.000407197 -0.000571801 -0.00179244 -0.0444846
130.436 0.853903 11.4315 -0.258573 1.01191 -0.000746541 -0.0189652 0.108699 -0.993894 0.252696 -0.0491396 0.00450638 0.00269472 0.00684383 -0.0186855 0.257227 0.00601235 0.0139585 0.00279045 0.00738581 -0.0210978
130.896 0.845248 11.5434 -0.284465 1.03828 -0.000211154 -0.0180124 0.110563 -0.993706 0.250279 -0.0452574 0.115844 -0.000109788 0.00767595 0.00176653 0.249789 0.0104327 0.124915 -0.000109788 0.00767595 0.00176653
131.78 0.969527 11.7635 -0.330796 1.09215 -0.00160112 -0.0191488 0.108734 -0.993885 0.251731 -0.0505339 0.0599402 -0.000942052 0.00687226 -0.00174053 0.254211 0.0050267 0.0697613 -0.000942052 0.00687226 -0.00174053
132.294 1.06538 11.898 -0.356725 1.14212 -0.0022819 -0.0250996 0.110207 -0.993589 0.273707 -0.0574157 0.074453 0.000229618 -0.0103176 -0.00780711 0.273189 0.00383254 0.0885476 0.00020983 -0.00711976 -0.00755668
132.792 1.07353 12.0388 -0.385067 1.1974 -0.00312152 -0.0257103 0.11241 -0.993324 0.299054 -0.0666153 0.153376 0.00212829 -0.00997209 -0.00998759 0.298025 0.00196685 0.169033 0.00212829 -0.00997209 -0.00998759
133.66 1.07495 12.3226 -0.444122 1.31104 -0.00271239 -0.0256754 0.118292 -0.992643 0.312384 -0.0730135 0.189581 5.7716e-05 0.00456907 -0.0121709 0.310581 0.00230488 0.205887 5.7716e-05 0.00456907 -0.0121709
134.176 1.048 12.5014 -0.484164 1.39913 -0.00276509 -0.0261559 0.121077 -0.992295 0.318142 -0.0746948 0.190065 0.000679479 0.00101189 -0.00929811 0.316323 0.00382763 0.206986 0.000679479 0.00101189 -0.00929811
134.646 0.935152 12.6697 -0.519718 1.5107 -0.00105326 -0.0227288 0.122776 -0.992174 0.311892 -0.0679064 0.240986 0.00163605 0.0081905 0.000571415 0.310641 0.0079285 0.256031 -0.00118732 -0.000926713 -0.0017083
135.118 0.80268 12.8193 -0.551506 1.61259 -0.00307267 -0.0205126 0.122336 -0.992272 0.293352 -0.0654564 0.171919 0.000823462 8.44705e-05 -0.000959619 0.29308 0.00794698 0.18422 0.000823462 8.44705e-05 -0.000959619
135.596 0.69507 12.9747 -0.587965 1.69332 -0.00199554 -0.0166322 0.124526 -0.992075 0.263518 -0.0625823 0.129385 0.00016202 0.0086066 -0.0141801 0.266324 0.00446278 0.138385 0.00016202 0.0086066 -0.0141801
136.12 0.614204 13.1006 -0.620434 1.71153 0.000174263 -0.00343314 0.132328 -0.9912 0.189871 -0.0443758 -0.0165292 4.7926e-05 0.025681 -0.0585058 0.200839 0.00679311 -0.0147781 0.000608146 0.0176406 -0.0541405
136.868 0.549417 13.2405 -0.655361 1.69486 -9.21044e-05 -0.00637545 0.160991 -0.986935 0.141358 -0.0320839 6.81816e-06 0.000334471 0.00018483 -0.107959 0.145213 0.0144052 0.00188062 0.000600402 0.000278762 -0.10598
137.334 0.530465 13.3005 -0.669852 1.69392 0.000304084 -0.0061028 0.187682 -0.982211 0.131733 -0.0299422 0.000912956 -0.000209317 -0.00205037 -0.128892 0.133471 0.0207325 0.00255791 -0.000209317 -0.00205037 -0.128892
137.776 0.518694 13.3528 -0.679155 1.68188 0.000414741 -0.00551608 0.214861 -0.976629 0.126195 -0.0269567 0.00929822 0.00121101 -0.00299994 -0.121039 0.126552 0.0277159 0.00886905 0.000925108 -0.00344162 -0.122165
138.26 0.509604 13.3965 -0.685961 1.67883 0.00045664 -0.00502506 0.240101 -0.970735 0.119045 -0.0242322 0.0170016 1.91663e-05 -0.000836649 -0.10194 0.116447 0.0339976 0.0182253 1.91663e-05 -0.000836649 -0.10194
138.724 0.508357 13.4298 -0.694537 1.68184 -0.00119327 -0.00883783 0.258039 -0.966093 0.120776 -0.0300908 -0.0043844 0.000396143 0.00615199 -0.0680768 0.118539 0.0342627 -0.00218143 0.00146819 0.0139446 -0.0703216
139.292 0.513344 13.4742 -0.709034 1.67463 0.00179428 -0.00322242 0.267067 -0.963671 0.118249 -0.0299651 0.00401733 -0.000636344 -0.00444379 0.0477253 0.116782 0.0351538 0.00481291 -0.000636344 -0.00444379 0.0477253
139.928 0.519667 13.5164 -0.719027 1.66176 0.000578611 -0.00376636 0.229812 -0.973228 0.101978 -0.0192275 0.0139478 -0.00100572 -0.000976336 0.198297 0.0997055 0.0283797 0.0147337 -0.00100572 -0.000976336 0.198297
140.408 0.522431 13.5416 -0.72291 1.66906 0.00030969 -0.00373956 0.177073 -0.98419 0.091299 -0.0156923 0.0118436 0.00157731 0.000316036 0.258636 0.0909547 0.0170907 0.0125366 0.00157731 0.000316036 0.258636
140.898 0.526436 13.5609 -0.726941 1.67251 -7.90239e-05 -0.00365323 0.119503 -0.992827 0.0807073 -0.0155015 0.00840856 -0.000147102 0.000478338 0.242142 0.0826446 0.00460225 0.0095782 -0.000150501 0.000612255 0.243575
141.396 0.531444 13.5756 -0.730533 1.6852 -0.000144426 -0.00372324 0.0633207 -0.997986 0.069666 -0.0151951 -0.00632568 -4.20846e-05 0.00115383 0.211346 0.0716355 -0.00589441 -0.00562338 -7.64994e-05 0.00117572 0.212506
141.876 0.533528 13.5888 -0.731409 1.68303 -0.000334061 -0.00369122 0.0201028 -0.999791 0.0627718 -0.0139145 -0.00634316 0.000633425 0.000327139 0.181802 0.0633255 -0.0113832 -0.00586915 0.000633425 0.000327139 0.181802
142.88 0.536912 13.6212 -0.736282 1.67622 -0.000453006 -0.00349423 -0.0518807 -0.998647 0.0512877 -0.0135788 0.00329077 -0.000566658 0.000163431 0.120061 0.0495805 -0.0188159 0.00365839 -0.000566658 0.000163431 0.120061
143.458 0.539587 13.6391 -0.739359 1.67957 -0.000422609 -0.00348202 -0.081111 -0.996699 0.04569 -0.0131739 -0.000539539 -0.000400071 -0.000124756 0.0965251 0.0429613 -0.0203886 -0.0002156 -0.000400071 -0.000124756 0.0965251
143.966 0.542473 13.658 -0.741934 1.67755 -0.00038887 -0.00338766 -0.103136 -0.994661 0.0418345 -0.0126212 -0.00344991 -0.000265651 -0.000855736 0.0783477 0.038377 -0.0209409 -0.0031636 -0.000265651 -0.000855736 0.0783477
144.464 0.545622 13.6805 -0.744939 1.67045 0.0003419 -0.00954424 -0.117009 -0.993085 0.0641633 -0.00706908 -0.0118753 -0.000397958 -0.01164 0.0334629 0.0590718 -0.02177 -0.0106005 -9.66894e-05 -0.0104073 0.0354775
145.382 0.544198 13.7541 -0.742776 1.66527 0.000384644 -0.00797414 -0.119437 -0.99281 0.0807218 -0.0025521 -0.00718945 -0.000957476 -2.91279e-05 -0.0127296 0.0777946 -0.0218953 -0.00602246 -0.00108436 -0.000121602 -0.0124573
145.908 0.539508 13.7983 -0.737241 1.66877 -0.00088775 -0.00152299 -0.109031 -0.994037 0.0588469 -0.00761358 -0.00214099 -0.00171211 0.0107349 -0.106887 0.0581844 -0.0202356 -0.00178454 -0.000389964 0.00383112 -0.0942567
146.426 0.540178 13.8322 -0.734498 1.65704 0.000171273 -0.00334497 -0.0717564 -0.997417 0.0383511 -0.0110294 0.00838632 -0.00227707 0.00139682 -0.184832 0.0371326 -0.0167027 0.00758315 -0.00239714 0.00141346 -0.184551
147.352 0.54441 13.8786 -0.730905 1.65638 0.000680383 -0.00368913 -0.00269887 -0.999989 0.0263871 -0.00712248 0.00949547 0.000660331 -0.000219236 -0.118992 0.0262775 -0.00727766 0.00967996 0.000660331 -0.000219236 -0.118992
147.912 0.547156 13.9079 -0.726238 1.65566 0.000571849 -0.00366437 0.0246039 -0.99969 0.0227987 -0.00501794 0.0113406 0.000946404 -1.13889e-05 -0.0834457 0.0232498 -0.00399808 0.011632 0.00107221 -0.000133685 -0.084923
148.416 0.54764 13.9309 -0.719689 1.66817 0.000319066 -0.00435409 0.0416167 -0.999124 0.0202631 -0.00320129 -0.0143634 0.0115044 0.0469507 -0.0677498 0.020583 -0.0014908 -0.0141869 0.0115044 0.0469507 -0.0677498
148.934 0.553505 13.9603 -0.718431 1.67147 -0.000274504 -0.00907156 0.0559788 -0.998391 0.0478992 -0.00953913 -0.0147854 -0.000609793 -0.0102875 -0.0502669 0.0489256 -0.00411815 -0.0139019 -0.000609793 -0.0102875 -0.0502669
149.484 0.573095 14.0099 -0.721017 1.66482 -2.08864e-05 -0.00856094 0.0670144 -0.997715 0.0619444 -0.0111537 -0.0236121 -0.000439447 -0.00168069 -0.031967 0.0632739 -0.00274402 -0.0225374 -0.000439447 -0.00168069 -0.031967
150.004 0.597088 14.0627 -0.722663 1.65108 -0.000233566 -0.00932293 0.0731139 -0.99728 0.0696912 -0.0106214 -0.0263985 0.000944037 -0.00127608 -0.0178071 0.0709746 -0.000320807 -0.025081 0.000944037 -0.00127608 -0.0178071
150.52 0.63119 14.1248 -0.725086 1.64042 0.000561538 -0.0102726 0.0742962 -0.997183 0.0805244 -0.00636664 0.00144026 0.00232462 -0.00307844 0.0109989 0.0805325 0.00563053 0.00309899 0.00232462 -0.00307844 0.0109989
151.2 0.688134 14.2224 -0.730312 1.60164 0.000509417 -0.0108659 0.066038 -0.997758 0.097678 -0.00390643 -0.0138688 0.000708548 -0.00278909 0.0330438 0.0970945 0.00901299 -0.0121762 0.000754291 -0.0036548 0.0322781
151.742 0.739154 14.2958 -0.734385 1.58982 9.32884e-05 -0.00684726 0.0571587 -0.998342 0.10727 -0.00286232 0.000872426 0.0100017 -0.140383 0.0398929 0.108799 0.009711 0.00264295 0.0128951 -0.139971 0.037922
152.264 0.765504 14.3594 -0.736112 1.59464 -1.16131e-05 -0.00319355 0.0428873 -0.999075 0.0514505 0.000803988 -0.00472195 0.000845891 0.0115092 0.0701124 0.0512214 0.00521128 -0.00439383 0.000845891 0.0115092 0.0701124
152.816 0.763037 14.4086 -0.740978 1.59953 0.000208651 -0.00405972 0.0200197 -0.999791 0.0360157 0.000865179 -0.0103395 -0.00058643 0.000551037 0.124857 0.0363656 0.00237131 -0.00975843 -0.000864045 0.000445211 0.121899
153.314 0.757517 14.4481 -0.744639 1.60404 -0.000193479 -0.00406866 -0.0156962 -0.999869 0.0326832 0.000763975 -0.0145177 0.000746048 -0.00146151 0.160016 0.032808 -0.000269688 -0.0142513 0.000746048 -0.00146151 0.160016
153.828 0.756192 14.4856 -0.746154 1.59387 -0.000418636 -0.00379477 -0.0551508 -0.998471 0.0310722 7.35825e-05 -0.010636 0.000113802 -0.000704481 0.151265 0.0313545 -0.00314711 -0.0113572 8.45016e-05 -0.0011366 0.152975
154.326 0.75246 14.5189 -0.749951 1.57446 -0.000465251 -0.00357144 -0.0876881 -0.996142 0.0310971 -0.00167455 0.0147523 -0.000615804 -0.000348796 0.129368 0.0302218 -0.00705842 0.0149762 -0.000615804 -0.000348796 0.129368
154.866 0.74679 14.5518 -0.754183 1.56688 -0.000415428 -0.00336429 -0.118595 -0.992937 0.0302759 -0.0027203 0.0196006 -0.000464691 -0.000625334 0.0999021 0.0286599 -0.00964835 0.0190507 -0.000474082 -0.000659787 0.101817
155.612 0.744118 14.592 -0.757758 1.56939 -0.000332769 -0.0030129 -0.149206 -0.988802 0.0302531 -0.00323241 0.0232353 -0.000997285 -0.00103395 0.0795325 0.0278156 -0.011979 0.0234173 -0.000997285 -0.00103395 0.0795325
156.12 0.74098 14.619 -0.761375 1.589 -0.000285328 -0.00278291 -0.167835 -0.985811 0.0299087 -0.00411144 0.00170295 -0.000834925 -0.00089833 0.0689873 0.0269787 -0.0136493 0.00278632 -0.000709692 -0.000773219 0.0695636
156.644 0.738597 14.641 -0.763173 1.60045 -2.35392e-05 -0.00308295 -0.184527 -0.982823 0.0285392 -0.0043211 0.0279031 -0.0157922 0.0614881 0.0646802 0.024859 -0.0143454 0.028071 -0.0157922 0.0614881 0.0646802
157.116 0.738792 14.6698 -0.758851 1.6509 0.00345325 -0.0127624 -0.198518 -0.980008 0.0812036 0.0271988 0.0883863 0.00119923 -0.0259158 0.0556023 0.0830253 -0.00669922 0.0905973 0.00119923 -0.0259158 0.0556023
157.872 0.762606 14.7476 -0.733633 1.72965 0.00328639 -0.011089 -0.216553 -0.976202 0.107758 0.0427424 0.0837939 -0.00732865 -0.00399601 0.0418707 0.112969 -0.0068069 0.0875674 -0.00608672 -0.00307096 0.0420285
158.402 0.787376 14.8103 -0.708255 1.76672 0.00394214 -0.0117518 -0.227832 -0.973622 0.11475 0.0507175 0.0923172 0.000364172 -0.000559515 0.045083 0.122425 -0.00561563 0.0949552 0.000686999 4.05165e-05 0.0450877
158.878 0.817824 14.8762 -0.675689 1.81548 0.00422913 -0.012775 -0.238016 -0.971168 0.124277 0.0586778 0.10064 0.000570249 -0.00103847 0.0415498 0.133607 -0.00568133 0.104287 0.000771524 -0.000489069 0.0420468
159.382 0.857371 14.9447 -0.634215 1.83456 0.00383805 -0.0170184 -0.246414 -0.969008 0.137925 0.067087 -0.109747 0.00778598 -0.00306995 0.0279591 0.156951 -0.00705061 -0.104331 0.00778598 -0.00306995 0.0279591
160.058 0.922202 15.0554 -0.571323 1.75339 0.00374965 -0.0168205 -0.249818 -0.968139 0.165968 0.0764346 -0.126288 0.00469427 -0.0110754 -0.00328583 0.186471 -0.0135552 -0.119922 0.00469427 -0.0110754 -0.00328583
160.878 1.00363 15.22 -0.485387 1.63156 0.0043332 -0.0186046 -0.246164 -0.96904 0.189723 0.0862189 -0.139402 0.000578296 -0.000131054 -0.0132806 0.213042 -0.0148842 -0.131351 0.000578296 -0.000131054 -0.0132806
161.668 0.937822 15.3939 -0.389052 1.51799 0.00659871 -0.0184335 -0.244947 -0.969339 0.201335 0.109288 -0.203395 0.00554616 0.0052832 0.0160241 0.236866 0.000562479 -0.194221 0.00572388 0.00430703 0.0149624
162.144 0.821153 15.5014 -0.319945 1.44874 0.00506474 -0.0154974 -0.250668 -0.967936 0.198499 0.116152 0.110315 -0.00517791 -0.0806073 0.0289983 0.230025 0.00480675 -0.0606532 -0.00443819 -0.0335032 0.0280283
162.66 0.717317 15.6036 -0.253377 1.52884 0.00399283 -0.0111814 -0.259144 -0.965766 0.159644 0.100663 0.174372 0.000574737 0.0186465 0.0460751 0.184413 0.00688227 0.1788 0.000574737 0.0186465 0.0460751
163.202 0.620354 15.6998 -0.187925 1.58836 0.0012879 -0.00644897 -0.27214 -0.962235 0.133046 0.0866169 -0.00614082 0.00963943 -0.0934892 0.0595727 0.158771 0.00409865 -0.00406362 0.00963943 -0.0934892 0.0595727
163.676 0.555778 15.7621 -0.147144 1.58719 0.000488375 -0.00343365 -0.293834 -0.95585 0.0879218 0.0557975 -0.0102376 0.00171458 0.0160804 0.145302 0.10415 -0.00323645 -0.00952076 0.00171458 0.0160804 0.145302
164.132 0.509536 15.8164 -0.117599 1.5743 0.000500487 -0.00456604 -0.330394 -0.943832 0.0735254 0.0423897 0.00287315 -0.00523998 0.000736841 0.173021 0.0838816 -0.012715 0.00365038 -0.00523998 0.000736841 0.173021
164.742 0.464744 15.8686 -0.0933356 1.57452 0.000664318 -0.00441289 -0.396385 -0.918074 0.0646398 0.0368445 0.00119592 0.000755534 -0.00138475 0.306921 0.0717476 -0.0207016 0.00216791 0.00138979 -0.0012204 0.302608
165.238 0.432811 15.9038 -0.077525 1.57203 -0.00124253 -0.00497882 -0.448033 -0.894002 0.0655657 0.0301285 0.0064194 0.00293721 0.00028741 0.10438 0.0633258 -0.0344472 0.00714321 0.00293721 0.00028741 0.10438
165.814 0.404884 15.9422 -0.0605569 1.55915 -2.58584e-05 -0.00416401 -0.429092 -0.903251 0.066313 0.0259263 0.0183947 -0.00268996 -0.000916616 -0.19483 0.0618506 -0.0349571 0.0189858 -0.00268996 -0.000916616 -0.19483
166.398 0.378016 15.9785 -0.0448312 1.54937 0.00260223 -0.00239581 -0.386605 -0.922239 0.0539556 0.0338894 0.00279375 0.00366082 -0.00203663 -0.0969064 0.0619738 -0.0147253 0.00314899 0.00366082 -0.00203663 -0.0969064
166.93 0.363272 16.0027 -0.0293306 1.54823 0.00222114 -0.00236297 -0.377205 -0.926124 0.0429347 0.0369831 0.000744283 0.00223932 -7.60312e-06 -0.00570769 0.056976 -0.00378059 0.00110057 0.00249656 -5.76221e-05 -0.00846781
167.366 0.355862 16.0179 -0.0178397 1.54747 0.00233904 -0.002162 -0.377487 -0.926009 0.0393351 0.0368349 0.000804292 -0.000154271 -0.00136122 0.00244505 0.0541742 -0.00153105 0.00116912 -0.000363685 -0.00130034 0.00252287
167.878 0.354011 16.0306 -0.00254032 1.54785 0.00252677 -0.00216334 -0.378037 -0.925785 0.0347152 0.0372396 0.00132521 -0.00047347 -0.000783208 -0.000657211 0.0509948 0.00209631 0.001472 -0.000363193 -0.000781208 -0.000487207
168.388 0.355223 16.039 0.0103469 1.56059 0.00264155 -0.00194526 -0.378024 -0.92579 0.0305896 0.0362461 0.00200062 -0.000606546 0.000276908 -0.00124408 0.0472053 0.00446823 0.00228025 -0.000606546 0.000276908 -0.00124408
168.912 0.361119 16.0421 0.0236639 1.57439 0.00279479 -0.00218402 -0.37806 -0.925774 0.0263627 0.0353162 0.000335074 -0.000356921 -0.00053299 -0.00178888 0.0435451 0.00676491 0.000627033 -0.000356921 -0.00053299 -0.00178888
169.448 0.37029 16.046 0.041184 1.58542 0.0025829 -0.00202597 -0.377831 -0.925869 0.0236651 0.0347317 0.0118293 -0.000739782 -0.000393813 -0.00116834 0.0411402 0.008219 0.0120909 -0.000739782 -0.000393813 -0.00116834
169.972 0.38081 16.0495 0.0583069 1.58443 0.00250309 -0.00190243 -0.377749 -0.925902 0.021026 0.0328498 0.00988825 -0.000956792 0.000350698 -0.0005414 0.0379504 0.00873454 0.0101219 -0.000956792 0.000350698 -0.0005414
170.45 0.388657 16.0537 0.0743378 1.58557 0.00242488 -0.00182556 -0.377795 -0.925884 0.0192285 0.0313742 0.0102546 -0.000757904 -0.000485576 -0.000448075 0.0358204 0.00884241 0.0105068 -0.000618593 -0.000513988 -0.000387438
170.928 0.400893 16.0558 0.0926859 1.58897 0.00229944 -0.0019472 -0.377788 -0.925887 0.0172568 0.0313112 0.00886324 -7.92197e-05 -0.000562419 -0.000842476 0.0341878 0.0102758 0.00907472 -7.92197e-05 -0.000562419 -0.000842476
171.424 0.41066 16.0579 0.106094 1.58953 0.00219416 -0.00189287 -0.377827 -0.925872 0.0157117 0.0283325 0.00833337 -0.00099441 9.03174e-05 -0.00101692 0.0310051 0.00922858 0.00851789 -0.00099441 9.03174e-05 -0.00101692
171.946 0.417958 16.0614 0.120226 1.56847 0.0021268 -0.00183392 -0.377736 -0.925909 0.0142249 0.0263448 0.0072244 -0.000588046 -0.000148653 -0.0006494 0.0285573 0.00885768 0.00738999 -0.000588046 -0.000148653 -0.0006494
172.46 0.428822 16.063 0.135429 1.57102 0.00208416 -0.00200324 -0.377727 -0.925912 0.0120425 0.0253806 0.000178812 -0.000272618 -0.000269773 -0.000540933 0.0263582 0.00971381 0.000340888 -0.000272618 -0.000269773 -0.000540933
172.992 0.439226 16.0664 0.148772 1.58404 -0.000294288 -0.00231017 -0.362978 -0.931795 0.0151929 0.0160767 -0.00974577 -0.00249177 0.00158144 -0.182336 0.0224694 0.00237624 -0.00849329 -0.00176816 0.00152398 -0.172826
173.604 0.44409 16.0728 0.157623 1.58382 0.00100208 -0.00192208 -0.290072 -0.957003 0.0147921 0.010484 -0.0139889 -0.00320331 -0.000575036 -0.303399 0.0181829 0.000518298 -0.0139111 -0.00320331 -0.000575036 -0.303399
174.24 0.444642 16.0834 0.166392 1.58432 0.001379 -0.00167636 -0.205673 -0.978618 0.00990949 0.0118576 -0.00126498 0.000606608 -0.000857661 -0.250732 0.0139069 0.00649896 -0.000948472 0.000410193 -0.000619709 -0.2524
174.774 0.448217 16.091 0.174064 1.5881 0.00119615 -0.00146712 -0.15025 -0.988646 0.00589052 0.0122751 -0.00174716 0.000188116 -0.000104852 -0.195338 0.00958283 0.0099154 -0.00157982 0.000201147 -9.58212e-05 -0.19754
175.302 0.449542 16.0979 0.179826 1.59032 0.00106369 -0.00139147 -0.104879 -0.994483 0.00195199 0.011472 -0.00297366 0.00120593 0.000189207 -0.14797 0.00431098 0.0108178 -0.00294105 0.00120593 0.000189207 -0.14797
175.798 0.450356 16.1043 0.184348 1.58949 0.000936161 -0.00136813 -0.0732384 -0.997313 4.25595e-05 0.0105791 -0.00245133 0.000815714 -0.00113613 -0.128489 0.00159453 0.0104635 -0.00242933 0.000815714 -0.00113613 -0.128489
176.27 0.450314 16.1103 0.188789 1.57081 0.000739042 -0.0012586 -0.0435208 -0.999052 -0.00259216 0.010026 0.000676468 0.000925954 0.000235587 -0.116616 -0.00132283 0.0102472 -0.000475817 0.000944809 0.000126506 -0.117711
176.79 0.452506 16.1151 0.194342 1.55668 0.000518607 -0.00131929 -0.016084 -0.99987 -0.00462601 0.0100925 0.00730789 0.000949291 -0.00102824 -0.100502 -0.00427032 0.0102376 0.00708421 0.00105333 -0.000766292 -0.101743
177.29 0.452826 16.1223 0.19788 1.56593 0.00033935 -0.00116903 0.00588244 -0.999982 -0.00549336 0.00944938 0.00578863 0.000660951 -0.000924222 -0.0875949 -0.00559714 0.00946837 0.00605622 0.000629343 -0.00109861 -0.0886771
177.816 0.451892 16.1301 0.20038 1.57612 0.000155341 -0.00100648 0.0264918 -0.999649 -0.00684374 0.00911776 0.00250195 0.00114522 -0.000792821 -0.07484 -0.00732206 0.00874157 0.00249046 0.00114522 -0.000792821 -0.07484
178.87 0.452679 16.1396 0.204598 1.58716 0.000369571 -0.00419738 0.0610425 -0.998126 -0.0029635 0.0101986 -0.00734143 -0.00192492 0.0102172 -0.0514832 -0.00412291 0.00977061 -0.00736384 -0.00192492 0.0102172 -0.0514832
179.364 0.446026 16.152 0.20012 1.59535 0.000292412 -0.00348406 0.0708132 -0.997483 0.0112659 0.00987982 -0.00804496 0.000847367 -0.00170433 -0.0272764 0.00981244 0.0113809 -0.0079651 0.000847367 -0.00170433 -0.0272764
180.364 0.426981 16.1847 0.19411 1.58941 -0.000113562 -0.00291546 0.0826339 -0.996576 0.0162043 0.00842087 -0.00666267 -0.00028265 3.57929e-05 -0.0300765 0.0146047 0.0110494 -0.0067692 -3.47089e-05 0.00021199 -0.0294249
180.892 0.418671 16.2007 0.189906 1.58485 1.23563e-05 -0.00227113 0.0908029 -0.995866 0.0138607 0.00797715 -0.00349454 -0.000337172 0.00153339 -0.0304161 0.012205 0.0103539 -0.00343487 -0.000337172 0.00153339 -0.0304161
181.848 0.405003 16.2249 0.184082 1.6067 0.00115273 -0.00140041 0.0976601 -0.995218 0.00681695 0.0173178 0.0062446 0.00071838 -0.000541572 0.00207642 0.00330449 0.0182965 0.00630009 0.00071838 -0.000541572 0.00207642
182.392 0.401953 16.2353 0.184271 1.60559 0.00140875 -0.00135031 0.0974232 -0.995241 0.00581063 0.0187562 -0.00265775 7.34338e-05 -0.00033006 0.00399575 0.00206946 0.019535 -0.00259285 7.34338e-05 -0.00033006 0.00399575
182.88 0.399625 16.2439 0.18511 1.60784 0.00149008 -0.00126923 0.0969444 -0.995288 0.00577056 0.0191032 -0.00246945 -1.78189e-05 -0.000219625 0.00334152 0.00198108 0.0198655 -0.00240122 -1.78189e-05 -0.000219625 0.00334152
183.408 0.399164 16.2502 0.186157 1.61543 0.00159531 -0.00126786 0.0966383 -0.995317 0.0049979 0.0186168 -0.00252771 -0.000650758 -2.91182e-05 0.00224786 0.00132872 0.019239 -0.00245897 -0.000650758 -2.91182e-05 0.00224786
183.98 0.398814 16.2549 0.188264 1.62121 0.00173855 -0.00124458 0.096474 -0.995333 0.00454692 0.0181315 -0.00279275 -0.000203083 -8.44212e-05 0.00233178 0.000986071 0.0186774 -0.00272154 -0.000203083 -8.44212e-05 0.00233178
184.526 0.401634 16.2631 0.192975 1.62295 0.00181905 -0.00129308 0.096338 -0.995346 0.00659691 0.0179159 -0.00275979 -0.000342924 -0.00158053 0.00163041 0.00304457 0.0188591 -0.00268006 -0.000342924 -0.00158053 0.00163041
185.072 0.403785 16.2719 0.197209 1.62829 0.00189154 -0.00110281 0.0962349 -0.995356 0.00747863 0.0168494 -0.00299532 -0.000580024 -0.000230729 0.00173951 0.00414914 0.0179941 -0.00290936 -0.000596589 -0.000324847 0.00176234
185.634 0.410371 16.2769 0.205904 1.62728 0.00187743 -0.00110942 0.0961311 -0.995366 0.00692783 0.0172633 -0.00326821 -0.000240903 -0.000218405 0.00173069 0.00352106 0.0183016 -0.00319769 -0.000197661 -0.000166924 0.00175368
186.156 0.418416 16.2819 0.214973 1.62094 0.00179876 -0.00106369 0.0960357 -0.995376 0.00690019 0.0170286 -0.00297272 -0.000394982 -0.000497052 0.00119286 0.00348853 0.0180495 -0.00287882 -0.000428004 -0.000514289 0.00118741
187.148 0.436817 16.2923 0.232902 1.60602 0.00171734 -0.000916476 0.095978 -0.995382 0.00736525 0.0163113 -0.00168347 -0.000371719 -0.000364471 0.00133919 0.00411542 0.017424 -0.0016147 -0.000371719 -0.000364471 0.00133919
187.682 0.442611 16.2986 0.23884 1.59616 0.000288693 -0.000720272 0.0998673 -0.995 0.00660542 0.00775172 0.00308766 -0.00204897 -0.000979377 -0.0374053 0.00498573 0.0094459 0.00288792 -0.00206317 -0.00119508 -0.0337311
188.612 0.44979 16.3048 0.246867 1.5862 0.000707901 -0.0010603 0.12441 -0.99223 0.00720566 0.00390191 0.00106824 -0.00111541 -0.00726161 -0.0624365 0.00599121 0.00555347 0.000880189 -0.00133373 -0.00737438 -0.0624195
189.64 0.452634 16.3104 0.249644 1.58699 0.000447041 -0.00238639 0.152801 -0.988254 0.0152431 -0.000441526 -0.00632376 0.00043128 -0.000708104 -0.0507287 0.0146935 0.00419287 -0.00624978 0.00043128 -0.000708104 -0.0507287
190.14 0.453014 16.3179 0.250421 1.59042 0.000326145 -0.0025237 0.164656 -0.986348 0.0173782 -0.000799184 -0.00698471 0.000553822 -0.000421712 -0.043662 0.0167293 0.00489914 -0.00689609 0.000553822 -0.000421712 -0.043662
190.686 0.453166 16.3305 0.251948 1.5908 0.000321431 -0.0025637 0.174476 -0.984658 0.0196676 -0.000188575 -0.00666787 0.000587972 0.000380341 -0.0309393 0.0185676 0.0065908 -0.00656623 0.000587972 0.000380341 -0.0309393
191.152 0.455482 16.3402 0.253533 1.59199 7.3873e-05 -0.00264053 0.180526 -0.983567 0.0197671 0.000294116 -0.00837598 0.000945361 0.00053563 -0.0190591 0.0185004 0.00738444 -0.00793426 0.00121759 0.000383449 -0.0193238
191.69 0.453144 16.3497 0.252051 1.57218 -6.51821e-05 -0.00286172 0.185688 -0.982605 0.0194477 -0.000861018 -0.00593275 0.00119511 -5.57227e-05 -0.0203316 0.018454 0.00630068 -0.00582273 0.00119511 -5.57227e-05 -0.0203316
192.2 0.449126 16.3615 0.248146 1.55948 -6.60234e-05 -0.0028353 0.192055 -0.98138 0.0195369 -0.00214146 -0.00546757 -5.64733e-05 0.000254343 -0.0268098 0.0189332 0.00538637 -0.00535665 -5.64733e-05 0.000254343 -0.0268098
192.742 0.446112 16.3771 0.244507 1.55959 -5.09626e-05 -0.00279301 0.199129 -0.979969 0.0200224 -0.00192865 0.00167356 -0.000322067 0.000952163 -0.024043 0.0191777 0.00603694 0.00178507 -0.000322067 0.000952163 -0.024043
193.244 0.442219 16.3879 0.239601 1.56478 -6.65986e-06 -0.00288975 0.203635 -0.979043 0.0192978 -0.00175652 -0.00189773 0.000511658 0.000605268 -0.0120753 0.0183321 0.00604792 -0.00177986 0.000469298 0.000664768 -0.0131216
193.774 0.437363 16.4048 0.232502 1.56577 -9.32743e-05 -0.00270186 0.205887 -0.978572 0.0200439 -0.00232212 -0.00178377 0.00141462 -0.000755289 -0.00587327 0.0192074 0.00615948 -0.00167017 0.00134823 -0.000708721 -0.00581316
194.296 0.430782 16.4187 0.224496 1.56198 -5.02054e-05 -0.00250189 0.208247 -0.978073 0.0190238 -0.00365284 -0.00150485 -0.00019861 0.000236946 -0.0117347 0.018869 0.00441497 -0.00140796 -0.00019861 0.000236946 -0.0117347
194.75 0.427131 16.4329 0.219475 1.55496 1.11865e-05 -0.00228595 0.21129 -0.977421 0.0185425 -0.00277012 -0.00157672 -0.000327548 0.000542538 -0.0111232 0.0180379 0.00513755 -0.00149114 -0.000327548 0.000542538 -0.0111232
195.354 0.423357 16.4501 0.212111 1.55803 6.32479e-05 -0.00213764 0.212533 -0.977152 0.0185451 -0.0025281 -0.00078158 0.000212475 8.8397e-05 0.00293803 0.0179229 0.00540387 -0.000701616 0.000212475 8.8397e-05 0.00293803
195.85 0.416628 16.4625 0.207572 1.56391 -5.87018e-06 -0.00198431 0.211391 -0.9774 0.0178619 -0.002286 -6.03851e-05 0.000123284 0.000514835 0.00785396 0.0172103 0.00529937 1.08e-05 0.000123284 0.000514835 0.00785396
196.364 0.413909 16.4731 0.205868 1.56768 0.00144952 -0.000640691 0.210119 -0.977675 0.013929 0.00501427 0.00218887 0.00202713 0.00306085 0.00382285 0.0106375 0.0102875 0.00222766 0.00202713 0.00306085 0.00382285
196.962 0.416432 16.4803 0.205164 1.54759 0.00124581 -0.000990897 0.209695 -0.977766 0.0100159 0.00932636 0.00159576 -0.000163789 0.000445294 0.000544242 0.00530834 0.0126087 0.00163924 -0.000163789 0.000445294 0.000544242
197.482 0.421425 16.4849 0.20618 1.53019 0.00124317 -0.000999143 0.209725 -0.977759 0.00910579 0.0100979 0.00184992 -0.000219148 -0.000232289 0.00072505 0.00416072 0.0129387 0.00189276 -0.000219148 -0.000232289 0.00072505
198.056 0.426782 16.4892 0.209035 1.53018 -0.000108257 -0.00211025 0.209484 -0.97781 0.0123642 0.00193202 -0.000959377 -0.0019348 -0.00328262 0.0031149 0.0100885 0.00730531 -0.000960915 -0.00193438 -0.00340712 0.0028862
198.618 0.421426 16.4949 0.204781 1.53825 0.000191314 -0.00205509 0.208617 -0.977995 0.0146064 -0.00409178 -0.000472789 -0.000575586 -0.00128268 0.0028094 0.0150064 0.00222511 -0.000410928 -0.000575586 -0.00128268 0.0028094
199.188 0.41835 16.5024 0.200802 1.53687 0.000372842 -0.00170631 0.209201 -0.977871 0.0145109 -0.0055559 -9.73777e-05 -0.000199916 0.000634316 -0.00401827 0.0155141 0.000867575 -4.67739e-05 -0.000199916 0.000634316 -0.00401827
199.714 0.41361 16.5076 0.200495 1.55139 0.00187579 -0.000410815 0.210211 -0.977654 0.00928503 0.00203307 0.000196415 0.00146176 0.00337273 -0.00220717 0.00762879 0.00566901 0.0002183 0.00146176 0.00337273 -0.00220717
200.276 0.414305 16.5109 0.204159 1.55972 0.00166256 -0.000727362 0.210576 -0.977576 0.00655958 0.00700529 0.000391263 5.69051e-05 5.12345e-05 0.000653846 0.0032046 0.00906381 0.000271944 0.000145818 6.93851e-05 0.000576757
200.81 0.41597 16.5157 0.208484 1.5694 0.00167199 -0.000670486 0.21067 -0.977556 0.0065574 0.00807827 0.00244579 7.59243e-05 -0.000587705 0.00143024 0.00265633 0.0100098 0.00248489 6.84402e-05 -0.000595971 0.00138404
201.8 0.42524 16.52 0.221869 1.58838 0.00174388 -0.000613561 0.210396 -0.977614 0.00518243 0.00914138 0.00210331 -0.000147334 -0.000417297 0.000509397 0.000962092 0.0104562 0.00214213 -0.000147334 -0.000417297 0.000509397
202.32 0.43159 16.5247 0.228629 1.59257 0.000224413 -0.00196888 0.211159 -0.97745 0.010525 0.00118464 -0.000717244 -0.001575 -0.0044918 -0.00763518 0.0091 0.00542456 -0.000676196 -0.001575 -0.0044918 -0.00763518
202.822 0.435928 16.5304 0.233389 1.59702 0.000462236 -0.00182731 0.213707 -0.976896 0.013973 -0.00324609 -0.00322052 0.000271768 -0.00132591 -0.0122137 0.0138934 0.00307824 -0.00264323 4.15917e-05 -0.00116646 -0.0117455
203.914 0.444066 16.5449 0.242922 1.60671 0.000350151 -0.00182566 0.223544 -0.974692 0.0163148 -0.00432475 -0.00569414 0.000828507 -0.000112798 -0.0205974 0.0165881 0.00322554 -0.00563291 0.000828507 -0.000112798 -0.0205974
204.45 0.445553 16.5515 0.243131 1.59647 0.000279432 -0.00218178 0.229275 -0.973359 0.0173636 -0.00591764 -0.00721996 -2.96789e-06 -0.000269658 -0.0233685 0.0182089 0.00246558 -0.00714122 -2.96789e-06 -0.000269658 -0.0233685
205.022 0.446862 16.559 0.243603 1.59498 0.000192201 -0.00220138 0.235989 -0.971753 0.0179327 -0.00633911 -0.00546695 -5.12308e-05 0.000607304 -0.0239066 0.018947 0.00262546 -0.00559154 3.72863e-05 0.000327882 -0.0237742
205.55 0.448225 16.5662 0.245594 1.60346 4.78814e-05 -0.00235206 0.241931 -0.970291 0.0182303 -0.00573277 -0.00609168 0.000284894 7.523e-05 -0.023693 0.0188152 0.00350471 -0.00600199 0.000284894 7.523e-05 -0.023693
206.536 0.447049 16.5863 0.242991 1.60498 -8.88428e-05 -0.00245389 0.252264 -0.967655 0.0203146 -0.00629784 0.000593617 -0.000557667 0.000612667 -0.0192302 0.0208007 0.00442085 0.000698054 -0.000557667 0.000612667 -0.0192302
207.074 0.443586 16.5962 0.239068 1.60435 -8.41319e-05 -0.002472 0.256555 -0.966527 0.0204413 -0.00650677 0.000742913 0.000379821 0.000675613 -0.0150048 0.0209735 0.0044865 0.000849012 0.000379821 0.000675613 -0.0150048
207.616 0.441308 16.6103 0.234824 1.60003 -0.000138484 -0.00233233 0.260267 -0.965534 0.0213459 -0.00619676 -0.00156618 2.14467e-05 0.000474346 -0.011657 0.0215754 0.00537256 -0.00146238 2.14467e-05 0.000474346 -0.011657
208.154 0.440487 16.6209 0.231291 1.5929 -0.000198815 -0.00239503 0.26248 -0.964935 0.0202442 -0.00540891 -0.000953446 0.000244814 0.00117339 -0.00537943 0.0202128 0.00562132 -0.000972467 0.000201255 0.00132771 -0.00569232
208.696 0.436341 16.632 0.225947 1.59717 -0.000221366 -0.00235352 0.263483 -0.964661 0.020592 -0.0058154 -0.0056891 0.00014119 -0.000306934 -0.0029614 0.0207154 0.00546453 -0.00558824 0.00014119 -0.000306934 -0.0029614
209.266 0.432088 16.643 0.220129 1.60673 -0.000226385 -0.00223677 0.264186 -0.964469 0.0195408 -0.00561044 -0.00408752 7.78687e-05 0.000636432 -0.00114043 0.0196902 0.00513374 -0.00399642 7.78687e-05 0.000636432 -0.00114043
210.286 0.425327 16.6582 0.209885 1.60852 -0.000259221 -0.00226789 0.264862 -0.964284 0.0169591 -0.00542964 -0.00416129 -9.97472e-06 2.17796e-06 -0.00222345 0.0173718 0.0039979 -0.00408017 -9.97472e-06 2.17796e-06 -0.00222345
210.86 0.419858 16.6678 0.200997 1.60868 -0.000170338 -0.00203836 0.26579 -0.964029 0.0157342 -0.00582554 -0.00316585 -0.000465472 9.41161e-05 -0.00329 0.0164882 0.00307587 -0.00309019 -0.000546571 0.000372635 -0.00330219
211.9 0.413761 16.6761 0.194357 1.60467 0.00109929 -0.00136176 0.266492 -0.963836 0.00865615 0.00694596 0.00370642 0.000323014 0.000406055 -6.70906e-05 0.00385086 0.0103955 0.00374387 0.000323014 0.000406055 -6.70906e-05
212.402 0.415054 16.6807 0.193918 1.59688 0.00122809 -0.00136028 0.266533 -0.963824 0.00806121 0.00855675 0.004467 6.25671e-05 6.99984e-05 0.000395091 0.00251072 0.0114688 0.00450744 6.25671e-05 6.99984e-05 0.000395091
212.934 0.419883 16.6869 0.196019 1.58969 0.00122489 -0.00133732 0.266518 -0.963828 0.00843395 0.00941115 0.00223432 -4.12185e-05 -0.000571806 0.000746096 0.00239641 0.0124002 0.00227707 -4.12185e-05 -0.000571806 0.000746096
213.488 0.423469 16.6941 0.197876 1.58804 0.00123085 -0.00125703 0.266449 -0.963848 0.00829405 0.00895417 0.00213875 -0.000584766 -0.000364707 0.000233166 0.0025134 0.0119363 0.00217952 -0.000584766 -0.000364707 0.000233166
213.958 0.425653 16.6987 0.197596 1.59095 -0.00018869 -0.0023686 0.266188 -0.963918 0.00953819 0.00193888 -0.00226641 -0.00221782 -0.00175712 0.00407653 0.00720202 0.00656084 -0.00222694 -0.00221782 -0.00175712 0.00407653
214.456 0.42416 16.7038 0.195028 1.59526 0.000177833 -0.00214846 0.264941 -0.964262 0.0109706 -0.00378559 -0.00451472 -0.000183902 -0.000734103 0.00614764 0.0113829 0.00235789 -0.00446518 -0.000183902 -0.000734103 0.00614764
214.98 0.425288 16.7137 0.193704 1.59831 0.000214439 -0.00192741 0.264584 -0.964361 0.0122427 -0.0050095 -0.00434478 0.000250692 -0.000201406 -0.00205922 0.0131163 0.00195928 -0.00430952 0.000189254 -0.000263363 -0.00155713
216.046 0.42861 16.7332 0.190226 1.60089 0.000178498 -0.00192684 0.267349 -0.963598 0.0131263 -0.00546001 -0.00366507 0.00107168 -8.59327e-06 -0.00709486 0.0141428 0.00194844 -0.00412817 0.000874511 -0.000111394 -0.0064341
216.668 0.430993 16.7418 0.189029 1.60198 7.85742e-05 -0.00208998 0.270169 -0.962811 0.0131602 -0.00556868 -0.00435008 0.000219347 0.000247839 -0.0130767 0.0141533 0.0020963 -0.00429107 0.000219347 0.000247839 -0.0130767
217.19 0.43305 16.7498 0.187297 1.59856 1.45569e-05 -0.00221086 0.2733 -0.961926 0.0136497 -0.00577814 -0.00472856 5.00254e-05 -3.57975e-05 -0.0138362 0.0146437 0.00225405 -0.00463948 9.22003e-05 -0.000160832 -0.0138453
218.226 0.435294 16.766 0.18199 1.59998 -6.85589e-05 -0.00234158 0.279204 -0.960229 0.014472 -0.00633906 -0.00433156 0.000391052 -0.000279418 -0.012961 0.0154839 0.00238006 -0.00425015 0.000407957 -0.00031825 -0.0129301
218.736 0.437364 16.7781 0.178395 1.5982 -0.000154081 -0.00235627 0.281952 -0.959426 0.0161911 -0.00656322 -0.00540028 0.000463215 -0.000377827 -0.0121955 0.0171924 0.00324565 -0.00531776 0.000463215 -0.000377827 -0.0121955
219.342 0.440374 16.7898 0.173954 1.59138 -0.000247784 -0.00243491 0.285059 -0.958507 0.0162634 -0.00697773 -0.00516902 0.000926339 7.86695e-05 -0.0105766 0.017458 0.00304832 -0.00508234 0.000926339 7.86695e-05 -0.0105766
220.394 0.444645 16.8128 0.161273 1.56692 -0.000143345 -0.00255402 0.292714 -0.956197 0.0180533 -0.00879188 -0.00485857 -0.00194328 -0.000184152 -0.0137339 0.0199051 0.00282659 -0.00475628 -0.00194328 -0.000184152 -0.0137339
220.918 0.446169 16.8238 0.155875 1.56573 -0.000216707 -0.00281588 0.292893 -0.956141 0.0192429 -0.00807691 -0.00631518 0.000750189 -0.000297273 0.0100531 0.0204997 0.0040945 -0.00619724 0.000750189 -0.000297273 0.0100531
221.474 0.447976 16.8366 0.149398 1.56864 -0.000387492 -0.00281236 0.289392 -0.957206 0.0200676 -0.00885143 -0.00619668 0.000457896 0.000235814 0.0144056 0.0216447 0.00375449 -0.00607206 0.000457896 0.000235814 0.0144056
222.06 0.450937 16.8523 0.142155 1.57204 -0.000492013 -0.00284659 0.286593 -0.958048 0.0215324 -0.00991361 -0.0066283 0.000752002 -6.68651e-05 0.00779034 0.0234043 0.00358543 -0.00637422 0.000858615 -6.97741e-05 0.00847069
223.198 0.457292 16.882 0.12571 1.57087 -0.000547239 -0.0030309 0.286666 -0.958026 0.0227818 -0.0115181 -0.00622182 -0.000760426 -1.65298e-06 -0.00219408 0.0253193 0.0029455 -0.00604111 -0.000630787 0.000139268 -0.00236376
223.75 0.459647 16.8977 0.111899 1.56022 -0.000512325 -0.00324257 0.286534 -0.958065 0.0248498 -0.0140726 -0.00639205 -0.000191845 -0.000994454 0.00252119 0.0284088 0.00197058 -0.006243 -5.70592e-05 -0.000991207 0.00224963
224.26 0.463258 16.9105 0.102122 1.55157 -0.000578132 -0.00332094 0.28588 -0.95826 0.025599 -0.0147499 -0.00705555 0.000236295 0.000410088 0.00370664 0.0295427 0.00169236 -0.00685658 0.000236295 0.000410088 0.00370664
224.72 0.463441 16.9215 0.0899564 1.54882 -0.000524619 -0.00351469 0.285278 -0.958438 0.0259226 -0.0172218 -0.00744653 -0.000808302 -0.000162978 0.00122643 0.0311726 -0.000235464 -0.0072276 -0.000808302 -0.000162978 0.00122643
225.262 0.464457 16.9372 0.0748749 1.55128 -0.000425539 -0.00343595 0.285206 -0.95846 0.0269569 -0.0191625 -0.00865164 -0.000231654 -0.000199594 -0.00234643 0.0331063 -0.00129726 -0.00842724 -0.000231654 -0.000199594 -0.00234643
225.79 0.469574 16.9555 0.0617238 1.55329 -0.000403678 -0.00342198 0.285992 -0.958226 0.0285261 -0.0199075 -0.00951761 0.000422021 -6.47758e-05 -0.00250599 0.0348347 -0.00100477 -0.00928253 0.000422021 -6.47758e-05 -0.00250599
226.856 0.489322 16.9889 0.0426348 1.52712 -0.000563951 -0.00376243 0.287222 -0.957857 0.0293031 -0.0199305 -0.00972216 0.000128767 0.000469548 -0.00326638 0.0355071 -0.000507865 -0.00945555 0.000128767 0.000469548 -0.00326638
227.368 0.501685 17.0093 0.03224 1.51288 -0.000825625 -0.0045268 0.288071 -0.957598 0.034296 -0.0224485 -0.0122292 0.000695052 -0.00225126 -0.00404272 0.0410993 0.000211637 -0.0118536 0.000695052 -0.00225126 -0.00404272
227.918 0.519476 17.0352 0.0194378 1.51047 -0.000726936 -0.00401821 0.288898 -0.957351 0.0399122 -0.0255574 -0.00113805 -0.00163984 -0.0453197 -0.00306589 0.0474076 0.000788487 -0.00508115 -0.000823543 -0.0327929 -0.00371648
228.532 0.533993 17.0573 0.00704427 1.50385 4.99127e-06 -0.00359956 0.281628 -0.959517 0.0217873 -0.0119696 -0.020121 -0.00766653 0.0541997 0.0503673 0.0243956 0.00175432 -0.0183233 -0.00879271 0.0540236 0.0491974
229.648 0.564165 17.0963 -0.0177518 1.48128 0.000340282 -0.00129653 0.244363 -0.969683 0.0224372 -0.0121982 0.00196148 0.0011694 0.00594703 0.11245 0.0263343 -2.31755e-05 0.00206083 0.00100241 0.0076577 0.109788
230.168 0.575608 17.1095 -0.0215384 1.48173 2.32074e-05 -0.00161703 0.215769 -0.976443 0.0167638 -0.00984477 0.00350968 0.000306977 -0.000198278 0.115325 0.0196024 -0.00165641 0.00394188 0.000462082 -5.8321e-05 0.11653
230.718 0.587926 17.1249 -0.0251169 1.4834 4.60778e-05 -0.0025482 0.18958 -0.981862 0.01598 -0.00981378 -0.0180872 -0.0129908 0.0646833 0.094949 0.0185748 -0.00314016 -0.0179981 -0.0129908 0.0646833 0.094949
231.226 0.604662 17.1443 -0.0300858 1.46444 -0.000491741 -0.0079915 0.17119 -0.985206 0.0535281 -0.0197459 -0.0282743 -0.000310818 -0.0121267 0.0542473 0.0557537 -0.000452899 -0.027251 -4.95379e-05 -0.013797 0.0567543
231.776 0.63978 17.1794 -0.0391053 1.43686 -0.00037718 -0.00774967 0.160104 -0.98707 0.0721989 -0.0239275 -0.0304992 -0.000169204 -0.00219118 0.0348383 0.0757644 8.41366e-05 -0.0293569 -0.000210127 -0.00215144 0.0353028
232.366 0.680928 17.2234 -0.0511019 1.42869 -0.00120164 -0.00952906 0.153078 -0.988168 0.0892711 -0.0314325 -0.0126155 -0.00111367 -0.0046243 0.0130171 0.094822 -0.00294302 -0.0107985 -0.00111367 -0.0046243 0.0130171
232.92 0.723841 17.2816 -0.0651686 1.42438 -0.00228031 -0.00991165 0.151518 -0.988402 0.105894 -0.0379728 -0.0488237 0.00927704 -0.0137381 -0.00560335 0.112921 -0.00398467 -0.0464772 0.0112679 -0.0144983 -0.00423777
233.428 0.779407 17.3347 -0.0801169 1.39533 -0.00252702 -0.0113699 0.156171 -0.987661 0.112426 -0.0463348 -0.0550414 -0.00116596 -0.000687127 -0.0315318 0.122483 -0.00946497 -0.0521943 -0.00116596 -0.000687127 -0.0315318
234.046 0.845477 17.408 -0.104583 1.37779 -0.00289425 -0.01384 0.16516 -0.986165 0.132669 -0.0561063 -0.0314123 -0.000321742 -0.00403413 -0.0335758 0.14454 -0.00985244 -0.0273283 -0.000321742 -0.00403413 -0.0335758
234.528 0.922699 17.488 -0.13546 1.35336 -0.00360805 -0.0161394 0.172581 -0.984856 0.155069 -0.0666043 -0.0540193 0.00631799 -0.0109809 -0.0279454 0.168656 -0.00992447 -0.0471548 0.00687344 -0.00869611 -0.0279657
235.142 1.02166 17.5928 -0.177165 1.30835 -0.00429535 -0.0184496 0.180577 -0.983378 0.180804 -0.0813583 -0.0624843 -0.000372246 -0.00510957 -0.029575 0.198523 -0.0119327 -0.0549661 -0.000629534 -0.00520733 -0.0296583
235.746 1.08055 17.7159 -0.227072 1.26975 -0.00539855 -0.0220675 0.188679 -0.981776 0.213892 -0.0977887 -0.0563016 0.000142398 -0.00637443 -0.0264555 0.235286 -0.0117883 -0.0456138 -2.24526e-05 -0.00640164 -0.0266517
236.246 0.997765 17.8365 -0.277687 1.24667 -0.00585194 -0.0243784 0.194366 -0.980609 0.239553 -0.110496 -0.070261 -0.0103332 0.00300517 -0.0242725 0.266777 -0.0108963 -0.056949 -0.0103332 0.00300517 -0.0242725
237.48 0.702425 18.167 -0.416757 1.1666 0.000609867 0.00522957 0.202897 -0.979186 0.174848 -0.0740427 0.00659016 0.00115984 0.0310918 -0.0582381 0.189931 0.00153598 0.00459681 0.00115984 0.0310918 -0.0582381
238.86 0.571066 18.3435 -0.495494 1.17639 -0.00140652 -0.00436132 0.274769 -0.961499 0.0725873 -0.0316531 -0.000608177 0.00591306 -9.4588e-05 -0.202014 0.0783542 0.011481 0.000105995 0.00591306 -9.4588e-05 -0.202014
240.192 0.532595 18.428 -0.547618 1.17624 0.000251519 -0.00418349 0.489851 -0.871796 0.0529887 -0.025286 -0.00360396 -0.000540902 -0.0011123 -0.428561 0.0491794 0.0321228 -0.00311171 -0.000540902 -0.0011123 -0.428561
241.284 0.514223 18.4838 -0.576675 1.16621 0.000818458 -0.00405784 0.639971 -0.768388 0.0488149 -0.0132139 0.00836577 0.00123721 0.00105225 -0.262117 0.0217802 0.0455648 0.00877304 0.00123721 0.00105225 -0.262117
241.834 0.506734 18.5108 -0.589387 1.17559 0.000641852 -0.00381384 0.682636 -0.730749 0.0482108 -0.0105091 0.000809041 0.000369561 -0.000207303 -0.193981 0.0137586 0.0473785 0.00116485 0.000369561 -0.000207303 -0.193981
242.38 0.502434 18.5379 -0.603865 1.17599 0.00131207 -0.00479381 0.682636 -0.730742 0.0544193 -0.00890254 -0.0015421 0.00713849 -0.000115031 0.208825 0.0125888 0.0536989 -0.00102208 0.00713849 -0.000115031 0.208825
242.962 0.498227 18.5672 -0.619011 1.1689 -0.000529852 -0.00305707 0.632148 -0.774842 0.0463437 -0.00801713 0.00340482 0.000448297 -0.000114825 0.197289 0.0171312 0.0446542 0.00360908 0.000931911 -0.000165157 0.202314
243.532 0.499919 18.5911 -0.635708 1.16554 -0.00027277 -0.00313941 0.60233 -0.798241 0.0398085 -0.00791761 0.00849228 -0.00231445 -0.000387174 0.110527 0.0184511 0.0364366 0.00799522 -0.0013778 -0.000706964 0.111977
244.07 0.506102 18.6085 -0.651639 1.17722 0.000674787 -0.00397314 0.550524 -0.834809 0.0421843 -0.00527465 -0.00339664 0.00422545 -0.00150823 0.375617 0.0214811 0.0367154 -0.00306822 0.00422545 -0.00150823 0.375617
244.678 0.513497 18.6263 -0.667549 1.18238 -0.000677879 -0.00282218 0.454444 -0.890771 0.0358531 -0.00628779 -0.0101549 0.00129316 -0.00093349 0.367066 0.0261918 0.0253503 -0.00997288 0.00129316 -0.00093349 0.367066
245.82 0.528391 18.6568 -0.697531 1.15742 -0.000327273 -0.00259654 0.305208 -0.952282 0.0263193 -0.0103131 0.0120304 -0.00012081 -0.000911909 0.277587 0.0273485 0.00689585 0.0121779 -0.00012081 -0.000911909 0.277587
246.374 0.538277 18.6684 -0.712244 1.14493 -0.00157756 -0.00509983 0.23659 -0.971595 0.0248197 -0.0143701 -0.00612061 0.0118301 0.0599359 0.22649 0.0265971 1.64904e-05 0.00112675 0.00472875 0.0450837 0.251472
246.944 0.551568 18.6856 -0.731399 1.1342 -0.00250423 -0.00630847 0.210597 -0.977549 0.0460511 -0.0394616 -0.00715925 -0.0085354 -0.00508034 -0.00132615 0.0583051 -0.0170143 -0.00634113 -0.0085354 -0.00508034 -0.00132615
247.504 0.567519 18.7121 -0.755364 1.13538 -0.000614733 -0.00701624 0.219926 -0.975491 0.0582614 -0.0443096 -0.00117573 -0.0147514 -0.00375704 -0.0418693 0.0716477 -0.0150223 -0.000203966 -0.0147514 -0.00375704 -0.0418693
248.126 0.581885 18.7571 -0.777485 1.14752 -0.000218567 -0.00712832 0.222383 -0.974933 0.0718139 -0.0397121 0.00637891 0.000787341 -0.00193446 0.0188172 0.0818341 -0.00466171 0.00751227 0.000787341 -0.00193446 0.0188172
248.712 0.594597 18.8024 -0.794865 1.16559 -0.00040981 -0.00767306 0.214465 -0.976702 0.077906 -0.0401641 -0.00503509 -0.00410478 -0.00289349 0.0333339 0.0876325 -0.00381872 -0.00371615 -0.00410478 -0.00289349 0.0333339
249.288 0.608772 18.8514 -0.812835 1.16239 0.000419718 -0.00214964 0.202791 -0.97922 0.0776475 -0.0381234 0.00110047 0.00572605 -0.0767945 0.0507329 0.0863969 -0.00415187 0.00144247 0.00572605 -0.0767945 0.0507329
249.836 0.621565 18.8854 -0.822748 1.16509 0.000478128 -0.0016414 0.185277 -0.982685 0.0407772 -0.0253896 -0.00344527 -2.9577e-05 0.00507193 0.0790963 0.048193 -0.00862621 -0.0033505 -4.29948e-06 0.00630399 0.0785491
250.432 0.629367 18.9133 -0.827736 1.16515 0.000418809 -0.00193459 0.161392 -0.986888 0.0326501 -0.0224138 -0.00302546 -0.000584624 -1.29969e-05 0.0819658 0.0383979 -0.0107025 -0.00299189 -0.000272133 4.00993e-05 0.081742
251.01 0.635364 18.9295 -0.831278 1.16405 0.00062033 -0.00194926 0.138178 -0.990405 0.0286702 -0.0213213 -0.0020594 -0.00115596 -0.00012811 0.0980709 0.0334186 -0.0126564 -0.00195848 -0.00115596 -0.00012811 0.0980709
251.718 0.639801 18.9435 -0.833184 1.16047 0.000691115 -0.00187476 0.100048 -0.994981 0.0259876 -0.0203954 -0.00221205 0.000833851 -0.00105345 0.109619 0.0295357 -0.0148093 -0.00213188 0.000833851 -0.00105345 0.109619
252.388 0.637836 18.9596 -0.831639 1.15975 0.000741793 -0.00159099 0.0687431 -0.997633 0.0248346 -0.0201024 0.00288698 -0.000725767 -0.000141474 0.0809278 0.0273482 -0.016511 0.00294297 -0.000725767 -0.000141474 0.0809278
253.134 0.635216 18.9717 -0.82728 1.1552 0.00148103 -0.00819939 0.0415373 -0.999102 0.0304435 -0.0180802 -0.00662884 -0.00848334 0.0952633 0.0677575 0.0319433 -0.0154675 -0.00616658 -0.00848334 0.0952633 0.0677575
253.756 0.632832 19.0014 -0.82083 1.14221 0.0010277 -0.00934641 0.0263418 -0.999609 0.0822441 -0.0158027 -0.0224192 0.0045742 0.00042049 0.0324813 0.0819842 -0.011385 -0.0198029 0.00494399 -0.000413359 0.0346249
254.472 0.62252 19.0596 -0.811102 1.13798 0.000989384 -0.00897757 0.0195786 -0.999768 0.0973343 -0.015009 -0.0190701 -0.000743492 -0.000174933 0.00986852 0.0981734 -0.0111443 -0.0173404 -0.000743492 -0.000174933 0.00986852
255.22 0.616041 19.1411 -0.798329 1.12484 -0.000499281 -0.00811792 0.016727 -0.999827 0.100976 -0.01461 -0.0231146 0.00384011 -0.00189984 -0.00700094 0.101772 -0.010731 -0.0214746 0.00738542 -0.00346178 -0.00387847
256.684 0.645193 19.2987 -0.78673 1.1025 -9.98274e-05 -0.00877408 0.0395715 -0.999178 0.1017 -0.0178668 -0.0148613 0.000291892 0.000627675 -0.0368445 0.103039 -0.00976106 -0.0130607 0.000291892 0.000627675 -0.0368445
257.422 0.67542 19.3817 -0.784823 1.10036 0.000209757 -0.0103839 0.0501738 -0.998686 0.112555 -0.0169146 0.00747016 -0.00421915 0.00321607 -0.0253996 0.113504 -0.00556108 0.0098159 -0.00421915 0.00321607 -0.0253996
258.186 0.711689 19.4769 -0.776834 1.10729 0.000547616 -0.0112052 0.0539444 -0.998481 0.12987 -0.010952 0.0141044 -0.0199482 -0.0172289 -0.00166248 0.129947 0.00306794 0.0170158 -0.0199482 -0.0172289 -0.00166248
258.86 0.758615 19.5825 -0.76837 1.1134 0.000925698 -0.0119827 0.0456589 -0.998885 0.140222 0.0025336 0.0147707 -0.0025412 -0.00470272 0.0417228 0.138436 0.014968 0.0187116 -0.00103513 -0.00374839 0.041204
259.468 0.827444 19.6786 -0.76365 1.09044 0.00102301 -0.0135444 0.0313536 -0.999416 0.15415 0.00788296 0.0203336 0.000389635 -0.00194268 0.0520194 0.152747 0.017465 0.0245187 0.000389635 -0.00194268 0.0520194
260.868 0.897982 19.8348 -0.75993 1.0884 -0.000276835 -0.00257086 -0.0155184 -0.999876 0.0611304 0.00357197 0.00319232 0.000742903 0.0010503 0.0957361 0.0611946 0.0016753 0.00350539 0.000742903 0.0010503 0.0957361
262.344 0.886579 19.9042 -0.764661 1.08731 -0.000361256 -0.00194026 -0.0782869 -0.996929 0.050964 0.00232985 0.00680675 0.000147252 -0.00144486 0.0839503 0.0506767 -0.0056468 0.00700577 0.000147252 -0.00144486 0.0839503
263.048 0.887706 19.9217 -0.77003 1.08676 -0.000415727 -0.00164721 -0.10493 -0.994478 0.0469011 0.00122704 0.00563722 -0.000391357 -1.22683e-05 0.0712963 0.0461062 -0.0085816 0.00579435 -0.000391357 -1.22683e-05 0.0712963
263.844 0.939332 19.9653 -0.767421 1.15068 0.00232203 -0.0171438 -0.12655 -0.991809 0.151172 0.0350027 0.107006 -0.00150958 -0.014198 0.0299702 0.151324 -0.00410794 0.112307 -0.00150958 -0.014198 0.0299702
264.42 0.997989 20.0475 -0.750161 1.21409 0.00383842 -0.0169047 -0.133268 -0.990929 0.187682 0.0505227 0.111986 0.000989381 -0.00511592 0.0236037 0.190379 -0.00121539 0.118626 0.000989381 -0.00511592 0.0236037
265.08 1.07275 20.1618 -0.719175 1.28584 0.00530956 -0.0194707 -0.142158 -0.989638 0.210445 0.0653251 0.0628478 -0.00427912 -0.00367549 0.0320194 0.21763 0.00311215 0.0716371 -0.00427912 -0.00367549 0.0320194
265.872 1.13371 20.3462 -0.658641 1.34335 0.00351515 -0.0236695 -0.150816 -0.988272 0.261457 0.0768106 0.0434437 -0.00124735 -0.00857151 0.00836433 0.270076 -0.00465965 0.0564307 -0.00124735 -0.00857151 0.00836433
266.612 1.1583 20.5514 -0.585077 1.35825 0.00500188 -0.0223668 -0.155196 -0.987618 0.266673 0.0929493 -0.00151057 0.00281312 -0.00439711 0.0205471 0.282102 0.00666333 0.0114222 0.00281312 -0.00439711 0.0205471
267.248 1.16939 20.7331 -0.514378 1.37012 0.00470782 -0.0217919 -0.163455 -0.986299 0.259354 0.0993491 -0.00497916 0.00197401 -0.00735125 0.0284011 0.277484 0.0103694 0.00740579 0.00197401 -0.00735125 0.0284011
268.186 1.16227 21.0098 -0.405752 1.36116 0.00304687 -0.020248 -0.173001 -0.984709 0.252361 0.0919441 0.00114003 -0.00369418 -0.00839853 0.00691618 0.268316 0.00042648 0.0121322 -0.00369418 -0.00839853 0.00691618
269.036 1.15638 21.2426 -0.313677 1.35997 0.00302974 -0.0172497 -0.176085 -0.984219 0.228919 0.0875966 -0.0095791 -0.0223604 -0.0180077 0.00723382 0.245275 0.00279168 -0.000989998 -0.0223604 -0.0180077 0.00723382
269.928 1.16684 21.4629 -0.221738 1.36029 0.00192562 -0.0151424 -0.191063 -0.981459 0.195278 0.0875924 -0.0475426 0.00968633 -0.000451531 0.0410459 0.21568 0.00887755 -0.0416803 0.0137354 0.00276871 0.0431386
270.59 1.14688 21.61 -0.167078 1.33752 0.00171258 -0.0131102 -0.198115 -0.98009 0.187914 0.0751469 -0.0875528 0.000911856 -0.0174328 0.00697897 0.204587 -0.00389625 -0.082178 0.000911856 -0.0174328 0.00697897
271.24 1.09395 21.7417 -0.119382 1.28478 0.00129562 -0.00993639 -0.198865 -0.979976 0.163676 0.063159 -0.0808629 -0.000478956 -0.00264712 -0.00306395 0.178088 -0.00565605 -0.077764 -0.000146829 -0.00216756 -0.0030025
272.03 1.03811 21.8709 -0.0729124 1.21216 0.00228948 -0.0113844 -0.19974 -0.97978 0.138658 0.053822 -0.225115 -0.0121851 0.0831765 0.00510128 0.152322 -0.00505802 -0.203471 -0.0117712 0.0862854 0.00514676
272.9 0.894124 21.9972 -0.0236626 1.07472 0.0015794 -0.00509264 -0.200558 -0.979667 0.130696 0.0587352 -0.0826058 -0.000437228 -0.0172338 -0.00222515 0.146316 0.00254583 -0.0850212 -0.000474058 -0.0180228 -0.00205955
273.704 0.847164 22.0746 0.00872498 1.04299 0.000701005 -0.00038602 -0.199924 -0.979811 0.0804964 0.039486 -0.043733 -0.000624749 -0.00856478 -0.0023659 0.0895765 0.0048463 -0.0436343 -0.000624749 -0.00856478 -0.0023659
274.406 0.823979 22.1118 0.0248714 1.0125 0.000406222 0.00204063 -0.199725 -0.97985 0.0400636 0.0237095 -0.015523 0.000966912 -0.00316177 -0.00218379 0.0480354 0.00616517 -0.0170901 0.000928151 -0.00333533 -0.00213087
275.218 0.806509 22.1137 0.0271911 1.00297 0.000409854 0.00250923 -0.199427 -0.979909 0.0130847 0.0115802 -0.00118316 -7.3167e-05 0.000583299 -0.00202622 0.0174374 0.00553061 -0.00196623 -0.000288998 0.000713932 -0.00206637
275.972 0.806392 22.0958 0.025056 1.00439 0.000348614 0.00216606 -0.199346 -0.979927 0.00202792 0.00743459 -0.00244722 0.00161299 0.0028805 -0.00177476 0.0047613 0.00605521 -0.00245743 0.00161299 0.0028805 -0.00177476
276.592 0.810078 22.0753 0.0217428 1.00821 0.000180976 0.00149595 -0.199285 -0.97994 0.000492652 0.00543948 -0.00765213 0.000286526 0.00305104 -0.0019302 0.00255616 0.00482228 -0.00765489 0.000286526 0.00305104 -0.0019302
277.48 0.813029 22.0458 0.0146479 1.0194 0.000162692 0.000546046 -0.199166 -0.979966 0.00364377 0.00479999 -0.012108 -3.92607e-06 0.000332409 -0.000890859 0.0052162 0.00300332 -0.0121117 -3.92607e-06 0.000332409 -0.000890859
278.176 0.818653 22.0318 0.0110418 1.01507 0.000189158 0.000188267 -0.199046 -0.97999 0.00777825 0.00558936 -0.0168332 0.000441798 9.73086e-05 -0.000890867 0.00927755 0.00210644 -0.0171523 0.000427752 -0.0005151 -0.000986045
