32.31 0.758444 0.000860472 0.00507025 0.469255 -7.34165e-05 -0.000289531 -0.568945 -0.822376 0.000899351 -0.0048994 -0.0288578 -0.00107279 0.00170026 0.175814 -0.00425627 -0.00258213 -0.0288583 -0.00107279 0.00170026 0.175814
32.7 0.751458 0.00146624 0.00278363 0.461477 0.000179884 -0.000321169 -0.593595 -0.804764 0.0015947 -0.00458128 -0.0218186 -0.00303945 -0.000219303 0.15793 -0.0040254 -0.00293289 -0.0222008 -0.0024207 -3.36395e-05 0.156265
33.078 0.741149 0.00242243 0.00330077 0.449668 0.000319328 -0.000109889 -0.619204 -0.78523 0.000632175 -0.00228001 -0.0151565 0.0013057 -0.000953863 0.180884 -0.00206114 -0.00114084 -0.0151581 0.0013057 -0.000953863 0.180884
33.372 0.737042 0.00264642 0.00445751 0.445002 8.67597e-05 -0.000161107 -0.637833 -0.770175 0.000527002 -0.00123339 -0.0116685 0.00123277 -0.000633952 0.179757 -0.00110939 -0.000748438 -0.0116689 0.00123277 -0.000633952 0.179757
33.698 0.735463 0.00323519 0.00679162 0.442677 -8.35958e-05 -0.000137364 -0.659537 -0.751672 0.00114222 0.000113633 -0.00727982 6.99362e-05 -0.00118028 0.162205 0.000261881 -0.00111998 -0.00727945 6.99362e-05 -0.00118028 0.162205
34.126 0.727546 0.00329424 0.00868262 0.429954 -0.000117572 -9.56842e-05 -0.684471 -0.72904 0.000605738 -8.79297e-05 0.00139507 0.00187751 0.000360273 0.141576 8.66649e-06 -0.000777089 0.000509225 0.00122023 0.000305212 0.144746
34.526 0.730417 0.00279586 0.00926962 0.436461 -0.000195721 -0.000234552 -0.702846 -0.711342 0.000583807 -0.000320283 0.00520561 -0.00155115 0.000129531 0.114582 -0.000313551 -0.000584446 0.00520594 -0.00155115 0.000129531 0.114582
34.812 0.734687 0.00297789 0.00970026 0.442386 -6.97751e-05 -0.000115511 -0.715663 -0.698446 0.000447781 -6.91242e-06 0.00381853 0.000463935 1.24318e-06 0.115034 -0.000248779 -0.000486014 0.0038846 -0.000250593 -2.30298e-06 0.115899
35.12 0.739655 0.00283692 0.0112581 0.447301 -0.000259309 -0.000131113 -0.725737 -0.687973 -0.000352061 0.00142425 0.00254451 0.0014356 -0.00136348 0.101178 0.00144151 0.000276915 0.00254408 0.0014356 -0.00136348 0.101178
35.388 0.55444 0.00212368 0.0120777 0.452676 -0.000375724 -0.000154094 -0.734496 -0.678613 -0.000925408 0.0012861 0.00293258 -0.000226788 0.0001257 0.0908356 0.00135617 0.000823115 0.00293151 -0.000226788 0.0001257 0.0908356
35.718 0.559095 0.00298698 0.0121323 0.45824 0.000160131 -0.000430793 -0.745857 -0.666107 -0.00023149 0.000973038 0.0234572 0.000278231 0.0161271 0.0927955 0.000973851 0.00013052 0.023458 0.000278231 0.0161271 0.0927955
36.214 0.572399 0.0065166 0.0166621 0.471673 0.000575556 -0.000946282 -0.756002 -0.654568 0.00212056 0.0115723 0.0266872 -0.00294599 -0.00556133 0.0334111 0.0110935 -0.00373641 0.0267132 -0.00294599 -0.00556133 0.0334111
36.674 0.594182 0.00815443 0.0237183 0.497218 0.000451131 -0.000488171 -0.759363 -0.650667 0.00120331 0.0150099 0.0342599 -0.000263222 0.000941711 0.00764426 0.0146216 -0.00361687 0.034208 -0.000416409 0.000764654 0.00897385
37 0.616896 0.00801894 0.025341 0.521353 0.000646854 -0.000666349 -0.760231 -0.649653 2.43486e-05 0.0140249 0.0414514 0.00189144 -0.00075356 0.00168241 0.0138837 -0.0023591 0.0417091 0.00014758 0.00342451 0.00230884
37.532 0.663313 0.00855368 0.0248899 0.566142 0.000515844 -0.00117199 -0.757174 -0.653212 0.00211774 0.0100856 0.0460679 -0.000653138 0.00404492 -0.0432225 0.00963718 -0.0033281 0.0460073 -0.000405055 0.00625618 -0.036627
37.928 0.693312 0.0112037 0.025567 0.596508 0.00118665 -0.00154098 -0.751936 -0.659234 0.0038101 0.0113604 0.0538038 0.000376545 0.010706 -0.0589437 0.0105589 -0.00522299 0.0538485 0.000376545 0.010706 -0.0589437
38.242 0.709495 0.0126145 0.0286296 0.614396 0.00220274 -0.00228409 -0.74626 -0.665647 0.0033119 0.0171755 0.060154 -0.00374031 0.00804492 -0.0565951 0.015551 -0.00529109 0.0605907 -0.00253903 0.00618086 -0.0580158
38.52 0.725725 0.012866 0.0316411 0.627973 0.0029475 -0.00250282 -0.742201 -0.670166 0.000929733 0.02221 0.0644974 0.000280139 0.00207121 -0.0383843 0.02072 -0.00344433 0.0648012 -0.000233183 0.00294342 -0.039908
39.106 0.760302 0.0124312 0.0498628 0.663769 0.00311052 -0.00302665 -0.738168 -0.674603 -0.000654268 0.0339346 0.0631565 4.18641e-05 -0.000772468 -0.0160196 0.0325743 -0.00229034 0.0633462 0.000319661 0.000390468 -0.0160994
39.514 0.788467 0.0118288 0.0685317 0.695039 0.00342014 -0.00347128 -0.736148 -0.676803 -6.58031e-05 0.040971 0.0623166 0.00433951 0.00291861 -0.0157666 0.0402237 -0.00333993 0.0627127 0.00433951 0.00291861 -0.0157666
39.78 0.708098 0.0115815 0.0847349 0.715192 0.00355396 -0.00390347 -0.73421 -0.678901 0.00154421 0.0474524 0.0689126 -0.00183831 0.000690521 -0.0226342 0.046459 -0.00518567 0.0694099 -0.00183831 0.000690521 -0.0226342
40.114 0.738042 0.0113944 0.105351 0.74091 0.00327766 -0.0019063 -0.731542 -0.681786 -0.000159596 0.0511816 0.0581724 -0.00123232 -0.00908768 -0.00498564 0.0506346 -0.00353808 0.0585426 -0.00123232 -0.00908768 -0.00498564
40.454 0.767889 0.00994207 0.128366 0.773221 0.00325838 -0.00257739 -0.732014 -0.681277 -0.00162772 0.0517143 0.0675547 0.00070023 0.00316147 0.0102144 0.0511367 -0.00212993 0.0679791 0.00070023 0.00316147 0.0102144
40.878 0.804917 0.00687943 0.157192 0.802652 0.00382432 -0.00272175 -0.733577 -0.67959 -0.0032132 0.0572701 0.0701663 0.000671989 -0.0014834 0.0162864 0.0566926 -0.00125044 0.0706957 0.000671989 -0.0014834 0.0162864
41.214 0.834731 0.00258084 0.176778 0.834794 0.00425644 -0.00325234 -0.734918 -0.678135 -0.00494996 0.0581506 0.0793022 9.68701e-05 0.00432636 0.0212877 0.0572616 0.000183402 0.0800883 0.000391316 0.00503977 0.0211013
41.648 0.886526 -0.00250762 0.201141 0.880615 0.00481653 -0.00366439 -0.73712 -0.675735 -0.00659478 0.0627203 0.0851594 0.00143062 -0.000359433 0.0252586 0.0620249 0.00103545 0.0859145 0.00143062 -0.000359433 0.0252586
42.26 0.954149 -0.0157062 0.252289 0.93807 0.00479344 -0.00402684 -0.741781 -0.670613 -0.0109491 0.0789632 0.0970448 -0.000745891 -0.00393148 0.0159039 0.0778205 0.00297194 0.097851 -0.000748983 -0.004088 0.016113
42.676 0.998029 -0.0267253 0.287702 0.982302 0.00552384 -0.00483399 -0.743661 -0.668517 -0.0155329 0.0855962 0.112642 -8.95494e-05 0.000106339 0.012981 0.0843077 0.0061629 0.114145 0.000808086 0.00290718 0.0129556
43.144 1.06881 -0.0376779 0.327396 1.0455 0.00595266 -0.00525729 -0.745529 -0.666426 -0.0180201 0.091002 0.121336 -0.000429022 0.00223188 0.0169233 0.090362 0.00769205 0.122801 -0.000326793 0.00236194 0.016581
43.46 1.11881 -0.0431923 0.352264 1.08637 0.00699963 -0.00612666 -0.746953 -0.664812 -0.018861 0.0948667 0.136399 -0.000438682 0.00645775 0.0188026 0.0929785 0.00779426 0.138355 -0.000375575 0.0101356 0.0187204
43.848 1.17067 -0.0474953 0.391069 1.13163 0.00757223 -0.0063762 -0.748798 -0.662724 -0.018542 0.106572 0.147545 -0.00191825 -0.000976793 0.020184 0.104185 0.0056219 0.14929 -0.00182745 3.09997e-05 0.0200907
44.412 1.25372 -0.0555082 0.461899 1.20315 0.00838078 -0.00607009 -0.752662 -0.658326 -0.0240144 0.123012 0.150535 0.00787126 0.00191751 0.0335972 0.121165 0.00695377 0.151542 0.00612479 0.00036315 0.0329412
45.016 1.37394 -0.0690557 0.543333 1.28242 0.00131762 -0.00112205 -0.758393 -0.651795 -0.0266829 0.146025 -0.0177237 0.00262153 -0.179937 0.0383602 0.15328 0.00487681 -0.0131364 0.00607873 -0.222437 0.0348215
45.46 1.38933 -0.0783754 0.590997 1.28664 -0.000351983 0.000304586 -0.766325 -0.642453 -0.0139673 0.0732326 -0.0133256 0.00321738 0.019913 0.0675841 0.0773002 0.00121208 -0.0125742 0.00143195 0.0259929 0.069102
45.91 1.39651 -0.0840571 0.620912 1.27253 0.00014589 -0.00086639 -0.769434 -0.638726 -0.00715078 0.053121 -0.00224648 -0.00234771 0.00324939 -0.0234967 0.0547197 -0.00247299 -0.00358698 -0.00151822 0.00286075 -0.0143434
46.314 1.37198 -0.0864167 0.640216 1.26682 0.000698825 -0.000723343 -0.763144 -0.646228 -0.00502553 0.0471741 0.00167952 -0.00205734 -0.000224662 -0.0704611 0.0473539 -0.00281606 0.00177487 -0.00205734 -0.000224662 -0.0704611
46.702 1.40122 -0.0890258 0.658056 1.33606 0.014537 -0.0147955 -0.752891 -0.657818 -0.0076011 0.0962789 0.257939 -0.00301497 -0.000176439 -0.0609264 0.0856782 -0.00456652 0.261722 -0.00301497 -0.000176439 -0.0609264
47.168 1.53146 -0.0950837 0.706472 1.45854 0.0106044 -0.0111371 -0.746399 -0.665321 -0.0114463 0.155811 0.25123 0.000922503 -0.00422742 -0.0378395 0.145906 -0.00568175 0.256587 0.00103879 -0.00599024 -0.0384545
47.772 1.61477 -0.100207 0.781427 1.51618 -0.00344147 0.00270921 -0.735984 -0.676984 -0.00686717 0.100426 0.0746382 0.00357928 0.0607321 -0.104612 0.101297 -0.00147907 0.0737573 0.00357928 0.0607321 -0.104612
48.174 1.71603 -0.102667 0.826015 1.63178 0.0145665 -0.014114 -0.72135 -0.692274 -0.00670932 0.141955 0.250579 -0.00404975 -0.0374284 -0.0717098 0.125619 0.000719111 0.256343 -0.00501207 -0.029633 -0.0755109
48.724 1.83687 -0.102004 0.909189 1.75361 0.00938196 -0.00950288 -0.714459 -0.69955 -0.00463886 0.172429 0.116136 -0.00588513 -0.100498 -0.0146899 0.166786 0.00131408 0.218314 -0.00360867 -0.0468753 -0.0159818
49.276 1.87664 -0.102538 0.981109 1.76796 0.000458048 0.000158906 -0.718362 -0.695669 -0.00530981 0.082876 0.0756961 0.0163389 0.0920649 0.0559826 0.0880145 0.00250594 -0.0293676 0.0028227 0.0344711 0.0530937
50.02 1.84229 -0.101543 1.08224 1.92592 0.0122083 -0.0112995 -0.721213 -0.692514 0.00626888 0.172508 0.259909 -0.00537937 0.000265776 -0.0228236 0.162024 -0.0142471 0.265611 -0.0108297 -0.00436361 -0.0224982
50.492 1.75746 -0.103522 1.16476 2.02673 0.0122959 -0.0117061 -0.718172 -0.695658 -0.00179559 0.187473 0.265239 0.00151145 -0.00146153 -0.0136282 0.178323 -0.00425327 0.271448 0.00151145 -0.00146153 -0.0136282
51.342 1.57045 -0.111905 1.3539 2.21405 0.0122534 -0.00917338 -0.718758 -0.695092 -0.0145295 0.201409 0.261161 -0.00124204 -0.00250207 0.0182696 0.194635 0.00616595 0.267591 -0.00325956 -0.00973937 0.0160953
51.884 1.45245 -0.122755 1.47337 2.35083 0.012968 -0.0106056 -0.722962 -0.690685 -0.0210409 0.198806 0.252035 -0.000190134 0.00249832 0.0374286 0.191029 0.0112869 0.25859 -0.000190134 0.00249832 0.0374286
52.574 1.29097 -0.143426 1.64233 2.50912 0.0144683 -0.0116856 -0.731974 -0.681079 -0.0313402 0.216078 0.242021 0.0217393 -0.00643481 0.0469955 0.208643 0.0150739 0.249973 0.0217393 -0.00643481 0.0469955
53.66 1.06771 -0.175321 1.89832 2.6625 0.00222162 -0.00195674 -0.755324 -0.655345 -0.0141933 0.114015 -0.043809 0.0030885 0.0140817 0.149614 0.11794 -0.00158452 -0.0412205 0.00351353 0.0200323 0.144735
54.304 0.981291 -0.187568 1.97958 2.64672 0.00254908 -0.00343444 -0.784306 -0.620359 -0.0079119 0.0821672 -0.033994 0.0074087 0.0024689 0.119547 0.0820586 -0.0112983 -0.0332923 0.0074087 0.0024689 0.119547
55.456 0.879092 -0.199033 2.07241 2.62454 0.00309448 -0.00294545 -0.772335 -0.635201 -0.00216569 0.0636475 -0.00925646 -8.13549e-05 0.00010416 -0.0907488 0.0633295 -0.0105418 -0.00894428 -0.000155953 7.69938e-05 -0.0908251
56.086 0.839817 -0.204721 2.10951 2.61831 0.00296583 -0.00268733 -0.755911 -0.654662 -0.00312075 0.0588782 -0.00265442 -0.000153263 -0.00115079 -0.0763478 0.0587396 -0.00532076 -0.00218348 -0.000153263 -0.00115079 -0.0763478
56.846 0.798614 -0.216147 2.15304 2.62018 0.00275274 -0.00163271 -0.759437 -0.650573 -0.0107863 0.0564398 -0.00273878 0.00587858 0.00459996 0.168373 0.0574427 0.00199766 -0.00237443 0.00587858 0.00459996 0.168373
57.57 0.786514 -0.2305 2.18493 2.68937 0.00223834 -0.00231586 -0.787833 -0.61588 -0.0115406 0.0483981 0.132324 -0.000654139 -0.000508993 0.0519129 0.0489075 -0.000364563 0.132639 -0.000654139 -0.000508993 0.0519129
58.236 0.780585 -0.244695 2.20658 2.71323 0.00340272 -0.000968995 -0.818628 -0.574313 -0.0181743 0.0386773 -0.00631672 0.00213008 -0.000961204 0.440585 0.042595 0.00394106 -0.00602301 0.00213008 -0.000961204 0.440585
58.956 0.763457 -0.25345 2.2293 2.71717 0.000535052 -0.00450105 -0.880913 -0.473256 0.00120286 0.0419458 -0.0118176 -0.0108994 5.98293e-05 0.017834 0.034755 -0.0236361 -0.0115055 -0.0103247 -0.000147281 0.0402756
59.628 0.74299 -0.254246 2.25739 2.7259 0.00167652 -0.00235858 -0.851857 -0.523767 0.00479797 0.0409741 -0.0222572 -0.00299164 -0.00165903 -0.259418 0.0343871 -0.0234981 -0.0218591 -0.00349938 -0.00180307 -0.257316
60.366 0.714294 -0.254672 2.28181 2.70796 0.0015691 -0.00209637 -0.801767 -0.597631 0.00209846 0.035587 -0.00708286 -0.000672095 -0.000962905 -0.288715 0.0335396 -0.0121875 -0.00689641 -0.000672095 -0.000962905 -0.288715
60.966 0.700195 -0.259536 2.29299 2.70634 0.00151793 -0.00202145 -0.746836 -0.665004 -0.00114919 0.0306147 -0.00401695 -0.000192787 -0.000627845 -0.303496 0.0305619 -0.00239949 -0.00386314 -0.000192787 -0.000627845 -0.303496
61.636 0.686333 -0.263496 2.30507 2.7008 0.000995307 -0.00215686 -0.660802 -0.750557 -0.000911779 0.0287171 0.0593519 0.00245266 -0.00233151 -0.426061 0.0282737 0.00411971 0.0199143 -0.00105886 -0.00167875 -0.42685
62.21 0.699119 -0.264085 2.31635 2.7556 0.00181726 -0.00131663 -0.602467 -0.798141 -0.00774203 0.0305704 0.0942962 0.00499324 -0.00097883 -0.105655 0.0268731 0.0156998 0.0944331 0.00499324 -0.00097883 -0.105655
63.668 0.690179 -0.274086 2.34606 2.77529 0.000909992 -0.000374883 -0.797113 -0.603829 -0.017836 0.0266209 -0.00603019 0.00290708 0.000794618 0.674379 0.0304675 0.00996427 -0.00596721 0.00290708 0.000794618 0.674379
64.386 0.675356 -0.274325 2.34569 2.75208 0.000792488 -0.000615312 -0.921418 -0.388572 -0.00567638 0.0153216 0.0185646 -0.000415715 0.000669604 0.709056 0.0148977 -0.00662049 0.0185969 -0.000415715 0.000669604 0.709056
65.212 0.679066 -0.276469 2.34453 2.75751 -0.000106713 -0.00522653 -0.984334 -0.176239 0.0109515 0.0232883 0.0197365 0.00443585 0.00250843 0.110089 -0.0022233 -0.0254362 0.0199967 0.00443585 0.00250843 0.110089
66.09 0.682518 -0.278331 2.35438 2.77573 0.000916899 -0.00160127 -0.947046 -0.321093 0.0165179 0.0240207 -0.00433889 -0.00237596 -0.000717198 -0.512131 0.001509 -0.029124 -0.00426357 -0.00237596 -0.000717198 -0.512131
67.594 0.684736 -0.289862 2.37198 2.80196 0.000832925 -0.00123267 -0.841061 -0.540939 0.002982 0.00497134 -0.00624789 0.000288658 -0.00112177 -0.203346 0.00330378 -0.00478267 -0.00623328 0.000288658 -0.00112177 -0.203346
68.436 0.682346 -0.292872 2.37713 2.80296 0.000533838 -0.00135901 -0.803138 -0.595791 -0.000983846 0.0020066 -0.00617635 0.00570023 -0.000163962 -0.147828 0.002221 0.000349953 -0.00617142 0.00570023 -0.000163962 -0.147828
69.926 0.707527 -0.295286 2.38874 2.86779 0.00148464 -0.00184832 -0.715541 -0.698567 -0.014169 0.012826 0.0900171 0.00384233 -0.000831686 -0.0338703 0.0127385 0.0139084 0.0900701 0.00384233 -0.000831686 -0.0338703
71.402 0.740799 -0.288471 2.40459 2.91808 -0.000228397 -0.00180076 -0.696199 -0.717847 -0.0100822 0.0080816 -0.000262971 -0.00276637 -0.00025858 -0.124304 0.00793182 0.0102673 -0.000376093 -0.00268809 -0.000223928 -0.121961
72.104 0.739414 -0.280702 2.40892 2.92457 -8.81206e-05 -0.00150625 -0.664921 -0.746913 -0.0120522 0.00714835 -0.00182477 -0.000287982 -0.000560959 -0.11161 0.00570904 0.0127948 -0.00183991 -0.000287982 -0.000560959 -0.11161
72.706 0.765762 -0.268508 2.41643 2.97906 0.00184042 -0.00389293 -0.645868 -0.763437 -0.00572156 0.0259699 0.0921112 -0.000632388 -0.00786693 -0.0517797 0.0228301 0.0100663 0.0919999 -0.000581141 -0.00821189 -0.0534036
73.39 0.804265 -0.254484 2.43171 3.04477 0.00160408 -0.00365545 -0.63811 -0.769935 -0.00104777 0.0351231 0.103041 -0.00213247 -0.000201634 -0.0145166 0.03321 0.00806503 0.103087 -0.00205188 -0.000305832 -0.0148361
74.206 0.868427 -0.232685 2.45422 3.1392 0.00204314 -0.00458022 -0.629831 -0.776716 0.00857767 0.0423934 0.0937174 -0.00896232 0.0173347 -0.0421801 0.0420241 0.00074659 0.0957692 -0.00642844 0.00865495 -0.0418746
75.726 0.925298 -0.198049 2.51123 3.22776 0.00557316 -0.00599549 -0.63197 -0.77495 0.00275246 0.0400998 0.0984109 0.00084495 0.010765 0.0604075 0.0382206 0.00526625 0.0990542 0.00084495 0.010765 0.0604075
76.37 0.953925 -0.185639 2.54409 3.28449 0.00487591 -0.00554972 -0.645768 -0.763498 0.00722849 0.0660349 0.112918 -0.00132108 -0.00111736 0.053838 0.0646437 0.00379692 0.113886 -0.00132108 -0.00111736 0.053838
77.186 1.01623 -0.173644 2.60191 3.37266 0.00652675 -0.00653422 -0.660735 -0.750562 0.00695343 0.0893906 0.0739969 0.000302744 7.35458e-05 0.0507976 0.0881715 0.00434898 0.0756402 0.000302744 7.35458e-05 0.0507976
77.778 1.05368 -0.170179 2.66823 3.42456 0.00745202 -0.00867344 -0.669218 -0.742979 0.0114913 0.110868 0.0428319 -0.000388364 0.00552649 0.0231015 0.109207 0.000469573 0.066391 -0.00116424 -0.00362895 0.0249246
78.61 1.05531 -0.161224 2.77201 3.43446 0.00775879 -0.00978783 -0.672231 -0.740236 0.0167756 0.134546 -0.00734251 0.0213205 -0.0108369 0.00336031 0.135676 -0.00378156 -0.00395611 0.0213205 -0.0108369 0.00336031
79.39 1.02549 -0.14549 2.88622 3.41828 0.00879555 -0.00906066 -0.666199 -0.745667 0.0276729 0.137411 -0.0186381 -0.0245539 0.00541821 -0.0292972 0.139762 -0.0129818 -0.0149435 -0.0277143 0.00621022 -0.0307279
80.08 1.02262 -0.134956 2.98896 3.42266 0.00877002 -0.00863515 -0.66572 -0.7461 0.0159853 0.144203 -0.018272 0.00311613 0.00164172 0.0194159 0.14549 0.000511165 -0.0147021 0.00311613 0.00164172 0.0194159
80.772 1.00495 -0.128466 3.10118 3.3915 0.00872135 -0.00912922 -0.67089 -0.741449 0.0152448 0.150182 -0.0178289 0.00429089 0.0018594 0.0216055 0.151356 -0.000189415 -0.0140133 0.00429089 0.0018594 0.0216055
82.414 0.967428 -0.120417 3.36781 3.36324 0.00881341 -0.00928652 -0.674824 -0.737867 0.0132765 0.159378 -0.01655 0.00044248 0.000652946 0.0141618 0.159985 0.00102071 -0.0126478 0.000516245 0.000799174 0.0140055
83.298 0.949876 -0.111036 3.51371 3.35735 0.00660271 -0.00966932 -0.678023 -0.734947 0.0201785 0.156627 0.0044912 -0.00119955 0.00145163 -0.00827836 0.157596 -0.00749195 0.0081699 -0.00119955 0.00145163 -0.00827836
83.99 0.939895 -0.10127 3.62251 3.36972 0.007278 -0.00914988 -0.671045 -0.741325 0.0258797 0.15495 0.014784 -0.0024909 0.00131609 -0.0372571 0.156366 -0.0103443 0.0184531 -0.0024909 0.00131609 -0.0372571
84.712 0.981861 -0.0904997 3.73247 3.38092 0.00754632 -0.00917459 -0.662436 -0.749025 0.0249958 0.156113 0.00540261 -0.001786 0.00245287 -0.027104 0.157663 -0.00593908 0.0149371 0.000244349 0.000615717 -0.0275033
85.438 0.956804 -0.0799211 3.84822 3.38859 0.00854804 -0.00961743 -0.658121 -0.752802 0.0231725 0.167449 -0.0270202 -0.0106799 -0.00384825 -0.00769401 0.16926 -0.000826551 -0.0132099 -0.0082714 -0.00319948 -0.0081542
86.114 0.966674 -0.0727696 3.95008 3.37005 0.00842619 -0.00802835 -0.660119 -0.751071 0.0152721 0.16493 -0.0315869 -0.0116511 -0.00868699 0.0219502 0.166213 0.00608695 -0.0277284 -0.0116511 -0.00868699 0.0219502
86.998 0.97164 -0.0706849 4.08973 3.33557 0.00826424 -0.00803964 -0.673607 -0.739 0.00584261 0.163091 -0.0502891 0.000464383 -0.000219048 0.0487063 0.164026 0.00953975 -0.0465948 0.000594506 -0.000710797 0.0490362
87.712 0.980212 -0.0708589 4.19514 3.29287 0.0080923 -0.00837373 -0.684049 -0.729343 0.00508154 0.16473 -0.0926324 0.0066128 -0.00530435 0.0374061 0.16683 0.00550754 -0.0887698 0.0066128 -0.00530435 0.0374061
88.512 0.965808 -0.0684246 4.31694 3.20012 0.00775013 -0.00826758 -0.690475 -0.723268 0.0086877 0.161847 -0.0985012 -0.00126394 0.000586857 0.0135414 0.164209 -0.000956778 -0.094917 -0.00123289 0.00046107 0.0140252
89.41 0.972701 -0.0673428 4.43802 3.10908 0.00844983 -0.00850162 -0.693371 -0.720481 0.00669046 0.161618 -0.0684085 0.000588561 0.00131409 0.0121856 0.163182 -0.000666174 -0.0647142 0.000504235 0.00218191 0.0119878
91 1.06445 -0.0704992 4.67468 2.97228 0.00780141 -0.00839863 -0.699027 -0.715003 0.00633591 0.163667 -0.0976821 -0.000269591 -0.000322722 0.00205251 0.1659 -0.00264607 -0.0939557 -0.000239629 -0.000183102 0.00232244
91.902 1.12819 -0.0726861 4.80708 2.86455 0.00887454 -0.00951298 -0.699179 -0.714829 0.00576256 0.17302 -0.11346 4.39532e-05 -0.000310897 0.00122526 0.175781 -0.00205427 -0.108828 7.32081e-05 -0.000310849 0.00125635
92.692 1.21534 -0.0735906 4.94096 2.76133 0.00946765 -0.0101325 -0.699152 -0.714839 0.00589504 0.185354 -0.122283 -0.000102967 -0.000501718 0.000993473 0.188758 -0.00185726 -0.117094 -0.000102967 -0.000501718 0.000993473
94.26 1.50381 -0.0744913 5.28145 2.4498 0.0144436 -0.0154068 -0.698919 -0.714889 0.00627899 0.262078 -0.196156 0.000262091 0.00154079 -0.000734535 0.269082 -0.000505803 -0.185197 0.000365565 0.00134629 -0.000662391
95.23 1.73158 -0.0730518 5.53419 2.26379 0.0149205 -0.0160037 -0.698669 -0.71511 0.00640389 0.273986 -0.189279 -0.000250474 0.000526428 -0.00130927 0.282077 -0.000218153 -0.177111 -0.000250474 0.000526428 -0.00130927
96.974 2.31187 -0.0670139 6.05275 1.88419 0.0155085 -0.0168095 -0.697646 -0.716078 0.00602424 0.292566 -0.173603 0.000438601 0.000911584 -0.00172276 0.299844 0.00135196 -0.159963 0.000377088 0.00152632 -0.00174617
97.864 2.6151 -0.059186 6.33148 1.7257 0.0155163 -0.0168486 -0.696909 -0.716794 0.00835475 0.309623 -0.155926 -0.000599972 -0.012456 -0.00098657 0.316399 0.000217254 -0.142208 -0.00063288 -0.0127817 -0.00100936
98.814 2.88285 -0.0494458 6.61327 1.57896 0.0136729 -0.0149372 -0.696495 -0.717276 0.00859319 0.292829 -0.123779 -1.88427e-05 -0.00517272 -0.00221187 0.297725 -0.00012365 -0.11182 -1.88427e-05 -0.00517272 -0.00221187
99.776 3.00234 -0.0418679 6.89044 1.47166 0.0120353 -0.013254 -0.695714 -0.718096 0.00760195 0.270665 -0.0992911 -4.64235e-06 -0.00592808 -0.0016322 0.274867 0.000786433 -0.0901138 -0.000392295 -0.00545654 -0.00172933
100.596 2.8542 -0.0364717 7.09758 1.40538 0.0106246 -0.0118948 -0.695317 -0.718526 0.00661457 0.248344 -0.084042 0.000517409 -0.00432241 -0.00164699 0.250979 0.00143814 -0.0760843 0.000517409 -0.00432241 -0.00164699
101.422 2.73073 -0.032409 7.2896 1.34732 0.00931026 -0.0106326 -0.694683 -0.719177 0.00562415 0.225005 -0.071949 0.000233161 -0.00384314 -0.000699662 0.227006 0.00207799 -0.0655699 0.000233161 -0.00384314 -0.000699662
103.1 2.54937 -0.0176423 7.60078 1.24797 0.00718795 -0.00839876 -0.693396 -0.720472 0.00539535 0.178424 -0.0489132 0.000281014 -0.00375575 -0.0022921 0.179536 0.00137927 -0.0449635 0.000281014 -0.00375575 -0.0022921
104.1 2.49078 -0.00751675 7.74603 1.18233 0.00583784 -0.00683609 -0.692679 -0.72119 0.00591965 0.154463 -0.0415021 -0.000491788 -0.00239435 -0.00068033 0.155296 0.000270104 -0.0387214 -0.000491788 -0.00239435 -0.00068033
