104.394 0.460454 0.357935 -0.0694591 0.653059 0.000187361 -0.00108038 0.00814336 -0.999966 0.0117905 -0.000342841 0.0163107 0.000260593 0.0005676 -0.00643776 0.0117442 -0.000194933 0.0162112 0.000285701 0.000681939 -0.00679501
104.85 0.478282 0.367124 -0.069242 0.674436 0.000202875 -0.00166244 0.00912829 -0.999957 0.0132337 -0.000367209 0.0101311 -0.000439822 0.00248521 -0.00281254 0.0132045 -0.000129982 0.0101749 -0.000439822 0.00248521 -0.00281254
105.294 0.494511 0.376615 -0.070063 0.690616 0.000229719 -0.00204426 0.00920563 -0.999956 0.0174697 -0.000422302 0.0121774 0.000168676 -0.00144097 0.00293539 0.0171222 -0.000124 0.0122759 0.000125433 -0.000908832 0.00255428
105.716 0.509803 0.387468 -0.0697848 0.707018 0.000199063 -0.00226506 0.00845457 -0.999962 0.0214898 -0.00033289 0.0145989 0.000161659 -0.000777245 0.00451824 0.021426 2.41266e-05 0.014696 0.000161659 -0.000777245 0.00451824
106.172 0.516718 0.396695 -0.0701387 0.715737 0.000334001 -0.00186695 0.00671888 -0.999976 0.0204423 -0.000109433 0.0302883 -0.000127901 0.00144331 0.0124151 0.0203288 0.000144251 0.0303645 -0.000127901 0.00144331 0.0124151
106.658 0.52278 0.407694 -0.0717862 0.719975 0.00036448 -0.00208126 0.00292937 -0.999994 0.0213582 -0.000606945 0.0322118 0.000103563 -0.000258716 0.0175494 0.0211303 -0.000504833 0.0320454 -1.97296e-05 -0.000115516 0.017517
107.198 0.534386 0.422301 -0.0714634 0.736071 0.000298641 -0.00246584 -0.00104318 -0.999996 0.0243333 -0.000494923 0.0310944 0.000131741 -0.000421534 0.0139914 0.0241786 -0.000564137 0.0312137 0.000131741 -0.000421534 0.0139914
107.698 0.552613 0.436902 -0.0719514 0.753479 0.000370726 -0.00265547 -0.00396024 -0.999989 0.0269728 -0.000856295 0.0335788 0.000282364 -0.000372189 0.00947001 0.0266679 -0.00114889 0.0334909 0.000204132 -0.000421156 0.00963994
108.58 0.589984 0.464097 -0.0673622 0.794365 -6.97547e-05 -0.00298044 -0.001591 -0.999994 0.0313397 -0.00162723 0.0349815 -0.000460077 -0.000231594 -0.0246668 0.0311253 -0.00172172 0.0351679 -0.000460077 -0.000231594 -0.0246668
109.156 0.618974 0.484128 -0.0670242 0.821539 5.15489e-05 -0.00397621 0.00525993 -0.999978 0.0364297 -0.00185323 0.0398817 -0.000447007 -0.000853209 -0.0249807 0.0361289 -0.00147569 0.04017 -0.000447007 -0.000853209 -0.0249807
109.712 0.65606 0.513449 -0.0671979 0.858344 2.05831e-05 -0.00432359 0.0106474 -0.999934 0.0449083 -0.00168318 0.0454378 0.000197407 -0.00192071 -0.0171589 0.0445394 -0.000732612 0.0458245 0.000197407 -0.00192071 -0.0171589
110.386 0.696843 0.55236 -0.067142 0.904737 0.000498862 -0.00551512 0.0136796 -0.999891 0.0563565 0.000566105 0.0355384 0.000985253 -0.00261183 0.00625661 0.0554139 0.00188626 0.0363374 0.000895363 -0.00297153 0.00421657
110.99 0.735636 0.593857 -0.063582 0.935263 0.000270271 -0.00641528 0.00990442 -0.99993 0.0667718 0.00282197 0.0247522 -0.000350701 0.0019921 0.0174618 0.0658541 0.00414861 0.0283386 -8.23905e-05 0.00105879 0.017321
111.934 0.762197 0.675829 -0.0629458 0.963146 0.000383362 -0.00727742 0.0023939 -0.999971 0.08378 0.00276531 0.0119162 -0.00263991 0.00179664 0.0162098 0.0831954 0.00315029 0.0196789 -0.00135873 0.000751381 0.0161976
112.586 0.75544 0.737397 -0.0621657 0.955017 0.000518908 -0.00801871 -0.0028925 -0.999964 0.0927229 0.00428026 0.00815294 -7.40765e-05 -0.00105025 0.020072 0.0926033 0.00373495 0.00964323 -7.40765e-05 -0.00105025 0.020072
113.544 0.76568 0.841167 -0.058579 0.966556 -2.35384e-05 -0.00810258 -0.0109895 -0.999907 0.100627 0.00427841 0.0115924 0.00382899 0.000918663 0.0114865 0.100274 0.00233163 0.0132471 0.00549673 0.00125101 0.0127676
114.468 0.776236 0.944636 -0.0572904 0.975873 0.000111097 -0.00851999 -0.0103955 -0.99991 0.107435 0.00121914 0.011469 -0.000210565 0.00063782 -0.00577106 0.107226 -0.00101532 0.0132981 -0.000210565 0.00063782 -0.00577106
115.232 0.776585 1.03679 -0.0540769 0.975991 0.000237303 -0.00901851 -0.00846208 -0.999924 0.114326 0.00269957 -0.00370386 9.66513e-05 -0.000893957 -0.00273077 0.114063 0.00069929 -0.00166994 -5.138e-05 -0.00107022 -0.00315585
115.858 0.780318 1.11689 -0.0533306 0.981743 0.000192659 -0.00900107 -0.00841533 -0.999924 0.11864 0.00295286 0.0034904 0.000217432 -0.000232422 0.00103367 0.118537 0.000985694 2.68234e-06 1.9513e-05 0.000577696 0.000979532
116.924 0.791744 1.24562 -0.0507154 0.991897 0.000154176 -0.00927727 -0.00868845 -0.999919 0.123622 0.00295818 0.0123863 4.06378e-05 0.000249793 -0.00030515 0.123403 0.000807563 0.0146787 4.06378e-05 0.000249793 -0.00030515
117.568 0.790077 1.32505 -0.0483263 0.988916 0.000130156 -0.00959726 -0.00857229 -0.999917 0.127838 0.0030842 0.013101 3.06557e-05 -0.000316602 5.70584e-05 0.127597 0.000890625 0.0155532 3.06557e-05 -0.000316602 5.70584e-05
118.2 0.795336 1.40819 -0.04536 0.995457 8.69792e-05 -0.00965615 -0.00860044 -0.999916 0.130104 0.00340823 0.0137304 -4.08997e-05 0.000591501 -2.32276e-05 0.129789 0.00118768 0.0160895 -1.00716e-05 0.000620459 8.44701e-06
118.828 0.809827 1.49383 -0.0432075 1.01247 7.90672e-05 -0.00987346 -0.0086938 -0.999914 0.132886 0.00353694 0.0131009 4.27324e-05 0.00061991 -0.000731487 0.132584 0.00123544 0.0157121 7.55722e-05 0.000521029 -0.000720413
119.474 0.831148 1.58214 -0.0419248 1.0298 0.000105949 -0.0103243 -0.00843704 -0.999911 0.137341 0.00326024 0.0122303 -1.15783e-05 -0.000693969 0.000376407 0.136795 0.000979559 0.0152106 3.38787e-05 -0.00080826 0.000319716
120.104 0.833442 1.66696 -0.0387036 1.03371 4.14544e-05 -0.0108758 -0.00853461 -0.999904 0.142698 0.00425157 0.0141057 0.000593015 -0.000679887 0.000321492 0.142409 0.00181676 0.017207 0.000593015 -0.000679887 0.000321492
120.878 0.845612 1.77921 -0.0345554 1.04637 0.000304631 -0.0107109 -0.00940747 -0.999898 0.14719 0.00575138 0.00436197 0.000764281 8.40799e-05 0.00556287 0.147004 0.00292711 0.0074633 0.000781927 -2.35809e-05 0.00519658
121.566 0.857332 1.88815 -0.0321304 1.05556 0.000517913 -0.0109338 -0.0118648 -0.99987 0.152307 0.00584336 -0.00499752 -0.0029683 -0.00279771 0.00905775 0.152476 0.00223015 -0.00166046 -0.0029683 -0.00279771 0.00905775
122.222 0.857183 1.98526 -0.0292572 1.05713 0.000535286 -0.0112587 -0.0157182 -0.999813 0.154729 0.00775463 -0.00472919 0.000451109 -7.6799e-05 0.0143515 0.154964 0.00288908 -0.00123611 0.000451109 -7.6799e-05 0.0143515
122.934 0.862848 2.09631 -0.0245335 1.06293 -0.00043925 -0.0112667 -0.0191646 -0.999753 0.158204 0.00399195 0.00487879 -0.00163858 -0.000129912 -0.00386473 0.158091 -0.00206537 0.00844243 -0.00163858 -0.000129912 -0.00386473
123.842 0.858678 2.24452 -0.0239284 1.05636 0.000405646 -0.0117577 -0.0138812 -0.999834 0.163337 0.00273018 0.000325659 0.000100507 -0.000364511 -0.00724094 0.163124 -0.00202947 0.00405458 -0.000424059 -0.000163159 -0.00830036
124.542 0.859854 2.35869 -0.021866 1.06216 0.00034728 -0.0116203 -0.0135723 -0.99984 0.164794 0.00461178 0.000973276 0.000224118 0.000813069 0.00206982 0.164771 7.1716e-05 0.00475135 0.000220408 0.000796794 0.00195234
125.338 0.885919 2.48451 -0.017498 1.08862 -0.000120956 -0.0115461 -0.0148991 -0.999822 0.166983 0.00464112 0.0143248 0.00993192 -0.00677221 0.000767387 0.166623 -8.39109e-05 0.0159289 0.0099439 -0.00659402 0.00168092
126.274 0.890826 2.64126 -0.0135712 1.08999 -0.000304269 -0.0120888 -0.0094242 -0.999882 0.170454 -0.000148778 0.0154746 -0.000127793 0.000298168 -0.0200826 0.169879 -0.0034423 0.0193947 -0.000157298 0.000212204 -0.020117
126.978 0.895682 2.75315 -0.0118308 1.09672 -0.000239656 -0.0123442 -0.0040155 -0.999916 0.173076 -6.23193e-05 0.0166379 -0.0061298 -0.000148713 -0.0158843 0.172606 -0.00144153 0.0209058 -0.0061298 -0.000148713 -0.0158843
127.756 0.889314 2.89382 -0.00912641 1.08935 0.00074646 -0.0122326 -0.00581332 -0.999908 0.175157 0.00824496 0.0164353 0.00073435 0.000536583 0.0205065 0.174724 0.00618698 0.0207111 0.000801127 0.000553237 0.0197637
128.79 0.910385 3.0687 -0.00626819 1.11212 -7.2617e-05 -0.0122768 -0.015966 -0.999797 0.176164 0.00706263 0.0202356 0.0203905 -0.00355508 0.0168161 0.175734 0.00193318 0.0240162 0.0184673 -0.00272843 0.018108
129.562 0.914333 3.19314 -0.00507982 1.11312 -0.000506687 -0.0128099 -0.0136847 -0.999824 0.177803 -0.00206627 0.0214407 -0.000819006 -0.000257381 -0.0228499 0.177072 -0.00689946 0.0259919 -0.000819006 -0.000257381 -0.0228499
130.212 0.930695 3.30893 -0.00388 1.13098 1.39282e-06 -0.0134325 -0.00596066 -0.999892 0.180146 -0.00151056 0.0104924 -0.000349205 0.00146426 -0.0213719 0.179769 -0.00365616 0.0153275 -0.000349205 0.00146426 -0.0213719
131.488 0.935309 3.54284 -0.00901668 1.13691 -0.000847393 -0.0132032 0.00825568 -0.999878 0.184992 -0.0100543 0.00597746 -0.00125365 0.000727434 -0.034503 0.18491 -0.00698581 0.0108764 -0.00125365 0.000727434 -0.034503
132.794 0.81138 3.78329 -0.010602 1.17151 0.000642317 -0.0136077 0.0115002 -0.999841 0.18878 0.0049477 0.00317091 0.000428102 0.000515926 0.0277926 0.18835 0.00927431 0.00841585 0.00045147 0.000515889 0.0275561
133.472 0.726328 3.9025 -0.00879397 1.18288 -0.00045398 -0.0114277 0.00364161 -0.999928 0.174136 0.0019864 0.0178744 -0.00127111 0.00452466 0.0129869 0.174133 0.00371655 0.0217432 -0.000734709 0.00628684 0.0151405
134.75 0.587485 4.10677 -0.010699 1.17765 0.000166599 -0.00284872 0.00380603 -0.999989 0.142447 0.000134647 0.000725982 -0.00334674 -0.0652143 0.0094834 0.142436 0.00121856 0.00153777 -0.00334674 -0.0652143 0.0094834
135.916 0.542027 4.22324 -0.0089495 1.20519 0.000395164 -0.00723475 -0.0237077 -0.999693 0.105263 0.0055631 0.00811733 0.000397171 -0.00716211 0.0585611 0.10475 0.000684133 0.00981249 0.000675167 -0.0088629 0.0595664
136.564 0.42743 4.28089 -0.00881123 1.21332 0.000210573 -0.00546832 -0.0391514 -0.999218 0.10406 0.00503519 0.00549639 -0.000569698 -4.18214e-05 0.0448298 0.104068 -0.00312225 0.0066358 -0.000569698 -4.18214e-05 0.0448298
137.228 0.410574 4.33061 -0.00895715 1.21287 -0.000422905 -0.00271004 -0.0495487 -0.998768 0.0864353 0.00143176 0.00237573 0.000673369 0.00416481 0.00848165 0.0861386 -0.00712739 0.0028464 0.000673369 0.00416481 0.00848165
137.854 0.402435 4.3664 -0.00710379 1.21631 -0.000168779 -0.00243864 -0.0433406 -0.999057 0.0742531 0.000856503 0.00156762 0.000153832 0.000289847 -0.0384585 0.0746322 -0.00576314 0.00191523 0.000262127 0.000408851 -0.0381434
139.066 0.39478 4.40744 -0.00912243 1.2177 -0.000443574 -0.00207967 -0.0164732 -0.999862 0.0575389 -0.00105691 0.010294 -0.000580506 0.000957474 -0.102433 0.0578682 -0.00299004 0.0102932 3.75554e-05 0.0009286 -0.0946155
139.754 0.392698 4.42485 -0.00898909 1.22004 0.00161913 -0.00222572 0.0114347 -0.999931 0.0523143 0.00839023 0.00550562 0.00318555 -0.000838223 -0.0403726 0.0520839 0.00956582 0.00576707 0.00318555 -0.000838223 -0.0403726
140.862 0.398061 4.44732 -0.00202806 1.23067 0.00120952 -0.00225021 0.0145634 -0.999891 0.041144 0.0104638 0.00556794 -0.000872528 0.000818241 0.00177244 0.0411707 0.0117505 0.00569023 -0.000870106 0.000963975 0.00191732
141.46 0.400467 4.45211 0.00135741 1.24325 0.00129804 -0.00247394 0.0143006 -0.999894 0.0332719 0.00959833 0.00579553 -0.000112182 0.00125365 0.000583332 0.0329549 0.0105302 0.00598552 -0.000112182 0.00125365 0.000583332
142.104 0.410219 4.46059 0.0110127 1.24435 -0.000391164 -0.00228374 0.0218956 -0.999758 0.0270713 0.00422334 -0.00252751 0.00086387 0.000247245 -0.0798379 0.0271235 0.00582287 -0.00399831 0.000812059 0.000591357 -0.0686815
143.298 0.415825 4.49095 0.0144893 1.24539 0.000523043 -0.00213323 0.109225 -0.994015 0.0218798 0.00130046 0.000331335 0.000170025 9.46692e-05 -0.166511 0.0212693 0.00579722 0.00107568 0.000101764 9.66245e-05 -0.168579
143.954 0.415814 4.50957 0.01387 1.25373 0.000718813 -0.00238358 0.154418 -0.988003 0.020303 0.00213005 0.00276055 -0.00262425 0.00251665 -0.113181 0.0186374 0.00806992 0.00291077 -0.00257609 0.00304127 -0.117797
145.006 0.414485 4.54395 0.014549 1.25109 0.000487281 -0.00216829 0.174721 -0.984616 0.0206505 0.00204252 0.00157928 0.000381658 7.80984e-05 -0.00417432 0.0186802 0.00902018 0.00167137 0.000381658 7.80984e-05 -0.00417432
145.706 0.417264 4.56285 0.0174652 1.25089 0.000567818 -0.00192654 0.175671 -0.984447 0.0180101 0.00224684 -0.000127642 -0.00258109 -0.00418362 0.00798488 0.0161217 0.00833766 -5.47421e-05 -0.00258109 -0.00418362 0.00798488
146.7 0.423529 4.58895 0.0226542 1.23451 0.000102938 -0.00140024 0.148231 -0.988952 0.011923 0.00386643 0.00361239 0.00152462 -0.0013572 0.0801659 0.0103472 0.00732207 0.00318547 0.00160417 -0.0012731 0.0806893
147.764 0.424119 4.61313 0.0221214 1.23143 -0.000122876 -0.00218383 0.118865 -0.992908 0.0146443 0.000965973 0.00297739 0.000649093 -0.00174583 0.0222597 0.0139894 0.00439457 0.00303971 0.000649093 -0.00174583 0.0222597
148.406 0.421632 4.62938 0.0203984 1.23722 7.31419e-05 -0.00212044 0.121364 -0.992606 0.0144702 0.000655902 0.00372112 -0.000464254 3.8086e-05 -0.0226895 0.0138702 0.00412049 0.00378202 -0.000464254 3.8086e-05 -0.0226895
149.082 0.419218 4.64657 0.0182291 1.24597 8.19087e-05 -0.00200348 0.128692 -0.991683 0.0151926 0.0011308 0.00297064 0.000187539 -0.00120862 -0.0212452 0.0143889 0.00496915 0.0030309 0.000187539 -0.00120862 -0.0212452
149.732 0.416259 4.66582 0.0158404 1.24468 4.08616e-05 -0.00171632 0.13477 -0.990875 0.0159185 0.000998849 0.00216514 4.05482e-05 0.000297998 -0.0206846 0.015066 0.00521291 0.00221906 4.05482e-05 0.000297998 -0.0206846
150.78 0.412657 4.69489 0.0101409 1.23893 7.90011e-05 -0.00155356 0.144573 -0.989493 0.015922 0.000271729 0.0018024 0.000297184 -0.00090313 -0.0146742 0.0151731 0.00481469 0.00185163 0.000297184 -0.00090313 -0.0146742
151.434 0.408614 4.71278 0.00364807 1.24104 6.13309e-05 -0.00126264 0.151002 -0.988533 0.0155737 -0.00154558 0.000571883 -0.000578808 -5.89028e-05 -0.0292759 0.0153235 0.003174 0.000611449 -0.000578808 -5.89028e-05 -0.0292759
152.076 0.406271 4.72432 -0.000194619 1.24236 0.000186562 -0.00120065 0.16082 -0.986983 0.0135426 -0.0013417 0.000250529 2.78839e-05 3.15005e-05 -0.0333675 0.0133696 0.00300681 0.000227091 8.89104e-06 5.81696e-05 -0.0335405
152.674 0.404988 4.7315 -0.00352161 1.23653 0.000243692 -0.00121172 0.169771 -0.985483 0.011455 -0.00127355 -0.00019271 -0.00135215 0.000291462 -0.0244772 0.0112386 0.00275032 -5.62456e-05 -0.000904904 0.000470256 -0.026096
153.27 0.401911 4.7385 -0.00722197 1.23656 0.000338898 -0.00116947 0.172321 -0.98504 0.0105049 -0.000993352 0.00103361 0.000559386 0.000183154 0.00420446 0.010216 0.00263081 0.00105878 0.000559386 0.000183154 0.00420446
153.964 0.401861 4.74951 -0.00936264 1.24071 0.000236441 -0.00101332 0.169323 -0.98556 0.0101957 -0.00122262 0.000102667 4.93533e-05 -0.000940347 0.0103791 0.0100189 0.00225029 0.000123698 4.93533e-05 -0.000940347 0.0103791
154.576 0.401167 4.75705 -0.0119143 1.23582 0.000180816 -0.000948209 0.169085 -0.985601 0.00869141 -0.00220641 -0.000403596 -0.000408842 -8.97834e-05 -0.0131572 0.00893055 0.000816879 -0.000386898 -0.000408842 -8.97834e-05 -0.0131572
155.208 0.403903 4.76369 -0.0114611 1.21635 0.000308793 -0.000971053 0.175637 -0.984454 0.0077688 -0.00115614 0.000281477 4.0622e-05 -0.00045994 -0.0203833 0.00771476 0.00154192 0.000258827 -6.89314e-05 -0.000359249 -0.0211709
155.904 0.404901 4.77055 -0.0123474 1.21914 0.000288637 -0.000993881 0.180307 -0.98361 0.00731567 -0.00111045 0.000287281 9.9923e-05 -6.36632e-05 -0.00923603 0.00723795 0.00154285 0.000289864 5.24859e-05 -9.98204e-05 -0.00967861
156.898 0.40778 4.78039 -0.0113376 1.22636 0.000224544 -0.00101251 0.183451 -0.983028 0.00665453 -0.000461708 0.000694377 0.000322829 -0.000472021 -0.0038743 0.00637181 0.00196892 0.000708138 0.000322829 -0.000472021 -0.0038743
157.542 0.408255 4.78737 -0.0130231 1.23649 0.00026271 -0.00104525 0.18471 -0.982792 0.00639612 -0.00138227 0.000695712 -0.00015529 -0.000324125 -0.00154527 0.00646016 0.00103361 0.000709292 -0.00015529 -0.000324125 -0.00154527
158.148 0.408904 4.79454 -0.014329 1.23891 0.000535002 -0.000779299 0.183584 -0.983004 0.0058282 -0.000738912 -0.000291098 -0.000550721 -0.00101199 0.0251619 0.00588709 0.00128967 -0.000285822 -0.00081247 -0.00127584 0.0232247
158.78 0.412464 4.80413 -0.0129332 1.24032 0.000269552 -0.000993262 0.169104 -0.985598 0.00612009 0.000649829 -0.000219881 0.00085108 0.0016359 0.0602259 0.00543226 0.0026125 -7.35216e-05 0.000781602 0.00198401 0.0600847
159.72 0.417863 4.81263 -0.0118045 1.22337 0.000271325 -0.000713463 0.144354 -0.989526 0.00486187 -0.00018253 0.000419698 -0.000131835 0.000412951 0.0590317 0.004844 0.00123143 0.000261475 -0.000249059 0.000220187 0.0583996
160.358 0.420688 4.82012 -0.0119808 1.22243 0.0001892 -0.00119275 0.126253 -0.991997 0.00645147 -0.000570371 0.000537595 0.000302511 -0.00130371 0.058623 0.00638741 0.00106344 0.000553126 0.000302511 -0.00130371 0.058623
161.044 0.421576 4.82833 -0.0137381 1.23495 -7.48651e-05 -0.00110447 0.110637 -0.99386 0.00763937 -0.0024961 0.000421828 0.000235043 -0.000174702 0.0221955 0.00799327 -0.000538692 0.000460323 0.000853168 -0.00019966 0.0261381
161.658 0.422997 4.8337 -0.0137889 1.24126 0.000114834 -0.00116588 0.110835 -0.993838 0.00721404 -0.00272609 0.000657204 -0.000289161 0.000153612 -0.0153942 0.00763584 -0.00107014 0.000674186 -0.000289161 0.000153612 -0.0153942
162.306 0.425919 4.83916 -0.0124352 1.24603 0.000102036 -0.00127596 0.115736 -0.993279 0.00681267 -0.00142537 0.000104108 0.00107943 0.000136363 -0.0184766 0.00681714 6.66242e-05 0.000188544 0.00109033 0.000142281 -0.01824
163.296 0.430719 4.85107 -0.0130229 1.25322 9.7029e-05 -0.00135669 0.126434 -0.991974 0.00698613 -0.00176308 0.000522705 5.87995e-06 0.000429576 -0.0233507 0.0072036 4.54013e-05 0.000541943 5.87995e-06 0.000429576 -0.0233507
163.888 0.433865 4.85886 -0.0129512 1.2408 8.63291e-05 -0.00151654 0.131945 -0.991256 0.00818071 -0.00147453 -0.00048472 0.000209311 -0.000615787 -0.0164437 0.00813761 0.000642327 -0.000338422 0.000106174 -0.000393123 -0.0171673
164.52 0.438676 4.87104 -0.0138238 1.23089 4.6252e-05 -0.00147221 0.135458 -0.990782 0.010013 -0.00178262 0.000408127 3.44397e-05 5.83029e-05 -0.00841915 0.00996423 0.000942153 0.000398081 3.98711e-05 -0.000143613 -0.008718
165.118 0.442623 4.88302 -0.0160662 1.22896 0.000177954 -0.00103637 0.137239 -0.990537 0.0107767 -0.00203677 0.000280386 -0.00357288 -0.0116081 0.00113019 0.0109239 0.000969763 0.000302899 -0.00357288 -0.0116081 0.00113019
166.156 0.449135 4.89805 -0.0177083 1.20851 0.000128951 -0.000497332 0.11316 -0.993577 0.00467253 0.000711237 0.00530725 0.000467788 -0.0014583 0.0696082 0.00436868 0.00172214 0.00505719 0.000483459 -0.00142948 0.0697746
166.79 0.454602 4.908 -0.0180547 1.20834 0.00010654 -0.000513091 0.0931197 -0.995655 0.00574395 0.000113877 0.00032754 -7.17307e-05 -0.000995465 0.0682245 0.00572033 0.00124203 0.000411075 -2.36213e-05 -0.00125266 0.0682352
167.888 0.458669 4.92271 -0.0217891 1.217 -0.000223618 -0.000851982 0.0631283 -0.998005 0.0135685 -0.00240618 -1.89824e-05 0.00370104 -0.0152022 0.0314656 0.0137635 -0.000677313 5.04142e-06 0.00370104 -0.0152022 0.0314656
168.532 0.45784 4.92647 -0.025207 1.22518 5.18533e-05 -0.000756848 0.0702589 -0.997529 0.00498974 -0.00412731 0.00274304 0.00269421 0.0167292 -0.0572568 0.00551488 -0.00338772 0.00275062 0.00269421 0.0167292 -0.0572568
169.17 0.458126 4.93208 -0.0273947 1.23286 5.57989e-05 -0.00170588 0.0881919 -0.996102 0.0120492 -0.0051419 0.00231389 0.000120089 -0.000653847 -0.0578765 0.0127573 -0.00294587 0.00235592 0.000120089 -0.000653847 -0.0578765
169.804 0.462239 4.94199 -0.0288974 1.23044 0.000460325 -0.00135384 0.10277 -0.994704 0.0144038 -0.00402317 0.00129934 -0.00371155 -0.0128067 -0.0299481 0.0149724 -0.00117904 0.00362311 -0.0056358 -0.00596394 -0.0370063
170.468 0.466416 4.95074 -0.030469 1.22375 0.000436396 -0.000952054 0.0971793 -0.995266 0.00705126 -0.000224827 0.00817994 -0.00198403 0.0194957 0.0523062 0.00694675 0.00113478 0.00819373 -0.00198403 0.0194957 0.0523062
171.086 0.472763 4.95944 -0.0292289 1.21609 0.000120381 -0.0011259 0.079886 -0.996803 0.0134226 -0.000700854 0.00428651 9.43344e-05 -0.00940996 0.0574853 0.0133533 0.00144399 0.00431685 9.43344e-05 -0.00940996 0.0574853
171.712 0.47686 4.97012 -0.0318069 1.21116 0.000335166 -0.00195531 0.0628318 -0.998022 0.0163736 -0.00172566 0.00767804 0.000308441 -0.00119714 0.0538277 0.016431 0.000334419 0.00774184 0.000308441 -0.00119714 0.0538277
172.37 0.483609 4.98111 -0.0321186 1.21418 0.000324678 -0.000797683 0.0477255 -0.99886 0.0161147 -0.00155771 -0.00123779 -0.0010548 -0.0171409 0.0552657 0.0161917 -1.33126e-05 -0.0012125 -0.0010548 -0.0171409 0.0552657
173.02 0.490439 4.98907 -0.0295097 1.21706 0.000247934 -0.000541153 0.0198038 -0.999804 0.00562463 4.08124e-05 0.000748316 0.000880939 0.000420648 0.105346 0.00592259 0.000316848 0.00101488 0.000974714 0.000458992 0.104658
173.718 0.496187 4.99684 -0.0275015 1.22213 9.00057e-05 -0.000492458 -0.0135629 -0.999908 0.00303919 -0.00132955 -0.00160472 -3.36706e-05 -0.000841019 0.0914207 0.00310319 -0.00131856 -0.00156762 -2.39659e-05 -0.000855364 0.0926968
174.76 0.505638 5.00709 -0.0246615 1.21153 0.000517964 -0.00276467 -0.0510499 -0.998692 0.0064322 -0.000595227 0.00465012 0.00245812 -0.00667313 0.0616343 0.00484813 -0.00135934 0.00806291 -0.00131142 0.015997 0.061757
175.396 0.512128 5.01614 -0.024023 1.21755 0.000363659 -0.000275864 -0.0762862 -0.997086 0.00592836 -0.000106138 -0.00165031 0.000702846 0.00137718 0.109635 0.00584421 -0.00100564 -0.00164746 0.000702846 0.00137718 0.109635
176.484 0.518999 5.02536 -0.022594 1.21852 0.000207892 -0.000110665 -0.131771 -0.99128 0.0042054 -0.00164749 -0.000876603 -2.96898e-05 0.000217372 0.088915 0.00366349 -0.00267485 -0.00178224 -0.000268329 -0.000158188 0.0904681
177.502 0.528527 5.04174 -0.022913 1.22376 0.00037987 -0.00257707 -0.140977 -0.99001 0.0264186 -0.000706079 0.00890903 -0.000963652 -0.000177756 -0.032831 0.0249421 -0.00818496 0.00907357 -0.001225 -0.000362404 -0.0316249
178.472 0.550886 5.06335 -0.012688 1.21938 0.000648476 -0.00292042 -0.132234 -0.991214 0.029138 0.00589549 0.0117525 0.000529635 0.000598988 -0.00232935 0.0295434 -0.00199882 0.011781 0.000642322 0.000613291 -0.00296098
179.076 0.56941 5.08534 -0.005511 1.24249 0.000375135 -0.00341337 -0.133366 -0.991061 0.0343505 0.00676836 0.013681 0.00225616 -0.00105835 0.00108933 0.034823 -0.00255072 0.0139208 0.00225616 -0.00105835 0.00108933
179.682 0.588534 5.10937 -0.00185181 1.27887 0.000598672 -0.00383711 -0.130856 -0.991394 0.0396391 0.00507045 0.0148797 -0.000974415 -0.000668033 -0.0184628 0.0394804 -0.00539083 0.0151857 -0.000974415 -0.000668033 -0.0184628
180.762 0.624201 5.14762 0.0079434 1.28811 0.000247139 -0.000396594 -0.112895 -0.993607 0.0194955 0.00024417 0.003223 -0.0011258 0.00503299 -0.0780243 0.0190506 -0.00413708 0.00323742 -0.0011258 0.00503299 -0.0780243
181.504 0.639502 5.16211 0.0128601 1.30032 0.000396993 -0.000555307 -0.0835922 -0.9965 0.0118093 -0.000116291 -0.00316774 0.00107356 -0.000348646 -0.0808525 0.0117328 -0.00221295 -0.00273901 0.00110163 -0.000372691 -0.0808773
182.168 0.650563 5.1703 0.0184047 1.29787 0.000240674 -0.000330952 -0.0599848 -0.998199 0.00932386 3.60294e-05 -0.00396216 0.000107267 -0.000316673 -0.0777918 0.00926381 -0.00107905 -0.00395625 0.000107267 -0.000316673 -0.0777918
182.84 0.65923 5.17904 0.0240981 1.2994 0.000662677 -0.00680868 -0.0376145 -0.999269 0.0328036 0.00193296 0.0402251 -0.00198687 -0.0106588 -0.0458601 0.0295978 -0.000806592 0.0408437 -0.00313881 -0.00592741 -0.0497003
183.458 0.676988 5.20177 0.0283166 1.32829 0.000467893 -0.00536612 -0.0309266 -0.999507 0.0529538 0.00498115 0.0408199 0.00060405 -0.000983551 -0.011084 0.052105 0.00164745 0.0414867 0.000728996 -0.00118882 -0.0122321
184.082 0.701745 5.23314 0.0326987 1.3581 0.000196432 -0.005885 -0.0289999 -0.999562 0.0625032 0.00487761 0.0304533 7.90327e-05 -0.00166447 -0.00927064 0.0618312 0.00131296 0.0311886 0.000142383 -0.00169245 -0.00906737
185.15 0.747357 5.30913 0.0368362 1.39401 -0.000639402 -0.00574985 -0.0218781 -0.999744 0.0727478 0.000291574 0.0283595 -0.00116249 0.00177071 -0.0322944 0.0724432 -0.00263611 0.0292595 -0.00103169 0.00162327 -0.031542
185.844 0.774737 5.35757 0.0398019 1.41759 -0.000484924 -0.00721918 -0.00852787 -0.999937 0.0790163 -0.00151649 0.0338509 2.59572e-05 1.17763e-05 -0.0449164 0.0784822 -0.00282632 0.03499 2.59572e-05 1.17763e-05 -0.0449164
186.846 0.834953 5.45265 0.0405633 1.46907 -0.000861069 -0.00762205 0.0109197 -0.999911 0.0910436 -0.00378832 0.0438303 -0.000357998 0.00106844 -0.0419236 0.0904251 -0.00172987 0.0452184 -0.000357998 0.00106844 -0.0419236
187.494 0.881335 5.52033 0.0364057 1.5077 0.00128459 -0.00893226 0.0220479 -0.999716 0.103059 -0.0019848 0.055212 -0.00902718 -0.00341799 -0.021297 0.102047 0.0023944 0.0570451 -0.00902718 -0.00341799 -0.021297
188.136 0.942921 5.59494 0.0361226 1.52257 0.000729823 -0.00982175 0.018084 -0.999788 0.114395 0.00843471 0.0621188 0.00164344 -0.00123027 0.0356651 0.112774 0.0124514 0.0643657 0.00164344 -0.00123027 0.0356651
188.812 1.01338 5.68084 0.031728 1.55402 -0.00161914 -0.011704 0.0129822 -0.999846 0.131626 -0.00471306 0.0437548 -0.00291618 -0.00223652 -0.0137459 0.12989 -0.000691198 0.0469463 -0.00333626 -0.00301068 -0.0109409
189.486 1.09843 5.79346 0.0199034 1.57882 -0.00203011 -0.0215918 0.0212255 -0.999539 0.199833 -0.0156562 0.0804869 -0.000849255 -0.0155428 -0.0299963 0.196649 -0.00689233 0.0890974 -0.000849255 -0.0155428 -0.0299963
190.21 1.24549 5.96333 0.00790728 1.67165 0.000521741 -0.0199991 0.0255336 -0.999474 0.22605 -0.000665623 0.150293 0.00308102 0.00057659 0.0104003 0.218672 0.0100481 0.159368 0.00354787 0.00036498 0.00848265
190.874 1.29583 6.13226 0.00465685 1.76488 0.00127999 -0.0194912 0.0198219 -0.999613 0.236379 0.0082803 0.141691 0.00101483 0.000725213 0.0284965 0.230171 0.0171572 0.150821 0.00101483 0.000725213 0.0284965
191.586 1.29947 6.32466 0.00553301 1.86734 0.000602492 -0.0214581 0.00893298 -0.99973 0.242599 0.0143429 0.0942705 0.00140039 0.0250059 0.0330211 0.237193 0.0185993 0.115025 0.00107138 0.023432 0.0335351
192.214 1.29739 6.4975 0.00547598 1.92876 0.000408681 -0.0224282 0.00100238 -0.999748 0.261062 0.0142905 0.0870334 -0.000894214 0.000633796 0.0252063 0.256867 0.0147339 0.0986644 -0.000894214 0.000633796 0.0252063
192.868 1.17657 6.69611 0.00486546 2.0019 0.000373345 -0.0227005 -0.00565682 -0.999726 0.274169 0.0142448 0.0895935 -0.000278655 0.00263566 0.0187086 0.269963 0.0110944 0.101958 -0.000278655 0.00263566 0.0187086
193.564 1.01049 6.88684 0.00276544 2.01894 -0.000858279 -0.00160258 -0.000750593 -0.999998 0.149039 0.00443204 -0.0137973 -0.00384162 0.0365389 -0.058847 0.149089 0.00418499 -0.0133269 -0.00384162 0.0365389 -0.058847
194.222 0.89852 6.99602 -0.00556246 2.03343 -0.00177703 -0.0249827 0.020295 -0.99948 0.134314 -0.00205256 0.091346 0.00544227 0.19819 -0.0655515 0.129551 0.0036419 0.0979387 0.00544227 0.19819 -0.0655515
194.966 0.785934 7.13886 -0.0166945 2.05466 -0.00056779 -0.0131213 0.0324967 -0.999386 0.190032 -0.00792517 0.0425745 0.000274051 0.0115216 -0.0172154 0.188962 0.00444964 0.0475524 0.000274051 0.0115216 -0.0172154
195.636 0.692972 7.2746 -0.024941 2.10121 -0.00139955 -0.00994324 0.0381879 -0.99922 0.171492 -0.0113918 0.0488281 -0.000822273 0.00612965 -0.028207 0.171674 0.00198408 0.0520935 -0.00070894 0.0066523 -0.0267261
196.3 0.636748 7.3913 -0.0343642 2.14333 -0.000742976 -0.00783287 0.0492422 -0.998756 0.15331 -0.0116738 0.00961131 -0.00788458 -0.0467524 -0.0359833 0.154147 0.00331015 0.0230062 -0.00509375 -0.027804 -0.0370969
196.948 0.571274 7.47558 -0.0426588 2.13246 0.000101844 -0.00293074 0.0440413 -0.999025 0.108359 -0.00299301 0.00839518 0.0020147 0.00567636 0.0647513 0.109638 0.00665295 0.00871245 0.00228404 0.00666344 0.0628768
197.614 0.528018 7.5354 -0.0496834 2.13315 -0.000136056 -0.00299723 0.0184239 -0.999826 0.0937073 -0.00327484 0.0147881 -0.00158007 -0.000719284 0.0901076 0.0941232 0.000549413 0.0161361 -0.00155137 -0.000820209 0.0881685
198.24 0.52292 7.573 -0.0554921 2.15049 -0.000188769 -0.00270909 -0.0122761 -0.999921 0.0853498 -0.00393579 -0.00349292 0.000123661 -0.00105289 0.105493 0.0852451 -0.00603142 -0.00302885 0.000123661 -0.00105289 0.105493
199.036 0.517926 7.61417 -0.0639079 2.17004 8.14266e-05 -0.00405277 -0.0429016 -0.999071 0.0913269 -0.00534759 0.032279 -0.000850354 -0.00322641 0.0443822 0.0902677 -0.0131509 0.0330141 -0.000850354 -0.00322641 0.0443822
199.674 0.538179 7.64187 -0.0679812 2.20018 2.76251e-05 -0.0021256 -0.0513003 -0.998681 0.0868264 -0.00555293 -0.00325885 0.0035015 -0.0225414 0.00898449 0.086955 -0.0143572 -0.00147453 0.00333903 -0.0233755 0.0114373
200.514 0.545581 7.66451 -0.072749 2.2166 0.000258426 -0.00157171 -0.036016 -0.99935 0.0665722 -0.00881273 -0.0149243 -0.000133009 0.00315035 -0.0662424 0.065812 -0.0135761 -0.0147219 -0.000133009 0.00315035 -0.0662424
201.734 0.560107 7.68475 -0.0716215 2.23764 0.000455906 -0.00132487 -0.0470246 -0.998893 0.052345 -0.0056793 -0.020043 0.000245432 -0.000139752 0.0701394 0.0519414 -0.0103248 -0.0196276 0.000336467 -0.000159814 0.0701741
202.398 0.561843 7.69704 -0.0693437 2.24107 -0.000135565 -0.000559389 -0.0647762 -0.9979 0.055762 -0.00532307 0.00262501 0.00234275 -0.00883739 0.00902449 0.0557121 -0.0120846 0.00201888 0.00454407 -0.0168854 0.0188109
203.106 0.565911 7.70459 -0.0655623 2.2519 0.000466394 -0.0010095 -0.0489153 -0.998802 0.0426418 -0.00776302 -0.00556158 -0.000715748 0.000116295 -0.0785043 0.0420429 -0.0121835 -0.0042915 -0.000877111 0.000105812 -0.077309
203.792 0.567924 7.7106 -0.0610545 2.25448 0.000229569 -0.00314477 -0.0245383 -0.999694 0.0379348 -0.00607218 0.0222892 0.00591213 0.0404837 -0.069377 0.0368676 -0.00798914 0.0211365 0.00753865 0.0418165 -0.0706475
205.1 0.59139 7.73962 -0.0558224 2.28281 0.00111526 -3.31973e-05 0.00329268 -0.999994 0.0403485 -0.00440255 -0.0035623 0.00107257 0.00669403 0.0119083 0.0403768 -0.00412879 -0.00356913 0.00107257 0.00669403 0.0119083
206.228 0.596173 7.76431 -0.0405221 2.29359 0.000942021 -0.00506285 -0.0261977 -0.999644 0.0454115 0.00340121 0.0229703 0.0025368 -0.00629501 0.058769 0.0444495 0.000915988 0.0241762 0.00117612 -0.00782046 0.0598109
207.324 0.60185 7.80285 -0.0330548 2.29975 -0.000123345 -0.00593169 -0.0177158 -0.999825 0.0411989 -0.00387699 0.0181197 -0.00166846 -0.00790013 -0.0593971 0.0392955 -0.00526456 0.0185968 -0.00156595 -0.00508104 -0.0591943
208.204 0.619269 7.84409 -0.0279003 2.32229 0.00152385 -0.0048695 -0.00225026 -0.999985 0.0535092 0.00426509 0.0156091 0.00308994 -0.000159666 0.0156925 0.0530812 0.00341712 0.0163184 0.00268892 -5.32089e-05 0.00960234
208.906 0.642907 7.88497 -0.0187184 2.34638 0.000878105 -0.00518494 -0.0167087 -0.999847 0.0591409 0.00886349 0.013844 -5.8301e-05 -0.000331876 0.0562805 0.0590544 0.00694023 0.0144779 -6.95175e-06 -0.000489644 0.0560326
209.574 0.671629 7.92673 -0.00941581 2.3684 0.000828145 -0.00578656 -0.0330049 -0.999438 0.0648216 0.0106575 0.0144348 0.000737477 -0.000648344 0.0503552 0.0652113 0.00633883 0.0152018 0.000737477 -0.000648344 0.0503552
210.248 0.674731 7.97603 -0.000968435 2.3616 -4.80836e-05 -0.00691658 -0.0422533 -0.999083 0.0747827 0.00666932 -0.00272563 -0.00190427 -0.00169023 0.00519538 0.0751093 0.000329868 -0.00168827 -0.00190427 -0.00169023 0.00519538
210.984 0.673266 8.03197 0.00181994 2.35045 -0.000108397 0.000149271 -0.0359135 -0.999355 0.048264 0.00255272 0.00303612 -0.00120298 0.0140276 -0.0554592 0.0483236 -0.000917661 0.00302151 -0.00120298 0.0140276 -0.0554592
212.082 0.68508 8.07638 0.00679411 2.34598 0.000540793 -0.00192266 -0.00931568 -0.999955 0.0234029 0.00566996 0.00485777 0.00214205 0.00031045 0.0268698 0.0237033 0.00517196 0.00402049 0.00222861 0.000382541 0.0211823
212.908 0.66299 8.11153 0.0117663 2.31168 0.000677843 -0.0077751 -0.0292002 -0.999543 0.0579975 0.00966196 -0.0274466 -5.51508e-05 -0.00929064 0.0489994 0.0588832 0.00628407 -0.0265266 -5.51508e-05 -0.00929064 0.0489994
213.594 0.68024 8.16324 0.0170805 2.31326 0.000565232 -0.00665633 -0.0414958 -0.999116 0.0687907 0.0102999 -0.0279196 -0.00023073 -0.000151817 0.0283659 0.0697744 0.00457601 -0.0269881 -0.00023073 -0.000151817 0.0283659
214.234 0.707468 8.21569 0.021013 2.31441 -0.000559105 0.000370966 -0.0462719 -0.998929 0.0546021 0.00636735 -0.00422817 0.000906236 -0.00447499 -0.0246379 0.0549535 0.0012878 -0.00427314 0.000906236 -0.00447499 -0.0246379
215.328 0.732092 8.27773 0.0216784 2.31116 0.000413133 -0.00206899 -0.00428739 -0.999989 0.0244009 0.00179337 0.00297982 -0.000438374 -0.000371546 -0.0818517 0.0246031 0.00153006 0.00358631 -0.000343861 -0.000106955 -0.0839675
216.02 0.733643 8.30999 0.0213399 2.28287 -0.000518279 -0.00872472 0.0167914 -0.999821 0.0559573 -0.00465683 -0.0545626 -0.00102711 -0.0123612 -0.0565444 0.0570264 -0.00281539 -0.0535728 -0.00102711 -0.0123612 -0.0565444
217.08 0.761608 8.4019 0.0242506 2.24347 0.00141875 -0.00772683 0.0296985 -0.999528 0.0761042 0.00506809 -0.045872 0.002865 -0.000303822 0.0334846 0.0763645 0.00972685 -0.0446723 0.002865 -0.000303822 0.0334846
217.726 0.786146 8.46442 0.0273226 2.22037 0.00127814 -0.00810504 0.012851 -0.999884 0.0546259 0.00515405 -0.059589 -0.00492481 0.0610459 0.060993 0.0538599 0.00654702 -0.0588473 -0.00882372 0.0808246 0.0608635
218.594 0.818659 8.55522 0.0326847 2.16664 0.00102812 -0.00891841 -0.00885206 -0.999921 0.0899684 0.00785408 -0.0628695 -0.000163704 -0.00220935 0.0463575 0.0912013 0.00637783 -0.0612389 -0.000163704 -0.00220935 0.0463575
219.618 0.890211 8.66176 0.0399354 2.13637 0.00017611 -0.0017962 -0.0104495 -0.999944 0.0480753 0.000572297 0.0117212 -0.0020133 0.00222066 -0.0575868 0.0480343 -0.000436212 0.0118938 -0.0020133 0.00222066 -0.0575868
220.644 0.944051 8.76175 0.0534543 2.07118 0.000480021 -0.00156772 -0.00758285 -0.99997 0.0984573 0.0120679 -0.0537338 -0.0131427 0.00744646 0.045762 0.102501 0.0112739 -0.0213635 0.00604559 -0.0846471 0.043656
221.328 0.984468 8.83272 0.0661956 2.02375 0.00172912 -0.0110426 -0.0244581 -0.999638 0.118485 0.0179318 -0.0934675 0.000323761 -0.00542964 0.0549399 0.121262 0.0123845 -0.0907666 0.000323761 -0.00542964 0.0549399
222.01 1.03598 8.92767 0.0819949 1.96516 0.000409017 -0.0123818 -0.0392052 -0.999154 0.139452 0.0160374 -0.118354 -0.00181267 -0.00271006 0.0224014 0.143169 0.00504325 -0.114843 -0.00181267 -0.00271006 0.0224014
222.952 1.10161 9.06048 0.100132 1.91911 -5.54686e-06 -0.000414967 -0.0333212 -0.999445 0.0844262 0.00758833 0.012937 -0.00199632 0.0289227 -0.0621241 0.0847334 0.00194874 0.0130072 -0.00199632 0.0289227 -0.0621241
223.652 1.09627 9.1474 0.103417 1.84433 -0.00185304 -0.0217168 -0.0113217 -0.999698 0.173585 -0.00744132 -0.151217 -0.00256741 -0.0340556 -0.0599497 0.174967 -0.0115349 -0.143216 -0.00277134 -0.0371504 -0.0606925
224.324 1.10427 9.26186 0.10034 1.8028 0.000729106 0.00390968 0.00546139 -0.999977 0.129404 -0.00378846 0.0121415 0.00370961 0.0409218 -0.0620186 0.137741 -0.00308938 0.0094284 0.00403666 0.034747 -0.0613844
225.026 1.10285 9.33403 0.0977674 1.79149 -0.00311394 -0.0190557 0.0269505 -0.99945 0.0995031 -0.0056982 -0.147322 0.0223836 0.179423 -0.0655321 0.105229 -0.0010833 -0.143398 0.0223836 0.179423 -0.0655321
225.664 1.11105 9.41531 0.0903785 1.78333 0.00130351 0.00125974 0.0353535 -0.999373 0.101635 -0.00421882 8.61733e-05 0.00659017 0.0401592 0.0338363 0.101679 0.00297361 -0.000171734 0.00659017 0.0401592 0.0338363
226.27 1.10996 9.45959 0.0907768 1.78276 0.00026895 -0.00148756 0.0183104 -0.999831 0.0725726 0.000629964 -0.0058516 0.00113188 0.00181212 0.0713772 0.0734706 0.00335631 -0.00152747 0.00120602 0.00171473 0.0713966
226.934 1.10438 9.51419 0.0981942 1.73112 0.003448 -0.0217841 -0.00296979 -0.999752 0.144298 0.0158711 -0.124871 -0.00351437 0.0790129 0.0614825 0.14196 0.0148073 -0.119284 -0.0106023 0.116782 0.062206
228.02 1.08406 9.66415 0.118115 1.6991 -0.00109899 0.00283317 -0.0230385 -0.99973 0.116166 0.0124014 -0.003808 -0.00720624 0.0453328 -0.0338553 0.116591 0.00702848 -0.00448898 -0.00720624 0.0453328 -0.0338553
229.03 1.08319 9.73139 0.118835 1.66756 -0.00211004 -0.0112356 0.013454 -0.999844 0.0764763 0.00364285 -0.0868663 0.0472804 0.262031 -0.076972 0.0736202 0.00639218 -0.0783952 0.0507221 0.254908 -0.0779065
229.87 1.10202 9.83106 0.105126 1.6134 6.22402e-05 -0.00247536 0.0365162 -0.99933 0.210158 -0.0206307 0.0083403 -0.0247474 -0.258314 -0.0504765 0.211059 -0.0052403 0.00938205 -0.0247474 -0.258314 -0.0504765
230.61 1.12845 9.9285 0.087695 1.53347 -0.00394065 -0.0203718 0.05589 -0.998221 0.204535 -0.0300953 -0.129435 -0.0035548 -0.0385218 -0.0560709 0.207158 -0.00744261 -0.120155 -0.00472099 -0.0387335 -0.0565578
231.312 1.17602 10.0639 0.0653258 1.46977 -0.000296501 -0.0192816 0.0668059 -0.99758 0.261033 -0.0221148 -0.116996 0.00378114 -0.00463721 -0.00215357 0.26443 0.0124575 -0.106963 0.00472372 -0.00624447 -0.00503421
232.038 1.05986 10.2197 0.0422788 1.39236 -0.00240442 -0.0192685 0.0644992 -0.997729 0.278156 -0.0264712 -0.126785 0.0271031 -0.0186661 0.00602335 0.283954 0.00928219 -0.115888 0.0271031 -0.0186661 0.00602335
232.754 0.941137 10.3899 0.0103124 1.30012 -0.002045 -0.0190113 0.0692035 -0.997419 0.274485 -0.0423989 -0.109772 -0.0382705 0.0145611 -0.0249454 0.281383 -0.00476314 -0.103716 -0.0282181 0.0102411 -0.0252869
233.438 0.825872 10.5376 -0.0156034 1.25654 -0.000368147 -0.0105528 0.0716857 -0.997371 0.222684 -0.0233525 -0.059867 0.00221892 0.0192474 0.00818532 0.224948 0.00877837 -0.0551254 0.00221892 0.0192474 0.00818532
234.136 0.750128 10.6599 -0.0357004 1.2266 -0.00123766 -0.0100455 0.069506 -0.99753 0.186533 -0.0218784 -0.0502482 -0.000868858 0.00502995 -0.000933174 0.189736 0.00436786 -0.0464706 -0.000807823 0.00606505 -0.000263905
234.836 0.691098 10.7658 -0.0578489 1.19661 -0.00100812 -0.00901557 0.0714879 -0.9974 0.164935 -0.0219789 -0.0381505 -0.000342735 0.00371557 -0.00838684 0.167689 0.00182269 -0.0352434 -0.000379332 0.00407343 -0.00832199
235.552 0.649445 10.8548 -0.0758639 1.17879 -0.000804066 -0.0081589 0.0743336 -0.9972 0.149944 -0.020586 -0.0266725 -3.34597e-05 0.0021987 -0.00683653 0.151756 0.00186237 -0.024189 -3.34597e-05 0.0021987 -0.00683653
236.314 0.624199 10.9398 -0.095758 1.15807 -0.000999095 -0.00704769 0.0796017 -0.996801 0.132366 -0.0224358 -0.0320795 -0.00110825 0.00170048 -0.0250405 0.134692 -0.00117168 -0.0301676 -0.00110825 0.00170048 -0.0250405
237.506 0.642097 11.0564 -0.127687 1.08504 0.000171334 -0.00645378 0.0914114 -0.995792 0.116346 -0.0212312 -0.0363671 -0.00775816 -0.00328584 -0.0080202 0.118724 0.000359895 -0.0348472 -0.00775816 -0.00328584 -0.0080202
238.204 0.658448 11.1188 -0.142197 1.051 0.000104395 -0.00676193 0.0866485 -0.996216 0.112251 -0.0166384 -0.0403069 0.000630374 -0.000351207 0.0313672 0.11397 0.0030461 -0.0387728 0.000630374 -0.000351207 0.0313672
239.404 0.671393 11.229 -0.164225 1.02868 -5.23638e-05 -0.00789272 0.0826863 -0.996544 0.11098 -0.0220078 -0.00845001 -0.00200666 0.00172772 -0.0131162 0.113209 -0.003407 -0.00667308 -0.00200666 0.00172772 -0.0131162
240.592 0.69679 11.3473 -0.185151 1.00295 -0.000197258 -0.00825594 0.0817482 -0.996619 0.10924 -0.0189297 -0.0114139 -0.00282792 -0.000886637 0.0080217 0.111038 -0.000865505 -0.00958518 -0.00282792 -0.000886637 0.0080217
241.692 0.709608 11.466 -0.194666 0.99993 -0.000133294 -0.00886548 0.0720481 -0.997362 0.108502 -0.0132033 -0.0115685 0.0016061 0.000975344 0.0247715 0.109486 0.00257032 -0.0130677 0.000787814 0.000603176 0.0249119
242.85 0.757663 11.6031 -0.207976 0.981378 -0.000539931 -0.00937321 0.0646084 -0.997867 0.112071 -0.0139891 0.00871251 0.00438233 -0.000907953 0.00765869 0.112756 0.000578276 0.0108316 0.00438233 -0.000907953 0.00765869
243.544 0.787557 11.6946 -0.219874 0.982198 -0.000682008 -0.010505 0.0644892 -0.997863 0.119678 -0.0173603 0.00867232 -0.000610219 -0.00183251 -0.00488654 0.120707 -0.00181128 0.0112161 -0.000610219 -0.00183251 -0.00488654
244.222 0.834372 11.7902 -0.230588 0.975115 -0.000288419 -0.011167 0.0657209 -0.997776 0.126547 -0.0153844 0.000134702 0.000892868 -0.00117216 0.00351919 0.127234 0.00124159 0.00293951 0.000917986 -0.00151836 0.00259851
244.942 0.900095 11.9055 -0.242244 0.959561 -0.000537522 -0.0122183 0.0633296 -0.997918 0.137363 -0.0146477 0.000150218 0.000214579 -0.00137373 0.0106177 0.138068 0.00283364 0.0035289 0.000214579 -0.00137373 0.0106177
245.62 0.986147 12.0213 -0.254049 0.948604 -0.00108692 -0.0136821 0.0611678 -0.998033 0.151968 -0.0174011 -0.0108422 -0.000692811 -0.00252227 0.00226705 0.153195 0.00128277 -0.00664117 -0.000692811 -0.00252227 0.00226705
246.322 1.03218 12.1466 -0.270561 0.947278 -0.000595434 -0.0155492 0.0610748 -0.998012 0.170434 -0.0186265 -0.00088108 0.000807442 -0.00345061 0.00425044 0.171378 0.00229339 0.00445415 0.000807442 -0.00345061 0.00425044
247 1.01563 12.2963 -0.287396 0.948254 -0.00100397 -0.024973 0.0589709 -0.997947 0.234817 -0.0233807 -0.00361942 0.0003956 -0.0151417 0.00877996 0.235822 0.00443501 0.00817708 0.0003956 -0.0151417 0.00877996
247.754 0.995551 12.5229 -0.310942 0.941273 -0.00126442 -0.0241289 0.0562153 -0.998126 0.266252 -0.0252858 -0.00107454 0.0152683 -0.00256033 0.00720161 0.265952 0.00465528 0.0184451 0.00109523 -0.000711529 0.00727754
248.404 0.973485 12.7149 -0.330698 0.937621 -0.00182594 -0.0146322 0.05771 -0.998225 0.220287 -0.0276501 -0.00724461 -0.000768136 0.0198197 -0.015262 0.223906 -0.00205571 -0.000967325 -0.000787189 0.0233271 -0.0140687
249.122 0.918357 12.9025 -0.353567 0.935548 -0.0020332 -0.0158236 0.0643361 -0.997801 0.20271 -0.0280788 -0.0116304 -0.000874315 0.00201766 -0.0234849 0.204904 -0.00183071 -0.00510535 -0.000874315 0.00201766 -0.0234849
250.266 0.784808 13.1872 -0.390589 0.930435 -0.000216464 -0.0146124 0.0653937 -0.997752 0.199774 -0.0163327 -0.00662018 0.00148595 -0.0012742 0.0224641 0.200165 0.00971036 -0.00088315 0.00122665 -0.00146405 0.0217913
250.954 0.736165 13.3379 -0.408273 0.924739 -0.000585349 -0.0116729 0.0567024 -0.998323 0.18344 -0.0139282 -0.00454893 -0.000330841 0.00466803 0.0279393 0.183893 0.00693268 -0.000249791 -0.000330841 0.00466803 0.0279393
251.676 0.718091 13.4752 -0.426634 0.913691 -0.0019369 -0.0106633 0.0495973 -0.998711 0.170424 -0.0176267 -0.000283692 -0.000213325 -0.000435231 0.00407758 0.171298 -0.000650329 0.00340032 -0.000213325 -0.000435231 0.00407758
252.42 0.710737 13.6056 -0.447706 0.908784 -0.0013156 -0.0100549 0.0557185 -0.998395 0.163907 -0.0223698 0.000900556 -0.00478135 1.57114e-05 -0.0290854 0.165497 -0.0037825 0.0050259 -0.000973185 5.59834e-05 -0.0290326
253.146 0.684503 13.7175 -0.46946 0.880422 0.000133311 -0.00957083 0.0559168 -0.99839 0.160133 -0.0150056 -0.000830292 0.0018499 -0.000451311 0.025168 0.160926 0.00291989 0.00223973 0.00198588 -0.000241887 0.0232091
253.82 0.675545 13.8165 -0.480847 0.873306 -0.000171878 -0.00880526 0.0461591 -0.998895 0.153583 -0.0128473 -6.25799e-05 -0.000243186 0.000970728 0.0335122 0.154091 0.0013708 0.00265154 -0.000243186 0.000970728 0.0335122
254.502 0.653691 13.9142 -0.491345 0.887258 -0.000750468 -0.00867595 0.0361284 -0.999309 0.149305 -0.0131913 -0.00438323 0.00386982 0.00143509 0.0203702 0.150027 -0.00195115 -0.0017353 0.00557347 0.00216688 0.0225703
255.216 0.608409 14.0029 -0.501141 0.88942 -0.000531781 -0.00790257 0.0347344 -0.999365 0.143377 -0.0157067 -0.00441965 -0.000342117 0.000358358 -0.00620513 0.144396 -0.00577409 -0.00218907 -0.000585486 0.00037731 -0.00566368
256.29 0.562121 14.1168 -0.513234 0.881047 -0.00029482 -0.00137788 0.0416815 -0.99913 0.103863 -0.0126172 0.000979015 -0.000452265 0.0112255 -0.040713 0.106764 -0.00407576 0.00109342 -0.000358375 0.00932408 -0.0376876
256.992 0.556348 14.1615 -0.524102 0.903869 -0.000647061 -0.00606812 0.0596021 -0.998204 0.0937339 -0.0156264 0.0297257 -0.00167522 -0.00375895 -0.0601995 0.0945579 -0.00434438 0.0308833 -0.00167522 -0.00375895 -0.0601995
258.048 0.548115 14.2224 -0.533181 0.929218 -4.86856e-05 -0.00209544 0.0917973 -0.995776 0.0742939 -0.011478 -0.00649808 -0.000294249 0.00290151 -0.0924723 0.0751667 0.00229967 -0.00618312 -0.000294249 0.00290151 -0.0924723
258.736 0.544271 14.2505 -0.535037 0.929169 8.33754e-05 -0.00221021 0.121183 -0.992628 0.0632009 -0.0082779 -0.00845199 0.000227273 -0.000368995 -0.0885883 0.0633724 0.00717588 -0.00817025 0.000227273 -0.000368995 -0.0885883
259.432 0.542713 14.2777 -0.53916 0.865364 -0.000415283 -0.00564366 0.145276 -0.989375 0.0697218 -0.0116893 0.0161287 -0.0014879 -0.00610434 -0.0441201 0.0699526 0.00883386 0.0169267 -0.0014879 -0.00610434 -0.0441201
260.142 0.550275 14.3073 -0.549403 0.869488 -0.000289375 -0.00467724 0.152788 -0.988248 0.0736152 -0.0150627 0.0130828 6.68281e-05 -0.000162309 -0.00939649 0.0746016 0.0078602 0.0137864 6.68281e-05 -0.000162309 -0.00939649
260.982 0.559949 14.3483 -0.560885 0.876938 -0.000744117 -0.00433745 0.156234 -0.98771 0.0695405 -0.0169172 0.0186317 0.000618788 0.00013503 -0.0177458 0.0712001 0.00537337 0.0192584 0.000618788 0.00013503 -0.0177458
261.7 0.571008 14.3863 -0.570996 0.906701 -0.000661796 -0.00483753 0.167445 -0.985869 0.0651323 -0.0178825 0.0167973 -0.000355441 0.000962114 -0.0382167 0.0673666 0.00462713 0.0175574 -0.000341313 0.000984454 -0.0383269
262.324 0.584416 14.4173 -0.582977 0.901999 -0.000639561 -0.00524465 0.177436 -0.984118 0.0635108 -0.0189298 0.0189075 -1.55596e-05 -0.000147264 -0.0311448 0.0659196 0.00443149 0.0196067 -1.55596e-05 -0.000147264 -0.0311448
263.11 0.596105 14.4623 -0.597634 0.92025 -0.000466349 -0.00558936 0.183856 -0.982937 0.0630918 -0.0175043 0.0342188 0.000166201 0.000183839 -0.00205469 0.0648505 0.00648405 0.0348687 7.31271e-05 5.07352e-05 -0.0034786
263.782 0.612589 14.5022 -0.613723 0.95373 -0.000542237 -0.00601683 0.183557 -0.982991 0.0617581 -0.0188211 0.0356047 -0.000141476 -6.68096e-05 0.00276497 0.0639663 0.00476735 0.0367246 -0.000113082 -0.000152175 0.00272281
264.472 0.628767 14.5494 -0.630876 0.97012 0.000640114 -0.00118948 0.180203 -0.983629 0.0484851 -0.013721 -0.0103579 0.00029769 0.00124609 0.0398828 0.0502221 0.00437581 -0.0102446 0.00029769 0.00124609 0.0398828
265.142 0.644255 14.5863 -0.644258 0.985517 0.000117803 -0.00247146 0.159846 -0.987139 0.0323643 -0.00877042 -0.022001 0.000128245 0.000370605 0.0748509 0.0338769 0.00195792 -0.0205248 0.000244408 0.000409975 0.0749535
265.808 0.652527 14.6202 -0.651412 1.00538 -0.000154251 -0.00755016 0.137832 -0.990427 0.0496784 -0.0104655 0.000955199 0.0109522 -0.065523 0.0624348 0.0482052 0.00340695 0.00492449 0.00579811 -0.0226514 0.0627497
266.554 0.644323 14.6602 -0.657578 1.00617 -4.8471e-05 -0.00202766 0.113596 -0.993525 0.0323403 -0.00682701 -0.00790149 0.000373035 0.000206457 0.0760765 0.0334585 0.000771023 -0.00996348 0.000360319 0.000994942 0.0761791
267.228 0.638057 14.6874 -0.664903 1.00988 0.000314605 -0.00792774 0.0916453 -0.99576 0.0392689 -0.00744872 -0.0052327 -0.00148921 0.0231359 0.0632923 0.0400462 -0.000145806 -0.00460363 -0.00148921 0.0231359 0.0632923
268.032 0.631873 14.7323 -0.669971 0.973777 0.000103312 -0.00125224 0.0631611 -0.998003 0.0363409 -0.00548285 0.0231054 0.000400681 0.00713038 0.102709 0.0376508 -0.000636835 0.0220329 0.000406798 0.00908969 0.100385
268.73 0.6271 14.7587 -0.674085 0.983387 8.08051e-06 -0.00164137 0.0284544 -0.999594 0.0281722 -0.00508292 0.0185843 0.000298649 0.000743123 0.119174 0.0286735 -0.00343654 0.0200933 0.000236634 0.000751807 0.118939
269.442 0.624475 14.7782 -0.677629 1.01086 -0.000134885 -0.0016227 -0.010909 -0.999939 0.0244389 -0.00556134 -0.00848457 -8.5979e-05 0.000157715 0.105061 0.0243392 -0.00609577 -0.00840384 -8.5979e-05 0.000157715 0.105061
270.18 0.621696 14.797 -0.681142 1.02187 4.30459e-05 -0.00149512 -0.0435035 -0.999052 0.0222077 -0.00588938 -0.0229927 -0.00271503 -0.000172232 0.0902117 0.0217717 -0.0077773 -0.0225606 -0.00287538 -7.89866e-05 0.0878744
270.926 0.618832 14.8142 -0.683224 1.0131 -4.002e-05 -0.00133212 -0.0792158 -0.996857 0.0208171 -0.00440435 -0.0166176 0.0006969 -0.000598117 0.112309 0.0199042 -0.00764163 -0.0165627 0.0006969 -0.000598117 0.112309
272.05 0.616907 14.8393 -0.684233 0.992144 5.02264e-05 -0.0010826 -0.131872 -0.991266 0.0187214 -0.00447476 0.00844258 -0.000595866 -0.000710009 0.0980533 0.0170411 -0.0093279 0.00936919 -0.000779033 -0.000761881 0.097183
272.738 0.617071 14.8496 -0.684786 0.995737 -9.14616e-05 -0.000963742 -0.168411 -0.985716 0.0160599 -0.00410971 -0.000831924 -0.000227761 -0.000856721 0.104124 0.013786 -0.00920908 -0.000801508 -0.000227761 -0.000856721 0.104124
273.424 0.615671 14.8595 -0.686624 0.996562 0.000884319 -0.00330188 -0.197226 -0.980352 0.015603 -0.00356376 0.000979874 -0.00818801 0.0626411 0.0795595 0.0130041 -0.00932074 0.0010646 -0.00818801 0.0626411 0.0795595
274.16 0.618957 14.8858 -0.681752 1.00374 0.00132078 -0.00478552 -0.21806 -0.975923 0.0453016 0.0129565 -0.000368765 -0.00016597 -0.00129559 0.0426061 0.0458136 -0.00773247 0.000187749 -0.000238015 -0.00150997 0.043248
274.946 0.633301 14.9243 -0.666958 0.994883 0.00136044 -0.00475627 -0.231229 -0.972887 0.0519428 0.0181026 -0.000934171 -0.000694726 -5.47285e-05 0.0290812 0.0545397 -0.00720348 -0.000398355 -0.000694726 -5.47285e-05 0.0290812
275.726 0.650034 14.9633 -0.647889 0.989182 0.00126449 -0.00549544 -0.238755 -0.971064 0.0570405 0.0209247 0.00751285 -0.000697134 4.952e-05 0.00787849 0.0601516 -0.00790964 0.00819301 -0.000697134 4.952e-05 0.00787849
276.44 0.674927 15.0029 -0.624605 1.01184 0.00139708 -0.00609106 -0.240438 -0.970645 0.0600085 0.0247458 0.00758271 -2.74956e-05 0.00016444 -0.00078732 0.064398 -0.00614347 0.00852514 -8.97472e-06 0.000116728 -0.000729455
277.176 0.698725 15.0512 -0.596528 1.03764 0.000692674 -0.00641052 -0.240256 -0.970688 0.0646931 0.0271496 0.0220699 0.00136425 -0.000618788 -0.0120418 0.0696003 -0.00612164 0.0229717 0.00136425 -0.000618788 -0.0120418
277.91 0.73143 15.1112 -0.565397 1.07303 0.00110331 -0.00710797 -0.232668 -0.97253 0.0716043 0.0283965 0.0234059 0.000176771 -0.000797863 -0.0310767 0.0763594 -0.00705665 0.0245115 0.000176771 -0.000797863 -0.0310767
278.598 0.760571 15.1749 -0.536893 1.0961 0.00137785 -0.0079064 -0.223669 -0.974632 0.0797941 0.0317147 0.027163 -0.00159459 -0.000351327 -0.0246361 0.084956 -0.00626055 0.0283452 -0.0014463 -0.000694319 -0.0251214
279.308 0.791485 15.2476 -0.504449 1.12263 0.00153576 -0.00857231 -0.217816 -0.975951 0.0886896 0.0370016 0.0303329 0.000216286 -0.000269968 -0.0162192 0.0950422 -0.00428439 0.0320885 0.00028615 -0.000933023 -0.0165948
280.062 0.827261 15.33 -0.469798 1.14789 0.0017591 -0.00931711 -0.213713 -0.976851 0.0981603 0.0406504 0.0328043 -0.000317133 -0.000161444 -0.0116975 0.105526 -0.00403343 0.034813 -0.000317133 -0.000161444 -0.0116975
280.73 0.861431 15.4091 -0.43374 1.15095 0.00155892 -0.0101656 -0.209674 -0.977717 0.107124 0.0435767 0.031913 6.45234e-05 -0.00113769 -0.0174567 0.114514 -0.0041452 0.034043 0.000138377 -0.00111182 -0.0172005
281.43 0.899333 15.5003 -0.394483 1.15338 0.00257227 -0.0110424 -0.207047 -0.978265 0.119075 0.0524041 -0.00486436 0.000893681 -0.00245376 0.000186322 0.130173 -0.000330691 -0.00191401 0.000893681 -0.00245376 0.000186322
282.144 0.937053 15.6017 -0.34951 1.13131 0.00330176 -0.0111799 -0.21157 -0.977293 0.125286 0.060888 -0.0212563 0.00057093 0.000203693 0.0244199 0.139707 0.00365332 -0.0180069 0.00057093 0.000203693 0.0244199
282.824 0.906767 15.699 -0.299558 1.10478 0.00335248 -0.0123643 -0.219635 -0.975498 0.133935 0.0672087 -0.0197949 -0.000459703 -0.00096752 0.025252 0.149818 0.00339079 -0.0159752 -0.000547619 -0.0010645 0.0254187
283.538 0.935507 15.8049 -0.244891 1.13901 0.00220614 -0.0120422 -0.224608 -0.974372 0.138099 0.0641841 0.0502084 -0.000658238 0.000412581 -0.00103671 0.150987 -0.00269042 0.0539204 -0.000658238 0.000412581 -0.00103671
284.234 0.969698 15.9189 -0.187081 1.1739 0.00250907 -0.0127202 -0.222365 -0.974877 0.14676 0.0670062 0.0488953 -0.000555872 -0.000274737 -0.0116614 0.159978 -0.00322179 0.0530618 -0.000555872 -0.000274737 -0.0116614
285.066 1.00689 16.0535 -0.125162 1.21119 0.00316859 -0.013914 -0.220295 -0.975329 0.158753 0.0735942 0.029842 -0.000930403 -0.000493972 -0.00135188 0.17405 -0.00178514 0.0348231 -0.000930403 -0.000493972 -0.00135188
285.838 0.911083 16.2136 -0.0477547 1.27202 0.00520435 -0.0228579 -0.220604 -0.975082 0.22612 0.10769 0.0489368 0.000844234 -0.00947823 0.00067813 0.24584 -0.000213869 0.060963 0.000918706 -0.0121787 0.000641647
286.524 0.749709 16.3687 0.0318637 1.31675 0.00258925 -0.0111204 -0.221213 -0.975159 0.184339 0.089223 0.0471242 0.000428746 0.0192129 0.00100436 0.203665 0.000942129 0.0517883 0.000428746 0.0192129 0.00100436
287.178 0.631065 16.4958 0.0998923 1.34915 0.00194645 -0.00940825 -0.222219 -0.974949 0.147735 0.073118 0.0325929 3.31004e-05 0.00924653 0.00324912 0.164172 0.00188899 0.0357526 3.31004e-05 0.00924653 0.00324912
288.072 0.520238 16.6292 0.16454 1.35164 0.0012959 -0.00788295 -0.222027 -0.975008 0.120433 0.0567167 -0.0198716 -0.000134975 0.00103408 -0.0111215 0.133416 -0.00103927 -0.0177452 -0.000134975 0.00103408 -0.0111215
288.768 0.455045 16.7188 0.203629 1.34493 0.0010698 -0.00543615 -0.217489 -0.976047 0.102355 0.0461873 -0.00972713 -0.000620234 0.00281629 -0.0166356 0.112382 -0.00164196 -0.00848231 -0.000620234 0.00281629 -0.0166356
289.488 0.417675 16.7818 0.233985 1.33402 0.000740869 -0.00299737 -0.227932 -0.973672 0.0763108 0.0379528 0.0165138 0.00104344 0.00154461 0.0812886 0.0851239 0.000136163 0.0170397 0.00104344 0.00154461 0.0812886
290.254 0.39696 16.8307 0.259528 1.35083 0.000253761 -0.00280188 -0.285727 -0.958307 0.0668494 0.0346964 -0.00135835 0.00656878 -0.00164878 0.205857 0.0749413 -0.00757907 -0.000936607 0.00656878 -0.00164878 0.205857
290.966 0.385052 16.865 0.277652 1.35601 0.00100707 -0.00204296 -0.320186 -0.947352 0.0613822 0.0341992 0.00145888 -0.00185197 -0.00191855 0.0303646 0.0697813 -0.0102748 0.00172446 -0.00177954 -0.00180844 0.0334362
291.7 0.381548 16.8899 0.294139 1.36303 0.00152088 -0.00177204 -0.321747 -0.946823 0.0538579 0.0363126 0.00114703 -0.00018485 -0.000675433 -0.00626333 0.0648259 -0.00402239 0.00142102 -0.00018485 -0.000675433 -0.00626333
292.438 0.387965 16.9037 0.312851 1.36944 0.0014764 -0.00168865 -0.320802 -0.947144 0.0464371 0.0366675 0.00138507 -4.87704e-05 -6.47198e-05 -0.0037646 0.0591554 0.000898144 0.00163189 -4.87704e-05 -6.47198e-05 -0.0037646
293.256 0.39539 16.9149 0.329676 1.36392 0.00143651 -0.00150179 -0.320198 -0.947348 0.0399745 0.0326328 0.00763936 -0.000256346 0.000203853 -0.00302025 0.0515461 0.00167596 0.00783646 -0.000256346 0.000203853 -0.00302025
293.984 0.404 16.92 0.342781 1.36302 0.00149077 -0.00150089 -0.319809 -0.94748 0.0336074 0.0291922 0.000584989 -0.000307889 0.000311683 -0.00222217 0.0447185 0.00274392 0.000763176 -0.000232437 0.000576653 -0.0023049
294.75 0.401195 16.928 0.353813 1.36633 -0.000174575 -0.00167748 -0.282169 -0.959363 0.0340214 0.0139273 -0.00118131 -0.00494417 0.000175545 -0.237742 0.0361477 -0.00671131 -0.00105993 -0.00494417 0.000175545 -0.237742
295.592 0.398235 16.9361 0.359142 1.36661 0.000834497 -0.0013936 -0.183535 -0.983012 0.0258761 0.0114086 -0.00305264 0.000476105 0.000273189 -0.233255 0.0282586 0.00130638 -0.0029651 0.000476105 0.000273189 -0.233255
296.506 0.396798 16.9466 0.369775 1.37983 0.00212869 -0.000888499 -0.133155 -0.991093 0.0143396 0.0206922 0.00314033 0.00265761 -0.000247759 -0.0130274 0.0194307 0.0160829 0.00319135 0.0033116 -9.88404e-05 -0.0184158
297.266 0.399401 16.9529 0.385611 1.40794 0.00176689 -0.000819153 -0.133879 -0.990996 0.00994384 0.0191433 0.00267166 -0.000523292 -0.000356374 0.00639033 0.0146613 0.0158096 0.00275432 -0.000523292 -0.000356374 0.00639033
297.982 0.410149 16.957 0.405204 1.42029 0.0017564 -0.00105237 -0.135333 -0.990798 0.00789354 0.0199818 0.00423217 0.000480424 -0.00054922 0.00228101 0.0130338 0.0170772 0.00430018 0.000538846 -0.000652248 0.00240897
298.746 0.420842 16.9612 0.421873 1.43443 0.000297213 -0.00143875 -0.112132 -0.993692 0.00869441 0.0089282 -0.00231538 -0.00273735 -0.00014135 -0.143821 0.0104721 0.00676675 -0.00228293 -0.00273735 -0.00014135 -0.143821
299.492 0.422548 16.969 0.42876 1.4222 0.000877341 -0.00124684 -0.054964 -0.998487 0.00626595 0.00651421 -0.000258137 -9.07479e-05 -0.000616177 -0.142635 0.00695908 0.00575243 -0.000511616 -0.000193564 -0.000372383 -0.144769
300.182 0.421928 16.9781 0.434672 1.41477 0.000809605 -0.00107945 -0.0164101 -0.999864 0.00345695 0.00627159 0.00361004 0.000937072 -9.25682e-06 -0.106574 0.0037669 0.00607162 0.00339654 0.000826876 7.29778e-05 -0.107217
300.918 0.421847 16.9885 0.442069 1.42493 0.00090722 -0.00152636 0.0151579 -0.999884 0.00167187 0.0055698 0.000626194 -0.00458764 0.0111646 -0.075201 0.00150035 0.00561674 0.000641186 -0.00458764 0.0111646 -0.075201
302.09 0.421826 17.0082 0.453763 1.42542 0.000802332 -0.00184398 0.0394527 -0.999219 0.00632243 0.00712482 -0.000934373 0.000725434 -0.000311288 -0.0231806 0.00551939 0.0076734 -0.000259088 0.000472247 -0.000159224 -0.0232223
302.898 0.397217 17.0273 0.461323 1.4233 0.000654142 -0.00172547 0.0520766 -0.998641 0.00692197 0.0065865 -0.00190515 8.15328e-05 0.000125354 -0.0400443 0.00620574 0.00727355 -0.00187339 8.15328e-05 0.000125354 -0.0400443
304.082 0.396126 17.0596 0.473002 1.44054 0.00182267 -0.00114266 0.0617396 -0.99809 0.00584599 0.0156341 0.0005412 7.77663e-07 -0.000530479 0.00390061 0.00387344 0.0162332 0.000610522 7.77663e-07 -0.000530479 0.00390061
304.838 0.405143 17.079 0.488322 1.44087 0.0017295 -0.00102333 0.0609548 -0.998139 0.00589086 0.0174065 -0.000321829 0.000125401 0.000130175 0.00354714 0.00378445 0.0179821 -0.000253734 0.00012657 8.9283e-05 0.00359599
305.638 0.416104 17.0932 0.500921 1.44279 0.000522612 -0.00115213 0.0641285 -0.997941 0.00590859 0.00877288 -0.000347257 -0.00141747 -0.000505554 -0.0194215 0.00474084 0.009703 -0.000313325 -0.00163389 -0.000615012 -0.0186824
306.32 0.419531 17.1067 0.507282 1.45316 0.000606862 -0.00129439 0.0718895 -0.997412 0.00779812 0.00627266 -0.00042261 -0.000584553 -0.000855859 -0.0262474 0.00681899 0.0073267 -0.000395366 -0.000584553 -0.000855859 -0.0262474
307.602 0.425555 17.1292 0.518548 1.46484 0.000454578 -0.00136173 0.0875916 -0.996156 0.00825539 0.00647837 -0.00175236 0.000742744 -0.00026322 -0.0218733 0.006969 0.00778547 -0.00163469 0.00066197 -0.000146506 -0.0217557
308.744 0.435926 17.153 0.52606 1.44193 0.000287365 -0.00142988 0.100073 -0.994979 0.00999612 0.00633051 -0.00192812 0.000358217 -0.000768115 -0.0176173 0.00854057 0.008196 -0.00189728 0.000358217 -0.000768115 -0.0176173
309.508 0.433986 17.1747 0.527314 1.42283 0.000115542 -0.00139616 0.106378 -0.994325 0.0134752 0.00532637 -0.00259988 0.000395298 6.37295e-06 -0.0195662 0.0120505 0.00805785 -0.00256248 0.000395298 6.37295e-06 -0.0195662
310.722 0.435873 17.1992 0.527764 1.37722 0.000160345 -0.00148898 0.118155 -0.992994 0.0127188 0.00507224 -0.000212412 -0.000104845 0.000494554 -0.0086426 0.011174 0.00791528 -0.000174488 -0.000104845 0.000494554 -0.0086426
311.444 0.433081 17.2148 0.525004 1.37895 3.27002e-05 -0.00147656 0.118316 -0.992975 0.0144494 0.00402466 -0.000776575 -0.000159727 -0.0011351 0.00690587 0.0131014 0.00730747 -0.000735234 -0.000159727 -0.0011351 0.00690587
312.762 0.423166 17.2443 0.516541 1.37637 -5.59438e-05 -0.00129989 0.115793 -0.993272 0.0142561 0.00198508 0.00182488 -3.0265e-06 -0.000365606 -0.00298414 0.0134077 0.00530026 0.0016765 -2.12313e-05 -0.000376208 -0.00201957
313.986 0.418336 17.2645 0.505533 1.34968 0.000109142 -0.00109331 0.120737 -0.992684 0.012078 0.00015541 0.000833687 -0.000360933 -0.000406016 -0.00571423 0.0116931 0.00316099 0.000920974 -0.000424362 -0.000477605 -0.00585096
315.064 0.411268 17.2819 0.499828 1.35346 7.10758e-05 -0.000933635 0.126013 -0.992028 0.0113894 -5.25969e-05 -0.000209102 0.000169194 -0.00063134 -0.0172121 0.0110412 0.0027967 -0.000187795 0.000169194 -0.00063134 -0.0172121
316.324 0.40402 17.2989 0.495218 1.3769 0.000354654 -0.000393484 0.12527 -0.992123 0.00758051 0.00209499 -0.00394112 0.0010272 0.000165674 0.0523876 0.00682457 0.00391666 -0.00393326 0.0010272 0.000165674 0.0523876
317.09 0.403758 17.3038 0.492881 1.35928 0.000132356 -0.000582957 0.103636 -0.994615 0.00688003 0.000668713 -0.000713164 0.000569273 -0.000181852 0.0573393 0.00659518 0.00207298 -0.000704901 0.000569273 -0.000181852 0.0573393
317.836 0.404847 17.3094 0.490807 1.33948 1.18168e-07 -0.00052074 0.102356 -0.994748 0.00632471 -0.00194908 -0.000668528 -0.00114272 -0.000394386 -0.0408594 0.00655559 -0.00064806 -0.000149203 -0.00128088 -0.000386031 -0.0383682
318.6 0.416077 17.3158 0.491879 1.30452 0.000127884 -0.000512706 0.118694 -0.992931 0.00629611 0.000111482 5.80165e-05 -0.000178864 0.000199539 -0.0391571 0.00614851 0.00149959 0.000131359 -0.00022208 0.000203351 -0.0409596
319.84 0.402874 17.3231 0.48881 1.34739 0.000130146 -0.000620045 0.13115 -0.991362 0.00719802 -0.000528704 0.000414225 -0.00227215 -0.00496994 -0.00898833 0.00712935 0.00139358 0.000603595 -0.00169246 -0.00449522 -0.0102461
321.14 0.386975 17.3288 0.481621 1.385 0.000234964 -0.000527417 0.107328 -0.994223 0.00379434 -0.000425567 -0.000382161 0.000309138 6.75887e-05 0.0560308 0.00379813 0.000394231 -0.000378141 0.000309138 6.75887e-05 0.0560308
321.876 0.386949 17.3346 0.48227 1.38476 0.00141605 -0.000101498 0.0954221 -0.995436 0.00255122 0.007306 0.00215216 0.0004606 0.000113811 0.00905853 0.00111697 0.00765148 0.00217381 0.0004606 0.000113811 0.00905853
322.658 0.392574 17.3391 0.489322 1.39131 0.00142493 -8.08222e-05 0.0951183 -0.995465 0.00196558 0.0107037 0.00231932 -0.000237273 -0.000148683 -0.00100175 -9.67262e-05 0.0108756 0.00235036 -0.000237273 -0.000148683 -0.00100175
323.846 0.405982 17.3435 0.505143 1.41118 0.00143568 -0.000183252 0.095401 -0.995438 0.00237705 0.0123145 0.00257536 -0.000279931 -0.00012439 -8.59363e-05 3.1459e-05 0.0125158 0.00264449 -0.000271982 -0.00011958 -5.38825e-05
324.58 0.4161 17.3436 0.515547 1.41398 -0.000111332 -0.000359064 0.102343 -0.994749 0.0012781 0.00417987 -0.00101159 -0.00313401 0.000927543 -0.0479378 0.0004627 0.00467135 -0.00123057 -0.0023701 0.000344575 -0.0459771
325.34 0.4217 17.3465 0.520683 1.4158 0.000268065 -0.000641466 0.120399 -0.992725 0.00389606 0.00249384 0.000383341 0.000212974 -0.000937908 -0.0469773 0.00310716 0.00332452 0.000332064 0.000143374 -0.00110304 -0.0475958
326.044 0.422502 17.352 0.521621 1.42392 0.000206587 -0.000722431 0.13473 -0.990882 0.00534742 0.0021068 0.000883958 -3.41516e-05 -0.00033112 -0.0393522 0.00458954 0.00345755 0.000892363 -3.41516e-05 -0.00033112 -0.0393522
326.766 0.423119 17.3568 0.521934 1.41417 0.000178481 -0.000780762 0.147029 -0.989132 0.00512039 0.00239356 0.000501521 0.000111727 0.000480943 -0.029916 0.00436643 0.00377609 0.000457884 0.000112164 0.000480852 -0.0307782
327.532 0.425474 17.3609 0.5219 1.3914 8.05261e-05 -0.000851786 0.156461 -0.987684 0.00506819 0.00229694 -0.000578233 0.000198918 -1.08214e-05 -0.0261343 0.00411109 0.00375115 -0.000569823 0.000198918 -1.08214e-05 -0.0261343
328.29 0.424977 17.3677 0.520368 1.38515 8.16092e-05 -0.000952504 0.165863 -0.986148 0.00552084 0.0018072 -3.2333e-05 0.000276587 0.000222784 -0.0247741 0.00462606 0.00348663 -6.75041e-06 0.000233884 0.000262704 -0.0249304
329.002 0.424256 17.3754 0.518513 1.38565 0.00010785 -0.00100638 0.173122 -0.9849 0.00590635 0.00149187 0.00148473 -4.40242e-05 -5.13979e-05 -0.011825 0.00496142 0.00345164 0.00150262 -4.56182e-05 -4.04778e-05 -0.0123649
329.796 0.423007 17.3843 0.514355 1.36525 6.4463e-05 -0.00099617 0.175391 -0.984498 0.00609341 0.000967012 0.00105992 0.000312329 0.000101534 -0.00236459 0.00535964 0.00299749 0.00106649 0.000306722 0.000239155 -0.00247445
330.526 0.424694 17.393 0.513715 1.35831 -5.4725e-05 -0.000938793 0.177399 -0.984139 0.0063519 0.00108458 -0.000976726 2.19348e-05 3.01408e-05 -0.00889575 0.00561864 0.00324337 -0.000891866 3.53106e-05 2.05923e-05 -0.00875159
331.276 0.424031 17.402 0.509356 1.34639 -6.68114e-06 -0.00098666 0.181275 -0.983432 0.00667104 0.000133288 -0.00109409 -8.30525e-05 0.000193768 -0.0101337 0.0061872 0.00250342 -0.00108121 -8.30525e-05 0.000193768 -0.0101337
332.434 0.417832 17.416 0.504195 1.36182 -7.96789e-05 -0.000983086 0.187635 -0.982238 0.00783765 -4.08853e-05 -0.00127965 0.000390684 -0.000717437 -0.0104326 0.00730333 0.00285126 -0.00126473 0.000390684 -0.000717437 -0.0104326
333.59 0.415398 17.4313 0.498916 1.35476 4.48224e-05 -0.000219549 0.172117 -0.985076 0.00469846 0.0027159 0.000244902 0.000462792 -0.000942374 0.0689367 0.00355165 0.00428686 0.00050061 0.000564213 -0.000971375 0.068766
334.36 0.4144 17.4369 0.495071 1.35495 -0.000528708 -0.000674267 0.152951 -0.988233 0.00546265 -0.000796597 -0.000606828 0.000240444 -0.00142916 0.0113534 0.00544878 0.000891543 -0.000599434 0.000240444 -0.00142916 0.0113534
335.096 0.403949 17.4416 0.486112 1.37236 2.19527e-05 -0.000599904 0.164614 -0.986358 0.00583484 -0.00384459 -0.000748437 -0.000940476 -0.000266694 -0.049946 0.00676798 -0.00174127 -0.000740897 -0.000940476 -0.000266694 -0.049946
335.874 0.398103 17.4448 0.480405 1.36993 0.000114752 -0.000413177 0.18187 -0.983323 0.00417421 -0.0021474 -4.17028e-05 0.000123609 0.00032883 -0.0430619 0.00474232 -0.000573192 -9.38e-05 0.000172126 0.000354371 -0.0434933
336.6 0.397064 17.4466 0.480582 1.37731 0.00139469 -0.000356222 0.190665 -0.981654 0.00428421 0.0064377 0.00256836 0.00125348 0.00052537 -0.00906425 0.00156243 0.00756596 0.00259038 0.00125348 0.00052537 -0.00906425
337.788 0.404086 17.4554 0.48844 1.38747 0.00128721 -0.000265879 0.191149 -0.98156 0.00524128 0.00929839 0.00216409 -0.000386994 -0.000464434 0.00121038 0.00136899 0.01058 0.00219195 -0.000386994 -0.000464434 0.00121038
338.538 0.411048 17.4591 0.493302 1.38088 9.48129e-05 -0.000322736 0.19435 -0.980932 0.00385814 0.00158563 -0.000346315 -0.00137826 -0.000581423 -0.0234899 0.0029623 0.00293702 -0.000343634 -0.00137826 -0.000581423 -0.0234899
339.74 0.418482 17.464 0.499763 1.38213 0.000263581 -0.000464544 0.211735 -0.977327 0.00441709 -6.85337e-05 -0.00141837 0.000105577 -9.89188e-05 -0.0288006 0.00405053 0.00176672 -0.00141389 0.000105577 -9.89188e-05 -0.0288006
340.468 0.419704 17.467 0.499491 1.38223 0.000259017 -0.000623539 0.220683 -0.975345 0.00503504 -0.0010338 -0.000484012 -0.000273049 -9.76028e-05 -0.0226094 0.00499018 0.00123477 -0.000477549 -0.000273049 -9.76028e-05 -0.0226094
341.226 0.420738 17.4708 0.499992 1.37608 0.000205402 -0.00065839 0.227484 -0.973782 0.0055448 -0.000726617 -0.00282606 0.000300402 -0.000154635 -0.017073 0.0052962 0.00180713 -0.0028185 0.000300402 -0.000154635 -0.017073
342.028 0.42512 17.4749 0.498459 1.35693 0.000266786 -0.000735373 0.230967 -0.972961 0.00542511 -0.00123723 -0.00111496 -0.000175746 4.04542e-05 -0.00249131 0.00540382 0.001334 -0.00110675 -0.000175746 4.04542e-05 -0.00249131
342.772 0.41971 17.4779 0.494742 1.37017 0.000286146 -0.00088833 0.23112 -0.972925 0.00530833 -0.00236516 -0.00195939 0.000217974 0.000151348 0.00228675 0.00580801 0.000276697 -0.00194985 0.000217974 0.000151348 0.00228675
343.544 0.420422 17.4819 0.495617 1.37479 0.000674942 -0.000384889 0.227902 -0.973684 0.00335145 0.000115555 -0.000298009 -0.000243921 0.000241426 0.0423828 0.00322023 0.00140036 -0.000247176 -0.000936925 -0.00058158 0.0358972
344.27 0.423639 17.4874 0.49805 1.37727 0.000235422 -0.00039361 0.20328 -0.97912 0.0020414 0.00170441 -0.00184931 0.00110434 -0.000618779 0.0902492 0.00124895 0.00249318 -0.00189492 0.00117905 -0.000662517 0.0903133
345.046 0.425593 17.4922 0.498115 1.37318 -0.000270751 -0.000903721 0.182478 -0.98321 0.0030112 -0.00224081 -0.00161404 -0.00104836 -0.00103737 -0.00450051 0.00361775 -0.0010114 -0.00160705 -0.00104836 -0.00103737 -0.00450051
345.768 0.428486 17.497 0.497267 1.36458 8.75006e-05 -0.000961033 0.19314 -0.981171 0.0043713 -0.00249291 -0.00175828 -0.000284094 -6.63513e-05 -0.0427289 0.00499325 -0.000649222 -0.00174939 -0.000284094 -6.63513e-05 -0.0427289
346.512 0.430265 17.505 0.497434 1.36625 -1.64014e-05 -0.00101088 0.206419 -0.978463 0.0061985 -0.00124455 -0.00246255 0.000508488 -0.000434344 -0.0354741 0.00617788 0.00136633 -0.00244976 0.000508488 -0.000434344 -0.0354741
347.292 0.429998 17.5125 0.494464 1.37055 -4.65297e-05 -0.00107463 0.217232 -0.97612 0.00629634 -0.00164139 -0.0026123 0.00029404 2.48394e-05 -0.026617 0.00642226 0.00120299 -0.00248314 0.000235565 3.72371e-05 -0.0267288
348.524 0.432151 17.5253 0.488872 1.35371 -5.8351e-05 -0.00116459 0.23085 -0.972989 0.00645694 -0.00208353 -0.00256311 -0.000251926 -6.81107e-05 -0.0217638 0.00671058 0.00104028 -0.00254729 -0.000251926 -6.81107e-05 -0.0217638
349.264 0.431313 17.5391 0.482602 1.35269 -7.26192e-05 -0.00112325 0.236296 -0.971681 0.00866521 -0.00261113 -0.00273219 0.00051908 -0.0001656 -0.0104913 0.00887079 0.00161095 -0.00267127 0.00047291 -4.54786e-05 -0.0107785
349.974 0.431469 17.549 0.477685 1.35582 -7.55908e-05 -0.00112092 0.239051 -0.971006 0.00868814 -0.00317289 -0.00202659 -0.000109083 -2.12519e-05 -0.00716235 0.00913673 0.00115485 -0.00209442 -0.000115383 -2.91382e-05 -0.00729497
351.2 0.427891 17.5672 0.469152 1.37617 -0.000151757 -0.00105949 0.244473 -0.969655 0.00940453 -0.00386436 -0.00261433 -0.000209056 -0.000104892 -0.0163387 0.0101115 0.00103981 -0.00255014 -0.00018001 -0.000195648 -0.016165
352.42 0.426321 17.5801 0.457338 1.35993 -2.96394e-06 -0.00104648 0.253297 -0.967388 0.00835591 -0.00485889 -0.00250667 0.000179077 -5.2922e-05 -0.0136932 0.00966996 -0.000139086 -0.00248715 0.000179077 -5.2922e-05 -0.0136932
353.174 0.427364 17.5874 0.45354 1.35186 -5.28839e-05 -0.00107983 0.257593 -0.966253 0.00784446 -0.00397524 -0.000355799 0.000206333 0.000203276 -0.0100598 0.00869945 0.00037435 -0.00141974 0.000122792 0.000251307 -0.010268
354.37 0.428055 17.6049 0.445771 1.36832 -0.000164342 -0.000964054 0.26444 -0.964402 0.00916683 -0.00489202 -0.000353299 -0.000257393 -0.000185665 -0.0210608 0.0103806 0.000467804 -0.000333005 -0.000257393 -0.000185665 -0.0210608
355.088 0.427893 17.6149 0.439786 1.37068 -9.59475e-05 -0.000996757 0.272286 -0.962216 0.00931907 -0.00502384 -0.000971421 -8.83606e-05 -3.4298e-06 -0.0222028 0.0105565 0.000564399 -0.000862407 -0.000171314 3.29378e-05 -0.0224991
355.836 0.427296 17.6237 0.434964 1.38283 -5.38982e-05 -0.00101099 0.275725 -0.961236 0.00944062 -0.00419277 -0.00319127 0.000436405 0.000233183 0.00103672 0.0102558 0.0014421 -0.00311949 0.000467548 0.00030356 0.000226956
356.646 0.429081 17.6325 0.430073 1.37985 -0.000137896 -0.000972934 0.27405 -0.961715 0.00923013 -0.00427578 -0.00301509 -2.68057e-05 0.000222735 0.00566499 0.0101438 0.00136653 -0.00293018 9.96023e-06 0.000179684 0.00575214
357.964 0.429901 17.6431 0.421841 1.37354 -0.000163594 -0.00109832 0.273956 -0.961742 0.00819869 -0.00464953 -0.00336512 -0.000229415 0.000251271 -0.00707035 0.00944174 0.0004157 -0.00338941 -4.19701e-05 0.000326309 -0.00690822
358.796 0.439023 17.6523 0.411412 1.31248 -4.07248e-05 -0.00103964 0.276604 -0.960984 0.00887341 -0.00643697 -0.00382786 0.000185401 -8.06007e-06 -0.00843992 0.0109454 -0.000732777 -0.00380611 0.000185401 -8.06007e-06 -0.00843992
360.05 0.441478 17.6709 0.398274 1.31718 0.00053387 -0.000117363 0.279299 -0.960204 0.00892399 -0.00549378 -0.00143286 3.98545e-05 -0.00018472 0.0222113 0.0104783 0.000151447 -0.00143346 3.98545e-05 -0.00018472 0.0222113
360.87 0.441209 17.6786 0.395782 1.33323 -6.97884e-06 -0.00150175 0.261173 -0.965291 0.00940295 -0.00455788 -0.000251142 0.000430985 -0.00250603 0.0594714 0.0100182 0.000870284 -0.000256787 0.000467377 -0.00240553 0.0595679
361.634 0.443902 17.6861 0.389259 1.32391 6.44336e-05 -0.00126008 0.242075 -0.970257 0.0106546 -0.0068913 0.000190717 -0.000182715 -0.000518832 0.0447873 0.0126425 -0.0010788 0.000220444 -0.000182715 -0.000518832 0.0447873
362.442 0.445002 17.6927 0.387416 1.33322 0.000222211 -0.000741389 0.222015 -0.975043 0.00489574 -0.00302399 -0.00349943 -0.00160243 0.0119251 0.0620812 0.00573702 -0.000634402 -0.00293521 -0.00145542 0.0104914 0.0620317
363.208 0.449135 17.7046 0.387901 1.34984 -2.92602e-05 -0.00125458 0.201202 -0.979549 0.0119679 -0.00441593 -0.00433223 0.000283834 -0.0011224 0.0502237 0.0126356 0.000686852 -0.00428206 0.000411868 -0.00148817 0.0510117
364.038 0.457128 17.718 0.386155 1.34878 -0.000125312 -0.00130948 0.185432 -0.982656 0.0138958 -0.00498867 -0.00454891 0.000106151 -0.000173761 0.0322165 0.0147701 0.000419544 -0.00451012 0.000106151 -0.000173761 0.0322165
364.81 0.463422 17.7292 0.382853 1.34979 -0.000101923 -0.0015139 0.176751 -0.984255 0.0155369 -0.00525051 -0.00505226 0.000391074 -0.00012351 0.0190181 0.0164082 0.00048509 -0.00500263 0.000391074 -0.00012351 0.0190181
365.538 0.47093 17.7429 0.381032 1.36182 -0.000220842 -0.00151344 0.17102 -0.985266 0.0171659 -0.00498796 -0.0100788 -0.000283263 0.000150769 0.0117528 0.0179788 0.00114607 -0.0100985 -0.000292516 -7.10817e-05 0.0121472
366.308 0.474439 17.7557 0.374797 1.37413 -0.000176332 -0.00171043 0.167396 -0.985888 0.0186051 -0.00601654 -0.0117748 6.77399e-05 -0.000127011 0.00685768 0.0195886 0.000464235 -0.0117076 6.77399e-05 -0.000127011 0.00685768
367.06 0.478431 17.7669 0.368252 1.38137 0.000440715 -0.000291132 0.15084 -0.988558 0.00993731 -0.00155434 -0.00188874 0.00126965 0.00114017 0.100068 0.00994949 0.00148178 -0.00188292 0.00126965 0.00114017 0.100068
367.8 0.488483 17.7747 0.365507 1.34121 0.000111861 -0.000169114 0.11202 -0.993706 0.0065424 -0.00102917 0.00804083 0.000510595 -0.000295965 0.103189 0.00660483 0.000451097 0.008043 0.000510595 -0.000295965 0.103189
368.53 0.495519 17.7785 0.362597 1.31838 8.1775e-05 -0.00267153 0.0851206 -0.996367 0.0113077 -0.00243126 -0.00797437 0.000580874 0.00171424 0.0621049 0.0115984 -0.000473069 -0.00791319 0.000580874 0.00171424 0.0621049
369.26 0.503279 17.79 0.361045 1.32142 -5.21757e-06 -0.00217983 0.0672659 -0.997733 0.021312 -0.00352894 -0.00892159 3.04277e-05 -0.000514361 0.0406191 0.0214419 -0.000562806 -0.00871379 0.000187676 -0.000590025 0.0418689
370.5 0.521761 17.8196 0.355294 1.32665 -8.8858e-05 -0.00251134 0.0498744 -0.998752 0.0256925 -0.00461316 -0.0113196 0.000602541 0.000776554 0.0143866 0.0260808 -0.00202978 -0.0111889 0.000602541 0.000776554 0.0143866
371.266 0.540644 17.844 0.352863 1.32335 -3.14205e-05 -0.00289256 0.0482081 -0.998833 0.031033 -0.00514221 -0.0135801 8.107e-05 -0.000844554 -0.00404239 0.031462 -0.00212678 -0.0133989 8.107e-05 -0.000844554 -0.00404239
372.072 0.573533 17.8756 0.3522 1.29388 -8.18312e-05 -0.00330186 0.0494774 -0.99877 0.0361135 -0.00463186 -0.0147814 0.000110914 -3.82036e-05 -0.00395293 0.0363857 -0.00109157 -0.0144835 0.000100304 -0.000252647 -0.00400749
372.794 0.598789 17.9051 0.348941 1.28047 -0.000765778 -0.0037067 0.0550569 -0.998476 0.0401145 -0.00911295 -0.0120799 -0.00166779 -0.000239504 -0.041862 0.0409625 -0.00466058 -0.0117684 -0.00166779 -0.000239504 -0.041862
373.504 0.632168 17.9372 0.340475 1.25125 -0.000509086 -0.004394 0.0711096 -0.997459 0.0456271 -0.0115391 -0.0120831 -0.000692499 -0.00454844 -0.0493597 0.0469076 -0.00495434 -0.011667 -0.000692499 -0.00454844 -0.0493597
374.238 0.652377 17.9668 0.333536 1.25738 8.24398e-05 -0.000591108 0.0945541 -0.99552 0.0212067 -0.00568821 -0.0070326 -0.000395864 0.00196558 -0.085244 0.0223403 -0.00166941 -0.00764368 -0.00033017 0.00296571 -0.0845347
375.022 0.667804 17.9854 0.329935 1.26313 0.000154691 -0.000567382 0.123563 -0.992337 0.0156208 -0.00348741 -0.00135485 0.000212093 -0.000610184 -0.0740009 0.0160005 0.000450417 -0.00133724 0.000212093 -0.000610184 -0.0740009
375.718 0.67922 18.0016 0.324922 1.26842 0.000390294 -2.26461e-05 0.144092 -0.989564 0.0338096 -0.0115684 -0.00237561 -0.00232881 -0.0403108 -0.0601144 0.0372309 -0.00172324 -0.00150953 -0.00514116 -0.0589898 -0.0600235
376.454 0.689244 18.02 0.314343 1.26732 -0.00158409 -0.0068854 0.164712 -0.986316 0.0424087 -0.0190801 -0.0186441 -0.0018025 -0.0130768 -0.0565464 0.044374 -0.00416401 -0.0177444 -0.00226184 -0.0117947 -0.057361
377.236 0.725899 18.0603 0.297831 1.23411 -0.00143886 -0.00570693 0.183107 -0.983075 0.0570209 -0.0267016 -0.0293359 0.000385081 0.000573152 -0.0487363 0.0631508 -0.00440328 -0.0285927 0.000385081 0.000573152 -0.0487363
378.52 0.81548 18.1522 0.261289 1.17605 -0.00177533 -0.00691189 0.207636 -0.97818 0.0702625 -0.0327679 -0.031298 0.000582079 0.000433449 -0.031787 0.0779535 -0.00141807 -0.0301887 0.000582079 0.000433449 -0.031787
379.304 0.879526 18.2205 0.230815 1.14138 -0.00236728 -0.00894271 0.217545 -0.976006 0.085772 -0.0411584 -0.0401007 -2.44328e-07 -0.00103837 -0.0233331 0.0958573 -0.000864672 -0.0383346 -2.44328e-07 -0.00103837 -0.0233331
380.07 0.946386 18.3043 0.187492 1.11414 -0.00268395 -0.0103552 0.224955 -0.97431 0.102195 -0.0509914 -0.0481969 -7.50228e-05 -0.000909408 -0.0172702 0.11521 -0.0010542 -0.0457429 -7.50228e-05 -0.000909408 -0.0172702
380.784 0.99354 18.391 0.136652 1.09195 -0.00388627 -0.0113917 0.230962 -0.972888 0.114046 -0.0646516 -0.0185231 -0.00232915 -0.000219769 -0.0267717 0.130587 -0.00606015 -0.0154572 -0.00193123 -0.000216178 -0.0255226
381.534 0.979126 18.4966 0.0752954 1.07457 -0.00418332 -0.0122501 0.242111 -0.970162 0.128204 -0.0757531 -0.0291283 0.00977763 -0.0074018 -0.032635 0.148978 -0.00672661 -0.0237414 0.00895644 -0.00642067 -0.0322173
383.098 0.898489 18.724 -0.0704602 1.0242 -0.00416406 -0.0126596 0.269966 -0.962778 0.134229 -0.0895419 -0.0292526 -0.0103234 -0.000210753 -0.0338183 0.161936 -0.00673077 -0.0249419 -0.0103234 -0.000210753 -0.0338183
384.57 0.709588 18.9493 -0.201676 0.993103 -0.00240862 -0.0111463 0.259537 -0.965666 0.142666 -0.0739065 -0.0108984 0.00579881 -0.0662551 0.0321222 0.160701 0.00758273 -0.00723136 0.00579881 -0.0662551 0.0321222
385.34 0.635297 19.0436 -0.252202 0.992131 -0.000573447 -0.0019603 0.24066 -0.970607 0.0765376 -0.0403941 0.00292301 0.000392947 0.00317525 0.0713306 0.0879815 0.00023651 0.00284165 0.000429625 0.00396799 0.0710348
386.174 0.592657 19.1075 -0.28551 0.98081 -0.00166264 -0.00106976 0.219702 -0.975565 0.0761155 -0.0405594 0.0157524 0.00613294 -0.0262675 -0.0360812 0.0861092 -0.00397149 0.0160062 0.00613294 -0.0262675 -0.0360812
386.966 0.57503 19.1424 -0.310393 0.98491 -0.000450409 -0.00184193 0.280891 -0.959738 0.0548336 -0.0356942 0.0121629 -0.00111265 -0.000707071 -0.23667 0.0653794 -0.000499336 0.0124106 -0.00111265 -0.000707071 -0.23667
387.768 0.566064 19.1677 -0.329547 1.00023 -0.000253662 -0.00155713 0.365942 -0.930636 0.0476378 -0.0303792 -0.00273314 -0.00100505 -0.000421597 -0.230844 0.0555791 0.010206 -0.00255494 -0.00100505 -0.000421597 -0.230844
389.334 0.558471 19.1946 -0.349848 0.990328 0.000231474 -0.00136082 0.495172 -0.868794 0.0363017 -0.0215811 0.00462128 0.00035797 6.01995e-05 -0.148451 0.0378471 0.0200122 0.00336666 0.000251928 1.19424e-05 -0.152318
390.54 0.554009 19.2056 -0.357392 0.973742 0.000314692 -0.00138917 0.55207 -0.833797 0.0277299 -0.0155655 0.0186552 0.000240507 6.36453e-05 -0.0879817 0.0254383 0.0194051 0.018115 5.87131e-05 0.000189073 -0.0893032
391.378 0.550067 19.2154 -0.362635 0.983429 0.000292348 -0.00131415 0.577986 -0.816045 0.023485 -0.0131139 0.0162606 -0.000676852 2.94111e-05 -0.0746149 0.020135 0.0177696 0.0163326 -0.000676852 2.94111e-05 -0.0746149
392.274 0.552239 19.2214 -0.371735 1.00267 -0.00170297 -0.00376656 0.599694 -0.800219 0.0222199 -0.0292469 0.00654804 -0.000310488 -0.00137784 -0.0443804 0.0342544 0.0131042 0.00684821 -0.000310488 -0.00137784 -0.0443804
393.376 0.559409 19.2399 -0.400056 0.995805 -0.00269525 -0.00422485 0.618461 -0.785799 0.016753 -0.0219368 0.00680524 -0.000342712 0.00200697 -0.0522082 0.0240358 0.0114054 0.00729835 -9.66273e-05 0.00569728 -0.0520988
394.246 0.574633 19.2543 -0.434721 1.00567 -0.00190508 -0.00399958 0.63191 -0.775029 0.0170726 -0.0353831 0.0159162 0.000500059 -0.000184051 -0.023117 0.0379577 0.00956413 0.0162636 0.000500059 -0.000184051 -0.023117
395.26 0.606639 19.2702 -0.490001 1.02172 -0.00170452 -0.00442127 0.634216 -0.773141 0.0171369 -0.0423814 0.0211844 0.000479573 1.86314e-05 0.0179079 0.0445775 0.00851069 0.0214612 0.000380441 7.99292e-05 0.0169049
396.212 0.635507 19.2885 -0.534286 1.02635 -0.000250449 -0.00276009 0.621199 -0.783648 0.0108351 -0.0185228 0.0180016 -0.00864607 0.0540804 0.0671542 0.0204229 0.0062671 0.0181156 -0.00864607 0.0540804 0.0671542
397.164 0.654188 19.3131 -0.567943 1.00181 -7.95847e-05 -0.00178866 0.592805 -0.805344 0.0102563 -0.0133675 0.0269168 0.000320499 0.00102941 0.0995145 0.0157313 0.00576701 0.0269753 0.000320499 0.00102941 0.0995145
398.202 0.664644 19.3343 -0.591619 1.02591 -0.00033168 -0.00169403 0.536541 -0.843872 0.00868674 -0.00828546 -0.00190656 0.00125591 -0.00140215 0.164554 0.0113562 0.0045557 -0.00153532 0.00149157 -0.00156526 0.165386
399.076 0.673058 19.353 -0.610248 1.04807 -0.000208448 -0.00114206 0.4811 -0.876665 0.00653569 -0.00528112 -0.00945853 0.00171 -0.00155016 0.163122 0.0079858 0.00268356 -0.00943899 0.00171 -0.00155016 0.163122
399.862 0.678308 19.3664 -0.623655 1.05422 0.000190503 -0.00081881 0.424406 -0.905471 0.00561073 -0.00175347 -0.0116794 0.0012398 -0.00131971 0.228455 0.00495261 0.00320262 -0.0116696 0.0012398 -0.00131971 0.228455
400.78 0.665824 19.3776 -0.63749 1.0413 0.000160023 -0.000108719 0.324709 -0.945814 0.00252832 -0.000579426 -0.00853648 -0.000398676 -0.00162642 0.243079 0.00235194 0.00109891 -0.00853583 -0.000398676 -0.00162642 0.243079
401.622 0.655847 19.3813 -0.646301 1.03456 0.000445486 0.000157642 0.242724 -0.970095 0.000175798 -0.0002513 -0.00621025 -0.000459501 -0.00210822 0.206122 0.000233466 -0.000103573 -0.00625499 -0.000514335 -0.00171114 0.207755
403.308 0.649886 19.3795 -0.651873 1.00456 0.00106729 0.000497649 0.107518 -0.994202 -0.00299645 -0.000577214 0.00217537 -0.00134727 -0.000488799 0.143533 -0.00280111 -0.00120886 0.00217636 -0.00134727 -0.000488799 0.143533
404.234 0.652084 19.3755 -0.647667 0.962144 0.00127948 0.000653459 0.0455934 -0.998959 -0.00270747 -0.0011966 0.0143134 8.84676e-05 -0.000209214 0.11691 -0.00256686 -0.00147399 0.0143134 8.84676e-05 -0.000209214 0.11691
404.968 0.6616 19.3686 -0.637278 0.952043 0.000854958 -0.00572319 0.011184 -0.999921 0.00762575 -0.00177191 -0.00362064 0.00134737 0.0422702 0.0672081 0.00770436 -0.00159432 -0.00353577 0.00134737 0.0422702 0.0672081
405.822 0.672628 19.3901 -0.628173 0.990163 0.00105615 -0.00487664 -0.00946905 -0.999943 0.0501923 -0.00455477 0.00557563 -0.00114345 -0.00106957 0.0348031 0.0500402 -0.00551621 0.00605382 -0.00114345 -0.00106957 0.0348031
406.718 0.655187 19.4329 -0.615937 1.01299 0.000557292 -0.00545635 -0.0215174 -0.999753 0.0639882 -0.00462885 0.000330631 -0.000447381 -0.000936897 0.00908093 0.0633193 -0.00730722 0.00111301 -0.000229637 -0.000798989 0.0102433
407.668 0.624655 19.4835 -0.600299 1.04041 0.000318909 0.00190728 -0.0175635 -0.999844 0.0393361 -0.00583538 -0.0102933 -0.00021297 0.0132994 -0.0589724 0.0390675 -0.00720602 -0.010447 -0.00021297 0.0132994 -0.0589724
408.604 0.602259 19.5149 -0.585452 1.04503 0.000342178 -0.00480041 0.0118284 -0.999918 0.0522826 -0.00644807 0.00860046 0.00101067 -0.000811018 -0.0497922 0.0523356 -0.00521655 0.00909872 0.00101067 -0.000811018 -0.0497922
409.492 0.585556 19.5533 -0.575755 1.05063 0.000359205 -6.34666e-06 0.0425651 -0.999094 0.0266199 -0.00505263 -0.00347584 -0.0015798 0.00438848 -0.135944 0.0269531 -0.00276773 -0.00347831 -0.0015798 0.00438848 -0.135944
411.118 0.562399 19.5783 -0.556552 1.04288 3.67571e-05 -0.000131715 0.157664 -0.987493 0.014526 -0.00108655 0.00122704 0.000460553 5.41971e-05 -0.157597 0.0141419 0.00349052 0.00123096 0.000460553 5.41971e-05 -0.157597
411.98 0.55533 19.5793 -0.55087 1.04195 4.30879e-05 -0.000175248 0.218045 -0.975939 0.0107652 -0.000493533 0.00181366 -0.00018828 0.000284135 -0.131052 0.0101263 0.0041959 0.00174921 2.2769e-05 0.000159168 -0.132905
412.848 0.554075 19.579 -0.549593 1.05013 3.39158e-06 -0.000187389 0.26107 -0.96532 0.00887175 0.000323683 -0.00033602 0.00036503 0.000368406 -0.095823 0.00762607 0.00472514 -0.000217508 0.000431259 0.000280551 -0.0968235
413.638 0.554366 19.5778 -0.55 1.04112 -0.000131957 -0.000171288 0.292563 -0.956246 0.0066846 0.000162807 0.00102389 0.000581883 0.000379659 -0.0884602 0.00562996 0.00395982 0.000683478 0.000907396 0.0001833 -0.0872179
415.296 0.556728 19.5748 -0.551929 1.04852 -6.55965e-05 -0.000386296 0.360743 -0.932665 0.00355651 0.00121235 0.000595991 0.000170586 0.000476772 -0.0844072 0.0019021 0.00326928 0.000757379 0.000226229 0.000454206 -0.0848616
416.23 0.556885 19.5762 -0.554397 1.05466 -0.0017774 -0.00391137 0.390396 -0.920637 0.0110064 -0.00835518 -0.00782784 -0.00130947 -0.00411279 -0.0578793 0.0121508 0.00224613 -0.00776055 -0.00129275 -0.000741216 -0.0585593
417.056 0.570961 19.5859 -0.569561 1.04677 -0.00118524 -0.00327266 0.405884 -0.913918 0.0214123 -0.0191277 -0.00185583 0.000823678 0.000227775 -0.0252266 0.0285602 0.00306123 -0.00165605 0.000823678 0.000227775 -0.0252266
417.97 0.590762 19.6084 -0.593584 1.01498 -0.00139867 -0.0036299 0.411628 -0.911344 0.0268249 -0.0253163 0.00822386 -0.000340198 -0.000473193 -0.00684289 0.0363492 0.0035128 0.00864324 -0.000280481 -0.000447775 -0.00706004
418.874 0.609115 19.6344 -0.627056 1.01436 -0.00118255 -0.00421726 0.410721 -0.911751 0.031279 -0.0296173 -0.000683457 0.000522486 0.000250857 0.0180402 0.0429124 0.00380277 -0.000306806 0.000522486 0.000250857 0.0180402
419.892 0.564739 19.6749 -0.671225 1.01878 -0.000930047 -0.00465504 0.396323 -0.918099 0.0371485 -0.0316769 -0.00380494 0.00105376 0.000484356 0.04892 0.0484031 0.00526133 -0.00327853 0.0009539 0.000603019 0.0482764
420.818 0.533075 19.7101 -0.699792 1.0326 6.83121e-05 -0.000957153 0.362754 -0.931884 0.0164839 -0.0121291 -0.00883774 0.00136084 0.00248484 0.133164 0.0210057 0.00232967 -0.0080307 0.00136946 0.00307471 0.132142
421.68 0.515443 19.7335 -0.713893 1.02522 0.000353603 -0.00112946 0.289825 -0.957079 0.014017 -0.00635822 0.000688617 0.00322032 -0.00265897 0.283025 0.0151882 0.00248526 0.000721652 0.00322032 -0.00265897 0.283025
423.352 0.502948 19.7588 -0.730067 1.0362 0.000268308 -0.000128294 0.0660152 -0.997819 0.00603386 -0.00601079 -0.00368005 -0.000221026 -0.00101225 0.252795 0.00677396 -0.00516145 -0.00368141 -0.000221026 -0.00101225 0.252795
424.894 0.498837 19.7658 -0.734847 1.03858 0.00062768 0.000254756 -0.0808313 -0.996728 0.00248753 -0.0069755 -0.00333386 -0.00117766 -9.87794e-05 0.154328 0.00146751 -0.00737777 -0.00325314 -0.00135982 6.16745e-06 0.154697
425.906 0.50284 19.7635 -0.731131 1.03919 0.000571161 0.000349257 -0.145671 -0.989333 0.00223987 -0.00608968 -0.00441822 -0.000187979 -0.000263568 0.12258 0.000387241 -0.00647139 -0.0044264 -0.000187979 -0.000263568 0.12258
426.786 0.507726 19.7615 -0.726744 1.04612 0.000692671 0.000469753 -0.191133 -0.981564 0.00247186 -0.00569788 -0.00613546 0.000595489 -0.000665756 0.0896357 0.000149261 -0.00619961 -0.00614511 0.000595489 -0.000665756 0.0896357
428.53 0.51204 19.7571 -0.713747 1.01758 0.00118742 -0.00194876 -0.241961 -0.970283 0.0203378 0.00135386 0.00311799 -0.00057263 0.000554265 0.0336166 0.0185056 -0.00860664 0.00325469 -0.000520693 0.000578955 0.0338972
429.494 0.523009 19.7653 -0.69556 1.00649 0.00123953 -0.00225809 -0.255813 -0.966723 0.0217322 0.00563902 0.00396584 3.30901e-05 0.000210418 0.0235543 0.021521 -0.00587058 0.0040003 2.89943e-05 0.00026467 0.0237335
430.484 0.555138 19.7812 -0.668862 1.03554 0.000963961 -0.00284048 -0.26385 -0.964559 0.0244182 0.00993095 -0.000209916 0.000114678 0.000192489 -0.00320851 0.025998 -0.0038723 0.00010992 0.000158137 0.000121402 -0.00244593
431.562 0.5849 19.8137 -0.64171 1.03813 0.000963626 -0.00349977 -0.257059 -0.966389 0.0318132 0.011586 0.00515155 -0.00157645 0.000248023 -0.0358816 0.0333269 -0.00575174 0.00539327 -0.00157645 0.000248023 -0.0358816
433.276 0.6049 19.8585 -0.602552 1.03978 0.000389778 -0.000616297 -0.196154 -0.980573 0.00628933 0.00148104 0.000652901 0.000121611 -0.000966979 -0.110595 0.00654509 -0.00108056 0.000726411 0.000104611 -0.000722596 -0.110617
434.28 0.59218 19.8706 -0.589774 1.0505 0.00024146 -0.000401189 -0.152695 -0.988273 0.00107312 0.000516215 -0.00251041 0.00093616 -0.000423142 -0.0849768 0.00133849 0.000141849 -0.00249935 0.00085228 -0.000347419 -0.0863041
435.214 0.580692 19.881 -0.579374 1.06041 -0.000697328 -0.000213192 -0.104482 -0.994527 0.00109469 -0.00364277 -0.00517887 -0.00248295 -0.00188924 -0.1978 0.000279548 -0.00352306 -0.0048011 -0.00220022 -0.00195746 -0.194564
436.15 0.579092 19.8892 -0.577499 1.06933 -0.000290573 0.000138011 -0.00681413 -0.999977 -0.00205341 -0.00371124 -0.0103494 -0.000483729 -0.000643068 -0.221686 -0.00203062 -0.00371219 -0.010932 -0.000340971 -0.000508945 -0.223945
437.062 0.581303 19.8921 -0.580075 1.05863 -0.00015786 0.000223675 0.0705608 -0.997507 -0.00501785 -0.00196567 -0.0060353 0.000156206 -0.000131907 -0.150566 -0.00469373 -0.00265455 -0.00603239 0.000156206 -0.000131907 -0.150566
437.98 0.58261 19.8917 -0.580583 1.05247 -0.000340725 0.000203986 0.124758 -0.992187 -0.00646834 -0.000200496 -0.00503337 0.000964284 -0.00026528 -0.0994966 -0.00621896 -0.00179925 -0.00503008 0.000964284 -0.00026528 -0.0994966
438.952 0.583268 19.8911 -0.582867 1.03916 -0.00056757 0.000232642 0.164717 -0.986341 -0.00702784 -0.000487221 0.000845955 -0.000285974 -0.00075767 -0.0846235 -0.00648794 -0.00274335 0.000851002 -0.000285974 -0.00075767 -0.0846235
439.904 0.589121 19.8898 -0.5884 1.0384 -0.000572206 7.78732e-05 0.198752 -0.98005 -0.00782234 0.000101715 0.00226599 -0.00101882 0.0257623 -0.0637232 -0.00714078 -0.00293713 0.000744483 4.89875e-05 0.00126861 -0.0645473
440.978 0.604406 19.9058 -0.605685 1.04122 -0.00111265 -0.00405571 0.223891 -0.974605 0.0244935 -0.0124969 -0.000363323 0.000281101 0.000119216 -0.0353422 0.0274938 -0.0005547 -0.000132084 0.000281101 0.000119216 -0.0353422
441.936 0.629801 19.9414 -0.628565 1.04438 -0.00129104 -0.00487324 0.235119 -0.971954 0.0316662 -0.0156427 -0.00126668 0.00022816 -3.27531e-06 -0.0141056 0.0353257 0.000560059 -0.000910753 0.00022816 -3.27531e-06 -0.0141056
442.884 0.615216 19.9933 -0.661735 1.03914 -0.000540735 -0.00555729 0.23685 -0.97153 0.0399475 -0.0170924 -0.0015232 0.00136469 0.00126684 0.0245295 0.043346 0.00321236 -0.00103903 0.00136469 0.00126684 0.0245295
444.566 0.607585 20.0772 -0.709343 1.03421 0.000166136 -0.00108414 0.174003 -0.984745 0.00533027 -0.00254696 0.00113433 0.000416709 -0.00145458 0.142958 0.00622567 -0.000592003 0.00120864 0.000101707 -0.00140411 0.140285
445.506 0.611782 20.1074 -0.723626 1.03327 0.000133173 -0.000335258 0.11128 -0.993789 0.000887732 -0.00146376 0.00102992 -0.000731064 -0.0012525 0.126555 0.00131246 -0.00120578 0.00091316 -0.000719454 -0.00160613 0.129152
446.418 0.615646 20.1232 -0.733184 1.04093 0.000625376 6.23755e-05 0.0582404 -0.998302 -0.00304386 0.000796854 -0.00106159 7.94715e-05 -0.00109045 0.139676 -0.00311608 0.000438816 -0.00106043 7.94715e-05 -0.00109045 0.139676
448.224 0.622131 20.1345 -0.732152 1.04059 0.000714244 0.000792184 -0.0382873 -0.999266 -0.00512557 0.00177309 -0.000861753 -0.000200773 -0.000961111 0.0838324 -0.00497617 0.00216137 -0.000850932 -0.000200773 -0.000961111 0.0838324
449.136 0.62117 20.1356 -0.72993 1.02975 0.00106665 -0.00638968 -0.0673948 -0.997705 0.0166579 0.00280046 0.0091606 0.000899436 -0.000516315 0.0592926 0.0167636 0.000523022 0.0093782 0.000899436 -0.000516315 0.0592926
450.108 0.633579 20.1522 -0.726202 1.02917 0.000338663 0.000187496 -0.0963676 -0.995346 0.0145304 -0.00372828 0.00203143 -9.79512e-05 4.60914e-05 0.0676363 0.0137788 -0.00638651 0.00171239 -0.000177523 0.000688019 0.067703
451.056 0.644258 20.1641 -0.719917 1.03453 0.00176311 -0.00519852 -0.123648 -0.992311 0.0368752 0.00592963 0.0121961 0.00169695 -0.0114594 0.0562872 0.0370695 -0.00332838 0.0125881 0.00169695 -0.0114594 0.0562872
452.03 0.673331 20.1967 -0.702237 1.03288 0.00104436 -0.00489014 -0.141407 -0.989939 0.0575236 0.0108403 0.00993664 -0.000635758 -0.000400013 0.00909777 0.0576837 -0.00573793 0.0107054 -0.000797045 -0.000479008 0.0106317
452.99 0.716139 20.2398 -0.679067 1.04097 0.00184629 -0.00504759 -0.146747 -0.989159 0.0607476 0.0181568 0.0140993 0.00119042 0.00125579 0.028536 0.0631726 -0.000350155 0.0147689 0.00132243 0.00139066 0.0279323
453.952 0.776288 20.3019 -0.649785 1.03252 0.00112318 -0.00631827 -0.154536 -0.987966 0.0749393 0.0188765 0.0114947 -0.000694193 -0.000592341 -0.00666515 0.0766993 -0.00485194 0.0123581 -0.000752163 -0.000741992 -0.00583761
454.904 0.793177 20.3767 -0.612819 1.06091 0.00135418 -0.00755947 -0.150068 -0.988646 0.0866695 0.0251765 0.0105955 0.000243656 -0.000577443 -0.00917015 0.0898286 -0.00170401 0.0120833 0.000130195 -0.000614825 -0.00929644
455.914 0.825798 20.4705 -0.57693 1.07316 0.00154729 -0.00773609 -0.148794 -0.988837 0.0923535 0.0291276 0.0107449 0.0015485 -2.81909e-05 0.00181538 0.0964888 0.000526767 0.0123487 0.000797706 -3.52199e-05 0.00161031
456.81 0.870763 20.5627 -0.541247 1.08925 0.00143509 -0.00812946 -0.149238 -0.988767 0.0992609 0.0309695 0.0111484 -0.000487536 -0.00105153 -0.00127351 0.103781 0.000288683 0.0128631 -0.000487536 -0.00105153 -0.00127351
458.5 0.888274 20.7526 -0.471195 1.08171 0.0013859 -0.00818049 -0.14835 -0.9889 0.107407 0.0343765 0.0118635 4.90051e-05 -0.00128287 -0.0016777 0.112554 0.00134326 0.0137332 4.90051e-05 -0.00128287 -0.0016777
459.52 0.891768 20.8694 -0.432444 1.09335 0.0013807 -0.00791833 -0.14809 -0.988941 0.109044 0.0344027 0.01064 0.000176255 -0.00116419 -0.000547392 0.114153 0.000947553 0.0124764 0.000176255 -0.00116419 -0.000547392
460.512 0.915209 20.9809 -0.392964 1.1186 0.00154782 -0.00718418 -0.152458 -0.988283 0.105125 0.0363006 0.00886557 6.92596e-05 -0.000558909 0.0167131 0.111036 0.00292405 0.0104984 6.92596e-05 -0.000558909 0.0167131
461.522 0.944931 21.0817 -0.357097 1.14833 0.00108038 -0.00723854 -0.15815 -0.987388 0.105039 0.0335222 0.00786347 -0.000682184 -0.00168836 -0.00199114 0.110156 -0.000782938 0.00943925 -0.000608562 -0.00173056 -0.000911595
462.472 0.968193 21.1853 -0.323443 1.17271 0.00170877 -0.00668984 -0.157067 -0.987564 0.104414 0.0344628 0.00358781 0.000748478 -0.000719524 0.00839244 0.110047 0.000277476 0.00520028 0.000839373 -0.000712989 0.00710587
463.508 0.972235 21.2829 -0.28326 1.16765 0.00142242 -0.00639257 -0.163984 -0.986441 0.100701 0.0355824 -0.00975193 0.00250284 -0.00060624 0.0158568 0.107132 0.00108023 -0.00655667 -0.000360018 -0.000962565 0.0161103
465.398 0.967995 21.4303 -0.218551 1.16563 0.00142234 -0.00546088 -0.168105 -0.985753 0.0863286 0.0351708 -0.00997321 0.00112658 -0.000267143 0.0300833 0.0932121 0.0045801 -0.00892123 0.00112658 -0.000267143 0.0300833
466.516 0.927892 21.5119 -0.186095 1.12064 0.000809521 -0.00528157 -0.183944 -0.982922 0.0801867 0.0312639 -0.0175729 0.000249133 -0.00116482 0.0174679 0.0862486 0.000145418 -0.0166527 0.000249133 -0.00116482 0.0174679
467.502 0.909825 21.5807 -0.162054 1.10728 0.000919653 -0.00440869 -0.185273 -0.982677 0.0746902 0.0266953 -0.0137328 -0.000614377 -0.000299551 -0.00421776 0.0794036 -0.00233226 -0.0130187 -0.000614377 -0.000299551 -0.00421776
469.386 0.907481 21.6904 -0.123135 1.11033 0.000988913 -0.00374256 -0.183398 -0.983031 0.0622476 0.0208658 -0.0105644 -0.000471272 -0.000557389 -0.000972042 0.0657663 -0.0030042 -0.00986557 -0.000708187 -0.00043265 -0.0010907
470.418 0.910598 21.7431 -0.1044 1.11012 0.00101312 -0.00330729 -0.18405 -0.982911 0.0566895 0.0183028 -0.0116844 -0.000292997 -0.000297729 0.00226452 0.0595499 -0.00343935 -0.011278 -0.000292997 -0.000297729 0.00226452
471.09 0.87581 21.7885 -0.0847348 1.067 0.00340931 -0.0150091 -0.184385 -0.982734 0.126452 0.0476487 -0.077984 0.00171286 -0.0414172 0.000429578 0.137458 -0.0013406 -0.0737927 0.00171286 -0.0414172 0.000429578
472.188 0.819342 21.9209 -0.0260614 1.00898 0.00122316 -0.00563781 -0.184326 -0.982848 0.111607 0.0407386 -0.0164828 0.000753877 -0.0123087 -0.00104487 0.120744 -0.00249294 -0.0164439 0.000756345 -0.0123334 -0.0010758
473.224 0.799609 22.0106 0.0174 0.998076 -0.00019645 -0.00117944 -0.183994 -0.982927 0.0591548 0.0177758 0.00360466 -1.00031e-05 -0.0064796 0.00066876 0.0632887 -0.00473713 0.00393147 4.98479e-05 -0.00681254 0.000688955
474.378 0.801233 22.0592 0.0359353 0.99668 -0.000724192 0.00132008 -0.183978 -0.982929 0.0161046 -0.00104151 0.00571606 -0.00041203 -0.00278145 0.000880987 0.014654 -0.00679031 0.00568052 -0.00041203 -0.00278145 0.000880987
475.41 0.798261 22.0655 0.0346799 0.989483 -0.000770626 0.00192912 -0.184047 -0.982915 -0.00104268 -0.00711724 0.0106086 -0.00146961 -0.00121468 0.000352175 -0.00350383 -0.00624927 0.010628 -0.00146961 -0.00121468 0.000352175
476.428 0.803298 22.0582 0.0277022 1.00021 -0.000705035 0.00206802 -0.183978 -0.982928 -0.00728356 -0.00704082 0.00411566 -0.000855817 4.58129e-05 0.000603531 -0.00931909 -0.00392731 0.00415845 -0.000855817 4.58129e-05 0.000603531
477.468 0.808247 22.0361 0.0121444 1.00352 -0.000115603 0.00129824 -0.184124 -0.982902 -0.00712403 -0.00414376 -0.00258158 0.000375441 0.00146316 -0.000224812 -0.00814751 -0.0012836 -0.00256077 0.000375441 0.00146316 -0.000224812
478.592 0.809942 22.0119 0.00134078 1.00832 2.92238e-05 0.000150565 -0.183961 -0.982934 -0.00105767 0.00010319 -0.00587544 -0.00109892 0.0011232 6.73198e-05 -0.00133858 0.000484983 -0.00535255 -0.000997196 0.00129288 2.88996e-05
479.654 0.812053 21.9981 -0.00706022 1.0082 0.000380017 -0.000510906 -0.184112 -0.982905 0.00377689 0.0031746 -0.0091817 -0.000213816 0.000500429 6.03694e-05 0.00468032 0.00159754 -0.00917546 -0.000213816 0.000500429 6.03694e-05
481.454 0.794054 21.9946 -0.010643 0.991121 0.000673701 -0.000763478 -0.184127 -0.982902 0.00485701 0.00556934 0.00836998 0.00047595 2.00115e-05 0.00042869 0.00652512 0.00339584 0.00828411 0.000499595 2.36975e-05 0.000469427
482.46 0.790682 21.997 -0.00688699 0.988475 0.000525497 -0.000693379 -0.183835 -0.982957 0.0036261 0.00443638 0.012385 -0.000334034 -0.000222608 0.00159474 0.00496505 0.00281639 0.0123949 -0.000334034 -0.000222608 0.00159474
483.666 0.796365 22.007 -0.00229199 0.988987 0.000528087 -9.85585e-05 -0.184165 -0.982895 0.00112504 0.00202383 0.00976037 -0.000118185 -0.00123037 -6.75113e-05 0.00177762 0.00146947 0.00976253 -0.000118185 -0.00123037 -6.75113e-05
484.66 0.796953 22.0108 0.00144696 0.995986 0.000480035 4.75177e-05 -0.183929 -0.982939 -0.00328407 0.00019501 0.00554173 0.000801307 -0.000823123 0.00111387 -0.00299182 0.00136395 0.00554279 0.000801307 -0.000823123 0.00111387
486.36 0.805967 22.0126 0.00389067 1.00268 0.000430613 0.000251847 -0.184 -0.982926 -0.00452826 -0.00249645 -0.00276649 1.16125e-05 -0.00173039 0.000876194 -0.00512619 -0.000697346 -0.0023409 -7.63837e-05 -0.00188835 0.000925031
487.484 0.803728 22.0099 0.0101065 1.00266 -5.31231e-06 0.000287635 -0.184007 -0.982925 -0.00653822 -0.00341197 -0.00183559 0.00135469 0.00080954 0.000161364 -0.0072927 -0.000725495 -0.00140101 0.00136395 0.00083498 0.000142578
488.552 0.813939 22.005 0.0112338 1.01233 -0.000175024 5.84183e-05 -0.183962 -0.982933 -0.00440587 -0.00571541 -0.0119 -0.000286221 9.95548e-05 0.000441931 -0.00617674 -0.00373905 -0.0118977 -0.000286221 9.95548e-05 0.000441931
490.308 0.802471 22.0056 0.00863225 0.999471 -0.000170156 0.000252795 -0.183887 -0.982947 -0.0026506 -0.00574673 -0.000155264 -0.000855955 -1.31088e-06 0.000523233 -0.00454889 -0.00439992 -0.000151656 -0.000855955 -1.31088e-06 0.000523233
491.304 0.80814 22.0076 0.00450202 1.00469 4.57176e-05 0.000406027 -0.183963 -0.982933 -0.00344499 -0.00346727 -0.00508822 0.000502379 -0.000181313 0.00121765 -0.00446972 -0.00198551 -0.0050852 0.000502379 -0.000181313 0.00121765
