83.016 0.566165 -0.00131576 0.0028085 0.576251 0.00020679 -6.00954e-05 -0.225273 -0.974296 -0.00104455 0.00140719 0.37684 -0.000487425 0.000666045 0.479534 -0.00012734 0.00218903 0.392579 -0.000490893 0.000588113 0.484507
83.336 0.685372 -0.00111799 0.00284412 0.693208 0.000268787 -0.00014232 -0.294444 -0.955669 -0.000846839 -0.00183391 0.252943 0.000525937 -0.000115075 0.405744 -0.00184094 -0.00114809 0.252942 0.000525937 -0.000115075 0.405744
83.678 0.786134 -0.000852434 0.00476079 0.790765 0.000205397 -0.000160407 -0.352675 -0.935746 -0.000469938 -0.00325078 0.114366 0.000853742 0.000151245 0.343052 -0.00254954 -0.00216297 0.114364 0.000853742 0.000151245 0.343052
84.046 0.822149 -0.000482064 0.0100304 0.823218 -0.000260379 2.14318e-06 -0.408815 -0.912617 0.000130267 -0.0023858 0.016025 0.000870833 -0.00202918 0.283029 -0.00158244 -0.00159211 0.016416 0.00136915 -0.00271538 0.289133
84.442 0.835759 -0.000266894 0.0130716 0.832186 -0.000218172 1.90398e-05 -0.452962 -0.89153 6.10268e-05 -0.004081 -0.0461328 -0.00295243 0.00415664 0.241703 -0.00327076 -0.0024728 -0.0461312 -0.00295243 0.00415664 0.241703
84.814 0.813759 -0.000192434 0.0163127 0.808075 0.000160226 4.74532e-06 -0.490788 -0.871279 -0.000200391 -0.00264292 -0.0561497 -0.00391113 -0.00125337 0.227984 -0.00244799 -0.00139652 -0.0574655 -0.0035616 -0.00115226 0.225232
85.328 0.787929 -0.000749853 0.0217704 0.782991 3.86105e-05 0.000211371 -0.545958 -0.837813 -0.00269903 3.44667e-05 -0.0431127 0.00209985 -0.000894059 0.289445 -0.001076 0.00240731 -0.0447871 0.00217108 -0.000985613 0.287087
86.194 0.771318 0.00257105 0.0263551 0.766773 -0.000388236 0.00020332 -0.637667 -0.770312 0.00280501 -0.00148542 -0.0258246 -0.00124219 -0.000485533 0.216826 -0.000956297 -0.00304182 -0.0258228 -0.00124219 -0.000485533 0.216826
86.876 0.751329 0.00341765 0.0249296 0.748778 -0.000193332 0.000242774 -0.682348 -0.731027 0.00261692 -0.00449354 -0.0115686 0.0001226 0.00168724 0.15025 -0.00431 -0.00291932 -0.0115661 0.0001226 0.00168724 0.15025
87.31 0.747833 0.0029017 0.0240239 0.746538 -0.000114577 9.08652e-05 -0.704039 -0.710161 0.00209631 -0.00356868 -0.00630448 0.000405667 -0.00119777 0.126623 -0.00355223 -0.00212734 -0.00630338 0.000405667 -0.00119777 0.126623
87.88 0.757986 0.00416354 0.0244278 0.755963 -0.000170457 0.000288039 -0.726425 -0.687245 0.00316363 -0.00169072 -0.00571579 0.000409093 -0.000503829 0.0985615 -0.00186703 -0.00306407 -0.00571515 0.000409093 -0.000503829 0.0985615
88.658 0.746281 0.00710311 0.0222215 0.7435 8.54483e-06 0.000345458 -0.748408 -0.663239 0.00584936 -0.0017135 0.0033307 -0.00259011 -0.000404367 0.0631715 -0.00244015 -0.00531693 0.00304363 -0.00198405 -0.000368036 0.0642242
89.15 0.748391 0.00834424 0.02401 0.749988 7.62e-05 0.000697624 -0.758842 -0.651275 0.00401772 0.000812098 0.00588778 0.00249075 -0.00169339 0.0549314 0.000197955 -0.00410123 0.00588288 0.00249075 -0.00169339 0.0549314
89.688 0.759209 0.00429633 0.0231073 0.758969 0.00606767 -0.0035287 -0.768594 -0.639698 -0.00374073 0.0128262 -0.00989833 0.00155514 0.0221001 0.0475164 0.0134279 0.00137314 -0.00971021 0.00155514 0.0221001 0.0475164
90.136 0.760702 -0.00302439 0.0317788 0.75942 0.00491894 -0.00300881 -0.776188 -0.630475 -0.0124789 0.0388178 -0.00897653 0.000357737 -0.00237587 0.0385808 0.0406514 0.00427056 -0.00850591 0.000357737 -0.00237587 0.0385808
90.6 0.764202 -0.0118722 0.047163 0.763997 0.00494081 -0.00317815 -0.781245 -0.624197 -0.0156978 0.0473036 -0.0100959 -0.000819834 0.000301637 0.032234 0.0491646 0.00497642 -0.00960239 -0.000733939 0.000374216 0.0323108
91.4 0.767398 -0.0282335 0.0931424 0.766334 0.00500281 -0.00345012 -0.788437 -0.615085 -0.0188159 0.0600282 -0.00222808 0.00515267 0.00181527 0.0286122 0.0622773 0.00367785 -0.00198033 0.0061407 0.00183302 0.0296588
91.904 0.768086 -0.0413322 0.127534 0.767804 0.00512441 -0.00377695 -0.791349 -0.611332 -0.0182071 0.0647166 -0.00106698 -0.00147855 0.00167539 0.00937876 0.067225 0.00127521 -0.00021097 -0.00147855 0.00167539 0.00937876
92.336 0.771298 -0.0527169 0.161211 0.771594 0.00531554 -0.0037057 -0.791779 -0.610774 -0.0201862 0.0711496 9.99181e-05 0.000696151 -0.00274775 0.00522502 0.0739359 0.00146099 0.00105796 0.000696151 -0.00274775 0.00522502
92.814 0.777134 -0.0653549 0.204742 0.77707 0.00504025 -0.00346253 -0.791977 -0.61052 -0.020838 0.0798289 -0.00156951 -0.00691087 -0.00261784 0.00525783 0.0825166 -0.000164132 -0.00056202 -0.00691087 -0.00261784 0.00525783
93.262 0.770841 -0.0806578 0.247813 0.769794 0.0053245 -0.00307232 -0.792613 -0.609695 -0.0261464 0.0794435 -0.00387058 0.00228313 0.0021923 0.0242466 0.0835332 0.00489833 -0.00284484 0.00228313 0.0021923 0.0242466
93.75 0.7707 -0.0946892 0.285857 0.769715 0.00522515 -0.00337458 -0.795901 -0.605394 -0.027586 0.0813143 -0.00261956 -2.5161e-05 0.000223068 0.0316347 0.0854378 0.0053326 -0.00162666 0.0007979 0.00026601 0.0320096
94.464 0.776932 -0.114483 0.344598 0.771075 0.00551199 -0.003464 -0.800382 -0.599455 -0.0276422 0.0836129 -0.0023925 -0.00133442 0.000975945 0.0251349 0.0880359 0.00300979 -0.00124701 -0.00133442 0.000975945 0.0251349
95.258 0.740741 -0.138894 0.40999 0.739202 0.00578067 -0.00356317 -0.804203 -0.594315 -0.0300906 0.0865689 0.0013547 6.11947e-05 0.00132918 0.0222166 0.0915613 0.0033508 0.00259785 6.11947e-05 0.00132918 0.0222166
95.728 0.737883 -0.155548 0.451078 0.738222 0.00515535 -0.00326518 -0.806217 -0.591589 -0.0308652 0.0857663 0.000275835 -7.78797e-06 0.00162302 0.0222986 0.0910654 0.00371102 0.00138784 -7.78797e-06 0.00162302 0.0222986
96.342 0.736875 -0.175568 0.500794 0.731014 0.0052295 -0.00367713 -0.80847 -0.588502 -0.0306297 0.0857005 0.00895211 -6.90232e-05 0.00100299 0.0167857 0.09083 0.00292497 0.00973843 4.91662e-05 0.000936908 0.0172546
96.796 0.726559 -0.189591 0.536351 0.714423 0.00528963 -0.00376328 -0.809605 -0.586939 -0.0306964 0.0867949 0.00885044 -0.000729914 0.000433046 0.0068741 0.0919146 0.00218217 0.0100448 -0.000729914 0.000433046 0.0068741
97.234 0.681961 -0.20434 0.577542 0.678283 0.0051412 -0.0029108 -0.809763 -0.586727 -0.0326394 0.0869735 0.0146219 0.000321537 3.79494e-05 0.0163012 0.0926704 0.00367014 0.0157139 -1.43992e-05 -0.000535341 0.0147234
97.836 0.687238 -0.22357 0.625616 0.685311 0.00437645 -0.00273334 -0.812529 -0.582898 -0.0330857 0.0823217 0.0124969 0.000370568 0.00242887 0.0291521 0.0887109 0.0049991 0.0135975 0.000358928 0.00228281 0.0290759
98.346 0.689134 -0.234972 0.665315 0.687335 0.0047421 -0.00329547 -0.815205 -0.579143 -0.0297803 0.0824125 0.0064197 -0.00155605 0.000167881 0.0185098 0.0875425 0.000992695 0.00743131 -0.00155605 0.000167881 0.0185098
98.874 0.684705 -0.245616 0.706503 0.684791 0.00495828 -0.00316868 -0.816432 -0.577412 -0.0278506 0.0831939 0.00773073 -0.0010362 0.000608949 0.00846567 0.0876228 -0.00146256 0.00876057 -0.0010362 0.000608949 0.00846567
99.476 0.68996 -0.26131 0.753828 0.686844 0.00506621 -0.00298176 -0.817454 -0.575964 -0.028979 0.0817522 0.00701039 0.00186004 0.000464617 0.00674863 0.0866287 -0.000529236 0.00783676 0.00173963 0.000512286 0.00672834
99.978 0.682242 -0.279891 0.79181 0.685066 0.00505099 -0.00322056 -0.817899 -0.57533 -0.0310084 0.0824825 0.00828453 -0.000544736 -0.000672715 0.00914951 0.0880034 0.00130269 0.00933915 -0.000544736 -0.000672715 0.00914951
100.554 0.707213 -0.299612 0.837804 0.708739 0.00491228 -0.00309857 -0.81895 -0.573836 -0.031043 0.0827493 0.00758838 -5.56726e-05 0.000749747 0.00984402 0.0882816 0.000922481 0.00861372 -5.56726e-05 0.000749747 0.00984402
101.046 0.722385 -0.316874 0.879142 0.723249 0.00536019 -0.00321401 -0.819566 -0.57295 -0.0322829 0.0851524 0.0104316 -0.00247115 -0.0029596 0.0109513 0.0908066 0.000975862 0.0112469 -0.00315537 -0.00315469 0.0101664
101.802 0.744163 -0.338746 0.93951 0.746427 0.00567198 -0.00330522 -0.821923 -0.569561 -0.0323695 0.0864019 0.0109012 -0.000704234 0.000824192 0.0181548 0.0920746 4.87009e-05 0.0115235 -0.00064368 0.00080486 0.0181293
102.316 0.761441 -0.356022 0.980538 0.764524 0.00609513 -0.00404544 -0.823337 -0.567506 -0.0320279 0.0879718 0.0145769 1.55553e-05 -0.000188684 0.00612747 0.0931837 -0.00137924 0.0159632 8.98087e-06 -0.000111918 0.00662323
102.798 0.780166 -0.375541 1.02098 0.776419 0.0063183 -0.00421381 -0.823004 -0.567985 -0.03406 0.0910073 0.0157546 0.000176668 -0.000386676 -0.000944045 0.0969206 -0.000443884 0.0172284 0.000176668 -0.000386676 -0.000944045
103.328 0.80202 -0.399746 1.07116 0.798791 0.00676045 -0.00446566 -0.822219 -0.569113 -0.0370195 0.0949417 0.0166617 0.000402384 -0.00141897 0.00151694 0.101161 0.001203 0.0183802 0.000363993 -0.00133095 0.00134
103.812 0.830173 -0.421246 1.12194 0.815703 0.00703647 -0.00474564 -0.821974 -0.569462 -0.0384803 0.0987666 0.0161699 0.00254536 -0.00114836 0.00486206 0.1057 0.00131819 0.0179668 0.00254536 -0.00114836 0.00486206
104.264 0.851583 -0.439361 1.17022 0.82789 0.00702806 -0.00528953 -0.821113 -0.570698 -0.0365194 0.102485 0.0178041 -0.00132411 0.000597702 -0.00466233 0.108457 -0.00148008 0.0197147 -0.00132411 0.000597702 -0.00466233
104.79 0.88638 -0.457717 1.22975 0.850373 0.00754738 -0.00539046 -0.8195 -0.573004 -0.035525 0.108509 0.0188774 -0.0013418 -0.000746612 -0.0113485 0.113741 -0.00387874 0.0209913 -0.0013418 -0.000746612 -0.0113485
105.44 0.933063 -0.483205 1.31149 0.870635 0.00760349 -0.00585511 -0.815893 -0.578123 -0.0339227 0.116164 0.015352 -0.000956138 -0.0010101 -0.0259774 0.120525 -0.00648961 0.0176715 -0.000956138 -0.0010101 -0.0259774
105.944 0.965856 -0.502979 1.3766 0.874754 0.00850349 -0.00640251 -0.811908 -0.583689 -0.0342119 0.1234 0.0179 -0.000438859 -0.00175848 -0.0289001 0.12746 -0.00686874 0.0206205 -0.000438859 -0.00175848 -0.0289001
106.572 0.924859 -0.537015 1.46888 0.885574 0.00950838 -0.00650404 -0.807186 -0.590185 -0.0408442 0.135218 0.0146155 0.000722615 -0.00236558 -0.0152331 0.140863 -0.002099 0.0178624 0.000722615 -0.00236558 -0.0152331
107.306 0.870078 -0.57401 1.58027 0.884338 0.0089349 -0.0060868 -0.805356 -0.592693 -0.0424316 0.137394 -0.000182497 0.000224317 0.000721763 -0.000338793 0.143767 -0.000342648 0.00292426 0.000224317 0.000721763 -0.000338793
107.854 0.848104 -0.601147 1.65789 0.896186 0.00807234 -0.00509007 -0.805676 -0.59228 -0.0435662 0.132694 -0.000685611 0.000689529 0.00387226 0.0104643 0.139637 0.00199276 0.0019757 0.000689529 0.00387226 0.0104643
108.392 0.844727 -0.630065 1.74218 0.91965 0.00775866 -0.00377024 -0.808221 -0.588816 -0.0464958 0.127832 0.017614 0.00256113 0.00213712 0.0341268 0.135981 0.00485479 0.0199102 0.00257406 0.00205691 0.0336685
108.924 0.844885 -0.658047 1.81499 0.935156 0.00732384 -0.00586242 -0.813079 -0.582078 -0.0440124 0.128327 0.0117093 0.000412284 -0.000507118 0.0201891 0.13531 0.000925214 0.0143764 0.00220298 0.000363932 0.023562
109.496 0.852317 -0.68381 1.88105 0.950466 0.00799032 -0.00529506 -0.812926 -0.582288 -0.0407731 0.128308 0.0161739 -0.005638 0.00384475 -0.00630583 0.134269 -0.00270023 0.0187477 -0.005638 0.00384475 -0.00630583
110.214 0.858424 -0.721559 1.97422 0.958965 0.00822979 -0.00560188 -0.812031 -0.583529 -0.0455319 0.130528 0.000786102 0.000650772 -0.000977767 0.00329407 0.13784 0.00136796 0.00345624 0.00065705 -0.00120011 0.00303148
110.802 0.8722 -0.754882 2.05396 0.969202 0.00810145 -0.00531494 -0.812274 -0.583196 -0.0485897 0.134094 0.00426134 -0.000638992 -0.00156794 0.00686568 0.142482 0.00316489 0.00702375 -0.000638992 -0.00156794 0.00686568
111.434 0.877018 -0.78586 2.1402 0.977447 0.00822224 -0.00538773 -0.813558 -0.5814 -0.0499047 0.137252 0.00581324 -0.000223594 -0.000250425 0.0130849 0.145874 0.00275563 0.00868257 -0.000223594 -0.000250425 0.0130849
112.066 0.894937 -0.819077 2.22569 0.997159 0.00817714 -0.00582699 -0.814717 -0.579772 -0.0491405 0.138201 0.0270749 -0.000774302 0.000292297 0.00424315 0.1461 0.00114476 0.0300148 -0.000774302 0.000292297 0.00424315
112.644 0.909672 -0.847542 2.30398 1.00952 0.00843092 -0.00593198 -0.814618 -0.579906 -0.0496654 0.141534 0.0277416 -0.000248992 -0.000142876 0.000542762 0.14939 0.000594921 0.030828 -0.000248992 -0.000142876 0.000542762
113.248 0.917831 -0.876131 2.38531 1.01867 0.00900618 -0.00493183 -0.814795 -0.579658 -0.0527079 0.141392 0.00492931 0.000348067 -0.00122435 0.0146806 0.150726 0.00341233 0.0080131 0.000348067 -0.00122435 0.0146806
113.86 0.854178 -0.909853 2.47423 1.03253 0.00903703 -0.00535315 -0.818643 -0.574206 -0.056296 0.141849 0.00396142 0.000209016 -0.000312824 0.031155 0.152425 0.00469151 0.00722158 0.000299631 -0.000339522 0.0311275
114.452 0.780101 -0.940157 2.55051 1.03116 0.00709039 -0.00596652 -0.821378 -0.570309 -0.0484106 0.138485 -0.00785133 -0.0024347 0.00315517 8.62498e-06 0.146791 -0.00304421 -0.00513823 -0.0024347 0.00315517 8.62498e-06
115.088 0.710957 -0.972402 2.64002 1.00111 0.00661116 -0.00486827 -0.817958 -0.575219 -0.0414529 0.129988 -0.00529784 -0.000799521 0.00225386 -0.0232252 0.137137 -0.00500894 -0.00328627 -0.000935547 0.00317664 -0.0226769
115.674 0.64848 -0.997634 2.709 0.994563 0.00601029 -0.00395543 -0.81467 -0.57988 -0.0399892 0.120547 0.00153481 0.000540534 0.00326761 -0.0138031 0.127446 -0.00179561 0.00333182 0.000568857 0.00333995 -0.0142885
116.252 0.597699 -1.02068 2.76878 1.01205 0.00518882 -0.00344605 -0.813012 -0.582213 -0.0370511 0.109435 0.00169471 0.000615301 0.00353934 -0.0044241 0.115507 -0.000165033 0.00313292 0.000615301 0.00353934 -0.0044241
116.784 0.559127 -1.03857 2.81918 1.02553 0.00109362 2.60689e-05 -0.813336 -0.581793 -0.0306464 0.0907869 -0.00519585 -0.00225642 -0.0109091 0.0314906 0.0958284 -0.000316972 -0.00502872 -0.00225642 -0.0109091 0.0314906
117.434 0.529041 -1.05528 2.86198 1.02558 0.00185945 -0.000957917 -0.826114 -0.5635 -0.0236811 0.0677871 -0.00424701 0.000640761 -0.000279922 0.0988776 0.0717711 -0.00268775 -0.00395044 0.000640761 -0.000279922 0.0988776
118.206 0.505359 -1.07564 2.90324 1.02395 0.00166314 -0.000609238 -0.84641 -0.532528 -0.0217928 0.0602019 -0.00350932 -0.000735672 -0.000655883 0.127193 0.0640319 -0.00633263 -0.00297529 -0.00181779 -0.00101821 0.121036
118.864 0.496321 -1.09141 2.92689 1.01246 0.00118603 -0.000785654 -0.869431 -0.494052 -0.0220831 0.0550798 0.00529851 0.000815138 -0.00122829 0.154274 0.0586059 -0.00921877 0.00546669 0.000815138 -0.00122829 0.154274
119.484 0.492557 -1.10344 2.94131 1.01231 0.000914037 -0.000846971 -0.888194 -0.459467 -0.0207468 0.0495629 0.00883659 -0.00146034 -9.39167e-05 0.126845 0.0524185 -0.0116972 0.0089703 -0.00146034 -9.39167e-05 0.126845
120.038 0.49106 -1.11182 2.94985 1.01832 0.000938388 -0.000535379 -0.908083 -0.41879 -0.0214655 0.0424395 0.00221777 0.00177483 -8.30529e-06 0.204659 0.046474 -0.0110298 0.00276473 0.00171062 0.000259189 0.201064
120.646 0.491138 -1.11951 2.95559 1.03034 0.000570838 -0.00101564 -0.931126 -0.364695 -0.0199813 0.0363182 -0.00933759 0.000966184 0.000480095 0.201207 0.0393486 -0.0131007 -0.00924732 0.000966184 0.000480095 0.201207
121.168 0.489507 -1.1258 2.96355 1.0361 0.000360257 -0.00101361 -0.946921 -0.321465 -0.0186237 0.0331274 -0.0155813 -0.00189909 -0.000424225 0.17159 0.0353235 -0.0150432 -0.0149819 -0.00186503 -0.00043239 0.17154
121.696 0.487623 -1.12801 2.96887 1.03971 0.000351619 -0.00109428 -0.960407 -0.278597 -0.0167582 0.0274088 -0.0203057 0.000682222 0.000146844 0.17631 0.0288503 -0.0142248 -0.0202416 0.000682222 0.000146844 0.17631
122.214 0.484336 -1.12968 2.97534 1.02138 0.00021334 -0.0012834 -0.970555 -0.240875 -0.0150489 0.0237678 -0.00545166 0.000615028 0.000166432 0.155507 0.0244212 -0.0139864 -0.00539306 0.000615028 0.000166432 0.155507
122.88 0.480775 -1.13115 2.98556 1.00611 0.000231472 -0.00137468 -0.980476 -0.196633 -0.0126082 0.0195543 0.013829 -0.000238368 0.000159376 0.129188 0.0191594 -0.0131445 0.0138823 -0.000238368 0.000159376 0.129188
123.502 0.472255 -1.1325 2.99759 1.01738 0.000202125 -0.00151433 -0.987272 -0.159031 -0.0103984 0.0161707 0.00341879 0.000221793 0.000226901 0.115286 0.0150902 -0.0121992 0.00389956 0.000202009 0.000235291 0.115847
124.086 0.46824 -1.13693 3.00717 1.02039 3.37521e-05 -0.00153328 -0.991571 -0.129555 -0.00973014 0.0127165 0.000416928 0.000123088 -0.000617986 0.0957009 0.0126705 -0.00978841 0.00045249 0.000123088 -0.000617986 0.0957009
125 0.461207 -1.1444 3.02713 1.04037 -5.31978e-05 -0.00174938 -0.988112 -0.153725 -0.00656408 0.0138404 -0.00612634 -0.00437204 -0.00166864 -0.196165 0.0104941 -0.0113915 -0.00585746 -0.00430978 -0.00165248 -0.19355
125.926 0.45173 -1.14736 3.04505 1.03372 -3.16655e-05 -0.000941038 -0.972457 -0.233081 -0.00333637 0.00458706 -0.00672342 -0.000408188 -0.000516609 -0.171669 0.00505581 -0.00258861 -0.00671675 -0.000408188 -0.000516609 -0.171669
126.466 0.446313 -1.1488 3.05722 1.02496 -9.29925e-05 -0.000616704 -0.962645 -0.270764 -0.00164611 0.00204116 -0.00281683 -0.000847999 -0.000499327 -0.140766 0.00246924 -0.000887238 -0.00281535 -0.000847999 -0.000499327 -0.140766
127.076 0.442238 -1.15023 3.06512 1.02596 -0.000114011 -0.000460892 -0.952558 -0.304358 -0.000144734 -0.00177476 -0.00318838 -0.00059884 -0.000451377 -0.112563 -0.000910953 0.00152686 -0.00318989 -0.00059884 -0.000451377 -0.112563
127.694 0.440798 -1.15123 3.07193 1.00378 -0.000339687 -0.000908716 -0.940866 -0.338776 0.00274403 -0.00255407 0.00450184 0.000665224 -0.000568645 -0.172765 -0.00359661 0.00052643 0.00425125 0.00207303 -0.000548937 -0.161534
128.274 0.438613 -1.15235 3.0773 1.00563 -0.000259433 -0.000270315 -0.919084 -0.394061 0.00490533 -0.00267936 0.00304811 -0.00254961 -0.000918265 -0.23781 -0.00532188 -0.0017038 0.00305071 -0.00254961 -0.000918265 -0.23781
128.868 0.434747 -1.15339 3.08533 1.01131 -0.000329033 0.00028694 -0.892487 -0.451072 0.00457908 -0.00398716 0.00234221 -0.0013327 -0.00179323 -0.204817 -0.00592399 -0.0013227 0.00234694 -0.0013327 -0.00179323 -0.204817
129.612 0.43097 -1.15561 3.0939 1.02106 -0.00059731 0.000747422 -0.863852 -0.503745 0.00437031 -0.00574795 -0.000564556 -0.000360072 -0.000797863 -0.133012 -0.00708255 -0.000937921 -0.000344509 -0.000354021 -0.00078568 -0.136516
130.212 0.430728 -1.15734 3.09533 1.02394 -0.000735925 0.000897231 -0.846338 -0.532645 0.0049989 -0.0067203 -0.00128141 -7.08613e-05 -0.000894917 -0.0968065 -0.00831273 -0.0016401 -0.00120681 -9.3752e-05 -0.000897371 -0.0986501
131.068 0.434911 -1.16074 3.09376 1.01089 -0.00108247 0.000915532 -0.826865 -0.562399 0.00653742 -0.00661965 0.000918654 -0.000305196 -0.000561943 -0.0962384 -0.00852871 -0.00352207 0.000751201 -0.00021954 -0.000562423 -0.0954821
131.672 0.429495 -1.16234 3.08626 1.01144 -0.00102186 0.00101987 -0.809437 -0.587205 0.00723374 -0.00852608 0.00304771 0.000223663 0.00105671 -0.0970186 -0.0103415 -0.00423156 0.00307531 0.000223663 0.00105671 -0.0970186
132.29 0.435896 -1.16525 3.07958 1.02735 -0.0011204 0.000976702 -0.794074 -0.607819 0.0059693 -0.00724088 -0.0019178 0.000583581 -0.00106987 -0.0771942 -0.00855399 -0.00387119 -0.00189316 0.000583581 -0.00106987 -0.0771942
132.88 0.441806 -1.16946 3.07417 1.03864 0.000722719 -5.98825e-05 -0.782961 -0.62207 0.00141497 0.00408711 0.00185767 0.000626378 -0.00467546 -0.0427152 0.0036592 -0.00230376 0.00186023 0.000626378 -0.00467546 -0.0427152
133.71 0.451899 -1.17756 3.07194 0.994424 0.00033812 3.42078e-06 -0.774955 -0.632017 -0.00150665 0.00921092 0.00293629 0.000102554 -0.000272505 -0.0217015 0.0093242 -0.000377805 0.00294098 0.000102554 -0.000272505 -0.0217015
134.354 0.458496 -1.18407 3.06949 0.99144 0.000520347 -0.000241412 -0.770691 -0.637209 -0.00221907 0.0095909 0.00330559 0.000281483 5.04709e-05 -0.0160566 0.00983336 0.00037615 0.00331662 0.000281483 5.04709e-05 -0.0160566
134.958 0.460678 -1.18729 3.07139 0.995091 0.000680146 -0.000310573 -0.76718 -0.641432 -0.00122643 0.0112012 0.0032268 -0.000277284 -0.000298591 -0.0108543 0.0111389 -0.000720348 0.00322579 -0.000341771 -0.000312848 -0.0111478
135.626 0.458757 -1.1925 3.07554 1.01379 0.000718194 -0.00039887 -0.76468 -0.644409 -0.00191896 0.0114769 0.0045257 -0.000388723 0.000276285 -0.0084519 0.0116446 -8.95025e-05 0.00314522 0.000483507 0.000618328 -0.00882391
136.292 0.461425 -1.20186 3.07793 1.04447 0.000736039 -0.000527566 -0.764225 -0.644949 -0.00421788 0.00991888 0.00587993 0.00108229 0.000656168 0.0106504 0.0105273 0.00249544 0.00609972 0.00131284 0.000614864 0.0101329
137.178 0.462614 -1.20739 3.08339 1.05779 0.000905438 -0.000728806 -0.766589 -0.642137 -0.00296788 0.00945643 0.00529181 -0.000154118 0.000490896 0.011142 0.00979197 0.00130254 0.00549632 -0.000151 0.000557557 0.0112738
138.044 0.458036 -1.21355 3.09819 1.07757 0.00091676 -0.00079302 -0.767936 -0.640525 -0.00339751 0.0124851 0.00204654 -0.000268251 -0.00119273 0.00735034 0.0126915 0.00112709 0.00198137 -0.000208065 -0.00112159 0.0074155
138.63 0.451999 -1.21699 3.11009 1.08991 0.000852917 -0.000688701 -0.768696 -0.639613 -0.00302879 0.0120892 0.00272351 -1.78511e-06 0.00105203 0.00639459 0.0126013 0.00067208 0.00268427 1.06401e-05 0.00105825 0.00640306
139.232 0.451051 -1.22228 3.11917 1.10376 0.000808818 -0.000759513 -0.769255 -0.638941 -0.00373577 0.0111482 0.00212046 0.000489229 0.000116703 0.00715229 0.0116644 0.00156391 0.00213319 0.000395339 3.11996e-05 0.00716921
139.878 0.44972 -1.22808 3.12988 1.11169 0.000588356 -0.000985549 -0.769603 -0.638522 -0.00347695 0.0107817 -0.000132037 0.000883381 0.000206836 -0.00703251 0.0112385 0.00142704 -0.000108808 0.000883381 0.000206836 -0.00703251
140.522 0.445303 -1.23155 3.14048 1.1069 0.000717049 -0.000936768 -0.764678 -0.644411 -0.00255743 0.0103861 -0.000193001 -0.000295982 0.000614404 -0.0313148 0.0106735 0.00073682 -0.000187536 -0.000372511 0.000561741 -0.0309487
141.396 0.441162 -1.23804 3.15533 1.10972 0.000678243 -0.00097096 -0.756346 -0.654171 -0.00354775 0.00995348 -0.000148535 0.000121958 0.000382172 -0.0265917 0.0103612 0.00207614 -0.00012595 0.000121958 0.000382172 -0.0265917
141.954 0.437927 -1.24022 3.16611 1.11294 0.000640487 -0.00093501 -0.75154 -0.659687 -0.00323052 0.0103626 -0.000762769 -0.000133889 -0.000125456 -0.0234367 0.010533 0.00183315 -0.000710246 -0.000169658 -0.000127743 -0.0236788
142.548 0.427954 -1.24233 3.1815 1.07742 0.000501183 -0.000814512 -0.747227 -0.664569 -0.00305614 0.0117864 -0.00116299 -8.35906e-05 -0.000149538 -0.0194083 0.0120647 0.0016592 -0.00114181 -8.35906e-05 -0.000149538 -0.0194083
143.172 0.4209 -1.24293 3.19395 1.08425 0.000382965 -0.000670007 -0.743681 -0.668534 -0.00246498 0.0106395 0.000506122 -7.12365e-05 0.000920214 -0.0146752 0.0108402 0.00132222 0.000521368 -7.12365e-05 0.000920214 -0.0146752
144.062 0.413882 -1.24205 3.20627 1.11738 0.000421563 -0.000615193 -0.740183 -0.672405 -0.00155132 0.00865817 0.000515456 -7.36737e-05 -3.39742e-05 -0.0050664 0.00876617 0.000715406 0.000527934 -7.36737e-05 -3.39742e-05 -0.0050664
144.626 0.408614 -1.24232 3.21449 1.1332 0.000288638 -0.000500889 -0.739022 -0.673681 -0.00139009 0.00811369 -0.000153212 4.74453e-05 8.88006e-05 -0.00176879 0.00820753 0.00063514 -0.000144395 4.74453e-05 8.88006e-05 -0.00176879
145.156 0.405919 -1.24334 3.22167 1.12431 0.000180408 -0.000451897 -0.738272 -0.674503 -0.00115495 0.00724008 -0.000408047 0.000127549 0.000342788 -0.00397146 0.00731504 0.000497819 -0.000401851 0.000127549 0.000342788 -0.00397146
145.722 0.403765 -1.24423 3.22831 1.12347 0.000165905 -0.000417162 -0.736629 -0.676297 -0.000902472 0.0066906 0.000579793 -0.000183474 -0.00025649 -0.0088219 0.00674271 0.000329069 0.000585117 -0.000183474 -0.00025649 -0.0088219
146.338 0.400952 -1.24559 3.23499 1.12827 9.8092e-05 -0.000338955 -0.734537 -0.678568 -0.000990531 0.0062688 -0.000256682 4.25501e-05 0.000149065 -0.00744099 0.00632766 0.000491535 -0.000253038 4.25501e-05 0.000149065 -0.00744099
146.94 0.39809 -1.24584 3.24153 1.13067 0.000109082 -0.000219635 -0.73315 -0.680067 -0.000603622 0.00577843 -8.13908e-05 -0.000417456 -0.000237566 0.00180473 0.00580747 0.000168421 -7.87563e-05 -0.000417456 -0.000237566 0.00180473
147.712 0.397307 -1.249 3.24758 1.14073 0.000696988 0.000670452 -0.734245 -0.678884 -0.00801346 0.00390681 -0.00259691 0.000767958 -0.000158812 0.00451277 0.00452204 0.00768826 -0.00258155 0.000767958 -0.000158812 0.00451277
148.394 0.402913 -1.25916 3.25338 1.14903 0.000564657 0.00062681 -0.734373 -0.678745 -0.0116459 0.0038114 -0.00182568 9.95111e-06 -0.000761838 0.00244153 0.00460435 0.0111727 -0.00171674 1.44597e-05 -0.000758713 0.00247098
149.034 0.408096 -1.26668 3.25861 1.1518 -0.000167884 -0.000283255 -0.735146 -0.677909 -0.00561008 0.00531863 -0.00045675 -0.00169243 -0.000349071 0.00963722 0.00578911 0.00558631 -0.000561937 -0.00186372 -0.000433384 0.00917546
149.674 0.409339 -1.26836 3.25969 1.14641 7.07339e-06 -0.00029009 -0.736705 -0.676214 -0.00202752 0.00522133 -0.000697133 0.00048149 -0.000455072 -0.00154587 0.00537579 0.00157355 -0.000695625 0.00048149 -0.000455072 -0.00154587
150.362 0.410503 -1.27092 3.26381 1.14123 6.91833e-06 -0.000166156 -0.732886 -0.680351 -0.00120384 0.00587443 -0.000254573 -0.000452157 -5.1107e-05 -0.0235836 0.00597863 0.000831163 -0.000233541 -0.000457212 -0.000119373 -0.0233202
150.944 0.408863 -1.2706 3.26697 1.14278 7.64269e-05 -0.000117469 -0.728318 -0.685239 -0.000905292 0.00554276 1.79269e-07 -8.04334e-05 0.000332458 -0.0202677 0.00564858 0.000548039 -0.000127878 -6.65454e-05 0.000192264 -0.0207055
151.768 0.408836 -1.27206 3.27063 1.16855 -3.73624e-06 -0.000172881 -0.722068 -0.691822 -0.000472528 0.00505498 0.000216559 -0.000204605 -0.000101025 -0.031003 0.00507051 0.000255983 0.000217679 -0.000204605 -0.000101025 -0.031003
152.58 0.411924 -1.27618 3.27326 1.18678 6.40426e-06 -0.000159283 -0.712444 -0.701729 -0.00144473 0.00450933 -7.30194e-05 0.000208198 0.000205658 -0.0312407 0.00453073 0.00137622 -7.22652e-05 0.000208198 0.000205658 -0.0312407
153.12 0.416513 -1.27996 3.27241 1.19343 6.42939e-05 -0.000304931 -0.707271 -0.706942 -0.00235326 0.00359225 0.000838988 -0.000783975 0.000532012 -0.0241226 0.0035929 0.00235187 0.000840063 -0.000783975 0.000532012 -0.0241226
153.724 0.41867 -1.28261 3.27443 1.19154 0.000148682 -0.000362053 -0.704844 -0.709362 -0.0029935 0.00443973 0.000676786 0.000334979 -0.000522965 -0.000172665 0.00442002 0.00302201 0.000679078 0.000334979 -0.000522965 -0.000172665
154.332 0.419052 -1.28478 3.27796 1.18443 9.69008e-05 -0.000436074 -0.705395 -0.708815 -0.00273121 0.00486835 0.000591157 0.000116663 2.03146e-06 0.00612338 0.00485464 0.00275501 0.000593506 0.000116663 2.03146e-06 0.00612338
154.97 0.417493 -1.28606 3.28208 1.16638 8.69388e-05 -0.000443875 -0.706356 -0.707856 -0.002339 0.0051607 0.000336077 0.000754721 -0.0001383 0.00401901 0.00515547 0.00235011 0.000338765 0.000754721 -0.0001383 0.00401901
155.616 0.416194 -1.28589 3.28593 1.16354 9.17599e-05 -0.000436103 -0.705542 -0.708668 -0.00141439 0.00458569 0.000892356 -0.000386366 0.000324868 -0.00644693 0.00457873 0.00143508 0.000895083 -0.000386366 0.000324868 -0.00644693
156.238 0.397463 -1.28683 3.29054 1.17033 7.65833e-05 -0.000424923 -0.703902 -0.710297 -0.00179598 0.00463371 -0.000196248 0.00038745 7.74089e-05 -0.00604829 0.00461742 0.00183772 -0.000193863 0.00038745 7.74089e-05 -0.00604829
157.06 0.399487 -1.29018 3.29965 1.17306 0.000715503 0.000533439 -0.702855 -0.711332 -0.0099032 0.0043792 0.00280754 0.00067648 0.000221973 0.000335442 0.00425947 0.00995001 0.00282619 0.00067648 0.000221973 0.000335442
157.894 0.402478 -1.29696 3.30469 1.18955 0.000661242 0.000464912 -0.702871 -0.711317 -0.0115988 0.00388684 0.00256834 8.20529e-05 -2.72136e-05 0.00103129 0.00380748 0.0116037 0.00256676 5.42382e-05 4.11788e-06 0.00102106
158.534 0.405875 -1.30098 3.30607 1.19885 -0.00024868 -0.000391687 -0.700564 -0.71359 -0.00392846 0.00234292 -0.000671733 -0.0023576 0.000264628 -0.0264763 0.0022703 0.00397034 -0.000674844 -0.0023576 0.000264628 -0.0264763
159.188 0.421465 -1.29989 3.30815 1.20425 0.000206037 -7.74748e-05 -0.69494 -0.719068 -0.000576165 0.00232057 0.000449029 -0.000330803 -9.9395e-05 -0.0156817 0.00229938 0.000654915 0.000450067 -0.000330803 -9.9395e-05 -0.0156817
159.84 0.415684 -1.30387 3.31145 1.20657 0.00033459 -0.000351716 -0.692856 -0.721076 -0.00161587 0.00432998 0.00045401 0.000656648 -0.000745139 -0.00341242 0.00426161 0.00178736 0.000458139 0.000656648 -0.000745139 -0.00341242
160.474 0.424561 -1.30775 3.31407 1.19699 0.000227753 -0.000313269 -0.692127 -0.721775 -0.00161239 0.00356052 0.000540208 0.000248487 0.000435393 -0.00155265 0.00348939 0.00176028 0.000542701 0.000248487 0.000435393 -0.00155265
161.136 0.408056 -1.31073 3.31897 1.21692 0.000301408 -0.000504234 -0.690544 -0.72329 -0.000978503 0.00490125 0.000944212 -0.000327667 -0.00104897 -0.0123894 0.00484961 0.00120462 0.000949455 -0.000327667 -0.00104897 -0.0123894
161.79 0.39613 -1.31303 3.32457 1.22418 0.000116543 -0.00021562 -0.687238 -0.726433 -0.00121183 0.00355673 0.000571053 4.72626e-05 -4.19734e-05 -0.0146257 0.00348385 0.00140712 0.000572524 4.72626e-05 -4.19734e-05 -0.0146257
162.642 0.396683 -1.31772 3.33134 1.21635 -0.000251679 0.000343203 -0.684735 -0.728792 -0.00360227 -0.00185328 -0.019798 3.08149e-05 0.000240314 0.000212178 -0.00197504 0.00346818 -0.0197921 3.65677e-05 0.000361338 -0.000157617
163.3 0.416748 -1.3204 3.33267 1.19633 -0.000284082 0.000300009 -0.68478 -0.72875 -0.00407716 -0.0028061 -0.0185378 0.000308868 -0.000361624 0.00150338 -0.00305963 0.00388849 -0.0185187 0.000392904 -0.00045329 0.00152055
164.138 0.43814 -1.32321 3.33276 1.1679 0.000152669 -0.00041888 -0.684719 -0.728807 -0.00188969 0.00232789 -0.000345424 -0.000618942 -0.000472311 1.92138e-05 0.00220589 0.00203097 -0.000344329 -0.000618942 -0.000472311 1.92138e-05
165.002 0.436847 -1.32357 3.33898 1.16481 0.000219308 -0.000715072 -0.68337 -0.730072 -0.000429632 0.00607584 0.0018896 -0.000263056 -7.89206e-05 -0.0180755 0.00603168 0.000831015 0.00189717 -0.000263056 -7.89206e-05 -0.0180755
165.604 0.430996 -1.32363 3.34265 1.16621 0.000356089 -0.000648089 -0.677617 -0.735415 -0.000144955 0.00580911 0.00156866 -0.000314544 0.000387286 -0.0298405 0.0057756 0.00061946 0.00157673 -0.000314544 0.000387286 -0.0298405
166.208 0.430511 -1.32489 3.34781 1.18202 0.00029693 -0.000640207 -0.671474 -0.741028 -0.000780802 0.00569561 0.0010846 -0.000466566 -5.40903e-05 -0.0250318 0.00558988 0.00133704 0.00109157 -0.000466566 -5.40903e-05 -0.0250318
166.862 0.432466 -1.3227 3.35895 1.16923 0.000269128 -0.000529491 -0.666293 -0.74569 -1.44367e-05 0.00722857 0.00103902 -7.30983e-05 5.62001e-05 -0.0181164 0.00714071 0.000877009 0.000975612 6.01049e-07 8.63592e-05 -0.0182969
167.772 0.42835 -1.3213 3.36949 1.15518 0.000331196 -0.000591781 -0.661742 -0.749731 0.000291916 0.00756028 0.00215291 2.30616e-05 -0.000187612 -0.0114666 0.00753515 0.000649905 0.00216271 2.30616e-05 -0.000187612 -0.0114666
168.408 0.428368 -1.32198 3.37611 1.17798 0.00028185 -0.00057437 -0.659495 -0.751709 4.94957e-05 0.00696967 0.0027756 -1.50673e-05 0.000548803 -0.0095011 0.00691342 0.00085883 0.00278385 -1.50673e-05 0.000548803 -0.0095011
169.256 0.411647 -1.32304 3.38735 1.19528 0.000273581 -0.000561547 -0.657655 -0.753319 -0.000317212 0.00799993 0.00136417 0.000188117 -0.00011519 0.000114239 0.00788225 0.00139459 0.00137322 0.000188117 -0.00011519 0.000114239
169.89 0.392722 -1.32366 3.39687 1.2147 1.56274e-05 -0.000332556 -0.658001 -0.753017 -0.000416888 0.00703911 0.000598158 7.24337e-05 1.14669e-05 0.00245518 0.00682521 0.00133461 0.00062573 5.15164e-05 0.000392873 0.00245172
170.474 0.395625 -1.32448 3.4036 1.20673 -0.000203442 0.000451994 -0.658128 -0.752906 -0.00277397 0.00387645 -0.0211717 0.000574311 0.00151599 0.00192358 0.00373161 0.003153 -0.0211881 0.000617468 0.00144943 0.00191651
171.272 0.417582 -1.3266 3.40908 1.18322 -0.000144543 0.000324021 -0.658262 -0.752789 -0.00405993 0.0024495 -0.0197273 -0.000119092 -5.06228e-05 0.00150829 0.00197478 0.00431228 -0.0197945 -0.000188259 -0.000273337 0.00150024
171.912 0.41927 -1.32746 3.41167 1.18341 -9.63193e-05 -0.000497072 -0.656135 -0.754643 -0.000472596 0.00554115 0.000850602 -0.00114974 -0.0018191 -0.0240357 0.00521694 0.00136617 0.000803164 -0.00115971 -0.00196783 -0.0224257
172.762 0.407376 -1.32964 3.41676 1.19594 -8.02504e-05 -0.000305277 -0.646782 -0.762675 -0.000206941 0.00704811 0.00107918 -4.29933e-05 0.00018541 -0.0299526 0.00691925 0.001356 0.00108099 -4.29933e-05 0.00018541 -0.0299526
173.6 0.411165 -1.32995 3.41765 1.18986 -0.000129227 -0.000140226 -0.639802 -0.76854 -0.00034063 0.00489671 0.000209125 1.05704e-05 0.000264186 -0.0159402 0.00475378 0.00122287 0.000208901 1.05704e-05 0.000264186 -0.0159402
174.192 0.422333 -1.33057 3.41767 1.19597 -7.90631e-05 -0.000234483 -0.636935 -0.770917 -0.000272066 0.00469513 0.00079999 -7.50278e-05 -0.000120045 -0.011328 0.00455931 0.00115315 0.000800694 -7.50278e-05 -0.000120045 -0.011328
174.814 0.419412 -1.33001 3.42227 1.19663 -1.78452e-06 -0.000316282 -0.634547 -0.772884 0.000538455 0.00697059 0.000994251 -0.000127142 -0.000753324 -0.00795052 0.00688466 0.000845011 0.00095434 -0.000146262 -0.000957548 -0.00813767
175.676 0.415862 -1.3305 3.42614 1.2007 -3.20275e-05 -0.000289307 -0.632704 -0.774394 0.000165904 0.00647231 0.000425969 0.000291166 0.000207617 -0.00150012 0.00637527 0.001128 0.000428099 0.000291166 0.000207617 -0.00150012
176.318 0.409252 -1.33039 3.42671 1.20232 -5.41265e-05 -0.000276066 -0.632357 -0.774677 0.000417092 0.00514992 5.16553e-05 -2.62134e-05 0.000504678 -0.000893566 0.00512911 0.000622644 5.32284e-05 -2.62134e-05 0.000504678 -0.000893566
176.918 0.428827 -1.3295 3.42814 1.18548 -9.09671e-05 -0.000181704 -0.632065 -0.774915 0.000705928 0.00434307 0.000151526 -0.000257334 -2.5088e-05 -0.00111079 0.00441294 0.00022946 4.46727e-05 -0.000176637 2.12484e-06 -0.001112
177.632 0.428708 -1.3276 3.43208 1.17362 0.000192416 -0.000418378 -0.63182 -0.775115 0.00165694 0.00633905 0.00139361 -8.02958e-05 -0.000383865 0.00145516 0.00654169 -0.000344598 0.00139952 -8.02958e-05 -0.000383865 0.00145516
178.512 0.428054 -1.32914 3.43741 1.18671 0.00013575 -0.000462954 -0.632295 -0.774728 0.000863902 0.00701633 0.00112941 0.000393809 -0.000226994 0.00169071 0.00704611 0.000560171 0.00113547 0.000393809 -0.000226994 0.00169071
179.202 0.425294 -1.32797 3.44495 1.1895 9.4295e-05 -0.000362653 -0.63252 -0.774544 0.00169711 0.00794416 0.00158096 -9.01098e-05 0.000299129 0.0015083 0.00812198 -7.48537e-05 0.00158652 -9.01098e-05 0.000299129 0.0015083
180.07 0.39127 -1.32875 3.449 1.22447 0.000147901 -0.000463167 -0.632113 -0.774876 0.00127339 0.006232 0.00183384 -1.96353e-05 -3.39877e-05 -0.00370446 0.0063591 5.01442e-06 0.00183959 -1.96353e-05 -3.39877e-05 -0.00370446
180.77 0.385976 -1.33084 3.45257 1.22444 -0.000331723 0.000515398 -0.631501 -0.775375 -0.00246203 3.36038e-05 -0.0205573 0.000690894 0.00183106 -0.000868294 -0.000490479 0.00242068 -0.0205564 0.000690894 0.00183106 -0.000868294
181.412 0.389569 -1.33316 3.45268 1.22144 -0.000329177 0.00045415 -0.631568 -0.77532 -0.00337122 -0.00202454 -0.0219831 -0.000224389 9.60424e-05 -0.000716761 -0.00268913 0.0028935 -0.02198 -0.000224389 9.60424e-05 -0.000716761
182.294 0.392733 -1.33395 3.4529 1.21332 -0.000321245 0.000560253 -0.631507 -0.77537 -0.00279093 -0.00192564 -0.0213925 -0.000187927 -0.000519471 -0.000363699 -0.00247793 0.0023479 -0.0213888 -0.000187927 -0.000519471 -0.000363699
182.932 0.415986 -1.33736 3.452 1.19397 -0.000365002 0.000546721 -0.631442 -0.775423 -0.00331218 -0.00226135 -0.0192871 -0.000308434 -8.14847e-05 -0.000229383 -0.00291063 0.00278786 -0.019283 -0.000308434 -8.14847e-05 -0.000229383
183.578 0.413215 -1.3403 3.45105 1.1994 -7.25713e-05 -0.000264566 -0.630844 -0.775909 -0.000777552 0.00263165 0.000512754 -0.000436311 -0.00167586 -0.00436466 0.00198432 0.00148381 0.000422077 -0.000359567 -0.0024302 -0.0037898
184.224 0.402418 -1.3415 3.45133 1.20913 -0.000167791 -0.000100608 -0.62918 -0.77726 0.000345011 0.0036594 0.000298036 -0.000247562 8.32927e-05 -0.0125876 0.00365103 0.000424798 0.000297671 -0.000247562 8.32927e-05 -0.0125876
184.91 0.395672 -1.34404 3.45041 1.21641 -0.000264669 4.56384e-05 -0.62588 -0.779919 -0.000344112 0.00199817 3.45124e-05 -0.000166517 0.000798396 -0.0132767 0.00187626 0.000768659 3.34838e-05 -0.000166517 0.000798396 -0.0132767
185.556 0.403555 -1.34521 3.44808 1.2064 -0.000296926 0.000683003 -0.623814 -0.781573 -0.00282555 -0.00166748 -0.0190381 7.73593e-05 0.00110669 -0.00351108 -0.00212672 0.00232392 -0.0189468 0.000151787 0.00133833 -0.00409745
186.174 0.411371 -1.34682 3.44735 1.19892 -0.000204839 -0.000110659 -0.62324 -0.782031 -0.00144874 0.000431715 0.000227635 -0.000379475 -0.00155919 -0.00520949 9.75699e-05 0.00150865 0.000226935 -0.000379475 -0.00155919 -0.00520949
186.894 0.411431 -1.34763 3.4489 1.20154 -0.000142179 -6.49747e-05 -0.621805 -0.783172 -0.0002531 0.00251066 0.000755234 -8.01612e-05 -0.000544559 -0.00534238 0.00238796 0.000815949 0.000754808 -8.01612e-05 -0.000544559 -0.00534238
187.562 0.41391 -1.34746 3.45055 1.19388 -0.00014681 -1.24397e-05 -0.620575 -0.784147 0.000341039 0.00280644 0.000342529 -0.000263905 0.000115916 -0.00399572 0.00291631 0.00035151 0.00026653 -0.000267609 0.000121675 -0.00402621
188.23 0.420617 -1.3487 3.44989 1.18448 -8.91651e-05 -0.000128039 -0.619754 -0.784796 6.81044e-05 0.00258729 -0.000377174 0.000625426 -5.97667e-05 -0.00401153 0.00247712 0.000503462 -0.000117733 0.000537503 -6.51314e-05 -0.00365966
188.864 0.442009 -1.35028 3.45068 1.169 -5.63324e-05 -0.000266581 -0.617459 -0.786603 0.000291701 0.00321264 0.000818836 -0.000185994 1.18885e-05 -0.0144155 0.00318972 0.000479949 0.000819752 -0.000185994 1.18885e-05 -0.0144155
189.422 0.450015 -1.35252 3.45085 1.15638 0.00022722 -0.000668852 -0.614302 -0.789071 9.03587e-05 0.00510429 0.000717222 5.69023e-05 -0.000642921 -0.014594 0.00491023 0.00109703 0.000769925 -8.7325e-05 -0.000770581 -0.0147886
190.05 0.453946 -1.35404 3.45268 1.14862 0.000307038 -0.000819633 -0.611129 -0.79153 0.000362292 0.00691858 0.0014245 4.2698e-06 -0.000440549 -0.0106726 0.0066913 0.0013849 0.00145536 -1.22718e-06 -0.000485229 -0.0109703
190.748 0.453223 -1.35304 3.45735 1.15744 0.000382839 -0.000903012 -0.608812 -0.793314 0.00110234 0.00777514 0.00293708 3.95954e-05 0.000137933 -0.00881882 0.00774313 0.000941214 0.00298151 2.92039e-05 0.000159408 -0.00884802
191.388 0.444082 -1.35313 3.46637 1.1634 0.000314689 -0.00091307 -0.606879 -0.794794 0.000785398 0.00918279 0.00284336 0.000160258 0.000189637 -0.00684199 0.00906017 0.00166278 0.00285897 0.000160258 0.000189637 -0.00684199
192.01 0.434507 -1.35246 3.47502 1.17362 0.000206337 -0.000829845 -0.605486 -0.795856 0.000561365 0.00895862 0.00278508 -4.79111e-05 0.000537463 -0.00599349 0.00876694 0.00185028 0.00283376 -1.35358e-05 0.000478217 -0.00605062
192.612 0.430444 -1.35023 3.48306 1.17538 0.000153554 -0.000717812 -0.604193 -0.796838 0.000753507 0.00787556 0.00250523 -0.000551845 0.000562112 -0.00344299 0.00778332 0.00140164 0.0025147 -0.000551845 0.000562112 -0.00344299
193.278 0.431243 -1.34806 3.48979 1.17225 0.000177677 -0.000738436 -0.604052 -0.796944 0.000312521 0.0068326 0.00201999 0.000384409 0.000474082 0.00206188 0.00664047 0.00151631 0.0020109 0.000421817 0.000527308 0.00200573
193.96 0.431086 -1.34666 3.49831 1.1736 0.000159611 -0.00081158 -0.604645 -0.796495 0.000117622 0.00724066 0.00221655 0.000385076 -0.000180979 0.00198983 0.00700247 0.00183467 0.00222562 0.000385076 -0.000180979 0.00198983
194.582 0.428512 -1.34457 3.506 1.1744 0.000155273 -0.00081261 -0.605061 -0.796179 0.000632236 0.00758664 0.00213932 -0.000126975 -0.000249791 0.00105124 0.00747566 0.00142415 0.00214935 -0.000126975 -0.000249791 0.00105124
195.196 0.426247 -1.33932 3.51574 1.17524 0.000135871 -0.000627913 -0.605728 -0.795672 0.00140428 0.00856724 0.00132467 0.000151469 -6.19058e-05 0.00620721 0.0086304 0.00092761 0.00133421 0.000151469 -6.19058e-05 0.00620721
196.064 0.421748 -1.33609 3.5275 1.1799 4.59995e-05 -0.000644908 -0.608628 -0.793455 0.00129347 0.0086768 0.00206861 -2.1303e-05 -0.000186486 0.00865931 0.00871335 0.00100073 0.0020773 -2.1303e-05 -0.000186486 0.00865931
196.668 0.415763 -1.3312 3.53589 1.18476 -7.69034e-06 -0.000461269 -0.610393 -0.792099 0.00254896 0.0090429 0.000711115 -0.000409296 -0.000461973 0.00667761 0.00940612 -0.000127069 0.000674476 -0.000440697 -0.000477751 0.00673822
197.598 0.413455 -1.32663 3.5457 1.18799 4.22726e-05 -0.000262936 -0.615704 -0.787978 0.00160158 0.00804654 0.000456436 0.000395012 -0.000240331 0.0350957 0.00819481 0.000391872 0.000460157 0.000395012 -0.000240331 0.0350957
198.28 0.407081 -1.32445 3.55275 1.19614 -0.000120381 -0.000240547 -0.625833 -0.779957 0.00194193 0.00801704 0.000900387 -0.000246531 0.000186529 0.0378263 0.00824763 -0.000120007 0.000888344 -0.000300921 0.000198278 0.0383459
198.95 0.41114 -1.32317 3.55567 1.18438 -0.000156375 -0.000198559 -0.634101 -0.773251 0.00207598 0.00588576 -0.000187216 -0.000399925 0.000477279 0.0276969 0.00617836 -0.000883252 -0.000186108 -0.000399925 0.000477279 0.0276969
199.524 0.41703 -1.32227 3.55789 1.18512 -0.000184087 -0.000339655 -0.638551 -0.76958 0.00230513 0.00584281 0.00093414 0.000889679 -0.000463091 0.00969764 0.00617503 -0.00114389 0.000859877 0.0010913 -0.000491208 0.0112598
200.244 0.410394 -1.32327 3.56093 1.19331 -9.87615e-05 -0.000383727 -0.636712 -0.771101 0.00210882 0.0062083 0.00123727 -0.000260205 -0.000108631 -0.0179767 0.00650301 -0.000923682 0.00124183 -0.000281231 -0.000251696 -0.0176065
200.874 0.392597 -1.32353 3.56066 1.21112 -9.01991e-05 -0.000327075 -0.63273 -0.774373 0.001373 0.00436802 0.000862141 -7.32382e-05 0.000579194 -0.0168889 0.00464454 -0.000446104 0.000850021 -7.41367e-05 0.000732526 -0.0171604
201.542 0.387023 -1.32047 3.56308 1.21393 -0.000265254 0.000297264 -0.630088 -0.776524 0.000180073 0.00157998 -0.0223272 0.000170507 0.000371973 -0.00386763 0.00156542 0.000148395 -0.0223284 0.000170507 0.000371973 -0.00386763
202.18 0.390734 -1.31934 3.56475 1.21085 -0.000372121 0.000238787 -0.629993 -0.776601 -8.75908e-05 -0.000133951 -0.0238877 -0.000157881 0.000204652 -0.000619721 -0.000169194 5.14654e-05 -0.0238876 -0.000157881 0.000204652 -0.000619721
202.756 0.405985 -1.3195 3.56589 1.18667 -0.000447432 0.000188621 -0.629979 -0.776612 0.000305438 -0.00044488 -0.0232669 -0.000279793 -0.00030687 -0.000646887 -0.00039225 -0.000401269 -0.0232664 -0.000279793 -0.00030687 -0.000646887
203.388 0.418195 -1.32071 3.56734 1.1835 -5.12925e-05 -0.000115185 -0.631553 -0.775333 0.000250952 0.00245692 0.000369067 0.000361529 -0.00135099 0.0165252 0.00233772 0.000209855 0.000434557 0.000307974 -0.0014924 0.0158375
204.272 0.412953 -1.32319 3.56886 1.19011 -0.000157534 -0.000364027 -0.637727 -0.770262 0.000629338 0.00409144 0.00102156 2.18575e-05 0.000456727 0.011033 0.00413664 0.000145933 0.00102294 2.18575e-05 0.000456727 0.011033
204.896 0.409294 -1.3213 3.57202 1.19339 -0.000134573 -0.000166813 -0.63819 -0.769879 0.00169643 0.00444293 0.000791145 -0.000209685 -0.000441891 -0.0043111 0.00477165 -0.000848593 0.000763803 -0.000235712 -0.000453615 -0.00415154
205.546 0.407716 -1.32137 3.57465 1.19203 -0.000158379 -0.000148351 -0.637179 -0.770716 0.000896687 0.00409246 0.000200744 0.000275938 -0.000549978 -0.00480393 0.00418806 -0.000111205 0.000200904 0.000275938 -0.000549978 -0.00480393
206.15 0.415143 -1.31931 3.57669 1.18576 -0.000167085 -7.32635e-05 -0.636371 -0.771383 0.00180051 0.00352583 0.000185401 -0.00107388 0.000125557 -0.00332632 0.00380379 -0.00109749 0.000185407 -0.00107388 0.000125557 -0.00332632
206.884 0.414531 -1.31767 3.57786 1.18889 -1.42254e-05 -0.000147768 -0.637766 -0.77023 0.00158253 0.00408215 0.000865276 -0.000145401 -0.000113336 0.0123371 0.00430299 -0.00071792 0.000916524 0.000177815 -0.000250959 0.01169
207.468 0.420684 -1.31822 3.57948 1.18707 -5.53737e-05 -0.000172561 -0.640663 -0.767823 0.0012873 0.00405723 0.000188481 3.36852e-05 -6.20125e-05 0.0143573 0.00422215 -0.000539766 0.000189466 3.36852e-05 -6.20125e-05 0.0143573
208.144 0.421423 -1.32016 3.58271 1.17586 -4.13197e-06 -0.00027586 -0.644217 -0.764843 0.000853805 0.00483092 0.000863512 7.52956e-05 2.71779e-05 0.010235 0.00495699 -0.000100288 0.00080763 0.000148583 -4.4597e-05 0.0104664
209.004 0.424304 -1.32168 3.58561 1.18553 3.97666e-05 -0.000300386 -0.647261 -0.762268 0.00069999 0.00499776 0.00126397 -5.46726e-05 -0.000339124 0.0102122 0.00504448 0.00011985 0.0012665 -5.46726e-05 -0.000339124 0.0102122
209.628 0.416489 -1.32226 3.58608 1.19436 0.000104611 -0.00041648 -0.649931 -0.759993 0.00046326 0.00426163 0.0014401 4.02203e-05 0.000414645 0.0121131 0.00428079 0.000204219 0.00144332 4.02203e-05 0.000414645 0.0121131
210.532 0.424704 -1.32418 3.58923 1.18469 2.53393e-05 -0.000412533 -0.653395 -0.757017 -0.000118746 0.00327055 0.000716124 -3.39891e-05 0.000124775 0.00767156 0.00321761 0.000595823 0.000717942 -3.39891e-05 0.000124775 0.00767156
211.1 0.42502 -1.32442 3.59342 1.1847 1.63892e-05 -0.000568446 -0.654843 -0.755765 7.30027e-05 0.00443795 0.00144801 0.00160097 -0.000430948 -0.000313457 0.00440186 0.000560579 0.00145149 0.00160097 -0.000430948 -0.000313457
211.798 0.423059 -1.32517 3.59732 1.18648 3.84525e-05 -0.000616774 -0.650309 -0.75967 0.000378875 0.00440208 0.00140157 -0.000331768 0.000260589 -0.0311786 0.00428761 0.000265171 0.00140376 -0.000383367 0.000260623 -0.0308427
212.68 0.427845 -1.32523 3.60418 1.15894 5.04628e-05 -0.000593166 -0.640697 -0.767794 -0.000252274 0.00482159 0.000972607 0.000106903 -0.00012599 -0.0260078 0.00469759 0.001112 0.000976431 0.000106903 -0.00012599 -0.0260078
213.298 0.426449 -1.32421 3.60983 1.14271 0.00010407 -0.000677967 -0.635701 -0.771935 0.000111906 0.00548125 0.00228165 -0.000102704 -8.97991e-05 -0.0203471 0.00539829 0.000942895 0.00228736 -0.000102704 -8.97991e-05 -0.0203471
214.184 0.422606 -1.32054 3.61763 1.17642 0.000134972 -0.000619099 -0.629594 -0.776924 0.00104362 0.00582895 0.00277352 -8.34837e-05 -5.65491e-05 -0.0197993 0.00590636 0.000179967 0.00293669 -0.000154827 4.43619e-05 -0.020009
214.84 0.42014 -1.31835 3.62226 1.18536 0.000136057 -0.0005899 -0.625485 -0.780236 0.00105634 0.00513113 0.0010519 -0.000315147 0.000348934 -0.0145762 0.00523689 8.57221e-05 0.00105757 -0.000315147 0.000348934 -0.0145762
215.506 0.418938 -1.31696 3.62796 1.1797 8.87685e-05 -0.000556453 -0.6226 -0.78254 0.00107089 0.00503598 0.00089942 -0.000231637 0.000158042 -0.0111077 0.00514694 8.87828e-05 0.000904423 -0.000231637 0.000158042 -0.0111077
216.112 0.418008 -1.31662 3.63454 1.17751 0.000103724 -0.000528917 -0.621061 -0.783762 0.000619948 0.00549653 0.00112584 0.000155875 -0.000322817 -0.00151898 0.0054505 0.000683356 0.00125791 0.000233636 -0.000309952 -0.00186737
216.808 0.41575 -1.3149 3.64249 1.17472 5.47165e-05 -0.000501426 -0.621809 -0.783169 0.000969027 0.00602546 0.00119383 0.000175899 -0.000416619 0.00366714 0.00608724 0.000422858 0.0011988 0.000175899 -0.000416619 0.00366714
217.49 0.414309 -1.31346 3.65197 1.17548 -6.77137e-05 -0.000394262 -0.62278 -0.782397 0.00107457 0.00682664 0.00079475 1.62141e-07 -9.35144e-06 0.00323018 0.00689331 0.000484429 0.000798132 1.62141e-07 -9.35144e-06 0.00323018
218.132 0.414181 -1.3129 3.65724 1.1843 -6.76814e-05 -0.000412666 -0.62341 -0.781895 0.000811691 0.00598509 0.000898626 5.38055e-05 0.00043311 0.00186124 0.00606468 0.000561616 0.000810377 5.76773e-05 0.000421591 0.00189449
218.788 0.412603 -1.31167 3.65968 1.19213 -2.51229e-05 -0.00043575 -0.623771 -0.781607 0.00118105 0.00548041 0.00053911 -0.000366081 -0.000184821 0.000986236 0.00560551 6.43535e-05 0.000542715 -0.000366081 -0.000184821 0.000986236
219.468 0.411651 -1.3101 3.66476 1.17997 -6.61797e-05 -0.000361429 -0.623989 -0.781433 0.0012073 0.00553532 0.000494857 -8.78859e-05 0.000179498 0.000233614 0.00570444 4.80759e-05 0.000508404 -9.97099e-05 0.000196047 0.000259522
220.106 0.409259 -1.30767 3.66798 1.17467 -4.93283e-05 -0.000326891 -0.624187 -0.781275 0.00171016 0.00530118 0.00060781 -0.000195407 -0.000254398 -3.90874e-05 0.00554766 -0.00049725 0.000610543 -0.000195407 -0.000254398 -3.90874e-05
220.7 0.407773 -1.3058 3.6715 1.18897 -8.82017e-05 -0.000277854 -0.624116 -0.781332 0.00157321 0.00488872 0.000884163 -1.08429e-06 0.00010555 -0.00197848 0.00511522 -0.000453689 0.00088604 -1.08429e-06 0.00010555 -0.00197848
221.33 0.408236 -1.30536 3.67605 1.19407 -0.00014065 -0.00025286 -0.623463 -0.781853 0.00121349 0.00483719 0.000501714 -0.000113663 4.3587e-05 -0.00329256 0.00498584 -0.000106067 0.000502868 -0.000113663 4.3587e-05 -0.00329256
221.92 0.407381 -1.30435 3.67865 1.19087 -0.000116012 -0.000263619 -0.622907 -0.782296 0.00124772 0.00451392 0.000355661 -7.97713e-05 2.497e-05 -0.00355933 0.00467861 -0.000204848 0.000357019 -7.97713e-05 2.497e-05 -0.00355933
222.562 0.406391 -1.30338 3.68128 1.19062 -0.000133788 -0.000232813 -0.62226 -0.782811 0.00120702 0.00423284 0.000481435 -0.000107688 0.000115372 -0.00366202 0.00443095 -0.000211934 0.000529926 -9.30142e-05 0.000126897 -0.00369509
223.24 0.406343 -1.30354 3.68451 1.18754 -0.000145484 -0.000195992 -0.621971 -0.78304 0.000675397 0.00438139 0.000279428 0.000313364 -9.3511e-05 0.00355748 0.00442053 0.000333783 0.000279828 0.000313364 -9.3511e-05 0.00355748
224.112 0.406036 -1.30225 3.69058 1.19007 -0.000194927 -0.000154406 -0.623914 -0.781493 0.00118695 0.00451013 0.000437522 -0.000155634 6.15326e-05 0.00512134 0.00466101 -0.000158427 0.000437592 -0.000155634 6.15326e-05 0.00512134
224.736 0.405811 -1.30258 3.693 1.18016 -0.000235046 -0.000159938 -0.624926 -0.780684 0.000666846 0.00429737 -2.61498e-05 8.44952e-05 0.000192671 0.00410806 0.00433911 0.000290157 -2.65055e-05 8.44952e-05 0.000192671 0.00410806
225.376 0.406514 -1.30368 3.69282 1.17767 -0.000222326 -0.000228393 -0.62587 -0.779927 0.000268862 0.00344072 -1.00196e-05 -8.94728e-05 -3.83367e-05 0.00200054 0.00341729 0.000482678 -1.00585e-05 -8.94728e-05 -3.83367e-05 0.00200054
225.996 0.406477 -1.30348 3.69479 1.17854 -0.000238778 -0.000202564 -0.626289 -0.779591 0.000327201 0.00378363 0.000216997 -5.3574e-05 -0.000278121 0.000351068 0.00376522 0.000496085 0.000216749 -5.3574e-05 -0.000278121 0.000351068
226.928 0.407525 -1.30432 3.69473 1.1849 -0.000235193 -0.000253251 -0.626445 -0.779466 -0.000345492 0.00269443 0.000550433 0.000281286 0.000578253 0.000879369 0.00255696 0.00091744 0.000550062 0.000281286 0.000578253 0.000879369
227.576 0.407764 -1.30387 3.69451 1.18635 -0.000190004 -0.000303668 -0.626591 -0.779348 -3.63483e-05 0.00278702 0.000425949 -0.000448378 -0.000736539 0.00163173 0.00271408 0.000634351 0.000426159 -0.000448378 -0.000736539 0.00163173
228.19 0.406489 -1.3017 3.69672 1.19332 -0.000199528 -0.000229584 -0.627433 -0.778671 0.000415698 0.0029834 0.000652377 -0.000208992 4.42118e-05 0.00664163 0.00303373 0.000265181 0.0007698 -0.00020286 4.28606e-05 0.00654869
228.914 0.404079 -1.29919 3.69533 1.19093 -0.000140105 -0.000279448 -0.629301 -0.777161 0.000525813 0.00101051 4.27263e-05 -0.00022326 0.000922312 0.00678461 0.00138727 -0.000230105 0.000196984 -0.000205077 0.000865172 0.00693088
229.816 0.400023 -1.29552 3.69517 1.18994 -7.15435e-05 -0.00024875 -0.631239 -0.775589 0.00126308 0.000462778 1.9986e-05 -0.000296103 -0.000101138 0.00433217 0.000709629 -0.00114277 2.06814e-05 -0.000296103 -0.000101138 0.00433217
230.492 0.39833 -1.294 3.6972 1.18826 -0.000128264 -0.000204209 -0.632114 -0.774875 0.00109634 3.31947e-05 0.000450121 -0.000179095 0.000148799 0.00125029 0.000252663 -0.00106712 0.000450648 -0.000179095 0.000148799 0.00125029
231.176 0.398461 -1.2937 3.70122 1.19677 0.000952641 0.000382385 -0.63227 -0.774747 -0.00537894 0.00342156 -5.24609e-05 0.00106036 -0.00073397 -0.000606758 0.00227382 0.00595575 -3.93978e-05 0.00106036 -0.00073397 -0.000606758
231.822 0.399381 -1.29605 3.70794 1.18859 0.000623073 0.000736533 -0.632327 -0.774701 -0.00740804 0.00268774 0.00138751 -0.000372706 0.000906753 -0.000911592 0.00114974 0.00779365 0.00140189 -0.000372706 0.000906753 -0.000911592
232.416 0.403319 -1.30065 3.71062 1.18883 0.000525617 0.000910242 -0.632138 -0.774855 -0.00801333 0.000420181 -0.000210985 -0.000368584 0.000845681 -0.000708097 -0.00119763 0.00793488 -0.000194498 -0.000368584 0.000845681 -0.000708097
232.986 0.408802 -1.30552 3.71251 1.19716 1.24197e-07 -0.00020832 -0.63219 -0.774814 -0.00287462 0.000681474 0.000229488 -0.00141346 -0.00095915 0.00153758 9.06818e-05 0.00295296 0.00022874 -0.00141346 -0.00095915 0.00153758
233.874 0.414255 -1.31253 3.72093 1.19345 7.89242e-05 1.05462e-06 -0.632867 -0.77426 -0.000197838 0.00327478 0.000212807 0.000113245 -0.000870106 0.000546161 0.00311884 0.000747312 8.34702e-05 0.000113448 -0.000999403 0.000592327
234.508 0.415941 -1.31917 3.72556 1.20547 8.07512e-05 -0.000125548 -0.632911 -0.774225 -0.00107109 0.00376356 0.00168928 0.000272085 0.000108876 5.40925e-06 0.00347492 0.00179814 0.00169025 0.000272085 0.000108876 5.40925e-06
235.15 0.400873 -1.32746 3.72766 1.21728 -7.3762e-05 -0.000333245 -0.632503 -0.774558 -0.00271183 0.00357198 0.00114472 0.00137075 0.000366815 -0.0115113 0.00295737 0.00337168 0.00114416 0.00137075 0.000366815 -0.0115113
235.774 0.405746 -1.33183 3.73198 1.21015 -0.000249738 -0.000102303 -0.627696 -0.778459 -0.00277714 0.00277866 -8.64044e-06 -0.000233842 0.00020944 -0.0262522 0.00215171 0.00329621 -5.9091e-05 -0.000218373 0.000233623 -0.0261848
236.392 0.420766 -1.33288 3.73462 1.20999 -0.000142511 -0.000197344 -0.622105 -0.782933 -0.00277416 0.00252174 0.000552433 -5.96587e-05 1.23759e-05 -0.0217104 0.00182956 0.0032725 0.00055114 -5.96587e-05 1.23759e-05 -0.0217104
237.062 0.422944 -1.33269 3.73641 1.20612 1.62622e-05 -0.00044113 -0.617455 -0.786606 -0.00196002 0.00396268 0.00130903 -0.000353313 -0.000375776 -0.0146505 0.00326496 0.00288569 0.00126532 -0.000341174 -0.000515933 -0.0149425
238.002 0.417082 -1.32965 3.73929 1.21475 0.000113218 -0.000422651 -0.61494 -0.788574 -0.000867264 0.00466027 0.00154437 3.45331e-05 -8.27206e-05 -0.000274788 0.00430139 0.00199609 0.00149572 -4.3055e-05 -0.000119787 -0.000480443
238.636 0.419758 -1.32983 3.74324 1.20868 -1.12349e-05 -0.000374803 -0.615284 -0.788306 -0.00122359 0.00430703 0.00105801 9.76105e-05 0.000527377 0.00102414 0.00388033 0.00223343 0.00105918 9.76105e-05 0.000527377 0.00102414
239.284 0.423874 -1.32865 3.74927 1.20151 1.01466e-05 -0.00039043 -0.615539 -0.788107 -0.000388086 0.00515288 0.000611396 -0.000176805 -6.58894e-05 0.000256554 0.00490504 0.00162497 0.00061372 -0.000176805 -6.58894e-05 0.000256554
239.886 0.432255 -1.33012 3.75308 1.19792 2.42219e-06 -0.000555091 -0.615485 -0.788148 -0.00104185 0.00522256 0.00114587 0.000475055 0.000135371 -0.00343891 0.00481335 0.00227729 0.00114855 0.000475055 0.000135371 -0.00343891
240.568 0.432354 -1.32951 3.75651 1.19504 0.000162285 -0.000693873 -0.613667 -0.789565 5.91183e-05 0.00582931 0.00125339 -0.00062579 -0.000262934 -0.0099528 0.00566191 0.00138228 0.0012599 -0.00062579 -0.000262934 -0.0099528
241.458 0.430797 -1.3284 3.76603 1.20926 0.000103466 -0.000688408 -0.610704 -0.791859 -0.000248728 0.00713164 0.00187587 -4.11333e-05 0.000235582 -0.00789312 0.00683212 0.00205386 0.00188279 -4.11333e-05 0.000235582 -0.00789312
242.414 0.417625 -1.3255 3.77492 1.22551 8.99948e-05 -0.000707354 -0.608399 -0.793631 0.000387598 0.00697644 0.00139092 0.00016907 0.000141981 -0.00810749 0.00683602 0.0014385 0.00139831 0.00016907 0.000141981 -0.00810749
243.058 0.41961 -1.32359 3.78181 1.21792 -4.64132e-05 -0.000501161 -0.606081 -0.795403 0.000172699 0.00618518 0.000639954 -2.15471e-05 0.000136702 -0.00992059 0.00603313 0.00144694 0.000552301 -4.90079e-05 0.000147058 -0.0099752
243.742 0.414726 -1.31883 3.78704 1.22259 7.44885e-05 -0.000501701 -0.603836 -0.797108 0.0013405 0.00560608 0.00126325 -7.94615e-05 0.000162344 -0.00737854 0.0057585 0.000228111 0.00126827 -7.94615e-05 0.000162344 -0.00737854
244.354 0.406899 -1.31639 3.79357 1.22731 -2.38633e-05 -0.000410438 -0.602305 -0.798266 0.0011509 0.00594245 0.000653399 6.81936e-05 -0.000104234 -0.00500938 0.00602972 0.000524587 0.000656898 6.81936e-05 -0.000104234 -0.00500938
245.052 0.419189 -1.31471 3.80074 1.21243 -0.000167254 -0.000261332 -0.601378 -0.798965 0.000917012 0.00545463 0.000560977 -0.000179821 0.000290731 -0.0034974 0.00549529 0.000628352 0.000561801 -0.000179821 0.000290731 -0.0034974
245.664 0.416962 -1.31326 3.80449 1.21444 -3.09771e-06 -0.000473969 -0.600919 -0.799309 0.00133023 0.00627122 0.000591306 -0.00014131 -0.000726599 -0.0021663 0.00639347 0.000464562 0.000595859 -0.00014131 -0.000726599 -0.0021663
246.514 0.411829 -1.31151 3.81058 1.21997 -6.93045e-05 -0.000383769 -0.600498 -0.799626 0.00151133 0.00652038 0.00083094 -3.35353e-05 -6.46447e-05 -0.00209539 0.00668276 0.000366977 0.000834275 -3.35353e-05 -6.46447e-05 -0.00209539
247.17 0.40854 -1.31173 3.81355 1.2199 -0.000127214 -0.000346487 -0.599971 -0.800022 0.000860083 0.00547686 5.32161e-05 1.62523e-05 0.000267511 -0.00105683 0.00549853 0.000708274 5.49865e-05 1.62523e-05 0.000267511 -0.00105683
247.836 0.415014 -1.31078 3.81722 1.20641 -0.000168879 -0.00029966 -0.599538 -0.800346 0.00125405 0.00513264 0.00078568 -0.00051589 -0.000196247 -0.00278348 0.00519046 0.00035424 0.000817731 -0.000454736 -3.48577e-05 -0.00274811
248.634 0.409865 -1.3072 3.82215 1.21602 -7.62759e-05 -0.000313891 -0.598678 -0.80099 0.00187249 0.00564986 0.0014764 -4.40182e-05 -4.6642e-05 -0.0018711 0.00596053 -0.000191301 0.00149073 -4.75929e-05 -6.07652e-05 -0.00200031
249.286 0.408459 -1.30648 3.82415 1.21712 -0.000140693 -0.000276094 -0.598308 -0.801266 0.00131069 0.00459232 0.000568791 -0.000130871 0.000350087 -0.00111712 0.00483481 8.82706e-05 0.000353338 -0.00011873 0.000352237 -0.00115396
249.9 0.407856 -1.3053 3.82516 1.21069 -3.15308e-05 -0.000196196 -0.598904 -0.800821 0.000954117 0.00390749 0.000591418 -0.000118782 0.000212957 0.0138493 0.00401768 0.000189319 0.000592475 -0.000118782 0.000212957 0.0138493
250.772 0.40604 -1.30279 3.8283 1.19356 -0.000102375 -0.00020745 -0.606681 -0.794945 0.00146393 0.00364869 -0.000831774 -4.80566e-05 0.000205018 0.0243726 0.00395075 -0.000415928 -0.000682685 -2.19377e-05 0.000207165 0.0245897
251.406 0.403664 -1.30339 3.83045 1.16912 -0.000134516 -0.000210588 -0.611607 -0.791162 0.00072205 0.00316786 0.000155442 0.000376096 0.000192041 0.0193294 0.00330824 -6.91741e-06 7.15637e-05 0.000355783 0.000202851 0.0194767
252.034 0.406179 -1.30546 3.83418 1.17061 -0.000267363 -0.000228926 -0.615542 -0.788104 7.52087e-05 0.00350916 0.000142653 0.000619038 -0.000353389 0.0126019 0.00342287 0.000777107 0.000142215 0.000619038 -0.000353389 0.0126019
252.952 0.405767 -1.30411 3.83579 1.18324 -0.000176434 -0.000274615 -0.614769 -0.788707 0.000871298 0.00249042 0.000170987 -0.000347203 0.000269094 -0.0113874 0.00262773 -0.000236874 0.000171701 -0.000347203 0.000269094 -0.0113874
253.824 0.404031 -1.30327 3.8371 1.17209 -0.00017836 -0.000267672 -0.611457 -0.791278 0.00043223 0.00265538 0.000658659 5.27918e-05 -0.000298343 -0.00844841 0.00267841 0.000251942 0.000659056 5.27918e-05 -0.000298343 -0.00844841
254.44 0.40288 -1.30221 3.83917 1.16453 -0.000274379 -0.000206545 -0.609673 -0.792653 0.000481597 0.00258083 0.000834228 0.00161488 -0.00082467 -0.00979299 0.002618 0.000197338 0.000834074 0.00161488 -0.00082467 -0.00979299
255.448 0.399344 -1.29855 3.84477 1.15646 -0.00030101 -0.000165378 -0.593147 -0.805094 0.00188152 0.00268358 0.000247286 -0.000643471 -0.000243193 -0.0579142 0.00312065 -0.00100154 0.000247685 -0.000643471 -0.000243193 -0.0579142
256.092 0.397834 -1.2978 3.84578 1.17164 0.000772981 0.000695366 -0.583491 -0.812119 -0.00565869 0.00432344 0.00688502 0.00196583 0.00023428 -0.0147445 0.00229348 0.00672816 0.00689842 0.00196583 0.00023428 -0.0147445
256.724 0.401418 -1.30134 3.84783 1.17666 0.000499763 0.000635375 -0.582542 -0.8128 -0.00883418 0.00463932 0.00582942 0.00011146 -6.2894e-06 0.00213811 0.00155765 0.0098473 0.00584401 0.00011146 -6.2894e-06 0.00213811
257.394 0.40692 -1.30697 3.84818 1.17481 -0.000295443 -0.000175072 -0.583926 -0.811807 -0.00348074 0.00268319 0.000453167 -0.00135513 -0.000158718 0.00904292 0.00141586 0.0044398 0.000482028 -0.00145279 -0.000142397 0.00889881
258.014 0.411443 -1.31072 3.84943 1.18408 -0.000165258 -0.000184224 -0.586268 -0.810117 -0.00179987 0.00315201 0.000157692 0.000226111 -0.000768051 0.00954025 0.00243145 0.00269501 0.000156643 0.000226111 -0.000768051 0.00954025
