46.718 0.735244 5.43174e-05 0.013353 0.636003 -0.000497202 0.000426179 -0.368891 -0.929472 0.00101303 -0.00366619 0.109106 -0.00182204 0.00130172 0.331163 -0.0016503 -0.00329654 0.10911 -0.00182204 0.00130172 0.331163
47.088 0.768232 -0.00105643 0.0117447 0.672454 -0.000344905 0.000266127 -0.424401 -0.905474 0.00101959 -0.00490715 0.0995223 0.00117882 0.000136744 0.273856 -0.00308417 -0.00394571 0.100777 0.00100302 0.000471699 0.279962
47.476 0.807597 -0.00499973 0.0104728 0.70913 -0.000487314 8.14858e-05 -0.465058 -0.88528 -0.00139091 -0.00626345 0.0874532 0.00136802 0.00314472 0.230662 -0.00589441 -0.00234002 0.0874586 0.00136802 0.00314472 0.230662
47.826 0.809188 -0.00680021 0.00844768 0.702779 -0.000185578 -0.000240442 -0.498069 -0.867137 0.000162558 -0.00532339 -0.0573875 0.000977573 -0.0025763 0.181709 -0.00463762 -0.00270369 -0.060167 0.0010186 -0.00247609 0.184608
48.244 0.795687 -0.00671808 0.00794757 0.69252 -0.00025242 -8.0737e-05 -0.523599 -0.851965 0.00159929 -0.00374956 -0.0379674 0.000276929 -0.000566052 0.129891 -0.00262771 -0.00314002 -0.0379654 0.000276929 -0.000566052 0.129891
48.574 0.77628 -0.00392342 0.00976097 0.670413 -0.000929252 -0.000201417 -0.536401 -0.843963 0.00627208 -0.00206195 -0.0183768 -0.000848002 -0.00260507 0.017545 0.00078383 -0.00658695 -0.0183656 -0.000848002 -0.00260507 0.017545
48.914 0.749964 -0.000830006 0.0103191 0.641889 -0.000641417 6.89023e-05 -0.533413 -0.845855 0.0084467 -0.00259836 -0.0416996 -0.00305742 -0.000441724 -0.069188 0.00116588 -0.00868827 -0.0431814 -0.00296074 -0.000134552 -0.0621896
49.286 0.735683 0.000662203 0.0105692 0.632973 -0.000463922 0.000231151 -0.520595 -0.853803 0.00644972 -0.00197856 -0.0285791 0.00596045 0.000428365 -0.108306 0.00114121 -0.00681251 -0.0291056 0.00393061 0.000522666 -0.102329
49.616 0.736012 0.000845538 0.010719 0.633032 -0.00135156 -0.000295985 -0.498503 -0.866887 0.0073122 -0.00271294 -0.0269686 0.00173898 -0.000226023 -0.239642 0.00131069 -0.00775559 -0.0269493 0.00173898 -0.000226023 -0.239642
49.968 0.733617 0.00126224 0.00883609 0.629729 0.000440916 0.000581422 -0.457908 -0.888999 0.00600714 -0.00305148 -0.0334139 -0.0202483 0.000198163 -0.190668 0.00106012 -0.00736912 -0.0339558 -0.0218053 0.000164925 -0.204839
50.302 0.729563 -0.000115273 0.00724376 0.626483 0.00124913 0.000959054 -0.449489 -0.893284 -0.00284668 0.00174444 -0.0283864 0.00467749 0.0012831 0.0568188 -0.000312281 0.00341337 -0.0283758 0.00467749 0.0012831 0.0568188
50.65 0.725599 -0.00134943 0.00622772 0.621264 0.000481598 0.00036981 -0.469108 -0.883141 -0.00523451 0.00372985 -0.0255402 0.00430981 -0.000502963 0.187818 0.000154648 0.00645603 -0.0255325 0.00430981 -0.000502963 0.187818
51.036 0.715558 -0.00257354 0.00406045 0.605126 7.01125e-05 0.000129574 -0.50161 -0.865094 -0.00384577 0.00127063 -0.0190767 0.00116955 0.00189891 0.212185 -0.000810668 0.00397368 -0.0190756 0.00116955 0.00189891 0.212185
52.026 0.685801 -0.00608409 0.00076684 0.582307 6.3567e-05 -0.000285566 -0.575669 -0.817683 -0.000845678 -0.00101689 0.00356035 0.00121417 0.000720998 0.14056 -0.00124442 0.000454041 0.00355957 0.00121417 0.000720998 0.14056
52.43 0.689427 -0.00656025 0.000676235 0.583873 5.08313e-05 -0.000391217 -0.596396 -0.80269 0.00090618 -0.00082584 0.00447754 -0.000625959 5.09001e-05 0.11578 -0.000866174 -0.000839742 0.00483111 -0.000472886 0.000189301 0.117578
53.364 0.694507 -0.00309799 0.00781488 0.594211 -0.000107042 6.93612e-05 -0.631926 -0.775029 0.00228443 0.00290932 0.00638494 0.00110483 -0.00157643 0.0796382 0.00326127 -0.00173221 0.00697104 0.00112686 -0.00145651 0.080507
53.802 0.694709 -0.00511471 0.0118058 0.591221 0.00383836 -0.00535162 -0.641853 -0.7668 0.00375866 0.0186115 -0.0134265 0.00375526 0.0150236 0.043955 0.0191572 -0.000437165 -0.0131756 0.00375526 0.0150236 0.043955
54.192 0.685142 -0.00222315 0.0239041 0.580597 0.0029726 -0.00399337 -0.645113 -0.764071 0.0106619 0.0401564 -0.0119199 -0.00392783 -0.0037029 0.000550245 0.0403684 -0.00348362 -0.0117161 -0.00398613 -0.00442728 0.00172923
55.068 0.672164 0.00541381 0.0592661 0.570876 0.00318722 -0.00358457 -0.643046 -0.765813 0.0101465 0.0503952 -0.00993481 -0.000541026 -0.000800121 -0.00158026 0.0514835 -0.00127427 -0.00944191 -0.000541026 -0.000800121 -0.00158026
55.984 0.674651 0.0106591 0.108851 0.576461 0.000972936 -0.000509407 -0.644223 -0.764837 0.00577079 0.0445499 0.0645324 -0.001635 -0.0080434 0.0134797 0.0479401 0.00139451 0.0666069 -0.00310805 -0.0233555 0.00877823
56.394 0.69808 0.0128758 0.127678 0.600852 0.00158016 -0.0013166 -0.6482 -0.761468 0.00353706 0.0368631 0.0654142 -0.000449143 0.00123495 0.0411759 0.0366894 0.00234847 0.0655651 -0.000449143 0.00123495 0.0411759
57.244 0.732034 0.0152846 0.168435 0.631048 -0.000826709 0.000597333 -0.66243 -0.749123 0.00163469 0.0302471 -0.00778434 0.000621865 -0.00681825 0.0464569 0.0316938 0.00223264 -0.00759324 0.000898681 -0.0102175 0.0465057
57.62 0.728547 0.0150997 0.178325 0.626824 -0.000635347 0.000369637 -0.668837 -0.743409 0.00118503 0.0177215 -0.00581321 9.01998e-05 0.0020195 0.043842 0.0177396 0.000685275 -0.00583835 9.01998e-05 0.0020195 0.043842
58.052 0.728802 0.0150145 0.18023 0.628242 -0.000362724 0.000155123 -0.674907 -0.737903 0.00107748 0.00721275 -0.00524165 -0.000571889 0.00330025 0.0365709 0.0079904 -0.000390139 -0.00499918 -0.000536316 0.00335944 0.0369002
58.44 0.726452 0.0149831 0.179835 0.625834 -0.000125867 -2.69618e-05 -0.679031 -0.73411 0.000807393 0.00342113 -0.00280694 -2.81655e-05 0.000857655 0.033125 0.00347323 -0.000539282 -0.00280728 -2.81655e-05 0.000857655 0.033125
58.852 0.73101 0.0149158 0.181026 0.631999 -0.000152834 -8.93432e-06 -0.683025 -0.730395 0.000566953 0.00281235 -0.00490687 0.000178766 -0.00040275 0.0315103 0.00284304 -0.00037854 -0.00490734 0.000178766 -0.00040275 0.0315103
59.366 0.744788 0.0134655 0.186557 0.643969 -0.000597653 0.00022156 -0.688082 -0.725633 -0.00067959 0.0044229 -0.0103504 0.00141133 -0.00138403 0.0242967 0.00436874 0.000907609 -0.0103559 0.00141133 -0.00138403 0.0242967
60.22 0.74857 0.0194426 0.185757 0.648161 0.000662877 6.06878e-05 -0.694703 -0.719297 0.00360749 0.00252667 -0.00253366 -0.00712083 0.00506832 0.0423605 0.00265271 -0.00351481 -0.0025351 -0.00712083 0.00506832 0.0423605
60.652 0.751673 0.0201258 0.184476 0.649356 0.000633035 0.000138241 -0.708817 -0.705393 -0.00127164 0.00510842 -0.00480796 0.00309838 -0.000535805 0.126408 0.00511789 0.00125213 -0.00480301 0.00309838 -0.000535805 0.126408
61.038 0.744163 0.0166389 0.179415 0.641393 0.00038199 -0.000462243 -0.727784 -0.685806 -0.00389087 0.000272624 -0.00232766 0.00376533 0.00425354 0.137435 0.000941534 0.00367881 -0.00255442 0.0036696 0.00420549 0.138561
61.872 0.734666 0.0152149 0.176181 0.633522 0.000118195 -0.000834569 -0.75962 -0.650367 0.00113612 0.000564315 -0.00151963 0.00380702 -0.00131756 0.0711174 0.000384486 -0.00121118 -0.0015178 0.00380702 -0.00131756 0.0711174
62.41 0.736502 0.0149639 0.178962 0.635382 0.000170342 -0.000840358 -0.76158 -0.64807 0.00242161 2.1211e-05 -0.00213185 -0.00114182 -0.000717929 -0.0435719 -0.000363668 -0.00239606 -0.00212981 -0.00114182 -0.000717929 -0.0435719
62.824 0.739747 0.0146195 0.184494 0.638544 -7.3026e-05 -0.000972728 -0.752746 -0.65831 0.00194769 0.00137622 -0.00220271 0.00345815 -0.00134074 -0.112402 0.00104533 -0.00196582 -0.00196477 0.00399336 -0.00109045 -0.105314
63.238 0.742189 0.0159287 0.191195 0.640832 -0.000158075 -0.000702141 -0.731668 -0.681661 0.00340911 0.00206207 -0.00291912 -0.00259602 -0.00147286 -0.188373 0.00181809 -0.00354995 -0.00291339 -0.00259602 -0.00147286 -0.188373
63.75 0.741544 0.0202716 0.199118 0.637602 7.16119e-05 -0.000159035 -0.698323 -0.715783 0.00313893 0.00152339 -0.00249528 -0.00140102 -0.00149487 -0.191112 0.00157769 -0.00328654 -0.00228565 -0.00193144 -0.00141571 -0.192712
64.156 0.729848 0.0226242 0.202915 0.624238 2.52709e-05 -2.77974e-05 -0.671173 -0.741301 0.00179942 -0.000580324 0.0006163 -0.00103916 0.000231877 -0.17494 -0.000221135 -0.00191871 0.000273298 -0.0008754 0.000115438 -0.177058
65.012 0.716027 0.0233957 0.209074 0.613255 0.000650764 4.03115e-05 -0.64218 -0.766553 -0.0035636 0.00161641 0.00230409 0.00327193 -0.00232452 0.0270301 0.000627223 0.00364154 0.0018538 0.0032366 -0.00202181 0.0174823
65.878 0.700707 0.0210107 0.220035 0.597669 -0.000305195 8.75758e-05 -0.658827 -0.752294 -0.00156317 0.000689094 0.0101263 -0.000981595 0.000499313 0.0639486 0.000482307 0.00164389 0.0101255 -0.000981595 0.000499313 0.0639486
66.754 0.709995 0.019055 0.221413 0.615632 0.00274728 -0.00229073 -0.67489 -0.73791 -0.00139409 0.00480612 0.0771037 -0.00317049 0.0195797 0.0489342 0.0041162 0.00174223 0.0771365 -0.00317049 0.0195797 0.0489342
67.168 0.738634 0.0192305 0.230738 0.643762 0.00216466 -0.00182331 -0.682677 -0.730715 -0.00241212 0.0224456 0.0797669 0.000668574 -0.00400014 0.0535805 0.020947 0.00381316 0.0796032 0.000746883 -0.00532363 0.0536467
67.58 0.772377 0.0196346 0.242323 0.67725 0.00222295 -0.0019526 -0.690155 -0.723655 -0.00225886 0.0292714 0.0879496 -4.5607e-05 -0.00098146 0.0492014 0.0286127 0.00359676 0.0881216 -4.5607e-05 -0.00098146 0.0492014
68.02 0.810562 0.0202966 0.257931 0.718942 0.00233254 -0.00202861 -0.697462 -0.716615 -0.00188319 0.0351066 0.0970434 -0.00019667 -8.93417e-05 0.0417729 0.034248 0.00287758 0.0974469 -0.000203477 -0.000140211 0.0424539
68.922 0.88737 0.0191141 0.293269 0.792717 0.00377868 -0.003997 -0.705547 -0.708642 -0.000820835 0.0547353 0.0888798 0.000186489 -0.000395758 0.00665923 0.0533209 0.00106165 0.0894772 0.00018013 -0.000603129 0.00723893
69.454 0.940832 0.0191523 0.32761 0.85088 0.00546471 -0.00473615 -0.706073 -0.708102 -0.00121152 0.0678215 0.0834508 -0.00468421 -0.000188749 0.00504679 0.0656025 0.00107839 0.0844393 -0.00641883 0.00191285 0.00350583
69.918 1.00057 0.0208547 0.364254 0.908711 0.0060709 -0.00509794 -0.707898 -0.70627 -0.00249629 0.08204 0.0904315 -0.000668199 -0.00310636 0.0215752 0.0806068 0.00218381 0.0917193 -0.000668199 -0.00310636 0.0215752
70.868 1.05886 0.0212159 0.437997 0.958083 0.000105434 0.000918499 -0.729094 -0.684413 -0.00294654 0.0396701 -0.0108113 0.00420855 0.0186996 0.172637 0.0418399 0.000526639 -0.0109419 0.00388994 0.0226909 0.163741
71.318 1.05818 0.0154384 0.458898 0.959627 0.000427197 -0.000390783 -0.757023 -0.653388 -0.00375698 0.0257961 -0.00906857 0.00219275 0.0013327 0.203708 0.0260787 -5.42298e-05 -0.00903839 0.00219275 0.0013327 0.203708
71.856 1.06538 0.0134224 0.476918 0.966471 -0.00133561 -0.00344606 -0.735413 -0.677609 0.0148342 0.0223648 -0.012353 -0.012588 -0.00146819 -0.514555 0.0211116 -0.0166958 -0.0121814 -0.012588 -0.00146819 -0.514555
72.948 1.05537 0.0199205 0.506601 0.960858 0.00366605 0.00180321 -0.528567 -0.848882 -0.00780447 0.0216643 -0.0104389 0.00701391 0.00177025 0.0100102 0.0160064 0.0166468 -0.0102909 0.00701391 0.00177025 0.0100102
73.45 1.04433 0.0149797 0.51819 0.95293 0.00100267 -0.000232304 -0.577679 -0.816263 -0.0142904 0.0216126 -0.00508393 0.0218395 -0.00246348 0.349313 0.0156534 0.0216437 -0.00511218 0.0201981 -0.0023393 0.356035
73.972 1.0354 0.0144646 0.527071 0.948502 0.000919076 -0.00412419 -0.609835 -0.792518 0.00324963 0.0139881 0.00224047 0.0155921 0.14823 -0.0187197 0.0129038 0.00153902 0.00250656 0.0119347 0.118201 -0.00790683
74.5 1.02701 0.0201343 0.555474 0.948533 0.00850959 -0.00908041 -0.598067 -0.80135 0.0229978 0.0879972 -0.00271759 0.00162551 -0.0232334 -0.0458481 0.0909429 0.00299423 -0.000460236 0.00162551 -0.0232334 -0.0458481
75.054 1.00086 0.0285753 0.614589 0.938544 0.00673236 -0.00807234 -0.594704 -0.803876 0.0233033 0.114745 -0.0030778 0.00239576 -0.00141333 0.00758859 0.116581 0.0112904 -0.000617586 0.00239576 -0.00141333 0.00758859
75.582 1.00804 0.0395154 0.680388 0.974856 0.00550498 -0.00494121 -0.599868 -0.800065 0.0148321 0.109473 0.094687 0.00222862 0.00946966 0.0440592 0.108341 0.0159464 0.0962495 0.00229221 0.0106009 0.0420383
76.18 1.03236 0.0490805 0.751701 1.01654 0.00569336 -0.00604068 -0.611169 -0.791456 0.0122333 0.112156 0.0979295 0.000258586 0.00129634 0.0512013 0.109786 0.0164473 0.0993668 0.000370175 0.00125081 0.0514659
76.764 1.06735 0.0571082 0.819942 1.06874 0.00607837 -0.00682368 -0.621123 -0.78366 0.0124036 0.117171 0.106387 -0.000113166 -0.000427602 0.0405449 0.114947 0.014567 0.108518 -0.000113166 -0.000427602 0.0405449
77.406 1.14338 0.067961 0.902225 1.15664 0.00655182 -0.00754812 -0.629621 -0.776839 0.0134867 0.127069 0.110635 0.000360249 -0.000829999 0.0313124 0.124349 0.0131268 0.113405 0.000380508 -0.00102474 0.0318991
78.496 1.28329 0.0894255 1.04833 1.28835 0.00630304 -0.00694084 -0.643081 -0.765741 0.0122318 0.142681 0.0320288 0.0135878 -0.103748 0.0361251 0.14132 0.0128514 0.078391 0.00450756 -0.0347149 0.0355928
79.136 1.29312 0.101116 1.11573 1.28444 6.56022e-05 -0.000577422 -0.654926 -0.755693 0.00562705 0.0718298 -0.00335266 0.00083226 0.0111446 0.065742 0.0719035 0.00463807 -0.00328678 0.00083226 0.0111446 0.065742
79.758 1.33992 0.108604 1.16681 1.34814 0.0162323 -0.0145922 -0.670118 -0.741934 0.00111401 0.127451 0.0616755 0.027833 -0.130797 0.0623764 0.114953 0.0105266 0.13493 0.0163432 -0.0710697 0.0618958
80.428 1.36725 0.111825 1.22835 1.3477 -0.000205428 -0.000288521 -0.696341 -0.717711 0.000689985 0.073119 -0.0150872 0.00205446 0.0120878 0.154318 0.0731083 0.00150937 -0.0150789 0.00205446 0.0120878 0.154318
81.384 1.44719 0.118389 1.28635 1.42989 0.00969229 -0.0109685 -0.738242 -0.674377 -7.12473e-05 0.155702 0.0169775 -0.0127417 -0.261792 0.044348 0.149773 -0.0132398 0.0764637 -0.00828514 -0.188242 0.0482557
82.024 1.46809 0.119231 1.33078 1.43397 -0.000108572 -0.000258401 -0.750957 -0.660351 0.00234846 0.0692499 -0.0135215 0.00172434 0.0136771 0.0864675 0.0683835 -0.0111916 -0.0135034 0.00172434 0.0136771 0.0864675
82.71 1.50529 0.119863 1.34807 1.49333 0.0166222 -0.016437 -0.770227 -0.637342 -0.00231201 0.0833695 0.20884 0.00950103 0.104761 0.0623201 0.0725155 -0.0124602 0.2125 0.00950103 0.104761 0.0623201
83.468 1.62187 0.112843 1.4346 1.57219 -0.00321147 0.00196439 -0.771571 -0.636132 -0.00794821 0.137038 -0.0174731 -0.000531511 -0.0645829 -0.041629 0.135906 -0.0183444 -0.0184675 -0.000531511 -0.0645829 -0.041629
84.24 1.61168 0.107757 1.5002 1.57165 0.000360756 -0.00105676 -0.75721 -0.65317 0.000235371 0.0601998 -0.0162054 -0.000190623 0.00286818 -0.0707391 0.0595448 -0.00908456 -0.0160804 -0.000190623 0.00286818 -0.0707391
84.97 1.71225 0.104255 1.56116 1.70967 0.0141689 -0.0132746 -0.744851 -0.666948 -0.0117199 0.171538 0.219541 0.000986439 -0.0247105 -0.0255303 0.163135 -0.0070295 0.226049 0.000986439 -0.0247105 -0.0255303
85.816 1.89143 0.0910295 1.70574 1.91382 0.0129908 -0.010757 -0.744175 -0.667772 -0.0250864 0.212257 0.210124 0.00171955 0.00223748 0.0152982 0.206521 0.00174971 0.21721 0.00171955 0.00223748 0.0152982
86.584 2.03041 0.070799 1.85976 2.05766 0.0133396 -0.0113245 -0.748849 -0.66251 -0.0304874 0.227577 0.209282 0.000220797 0.00116322 0.0200255 0.221596 0.00234119 0.217129 0.000191462 0.000510836 0.0203055
87.428 2.21466 0.0398149 2.0451 2.22621 0.0136338 -0.011997 -0.753289 -0.65744 -0.0331782 0.239999 0.212666 -0.000949916 0.000851048 0.0100386 0.233844 0.000656741 0.220874 -0.000769502 0.00115004 0.0104039
88.172 2.19562 0.0131033 2.23232 2.31954 0.0148331 -0.0135665 -0.754487 -0.656007 -0.0323821 0.263177 0.176027 2.08233e-05 0.00203168 -0.00116937 0.257837 -0.00432052 0.186542 2.08233e-05 0.00203168 -0.00116937
89 1.99552 -0.0198374 2.43845 2.48388 0.0152597 -0.0109821 -0.758545 -0.65135 -0.0465638 0.253566 0.188742 0.00150787 0.00248948 0.0321724 0.250322 0.00668823 0.198343 0.00158396 0.00290791 0.0317821
89.894 1.82168 -0.0634131 2.60458 2.51117 0.00194917 -0.00238625 -0.778888 -0.627156 -0.019353 0.117463 -0.0197618 0.000373373 0.00813872 0.106682 0.119005 -0.00617722 -0.0190368 0.000373373 0.00813872 0.106682
90.83 1.71689 -0.0939966 2.73284 2.61601 0.0171121 -0.0155071 -0.798882 -0.601044 -0.0403717 0.225166 0.132889 -0.00371401 -0.0253115 0.00320803 0.214011 -0.0222407 0.148202 -0.0028598 -0.038747 0.0108524
91.896 1.55707 -0.128232 2.88047 2.6309 0.00263773 -0.00254504 -0.77853 -0.627597 -0.0119947 0.094459 -0.0200933 -0.000223345 0.00454334 -0.0961348 0.0949969 -0.00833876 -0.0193948 -0.000223345 0.00454334 -0.0961348
93.04 1.47097 -0.148226 2.9667 2.64723 0.0158687 -0.0110974 -0.742613 -0.669441 -0.0128269 0.0812911 0.183187 -0.0252634 0.218685 -0.0744537 0.0750811 0.00347559 0.186228 -0.0252634 0.218685 -0.0744537
94.074 1.33584 -0.193114 3.13857 2.81946 0.0164614 -0.0133622 -0.747131 -0.664339 -0.0474647 0.216069 0.16881 0.0065997 0.00520057 0.0472147 0.212788 0.021548 0.178023 0.0065997 0.00520057 0.0472147
95.266 1.11987 -0.259292 3.42667 2.96794 -0.00178335 0.000579741 -0.754358 -0.656461 -0.0284086 0.151622 -0.0188133 -0.00224331 0.0501012 -0.0353727 0.154027 0.00716703 -0.0193556 -0.00224331 0.0501012 -0.0353727
96.406 0.982115 -0.291113 3.56445 2.94629 0.00351398 -0.00275692 -0.741688 -0.67073 -0.0178056 0.0797141 -7.90586e-05 0.00182406 0.000511764 0.0422789 0.0817379 0.0098334 -0.000476654 0.00167304 0.000670106 0.0360449
98.21 0.819521 -0.320842 3.71889 2.9006 0.0024601 -0.0023736 -0.740911 -0.671595 -0.00895767 0.0695346 0.02143 -0.00262586 -0.00013312 -0.179647 0.0699294 0.0021111 0.0219079 -0.00262586 -0.00013312 -0.179647
99.438 0.77437 -0.330421 3.78127 2.93307 0.00382758 -0.00302368 -0.6748 -0.737984 -0.0102126 0.0539634 0.123749 -0.000523278 0.0500027 -0.119147 0.0516422 0.0147944 0.124275 -0.000523278 0.0500027 -0.119147
100.672 0.798754 -0.346493 3.86679 3.07482 0.0044135 -0.00400633 -0.667235 -0.744823 -0.00882495 0.0760354 0.0621452 0.00128736 -0.0150777 0.0280988 0.0734766 0.0171494 0.0957355 0.000366011 0.00012995 0.0278621
101.864 0.770854 -0.35512 3.93935 3.09991 0.00327648 -0.00285349 -0.701406 -0.712749 -0.00791574 0.0442367 0.123883 -0.00321663 0.0306638 0.0973088 0.0429253 0.00880464 0.11877 -0.00394687 0.0289843 0.100421
103.114 0.839746 -0.362997 4.00861 3.23486 0.0047931 -0.00543087 -0.719837 -0.694105 -0.00511668 0.0613801 0.0888649 0.000561904 -0.000530019 0.00101454 0.060236 0.002984 0.0897407 0.000561904 -0.000530019 0.00101454
104.508 0.902068 -0.369935 4.12042 3.35263 0.00535393 -0.00576213 -0.708684 -0.705482 -0.00120183 0.0772716 0.0830751 0.00532079 0.0179281 -0.0253285 0.0756321 0.000942315 0.0896399 0.00517858 0.0159838 -0.0250273
105.74 0.990872 -0.369795 4.25578 3.46421 0.00658388 -0.00710305 -0.696293 -0.717692 0.00415051 0.101915 0.0488875 0.00141978 0.0186805 -0.0292706 0.100215 -0.00120037 0.0656046 0.00110949 0.00984645 -0.0296708
107.126 1.00955 -0.374476 4.45963 3.50287 0.00893503 -0.009228 -0.685973 -0.727514 0.00416707 0.140597 -0.000632201 -0.00253615 6.90504e-05 -0.00977323 0.139874 0.00389453 0.00263046 -0.00379045 0.00316487 -0.0109875
108.594 0.940665 -0.371477 4.72614 3.51266 0.00879617 -0.00916207 -0.686848 -0.726691 0.00099043 0.160592 0.00396303 0.000227618 0.000500996 0.00941721 0.159914 0.00802143 0.00797697 0.000199623 0.000574224 0.00929811
110 0.934502 -0.368012 4.97348 3.53485 0.00854294 -0.00756469 -0.692904 -0.72094 -0.00504444 0.150433 0.0120005 0.00192656 0.00220448 0.0309225 0.149793 0.0107795 0.015327 0.00202623 0.00262204 0.0290544
111.54 0.971527 -0.372983 5.2424 3.57516 0.00764744 -0.00911941 -0.707674 -0.706438 -8.37236e-06 0.157662 -5.5496e-05 -0.00205133 -0.000794409 -0.00224123 0.157619 -0.000263415 0.003683 -0.00205133 -0.000794409 -0.00224123
113.002 0.991589 -0.367659 5.49396 3.56656 0.00802632 -0.00948202 -0.700527 -0.713517 0.00525884 0.163651 -0.0345636 -0.000459211 0.00169974 -0.0208078 0.164526 -0.00231101 -0.0304924 -0.000459211 0.00169974 -0.0208078
114.56 1.01577 -0.354514 5.77421 3.48014 0.00679567 -0.00918509 -0.688493 -0.725153 0.0132577 0.159138 -0.0872662 -0.00132297 0.00443907 -0.0369786 0.161549 -0.00523015 -0.0836097 -0.00132297 0.00443907 -0.0369786
115.978 1.03499 -0.332052 6.01959 3.33374 0.00736369 -0.00974404 -0.669329 -0.742866 0.0196005 0.160717 -0.0900273 -0.000907916 0.000588196 -0.036291 0.164026 -0.00298703 -0.0860552 -0.000907916 0.000588196 -0.036291
117.426 1.14776 -0.296848 6.27415 3.21322 0.00881914 -0.0102852 -0.655911 -0.754717 0.020781 0.174321 -0.080532 0.00101213 -0.00116165 -0.00533638 0.177417 0.00360015 -0.0757742 0.00106697 -0.00120936 -0.00610179
119.02 1.34245 -0.259911 6.59458 3.01268 0.00880558 -0.011284 -0.6522 -0.757912 0.0276345 0.191162 -0.114381 -0.000405743 0.000657598 -0.0157779 0.196384 0.00104746 -0.108834 -0.000270479 0.000450456 -0.0156152
120.502 1.62798 -0.200757 6.96414 2.78861 0.0135184 -0.0171634 -0.644287 -0.764472 0.046503 0.272391 -0.152531 -0.000121453 0.000345046 -0.0108634 0.282081 6.4693e-05 -0.140375 -0.000184393 0.000197742 -0.0110123
122.096 1.39032 -0.1514 7.42308 2.56123 0.0149823 -0.0148755 -0.660425 -0.750595 0.0138751 0.28069 -0.147095 0.000203874 0.00175935 0.0507138 0.285686 0.022855 -0.135034 0.000428943 0.00168527 0.0513282
123.812 1.17373 -0.123842 7.94644 2.31089 0.0156546 -0.0168543 -0.679389 -0.733418 0.0147876 0.310567 -0.12435 0.000797163 0.00106519 0.0168057 0.31578 0.00889518 -0.109907 0.000689559 0.00102622 0.0170926
125.432 1.10652 -0.107991 8.39918 2.19553 0.0112992 -0.0131035 -0.68692 -0.726527 0.00901164 0.253795 -0.0779822 -0.000464184 0.000842997 0.00948553 0.256582 0.00522731 -0.0690135 -0.000434294 0.00132234 0.00953251
127.078 1.22405 -0.0776959 8.79136 2.06639 0.0106925 -0.0122922 -0.691123 -0.722554 0.0103351 0.238749 -0.071598 0.000337576 0.000608667 0.00551078 0.241319 0.000149399 -0.0636751 0.000408499 0.000641769 0.00553044
128.634 1.48934 -0.0579402 9.21794 1.88253 0.0161321 -0.017861 -0.693821 -0.719745 0.00986732 0.31549 -0.125217 0.000121211 -0.000475562 0.00470796 0.32077 0.00153083 -0.110185 6.94025e-05 -0.000397858 0.00475357
130.436 1.98074 -0.0364858 9.83095 1.66265 0.0164071 -0.0182708 -0.696464 -0.717171 0.00828006 0.332206 -0.122359 0.000328683 0.00103225 0.00268014 0.33779 0.0012863 -0.105716 0.000337342 0.000939234 0.00272383
132.396 2.586 -0.0106705 10.5105 1.4486 0.0147817 -0.0165288 -0.698448 -0.715318 0.00771415 0.328032 -0.0988856 0.000227903 -0.00800211 0.00294272 0.333053 5.3048e-05 -0.0846516 0.000249579 -0.00800162 0.00292581
134.156 3.10272 0.00668829 11.0594 1.30575 0.0113217 -0.0129149 -0.701112 -0.712845 0.00561037 0.270171 -0.0614683 -0.000341405 -0.0049644 0.00274861 0.272176 -0.00123805 -0.0521643 -0.000341405 -0.0049644 0.00274861
136.01 3.53104 0.0246824 11.5082 1.20969 0.00814438 -0.00940452 -0.704549 -0.709547 0.00504143 0.212325 -0.0365307 -0.000143101 -0.00448376 0.00498727 0.213196 -0.00359778 -0.0312423 -0.000143101 -0.00448376 0.00498727
138.572 2.75165 0.0294945 11.9773 1.03877 0.0050181 -0.00381048 -0.711115 -0.703047 -0.0104058 0.175341 -0.0399603 -1.317e-05 -0.0188781 -0.00349146 0.178751 0.00836054 -0.0392081 5.18891e-05 -0.0194361 -0.00345482
141.034 2.54608 0.00313908 12.137 1.00026 -0.00222797 0.00215756 -0.709788 -0.704409 -0.00224617 0.0161717 0.00309001 0.00146714 6.83447e-05 -0.000906445 0.0162072 0.00212332 0.00298938 0.00146714 6.83447e-05 -0.000906445
142.754 2.58404 -0.00879456 12.0916 1.00457 -0.00225038 0.00124569 -0.709573 -0.704628 0.00373333 -0.00283063 -0.00164418 -9.11939e-05 0.00344485 -0.000572492 -0.00251099 -0.00353069 -0.00169461 -2.92157e-05 0.00325773 -0.000552805
145.284 2.65643 -0.00658967 12.0171 0.995182 6.51623e-05 -0.00104098 -0.709518 -0.704686 0.0037228 0.00469439 0.00592896 1.14937e-05 0.000504796 -0.000199019 0.00460884 -0.00375821 0.00612158 -5.482e-05 0.000449282 -0.000160705
147.034 2.66076 0.00184314 12.0151 0.991853 0.00053537 -0.000799384 -0.709411 -0.704795 0.00247106 8.84616e-06 0.00531974 -0.000490932 -0.00141239 3.54798e-05 0.000127792 -0.00264219 0.00559528 -0.00074801 -0.0013461 2.00044e-06
