33.802 0.355507 0.00313886 0.0132756 0.359009 -0.00091668 0.000510698 -0.255555 -0.966794 -0.00196492 0.0111731 0.219314 0.0115795 -0.000655561 0.638686 0.0041321 0.0110161 0.219292 0.0115795 -0.000655561 0.638686
34.158 0.422315 0.00201753 0.0175283 0.431184 -0.0012608 0.0003243 -0.349679 -0.936869 -0.0014913 5.01916e-05 0.191953 -0.00125876 0.00104018 0.417601 -0.000807824 0.00142497 0.191952 -0.00125876 0.00104018 0.417601
34.484 0.485158 0.00102037 0.0176727 0.488787 -0.000838581 0.000244383 -0.40015 -0.916449 -0.00189322 -0.00548154 0.173416 -0.00187383 0.00222709 0.30904 -0.00511322 -0.00210494 0.173424 -0.00187383 0.00222709 0.30904
34.848 0.550236 0.00040532 0.0166052 0.558762 -0.000518277 0.000169759 -0.444926 -0.895567 -0.00162208 -0.00709259 0.144908 -0.000589414 -4.57753e-05 0.239789 -0.0065001 -0.00291883 0.14778 -0.000763408 0.00025752 0.244881
35.226 0.605201 0.000296123 0.0182118 0.606876 -0.00048525 0.0002216 -0.4806 -0.87694 -0.00155106 -0.00412652 -0.00847518 -0.00163704 0.00424878 0.20582 -0.00432009 -0.000918256 -0.00847091 -0.00163704 0.00424878 0.20582
36.25 0.553659 0.0015005 0.0200468 0.545137 1.37133e-05 0.000412508 -0.556953 -0.830544 0.000444803 -0.000310015 -0.045285 -0.0179069 -3.83652e-05 0.179543 -0.000148298 -0.000507352 -0.0452852 -0.0179069 -3.83652e-05 0.179543
37.228 0.502193 -0.00321912 0.0213741 0.499185 -0.000418466 0.000534743 -0.731166 -0.682199 -0.0113676 0.00311962 -0.015488 0.00442455 -0.000211277 0.603831 0.00387808 0.0111277 -0.0154909 0.00442455 -0.000211277 0.603831
37.676 0.499544 -0.00615861 0.0180798 0.497144 -0.000719627 0.000158205 -0.810327 -0.585978 -0.00514296 1.72917e-05 -0.00969597 -5.06376e-05 0.00100415 0.522575 0.00161439 0.00487299 -0.00970102 -5.06376e-05 0.00100415 0.522575
38.124 0.502113 -0.00431109 0.0146611 0.498054 -0.00190287 -0.0024729 -0.857651 -0.514223 0.0060897 0.00205514 -0.00159071 0.0191348 0.00123466 0.133711 -0.00105752 -0.00634946 -0.00155062 0.0191348 0.00123466 0.133711
38.636 0.492332 0.00242316 0.0138297 0.486853 -0.00114572 -0.00142731 -0.830334 -0.557264 0.0192603 0.00800455 0.00101433 -0.0104114 -0.000805084 -0.445057 0.000191406 -0.0209458 0.000639124 -0.0107937 -0.00106633 -0.435717
39.108 0.482163 0.00617378 0.0108286 0.478903 -0.000493492 -0.000271918 -0.767435 -0.641126 0.0125583 0.0019616 0.00721317 -0.00344699 0.000360644 -0.493927 -0.000301052 -0.0126994 0.00722663 -0.00344699 0.000360644 -0.493927
39.558 0.477005 0.0110138 0.0101963 0.472218 -0.000112369 0.000223126 -0.70313 -0.711061 0.00668704 -0.00125428 0.0118999 -0.000910916 -0.000314367 -0.398314 -0.00117355 -0.00670252 0.0118994 -0.000910916 -0.000314367 -0.398314
40.004 0.476402 0.0141562 0.0093097 0.474349 -2.26479e-05 0.000240012 -0.64676 -0.762693 0.00221431 -0.00311319 0.0166755 0.000278511 0.000265793 -0.300481 -0.00263846 -0.00284612 0.0163023 0.000484882 0.000318195 -0.307194
40.506 0.495764 0.0158858 0.00904723 0.495216 -4.97206e-05 0.000205229 -0.593965 -0.804491 -0.00026243 -0.0032038 0.013041 0.000649149 -0.000236524 -0.236495 -0.00315548 -0.000761416 0.0133492 0.000692315 -0.000221496 -0.23788
40.974 0.50164 0.01709 0.00933743 0.4994 -1.23294e-05 0.00030114 -0.550811 -0.83463 -0.000621992 -0.00268518 0.0128517 -0.00105116 -0.000480439 -0.207726 -0.00273764 -0.000512239 0.0127556 -0.00101285 -0.00042299 -0.209051
41.44 0.509501 0.0166257 0.00819874 0.509937 0.000160687 0.000390508 -0.514085 -0.857739 -0.00198223 -0.00297961 0.0141549 0.000437763 0.000690222 -0.173829 -0.0035179 0.000191696 0.014299 0.000324371 0.000684014 -0.175017
41.85 0.528784 0.0145561 0.00669402 0.529103 0.000238729 0.0003209 -0.48552 -0.874225 -0.00285201 -0.00292275 0.0101733 -7.02684e-07 0.000410599 -0.147745 -0.0039852 0.000868888 0.0101752 -7.02684e-07 0.000410599 -0.147745
42.372 0.541902 0.0114992 0.00880504 0.539672 9.31193e-05 0.000305457 -0.454327 -0.890835 -0.00320683 0.000243789 0.0064412 0.000512147 -0.00191372 -0.114311 -0.00168267 0.00273609 0.00644318 0.000512147 -0.00191372 -0.114311
42.814 0.545862 0.00804757 0.0106259 0.54036 1.66913e-05 0.000367118 -0.431998 -0.901875 -0.00449158 0.000648425 0.00687483 0.00087308 0.00121266 -0.0895597 -0.00219206 0.00378926 0.0067848 0.000917275 0.00117846 -0.0919605
43.262 0.543123 0.00460065 0.0101732 0.540349 -1.03785e-05 0.000210059 -0.416542 -0.909116 -0.0042537 -2.75291e-05 0.00949324 -0.000965041 0.000685553 -0.0685052 -0.00279474 0.00320217 0.00949484 -0.000965041 0.000685553 -0.0685052
43.744 0.534229 0.00363813 0.00874519 0.529975 0.000852884 -0.0027201 -0.402342 -0.915485 0.00357154 0.00416801 -0.0100632 -0.000410306 0.00395901 -0.0501864 0.00389567 0.000320846 -0.0101854 -0.000216916 0.00594534 -0.0505099
44.23 0.528993 0.00626695 0.0139389 0.525788 0.000483561 -0.00172806 -0.390606 -0.920556 0.0113571 0.0114117 -0.00906152 0.000155155 -6.41483e-05 -0.042829 0.0161305 -0.000242189 -0.00900405 0.000155155 -6.41483e-05 -0.042829
45.264 0.524986 0.0195176 0.0257442 0.523666 0.000627553 -0.00172046 -0.369711 -0.929145 0.0156324 0.0134289 -0.00732407 -0.000442424 0.000614921 -0.0292653 0.0206116 -0.00098295 -0.00724855 -0.000442424 0.000614921 -0.0292653
45.76 0.526856 0.0249607 0.034099 0.526481 0.000530523 -0.0018625 -0.362504 -0.93198 0.0144256 0.015317 -0.00672392 0.00228568 0.000345568 -0.0206724 0.0210096 0.00154168 -0.00664351 0.00228568 0.000345568 -0.0206724
46.224 0.517883 0.0307265 0.0399735 0.516346 0.000584688 -0.00207384 -0.357543 -0.933894 0.0152172 0.0149648 -0.00630511 -0.000425717 0.000357945 -0.0178491 0.0212287 0.000907886 -0.00644933 -0.000624015 0.000462886 -0.0180268
46.724 0.500287 0.0394967 0.0496182 0.497126 0.000449155 -0.00190462 -0.352199 -0.935923 0.0157076 0.0157935 -0.00572035 -0.000425509 0.0015707 -0.0130604 0.0222448 0.00151701 -0.00563481 -0.000425509 0.0015707 -0.0130604
47.216 0.490081 0.0483254 0.0560258 0.486076 0.000581616 0.000837047 -0.354537 -0.935041 0.00919309 0.0120293 0.00656989 -0.00297268 9.53143e-05 0.0933834 0.0162453 0.00248103 0.00637278 -0.00441938 -0.00428083 0.0766487
47.712 0.473005 0.0539307 0.0600875 0.472281 0.000571112 5.44176e-06 -0.391256 -0.920282 0.00150668 0.00873403 0.00445387 0.00327459 -0.00138656 0.234703 0.00744666 0.0049507 0.00427185 0.00309517 -0.000933635 0.228614
48.214 0.47702 0.0567423 0.0650418 0.478064 9.48592e-07 -0.000136836 -0.445581 -0.895242 0.000255554 0.00576325 0.00363669 0.00162739 -0.000824627 0.23809 0.00475114 0.00327131 0.00363747 0.00162739 -0.000824627 0.23809
49.314 0.477511 0.0668347 0.072705 0.475975 -3.73694e-05 0.000318134 -0.531522 -0.847044 0.00332527 0.000860135 0.00450309 -4.36733e-05 -5.17968e-07 0.145233 0.00233304 -0.00261375 0.00506632 -0.000105106 -2.68751e-05 0.146866
50.344 0.465154 0.0670791 0.0737705 0.464378 -7.37354e-05 0.000397721 -0.577184 -0.816614 0.0022301 -0.000648243 0.00916745 0.000523951 0.000472526 0.089794 0.000139876 -0.00232169 0.00916656 0.000523951 0.000472526 0.089794
50.792 0.468622 0.0653786 0.0748905 0.468762 -0.000129601 0.000401085 -0.591449 -0.806342 0.00212578 -0.000195137 0.00844445 -0.000919591 -0.000663289 0.0754595 0.000459167 -0.00208847 0.00844353 -0.000919591 -0.000663289 0.0754595
51.346 0.459429 0.0641358 0.0741818 0.457823 -7.76109e-05 0.000488111 -0.609074 -0.793113 0.00189014 -0.000441459 0.0108625 0.000252284 -0.000184541 0.079963 7.06948e-05 -0.00194516 0.0108616 0.000252284 -0.000184541 0.079963
51.806 0.462594 0.0612702 0.0719635 0.463138 -0.000113192 0.000423683 -0.622858 -0.782335 0.00122826 -0.00126471 0.0102156 3.29011e-05 0.00073837 0.0738211 -0.000949088 -0.00148402 0.0102158 3.29011e-05 0.00073837 0.0738211
52.378 0.46565 0.0582599 0.0691198 0.465337 3.22485e-05 0.000444277 -0.64007 -0.768316 0.000701122 -0.00139437 0.0096015 0.000316521 0.000450041 0.0961004 -0.00123864 -0.000947379 0.00960171 0.000316521 0.000450041 0.0961004
52.862 0.46865 0.0555965 0.0669468 0.471403 -6.24496e-05 0.00031092 -0.659064 -0.752087 0.000615532 -0.00138728 0.010052 0.000780057 0.000554578 0.0969051 -0.00137525 -0.000790331 0.0105401 0.000904059 0.000514849 0.097678
53.338 0.490756 0.0530741 0.0678261 0.492043 -0.000153595 0.00032416 -0.674436 -0.738333 0.00132408 -0.000238327 0.00268822 1.12702e-06 -0.000648679 0.0851115 -0.000202458 -0.00129127 0.00323097 -6.02248e-05 -0.000531438 0.0859719
54.442 0.505159 0.0471843 0.0660857 0.505443 0.00134468 -0.00108649 -0.701932 -0.712242 0.00090227 0.00726593 -0.00350912 0.00095785 -0.0037089 0.0551815 0.00729033 -0.000794879 -0.00348441 0.00095785 -0.0037089 0.0551815
54.918 0.504394 0.0444909 0.0684424 0.5041 0.00115656 -0.00101362 -0.710628 -0.703566 0.000508109 0.0141453 -0.00392801 -0.000570035 -0.000592693 0.0419493 0.0138212 -0.000565758 -0.00401363 -0.000376663 -0.000450233 0.0428199
55.492 0.511479 0.0420606 0.0722803 0.511878 0.00115768 -0.000965422 -0.717909 -0.696136 -2.05274e-05 0.0159554 -0.00392161 -6.83994e-05 0.000931639 0.0326295 0.0160259 -0.00053054 -0.00376971 -0.000102059 0.000765807 0.0332722
56.61 0.511214 0.0370774 0.0866465 0.50938 -0.000106041 0.000809649 -0.73247 -0.680798 -0.00178655 0.00927032 0.00164196 0.000281033 0.00454178 0.0994905 0.00937809 0.0011031 0.00163132 0.000281033 0.00454178 0.0994905
57.102 0.512298 0.0310705 0.0917847 0.511904 -0.000104457 5.57409e-05 -0.755452 -0.655204 -0.00418762 0.00276655 0.00187108 0.00251948 0.00071484 0.155985 0.00333138 0.0037544 0.00187011 0.00251948 0.00071484 0.155985
58.092 0.510993 0.0233611 0.0951387 0.507673 -0.000400878 -0.000332292 -0.797649 -0.603122 -0.00129131 -0.00203189 0.00181412 0.000270035 0.00112498 0.113396 -0.00133323 0.00185872 0.00183925 0.000284142 0.00107303 0.115719
59.132 0.506906 0.0233728 0.0968862 0.506354 -0.000426326 -0.000314411 -0.824091 -0.566457 0.000331648 -0.00137672 0.00437772 -0.0002704 -0.0012745 0.0709995 -0.00140264 0.000187962 0.00437802 -0.0002704 -0.0012745 0.0709995
60.192 0.526004 0.0277678 0.107851 0.525088 -0.000553231 0.000262292 -0.840866 -0.541243 -0.00283003 0.00829802 -0.000593317 -0.00183384 -0.00362442 0.0641462 0.0087243 -0.000860425 -0.000603775 -0.00183384 -0.00362442 0.0641462
60.696 0.526841 0.027552 0.110448 0.52439 -1.84368e-05 -9.45883e-05 -0.850832 -0.525438 -0.0016414 0.00156646 -0.00168171 0.000734457 7.81151e-05 0.0800942 0.00213578 0.000765801 -0.0016817 0.000734457 7.81151e-05 0.0800942
61.174 0.52413 0.0240872 0.10943 0.521816 -8.27299e-05 -0.000409661 -0.860513 -0.509428 -0.00194309 -0.00126954 -0.00070521 0.000762047 0.000322055 0.0715775 -0.000178299 0.00231363 -0.000707085 0.000762047 0.000322055 0.0715775
61.66 0.522179 0.0235254 0.1106 0.516315 0.00249214 -0.00153974 -0.868133 -0.496322 -0.00607093 0.00574378 -0.00415213 0.00119649 -0.00708663 0.0582794 0.00805384 0.00231687 -0.0041055 0.00119649 -0.00708663 0.0582794
62.114 0.511578 0.021799 0.11432 0.510025 -0.000380977 -0.000197978 -0.874786 -0.48451 -0.00334688 0.00236208 0.00259769 -0.000524353 0.00578702 0.0661441 0.00377905 0.00158587 0.00259476 -0.000524353 0.00578702 0.0661441
62.586 0.515878 0.0211785 0.119486 0.515363 -3.08099e-05 -0.000325819 -0.882516 -0.470283 -0.00160849 0.000479544 0.00141089 0.000127135 -0.000669174 0.0683132 0.00137366 0.00100785 0.00152403 2.5025e-05 -0.000691574 0.0687856
63.19 0.518422 0.01807 0.125457 0.517384 0.00230299 -0.00137821 -0.890755 -0.454476 -0.00832249 0.00731001 -0.00412372 0.000729242 -0.00492879 0.0560266 0.010825 0.00244665 -0.00406669 0.000729242 -0.00492879 0.0560266
63.686 0.516908 0.0144002 0.133506 0.514645 0.00176081 -0.00112719 -0.896268 -0.443507 -0.0122859 0.0128911 -0.00387456 -0.000445434 -0.000165839 0.043913 0.0177171 0.00194586 -0.00380185 -0.000445434 -0.000165839 0.043913
64.162 0.493914 0.0100498 0.142152 0.487481 0.00173996 -0.00110471 -0.900376 -0.435108 -0.013725 0.0144337 -0.00463504 0.000268592 0.000698132 0.0357427 0.0198561 0.0017832 -0.00455463 0.000268592 0.000698132 0.0357427
64.618 0.479225 0.00434637 0.150785 0.477003 0.00128133 -0.00129662 -0.90266 -0.43035 -0.0130851 0.0153064 -0.000887116 -0.00067507 0.000273744 0.00940937 0.0201332 0.000528139 -0.000818735 -0.00067507 0.000273744 0.00940937
65.136 0.471255 -0.00266261 0.163674 0.464764 0.00111525 -0.00102084 -0.902537 -0.430609 -0.0122042 0.0155175 -0.00180083 -0.00076622 0.000610616 -0.00838683 0.0197449 -0.000278351 -0.00174348 -0.00076622 0.000610616 -0.00838683
65.602 0.454201 -0.0102251 0.17572 0.451568 0.00104552 -0.000815693 -0.901616 -0.432535 -0.0126041 0.0147582 -0.000714002 -0.00109256 0.000400699 -0.00550564 0.0195024 0.000509249 -0.000610262 -0.00143166 0.000116083 -0.00709928
66.694 0.471175 -0.022741 0.192023 0.470771 0.000920695 -0.000969074 -0.903246 -0.429121 -0.0113476 0.0101047 -0.000492737 9.63003e-05 0.000636353 0.011042 0.0150785 0.00240991 -0.000417557 8.42401e-05 0.000640065 0.0110355
67.184 0.479055 -0.0254556 0.201461 0.474651 0.00133179 -0.00108063 -0.904355 -0.426778 -0.0113195 0.0122286 -0.0010705 -0.000716815 -0.000946114 0.010085 0.016639 0.000962971 -0.00101586 -0.000716815 -0.000946114 0.010085
67.708 0.475495 -0.0277648 0.214014 0.47376 0.00145901 -0.00101031 -0.905333 -0.424699 -0.0115926 0.0145997 -0.00120452 -0.000776657 -0.000457648 0.00824369 0.0186418 -0.000419119 -0.00113904 -0.000776657 -0.000457648 0.00824369
68.836 0.473833 -0.0396466 0.237148 0.472772 -0.000574901 -0.00106293 -0.905257 -0.424863 -0.00885687 0.0121047 0.00808557 0.00667627 -0.00418874 -0.0759386 0.0149717 -0.000902272 0.00808571 0.00667627 -0.00418874 -0.0759386
69.904 0.49571 -0.0425204 0.255434 0.49649 0.000145149 -0.000152222 -0.853661 -0.52083 0.000956955 0.00648338 0.000593721 -0.00257676 -0.000945006 -0.23649 0.00538342 -0.00384911 0.000788776 -0.00242406 -0.00073336 -0.238263
70.392 0.500316 -0.0406511 0.261871 0.50049 0.000192674 0.000191421 -0.825795 -0.563971 0.000855004 0.00315239 -0.000113091 -0.000200544 0.000173592 -0.190909 0.0027908 -0.00214827 0.000303475 -0.000296145 0.000192434 -0.194848
70.952 0.498752 -0.0433043 0.265519 0.497683 0.000143673 0.000264211 -0.800371 -0.599505 -0.00139493 0.000213732 -0.000793031 0.000543858 -0.00036998 -0.124553 0.000709598 0.0011614 -0.000712215 0.000492921 -0.000408537 -0.12972
71.476 0.50262 -0.0486757 0.269471 0.50436 -0.000185462 0.000181241 -0.783835 -0.620969 -0.00229254 -0.000187781 -0.000498123 0.000145836 -0.000449719 -0.0844267 0.000341466 0.00227472 -0.000498177 0.000145836 -0.000449719 -0.0844267
71.95 0.508269 -0.0508051 0.271256 0.508363 -0.000254354 0.00022832 -0.773004 -0.634402 -0.00130042 -0.000662978 -0.00213172 0.000223411 -0.000499386 -0.0679009 -0.000398027 0.00140482 -0.0021314 0.000223411 -0.000499386 -0.0679009
72.928 0.513765 -0.0549393 0.280261 0.513776 0.00141025 -0.00118561 -0.755861 -0.65473 -0.0029228 0.0182409 0.000774196 -8.0959e-06 0.000235786 -0.0458905 0.0184683 0.000290721 0.000842262 -8.0959e-06 0.000235786 -0.0458905
73.394 0.51326 -0.0564805 0.288111 0.511555 0.00157168 -0.00125287 -0.749209 -0.662331 -0.00286842 0.0214376 0.0004775 -0.000141823 -0.000678204 -0.034036 0.0216255 0.000217697 0.000564368 -0.000141823 -0.000678204 -0.034036
73.87 0.515642 -0.0569246 0.297133 0.514368 0.00160689 -0.00120857 -0.744323 -0.667817 -0.00218342 0.0226105 0.000715521 0.000161652 0.000488835 -0.0242615 0.0226756 -0.000334348 0.00086715 1.40773e-06 0.00049031 -0.0245872
74.39 0.518515 -0.0613621 0.310136 0.517647 0.0016402 -0.00130159 -0.740351 -0.672217 -0.00284214 0.024652 0.000402766 -0.00111215 0.000448449 -0.0176108 0.0248092 0.00045623 0.000506563 -0.00111215 0.000448449 -0.0176108
74.958 0.522716 -0.0658214 0.32589 0.521429 0.00172547 -0.00136556 -0.73784 -0.674973 -0.00343791 0.0265474 0.000307981 0.000356346 -0.000188305 -0.00594733 0.0267462 0.00106629 0.000425728 0.000356346 -0.000188305 -0.00594733
75.464 0.520822 -0.0687401 0.340209 0.520012 0.00179952 -0.00147012 -0.736824 -0.67608 -0.0032311 0.0280403 0.000697296 0.000194715 -0.000293943 -0.00270335 0.0282106 0.000812378 0.00082841 0.000194715 -0.000293943 -0.00270335
75.91 0.516161 -0.0712817 0.356394 0.515897 0.0016104 -0.00143397 -0.735824 -0.677169 -0.00241661 0.0297225 0.000780088 -0.000305807 -0.000325011 -0.00673366 0.0298169 -5.51318e-05 0.000908663 -0.000305807 -0.000325011 -0.00673366
76.408 0.513592 -0.0749427 0.3734 0.51046 0.0015923 -0.00136463 -0.733869 -0.679288 -0.00224169 0.029623 0.000442218 0.000246519 0.000817626 -0.012211 0.0297601 -7.91416e-05 0.000486783 0.000184807 0.000666291 -0.012016
76.918 0.515414 -0.076627 0.388929 0.515073 0.00166626 -0.00137516 -0.731427 -0.681916 -0.00140123 0.0290285 0.00101905 0.000114744 0.000619662 -0.0115891 0.0291317 -0.000615928 0.00112979 0.000148213 0.00049566 -0.0116281
77.372 0.529189 -0.0784774 0.403314 0.528674 0.00175019 -0.00145092 -0.729516 -0.68396 -0.00134218 0.0299666 0.00114455 0.00018723 -0.000478781 -0.0117424 0.0299854 -0.000590545 0.00128048 0.00018723 -0.000478781 -0.0117424
77.902 0.534618 -0.0834031 0.423288 0.53344 0.00182954 -0.00162793 -0.727199 -0.686423 -0.00250877 0.0334811 0.000906693 0.000380907 -0.00107619 -0.00935459 0.0335652 0.00057453 0.00107112 0.000380907 -0.00107619 -0.00935459
78.366 0.53607 -0.0862915 0.437058 0.535531 0.00216551 -0.00151145 -0.726134 -0.687548 -0.00320701 0.032829 0.000983745 -5.39777e-05 0.000560439 0.00588645 0.0329495 0.00141061 0.00115697 -5.39777e-05 0.000560439 0.00588645
79.334 0.528584 -0.0913713 0.468752 0.527053 0.00197989 -0.00177867 -0.730666 -0.68273 -0.00319809 0.0345927 0.00160366 0.00513155 -0.000315652 0.0184933 0.0347209 0.000846819 0.00178856 0.00513155 -0.000315652 0.0184933
80.34 0.505687 -0.0976999 0.508376 0.502217 0.00187049 -0.00174049 -0.726412 -0.687255 -0.000837528 0.035183 0.00154458 0.000109495 -0.000303481 -0.023868 0.035167 -0.00111141 0.00172425 0.000109495 -0.000303481 -0.023868
80.848 0.508977 -0.0992952 0.525859 0.507526 0.00155324 -0.00136443 -0.722607 -0.691256 -0.000654716 0.0329984 0.00155339 -2.77972e-05 0.00219726 -0.0218781 0.0329883 -0.00080887 0.00168954 -2.77972e-05 0.00219726 -0.0218781
81.308 0.508581 -0.102932 0.541014 0.504428 0.0018759 -0.00143682 -0.719143 -0.694858 -0.00203637 0.0317999 0.00067286 -0.00273145 0.000264049 -0.0122599 0.0319251 0.00074945 0.000801412 -0.00300489 0.000242122 -0.0133424
81.9 0.507339 -0.107528 0.561425 0.506255 0.0018229 -0.00147531 -0.719943 -0.69403 -0.00392199 0.032174 0.00117901 0.000493636 0.000126773 0.0194802 0.0323424 0.00269507 0.00130012 0.000539199 9.15649e-05 0.0183423
82.378 0.51137 -0.110693 0.573832 0.511081 0.00182328 -0.00163959 -0.723187 -0.690648 -0.00375528 0.0302331 0.00117282 -2.93632e-05 0.00127355 0.0221891 0.0305233 0.00242948 0.00128518 4.49099e-05 0.00117383 0.0224062
82.846 0.522192 -0.113675 0.583624 0.521546 0.00199262 -0.0019376 -0.725833 -0.687866 -0.00352014 0.0292012 0.00105876 -6.70141e-05 0.000567877 0.0147781 0.0293417 0.0019478 0.00122173 -6.70141e-05 0.000567877 0.0147781
83.316 0.528239 -0.115747 0.59719 0.525993 0.00222358 -0.00208987 -0.727229 -0.686388 -0.00313518 0.0309182 0.000880876 -0.000416445 -0.000927061 0.00862443 0.0308113 0.00138666 0.00106446 -0.000388193 -0.000457702 0.00889656
83.828 0.529043 -0.118347 0.618325 0.527511 0.00223558 -0.00206219 -0.728148 -0.685413 -0.00349184 0.0339326 0.00129584 -0.000639357 -0.00113624 0.00794568 0.0338097 0.00144272 0.00151872 -0.000454173 -0.000742346 0.00781208
84.31 0.527386 -0.121974 0.641504 0.527145 0.00212449 -0.00196841 -0.729375 -0.684108 -0.00428412 0.0359759 0.000552918 0.000208839 -0.000264514 0.0108434 0.0360892 0.0019762 0.000625494 0.0002307 -0.000281618 0.0106758
85.236 0.535911 -0.126202 0.683599 0.534715 0.00210989 -0.00193494 -0.732172 -0.681114 -0.00377671 0.0373149 0.000773609 -0.000227452 -0.000514097 0.00974258 0.0373713 0.00111014 0.000758903 -0.000315601 -0.000583073 0.00980209
86.176 0.538254 -0.130862 0.7237 0.537144 0.00226708 -0.00206968 -0.734726 -0.678357 -0.00396539 0.0386627 0.00101346 -5.54955e-05 3.97251e-05 0.00900584 0.0387505 0.000819321 0.00122234 -6.49895e-05 6.04626e-06 0.0090696
86.672 0.540883 -0.134117 0.745007 0.542054 0.00229653 -0.00213501 -0.735849 -0.677139 -0.0043732 0.0392726 0.00131199 0.000106782 0.000150466 0.00832398 0.039491 0.0011002 0.00155964 0.000106782 0.000150466 0.00832398
87.188 0.543244 -0.137241 0.764958 0.542487 0.00232758 -0.00233304 -0.736845 -0.676053 -0.00435091 0.0396695 0.00111669 -0.000111823 -0.000164378 0.00431336 0.0398884 0.000927831 0.0013791 -0.000111823 -0.000164378 0.00431336
88.07 0.507794 -0.139749 0.809806 0.504494 0.00234755 -0.00216032 -0.736622 -0.676297 -0.00345894 0.0423962 0.00225666 0.000346381 0.000291716 -8.74593e-05 0.0425215 -0.000167291 0.00252802 0.000346381 0.000291716 -8.74593e-05
88.584 0.506869 -0.142408 0.832814 0.507333 0.00157363 -0.00170992 -0.735738 -0.677262 -0.00260861 0.039605 0.00378705 -0.000478924 0.00157167 -0.011047 0.0399478 -0.000692676 0.00396563 -0.000458682 0.000938992 -0.0100318
89.498 0.524814 -0.147778 0.873891 0.526357 0.00171019 -0.00176965 -0.731073 -0.682295 -0.00267021 0.0381792 0.00323456 -7.4041e-05 5.09316e-06 -0.0155592 0.0382911 4.23561e-05 0.00342529 -4.32013e-05 -1.66824e-05 -0.0155896
89.988 0.535746 -0.149878 0.892551 0.535366 0.002036 -0.00209636 -0.728663 -0.684867 -0.0026097 0.0390756 0.000680077 -0.00017346 -0.000762996 -0.0137631 0.0391576 0.000185839 0.000908667 -0.00017346 -0.000762996 -0.0137631
90.974 0.549139 -0.153943 0.932072 0.551451 0.00203944 -0.00210949 -0.724699 -0.689059 -0.00272625 0.0426541 0.00058996 -0.000103839 -0.000195747 -0.00960568 0.0427331 0.00057377 0.000840381 -0.000103839 -0.000195747 -0.00960568
91.55 0.557681 -0.155674 0.956555 0.558522 0.00236889 -0.00207927 -0.723505 -0.690312 -0.00347151 0.0444653 0.000848007 0.000164473 -0.000514698 0.002984 0.044573 0.00138074 0.00112913 0.000164473 -0.000514698 0.002984
92.412 0.542107 -0.158663 0.991586 0.539728 0.00157197 -0.00165034 -0.726189 -0.687492 -0.00381517 0.0450354 0.00133152 0.00765851 -0.0384278 0.00491463 0.0456179 0.00138432 0.00150016 0.00240625 -0.0280718 0.0103881
92.906 0.541465 -0.160115 1.00994 0.542773 -4.67138e-05 -0.000674829 -0.716193 -0.697902 0.00109191 0.0273369 -0.000437601 -0.00311428 0.00534353 -0.121559 0.0272999 -0.00179908 -0.000411857 -0.00311428 0.00534353 -0.121559
93.428 0.535332 -0.160413 1.02156 0.547632 0.000592676 -0.000603791 -0.691314 -0.722555 0.00100343 0.0200802 -0.00506671 -0.000927463 0.000585606 -0.152032 0.0201135 -0.000115381 -0.00503269 -0.000927463 0.000585606 -0.152032
93.878 0.529791 -0.160591 1.03113 0.548671 0.000702206 -0.000533052 -0.667752 -0.744383 0.000112817 0.0179933 -0.00805527 -0.000441451 -0.000605989 -0.132083 0.0179138 0.00183765 -0.00802365 -0.000441451 -0.000605989 -0.132083
94.34 0.520804 -0.161011 1.04035 0.546758 0.000499726 -0.000489704 -0.647028 -0.762466 -0.000107725 0.0163226 0.00145497 0.00081994 -0.000879334 -0.120168 0.0160855 0.00276193 0.00147774 0.00081994 -0.000879334 -0.120168
94.826 0.518815 -0.161072 1.04903 0.553074 0.000388496 -0.000289693 -0.625544 -0.780189 0.000549304 0.0143684 -0.000485945 -9.69451e-05 -0.00116053 -0.119133 0.0141447 0.0025875 -0.000472046 -9.69451e-05 -0.00116053 -0.119133
95.834 0.519136 -0.162449 1.05968 0.563502 0.000266427 -6.53254e-05 -0.586625 -0.809859 0.000545425 0.00981246 -0.00446378 9.24743e-05 -0.000555555 -0.0841589 0.00949537 0.00254229 -0.0044589 9.24743e-05 -0.000555555 -0.0841589
96.354 0.512935 -0.163376 1.06317 0.556194 0.000215645 1.00503e-05 -0.570685 -0.821169 0.00074333 0.00758057 -0.00291124 -8.40946e-05 -0.0001272 -0.0664493 0.00748205 0.00199093 -0.00324728 -1.48271e-05 -0.000168742 -0.0678689
96.864 0.501972 -0.165486 1.06624 0.538382 0.00125035 0.000731206 -0.575751 -0.817624 -0.00379679 0.0083397 0.000850633 0.00168364 -0.000570352 0.151018 0.00657201 0.00638282 0.000870665 0.00168364 -0.000570352 0.151018
97.926 0.47426 -0.176471 1.07587 0.512465 -0.00140786 -0.000834817 -0.666141 -0.745824 0.0012891 0.00412486 0.0113739 0.00491638 -0.000235323 0.076494 0.00442606 0.000111785 0.011055 0.00779822 -0.000300461 0.103687
98.49 0.473766 -0.174942 1.07652 0.51899 -0.000770982 -0.000285065 -0.653507 -0.75692 0.00902309 0.00106889 0.0104617 -0.00436048 -0.000299166 -0.150449 0.00237957 -0.00875457 0.0104739 -0.00436048 -0.000299166 -0.150449
99.022 0.481356 -0.172212 1.07675 0.52874 -0.000439184 0.000134762 -0.6232 -0.782063 0.00772328 0.000261115 0.0062251 -0.00140371 -0.000665981 -0.172731 0.00198342 -0.00746684 0.00622747 -0.00140371 -0.000665981 -0.172731
99.656 0.490624 -0.172184 1.07659 0.540956 -0.000444395 0.000271167 -0.588054 -0.808822 0.00418117 -0.000444859 0.00237683 0.000442615 -3.13265e-05 -0.136864 0.000868518 -0.00411363 0.00237764 0.000442615 -3.13265e-05 -0.136864
100.192 0.495853 -0.174324 1.07639 0.548243 -0.000573734 0.000198693 -0.563181 -0.826333 0.00255368 -0.000701306 0.000947202 0.000243954 -3.43769e-05 -0.104196 0.000281947 -0.00263259 0.000948835 0.000243954 -3.43769e-05 -0.104196
100.74 0.495097 -0.175556 1.07491 0.544622 0.00026538 -0.000815473 -0.543354 -0.839503 0.00264932 -3.34191e-05 0.00842246 -0.0043056 0.0293933 -0.0791227 0.00104053 -0.00242694 0.00842527 -0.0043056 0.0293933 -0.0791227
101.282 0.486989 -0.175132 1.07701 0.535289 0.000816813 -0.00125879 -0.528181 -0.84913 0.00588229 0.0128648 0.00828466 0.000484585 -0.00142513 -0.0487531 0.014115 0.000410015 0.00832708 0.000484585 -0.00142513 -0.0487531
101.768 0.48711 -0.172452 1.08049 0.539053 0.000664114 -0.00106132 -0.519615 -0.8544 0.006785 0.0148592 0.00377495 0.000681549 0.000481058 -0.0354699 0.0163054 0.000810611 0.00381581 0.000681549 0.000481058 -0.0354699
102.238 0.48589 -0.168882 1.08447 0.542151 0.000666549 -0.00118473 -0.512267 -0.858825 0.00792058 0.0146593 8.18197e-05 -0.000548387 0.000641732 -0.0337276 0.016662 -3.74225e-06 0.000127105 -0.000548387 0.000641732 -0.0337276
102.75 0.484299 -0.166554 1.08892 0.542965 0.000743733 -0.00125529 -0.504892 -0.863181 0.00803819 0.0143809 1.24649e-05 -0.000176886 0.000699376 -0.0306379 0.0165327 9.04265e-05 -1.80391e-05 3.6614e-05 0.000591957 -0.0310389
103.828 0.496505 -0.161327 1.10094 0.569277 0.000785204 -0.00145649 -0.488514 -0.872554 0.00844703 0.0130466 0.00156559 -0.000286972 0.000620602 -0.0363964 0.015523 -0.000359951 0.00172205 -0.000199164 0.000683202 -0.0366549
104.458 0.490019 -0.155091 1.10925 0.569008 0.00127591 -0.00166366 -0.480907 -0.876769 0.00949805 0.0146343 0.00787111 7.12511e-05 -0.00040837 -0.0139136 0.017413 -0.000149417 0.00794325 7.12511e-05 -0.00040837 -0.0139136
104.99 0.493976 -0.146958 1.12043 0.585224 0.00112722 -0.00153178 -0.479585 -0.877493 0.0105064 0.015576 0.00762889 0.000126838 5.86791e-05 0.00335215 0.0187581 -0.000441475 0.00777067 9.22089e-05 -7.77329e-05 0.00289199
105.606 0.499126 -0.139897 1.13511 0.597864 0.000873154 -0.00172531 -0.478029 -0.878342 0.0119162 0.0157409 0.00540449 -0.000386509 -0.000149441 -0.0173392 0.0195756 -0.00142475 0.00567231 -0.000464738 -2.4128e-05 -0.0158081
106.084 0.495781 -0.134397 1.14643 0.602786 0.00104766 -0.00180617 -0.472708 -0.881217 0.0125353 0.0159705 0.00585881 -0.000258309 0.000449927 -0.0265722 0.0202 -0.00165188 0.00608336 -0.000339811 0.000457798 -0.0264833
107.198 0.473042 -0.121727 1.17418 0.590729 0.00103639 -0.00183719 -0.4606 -0.887605 0.0129185 0.0175781 0.0067316 -6.10028e-05 -0.0003205 -0.0196443 0.0216741 -0.000480167 0.00669261 -8.41142e-05 -0.000370914 -0.0199229
107.656 0.46649 -0.115889 1.18689 0.592484 0.000819158 -0.00143636 -0.456702 -0.889618 0.011901 0.0172265 0.000492031 0.000195471 0.000533463 -0.0152815 0.021117 0.000344518 0.000632826 0.00027365 0.000261575 -0.0154634
108.216 0.459313 -0.109485 1.20101 0.593207 0.000782006 -0.00144164 -0.4532 -0.891408 0.0109766 0.0169938 0.00101182 0.000599959 4.01259e-05 -0.0118734 0.0201947 0.00114418 0.00107814 0.000599959 4.01259e-05 -0.0118734
108.742 0.457001 -0.102166 1.21825 0.598401 0.000619743 -0.00128153 -0.450461 -0.892795 0.0107371 0.0179541 0.00228105 0.000285547 -0.000331259 -0.00871509 0.0208143 0.00203156 0.00234021 0.000285547 -0.000331259 -0.00871509
109.26 0.449302 -0.0944668 1.2298 0.594581 0.000508414 -0.00127535 -0.447712 -0.894177 0.0110055 0.0165007 0.000183634 -0.000459582 0.000561661 -0.0140339 0.0198045 0.00107399 0.000237571 -0.000459582 0.000561661 -0.0140339
109.804 0.446422 -0.0867713 1.23922 0.598011 0.000530807 -0.00111691 -0.443475 -0.896286 0.0111733 0.0154806 0.000268913 -0.00042236 8.26496e-05 -0.0197153 0.0190842 0.000509126 0.000316088 -0.00042236 8.26496e-05 -0.0197153
110.32 0.447853 -0.0823301 1.24863 0.605608 0.00078728 0.000330874 -0.446728 -0.894669 0.00593971 0.01428 -0.000178583 -0.000296074 0.000353392 0.0970288 0.0149837 0.00383279 -0.000170382 -0.000296074 0.000353392 0.0970288
111.462 0.452205 -0.0802069 1.26786 0.617105 -0.000389759 2.24399e-05 -0.536343 -0.844 0.00216341 0.00981025 -0.0059546 0.000560714 -0.000781067 0.192932 0.00979771 0.00220372 -0.00596046 0.000560714 -0.000781067 0.192932
