41.764 0.655314 -0.000341487 0.0162605 0.549894 -0.000220771 2.38786e-06 -0.442143 -0.896944 -4.56655e-05 -0.00213132 -0.0641773 0.000359342 -0.00136555 0.239811 -0.00173109 -0.00128708 -0.0641764 0.000359342 -0.00136555 0.239811
41.976 0.648328 -0.00101111 0.0164635 0.545498 -0.000313294 1.99982e-05 -0.462726 -0.886502 -0.000403224 -0.00160888 -0.0578295 0.000802985 0.000151217 0.214652 -0.00156932 -0.00062015 -0.0578286 0.000802985 0.000151217 0.214652
42.352 0.639472 -0.00186485 0.0161103 0.534368 -0.000291892 4.62365e-05 -0.495836 -0.868416 -0.000600054 -0.00100788 -0.0509378 8.90941e-07 -6.86504e-05 0.187524 -0.00119181 -1.90283e-05 -0.0509374 8.90941e-07 -6.86504e-05 0.187524
42.672 0.628441 -0.00285165 0.0156627 0.517299 -0.000373795 -3.33081e-05 -0.520739 -0.853716 -0.000920568 -0.000683403 -0.0444479 0.000690527 0.000198125 0.173545 -0.00108967 0.00050094 -0.0449125 0.000767234 0.000286438 0.174734
43.108 0.591079 -0.0025727 0.0148362 0.486322 -0.000439466 -4.55412e-05 -0.552443 -0.833551 0.000144161 -0.000467033 -0.0254994 0.000163196 -0.00012046 0.144772 -0.000425789 -0.000268879 -0.0263569 0.000198822 -0.000142319 0.147504
43.36 0.582527 -0.00217793 0.0133214 0.47786 -0.000392034 -6.02104e-05 -0.566491 -0.824068 0.000648647 -0.00118365 -0.0193125 -0.000698782 0.000854465 0.124003 -0.000879447 -0.00104336 -0.0193115 -0.000698782 0.000854465 0.124003
43.684 0.578852 -0.00240066 0.0115735 0.476512 -0.000395589 -0.000120828 -0.580599 -0.81419 0.000447611 -0.00152623 -0.0132735 0.000400994 0.00103585 0.0999543 -0.00120221 -0.000976666 -0.0139512 0.000515542 0.000694673 0.102891
43.948 0.567391 -0.00165339 0.0103245 0.461464 -0.000292538 -0.000151197 -0.590859 -0.806775 0.00140069 -0.0012957 -0.00901527 -0.00125984 -0.000188685 0.0867456 -0.000901203 -0.00168566 -0.00983406 -0.00128249 1.97389e-05 0.0882789
44.264 0.563239 0.00119345 0.00893288 0.460586 -0.000143893 1.03714e-05 -0.601728 -0.798701 0.00366091 -0.000544308 -0.00460357 -0.00466475 -0.000897415 0.0817331 0.000284223 -0.00331556 -0.00423705 -0.00363434 -0.00055844 0.0802026
44.526 0.564849 0.0047587 0.00797191 0.460865 0.000134461 0.000340864 -0.610858 -0.79174 0.00500085 8.50087e-05 -0.00398522 -0.00255707 -0.000792616 0.0938723 0.00134395 -0.00483288 -0.00433447 -0.00301131 -0.000901231 0.0916316
45.386 0.594295 0.00788266 0.00188742 0.495554 4.24118e-05 -0.000256808 -0.63034 -0.77632 0.00518515 -0.0015193 0.0265079 -0.00226105 -0.000403904 -0.00645199 -0.000559531 -0.00543304 0.0259749 -0.00265381 -0.000152894 -0.00390485
45.724 0.611671 0.00822383 0.000116692 0.508629 0.000225445 -0.000148903 -0.629703 -0.776836 0.00436898 -0.0019454 0.0366864 -0.00134337 0.00118063 -0.0137916 -0.000974009 -0.00474711 0.0367017 -0.000720112 0.0014229 -0.0135803
46.12 0.622185 0.0080377 -0.00080524 0.519506 0.00042487 0.000342838 -0.630785 -0.775958 0.0018985 -0.001573 -0.0224557 -0.00355176 -0.00193124 0.0397127 -0.00115205 -0.00215521 -0.022458 -0.00355176 -0.00193124 0.0397127
46.564 0.61654 0.00639809 0.00113308 0.50917 0.000468366 0.000491164 -0.650225 -0.759742 -0.00248389 0.000163823 -0.0193822 0.00232288 -0.000469416 0.16999 -0.000390206 0.00203308 -0.0198135 0.00153799 -0.000677644 0.161317
46.902 0.606417 0.00304395 0.00364887 0.501416 -9.75973e-05 0.000143972 -0.672012 -0.740541 -0.00444443 0.00172448 -0.0162886 0.00479755 -0.00190923 0.195656 0.00128055 0.00459129 -0.0162888 0.00479755 -0.00190923 0.195656
47.192 0.599658 -0.000377719 0.00453853 0.494115 -0.000469744 -3.8322e-05 -0.690593 -0.723244 -0.00495271 0.000968656 -0.0129987 0.00367289 0.000212316 0.183316 0.000731273 0.00498263 -0.0130028 0.00367289 0.000212316 0.183316
48.086 0.594065 -0.000594763 0.00278263 0.49597 0.000466606 -0.000745118 -0.734847 -0.678232 0.000726009 0.00029645 0.041202 -0.00522827 0.0253916 0.0986273 0.000167518 -0.000728356 0.0412027 -0.00522827 0.0253916 0.0986273
48.398 0.614587 2.74092e-06 0.00458474 0.515388 0.00133594 -0.00131747 -0.743571 -0.668654 -0.000840485 0.0102694 0.0366553 -0.000249972 -0.0058833 0.0602354 0.0101632 -0.000244415 0.0366937 -0.000249972 -0.0058833 0.0602354
48.744 0.626859 0.0020045 0.00807558 0.521127 -0.000483411 -0.000170699 -0.748835 -0.662756 0.00133581 0.0114296 -0.012925 -0.00655926 -0.0135031 0.0287111 0.0118233 -0.00241637 -0.00838461 -0.00323172 -0.0165269 0.0282349
49.104 0.623902 0.00358184 0.00722374 0.526315 0.000494763 -0.000890345 -0.75307 -0.657939 0.00165718 0.005551 0.0558447 0.00386883 0.00819219 0.019824 0.00503668 -0.00233111 0.0565338 0.00418974 0.0119044 0.0255597
49.366 0.640981 0.00390491 0.00747673 0.54115 0.000752767 -0.00145901 -0.753335 -0.657634 0.00186141 0.00726398 0.0502501 0.00126934 0.00836117 -0.0123282 0.00640648 -0.00266809 0.0506897 0.00175252 0.00849352 -0.00976732
49.702 0.655355 0.00442142 0.00905567 0.552205 0.000683349 -0.00113761 -0.750383 -0.661002 0.00164024 0.0109338 -0.00617208 -0.00393674 -0.0242591 -0.042996 0.0106551 -0.00301139 -0.00614273 -0.00393674 -0.0242591 -0.042996
50.068 0.652128 0.00482878 0.0107559 0.548443 -0.00044168 7.65851e-05 -0.744355 -0.667784 0.00111412 0.00409683 -0.00897346 -5.29889e-05 0.00378035 -0.0611662 0.00394552 -0.00155484 -0.00897572 -5.29889e-05 0.00378035 -0.0611662
50.486 0.651125 0.00675316 0.0131681 0.552798 0.00144072 -0.00210434 -0.735144 -0.677906 0.0017999 0.00438026 0.0561443 0.00183424 0.0223362 -0.065952 0.00289875 -0.00191884 0.0583895 0.00302748 0.0261669 -0.0660593
50.828 0.560917 0.00766617 0.017144 0.562477 0.00192977 -0.0019939 -0.72786 -0.68572 0.0013006 0.0147585 0.0598743 -0.00199849 -0.00362054 -0.0527353 0.0135411 -0.00222077 0.0596089 -0.00302768 -0.00429842 -0.0562035
51.132 0.569629 0.00899168 0.0219681 0.570103 0.00123993 -0.00116445 -0.723899 -0.689904 0.00066502 0.0172128 0.0352556 0.000128885 -0.0091564 -0.0334531 0.0170409 -0.00149243 0.0353137 0.000128885 -0.0091564 -0.0334531
51.476 0.578718 0.010362 0.0275136 0.579944 0.000766093 -0.000880241 -0.720635 -0.693314 0.000552 0.0150083 0.0460803 -0.000197172 -0.0127629 -0.0227706 0.0148686 -0.00112186 0.0461153 -0.000197172 -0.0127629 -0.0227706
51.84 0.595423 0.0124315 0.0341019 0.596368 0.000378111 -0.000438571 -0.717472 -0.696587 0.00132947 0.0098494 0.0485463 -0.000137688 0.00285364 -0.0244377 0.010149 -0.00166169 0.0485384 -0.000278188 0.00276097 -0.0241508
52.226 0.612128 0.0137459 0.0405395 0.616061 0.000787444 -0.000847839 -0.713899 -0.700247 0.0019392 0.00956404 0.0553276 -0.00063246 -0.000521316 -0.0272502 0.0093969 -0.00211752 0.0553497 -0.00063246 -0.000521316 -0.0272502
52.546 0.7355 0.0135717 0.0469937 0.64071 0.000831465 -0.000873117 -0.710999 -0.703191 0.00116093 0.0109984 0.0597318 0.000863758 -1.87512e-05 -0.0282472 0.010841 -0.00127799 0.0597582 0.000863758 -1.87512e-05 -0.0282472
52.854 0.764429 0.0144326 0.0555007 0.677168 0.00187382 -0.00123094 -0.707714 -0.706496 0.000916375 0.0154242 0.091476 -0.00481207 0.00538519 -0.0132432 0.0150207 -0.00102579 0.0915419 -0.00481207 0.00538519 -0.0132432
53.678 0.838757 0.011038 0.0750031 0.744932 0.00386424 -0.00404334 -0.711207 -0.702961 -0.00131644 0.0395421 0.0705211 -0.000630965 -0.000573424 0.010631 0.0375651 0.00107031 0.0708923 -0.000360258 4.48477e-05 0.0115896
54.114 0.866501 0.0106807 0.0959674 0.77268 0.00467492 -0.00467226 -0.711619 -0.702534 -0.000287003 0.0534315 0.0868897 -0.000540373 -0.00265887 0.00290147 0.0522776 -0.000392395 0.0875884 -0.000540373 -0.00265887 0.00290147
55.02 0.931743 0.00677087 0.160752 0.830699 0.00529042 -0.00405181 -0.713656 -0.700465 -0.0063453 0.0713799 0.075916 0.000740795 -0.00135895 0.0261494 0.0704753 0.00488822 0.076863 0.000740795 -0.00135895 0.0261494
55.362 0.947086 0.00475492 0.194134 0.856694 0.00610138 -0.00490922 -0.717147 -0.696878 -0.00809184 0.0788072 0.0881991 0.000463462 0.00249654 0.0349875 0.0767499 0.00564615 0.0894245 0.000159802 0.00545083 0.034593
55.724 0.989061 0.00151156 0.227213 0.897714 0.00616836 -0.00513252 -0.720797 -0.6931 -0.00917372 0.0858004 0.0894757 -0.000302545 0.000159619 0.0345611 0.0846506 0.00570269 0.0908489 -0.000302545 0.000159619 0.0345611
56.04 1.03153 -0.00140341 0.260103 0.939487 0.00662606 -0.0056214 -0.72434 -0.689388 -0.00987154 0.0927983 0.0941875 0.0145912 0.00110681 0.030792 0.0915245 0.0051795 0.0957951 0.0145912 0.00110681 0.030792
56.392 1.07639 -0.00391988 0.302759 0.987624 0.00514243 -0.00735385 -0.725776 -0.687873 -0.000702254 0.101615 0.097033 -0.00353025 0.000149798 -0.00808478 0.0991779 -0.00335667 0.0987181 -0.0025766 0.000576629 -0.00578018
56.858 1.13354 -0.00482888 0.355685 1.04087 0.00639225 -0.00736622 -0.721025 -0.69284 0.00406231 0.112533 0.106108 -0.00294429 0.00110636 -0.0374909 0.110199 -0.00835471 0.108284 -0.00294429 0.00110636 -0.0374909
57.76 1.26308 -0.00707497 0.482663 1.16114 0.00684153 -0.00779109 -0.709411 -0.704719 0.00317409 0.137736 0.117775 0.000317125 -0.000915908 -0.0232141 0.134658 -0.00404606 0.120393 0.000231739 -0.0015489 -0.0238667
58.64 1.45211 -0.00426924 0.631003 1.32914 0.0112844 -0.0127329 -0.702456 -0.711524 0.00723528 0.201491 0.134811 -0.00402176 -0.0536123 -0.0167472 0.193831 -0.00443726 0.199105 -1.55173e-05 -0.00210708 -0.0168254
59.162 1.4719 -0.00379905 0.709811 1.37098 0.00637746 -0.0107209 -0.696239 -0.717702 0.00421947 0.114648 0.183896 0.0287518 0.2578 -0.0432069 0.110654 0.00115031 0.189979 0.0381073 0.288367 -0.0412761
59.718 1.56992 0.00600634 0.794507 1.47292 0.0126549 -0.0146284 -0.686679 -0.726704 0.0221966 0.192446 0.167877 -0.0218416 0.0144262 -0.0484375 0.183321 -0.0111542 0.175219 -0.0253853 0.0127318 -0.0496443
60.114 1.62842 0.0185904 0.879868 1.54783 0.0134332 -0.0141694 -0.681237 -0.731802 0.019028 0.224288 0.166411 0.00222022 -0.00435166 -0.0171156 0.216469 -0.00337656 0.174958 0.00204959 -0.00455258 -0.018194
60.638 1.71983 0.0319695 0.996436 1.63708 0.013043 -0.0115379 -0.679688 -0.733295 0.0170911 0.242889 0.178881 -0.0285248 -0.0287265 0.00310756 0.237141 0.000730935 0.187214 -0.0285248 -0.0287265 0.00310756
61.198 1.82072 0.032126 1.13926 1.74455 0.0128557 -0.0115081 -0.683658 -0.729599 -0.00199128 0.24245 0.182578 0.00326504 0.00311165 0.0370273 0.2352 0.016884 0.190695 0.00360283 0.00326827 0.0364233
62.154 2.00918 0.0365975 1.37112 1.91382 0.0133879 -0.013946 -0.692826 -0.720846 0.00665539 0.261674 0.183049 -0.00287185 0.000130942 0.0101759 0.254038 0.00398044 0.192991 -0.00395957 -0.000936895 0.0113326
62.714 2.12665 0.0419899 1.51251 2.02191 0.0137489 -0.0141196 -0.694019 -0.719687 0.00710981 0.269269 0.182564 -0.000376364 0.00152853 0.00566182 0.261461 0.00267474 0.193136 -0.000375838 0.00131025 0.00566281
63.186 2.20244 0.0448307 1.63177 2.10659 0.0136194 -0.0147782 -0.694497 -0.719214 0.00899637 0.276173 0.177473 -0.0004675 -0.000154154 0.00146699 0.268965 0.000834661 0.18843 -0.0004675 -0.000154154 0.00146699
64.11 2.34588 0.0534118 1.88463 2.27164 0.0129003 -0.0152597 -0.692722 -0.720928 0.017167 0.280588 0.173896 -0.00157664 0.00355831 -0.0134059 0.273892 -0.00550466 0.184979 -0.00157664 0.00355831 -0.0134059
64.576 2.4279 0.0599156 2.00347 2.35301 0.0135133 -0.0154323 -0.690158 -0.723368 0.0193101 0.282266 0.174376 0.000308558 0.00197441 -0.0165361 0.275478 -0.00571732 0.185832 0.000308558 0.00197441 -0.0165361
65.052 2.30498 0.0690303 2.13773 2.43263 0.0150562 -0.0163093 -0.687528 -0.725819 0.0202732 0.286975 0.1239 -0.00892058 0.0309222 -0.0152355 0.28187 -0.00463072 0.136546 -0.00892058 0.0309222 -0.0152355
65.548 2.16622 0.0753195 2.27832 2.50456 0.015654 -0.0165621 -0.685675 -0.727551 0.0164748 0.303725 0.125058 0.00152746 -0.00167877 -0.00261759 0.298153 0.00152931 0.138788 0.00152746 -0.00167877 -0.00261759
66.032 2.01616 0.0823408 2.42519 2.56705 0.0113737 -0.0161796 -0.685081 -0.728199 0.0225484 0.302386 0.153172 0.00139686 0.00227689 -0.0113627 0.296969 -0.00318077 0.164945 0.00139686 0.00227689 -0.0113627
66.478 1.88822 0.0949111 2.56004 2.60012 0.0133128 -0.0174953 -0.681318 -0.731658 0.0323982 0.297804 0.115624 -0.00184043 0.00939575 -0.0314273 0.294009 -0.0105907 0.128655 -0.00184043 0.00939575 -0.0314273
66.88 1.76463 0.110874 2.68692 2.627 0.0145549 -0.0173106 -0.676034 -0.736524 0.0365995 0.304191 0.116663 -0.0101366 0.0141121 -0.0325811 0.300622 -0.0102177 0.130398 -0.0101366 0.0141121 -0.0325811
67.308 1.67096 0.12614 2.81404 2.68977 0.0167969 -0.0129745 -0.67281 -0.739511 0.0245533 0.310063 0.124065 -0.00296004 -0.00478878 -0.000532074 0.305927 0.00177306 0.137697 -0.0106951 -0.0103579 -0.0060826
67.802 1.53125 0.138709 2.96053 2.76636 0.015432 -0.0179543 -0.676073 -0.736454 0.0152396 0.311726 0.129217 0.0115575 0.0127879 0.0294451 0.305427 0.0116296 0.143811 0.0115575 0.0127879 0.0294451
68.272 1.40544 0.150707 3.10878 2.84753 0.0152191 -0.0173564 -0.678811 -0.73395 0.0255941 0.319426 0.132397 -0.00191673 -0.00094286 0.00580462 0.313525 -5.7819e-05 0.153408 -0.00232835 -0.000975681 0.00747572
68.98 1.258 0.169632 3.30552 2.92274 0.0136285 -0.0200191 -0.678691 -0.734024 0.0410057 0.284475 0.109555 -0.00487393 -0.0266644 -0.0287354 0.281232 -0.0177949 0.123295 -0.00487393 -0.0266644 -0.0287354
70.186 1.04216 0.207527 3.57165 2.96729 0.00339645 -0.00366802 -0.685091 -0.728441 0.0154664 0.143588 -0.0272692 0.000548315 0.0034345 0.0731628 0.146762 -0.00631375 -0.0259184 0.000763252 0.0033545 0.0726635
70.778 0.976818 0.216627 3.64471 2.96915 0.0130929 -0.0135436 -0.698821 -0.715049 0.0114416 0.148629 0.0664351 0.0168246 0.0541726 0.0576753 0.146245 -0.00801292 0.0719966 0.0168246 0.0541726 0.0576753
71.226 0.940755 0.22088 3.7153 2.97959 0.00931423 -0.0107588 -0.703788 -0.710267 0.0153534 0.19079 0.0579823 -0.00225232 -0.010689 0.00734645 0.188522 -0.0133269 0.0635526 -0.00257229 -0.0156454 0.01042
71.82 0.873775 0.22613 3.81912 3.01182 0.00613928 -0.00895702 -0.70181 -0.712281 0.0178849 0.190634 0.0795488 0.00267128 -0.00354975 -0.025565 0.190157 -0.0143753 0.08391 0.00421364 -0.00664378 -0.0237446
72.468 0.843464 0.236238 3.93065 3.07405 0.00656904 -0.00813765 -0.691676 -0.722133 0.0221072 0.17532 0.0706135 -0.00102296 0.00237509 -0.0501191 0.1746 -0.0144082 0.074294 -0.00102296 0.00237509 -0.0501191
73.002 0.833401 0.245004 4.01102 3.11882 0.00719187 -0.00622229 -0.683747 -0.729657 0.0177851 0.166122 0.0853646 -0.00254706 0.000740359 -0.0233989 0.165281 -0.00713964 0.0884927 -0.00254706 0.000740359 -0.0233989
73.668 0.842986 0.251629 4.10787 3.18049 0.00680153 -0.00683058 -0.685155 -0.728334 0.0114421 0.156886 0.0849825 0.000710872 0.000313618 0.0231436 0.15601 -0.00179586 0.0879658 0.000772798 0.000433986 0.0228168
75.03 0.860639 0.262984 4.28013 3.2401 0.00264949 -0.00246665 -0.691175 -0.722678 0.00969076 0.101394 -0.00222561 0.00190867 0.00420656 0.0726123 0.103181 -0.00504477 -0.00202493 0.00212819 0.00620168 0.0684716
75.518 0.853861 0.265514 4.32317 3.24593 0.00251893 -0.00286648 -0.704805 -0.709391 0.00840694 0.0880415 -0.00451082 0.000432956 0.000325412 0.0879156 0.088126 -0.00783773 -0.00383596 0.000432956 0.000325412 0.0879156
76.012 0.856167 0.267438 4.36098 3.25067 0.00237489 -0.00285987 -0.717952 -0.696083 0.00791631 0.0807434 -0.00496042 6.5644e-05 -0.000487079 0.0767035 0.0804944 -0.0104131 -0.00435723 6.5644e-05 -0.000487079 0.0767035
76.806 0.898573 0.272038 4.43508 3.31434 0.00733945 -0.00736761 -0.727584 -0.68594 0.00582587 0.128202 0.0658164 -0.00375209 -0.00263711 0.00349868 0.125501 -0.0135217 0.0685532 -0.00427562 -0.0033246 0.00419022
77.362 0.963472 0.272263 4.50256 3.37899 0.0077386 -0.00761306 -0.72763 -0.685884 0.00114989 0.138135 0.0702255 0.000482165 -0.00265149 0.00216837 0.135769 -0.00943392 0.0733977 0.000551176 -0.00257377 0.00198502
77.898 1.02046 0.270398 4.58028 3.42568 0.00910379 -0.00834715 -0.728782 -0.684634 -0.00363592 0.151138 0.0393982 0.000589799 -0.00485898 0.0119121 0.149321 -0.00600959 0.0428399 0.000565443 -0.00478283 0.0115856
78.562 1.0489 0.266839 4.68008 3.44162 0.00985343 -0.00913481 -0.731723 -0.68147 -0.00700098 0.164185 0.000871965 -0.000190201 -0.0030166 0.0156073 0.164185 -0.00467902 0.00528526 -0.000190201 -0.0030166 0.0156073
80.036 1.01909 0.247773 4.95873 3.41291 0.0098608 -0.00998392 -0.736577 -0.676208 -0.008203 0.177207 -0.0434469 -0.000550852 0.000626751 -0.00327232 0.178393 -0.00697531 -0.0384204 -0.000690753 0.000925678 -0.00262919
80.546 0.997725 0.241566 5.06127 3.39254 0.00953956 -0.00957756 -0.735655 -0.677222 -0.00828448 0.176543 -0.0407111 -0.000375946 0.00228755 -0.00688831 0.177752 -0.00638614 -0.0360297 -0.000340103 0.00197417 -0.0069844
81.252 0.971199 0.236934 5.20515 3.36602 0.00935169 -0.00956941 -0.733545 -0.67951 -0.00505913 0.173167 -0.0394044 -0.00889778 0.00384571 -0.012971 0.173952 -0.0082675 -0.0339504 -0.0052907 0.00251705 -0.0128763
81.982 0.960117 0.230548 5.34984 3.34298 0.00967382 -0.00853514 -0.73237 -0.680785 -0.00989842 0.171725 -0.0144165 -0.00397732 -0.000507629 0.00319153 0.172417 -0.0029638 -0.00943366 -0.0057692 -0.00229173 0.00171312
82.702 0.982206 0.223558 5.48296 3.32787 0.00957536 -0.00824031 -0.735199 -0.677734 -0.0135633 0.169119 -0.0702664 -0.00562641 -0.0124222 0.0205716 0.171382 -0.000156457 -0.0659603 -0.00562641 -0.0124222 0.0205716
84.082 1.00294 0.199213 5.74172 3.22209 0.0093194 -0.00881152 -0.745594 -0.666277 -0.0168762 0.169799 -0.0743376 -0.00040301 -0.000193299 0.0111866 0.172451 -0.00219981 -0.0704249 -0.000392965 -0.00031914 0.0119375
84.828 1.03952 0.186185 5.88749 3.17383 0.00920434 -0.00995704 -0.747124 -0.664547 -0.0158205 0.176259 -0.0138015 0.00248379 0.00572766 -0.000795175 0.176769 -0.00436397 -0.00716433 0.00528388 0.00644377 0.00102102
85.444 1.11364 0.180303 6.00559 3.16246 0.0100098 -0.0100078 -0.744945 -0.666976 -0.0117584 0.185544 -0.0773567 -0.0100717 -0.00442218 -0.0178312 0.187823 -0.00885937 -0.0720633 -0.0100717 -0.00442218 -0.0178312
86.206 1.18123 0.17091 6.16672 3.0896 0.00188752 -0.00217117 -0.742969 -0.669319 -0.0158777 0.179564 0.0174097 0.00567779 -0.131802 -0.00723992 0.185574 -0.00284436 0.0199564 0.0045116 -0.163582 -0.00369746
86.796 1.26799 0.165366 6.25486 3.09543 0.00235673 -0.00263149 -0.735983 -0.676991 -0.0063349 0.104515 0.0045644 -0.00160759 0.00457785 -0.0601839 0.104644 -0.0023955 0.00530202 -0.00160759 0.00457785 -0.0601839
87.418 1.28806 0.16127 6.34651 2.94752 0.0141548 -0.0122596 -0.726639 -0.686765 -0.0136495 0.176374 -0.30401 0.000994502 -0.0370735 -0.0132934 0.185299 0.00379225 -0.297156 0.000487373 -0.0453822 -0.0177881
88.134 1.32212 0.1517 6.48288 2.72553 0.0122465 -0.0109098 -0.728054 -0.685323 -0.0169207 0.203828 -0.298284 3.98358e-05 -0.0016633 0.0144052 0.213483 0.00497589 -0.29117 0.000128388 -0.0016403 0.0143255
88.864 1.41873 0.135116 6.64167 2.53383 0.0154753 -0.0105726 -0.732027 -0.681018 -0.0273949 0.217914 -0.217104 0.000490237 0.00446004 0.0296759 0.227215 0.012804 -0.208759 0.000490237 0.00446004 0.0296759
89.64 1.59916 0.109651 6.83276 2.33892 0.0112854 -0.0115533 -0.742733 -0.669393 -0.0307453 0.229034 -0.288082 -0.00159625 -0.0115847 0.0288231 0.240916 0.00760619 -0.282667 0.00169211 -0.0150409 0.0321518
90.336 1.77294 0.095245 6.99684 2.14858 0.0105514 -0.00984859 -0.744812 -0.667118 -0.0197803 0.214508 -0.246025 -0.00165402 -0.00379054 -0.00377355 0.222394 -0.00401937 -0.239705 -0.00165402 -0.00379054 -0.00377355
91.178 1.97847 0.0787032 7.18642 1.97519 0.00970319 -0.00879309 -0.743115 -0.669035 -0.0174271 0.198631 -0.209789 2.11931e-05 -0.00402055 -0.00466452 0.20541 -0.00356919 -0.205699 -6.057e-06 -0.00401884 -0.0049203
91.978 2.18071 0.061165 7.34935 1.82974 0.00865631 -0.0078553 -0.742224 -0.67005 -0.0165296 0.182099 -0.180239 -0.000374014 -0.00364146 -0.00256878 0.186999 -0.00213121 -0.175915 -0.000374014 -0.00364146 -0.00256878
92.76 2.20869 0.0482156 7.49792 1.69707 0.00752644 -0.00675277 -0.741577 -0.670792 -0.0143087 0.165681 -0.153509 -0.000194846 -0.00274728 -0.00214203 0.170114 -0.00236029 -0.151168 -0.000357397 -0.00254781 -0.00215929
93.65 2.2151 0.0359601 7.63708 1.5446 0.00654439 -0.00572753 -0.741053 -0.67139 -0.0114982 0.143635 -0.118794 -0.000152967 -0.0031328 -0.00099353 0.146114 -0.00265638 -0.116272 -0.000152967 -0.0031328 -0.00099353
94.44 2.20849 0.0262334 7.74741 1.45069 0.00583553 -0.00495636 -0.740871 -0.671603 -0.00928288 0.127687 -0.10029 -0.000183305 -0.00291827 0.000362462 0.129503 -0.00320617 -0.0983213 -0.000183305 -0.00291827 0.000362462
96.128 2.22871 0.00393698 7.93483 1.28692 0.00438035 -0.00372166 -0.74131 -0.671138 -0.00839309 0.0980937 -0.0759052 0.000494993 -0.000204031 0.00154576 0.0997132 -0.00138509 -0.0670534 0.000339452 -0.00111208 0.00159027
97.052 2.34449 -0.00460486 8.01549 1.0958 0.00205796 -0.00179212 -0.741462 -0.670989 -0.00508304 0.0818897 -0.105504 -3.84489e-05 -0.0100962 0.000196578 0.0841517 -0.00316514 -0.111066 -0.000160679 -0.0097516 0.000228732
98.012 2.40725 -0.0124524 8.07144 1.01077 -0.000583262 0.000255128 -0.741483 -0.670972 -0.00118215 0.0389769 -0.00874559 -0.000356502 -0.00346359 -0.000572319 0.0402095 -0.00265031 -0.010172 -0.000307222 -0.00337395 -0.000523992
98.926 2.42292 -0.00989317 8.0798 0.995188 -0.00079089 0.00066867 -0.741353 -0.671114 0.00239041 0.0116642 0.00991779 -0.00203578 -0.00133423 -0.000271997 0.01139 -0.00353513 0.00989448 -0.00203578 -0.00133423 -0.000271997
99.914 2.42153 -0.00745456 8.08249 0.991014 -0.00138861 0.00144023 -0.741104 -0.671387 0.00118109 -3.13054e-05 0.0110868 -0.000200998 -0.00146641 0.00110788 -0.0001032 -0.00117526 0.011087 -0.000200998 -0.00146641 0.00110788
100.698 1.09348 -0.00414312 8.07322 0.995505 -0.00125545 0.00149068 -0.741342 -0.671125 0.000548407 -0.00563835 0.00872659 -0.000151013 -0.000247787 0.000823327 -0.00563569 -5.94347e-05 0.00939183 -0.000179939 -7.66345e-05 0.000868369
101.656 1.10762 -0.000487325 8.05479 1.01026 -0.000936942 0.0013757 -0.741448 -0.671008 -0.000266004 -0.0068749 -0.00649676 -6.64944e-05 0.000974453 -0.0015096 -0.00674138 0.000913981 -0.00574776 -0.000209286 0.0011248 -0.00158214
102.594 1.11434 0.0021673 8.0299 1.00869 -4.32742e-05 0.000632499 -0.741192 -0.671293 -0.00206663 -0.00678775 -0.00981069 0.000931267 0.00264524 0.00122499 -0.00670287 0.00256809 -0.0107963 0.000595358 0.00234071 0.00122508
