29.968 0.623142 -0.00142175 0.00148325 0.340801 -8.90778e-05 -0.000113417 0.0109484 -0.99994 0.0011811 -0.000398206 0.264442 -0.000575544 -0.00250537 0.0136857 0.00112511 -0.000277891 0.268276 -0.000658414 -0.00348567 0.0136204
30.316 0.720879 -0.00233065 0.000198132 0.466464 -6.04496e-05 -0.000251128 0.00864364 -0.999963 -0.000783046 -0.00120525 0.184649 -0.000767427 0.00140549 0.0118523 -0.000855025 -0.00119708 0.184649 -0.000767427 0.00140549 0.0118523
31.18 0.851699 -8.24356e-05 -0.0039854 0.61705 -7.48024e-05 -0.00537376 0.00562462 -0.99997 0.00773969 -0.00260707 -0.0156773 0.00153946 0.0464337 0.00036879 0.00515162 -0.00239524 -0.0156232 0.00224197 0.0596959 0.00111554
31.564 0.849865 0.00931421 -0.00365281 0.620036 -0.000405593 -0.00819798 0.00601811 -0.999948 0.0396043 -0.00283578 -0.0271266 0.00730673 0.00651399 -0.00913564 0.0400751 -0.00237798 -0.0264712 0.00730673 0.00651399 -0.00913564
32.052 0.832336 0.0348041 -0.00226989 0.612156 0.000294343 -0.0067122 0.0100205 -0.999927 0.0644293 -0.00381556 0.00908371 -0.016016 -0.0133323 -0.0170002 0.0643651 -0.00253048 0.0099464 -0.016016 -0.0133323 -0.0170002
32.462 0.81869 0.0639902 0.000167804 0.611943 0.000789081 -0.00559887 0.0100559 -0.999933 0.0675045 0.00411104 0.0137372 0.00290517 0.0018588 0.0184885 0.0670538 0.00507987 0.0142016 0.00314296 0.00168752 0.0158241
32.93 0.809949 0.0978104 0.00259855 0.615276 0.000416866 -0.00565874 0.00334018 -0.999978 0.0674522 0.00607223 0.0155548 -0.00210131 0.00204438 0.0353324 0.06713 0.00656529 0.016269 -0.00217996 0.00247024 0.03471
33.334 0.793834 0.127205 0.00355114 0.612901 0.000432244 -0.00570092 -0.00341672 -0.999978 0.0698421 0.0068615 0.0179734 0.000168959 -0.000225875 0.0375674 0.0696778 0.00636891 0.0187746 0.000168959 -0.000225875 0.0375674
33.846 0.780803 0.170952 0.00463063 0.61335 0.000250359 -0.00516794 -0.0118629 -0.999916 0.0736653 0.00558368 0.0293864 -0.00270299 -0.00126862 0.0303201 0.0734692 0.00382319 0.0301492 -0.00270299 -0.00126862 0.0303201
34.34 0.773116 0.208824 0.0052331 0.622941 0.000302657 -0.00485235 -0.0187108 -0.999813 0.07212 0.0054226 0.00617413 0.00300902 -0.0327515 0.0240113 0.0722089 0.00271764 0.00687705 0.00300902 -0.0327515 0.0240113
34.782 0.769131 0.23935 0.00657177 0.625574 -0.000483314 0.00120845 -0.0177257 -0.999842 0.0444737 0.00139112 -0.0327234 -0.00200086 0.0134009 -0.037452 0.0465003 2.32899e-05 -0.0330242 -0.00183855 0.0127616 -0.0346259
35.234 0.775007 0.254531 0.00614779 0.636841 -4.41107e-05 -0.000402956 -0.00501986 -0.999987 0.0257608 -0.00133145 -0.0335336 -0.000763441 0.0076814 -0.0678191 0.0269155 -0.00112366 -0.0393696 -0.00103919 0.00508012 -0.0671205
36.242 0.821552 0.29652 0.00653697 0.695067 0.00113044 -0.00565205 0.00910031 -0.999942 0.0608608 0.00424934 0.040532 0.00359072 -3.19061e-05 0.0241476 0.0600232 0.00467413 0.040564 0.00331771 -0.000380435 0.0222516
37.238 0.87512 0.361734 0.0153278 0.756668 -0.00132562 -0.00823056 -0.00796715 -0.999934 0.0733178 0.00137316 0.00878706 -0.000589902 0.00047978 0.008237 0.0723584 0.00121977 0.00972284 0.00214012 0.00312486 0.0134289
37.752 0.876985 0.410533 0.0140828 0.766471 -0.000651577 -0.00885103 -0.00358687 -0.999954 0.0889212 -0.00604041 0.017643 -0.00329071 -0.00483131 -0.0328403 0.087643 -0.00665386 0.0146706 -0.00193417 -0.00396574 -0.0317636
38.74 0.863544 0.504143 0.0176244 0.762348 -5.9591e-05 -0.000499068 0.0193576 -0.999813 0.0453516 8.86377e-05 -0.00569964 -0.000494266 0.00528059 -0.0791681 0.0453199 0.00184348 -0.00565449 -0.000494266 0.00528059 -0.0791681
39.29 0.866106 0.532151 0.0200264 0.766635 -8.14287e-05 -0.0010601 0.0396821 -0.999212 0.0329198 0.00126369 -0.00794468 -0.00113945 0.00210091 -0.0755746 0.0331105 0.0040628 -0.00749454 -0.000928513 0.00217628 -0.0765416
39.842 0.878772 0.557478 0.0174851 0.780276 0.00109457 -0.0104748 0.0545129 -0.998458 0.0709735 -0.00340989 0.00241365 -0.00224907 -0.017166 -0.0281493 0.0681741 0.00343157 0.00410286 -0.00702027 -0.015965 -0.0353309
40.498 0.893178 0.608023 0.015282 0.787903 -0.00164932 -0.00894953 0.0542258 -0.998487 0.0928014 -0.00726396 0.00136656 -0.00121685 -0.00023212 0.00241362 0.0930025 0.00283395 0.00303925 -0.00121685 -0.00023212 0.00241362
41.484 0.899338 0.715889 0.00296647 0.800225 -0.000344416 -0.00958798 0.0593781 -0.99819 0.112518 -0.0103296 0.00295275 -0.000839397 -0.00101836 0.0037843 0.112232 0.00331989 0.0052092 -0.000702542 -0.0011189 0.00329869
42.414 0.922922 0.836663 -0.00632015 0.822757 -0.000178906 -0.00954157 0.0568632 -0.998336 0.121587 -0.00764103 0.00312282 -0.00721398 -0.00562391 0.00435237 0.121423 0.00545648 0.00534586 -0.00422759 -0.00319448 0.0032552
43.004 0.939566 0.915264 -0.00589565 0.839062 -0.000300568 -0.00995871 0.0535806 -0.998514 0.126504 -0.000710104 0.00387737 0.00188189 -0.00065397 0.0208655 0.125446 0.0126788 0.0063917 0.00210376 -0.000723028 0.0200207
43.95 0.919058 1.05073 -0.0156646 0.817539 -0.000250592 -0.0104235 0.0439786 -0.998978 0.134249 -0.003452 0.00681452 -0.000118864 0.0022322 0.0208833 0.133711 0.00828623 0.00955881 -0.000230208 0.00224708 0.0208127
44.55 0.920567 1.14048 -0.021333 0.817819 -0.00109779 -0.0104028 0.0387266 -0.999195 0.141059 -0.00438525 0.0014576 -0.000475879 -0.00276209 0.00733967 0.140224 0.0068898 0.00421646 0.000449622 -0.0021334 0.00893074
45.164 0.921524 1.23286 -0.0296743 0.822794 -0.000595883 -0.0102478 0.038803 -0.999194 0.14447 -0.00656405 -0.00206432 -0.00665443 -0.00202364 0.000796488 0.144254 0.00465793 0.00109152 -0.00726946 -0.0016348 -0.000147824
45.742 0.928096 1.31893 -0.0374211 0.825876 -0.000479232 -0.0102579 0.0367499 -0.999272 0.145711 -0.00405449 -0.00245322 0.000360247 0.000789017 0.011525 0.145513 0.00681142 0.000425838 0.000521945 0.000989142 0.0112149
46.334 0.937765 1.40365 -0.0441585 0.839243 0.000791522 -0.00957294 0.0316014 -0.999454 0.144237 0.00181003 0.00713858 0.00171528 0.00239198 0.0360018 0.143672 0.0108998 0.00990628 0.00171528 0.00239198 0.0360018
46.922 0.950192 1.48694 -0.0484573 0.851477 -0.000227388 -0.0107627 0.0185732 -0.99977 0.143417 0.00406242 0.00331757 0.00882782 0.00854165 0.0446178 0.142791 0.00987447 0.00670899 0.0104504 0.00909083 0.0463312
47.482 0.960796 1.57085 -0.0541076 0.861555 -0.000378327 -0.0113069 0.0105205 -0.999881 0.152255 -0.00141171 0.00326075 -0.00135362 -0.00227718 0.0180278 0.151526 0.00208046 0.00672658 -0.00145232 -0.00232156 0.0193422
48.086 0.969384 1.65986 -0.0581157 0.871681 -0.000482805 -0.0115015 0.00706579 -0.999909 0.158035 -0.00246521 0.0133559 -3.88916e-05 0.000466765 0.00294371 0.157704 -0.00021941 0.016989 -3.88916e-05 0.000466765 0.00294371
48.794 0.983748 1.777 -0.0590645 0.884988 -0.000551275 -0.0115434 0.00675715 -0.99991 0.165135 -0.00177119 -0.00509546 0.000370236 0.00241596 -0.00271672 0.165217 0.000457731 -0.00128102 0.000370236 0.00241596 -0.00271672
49.666 1.00421 1.91172 -0.0610558 0.9045 -0.000562263 -0.0120595 0.00766483 -0.999898 0.168643 -0.00156521 -0.00709815 0.000556967 -0.000127857 -0.00124889 0.168769 0.00101556 -0.0030284 0.000556967 -0.000127857 -0.00124889
50.266 1.00304 2.00949 -0.0669264 0.901801 -0.000344863 -0.012568 0.00796293 -0.999889 0.171921 -0.00332071 -0.00630894 -0.0059927 -0.00341023 0.000484276 0.172057 -0.000584193 -0.00198399 -0.0059927 -0.00341023 0.000484276
50.892 0.986549 2.11074 -0.0733854 0.878485 0.00030917 -0.0122083 0.00642272 -0.999905 0.172575 -0.00170596 -0.000523624 -0.00196368 -0.00017187 0.0103368 0.172544 0.000509867 0.00368971 -0.00196368 -0.00017187 0.0103368
51.46 0.968403 2.2116 -0.0750704 0.867359 0.000139121 -0.0121418 0.00233928 -0.999924 0.171236 0.000754405 0.000609825 0.000172494 0.00175533 0.0168773 0.171119 0.00155608 0.00467843 0.000241639 0.00199254 0.0168702
52.188 0.97528 2.33271 -0.0756766 0.876154 0.000123813 -0.0120238 -0.00321462 -0.999923 0.170887 0.000732535 0.00968201 -0.000380951 0.00064751 0.0139819 0.170438 -0.000229117 0.013761 -0.000405773 0.00100458 0.0142337
52.846 0.995198 2.44274 -0.0743165 0.897471 0.000195081 -0.0122624 -0.00698681 -0.9999 0.173054 0.00162382 0.00522931 -0.00105951 0.000130963 0.010585 0.17288 -0.000796262 0.00947186 -0.00105951 0.000130963 0.010585
53.47 0.989052 2.5507 -0.0693075 0.887943 0.000254546 -0.0126772 -0.0108753 -0.99986 0.174912 0.00403712 -0.000160309 0.000388979 0.000831594 0.0132001 0.174907 0.000231148 0.0042761 0.000388979 0.000831594 0.0132001
54.026 0.987555 2.64254 -0.0660562 0.887928 0.000256549 -0.012619 -0.0140835 -0.999821 0.176992 0.0041073 -0.000122343 -0.000468502 -0.000115859 0.0119353 0.176985 -0.000879893 0.00434611 -0.000468502 -0.000115859 0.0119353
54.702 0.996673 2.76125 -0.0600341 0.89863 -0.00070368 -0.0124294 -0.0173257 -0.999772 0.177686 0.00214543 0.0203021 -9.11669e-05 0.00138407 -0.000908683 0.177116 -0.00360011 0.0249752 0.00127504 0.00120933 0.0010114
55.302 1.00906 2.86557 -0.0566352 0.912357 -0.000397753 -0.0128242 -0.0151048 -0.999804 0.178778 -0.00064743 0.0203491 -7.23281e-05 -2.82606e-05 -0.0148706 0.178097 -0.00602099 0.0249293 -7.23281e-05 -2.82606e-05 -0.0148706
56.248 0.96024 3.04037 -0.0546371 0.906325 0.000343846 -0.013178 -0.0105666 -0.999857 0.185873 0.00206834 -0.0113497 0.0014583 -0.00103047 0.000983962 0.185856 -0.00204738 -0.00651986 0.00154036 -0.00114709 0.000258697
56.854 0.929004 3.15359 -0.0503737 0.905257 0.000162088 -0.0121633 -0.0119286 -0.999855 0.182399 0.00241038 -0.0101868 0.000528069 0.0036428 0.00530526 0.182599 -0.00194158 -0.00574654 0.000528069 0.0036428 0.00530526
57.422 0.905528 3.24449 -0.0441983 0.895619 5.92914e-05 -0.0118657 -0.013194 -0.999843 0.176742 0.00331011 -0.00989968 0.00048004 0.0023338 0.00168074 0.176953 -0.00135633 -0.00570207 0.00048004 0.0023338 0.00168074
58.254 0.878847 3.38384 -0.0375595 0.874203 -3.5726e-05 -0.0116817 -0.013406 -0.999842 0.171756 0.00287287 0.00667081 0.00070657 0.000564735 0.000258299 0.171562 -0.00176372 0.0107056 0.000703784 0.000788581 0.000316795
58.81 0.882117 3.47497 -0.0337166 0.884305 -2.83023e-05 -0.0111138 -0.0132492 -0.999851 0.16881 0.00236645 0.00524902 -0.000255944 0.00133882 -0.00217729 0.168655 -0.00210496 0.00900009 -0.000255944 0.00133882 -0.00217729
59.45 0.899739 3.58231 -0.027789 0.901941 -3.8893e-05 -0.0112297 -0.0123994 -0.99986 0.167914 0.00311922 0.0147871 4.74294e-05 -0.00073919 -0.00154737 0.167565 -0.0010398 0.0185549 4.74294e-05 -0.00073919 -0.00154737
60.2 0.930095 3.70375 -0.0240494 0.930462 1.96365e-05 -0.0116145 -0.0121786 -0.999858 0.16862 0.00306682 0.0139011 0.000388995 -0.000440138 -0.00165911 0.168277 -0.00103731 0.0178146 0.000388995 -0.000440138 -0.00165911
60.794 0.936716 3.80284 -0.0194947 0.933916 5.95081e-05 -0.0121561 -0.0116935 -0.999858 0.171946 0.00370436 0.00908785 -0.000952234 -0.00165031 -0.000806281 0.171714 -0.000316136 0.0132662 -0.000952234 -0.00165031 -0.000806281
61.336 0.936188 3.8911 -0.0161814 0.936288 4.67731e-05 -0.0122153 -0.0121146 -0.999852 0.173389 0.00434402 0.0115116 5.30664e-05 -0.000683788 0.00100173 0.173111 0.000144428 0.0157451 5.30664e-05 -0.000683788 0.00100173
61.948 0.946778 3.99436 -0.0136826 0.946359 7.38558e-05 -0.01213 -0.012378 -0.99985 0.174635 0.00409504 0.0107915 -0.000213124 -0.00059783 0.00341167 0.17437 -0.000227515 0.0150258 -0.000213124 -0.00059783 0.00341167
62.556 0.880984 4.09747 -0.0132873 0.936233 -0.000660954 -0.0119602 -0.0112687 -0.999865 0.173716 -0.000761812 -0.00600102 -0.00130065 0.000525456 -0.0142277 0.173748 -0.00468298 -0.00184112 -0.00130065 0.000525456 -0.0142277
63.142 0.809393 4.19994 -0.0149461 0.935627 -0.00034178 -0.0107967 -0.00594064 -0.999924 0.16685 -0.00234862 -0.00431745 9.69527e-05 0.00292928 -0.0199055 0.166865 -0.00433297 -0.00071188 9.69527e-05 0.00292928 -0.0199055
63.78 0.747271 4.30679 -0.0142004 0.936446 0.000116302 -0.00958457 -0.00109283 -0.999954 0.157511 -0.00107038 0.0270233 -0.00162558 0.00409615 -0.0153378 0.15729 -0.0016142 0.0305778 -0.001982 0.0043954 -0.0158306
64.318 0.687538 4.39028 -0.0147964 0.948336 5.80036e-05 -0.0083695 0.000597137 -0.999965 0.148739 3.28512e-06 0.0222861 -0.000312567 0.00252659 -0.00165067 0.148345 0.000177961 0.0247726 -0.000312567 0.00252659 -0.00165067
65.446 0.604444 4.53141 -0.0130285 0.956592 0.000283581 -0.00145973 -0.00209584 -0.999997 0.115131 0.000812912 -0.00137396 -0.00221141 -0.0215345 0.0338193 0.11834 0.000319672 -0.000817748 -0.00313521 -0.0365497 0.0272485
66.506 0.564125 4.61096 -0.0124657 0.9518 -0.000189159 -0.00286476 -0.0416536 -0.999128 0.0759114 0.000339672 0.00315996 0.000580905 0.000262871 0.0869247 0.075657 -0.00597793 0.00359562 0.000580905 0.000262871 0.0869247
67.102 0.534428 4.64767 -0.0102998 0.970306 -0.0032443 -0.00292334 -0.0477519 -0.99885 0.0716388 -0.00462504 -0.00422372 0.0274728 -0.000372111 -0.245818 0.0708929 -0.0114649 -0.00375431 0.0274728 -0.000372111 -0.245818
67.728 0.51861 4.68085 -0.0154155 0.972951 -0.000295785 -0.00205574 0.114714 -0.993396 0.067295 -0.01434 -0.0218666 -0.00130083 -0.00428604 -0.673757 0.0688824 0.00137237 -0.0215809 -0.00130083 -0.00428604 -0.673757
68.338 0.50325 4.70722 -0.0248671 0.96307 0.00010224 -0.00142218 0.317476 -0.948265 0.0564361 -0.0114592 -0.0130064 -0.000329613 -0.00147336 -0.704183 0.0519932 0.0248454 -0.0128423 -0.000329613 -0.00147336 -0.704183
68.88 0.497364 4.7217 -0.0303023 0.943493 0.000817142 -0.00121407 0.494888 -0.868956 0.0453869 -0.00985022 0.0125218 -0.0188279 0.000137156 -0.68534 0.0316106 0.0339777 0.0126521 -0.0188279 0.000137156 -0.68534
69.472 0.487714 4.73603 -0.033309 0.960675 0.00417753 -0.00326088 0.550523 -0.834803 0.0565006 0.000272483 -0.00215476 0.0107831 0.00307175 0.168411 0.0219702 0.0513742 0.00021283 0.0099879 0.00328464 0.146203
70.088 0.482214 4.76143 -0.0326678 0.968962 0.00184993 -0.00167324 0.456266 -0.88984 0.0497032 -0.0011884 -0.0152105 0.00310286 -0.00235467 0.446286 0.0299933 0.0397388 -0.0149805 0.00310286 -0.00235467 0.446286
70.722 0.477897 4.78369 -0.0336335 0.961613 0.00158853 -0.00156817 0.345623 -0.938371 0.0358198 -0.00387034 -0.0124704 3.57388e-05 0.000340549 0.361485 0.0297954 0.0203392 -0.0123329 3.57388e-05 0.000340549 0.361485
71.55 0.478388 4.80648 -0.030223 0.965849 0.00131913 -0.00177213 0.239203 -0.970967 0.027309 -0.00376195 -0.0128457 0.00103461 -0.00110397 0.254967 0.0259673 0.00939771 -0.0127408 0.00103461 -0.00110397 0.254967
72.154 0.482547 4.82562 -0.0247632 0.959836 0.00106297 -0.00173252 0.178331 -0.983968 0.0239084 -0.00237451 -0.00758442 0.00130095 -5.995e-05 0.19394 0.0233952 0.00618716 -0.00800254 0.00128492 2.87331e-05 0.195892
72.822 0.486917 4.84551 -0.0196636 0.960787 0.000840968 -0.00164537 0.127903 -0.991785 0.0218193 -0.00147182 -0.00840279 0.000616159 -0.000306306 0.14594 0.0215043 0.00412947 -0.00832866 0.000616159 -0.000306306 0.14594
73.408 0.493187 4.86539 -0.0136594 0.96032 0.000627251 -0.00150823 0.0903923 -0.995905 0.0210867 0.000232607 -0.00583688 0.000978919 -0.000247984 0.113381 0.020717 0.0040342 -0.00577088 0.000978919 -0.000247984 0.113381
74.012 0.498198 4.88433 -0.00825522 0.967184 -7.4996e-05 -0.00340784 0.0648761 -0.997887 0.0281116 -0.000989277 0.002306 -9.93478e-05 -0.0048396 0.0330068 0.0279867 0.00265823 0.00249746 -9.93478e-05 -0.0048396 0.0330068
74.608 0.502979 4.90512 -0.00598881 0.957587 0.000212875 -0.00299231 0.0636099 -0.99797 0.03264 -0.000962487 0.00292968 -0.000314231 -0.000448164 -0.0151276 0.0323423 0.00301892 0.00317135 -0.000542599 -0.00047876 -0.0140487
75.224 0.505094 4.92761 -0.00414826 0.94614 0.000155757 -0.00304899 0.0680103 -0.99768 0.0336746 0.000714884 0.00322011 0.000569878 -6.79279e-05 -0.0169131 0.0332428 0.00518027 0.00338326 0.000579618 -5.11822e-05 -0.0171663
75.802 0.502759 4.95245 -0.00222812 0.937526 0.000554379 -0.00285556 0.0687351 -0.997631 0.0346483 0.00369039 0.00307482 0.00133639 -0.000304269 0.0166982 0.033797 0.00840263 0.00327745 0.00133639 -0.000304269 0.0166982
76.41 0.503472 4.98111 -0.0027622 0.935153 0.000218633 -0.00278194 0.0584489 -0.998286 0.0349238 0.00439796 0.00276505 0.000431692 1.86958e-05 0.0424672 0.0341395 0.00853726 0.00306044 0.000457481 0.000109041 0.0422222
77.042 0.507403 5.00957 -0.00490687 0.94216 0.000142993 -0.00279525 0.0456598 -0.998953 0.0351736 0.00354135 0.0036515 0.000648971 -0.000229272 0.0378742 0.034683 0.00673326 0.00384844 0.000648971 -0.000229272 0.0378742
77.65 0.509045 5.0338 -0.0061669 0.951432 -0.000371261 -0.00293819 0.0407756 -0.999164 0.0345082 0.00113645 0.00299446 -0.00141946 0.000461501 -0.0101126 0.0342826 0.00394609 0.00319486 -0.00141946 0.000461501 -0.0101126
78.234 0.509803 5.06379 -0.0106547 0.94858 -0.00010405 -0.00284123 0.0462319 -0.998927 0.037087 1.41001e-05 0.00288614 0.000133522 -0.00111286 -0.0260142 0.0368635 0.00335773 0.00303137 0.000117518 -0.00126775 -0.026033
78.88 0.51438 5.09452 -0.0146154 0.932146 0.000441165 -0.000280717 0.0495749 -0.99877 0.0299727 0.00233542 0.0130122 0.000948622 0.00198927 0.0237324 0.0306294 0.00517581 0.010372 0.000130296 -0.00156943 0.0163798
79.482 0.518741 5.1162 -0.0178238 0.937015 5.38445e-05 -0.000841722 0.0343448 -0.99941 0.0229914 0.00302649 0.0129518 0.000833774 0.000238779 0.0693895 0.0227077 0.00459554 0.0129907 0.000833774 0.000238779 0.0693895
80.53 0.521266 5.14883 -0.0227543 0.950104 0.000144457 -0.00277155 0.00179815 -0.999995 0.0331808 0.00317083 0.00410245 0.000108807 -0.00339473 0.051058 0.0331459 0.00328888 0.00428721 0.000108807 -0.00339473 0.051058
81.646 0.528702 5.18683 -0.0273256 0.965455 0.000236231 -0.00261371 -0.0207555 -0.999781 0.0362759 0.00341514 0.00391298 -0.00013337 -0.000495183 0.0357679 0.0363654 0.00190521 0.00410414 -0.00013337 -0.000495183 0.0357679
82.226 0.534202 5.20904 -0.0314355 0.96941 0.000284583 -0.00276152 -0.0306038 -0.999528 0.0372655 0.00264777 0.00431396 -0.000532272 -0.000102769 0.0309783 0.0373066 0.000388073 0.00452633 -0.000568555 -0.000126514 0.0314635
83.248 0.541619 5.24213 -0.0400674 0.973515 0.000149527 -0.000774755 -0.0224391 -0.999748 0.0200152 -0.00312514 -0.00182565 -0.00132699 0.000196606 -0.0788611 0.0198577 -0.00401953 -0.00179581 -0.00132699 0.000196606 -0.0788611
83.842 0.546804 5.25675 -0.0417931 0.977801 0.000777788 -0.000709942 -0.00139207 -0.999999 0.0159406 -0.0011405 -0.000652493 -0.00442456 -0.00124516 -0.0365273 0.0159383 -0.00118388 -0.000631668 -0.00442456 -0.00124516 -0.0365273
84.456 0.553674 5.27186 -0.04313 0.977726 0.000533482 -0.000314795 -0.0124514 -0.999922 0.013962 0.000756004 -0.00213877 0.000783426 -0.00155943 0.0854991 0.0139778 0.000410363 -0.00212935 0.000783426 -0.00155943 0.0854991
85.044 0.559291 5.2831 -0.0439084 0.976577 7.58617e-05 -0.00406698 -0.0369989 -0.999307 0.0202316 -0.000636808 0.0222086 0.00271983 0.00434609 0.0608361 0.0184358 -0.00183779 0.0224569 0.00372181 0.0121436 0.0676006
86.01 0.573539 5.31123 -0.0448698 0.975246 0.000153142 -7.15339e-05 -0.0392598 -0.999229 0.0295256 -0.00233109 0.00247326 0.0023988 -0.0174335 -0.0390384 0.030486 -0.0046689 0.00199397 0.00213499 -0.0245535 -0.0336626
86.632 0.581676 5.32571 -0.0472136 0.972051 0.000402527 -0.00059368 -0.0184769 -0.999829 0.0149868 -0.00420152 0.0012771 -0.00120929 0.00115185 -0.0947312 0.0152887 -0.00482767 0.00350768 -0.00119311 0.00151169 -0.0935199
87.212 0.587751 5.33832 -0.0467845 0.978972 0.000562522 -0.000551148 0.00793861 -0.999968 0.010636 -0.00218625 -0.000162635 0.000913856 -0.00114153 -0.0861809 0.0106696 -0.00201693 -0.000153256 0.000913856 -0.00114153 -0.0861809
87.764 0.596381 5.34907 -0.045264 0.973801 0.000914386 -0.00517451 0.0243388 -0.99969 0.0213281 -0.00099721 0.000491511 -0.0024257 -0.000847256 -0.038024 0.0213452 4.06291e-05 0.000711518 -0.0024257 -0.000847256 -0.038024
88.816 0.628628 5.39945 -0.0424254 0.966295 0.000613173 0.000723877 0.0180521 -0.999837 0.0291096 -0.000185537 0.00242122 -0.000387494 0.00144327 0.044617 0.0311721 0.000982208 0.00182079 -0.000403867 -0.00509746 0.041783
89.418 0.645664 5.41936 -0.0405968 0.967774 0.00107741 -0.00397303 0.00160297 -0.99999 0.0192286 0.000441736 0.00351925 -0.00569262 0.0429563 0.0630511 0.0191985 0.000495585 0.00367293 -0.00569262 0.0429563 0.0630511
90.028 0.662221 5.44338 -0.0386269 0.972727 0.00103261 -0.00467735 -0.0150797 -0.999875 0.0428093 0.00339771 0.00469671 -3.98741e-06 -0.00223655 0.0526674 0.0428464 0.00209576 0.00510307 -3.98741e-06 -0.00223655 0.0526674
90.726 0.690444 5.48283 -0.0354263 0.983524 0.00056948 -0.00487285 -0.026207 -0.999645 0.0546253 0.00191705 0.0219218 -0.000922285 -0.00129886 0.0148267 0.0544338 -0.000967361 0.022454 -0.000922285 -0.00129886 0.0148267
91.412 0.723168 5.52897 -0.0314061 0.999859 0.000686666 -0.00534901 -0.0287224 -0.999573 0.0625404 0.00291161 0.0241278 5.55321e-05 -0.000425873 0.002396 0.0623419 -0.000710445 0.0247976 5.55321e-05 -0.000425873 0.002396
92.106 0.761241 5.57713 -0.0273714 1.02119 -0.000284432 -0.00509793 -0.0269912 -0.999623 0.0659659 -0.000817012 0.0392164 -0.00168749 0.00171804 -0.0277017 0.0654231 -0.00434219 0.0398879 -0.00168749 0.00171804 -0.0277017
92.75 0.791324 5.62633 -0.0258143 1.04597 2.58696e-05 -0.00601484 -0.0152116 -0.999866 0.0717709 -0.00264592 0.0458985 -0.000704534 -0.00187414 -0.042813 0.0710999 -0.00482191 0.0467578 -0.000704534 -0.00187414 -0.042813
93.726 0.838023 5.71318 -0.0236132 1.09204 2.34109e-05 -0.00655737 0.0007951 -0.999978 0.0815512 -0.00250612 0.0521612 0.000231174 -2.8487e-05 -0.0289732 0.080864 -0.00237944 0.0532261 0.000231174 -2.8487e-05 -0.0289732
94.708 0.90328 5.80882 -0.0244333 1.13295 -0.000161874 -0.00738604 0.011999 -0.999901 0.0918091 -0.00470867 0.0599525 -0.000433681 0.000760883 -0.0243828 0.0908656 -0.00238509 0.061337 -0.00037033 0.000694116 -0.0243784
95.316 0.938414 5.8699 -0.0265152 1.17482 0.000747 -0.00909305 0.0180367 -0.999796 0.100106 -0.00416305 0.0681978 -0.00314793 -0.00114471 -0.0148942 0.0982833 -0.00110076 0.0701197 -0.00570279 -0.000339827 -0.0171895
95.934 0.98933 5.9434 -0.0263387 1.21967 0.000569085 -0.00953388 0.0181191 -0.99979 0.110689 -0.000821545 0.0624006 -0.00155292 9.07611e-05 0.00890625 0.109438 0.00309557 0.064501 -0.00155292 9.07611e-05 0.00890625
96.566 1.05229 6.02183 -0.0253715 1.25123 0.00094246 -0.010731 0.0132891 -0.999854 0.122177 0.0021143 0.0539369 0.000593908 -0.00130577 0.0235821 0.120893 0.00524081 0.0565526 0.000593908 -0.00130577 0.0235821
97.162 1.12574 6.10973 -0.0226068 1.28739 0.000624315 -0.0121256 0.00644202 -0.999906 0.135448 0.00307604 0.0567683 0.0121909 0.00170989 0.0218839 0.133981 0.00473893 0.0600404 0.0121909 0.00170989 0.0218839
97.764 1.21212 6.20888 -0.0221146 1.33436 -0.000142351 -0.0137177 0.00406262 -0.999898 0.152931 -0.0034137 0.060801 -0.00135008 -0.00313366 -0.00465212 0.150284 -0.00195188 0.0651362 -0.00161493 -0.00301438 -0.00340062
98.42 1.31608 6.34113 -0.0252375 1.39344 -0.000626486 -0.0214428 0.00686926 -0.999746 0.215521 -0.00753873 0.126952 0.00654138 -0.0297634 -0.0110652 0.209962 -0.00445041 0.136086 0.00654138 -0.0297634 -0.0110652
99.494 1.34474 6.61982 -0.0319305 1.52033 -0.000605933 -0.0210134 0.0144542 -0.999674 0.245625 -0.0124477 0.125987 0.000458387 0.00198097 -0.0150756 0.24037 -0.00526185 0.136214 0.000458387 0.00198097 -0.0150756
100.1 1.29291 6.7785 -0.0340273 1.53686 0.000162329 0.000974056 0.024945 -0.999688 0.134804 -0.00546568 -0.0122197 -0.0004994 0.0487578 -0.0625574 0.140585 0.000812789 -0.0131902 -0.00010434 0.0521115 -0.0596268
100.764 1.26861 6.87599 -0.0336872 1.58274 -0.00113098 -0.0296627 0.0454121 -0.998527 0.14439 -0.00730947 0.127791 -0.002381 0.0424248 -0.0502948 0.13662 0.00576954 0.13614 -0.002381 0.0424248 -0.0502948
101.54 1.18181 7.05863 -0.0454075 1.6775 6.14936e-05 -0.0224818 0.052272 -0.99838 0.250066 -0.017634 0.11673 -0.0191247 -0.0158834 0.00125675 0.245048 0.00827356 0.127878 -0.0191247 -0.0158834 0.00125675
102.756 0.858066 7.37135 -0.0639658 1.78204 0.000231785 -0.0152346 0.042221 -0.998992 0.216094 -0.00863308 0.0780928 -0.000778839 0.00153335 0.020491 0.213576 0.00948856 0.0846455 -0.000778839 0.00153335 0.020491
103.378 0.757869 7.51473 -0.070756 1.82219 0.00038391 -0.00908981 0.0364984 -0.999292 0.182198 -0.00627945 0.0568741 -0.000202684 0.0120883 0.0202618 0.182929 0.00713658 0.0599588 6.47878e-05 0.0132406 0.0200603
104.156 0.66584 7.64872 -0.0768201 1.84887 0.000339998 -0.00828267 0.0295703 -0.999528 0.158456 -0.00538945 0.0561132 -0.00457761 -0.00685895 0.0192442 0.157548 0.00392022 0.0587312 -0.00457761 -0.00685895 0.0192442
104.772 0.631449 7.74252 -0.0789667 1.89085 0.000397199 -0.00631437 0.022881 -0.999718 0.142853 -0.0030468 0.0421861 0.000698422 0.00324231 0.0284685 0.143064 0.00357428 0.0440255 0.000809918 0.00337988 0.0282625
105.462 0.606194 7.83061 -0.0820819 1.91459 0.000315937 -0.00579306 0.0137574 -0.999889 0.13168 -0.00309089 0.0375942 -0.000237786 -0.00013536 0.0247047 0.131271 0.000502798 0.0391168 -0.000237786 -0.00013536 0.0247047
106.074 0.585031 7.8921 -0.0849722 1.92565 0.000304056 -0.00146289 0.00683154 -0.999976 0.118437 -0.00341594 -0.00236651 -0.000833004 -0.0196562 0.0312387 0.120649 -0.00166988 -0.00183851 -0.00051576 -0.0299703 0.028809
107.276 0.582824 7.97231 -0.086917 1.95996 -0.000140178 -0.00416242 -0.0205158 -0.999781 0.106461 -0.00167999 0.0352563 0.00327515 0.000816991 0.0330419 0.105997 -0.00559349 0.0361709 0.00513943 0.00101877 0.0384575
108.092 0.641297 8.01217 -0.0882308 2.00049 0.000116031 -0.00402858 -0.0196184 -0.999799 0.0984295 -0.00401848 0.0332521 -0.000458657 0.00165067 -0.021516 0.0979249 -0.00787922 0.0340419 -0.000458657 0.00165067 -0.021516
108.75 0.661348 8.05019 -0.0894217 2.03513 0.000275656 -0.00484587 -0.0124029 -0.999911 0.0980206 -0.00335724 0.0333409 -0.00741765 0.00258585 -0.0210549 0.0978127 -0.00590478 0.042134 -0.00410912 0.00137635 -0.0213389
109.424 0.668532 8.08165 -0.0903181 2.04983 0.00105431 -0.00556612 -0.0151018 -0.99987 0.0931473 0.00275511 0.0278178 0.00159569 0.00120022 0.0368382 0.0928716 -0.000114238 0.0288561 0.00159569 0.00120022 0.0368382
110.102 0.687309 8.11712 -0.0872417 2.07871 0.000819772 -0.00596571 -0.0286339 -0.999572 0.0885703 0.00415357 0.0289906 0.000400625 0.0018503 0.0438755 0.0883093 -0.000961769 0.0300488 0.000400625 0.0018503 0.0438755
110.78 0.701551 8.15286 -0.0832399 2.09453 0.000257674 -0.00727517 -0.0388319 -0.999219 0.0878972 0.00234659 0.0226418 -0.000970899 -5.31652e-05 0.0168378 0.0874752 -0.00448077 0.0239181 -0.000970899 -5.31652e-05 0.0168378
111.444 0.7058 8.20355 -0.0789608 2.10718 0.000734606 -0.00731427 -0.0403247 -0.99916 0.0898405 0.00269497 0.0214167 -0.0095076 -0.00420127 -0.0015094 0.0894415 -0.00457305 0.0227278 -0.0095076 -0.00420127 -0.0015094
112.082 0.726952 8.26033 -0.0706637 2.12642 -0.000206297 -0.00158011 -0.0439858 -0.999031 0.0791106 0.00658132 -0.00485412 0.00822922 -0.0402636 0.00155209 0.0793977 -0.000399515 -0.0046047 0.00822922 -0.0402636 0.00155209
113.25 0.730319 8.33024 -0.0606344 2.12862 0.000279192 -0.00274594 -0.00681338 -0.999973 0.0389061 0.00142047 -0.00516659 -8.84208e-05 9.59481e-06 -0.0915195 0.0392975 0.000809706 -0.00433596 -1.54496e-05 -3.16377e-05 -0.0915992
113.926 0.730767 8.36248 -0.0569286 2.12283 0.000366596 -0.00268189 0.0205023 -0.999786 0.0338872 0.00205387 0.000136849 -3.84794e-05 -0.000296038 -0.0767537 0.034057 0.00335902 4.20738e-06 -3.32146e-05 -0.000458374 -0.0779397
114.998 0.69349 8.40742 -0.0556429 2.07747 0.000612861 -0.00240128 0.0331811 -0.999446 0.0308283 0.00308135 0.0487325 0.00190277 0.00151248 0.0554361 0.0303237 0.0050517 0.0488844 0.00190277 0.00151248 0.0554361
115.796 0.715708 8.44925 -0.0551617 2.09017 0.000283071 -0.00763615 0.0145606 -0.999865 0.0644323 -0.000391726 -0.00280037 -0.00112332 -0.00654857 0.0261048 0.0644516 0.00148646 -0.00181575 -0.00112332 -0.00654857 0.0261048
116.39 0.746846 8.49613 -0.0558254 2.11485 0.000625811 -0.000310558 0.00796622 -0.999968 0.0507659 -0.000160854 -0.0147846 0.000212063 0.0102839 0.0392484 0.0507711 0.000666523 -0.0147527 0.000212063 0.0102839 0.0392484
116.96 0.762791 8.53046 -0.055829 2.11648 0.000434858 -0.00449505 -0.00553375 -0.999975 0.0490769 0.00177659 -0.000690555 0.0165975 -0.0595321 0.0432931 0.0490978 0.00123371 -0.000247935 0.0165975 -0.0595321 0.0432931
117.946 0.784579 8.5762 -0.0546027 2.11829 0.00161843 -0.00934783 0.00922038 -0.999913 0.0502288 0.000761334 -0.028802 -0.00414664 0.0108072 -0.037246 0.050735 0.00178404 -0.027854 -0.00414664 0.0108072 -0.037246
118.586 0.775776 8.62225 -0.048893 2.07567 0.0012064 -0.00758037 0.00569846 -0.999954 0.0803908 0.00692439 -0.0301903 0.00115042 -0.00232768 0.0401466 0.0800125 0.00801919 -0.0291334 0.00149779 -0.00268992 0.0384203
119.438 0.78144 8.69491 -0.0456471 2.05202 -0.00089795 -0.00677655 -0.00478223 -0.999965 0.0870806 -0.00416909 -0.0343809 -0.00386147 0.000656502 -0.018161 0.0874943 -0.00506466 -0.0331895 -0.00386147 0.000656502 -0.018161
120.364 0.809595 8.77896 -0.0471312 2.02581 0.00112976 -0.00763214 0.00829029 -0.999936 0.0938587 0.000110789 -0.0357027 0.00278078 -0.00141932 -0.00437165 0.0943773 0.00175047 -0.0342638 0.00278078 -0.00141932 -0.00437165
121.036 0.828488 8.84634 -0.0426524 2.00431 0.00134054 -0.00735524 0.00373826 -0.999965 0.0973668 0.00611389 -0.0481292 0.00142033 0.000193355 0.0334005 0.0979794 0.00677761 -0.046591 0.00133881 -0.000427552 0.0315462
121.968 0.873305 8.94236 -0.0334513 1.96281 -0.000537963 -0.00812231 -0.00943651 -0.999922 0.103769 0.00274474 -0.0531775 -0.00261635 -0.000624384 0.00243998 0.104652 0.000721507 -0.0514864 -0.00261635 -0.000624384 0.00243998
122.716 0.910835 9.02698 -0.0339292 1.92262 -0.000726416 -0.00813099 -0.00266035 -0.999963 0.110906 -0.00262887 -0.0626269 -0.000738724 0.000627841 -0.0337513 0.111795 -0.00327325 -0.0607959 -0.000394515 -0.00030697 -0.0323492
123.406 0.94738 9.10443 -0.0357109 1.86938 0.00180227 -0.00831584 0.00825526 -0.99993 0.1153 0.000781477 -0.0819233 -0.00703223 -0.00477245 -0.0144163 0.116728 0.00174246 -0.080218 -0.0103231 -0.00575874 -0.0175014
124.036 0.976523 9.17436 -0.0316309 1.81479 -0.000636233 -0.00938419 0.00276846 -0.999952 0.119236 0.00942937 -0.0747855 0.0285627 0.00464662 0.0337881 0.120564 0.00999954 -0.0725474 0.0285627 0.00464662 0.0337881
124.668 1.03502 9.25461 -0.0337135 1.7674 -0.00103097 -0.00982285 0.0031764 -0.999946 0.128544 -0.00553491 -0.0799001 -0.00221743 -0.000622261 -0.029732 0.130121 -0.00487537 -0.0773484 -0.00221743 -0.000622261 -0.029732
125.326 1.08443 9.33611 -0.0421876 1.71264 -0.000538777 -0.011243 0.0143542 -0.999834 0.138412 -0.0098363 -0.0748103 -0.00128149 0.00442598 -0.0368733 0.140285 -0.00591408 -0.0716679 -0.00128149 0.00442598 -0.0368733
126.346 1.15506 9.48733 -0.0555345 1.60887 -3.31715e-05 -0.00769551 0.0278288 -0.999583 0.156404 -0.0116297 0.00718539 -0.0110277 -0.161617 -0.0164793 0.15668 -0.00291276 0.00959622 -0.0110277 -0.161617 -0.0164793
127.474 1.1638 9.60781 -0.062648 1.5741 -0.000211685 -0.01596 0.00831878 -0.999838 0.124857 0.00374993 -0.0845429 0.0609713 -0.0318348 0.0542232 0.127412 0.00581389 -0.080518 0.0609713 -0.0318348 0.0542232
128.148 1.16662 9.68203 -0.0667607 1.56662 0.000119728 -0.000471846 0.00861848 -0.999963 0.0857259 -0.00538921 -0.0360256 0.0073749 0.0577228 -0.0457334 0.0858399 -0.0039019 -0.0359457 0.0073749 0.0577228 -0.0457334
129.122 1.17244 9.79961 -0.0734888 1.50922 -0.000873727 -0.0141548 0.0306814 -0.999429 0.165675 -0.0115039 -0.091854 0.00322883 -0.00681249 -0.0261281 0.167563 -0.0014969 -0.0858828 0.00378851 -0.00655359 -0.0275429
129.82 1.18623 9.90967 -0.082924 1.44335 -0.00102005 -0.013871 0.0374495 -0.999202 0.176127 -0.0133594 -0.0918595 0.000298728 0.000545762 -0.0167144 0.179118 -0.000227536 -0.0869141 0.000298728 0.000545762 -0.0167144
130.458 1.20516 10.0284 -0.0987512 1.39938 -0.00157615 -0.0144237 0.0435552 -0.998946 0.181834 -0.0193269 -0.074433 -0.00116043 0.00046072 -0.0250573 0.184485 -0.00337494 -0.0690929 -0.0012571 0.000561887 -0.0248086
131.49 1.2612 10.2008 -0.128576 1.35593 0.00268084 -0.02129 0.0397103 -0.998981 0.12049 -0.00435537 -0.0944974 -0.0195669 0.197186 0.0603006 0.124346 0.00587024 -0.0892755 -0.0195669 0.197186 0.0603006
132.526 1.24702 10.4149 -0.134986 1.27492 -0.00461836 -0.0202501 0.0158562 -0.999659 0.247141 -0.00870666 -0.107109 -0.00174801 -0.00534012 0.00869556 0.250307 0.000401225 -0.0968992 0.00169658 -0.0060163 0.0118735
133.196 1.09838 10.5762 -0.149895 1.20871 -0.00297899 -0.0200952 0.0233354 -0.999521 0.262124 -0.0268761 -0.106402 -0.00119971 0.00155427 -0.0429448 0.267167 -0.0151211 -0.0956358 -0.00119971 0.00155427 -0.0429448
134.288 0.881355 10.8429 -0.186328 1.13644 -0.00111121 -0.0141244 0.0440883 -0.998927 0.212011 -0.0183529 -0.0575411 -0.000372741 0.00275608 -0.0264237 0.214348 0.000343366 -0.0514926 -0.000372741 0.00275608 -0.0264237
134.98 0.783162 10.972 -0.205825 1.09176 -0.00112746 -0.0101844 0.0491068 -0.998741 0.189469 -0.0128991 -0.0384386 0.000706764 0.00760281 -0.0087022 0.190567 0.00570436 -0.0345551 0.000706764 0.00760281 -0.0087022
135.628 0.699628 11.0879 -0.225948 1.06925 -0.000884168 -0.00842437 0.0511633 -0.998654 0.168083 -0.0106655 -0.0567964 -0.000553373 0.00035845 -0.0025846 0.170124 0.00640342 -0.0539907 -0.000966734 0.00010424 -0.00297881
136.326 0.654615 11.176 -0.251467 1.03244 -0.000933196 -0.00708785 0.0507707 -0.998685 0.145643 -0.0121758 -0.0546246 0.00726044 -0.00811352 0.00144077 0.146891 0.00259574 -0.0525395 0.00726044 -0.00811352 0.00144077
137.02 0.637489 11.2544 -0.275113 0.987907 -0.000917263 -0.00607673 0.0566798 -0.998374 0.126894 -0.0157512 -0.0461825 -0.000938633 0.00104034 -0.0321867 0.128904 -0.00139046 -0.0446466 -0.00092609 0.0012356 -0.0316791
138.15 0.636435 11.3466 -0.306926 0.935796 -0.000632583 -0.00578008 0.0743101 -0.997218 0.109321 -0.0165251 -0.0472873 -0.000325657 -0.000326335 -0.0318266 0.111105 -0.000158728 -0.0459991 -0.000325657 -0.000326335 -0.0318266
138.848 0.634761 11.3998 -0.325414 0.910764 -0.000428354 -0.00562129 0.0840764 -0.996443 0.102682 -0.017558 -0.047955 0.000221668 0.00069439 -0.0258648 0.105068 -0.00018042 -0.0466962 -2.88435e-05 0.000872542 -0.0263284
139.474 0.645666 11.4412 -0.339328 0.884079 -0.000133943 -0.00586336 0.0911599 -0.995819 0.0968984 -0.0172806 -0.0418701 -0.00451881 0.0048591 -0.0160902 0.0990897 0.00049169 -0.0409316 -0.00516243 0.0051143 -0.0177347
140.582 0.673903 11.5167 -0.359126 0.836686 -0.000119628 -0.00591581 0.0894067 -0.995978 0.0937035 -0.0154911 -0.044037 -8.47294e-05 0.000488785 0.011763 0.0954777 0.00148082 -0.0429116 -8.47294e-05 0.000488785 0.011763
141.264 0.690303 11.5639 -0.371631 0.812872 0.000107754 -0.00644065 0.0842698 -0.996422 0.0929879 -0.0152435 -0.0441286 -0.000267448 -0.000567026 0.0209625 0.0948657 0.00081182 -0.0427794 -0.000232241 -0.000595695 0.0206436
141.956 0.719265 11.6101 -0.378876 0.774655 -0.000219869 -0.00707226 0.0778076 -0.996943 0.0922503 -0.0142194 -0.0301067 0.00400364 0.00748343 0.0181041 0.0935964 0.000363562 -0.0294126 0.00450974 0.00759085 0.0187648
143.032 0.782753 11.7024 -0.393825 0.716551 -0.000232616 -0.00762293 0.0763698 -0.997051 0.0988348 -0.0174066 -0.0322743 -0.00046565 0.000339155 -0.00305664 0.100813 -0.00212916 -0.0307433 -0.00046565 0.000339155 -0.00305664
144.15 0.817596 11.8149 -0.415774 0.697384 0.000482044 -0.00845706 0.0794114 -0.996806 0.109236 -0.0198752 -0.00228358 -0.012036 -0.00346111 -0.00284043 0.111028 -0.00232643 -0.000425562 -0.012036 -0.00346111 -0.00284043
144.788 0.841219 11.8831 -0.423451 0.685963 0.00056497 -0.00928703 0.0742188 -0.997199 0.112097 -0.0131802 -0.00543247 0.000873341 -6.19638e-05 0.033742 0.112894 0.00357018 -0.00334256 0.000873341 -6.19638e-05 0.033742
145.854 0.889359 12.0058 -0.434929 0.67508 -0.000155164 -0.0102525 0.0596998 -0.998164 0.12005 -0.0161371 0.0129338 -0.00078837 -0.000430639 0.0123711 0.120577 -0.00158145 0.0154159 -0.000764025 -0.000565121 0.0136085
146.89 0.937655 12.1434 -0.444807 0.651119 0.000186947 -0.0108119 0.0545771 -0.998451 0.13058 -0.0142565 0.0248202 -0.000767735 -0.00109248 0.0137165 0.13079 2.06026e-05 0.0276478 -0.000767735 -0.00109248 0.0137165
147.566 0.951866 12.2389 -0.45339 0.659369 0.000145863 -0.0120121 0.0503302 -0.99866 0.138063 -0.0140155 0.0247038 0.000442913 -0.00132537 0.0137001 0.13814 -0.000103158 0.0280239 0.000442913 -0.00132537 0.0137001
148.182 0.943555 12.3286 -0.458137 0.6891 -0.000497643 -0.0121986 0.0472457 -0.998809 0.142512 -0.0144938 0.0450538 0.00117921 0.000290557 0.00541948 0.142101 -0.000984325 0.0485375 0.00117921 0.000290557 0.00541948
148.86 0.93778 12.4374 -0.464335 0.727942 -0.000522678 -0.0124248 0.0479297 -0.998773 0.146039 -0.0158978 0.0175829 0.000563896 0.000760817 -0.00618135 0.146146 -0.00182461 0.0212749 0.000735043 0.00220164 -0.00586222
149.492 0.926501 12.5473 -0.475253 0.74464 -0.000413012 -0.0121616 0.0503249 -0.998659 0.150922 -0.0170465 0.0180052 0.00034948 -0.000608721 -0.00847851 0.151388 -0.00179588 0.0216945 0.00034948 -0.000608721 -0.00847851
150.63 0.912907 12.7385 -0.492071 0.756313 -0.000943231 -0.0118285 0.0575966 -0.998269 0.151388 -0.0198147 0.00906985 -0.00298809 0.00214171 -0.0214739 0.152404 -0.00226648 0.0126903 -0.00298809 0.00214171 -0.0214739
151.652 0.886416 12.9044 -0.517345 0.788995 -0.000612516 -0.0116158 0.0648029 -0.99783 0.154452 -0.0200014 0.0267848 0.000414343 0.00103942 -0.00973091 0.155077 0.000135732 0.0304002 0.000414343 0.00103942 -0.00973091
152.668 0.862841 13.0651 -0.54095 0.798407 -0.000190285 -0.0113898 0.0633065 -0.997929 0.15172 -0.0156838 0.0188449 0.00647864 0.00012755 0.0148438 0.152017 0.00359243 0.0223139 0.00647864 0.00012755 0.0148438
153.394 0.845903 13.1794 -0.557155 0.808645 -0.000435273 -0.0110814 0.0608885 -0.998083 0.150183 -0.0188212 0.020848 -0.000388481 0.000489582 0.000781694 0.150907 -0.000399649 0.024379 -0.000527577 0.000684699 0.00130584
154.122 0.833795 13.2948 -0.569898 0.807101 -0.000400329 -0.0106879 0.0613624 -0.998058 0.148933 -0.0179526 0.0254305 0.000222791 0.000136734 -0.00229978 0.149471 0.000403196 0.0287004 0.00018678 0.000404647 -0.00225838
154.848 0.821056 13.4008 -0.581958 0.809603 0.000223265 -0.0101873 0.062253 -0.998008 0.146715 -0.0166975 0.0157413 -0.0148432 -0.00739852 0.00246998 0.147303 0.00163481 0.0187391 -0.0148432 -0.00739852 0.00246998
156.002 0.804962 13.5613 -0.597836 0.817687 0.000415852 -0.00985022 0.0443185 -0.998969 0.139512 -0.00793347 0.0150222 0.000139853 0.000821615 0.0428555 0.13935 0.00454371 0.0178229 0.000231108 0.000838449 0.043145
157.162 0.794199 13.7092 -0.608495 0.810947 0.000321862 -0.00966356 0.0258901 -0.999618 0.137003 -0.00727786 0.0244227 -6.73196e-05 6.2145e-05 0.0251489 0.136699 -0.000205572 0.0270663 -6.73196e-05 6.2145e-05 0.0251489
157.806 0.789298 13.7965 -0.61241 0.830289 0.000114733 -0.009478 0.0191571 -0.999772 0.135437 -0.00735434 0.0325671 0.000255558 0.00106219 0.0171193 0.134953 -0.00197825 0.0353372 0.000536881 0.00120034 0.0175634
158.544 0.783218 13.8937 -0.618065 0.8622 0.000256386 -0.00937346 0.0150068 -0.999843 0.135244 -0.00858267 0.0293699 -0.000420478 -0.000328427 0.00722879 0.134867 -0.00454427 0.0318988 -0.000420478 -0.000328427 0.00722879
159.278 0.779935 13.9841 -0.621272 0.877054 0.000817128 -0.00909903 0.0122622 -0.999883 0.133398 -0.00578881 0.000570637 0.000254502 -0.000376447 0.0150611 0.133467 -0.002519 0.00299234 0.000254502 -0.000376447 0.0150611
160.434 0.778384 14.1247 -0.623136 0.8804 0.00038772 -0.00912348 0.000400985 -0.999958 0.130351 -0.00286754 -0.00403601 0.0119895 0.000238575 0.0198008 0.130405 -0.00276076 -0.00165908 0.0119895 0.000238575 0.0198008
161.196 0.743931 14.216 -0.624685 0.900259 -0.000151462 -0.00901619 0.00150468 -0.999958 0.128138 -0.00920136 -0.00682575 -0.00131328 0.000584186 -0.0226831 0.128423 -0.00881413 -0.00445776 -0.00145824 0.000430754 -0.0220406
161.958 0.68825 14.3007 -0.625762 0.914808 2.30787e-05 -0.00853723 0.0101987 -0.999912 0.122445 -0.00822877 -0.00649154 7.91218e-05 0.00117849 -0.0215512 0.12268 -0.00572833 -0.00439898 7.91218e-05 0.00117849 -0.0215512
162.638 0.644252 14.3772 -0.629928 0.912324 0.000163302 -0.00751227 0.0159611 -0.999844 0.115064 -0.00829031 -0.00558305 -0.000104308 0.00202047 -0.0159967 0.115341 -0.00461067 -0.00385403 -0.000104308 0.00202047 -0.0159967
163.292 0.614169 14.4386 -0.632089 0.91687 0.000170069 -0.00226731 0.0290366 -0.999576 0.0764683 -0.00727948 -0.00349796 -0.00173643 0.0110317 -0.0852402 0.076777 -0.00282675 -0.00315208 -0.00173643 0.0110317 -0.0852402
163.964 0.598956 14.4796 -0.635225 0.889743 0.000627361 -0.00309634 0.0608589 -0.998141 0.0590829 -0.00546981 0.0126752 0.000147088 1.31997e-05 -0.102149 0.0592312 0.0017279 0.0130399 0.000147088 1.31997e-05 -0.102149
164.61 0.584601 14.5115 -0.635037 0.887682 0.000470574 -0.00309468 0.0886209 -0.99606 0.0510783 -0.00384035 0.0301812 0.00166777 0.000190701 -0.0931379 0.0507695 0.00519252 0.0304983 0.00166777 0.000190701 -0.0931379
165.564 0.572431 14.5475 -0.635758 0.901007 0.000707724 -0.00300056 0.13655 -0.990628 0.0416031 -0.00252665 0.00886006 0.00022233 -0.000180709 -0.104045 0.0406835 0.00880303 0.00911379 0.00022233 -0.000180709 -0.104045
166.376 0.56291 14.5796 -0.635459 0.905303 0.000689253 -0.00277334 0.171796 -0.985128 0.0375133 -0.000326221 0.00767076 0.000824945 -0.000413147 -0.0755547 0.0353687 0.0123728 0.00788436 0.000824945 -0.000413147 -0.0755547
167.024 0.555528 14.6028 -0.635997 0.916105 -0.000501659 -0.0059642 0.191596 -0.981456 0.0421244 -0.00503447 0.00537423 -0.000764023 -0.00138947 -0.0578576 0.0395444 0.0113899 0.00596425 -0.000338218 0.00273129 -0.0585763
167.654 0.552909 14.6316 -0.640441 0.925383 -0.000237952 -0.0049689 0.206529 -0.978428 0.0482631 -0.00918143 0.00448047 0.000695672 0.000107521 -0.0468786 0.0478101 0.0111002 0.00496791 0.000695672 0.000107521 -0.0468786
168.24 0.556446 14.6652 -0.652049 0.949579 3.73986e-05 -0.00512761 0.216603 -0.976246 0.049217 -0.0101837 0.00841646 0.000306064 -6.5294e-05 -0.0182662 0.0488408 0.0115598 0.00889396 0.000449233 -8.33941e-05 -0.0199812
168.96 0.56485 14.7044 -0.663541 0.977632 -0.000194073 -0.00528056 0.219883 -0.975512 0.0485787 -0.0096551 0.00657957 0.00125244 -0.000138891 -0.00368413 0.0479488 0.0120891 0.00716357 0.00126344 -0.000203321 -0.00379174
169.744 0.574912 14.7509 -0.675208 0.989539 -0.000604772 -0.00532188 0.221924 -0.975049 0.0489413 -0.0100755 0.00314558 0.000899914 -0.00059473 -0.00882308 0.0485249 0.0120982 0.00366575 0.000999801 -0.000739979 -0.00844549
170.408 0.590468 14.7925 -0.68997 0.988887 -0.000655783 -0.00554977 0.226301 -0.974042 0.0494767 -0.0119892 0.00519725 -0.000202493 -0.000343463 -0.0143673 0.0496337 0.0110447 0.00576258 -0.000202493 -0.000343463 -0.0143673
171.038 0.606285 14.8354 -0.707889 0.986198 -0.000816895 -0.00586846 0.23051 -0.973052 0.0516663 -0.0140263 0.0049555 -0.000120714 -0.001028 -0.0113312 0.0524057 0.0106366 0.005586 -0.000120714 -0.001028 -0.0113312
171.754 0.630886 14.8867 -0.733084 0.983778 -0.000231645 -0.00591825 0.228075 -0.973626 0.0556911 -0.0137359 -0.0111418 0.000914729 -0.000794397 0.0293746 0.0560122 0.0124149 -0.0104878 0.000928356 -0.00069027 0.0277068
172.446 0.649004 14.939 -0.756826 0.983833 -0.000502169 -0.00636264 0.217454 -0.97605 0.0588554 -0.0162515 -0.0132577 -0.000303853 -0.00028363 0.0330917 0.0601039 0.0104319 -0.0125279 -0.000344578 -0.000121188 0.0335482
173.08 0.628534 14.987 -0.776556 0.98873 0.000654011 -0.00118294 0.206756 -0.978392 0.0499817 -0.0129478 -0.00261325 -0.0011457 -0.00566727 0.0634764 0.0509521 0.00838512 -0.00249426 -0.0011457 -0.00566727 0.0634764
173.72 0.530286 15.0243 -0.791319 0.974846 -3.95456e-06 -0.00249763 0.177114 -0.984187 0.0329494 -0.00661957 0.0060123 0.000678051 -2.30176e-05 0.119205 0.0335908 0.00554006 0.00429719 0.00078122 0.000245516 0.118713
174.496 0.51126 15.0593 -0.803978 0.973689 -0.000147406 -0.00245954 0.136234 -0.990674 0.0281371 -0.00687322 0.0130502 -0.000362603 -0.00115183 0.100134 0.0288892 0.00112641 0.013653 0.000167029 -0.00124315 0.101055
175.27 0.49445 15.0871 -0.816775 0.971332 0.000104669 -0.0022449 0.0924215 -0.995718 0.0263697 -0.00735046 0.0111662 0.000166107 -0.00111211 0.147804 0.0272221 -0.00237848 0.011286 0.000166107 -0.00111211 0.147804
175.934 0.482092 15.1101 -0.827534 0.970583 5.97802e-05 -0.0019586 0.0487654 -0.998808 0.0255723 -0.00935339 0.0168638 -0.000454235 -0.000664287 0.128737 0.0264069 -0.00665454 0.0181005 -0.000392552 -0.00070704 0.129684
176.63 0.470882 15.1303 -0.836573 0.975444 0.000793344 -0.00175812 0.00397365 -0.99999 0.0249406 -0.00942802 0.0116826 -0.000655237 -0.0010048 0.175019 0.0250114 -0.00931324 0.0127186 -0.00167319 -0.000829634 0.167227
177.286 0.56056 15.1473 -0.840649 0.985987 0.000373502 -0.00148751 -0.0586211 -0.998279 0.0247413 -0.0090059 0.00114426 0.000611447 -0.000906321 0.216295 0.0235137 -0.0118404 0.00120837 0.000611447 -0.000906321 0.216295
177.956 0.560499 15.1623 -0.841546 0.998427 0.000294894 -0.00126084 -0.123164 -0.992386 0.0240656 -0.0111084 -0.00936967 -0.000597273 0.000743508 0.168447 0.0208286 -0.016411 -0.0114303 -0.0004093 -0.00052746 0.171379
178.66 0.560884 15.1798 -0.840705 1.00811 0.000529233 -0.00396267 -0.154892 -0.987923 0.0431979 -0.00833294 0.0130193 -0.00221844 -0.00373622 0.0295717 0.0377394 -0.0210113 0.0133032 -0.00212256 -0.00449805 0.0354859
179.282 0.563683 15.201 -0.837995 1.02292 0.00101779 -0.00356917 -0.156582 -0.987658 0.0469459 -0.0058153 0.0128964 -0.000220901 0.000308006 -0.00808548 0.042687 -0.0202653 0.013188 -0.000423937 0.000193708 -0.00749451
179.988 0.569863 15.2239 -0.829355 1.04158 0.000966335 -0.000114903 -0.156801 -0.98763 0.0406767 -0.00376534 -0.00461768 -0.00259321 -0.0144298 0.0358401 0.0375128 -0.0161701 -0.00462809 -0.00259321 -0.0144298 0.0358401
180.642 0.578344 15.2381 -0.820735 1.04656 0.000795744 -0.000850633 -0.187492 -0.982265 0.0251168 -0.00521646 -0.0108279 0.0010668 0.000788549 0.127405 0.0219254 -0.0140051 -0.0107152 0.00121351 0.000854644 0.126184
181.788 0.587777 15.2533 -0.810419 1.04609 0.000788546 -0.000716197 -0.247821 -0.968805 0.0229548 -0.00648863 -0.0116958 -0.000103586 -0.000729843 0.0922337 0.0170403 -0.0167004 -0.0116851 -0.000103586 -0.000729843 0.0922337
182.436 0.596188 15.2556 -0.803221 1.04237 0.000776296 -0.000653412 -0.271784 -0.962358 0.0210714 -0.0060437 -0.00915315 -0.000484209 -6.39891e-05 0.0691565 0.0148123 -0.016163 -0.0091467 -0.000484209 -6.39891e-05 0.0691565
183.584 0.616024 15.2668 -0.780999 1.03629 0.00168796 -0.00365075 -0.299818 -0.953988 0.04065 0.0131856 -0.0113293 -0.00028775 -0.000704583 0.0260937 0.0405829 -0.0124454 -0.0110274 -0.000421173 -0.000758422 0.0284679
184.3 0.639106 15.2829 -0.758241 1.02999 0.00191777 -0.0038794 -0.304959 -0.952356 0.0447547 0.0185661 -0.0125313 0.000579325 0.000161369 0.00509243 0.0472113 -0.0109296 -0.0121501 0.000537716 -0.000158555 0.0055163
184.984 0.666116 15.2978 -0.732574 1.01883 0.00193397 -0.00448004 -0.306599 -0.951826 0.0463302 0.0239321 -0.0141524 0.00255456 -0.000475076 0.00224582 0.0517233 -0.00759602 -0.0136576 0.00255456 -0.000475076 0.00224582
185.678 0.697248 15.325 -0.699717 1.00796 0.00187024 -0.00500923 -0.305913 -0.952044 0.0514098 0.0288786 -0.0150544 0.000246103 -0.00070243 -0.00834197 0.0587667 -0.00646562 -0.0144307 0.000246103 -0.00070243 -0.00834197
186.352 0.691746 15.3558 -0.666951 0.990212 0.00205071 -0.00569102 -0.303818 -0.952711 0.0554535 0.0342893 -0.0161716 0.00033955 -0.000770851 -0.00821554 0.0649581 -0.00425353 -0.0155245 0.000148246 -0.000902038 -0.00827102
186.998 0.684622 15.389 -0.636591 0.988529 -0.000314284 0.000887051 -0.300295 -0.953846 0.0412047 0.02524 -7.92435e-07 0.000515052 0.00179389 -0.0369028 0.0508624 -0.00297977 -9.01275e-05 0.000643745 -0.00874663 -0.0328657
187.666 0.684186 15.4118 -0.620303 0.980681 0.000565 -0.00106517 -0.282962 -0.95913 0.0236035 0.0116294 0.00377404 0.000824862 0.000661154 -0.0814713 0.0266094 -0.0029372 0.000826127 0.000682095 0.000682615 -0.0802424
188.424 0.685133 15.4282 -0.607767 0.960717 0.000576787 -0.00115734 -0.247494 -0.968888 0.0189011 0.00996328 0.026672 0.000212302 1.91237e-05 -0.119327 0.0212963 -0.000336588 0.0267257 0.000212302 1.91237e-05 -0.119327
189.06 0.683284 15.4363 -0.597945 0.969998 0.000619514 -0.00109413 -0.215538 -0.976495 0.0156819 0.0106287 0.017377 0.000459228 0.000339376 -0.0991459 0.0186571 0.00302706 0.0174241 0.000459228 0.000339376 -0.0991459
190.098 0.686695 15.4576 -0.585126 0.995611 0.000855625 -0.00531102 -0.180348 -0.983588 0.0447282 0.0190074 0.0354519 5.88939e-05 -0.0015752 -0.0486066 0.0473953 0.00191606 0.0359501 4.91622e-05 -0.00173535 -0.0498186
190.788 0.70157 15.493 -0.572541 1.02289 0.000828745 -0.00517639 -0.167897 -0.98579 0.0525568 0.0210037 0.0352278 0.000542032 -1.89143e-05 -0.03519 0.0559728 0.00238759 0.0358802 0.000531735 -8.59806e-05 -0.0355187
191.434 0.717868 15.5304 -0.558996 1.04638 0.00126747 -0.0060498 -0.159536 -0.987173 0.0577665 0.0240148 0.0287341 0.000635591 -0.000579207 -0.0147109 0.0620307 0.0045797 0.029505 0.000635591 -0.000579207 -0.0147109
192.122 0.74143 15.5746 -0.542814 1.07467 0.00070014 -0.00563687 -0.156992 -0.987584 0.0621339 0.0253028 0.0479516 0.000587625 -0.00100845 -0.00770577 0.0663686 0.00480675 0.0487064 0.000587625 -0.00100845 -0.00770577
192.79 0.774794 15.625 -0.530657 1.10248 0.00198443 -0.00667692 -0.153635 -0.988103 0.0661177 0.0245493 0.0169914 -0.0082838 0.00321333 -0.00710679 0.0698307 0.00290586 0.0180542 -0.00992699 0.0041441 -0.0085813
193.77 0.823925 15.7043 -0.504336 1.11418 0.00192968 -0.00734435 -0.163777 -0.986468 0.0743898 0.0332456 0.01902 0.000433813 0.000892911 0.0336517 0.0806943 0.00745302 0.0201462 0.000408527 0.000736765 0.0338178
194.4 0.864798 15.7593 -0.485568 1.12096 0.00229065 -0.00845587 -0.172338 -0.984999 0.0828864 0.0355692 0.0147576 -0.000995285 -0.00205964 0.02913 0.0897681 0.00528884 0.0163348 -0.000995285 -0.00205964 0.02913
195.106 0.915151 15.8351 -0.453149 1.1193 0.00231576 -0.00907506 -0.181503 -0.983346 0.0939118 0.0417744 0.018025 0.000307113 8.80457e-05 0.0245807 0.10184 0.00541891 0.0199715 0.000397894 -0.000281291 0.0249149
195.74 0.968443 15.909 -0.420226 1.12148 0.00222618 -0.00971578 -0.187744 -0.982167 0.105975 0.0471283 0.0788858 0.00765552 -0.0205172 0.0181393 0.114036 0.00475544 0.0592686 0.00489957 -0.0134828 0.0187208
196.402 1.0089 15.9964 -0.384782 1.19445 0.00194916 -0.00990279 -0.190167 -0.9817 0.11303 0.0455209 0.0938722 -0.000427728 -0.00175493 -0.0013315 0.119669 9.76616e-05 0.0964104 -0.000479056 -0.00192846 -0.000851148
197.068 1.04347 16.0777 -0.353007 1.24143 0.00220431 -0.0106483 -0.188954 -0.981926 0.11999 0.0471765 0.102971 -0.000126629 -0.000441863 -0.00582588 0.12666 -0.00075539 0.10575 -0.000126629 -0.000441863 -0.00582588
197.772 1.08596 16.1752 -0.310794 1.25013 0.00333076 -0.0122711 -0.19001 -0.9817 0.135055 0.0596185 -0.0166445 0.0013728 -0.00153307 0.0140501 0.147921 0.00494814 -0.0128882 0.0013728 -0.00153307 0.0140501
198.738 1.14942 16.3197 -0.246962 1.26389 0.00322555 -0.0131816 -0.19724 -0.980261 0.151365 0.0674323 -0.00805531 0.000263183 0.00105963 0.0157886 0.165823 0.00364833 -0.00355619 0.000263183 0.00105963 0.0157886
199.446 1.07917 16.4412 -0.192725 1.27529 0.00352923 -0.0145166 -0.201344 -0.979407 0.165518 0.0741061 -0.00994004 0.000372964 -0.00129678 0.0102459 0.181545 0.00280982 -0.00451876 0.000372964 -0.00129678 0.0102459
200.104 0.967448 16.5519 -0.139688 1.27798 0.00310202 -0.0133313 -0.204108 -0.978853 0.164758 0.0747166 -0.00852438 -6.10385e-05 0.00307825 0.00740222 0.181054 0.00264705 -0.00356948 -6.10385e-05 0.00307825 0.00740222
200.742 0.854415 16.666 -0.0865703 1.27447 0.0028038 -0.0111664 -0.206072 -0.978469 0.156985 0.0718106 -0.0396109 -0.00118367 0.000469105 0.00652337 0.173479 0.00242851 -0.0356269 -0.00118367 0.000469105 0.00652337
201.594 0.71682 16.8036 -0.0252515 1.26751 0.00243222 -0.00970543 -0.209666 -0.977722 0.140827 0.0644297 -0.0287133 -0.000470556 0.00102979 0.00966048 0.155405 0.00103973 -0.0256099 -0.000470556 0.00102979 0.00966048
202.536 0.613228 16.9183 0.0239186 1.25292 0.00088302 -0.00219183 -0.227592 -0.973754 0.0835299 0.0383223 0.015197 0.0017249 0.0049923 0.096807 0.0917905 -0.00268273 0.0156239 0.0017249 0.0049923 0.096807
203.426 0.564496 16.9738 0.0512429 1.26365 0.000686382 -0.00248918 -0.267336 -0.9636 0.0673843 0.029501 0.00424485 -0.00235408 4.31044e-06 0.100169 0.0733824 -0.00941834 0.00418619 -0.00211164 -3.88762e-05 0.0988217
204.316 0.534685 17.0128 0.0713366 1.26531 0.000708483 -0.00205961 -0.324527 -0.945874 0.059733 0.0267409 0.000838054 -0.000501568 -0.00113699 0.169561 0.0635637 -0.0155634 0.0011149 -0.000501568 -0.00113699 0.169561
205.05 0.518676 17.033 0.0843111 1.26565 0.000382423 -0.00181422 -0.37932 -0.925264 0.0529852 0.023383 0.00269992 0.000206581 0.000676561 0.151937 0.0541411 -0.0205366 0.00291114 0.000206581 0.000676561 0.151937
205.752 0.511969 17.0462 0.0945593 1.2624 0.000346252 -0.00163864 -0.420163 -0.907447 0.0479852 0.0208722 0.00460186 -0.0012291 -0.000624879 0.122821 0.0471484 -0.0229352 0.00470623 -0.00125395 -0.000557044 0.12297
206.498 0.499991 17.0625 0.102376 1.26505 0.000339494 -0.00129316 -0.458247 -0.888824 0.0442751 0.0185483 0.00296369 0.000683866 0.000372396 0.110848 0.040782 -0.0253065 0.00308485 0.000683866 0.000372396 0.110848
207.238 0.49802 17.0668 0.106716 1.26151 -0.000555987 -0.00178818 -0.484138 -0.87499 0.0396522 0.0142557 0.00576698 0.00522769 4.12901e-05 -0.0143329 0.0332521 -0.0255456 0.00566633 0.00647137 -8.10917e-05 -0.00454604
207.952 0.493441 17.0736 0.110225 1.26376 9.98151e-05 -0.00135943 -0.445792 -0.895136 0.0383153 0.0104635 0.00393255 -0.00267417 -0.00019456 -0.204057 0.0314272 -0.0242703 0.00403693 -0.00267417 -0.00019456 -0.204057
208.612 0.488321 17.081 0.110997 1.27618 0.000370483 -0.0011849 -0.388805 -0.921319 0.0316641 0.00935081 -0.00855567 0.00452179 -0.000282974 -0.192119 0.0289018 -0.0166001 -0.00780408 0.0032866 -0.000138334 -0.187683
209.432 0.482199 17.0886 0.111204 1.28097 0.000447849 -0.00115106 -0.300982 -0.953629 0.026593 0.00522486 -0.0175223 -0.0016753 2.83016e-06 -0.270523 0.0248173 -0.0109847 -0.0174629 -0.0016753 2.83016e-06 -0.270523
210.284 0.478066 17.0922 0.112524 1.26397 0.00125279 -0.00253599 -0.213078 -0.977031 0.0204368 0.00606846 -0.011166 -0.00479782 0.00895439 -0.174941 0.0211688 -0.00297669 -0.011054 -0.00479782 0.00895439 -0.174941
210.942 0.448916 17.0972 0.118634 1.22457 0.00121248 -0.00242741 -0.185586 -0.982624 0.0213961 0.0110924 -0.00919668 0.00181535 0.000635451 -0.0352862 0.0240156 0.00253812 -0.00906768 0.00181535 0.000635451 -0.0352862
211.636 0.446987 17.1044 0.124216 1.21764 0.000905184 -0.00219942 -0.179421 -0.98377 0.0163217 0.00751203 -0.00708697 0.000950731 0.000447377 -0.0112166 0.018252 0.00125612 -0.00659244 0.000612881 0.00105937 -0.0104103
212.298 0.443999 17.114 0.131425 1.20718 0.000873967 -0.00229608 -0.172152 -0.985067 0.0135213 0.00564209 -0.00777413 -0.000273725 0.000244288 -0.0301102 0.014807 0.000701405 -0.00748795 -0.000333528 0.000292836 -0.0298953
212.96 0.444383 17.125 0.140758 1.18685 0.00084405 -0.00239916 -0.163028 -0.986618 0.0112192 0.00623148 -0.00682176 0.000491504 -8.83276e-05 -0.0277825 0.0127059 0.00227365 -0.00689511 0.000451885 0.00014064 -0.0279463
213.888 0.424276 17.149 0.151558 1.20749 0.000581233 -0.0013681 -0.132892 -0.99113 0.00661468 0.0022058 -0.00406259 -0.0015173 -0.00133717 -0.113027 0.00716558 0.000387967 -0.00373022 -0.00168871 -0.00117364 -0.111432
214.558 0.409644 17.1628 0.154827 1.21661 0.000750605 -0.00119344 -0.0980395 -0.995182 0.00205073 0.00177929 -0.00938635 3.07312e-05 -0.000760464 -0.102228 0.00244323 0.0012982 -0.00940527 8.95767e-05 -0.000388534 -0.103127
215.316 0.380417 17.1794 0.160863 1.20711 0.000554963 -0.000766568 -0.0654729 -0.997854 -0.000275635 0.00187908 -0.00594699 0.000258218 -0.00100134 -0.0827083 -1.8214e-05 0.00190497 -0.00594512 0.000258218 -0.00100134 -0.0827083
216.448 0.372947 17.1948 0.175555 1.20395 0.00178604 -0.000652041 -0.0463569 -0.998923 -0.00407575 0.0137231 0.00570264 0.000433832 9.5017e-05 0.00471254 -0.00279568 0.0140215 0.00574776 0.000433832 9.5017e-05 0.00471254
217.14 0.379178 17.1996 0.191363 1.19205 0.00171765 -0.000518532 -0.0475048 -0.998869 -0.00553349 0.0165591 0.00288714 0.000499865 -0.000510796 0.00483834 -0.0039405 0.0169996 0.00293993 0.000499865 -0.000510796 0.00483834
217.82 0.380603 17.205 0.204515 1.20613 0.001692 -0.000467462 -0.0482847 -0.998832 -0.00586557 0.0155955 0.00290618 -0.000646638 -0.0002682 0.00301928 -0.00427323 0.016148 0.00301515 -0.00067927 -0.000302793 0.0031307
218.476 0.382606 17.2098 0.215529 1.21443 0.00173898 -0.00036599 -0.0486177 -0.998816 -0.005595 0.0155096 0.00291782 -0.000108461 -0.000812389 0.00197613 -0.00406491 0.0159695 0.00296909 -0.000108461 -0.000812389 0.00197613
219.274 0.386335 17.2175 0.232142 1.21429 0.00177101 -0.000306879 -0.0486627 -0.998814 -0.0041156 0.0165239 0.00493706 -6.32235e-05 -0.000397474 0.00245153 -0.00249372 0.0168283 0.00499416 -6.32235e-05 -0.000397474 0.00245153
220.362 0.395876 17.2239 0.25296 1.21676 0.00177088 -0.000177327 -0.0492118 -0.998787 -0.003966 0.0160608 0.00539954 -0.000453138 -0.000434157 0.00143852 -0.00237081 0.0163538 0.00545589 -0.000453138 -0.000434157 0.00143852
221.022 0.404373 17.2247 0.266892 1.21572 0.00167668 -0.000331918 -0.0490866 -0.998793 -0.00348446 0.0167705 0.00406194 0.00028385 -0.000838245 0.00164304 -0.00182662 0.0170178 0.0041169 0.00028385 -0.000838245 0.00164304
221.684 0.412074 17.2249 0.277357 1.21196 -0.00203133 0.00104786 -0.0412092 -0.999148 -0.00995158 -0.00435529 -0.00826304 -0.00365279 0.00227245 -0.0587279 -0.0099545 -0.00261107 -0.0084961 -0.00394345 0.00270302 -0.0548772
222.754 0.416067 17.218 0.273926 1.20286 -0.00168295 0.00084148 -0.00633273 -0.999978 -0.012818 -0.0124128 -0.00492893 0.00121333 -0.000395482 -0.0781766 -0.0129826 -0.0122659 -0.00486569 0.00121333 -0.000395482 -0.0781766
223.41 0.418103 17.2111 0.267163 1.19282 -0.00180501 0.00076816 0.0196546 -0.999805 -0.0131808 -0.0121572 -0.0023291 -0.000402739 -0.000285471 -0.0775986 -0.012783 -0.0125933 -0.00241785 -0.000246402 -0.000143889 -0.0783549
224.12 0.413017 17.2045 0.253262 1.19904 0.00060697 -0.0011768 0.0426513 -0.999089 -0.00616116 -0.00377707 0.000387771 0.00276743 -0.00214049 -0.0564956 -0.0063313 -0.00506348 0.000393543 0.00118528 -0.000111181 -0.0580013
224.802 0.410219 17.1981 0.241859 1.20241 8.25671e-05 -0.000638458 0.0578579 -0.998325 -0.00237433 0.00269189 0.000616815 0.000389316 0.000127689 -0.0333483 -0.00268388 0.00228975 0.000575364 0.000326008 0.00022101 -0.0344092
225.494 0.407753 17.194 0.233687 1.20779 -2.14938e-05 -0.000657424 0.0671205 -0.997745 -0.0028154 0.00330975 0.000273377 -0.000196566 0.000207906 -0.0233661 -0.00323369 0.00290283 0.000269258 -0.000196566 0.000207906 -0.0233661
226.67 0.401506 17.1946 0.224791 1.21663 -3.0267e-05 -0.000705001 0.0792331 -0.996856 -0.0029846 0.00236655 0.000439492 -0.000752728 0.000300863 -0.0155352 -0.00332158 0.00186534 0.000434904 -0.000752728 0.000300863 -0.0155352
227.422 0.396659 17.1956 0.218771 1.21896 0.000117671 -0.000696895 0.083831 -0.99648 -0.00371491 0.00199391 0.00023293 0.00040183 1.60503e-05 -0.00216839 -0.00399614 0.00134515 0.000227932 0.00040183 1.60503e-05 -0.00216839
228.146 0.391781 17.1989 0.21762 1.23181 0.000848278 0.000146787 0.0836047 -0.996499 -0.0079707 0.00778934 0.00455929 0.000392354 0.00125512 0.00429209 -0.00888877 0.0062093 0.00458454 0.00056 0.00165159 0.00437122
228.88 0.390746 17.1987 0.215209 1.22214 0.000991414 0.000163453 0.0830628 -0.996544 -0.00929308 0.00800059 0.00425304 -0.000415576 -0.000434171 0.00235556 -0.0104873 0.0063434 0.00427055 -0.000415576 -0.000434171 0.00235556
229.616 0.392103 17.1981 0.215892 1.22243 0.00111967 0.000241549 0.0830309 -0.996546 -0.00904074 0.00772336 0.00479969 -0.000489435 -0.000635211 0.00272628 -0.0102586 0.00616815 0.00484496 -0.000380563 -0.000570168 0.00273824
230.72 0.395203 17.1986 0.220933 1.20691 0.00128607 0.000460398 0.0827013 -0.996574 -0.00744601 0.00739443 0.00496037 -1.84382e-05 -0.000480683 0.00177991 -0.0085574 0.00605354 0.00498512 -1.84382e-05 -0.000480683 0.00177991
231.454 0.402378 17.1974 0.232711 1.21101 0.0011841 0.000545824 0.0825237 -0.996588 -0.00654826 0.00906977 0.00382813 3.82809e-07 -0.00075624 0.00140579 -0.00794597 0.00786043 0.00385618 3.82809e-07 -0.00075624 0.00140579
232.142 0.411733 17.194 0.243868 1.21266 0.000262797 -0.0002342 0.0810784 -0.996708 -0.00180198 0.00469142 -0.000297862 -0.000609156 -0.00101145 0.00651285 -0.00265947 0.00454265 -0.000331722 -0.000611424 -0.00144974 0.00696967
232.878 0.417336 17.1913 0.248501 1.21905 0.000418921 -0.000287625 0.0802769 -0.996773 0.000637996 0.00195881 -0.00219786 -0.000168951 -0.000590143 0.00322797 0.000317405 0.0020376 -0.00219591 -0.000168951 -0.000590143 0.00322797
233.502 0.420342 17.1907 0.253144 1.22076 0.000301734 -0.000371888 0.0801325 -0.996784 0.00206473 0.00236636 -0.00116938 0.000747163 -0.000160668 -0.00223486 0.001661 0.00266658 -0.00116646 0.000747163 -0.000160668 -0.00223486
234.182 0.425256 17.1881 0.257877 1.23021 0.000239701 -0.00048188 0.0828412 -0.996563 0.00212701 0.00232111 -0.000348099 -0.000190769 5.20876e-05 -0.00873285 0.00171099 0.00267066 -0.000147947 -0.000204702 5.75914e-05 -0.00868791
234.892 0.428951 17.1843 0.259869 1.22116 0.000255426 -0.000644221 0.0857509 -0.996316 0.00178577 0.00211684 -0.000741323 -0.000152416 0.000933611 -0.00697805 0.00139872 0.0023913 -0.000738109 -0.000152416 0.000933611 -0.00697805
235.574 0.434371 17.1808 0.262307 1.21325 0.000200837 -0.000864774 0.0876845 -0.996148 0.0020388 0.00242806 -0.00147594 0.000605882 -1.33862e-05 -0.00258519 0.00156449 0.00270707 -0.00149035 0.000600481 -2.68501e-05 -0.00262953
236.702 0.434368 17.1845 0.265375 1.21337 9.09229e-05 -0.00100915 0.0896662 -0.995971 0.00367811 0.00212752 -0.00189035 6.56225e-05 0.000262146 -0.00336812 0.00324273 0.00275094 -0.00188289 6.56225e-05 0.000262146 -0.00336812
237.838 0.423405 17.1946 0.260013 1.23284 0.000174432 -0.000994811 0.0922844 -0.995732 0.00553875 0.000348295 -0.00186681 -0.000572654 -0.00019808 -0.00303002 0.00534811 0.00138887 -0.0017737 -0.000403279 -0.000349867 -0.0033598
238.512 0.416357 17.201 0.258587 1.24003 0.000182771 -0.000809909 0.0922816 -0.995733 0.00466857 0.000967258 -0.00101952 0.00029572 0.000677186 0.00305048 0.00454823 0.00174898 -0.000936977 0.00026815 0.000690587 0.00293068
239.216 0.412945 17.2072 0.259318 1.22642 8.9655e-05 -0.000689364 0.0913175 -0.995822 0.00453154 0.00139788 -0.00117629 -0.000287945 -7.18909e-05 0.00419242 0.00424046 0.00224351 -0.00131188 -0.000253586 -4.94564e-05 0.00421636
240.46 0.408868 17.2145 0.25754 1.19286 0.000254224 -0.000637406 0.0882326 -0.9961 0.00454825 0.00134569 -0.00133927 -0.000368199 -0.000707005 0.0194987 0.00424253 0.00212504 -0.00133276 -0.000368199 -0.000707005 0.0194987
241.696 0.403474 17.2205 0.255955 1.19696 0.000129797 -0.000570647 0.068751 -0.997634 0.00387098 0.000733854 -0.000169608 8.80457e-05 -0.000467896 0.0320452 0.0037339 0.00125798 -0.000164999 8.80457e-05 -0.000467896 0.0320452
242.82 0.4022 17.2223 0.256189 1.18788 -5.02726e-05 -0.000461126 0.0576104 -0.998339 0.00262601 7.60019e-05 -0.000290518 0.000213267 -6.98344e-06 -0.00141661 0.0026001 0.000377552 -0.000288127 0.000213267 -6.98344e-06 -0.00141661
243.5 0.401084 17.2246 0.255324 1.18824 8.25922e-05 -0.00038093 0.0623481 -0.998054 0.00317735 -0.000385289 0.000796169 -0.000360602 -0.000222513 -0.0204367 0.0032 1.29691e-05 0.000798572 -0.000360602 -0.000222513 -0.0204367
244.624 0.394629 17.2269 0.250916 1.20001 0.000228919 -0.00032988 0.0691234 -0.997608 0.00287426 1.48827e-06 0.000147479 0.000244742 -0.000142536 0.00477075 0.0028465 0.000397806 0.000149462 0.000244742 -0.000142536 0.00477075
245.27 0.393643 17.2261 0.249829 1.20494 0.00117593 0.000494598 0.0672545 -0.997735 -0.00172974 0.00533939 0.00213709 0.000884075 0.00170884 0.00386252 -0.0024282 0.00505406 0.0021514 0.000884075 0.00170884 0.00386252
245.97 0.397468 17.2214 0.251888 1.20753 0.00114003 0.000378655 0.06709 -0.997746 -0.00393276 0.00731111 0.00467985 -0.000228806 -7.61601e-05 0.000266897 -0.00487189 0.00670836 0.00469921 -0.000228806 -7.61601e-05 0.000266897
246.606 0.403759 17.2157 0.256743 1.21147 0.00114304 0.000350135 0.0671091 -0.997745 -0.00493339 0.00756715 0.00357268 -0.000414476 -0.000102997 0.000795535 -0.00580898 0.00684861 0.00395814 -0.000445351 -0.000287285 0.0008129
247.292 0.414167 17.2083 0.262316 1.20587 0.000215241 -0.000509664 0.0670098 -0.997752 -0.00233093 0.00246268 -0.000481958 -0.00155219 -0.000890171 -0.000890741 -0.00261398 0.00249399 -0.000397808 -0.00136881 -0.00127188 -0.00085403
247.942 0.417658 17.2043 0.263051 1.21713 0.000464147 -0.000624509 0.0671674 -0.997741 0.00034215 -0.000533827 0.000216013 -0.000223014 -0.000676741 -0.000210153 0.000410357 -0.00048337 0.000216011 -0.000223014 -0.000676741 -0.000210153
248.624 0.417885 17.205 0.266215 1.2402 0.000432821 -0.00063979 0.0671781 -0.997741 0.00161722 -0.000141079 0.000317508 0.000128879 -4.83218e-05 0.000281313 0.00162115 7.66844e-05 0.000319557 0.000128879 -4.83218e-05 0.000281313
249.366 0.42027 17.2051 0.270075 1.25455 0.000399367 -0.000719811 0.066913 -0.997759 0.00144189 0.000315722 -0.000128166 0.000170578 0.000142766 0.0010778 0.00133499 0.000483746 -3.11945e-05 0.000165497 0.00014541 0.00107018
250.034 0.420819 17.2072 0.272873 1.2538 0.000369815 -0.000802108 0.0664731 -0.997788 0.00189719 0.000624768 -0.000583652 0.000202237 7.79243e-05 0.000669722 0.00179845 0.000871405 -0.000580126 0.000202237 7.79243e-05 0.000669722
250.724 0.420489 17.2104 0.275458 1.25068 0.000313884 -0.000826276 0.0661495 -0.997809 0.00233804 0.00093158 -0.000526132 -3.75311e-05 0.000280693 0.000524031 0.00220501 0.00123253 -0.000583786 -3.16904e-05 0.000213125 0.000498452
251.878 0.422892 17.211 0.280056 1.24616 0.000223502 -0.00103635 0.0656556 -0.997842 0.000981288 0.00184529 -0.000381115 0.000131022 4.26099e-05 0.000314126 0.000731819 0.00195817 -0.000378484 0.000131022 4.26099e-05 0.000314126
252.602 0.422247 17.2144 0.281089 1.22976 0.000221541 -0.0011293 0.065503 -0.997852 0.00153126 0.00137059 -0.000733919 -0.000293317 -5.91995e-05 0.0017322 0.00134058 0.00155943 -0.000730018 -0.000293317 -5.91995e-05 0.0017322
253.298 0.419088 17.2206 0.28106 1.20977 0.000213245 -0.00111809 0.0648661 -0.997893 0.00224115 0.00113405 -0.000313148 1.42988e-05 -0.000145281 0.000704194 0.00207616 0.00141482 -0.000307766 1.42988e-05 -0.000145281 0.000704194
254.036 0.413844 17.2297 0.281362 1.21441 0.000188333 -0.00104549 0.0644469 -0.997921 0.00334589 0.00123928 0.000746684 0.000133533 -0.000755854 0.000355615 0.00315714 0.00165897 0.000754044 0.000133533 -0.000755854 0.000355615
254.748 0.404489 17.2412 0.281458 1.22527 0.000164449 -0.000840244 0.0639943 -0.99795 0.00408385 0.00160796 -0.000726693 0.000496507 6.13394e-05 0.00189668 0.00386685 0.00207784 -0.000661768 0.00047436 7.15259e-05 0.00189344
255.892 0.396281 17.2526 0.280019 1.21493 0.000181751 -0.000657305 0.0627011 -0.998032 0.00321417 0.00100472 0.00059522 -2.21686e-05 -0.000274163 0.00333633 0.00306238 0.00139882 0.000599792 -2.21686e-05 -0.000274163 0.00333633
257.024 0.393247 17.2572 0.281842 1.22326 0.00111438 4.65669e-06 0.0619055 -0.998081 -0.00231444 0.00878761 0.00449231 -0.000295058 -0.000291916 0.000533213 -0.00338196 0.00842424 0.00451155 -0.000295058 -0.000291916 0.000533213
258.204 0.402169 17.2565 0.294429 1.22906 0.00110072 6.91236e-05 0.0616599 -0.998097 -0.00364004 0.0117831 0.00438934 -7.13947e-05 -0.00067603 -0.00093745 -0.00506148 0.0112358 0.00441533 -7.13947e-05 -0.00067603 -0.00093745
259.402 0.408724 17.2606 0.305263 1.23566 0.000174316 -0.000343923 0.0643617 -0.997927 0.00242805 0.00356309 -0.000176308 -0.000814853 -0.000339342 -0.00706043 0.00195035 0.00384554 -0.000173505 -0.000814853 -0.000339342 -0.00706043
260.534 0.408816 17.2605 0.305748 1.23721 0.000243104 -0.000473482 0.0673475 -0.99773 0.00277946 0.00218753 -0.000766191 0.000119083 -7.82779e-05 -0.00611944 0.00246097 0.00254163 -0.000762551 0.000119083 -7.82779e-05 -0.00611944
261.284 0.40905 17.2616 0.306847 1.23347 0.000225549 -0.000464959 0.069037 -0.997614 0.0031371 0.00229465 -0.00024557 0.000500839 -0.000241275 -0.0048573 0.00271363 0.00265222 -0.000252817 0.000503084 -0.000210827 -0.00496768
262.054 0.409742 17.2627 0.309442 1.23963 0.000169445 -0.000453651 0.0702369 -0.99753 0.00274982 0.00231126 -0.000556918 -0.000133618 0.000531364 -0.00368769 0.00247819 0.00269884 -0.000668648 -7.09608e-05 0.000349052 -0.00367939
263.3 0.412776 17.2614 0.311656 1.25527 0.000124496 -0.000552764 0.0723314 -0.997381 0.0022096 0.00219032 -2.86108e-05 -4.49574e-05 -6.19451e-05 -0.00454606 0.00188672 0.00251521 -7.87686e-05 -9.70668e-05 -7.74893e-05 -0.00454196
264.554 0.408966 17.2631 0.307401 1.24622 0.000174204 -0.000643627 0.0745256 -0.997219 0.00266955 0.000871052 -0.00117605 5.7282e-05 -0.000457631 -0.00418974 0.0025119 0.00125869 -0.00117234 5.7282e-05 -0.000457631 -0.00418974
265.282 0.405024 17.2663 0.305226 1.2405 0.000192735 -0.000588059 0.0758116 -0.997122 0.00220716 0.000714142 -0.000826133 7.3057e-05 -0.000108534 -0.00411018 0.00206824 0.00101889 -0.000890324 7.50771e-05 -6.2136e-05 -0.00418062
266.038 0.402268 17.2691 0.303234 1.24557 0.000228686 -0.000519119 0.0769225 -0.997037 0.00188255 0.000111039 -0.00032164 -0.00016923 -0.000334416 -0.00292678 0.00183644 0.000427641 -0.000247868 -0.000271573 -0.000231279 -0.0029005
267.182 0.397638 17.2721 0.300622 1.24233 0.000267386 -0.000485341 0.0782206 -0.996936 0.00102582 -0.000468343 4.52164e-05 -5.80796e-05 1.62013e-05 -0.00352257 0.00108627 -0.000302651 4.60378e-05 -5.80796e-05 1.62013e-05 -0.00352257
267.83 0.398034 17.273 0.301799 1.23041 0.00135472 5.58431e-05 0.0791792 -0.99686 -0.0017706 0.00643396 0.00436781 0.00114081 0.00112965 -0.00128715 -0.00269116 0.00573732 0.00427601 0.00128626 0.00150988 -0.00149717
268.532 0.402127 17.274 0.30863 1.22175 0.00119544 7.24051e-05 0.0792311 -0.996856 -0.00218771 0.00969667 0.00438748 0.000467192 -9.55327e-05 -0.000104093 -0.0036905 0.00921892 0.00441059 0.000467192 -9.55327e-05 -0.000104093
269.264 0.408243 17.2733 0.315374 1.23516 0.000149037 -0.000455887 0.0799227 -0.996801 0.000198119 0.00348342 0.000256815 -0.00107363 -0.00116784 -0.0055209 -0.000359668 0.00347039 0.000257781 -0.00107363 -0.00116784 -0.0055209
269.986 0.412684 17.2735 0.321037 1.23864 0.000224779 -0.000507362 0.0819029 -0.99664 0.00127155 0.00206571 0.000274433 -0.000244386 8.39382e-05 -0.00699295 0.000905825 0.00240057 0.000182521 -0.000228289 5.85168e-05 -0.00689851
271.114 0.412269 17.2752 0.321545 1.25541 0.000312253 -0.000568226 0.0848874 -0.99639 0.00251563 0.000848212 -0.00023209 9.0266e-05 -0.000225467 -0.00603826 0.00230567 0.00125224 -0.000221793 9.86323e-05 -0.000275859 -0.00611506
271.814 0.412948 17.2764 0.322749 1.27213 0.000274391 -0.000605774 0.0861454 -0.996282 0.00238032 0.00108632 -0.000557396 0.000403323 1.18936e-05 -0.00424157 0.00207227 0.00146128 -0.000454491 0.000400722 0.000197585 -0.00418764
272.476 0.412992 17.2771 0.323403 1.27097 0.000263692 -0.000628753 0.0872651 -0.996185 0.00221755 0.000923622 -0.00130971 -5.67578e-05 8.03598e-05 -0.00457374 0.0020452 0.00130828 -0.00137287 -4.72154e-05 0.000111213 -0.00469572
273.18 0.411561 17.2794 0.323404 1.26239 0.000254438 -0.000623199 0.088404 -0.996085 0.00278122 0.000761415 -0.000694337 0.000151167 -0.000332356 -0.00331707 0.00260447 0.00123976 -0.000690457 0.000151167 -0.000332356 -0.00331707
273.878 0.409331 17.2832 0.323281 1.23705 0.000256574 -0.000580733 0.0896729 -0.995971 0.00316431 0.000555029 -0.00117388 4.52735e-05 -0.000520124 -0.00459688 0.00301558 0.00111204 -0.00116984 4.52735e-05 -0.000520124 -0.00459688
274.602 0.408369 17.2859 0.323564 1.22449 0.000240265 -0.000544919 0.0912297 -0.99583 0.00261245 0.000560641 -0.000913362 -0.000273063 0.000118112 -0.00282656 0.00250803 0.00108632 -0.00101663 -0.000324066 0.000100465 -0.00284238
275.306 0.405871 17.2887 0.321853 1.2228 0.000290157 -0.000523258 0.0922665 -0.995734 0.002848 -0.000103298 -0.000300006 1.55918e-05 -0.000180749 -0.0038085 0.00281878 0.000421969 -0.000296936 1.55918e-05 -0.000180749 -0.0038085
276.038 0.406508 17.2881 0.323392 1.22304 0.000256235 -0.000534085 0.0934319 -0.995625 0.00118497 0.000482009 1.31279e-05 -9.61942e-05 0.000846676 -0.0029914 0.00107459 0.000694045 1.46427e-05 -9.61942e-05 0.000846676 -0.0029914
276.718 0.407067 17.287 0.323492 1.23915 0.000257397 -0.000625568 0.0946186 -0.995513 0.000884372 5.11925e-05 0.000258125 -0.000219522 -0.000141631 -0.00538366 0.000858584 0.000216718 0.00025929 -0.000219522 -0.000141631 -0.00538366
277.398 0.409758 17.2867 0.327473 1.25045 0.000189785 -0.000693235 0.0962211 -0.99536 0.00052622 0.00140681 0.000484767 0.00051148 8.76954e-05 -0.00479609 0.00024635 0.00148131 0.000485856 0.00051148 8.76954e-05 -0.00479609
278.05 0.410584 17.2888 0.329516 1.25635 0.000167771 -0.000725541 0.0974139 -0.995244 0.00121624 0.00120443 -0.000621153 0.000322303 -0.000170129 -0.00563528 0.000960488 0.0014177 -0.000619124 0.000322303 -0.000170129 -0.00563528
278.782 0.408728 17.2916 0.328615 1.25608 0.000199579 -0.00074617 0.099179 -0.995069 0.00144914 0.000402566 -0.000564917 -0.000267577 -5.90016e-05 -0.00556528 0.00134199 0.000680985 -0.000562607 -0.000267577 -5.90016e-05 -0.00556528
279.908 0.404953 17.2995 0.328481 1.27229 0.000155189 -0.000655044 0.101237 -0.994862 0.00226092 0.000443997 -0.000518222 -3.62125e-05 2.38816e-05 -0.00407711 0.00212579 0.000890549 -0.000515126 -3.62125e-05 2.38816e-05 -0.00407711
280.592 0.400965 17.3028 0.326307 1.26997 0.000225048 -0.000598737 0.102319 -0.994751 0.00176874 1.72327e-05 -0.000235396 0.00015002 7.63896e-05 -0.00395414 0.00172846 0.000377057 -0.000233202 0.00015002 7.63896e-05 -0.00395414
281.276 0.397386 17.3085 0.325648 1.27137 0.000203764 -0.000451353 0.103377 -0.994642 0.00237618 6.09842e-05 0.000337239 4.61481e-05 -0.000399536 -0.00457081 0.00231256 0.000548166 0.000339491 4.61481e-05 -0.000399536 -0.00457081
281.97 0.396392 17.3115 0.326537 1.27928 0.00124966 5.00071e-05 0.104422 -0.994532 -0.000107425 0.00704178 0.00621281 0.00100689 0.000995841 -0.000509275 -0.00140854 0.00660563 0.0062951 0.00109456 0.00106842 -0.000569367
282.698 0.401777 17.3111 0.333857 1.2568 0.00110385 1.1057e-05 0.104376 -0.994537 -0.00108654 0.00986335 0.00581375 -0.000780281 -0.0003103 -0.000403586 -0.00310914 0.00941009 0.00583519 -0.000780281 -0.0003103 -0.000403586
283.35 0.403073 17.3104 0.334968 1.2464 0.000173055 -0.000472423 0.104843 -0.994489 0.000750373 0.00275461 -0.000371085 -0.00153128 -0.00137859 -0.00481078 0.000159793 0.0028507 -0.000369677 -0.00153128 -0.00137859 -0.00481078
284.532 0.407177 17.3103 0.339685 1.24435 0.000349743 -0.000386659 0.107728 -0.99418 0.00130762 0.000530425 -0.00119483 -9.61775e-05 0.000166765 -0.00488516 0.00124644 0.000825442 -0.00120117 -0.000131981 0.000118169 -0.00493173
285.676 0.406286 17.3104 0.338357 1.24882 0.000413401 -0.000463917 0.109587 -0.993977 0.00183997 -0.000512664 0.000148216 0.000195217 4.19039e-05 -0.00368095 0.00191561 -0.000111028 0.000133562 0.000243271 3.4373e-05 -0.0036055
286.412 0.407845 17.3113 0.340581 1.27077 0.000383432 -0.000461677 0.110864 -0.993836 0.00165771 0.000152919 0.000270483 0.000371754 0.000131986 -0.00360372 0.00158304 0.000514219 0.000272246 0.000371754 0.000131986 -0.00360372
287.076 0.41271 17.311 0.34558 1.2805 0.000276472 -0.000545737 0.111937 -0.993715 0.00134668 0.00116639 -0.000826347 0.000223253 0.000169787 -0.0037592 0.00105429 0.00143731 -0.000824304 0.000223253 0.000169787 -0.0037592
287.798 0.415629 17.311 0.349403 1.27605 0.000247886 -0.000651978 0.113114 -0.993582 0.00170767 0.00109649 -0.0012965 1.07727e-05 9.37756e-05 -0.00340505 0.00141911 0.00145311 -0.00129381 1.07727e-05 9.37756e-05 -0.00340505
288.544 0.415692 17.3149 0.351586 1.26208 0.000207891 -0.000646817 0.114229 -0.993454 0.00347414 0.000980918 -0.000408219 0.000183379 -0.000443777 -0.00440643 0.00316135 0.00174405 -0.000403328 0.000183379 -0.000443777 -0.00440643
289.194 0.414592 17.3172 0.352005 1.25726 0.000231052 -0.000682986 0.115407 -0.993318 0.0030839 0.000597682 -0.00039202 7.65065e-05 0.000257614 -0.00393931 0.00286298 0.00127188 -0.000258574 6.97659e-05 0.000206916 -0.00395524
289.924 0.414765 17.319 0.353188 1.26242 0.000199616 -0.00071298 0.116634 -0.993175 0.002678 0.000687954 -0.000320897 4.38313e-05 0.000104196 -0.00449809 0.00244619 0.00128984 -0.000316821 4.38313e-05 0.000104196 -0.00449809
290.61 0.415676 17.3221 0.355161 1.27673 0.000140295 -0.000710121 0.117908 -0.993024 0.00309603 0.0011819 -0.00108026 0.000200841 7.73732e-05 -0.00432299 0.00273467 0.00187452 -0.00107566 0.000200841 7.73732e-05 -0.00432299
291.268 0.416132 17.3272 0.358809 1.27476 3.0002e-05 -0.000692866 0.119209 -0.992869 0.00402087 0.00213375 -0.000651183 0.000374921 -0.000168163 -0.0031808 0.00340238 0.00302506 -0.000645847 0.000374921 -0.000168163 -0.0031808
291.968 0.415768 17.3295 0.359924 1.26988 2.5399e-05 -0.000748919 0.120508 -0.992712 0.00358404 0.00190556 -0.000662282 0.000189279 0.000299123 -0.00358377 0.003025 0.00270788 -0.000657178 0.000189279 0.000299123 -0.00358377
292.654 0.414539 17.331 0.358304 1.27208 4.66703e-05 -0.000821017 0.121561 -0.992584 0.00320928 0.00120998 -0.000980935 -0.000157542 -9.45421e-05 -0.00315397 0.00282402 0.00194896 -0.000975796 -0.000157542 -9.45421e-05 -0.00315397
293.382 0.409817 17.3344 0.355071 1.26171 5.17672e-05 -0.00077623 0.122736 -0.992439 0.00314941 0.000751214 -0.00111598 -0.000116404 0.000185191 -0.00328456 0.00290127 0.00155626 -0.00110421 -0.000150956 0.000179444 -0.00332679
294.502 0.401569 17.3402 0.348992 1.25509 0.000131571 -0.000669726 0.124011 -0.992281 0.00300776 -0.000469058 -0.000385937 -0.000297182 -0.000157625 -0.00230339 0.00305798 0.000295088 -0.000320052 -0.000625303 -0.000320212 -0.00213519
295.614 0.395952 17.3452 0.345638 1.26117 0.000147074 -0.000530794 0.125508 -0.992092 0.00201311 -0.000210084 0.000103615 6.08203e-05 -0.000126271 -0.00352839 0.0020019 0.000297817 0.000105776 6.08203e-05 -0.000126271 -0.00352839
296.824 0.395895 17.353 0.349486 1.2867 0.00119827 -4.73877e-05 0.12623 -0.992 0.0016008 0.00891397 0.00706868 0.00039326 -2.55271e-05 -0.000217 -0.00068116 0.00901389 0.00709038 0.00039326 -2.55271e-05 -0.000217
297.542 0.400115 17.3544 0.353718 1.30678 0.00128972 1.02474e-05 0.12629 -0.991993 0.00149603 0.00902359 0.00642563 -0.000196665 -0.000288818 5.68997e-05 -0.0008104 0.00909413 0.00644918 -0.000196665 -0.000288818 5.68997e-05
298.276 0.408147 17.3533 0.363691 1.32013 0.000276663 -0.000401804 0.11667 -0.993171 0.00254156 0.00460171 -0.00285415 0.000833501 -9.23919e-05 0.0636515 0.00132012 0.00531616 -0.00257661 0.00076534 -0.000190465 0.0608343
299.028 0.411499 17.3523 0.366823 1.33262 0.000351995 -0.000372623 0.0917658 -0.995781 0.00251333 5.42619e-05 0.000217552 -0.00325884 0.000965442 0.0672801 0.00246094 0.000512509 0.000219613 -0.00325884 0.000965442 0.0672801
300.182 0.414149 17.352 0.369468 1.32437 0.00028546 -0.000428631 0.0801188 -0.996785 0.00285143 -0.00279782 -0.000331207 -0.00105449 0.000167109 -0.0325035 0.00326196 -0.00230625 -0.000330039 -0.00105449 0.000167109 -0.0325035
301.34 0.415982 17.3519 0.371774 1.33915 0.000471124 -0.000515968 0.0967598 -0.995308 0.0031574 -0.00156688 -0.00102304 -0.000166591 0.000254912 -0.018235 0.00340103 -0.000928327 -0.00102083 -0.000166591 0.000254912 -0.018235
302.056 0.417071 17.3512 0.372345 1.33127 0.000466317 -0.000607094 0.100016 -0.994986 0.00309692 -0.00153431 -0.000848587 7.89475e-05 -0.000104476 -0.00667457 0.00334128 -0.00088635 -0.000845794 7.89475e-05 -0.000104476 -0.00667457
303.204 0.4201 17.3515 0.375906 1.32937 0.00043755 -0.00070152 0.102418 -0.994741 0.00274044 -0.00111914 -0.000759966 9.43228e-06 0.000150553 -0.00488249 0.00289615 -0.000548129 -0.000808532 3.62205e-05 9.34362e-05 -0.00494123
304.318 0.42115 17.3567 0.379292 1.33225 0.000412082 -0.000751606 0.104225 -0.994553 0.00390672 -0.00116206 -0.000963932 0.000210306 -0.000151254 -0.00459206 0.00406411 -0.000325949 -0.000958525 0.000210306 -0.000151254 -0.00459206
305 0.423487 17.3601 0.382813 1.31788 0.000366079 -0.000801011 0.105884 -0.994378 0.00413617 -0.00056307 -0.00124516 5.22152e-05 -3.74322e-05 -0.00724942 0.00409763 0.000287016 -0.00119825 -2.72469e-06 4.27197e-05 -0.00725771
305.666 0.424406 17.3631 0.384714 1.31766 0.000357525 -0.000881333 0.107834 -0.994169 0.00419669 -0.000500607 -0.000863781 -0.000116486 0.000140071 -0.00525758 0.00420253 0.000422728 -0.000820366 -0.000164729 8.95002e-05 -0.00532405
