87.182 0.428288 0.00259421 0.00438911 0.244178 0.000939445 -5.35114e-05 -0.0820615 -0.996627 0.000109346 0.0141994 0.522519 0.022395 0.0055839 0.535779 0.00229417 0.0130164 0.522545 0.022395 0.0055839 0.535779
87.456 0.507792 0.00239783 0.00913925 0.328162 -0.000114109 0.000130834 -0.151419 -0.98847 0.00108624 0.0113429 0.26644 0.00149531 -0.00677413 0.529 0.00450999 0.0105471 0.266436 0.00149531 -0.00677413 0.529
87.76 0.624038 0.00314196 0.0133763 0.435891 -0.000466913 0.00053104 -0.216467 -0.97629 0.000888673 0.00793178 0.204167 0.00301515 -0.001168 0.483969 0.00441087 0.00695203 0.204157 0.00301515 -0.001168 0.483969
88.078 0.672944 0.00234553 0.0156622 0.499631 -0.00067349 0.000576845 -0.282074 -0.959392 -0.000821868 0.00267322 0.165111 0.000383398 0.000731159 0.417513 0.00100125 0.00285229 0.165107 0.000383398 0.000731159 0.417513
88.462 0.710842 0.000244593 0.0156558 0.543724 -0.000542951 0.000303983 -0.351078 -0.936346 -0.00193162 -0.00148384 0.14766 0.000521501 0.000523446 0.345962 -0.00222653 0.000457311 0.148158 0.000579822 0.000922761 0.352278
89.568 0.678727 -0.000522941 0.0170418 0.494108 -0.000153463 0.000383371 -0.501307 -0.865269 -0.000536585 0.000226679 -0.0440873 0.000525427 0.00145392 0.292101 -0.00010627 0.000583488 -0.0440872 0.000525427 0.00145392 0.292101
90.58 0.664704 -0.00127934 0.00906968 0.480695 -0.000481807 -0.000258933 -0.535399 -0.844599 0.0100839 -0.00465494 -0.0226131 -0.00461678 -0.00148005 -0.126884 9.10811e-05 -0.0111308 -0.022601 -0.00461678 -0.00148005 -0.126884
91.52 0.669116 -0.00209665 0.00704331 0.487972 -0.000307518 -4.20734e-05 -0.479584 -0.877496 0.00303848 -0.00263396 -0.0138864 -0.000806022 0.00168604 -0.144743 -0.000579213 -0.00398777 -0.013884 -0.000806022 0.00168604 -0.144743
91.886 0.670839 -0.00214371 0.00221172 0.490187 -7.88702e-06 -0.000132296 -0.460073 -0.887881 0.00290807 -0.00457038 -0.0132857 -0.00259862 0.00147494 -0.132577 -0.0020539 -0.00501322 -0.0132854 -0.00259862 0.00147494 -0.132577
92.3 0.671305 -0.0021914 -0.0013718 0.491487 0.000393885 -0.00012019 -0.438857 -0.898557 0.00167265 -0.00349582 -0.00553696 0.000918509 0.00383976 -0.101009 -0.00182115 -0.00374284 -0.0102211 -0.00113226 -9.12742e-05 -0.105205
92.796 0.68286 0.00133943 0.0017446 0.512304 0.000984528 -0.00270876 -0.421625 -0.906766 0.0123599 0.00815404 0.0383256 -0.00172471 -0.00739406 -0.0622397 0.01398 -0.0041767 0.0384086 -0.00172471 -0.00739406 -0.0622397
93.806 0.693855 0.0102415 0.0105534 0.527187 0.00123859 0.000655972 -0.441624 -0.897199 0.000397608 0.00592887 -0.0242335 0.00534768 0.00188708 0.264885 0.00520571 0.0029675 -0.0245597 0.0046808 0.00385353 0.250423
94.216 0.692912 0.00967286 0.0156475 0.525602 0.000533238 0.000240314 -0.489434 -0.87204 -0.00200793 0.00446755 -0.0200011 0.00321592 -0.000574273 0.324907 0.00295776 0.00423848 -0.0202536 0.00346675 -0.000659376 0.32385
94.672 0.699147 0.00847186 0.0216762 0.531586 -0.000845292 -0.000575226 -0.538303 -0.842751 0.00187009 0.00151286 -0.0220928 0.00556481 -0.000398549 0.155061 0.00216025 -0.00110581 -0.0220905 0.00556481 -0.000398549 0.155061
95.116 0.705746 0.007963 0.0245693 0.540443 -0.000493168 -0.000284317 -0.544297 -0.838893 0.00631991 -0.00128181 -0.0252205 -0.00239152 0.000913343 -0.0539781 0.00149714 -0.00623789 -0.0246527 -0.00282768 0.000749336 -0.0425147
96.038 0.699223 0.00536235 0.02879 0.522458 0.00098077 0.000629115 -0.539607 -0.841917 -0.00517338 0.00451835 -0.0190666 0.00543472 -0.000445596 0.183912 0.00194474 0.00663207 -0.0190512 0.00543472 -0.000445596 0.183912
96.488 0.669504 0.00296975 0.0309893 0.473957 0.000119471 0.000179717 -0.582251 -0.813009 -0.00546845 0.00453574 -0.00501317 0.00224638 -0.000567947 0.266626 0.00253278 0.00663965 -0.00501088 0.00224638 -0.000567947 0.266626
96.976 0.650526 0.000397726 0.031247 0.456276 -0.00131698 -0.000929143 -0.618739 -0.785595 -0.000528409 0.00136834 0.00996596 0.00706064 0.000581907 0.0715277 0.00120812 0.000866406 0.00996302 0.00706064 0.000581907 0.0715277
97.488 0.646257 0.000701784 0.0312009 0.448923 -0.000880874 -0.000641994 -0.604199 -0.796833 0.00632105 -0.000617605 0.0121472 -0.00510714 0.000678602 -0.172855 0.00111179 -0.00622668 0.0121608 -0.00510714 0.000678602 -0.172855
97.92 0.649425 0.00224063 0.0310858 0.455034 -0.000383011 -0.000285734 -0.569957 -0.821674 0.00411463 0.000287764 0.0111545 -0.00343577 -0.0008998 -0.194394 0.00157176 -0.00380491 0.0109984 -0.00220258 -0.000538766 -0.197824
98.352 0.650445 0.00498785 0.0310865 0.458827 -0.000173134 5.02127e-05 -0.542675 -0.839943 0.00153018 0.000978386 0.0101773 -9.40295e-05 9.48574e-07 -0.135109 0.00152361 -0.000990428 0.0101771 -9.40295e-05 9.48574e-07 -0.135109
98.794 0.644339 0.00857289 0.0284917 0.453776 -3.70749e-05 3.65217e-06 -0.523453 -0.852055 0.000543236 0.000248397 0.0122533 -0.000474094 -7.48799e-05 -0.0894401 0.000447747 -0.000406831 0.0116979 -0.000462711 2.63275e-05 -0.0906342
99.214 0.641276 0.013757 0.0255289 0.457268 0.00058411 0.000392819 -0.512281 -0.858818 0.00204358 -0.000677594 0.0140378 -0.0111141 4.52352e-05 -0.0270749 0.000375828 -0.00213985 0.0140348 -0.0111141 4.52352e-05 -0.0270749
100.29 0.653196 0.0079574 0.0262558 0.470614 0.000113679 3.78883e-05 -0.575331 -0.817921 -0.00494423 0.0017946 0.0108056 0.000449584 0.000695657 0.218169 1.71398e-05 0.00525734 0.0108068 0.000449584 0.000695657 0.218169
100.75 0.668905 0.00652385 0.0256118 0.491311 0.000211539 -7.92248e-05 -0.612426 -0.790528 -0.00268088 -5.84988e-05 0.00458945 0.000922678 0.00072879 0.192916 -0.00111804 0.00240745 0.00502541 0.000837931 0.000842433 0.196387
101.19 0.677755 0.00502991 0.028111 0.499536 -2.52971e-05 -8.10479e-05 -0.640351 -0.768082 -0.000890242 0.00104218 0.00208772 -0.000324392 -0.000834614 0.160268 0.000864833 0.0010635 0.00208765 -0.000324392 -0.000834614 0.160268
102.114 0.68498 0.00607265 0.031309 0.507448 0.000114617 0.000145171 -0.684061 -0.729424 0.00264836 -0.00167264 0.000351469 0.00109796 0.0021383 0.105881 -0.00149937 -0.00275029 0.000350545 0.00109796 0.0021383 0.105881
102.584 0.685678 0.00586515 0.0303718 0.507586 -0.000772987 -0.000937373 -0.6817 -0.731631 0.00868321 -0.00234868 -6.74199e-05 -0.00303648 -0.000287408 -0.159379 -0.00182575 -0.0085146 0.000105046 -0.00221857 -0.000190478 -0.140999
103.034 0.683381 0.00530989 0.0286535 0.506343 -0.00016188 -0.000379945 -0.647871 -0.76175 0.00906063 -0.00374887 0.00105234 -0.00319711 0.000922408 -0.269396 -0.00224617 -0.00954414 0.00105856 -0.00319711 0.000922408 -0.269396
103.466 0.692267 0.00400687 0.0276357 0.517004 0.000188554 -0.000169805 -0.604408 -0.796675 0.00511722 -0.0036049 -0.00243231 -0.000386141 -0.00035477 -0.257947 -0.0020947 -0.0061062 -0.00218224 -0.000364829 -0.000329 -0.259811
104.434 0.686781 -0.000520957 0.0271558 0.504913 0.0012993 0.00038918 -0.559699 -0.828695 -0.00615578 -0.000990273 0.0016173 0.00490737 0.00104467 0.120071 -0.00321895 0.00533631 0.00162852 0.00490737 0.00104467 0.120071
105.476 0.691178 -0.00311616 0.0319373 0.508534 0.000188228 -0.000325656 -0.634325 -0.773066 -5.54728e-05 -0.00253448 0.000926347 -6.66759e-05 -0.000919196 0.167327 -0.0025021 -0.000167637 0.00103622 0.000234385 -0.000700567 0.17166
106.028 0.681078 -0.00431935 0.0364319 0.49202 0.000168207 -0.000134597 -0.661021 -0.750368 0.00163519 -0.00296241 0.00610537 0.000102446 -1.92906e-06 0.116706 -0.00273515 -0.00199616 0.00610407 0.000102446 -1.92906e-06 0.116706
106.53 0.680253 -0.00925895 0.0397474 0.48668 5.36717e-05 -0.000252495 -0.678982 -0.734155 0.000382668 -0.00313211 0.00876755 0.00118404 -0.000716158 0.0982857 -0.00309663 -0.000623393 0.00876634 0.00118404 -0.000716158 0.0982857
106.994 0.683115 -0.0112649 0.0416732 0.485295 -5.62154e-05 -0.000351555 -0.694017 -0.719958 0.00144222 -0.00405962 0.00775485 4.97823e-05 -1.02026e-05 0.0864548 -0.00403996 -0.00137632 0.00730995 0.000169694 3.3525e-05 0.0870999
107.512 0.68397 -0.010761 0.0441347 0.491166 0.00233538 -0.00169773 -0.708279 -0.705927 0.00215736 -0.00200407 0.0459566 -0.0120065 0.0597402 0.0699035 -0.00227338 -0.00219168 0.0459425 -0.0120065 0.0597402 0.0699035
107.94 0.698228 -0.0112124 0.0509233 0.505131 0.0038771 -0.00299887 -0.716789 -0.697273 -0.00196147 0.0222962 0.0423542 0.000253 -0.00880988 0.0545457 0.0219282 0.00129835 0.0425712 0.000253 -0.00880988 0.0545457
108.826 0.746481 -0.0165365 0.0939273 0.555687 0.00342264 -0.00288762 -0.730324 -0.683086 -0.00470538 0.0424234 0.0436738 -0.000196398 0.000217805 0.0321302 0.0418166 0.00201898 0.0441616 0.000103592 0.000367938 0.0333462
109.406 0.779027 -0.0182697 0.123356 0.581674 0.00427178 -0.00342613 -0.734644 -0.678431 -0.00461475 0.0502178 0.0505428 -0.000525134 -0.00105784 0.0230331 0.0494079 0.000622444 0.0510994 -0.00054105 -0.00120116 0.0232182
110.298 0.819329 -0.0278696 0.183835 0.625376 0.00505787 -0.00320495 -0.741877 -0.67051 -0.0110465 0.0616966 0.0434545 0.0016895 -7.61221e-05 0.0396267 0.061605 0.0044789 0.0441849 0.00172089 -3.01546e-05 0.0390715
110.804 0.855575 -0.03859 0.222816 0.658595 0.00557667 -0.00397131 -0.748978 -0.662559 -0.0145616 0.0686182 0.0471311 0.000692987 -0.000618695 0.0421926 0.0692338 0.00601353 0.0480869 0.000692987 -0.000618695 0.0421926
111.292 0.873773 -0.0480519 0.268533 0.674688 0.0062738 -0.00570323 -0.754386 -0.656377 -0.0135693 0.0825389 0.0393281 -0.000470752 -0.00287853 0.0206524 0.0818457 0.0024237 0.0405642 0.000325476 -0.000943961 0.0233636
111.814 0.891993 -0.0590923 0.320554 0.694903 0.00638651 -0.00554133 -0.755837 -0.654705 -0.0132294 0.0932119 0.041463 -0.000703557 8.79775e-06 2.29978e-05 0.0934312 -0.000202919 0.0430491 -0.000703557 8.79775e-06 2.29978e-05
112.43 0.917929 -0.0707787 0.391317 0.726097 0.00669954 -0.00571513 -0.755421 -0.655181 -0.014019 0.103719 0.0374978 0.000124865 -0.00117018 -0.00390085 0.103606 -0.000788238 0.0393629 0.000199364 -0.00170577 -0.00375743
112.974 0.902407 -0.0783106 0.449899 0.747729 0.00731432 -0.00613008 -0.754585 -0.656132 -0.0138866 0.109618 0.0398202 -0.000451306 -0.000261017 -0.00225006 0.109704 -0.0014883 0.0419208 -0.000451306 -0.000261017 -0.00225006
113.508 0.893576 -0.0871161 0.512987 0.774347 0.00711337 -0.00593858 -0.754195 -0.656585 -0.0143104 0.113654 0.0392145 -0.000160516 0.000577223 -0.00163564 0.113795 -0.00149351 0.0413295 -0.000160516 0.000577223 -0.00163564
114.066 0.886015 -0.0970983 0.584895 0.796753 0.00713385 -0.00589185 -0.753791 -0.657049 -0.0144761 0.116554 0.0379292 1.78873e-05 0.00132057 -0.00124472 0.116718 -0.00158833 0.0400942 1.78873e-05 0.00132057 -0.00124472
114.946 0.872774 -0.113883 0.693642 0.811816 0.00741266 -0.00576748 -0.7541 -0.656692 -0.0168614 0.118045 0.0379183 0.000310523 0.000206975 0.00978303 0.118232 0.000365882 0.0396984 0.000287177 0.000486008 0.00957759
115.822 0.851596 -0.134159 0.808542 0.825234 0.00725573 -0.00580401 -0.75662 -0.653789 -0.017547 0.121289 0.0391187 -0.000310326 0.00104914 0.00876649 0.121669 -0.000127604 0.0415477 -0.000335664 0.000832681 0.00923026
116.7 0.888168 -0.152384 0.918742 0.881531 0.0072833 -0.00542877 -0.758193 -0.651967 -0.0181554 0.120866 0.0341274 -9.17862e-05 0.000715189 0.00967179 0.121501 -0.000127626 0.0366337 -0.000178784 0.000673715 0.00906186
117.256 0.897366 -0.164282 0.989798 0.900075 0.00792556 -0.00600617 -0.76004 -0.649801 -0.0196771 0.125673 0.0363306 -0.000121974 -0.00120795 0.0129204 0.125934 -6.19077e-05 0.0401705 0.000374214 -0.00129424 0.0129225
117.806 0.914737 -0.178204 1.06106 0.916199 0.00820496 -0.00568235 -0.762374 -0.64706 -0.0235761 0.130602 0.0120443 0.00109129 -0.000712055 0.0204035 0.132432 0.00200792 0.0146818 0.00109129 -0.000712055 0.0204035
118.424 0.936035 -0.198497 1.14852 0.932578 0.0084429 -0.00542338 -0.766521 -0.642142 -0.0274314 0.135675 0.00808642 -0.00368733 -0.00406322 0.026886 0.138094 0.00291662 0.0108475 -0.00442015 -0.00436904 0.0264604
119.088 0.94907 -0.22219 1.23556 0.933557 0.00869558 -0.00582723 -0.772477 -0.634957 -0.0325607 0.138516 0.00901684 0.00051836 0.000530983 0.0360757 0.14198 0.00511067 0.011988 0.00051836 0.000530983 0.0360757
119.664 0.975925 -0.247104 1.31785 0.945037 0.00893566 -0.00666855 -0.777784 -0.628432 -0.0337956 0.144299 0.00943889 -0.000296982 -0.000561486 0.0222462 0.1475 0.0027866 0.0127883 -0.000303529 -0.000647934 0.0231087
120.378 1.01595 -0.275 1.41857 0.957295 0.00934968 -0.00711794 -0.780901 -0.624545 -0.035618 0.151346 0.0099349 0.0066711 0.00160709 0.0127883 0.155197 0.00147776 0.0135856 0.0066711 0.00160709 0.0127883
121.058 1.02187 -0.300531 1.5243 0.967036 0.00979229 -0.00788376 -0.781714 -0.623511 -0.0349845 0.162451 0.0105683 -0.000573644 -0.00178408 -0.00282969 0.165845 -0.00201008 0.0147427 -0.000573644 -0.00178408 -0.00282969
121.722 1.00671 -0.325507 1.6363 0.984366 0.0101613 -0.00787527 -0.780683 -0.624795 -0.0359331 0.168343 -0.000293764 -0.000915374 4.44532e-05 -0.0036206 0.171785 -0.00189802 0.00411922 -0.00116323 0.000334506 -0.00380451
122.402 0.99776 -0.350162 1.74822 0.992071 0.0100657 -0.00719082 -0.780772 -0.624694 -0.0382814 0.168039 -0.000997843 0.000812601 0.00191534 0.00522947 0.172316 0.000480101 0.00326039 0.000812601 0.00191534 0.00522947
123.084 0.988402 -0.376885 1.85609 0.987005 0.0094675 -0.00795437 -0.7822 -0.622905 -0.0387128 0.168931 -0.000877091 0.0033757 0.000617444 0.00572623 0.173279 -8.57662e-05 0.00340755 0.0033757 0.000617444 0.00572623
123.738 0.984549 -0.401977 1.96997 0.982422 0.00959443 -0.00775866 -0.781346 -0.623976 -0.0354063 0.170183 -0.00543952 -0.00274618 0.00240674 -0.00804647 0.173881 -0.0031141 -0.00114879 -0.00274618 0.00240674 -0.00804647
124.432 0.971103 -0.43 2.09023 0.969751 0.00992674 -0.00753329 -0.780522 -0.625004 -0.0385652 0.171907 -0.0161863 0.000255044 0.000150005 0.000475785 0.176457 -2.63972e-05 -0.011826 0.000120505 0.00011556 -1.47236e-05
125.092 0.970437 -0.458259 2.20369 0.96816 0.00971263 -0.00752951 -0.781014 -0.624393 -0.0398854 0.171521 -0.0148469 0.000300549 0.000363945 0.00309778 0.176422 0.00110285 -0.0122128 0.00053526 0.000692315 0.00314937
125.972 0.960286 -0.494004 2.34765 0.952755 0.00991842 -0.00747429 -0.782362 -0.622701 -0.0416526 0.170181 -0.000514712 0.000344661 0.000173831 0.0118068 0.175146 0.0024064 0.00383659 0.000344661 0.000173831 0.0118068
126.68 0.945673 -0.517267 2.45855 0.946061 0.00933382 -0.00777818 -0.783552 -0.621208 -0.0368672 0.17067 0.0116126 -0.00151298 0.000926005 -0.00221666 0.174246 -0.00302418 0.0158517 -0.00151298 0.000926005 -0.00221666
127.592 0.949475 -0.548001 2.60662 0.949226 0.00994273 -0.00738757 -0.781326 -0.624 -0.0354869 0.169323 0.00553519 -0.000770924 1.16154e-05 -0.00700168 0.172721 -0.00292057 0.00971654 -0.000987972 0.000217807 -0.00739696
128.51 0.960814 -0.582941 2.76047 0.962837 0.00975267 -0.0070723 -0.780769 -0.624704 -0.0381408 0.170933 0.026879 -0.00433254 -0.00502907 0.00474974 0.174587 -0.000404599 0.030213 -0.00491146 -0.00655137 0.00403116
129.398 0.970141 -0.621241 2.91133 0.966234 0.00985316 -0.00726384 -0.783225 -0.621617 -0.0419245 0.171693 0.0264824 0.000344746 0.000388279 0.0120324 0.176027 0.0018185 0.0307997 0.000344746 0.000388279 0.0120324
130.03 0.974248 -0.646702 3.01951 0.974485 0.0100369 -0.00736162 -0.785056 -0.619299 -0.0418895 0.173969 0.0282055 -0.000292545 -0.00017323 0.0105948 0.178158 0.000218692 0.0325297 -0.000286672 -0.000207164 0.0106857
130.894 0.907609 -0.682578 3.16886 0.961636 0.0100429 -0.00778164 -0.786126 -0.617935 -0.0399724 0.177173 0.0010046 -0.000874387 0.000146709 -0.00356437 0.181517 -0.00300541 0.00561771 -0.000874387 0.000146709 -0.00356437
131.832 0.784481 -0.717809 3.32065 0.984033 0.00952821 -0.00598526 -0.785441 -0.618835 -0.0403415 0.16488 0.0164135 0.000628159 0.00290292 0.0119551 0.169606 0.000244781 0.0202437 0.000441124 0.00300405 0.010792
132.416 0.714298 -0.742305 3.40908 1.01686 0.00743565 -0.00494859 -0.788651 -0.614776 -0.0391574 0.150929 0.0117178 0.000104077 0.00517303 0.024303 0.155689 0.00112312 0.0144948 0.000104077 0.00517303 0.024303
133.1 0.647046 -0.766468 3.5014 1.03642 0.00155566 0.00025457 -0.796343 -0.604844 -0.0309008 0.117863 -0.00282579 -0.00232835 -0.00673717 0.112459 0.125927 -0.00163858 -0.00207706 -0.00491254 -0.0225703 0.0940846
133.812 0.606364 -0.78643 3.56437 1.04865 0.00262929 -0.0018866 -0.835929 -0.548828 -0.0228966 0.0805804 -0.0150399 0.00271729 0.00174537 0.252399 0.0842546 -0.0107648 -0.0141077 0.00284076 0.00165997 0.252424
134.492 0.587379 -0.801149 3.60255 1.04083 0.0027655 -0.00209274 -0.875354 -0.483471 -0.0173654 0.0659255 -0.00991042 -0.00983438 0.000504759 0.249594 0.0651147 -0.0204168 -0.00944342 -0.00983438 0.000504759 0.249594
135.176 0.568653 -0.809724 3.6398 1.03975 0.00260125 -0.00202987 -0.925346 -0.379109 -0.0169004 0.0566237 -0.00617223 0.0032229 -0.00149764 0.407564 0.0518088 -0.0285001 -0.00579235 0.0032229 -0.00149764 0.407564
135.936 0.555024 -0.820026 3.67032 1.04468 0.00196117 -0.00259301 -0.967084 -0.254436 -0.0128096 0.0499476 -0.0134804 -0.000105716 -0.000842727 0.324278 0.0357997 -0.0372301 -0.013148 -0.000105716 -0.000842727 0.324278
136.784 0.54989 -0.834294 3.6984 1.03707 0.00145392 -0.0025429 -0.993659 -0.112402 -0.0117125 0.0399806 -0.00660572 0.000699065 -0.000153975 0.354336 0.0203698 -0.0363847 -0.00636335 0.000699065 -0.000153975 0.354336
137.866 0.537663 -0.847475 3.74008 1.03368 0.00103111 -0.0050126 -0.999555 0.0294005 -0.0109928 0.0444585 0.00285825 0.0213213 0.00118788 0.00370129 0.00836333 -0.0435916 0.00322718 0.025362 0.000939162 0.0572238
138.586 0.524006 -0.855711 3.78225 1.03203 0.00118287 -0.00267339 -0.995417 -0.095583 -0.010357 0.0567199 0.000384612 -0.00656864 -0.00344518 -0.571034 0.0209595 -0.0537099 0.000718407 -0.00656864 -0.00344518 -0.571034
139.342 0.517905 -0.865819 3.81437 1.0432 0.00113685 -0.00156293 -0.959582 -0.281422 -0.0066297 0.0406714 -0.0127212 -0.000504786 0.000236348 -0.483809 0.0277419 -0.0313551 -0.0123825 -0.000325223 0.000216338 -0.488839
140.07 0.514279 -0.871822 3.83696 1.04181 0.00140259 -0.00131217 -0.913346 -0.40718 -0.00458923 0.0298453 -0.0108043 -0.000132027 0.000939797 -0.34297 0.0253052 -0.0165489 -0.0106917 -0.000132027 0.000939797 -0.34297
140.734 0.511422 -0.875493 3.85408 1.03846 0.00161713 -0.00117689 -0.870757 -0.49171 -0.00413308 0.0233047 -0.0090399 -0.000288205 0.000264322 -0.250388 0.0221265 -0.00850038 -0.00894815 -0.000288205 0.000264322 -0.250388
141.494 0.511265 -0.881592 3.87045 1.04385 0.00168302 -0.00116186 -0.830573 -0.556906 -0.00487062 0.0179929 -0.0126919 0.000239628 0.000475544 -0.184939 0.0186998 -0.0025021 -0.012208 0.000268888 0.000430446 -0.187183
142.098 0.510724 -0.886858 3.88762 1.03747 0.00158108 -0.000974823 -0.80294 -0.596056 -0.00583946 0.0170493 0.00016386 0.000377013 -0.00241617 -0.149474 0.0180979 0.000495501 0.000615957 0.000460853 -0.00244593 -0.150768
142.756 0.510596 -0.890894 3.90704 1.02184 0.00115254 -0.00061875 -0.777168 -0.629292 -0.00496401 0.0146647 0.00620829 -0.000641476 -0.00121345 -0.115626 0.0153604 0.00180242 0.00624867 -0.000641476 -0.00121345 -0.115626
143.51 0.506835 -0.890882 3.92022 1.03848 0.00113931 -0.000438859 -0.753816 -0.657085 -0.00305457 0.00867258 0.00208371 -0.000349484 -0.000883005 -0.0855615 0.00900351 0.00184062 0.00210591 -0.000349484 -0.000883005 -0.0855615
144.116 0.500313 -0.890361 3.92993 1.04933 0.00105509 -0.000189269 -0.738184 -0.674599 -0.00221093 0.00574781 -0.00159545 0.000151267 -0.00108774 -0.0646826 0.00612846 0.00165189 -0.00120508 0.000106173 -0.00114583 -0.0652893
145.044 0.483568 -0.892469 3.94857 1.05778 0.00253925 -0.00189069 -0.72037 -0.693583 -0.00178194 0.0214113 -0.0018562 4.59606e-05 -0.00140886 -0.0441243 0.0211909 0.000964215 -0.00174519 8.19843e-05 -0.00231249 -0.0448873
145.714 0.441256 -0.893913 3.96916 1.04815 0.00226642 -0.00157114 -0.710617 -0.703574 -0.00159241 0.0236555 -0.000883462 0.000124794 -0.000123988 -0.0344071 0.0236746 0.00135753 -0.000753576 0.000124794 -0.000123988 -0.0344071
146.372 0.434588 -0.89644 3.99203 1.04943 0.00163185 -0.000908305 -0.703199 -0.710991 -0.00185863 0.020832 -0.00112863 0.000184236 0.00164243 -0.0280867 0.0208141 0.00208919 -0.0010518 0.000184236 0.00164243 -0.0280867
147.332 0.430467 -0.898364 4.01709 1.04414 0.00166984 -0.000909551 -0.694008 -0.719965 -0.00153598 0.0175881 0.000613769 2.62427e-05 0.000391368 -0.0187329 0.0175176 0.00217974 0.000679807 2.62427e-05 0.000391368 -0.0187329
148.062 0.427013 -0.901922 4.03512 1.04864 0.00155474 -0.000889192 -0.688679 -0.725064 -0.00226587 0.016874 7.74344e-05 0.000584222 -2.92637e-05 -0.012445 0.0167946 0.00307037 0.000217988 0.000583626 6.88457e-05 -0.0126279
148.78 0.428268 -0.906494 4.05567 1.04406 0.00131133 -0.000797519 -0.684866 -0.728668 -0.0028239 0.0177879 0.000814825 0.000377069 -0.000634608 -0.0092546 0.0176147 0.00392326 0.000772436 0.000478697 -0.000631275 -0.0093144
149.488 0.426116 -0.90779 4.06874 1.04757 0.00134336 -0.000812222 -0.682084 -0.731272 -0.00204008 0.0161962 -9.58845e-05 -0.000108707 0.000405021 -0.00746748 0.0161 0.00318487 -9.61185e-05 -0.000106049 0.00045349 -0.00760738
150.206 0.42558 -0.909106 4.0824 1.0461 0.00143006 -0.000456832 -0.68179 -0.731546 -0.00288228 0.0165323 0.000158739 0.000254218 -0.000463853 0.029161 0.0162594 0.00393441 0.000422208 5.24522e-05 -0.000486404 0.0268002
150.882 0.427535 -0.909415 4.0951 1.03149 0.00119124 -0.000562695 -0.692633 -0.721289 -0.00236214 0.0161241 0.00038543 0.000204821 0.000229962 0.0571091 0.0160873 0.00310953 0.000270045 0.000122119 -3.39945e-05 0.0571868
151.582 0.431628 -0.908547 4.10393 1.0102 0.0011505 -0.000696923 -0.700236 -0.71391 0.000148722 0.0153867 0.00101008 -0.000903041 0.000346602 0.0173615 0.0154679 0.00023489 0.000975554 -0.000924905 0.000285011 0.0185407
152.242 0.430208 -0.91104 4.11266 1.02066 0.00123355 -0.000688649 -0.701163 -0.713 -0.00045992 0.0155853 0.000605731 -9.22962e-05 -0.000545627 0.0013612 0.0156081 0.000700428 0.000582579 -2.59004e-05 -0.00063777 0.00159451
152.942 0.430268 -0.915095 4.11916 1.03351 0.00119437 -0.000721642 -0.700634 -0.713519 -0.00157746 0.0141801 0.000651597 0.000396729 0.000225444 0.00126719 0.0141472 0.00183511 0.000691118 0.000396729 0.000225444 0.00126719
153.662 0.429556 -0.918959 4.12527 1.05347 0.00122135 -0.000765592 -0.701064 -0.713097 -0.00214139 0.0131065 0.000358514 6.05221e-05 -7.64736e-05 0.009953 0.013041 0.00239165 0.000562913 1.55505e-05 3.62778e-05 0.0092042
154.58 0.42927 -0.919604 4.13865 1.05436 0.00114154 -0.000702685 -0.704222 -0.709979 -0.00110054 0.0132188 -0.000533656 -0.000295246 0.000166885 0.0124618 0.0132347 0.00128422 -0.000417529 -0.000350718 0.000149644 0.0125218
155.256 0.43236 -0.920082 4.15004 1.03894 0.00106228 -0.000644348 -0.706416 -0.707795 -0.000980856 0.0139697 1.07358e-06 -4.49051e-05 -0.000110765 0.0090631 0.0139738 0.00109974 3.79e-05 -3.90351e-05 -0.000161375 0.00928813
156.116 0.432268 -0.918659 4.16162 1.03461 0.00102296 -0.00067982 -0.704016 -0.710183 0.000972617 0.0135957 -0.000324982 -0.000642861 -0.000141247 -0.0282391 0.0136361 -0.000910458 -0.000265701 -0.000882343 -0.000252209 -0.0269038
156.794 0.433591 -0.918952 4.17077 1.0329 0.00106062 -0.000612087 -0.696404 -0.717649 0.000575424 0.0137559 0.000156812 -9.01494e-05 -0.000366177 -0.0304744 0.0137033 -0.000190407 0.000172026 -8.86171e-05 -0.000251349 -0.0308745
157.486 0.435095 -0.919758 4.18004 1.03165 0.00106227 -0.000591985 -0.68946 -0.724322 0.000323624 0.0135997 0.000214624 -4.47072e-05 -8.65512e-05 -0.0217916 0.013662 0.000311173 0.000342165 -1.47846e-05 -0.000128362 -0.0223599
158.152 0.436137 -0.921818 4.18641 1.04035 0.00106587 -0.000665964 -0.685061 -0.728484 5.90867e-05 0.0131737 0.000342374 -0.000250338 0.000107893 -0.0154614 0.0131728 0.000799765 0.000562009 -0.00016186 2.23533e-05 -0.0157036
158.772 0.437973 -0.921366 4.19136 1.03009 0.00114487 -0.000688096 -0.681974 -0.731375 0.000742158 0.0123246 -0.00017592 -0.00027999 0.000333838 -0.0122211 0.0123467 0.00012028 -0.000144125 -0.00027999 0.000333838 -0.0122211
159.64 0.436705 -0.922951 4.20076 1.04533 0.00119541 -0.000740313 -0.678472 -0.734625 0.000193404 0.0124629 0.000225965 0.000372722 -0.000151173 -0.00740537 0.0124383 0.000795953 0.00026027 0.000372722 -0.000151173 -0.00740537
160.352 0.436847 -0.924898 4.21158 1.04687 0.00110389 -0.000706017 -0.676556 -0.73639 0.000168805 0.0126981 -0.000268301 -6.5776e-05 7.85782e-05 -0.00620479 0.0126676 0.000905496 -0.000235601 -6.5776e-05 7.85782e-05 -0.00620479
161.136 0.43417 -0.926033 4.2216 1.06668 0.00113693 -0.000743806 -0.674666 -0.738122 0.000289388 0.0123025 -7.77609e-05 -0.000111198 -0.000206811 -0.00545636 0.0123106 0.000828377 0.000633671 -0.00015586 -0.000243631 -0.00550051
161.812 0.435564 -0.925817 4.23151 1.05542 0.00109826 -0.000683532 -0.673429 -0.73925 0.000522727 0.0123421 0.000393835 4.10062e-06 -0.000323583 -0.00421858 0.0123196 0.000632346 0.000466554 -1.11358e-05 -0.000358772 -0.00425738
162.512 0.435304 -0.926026 4.24277 1.05703 0.00107579 -0.000680234 -0.6722 -0.740369 0.000640583 0.0125946 -0.000168494 -0.000407759 0.000221914 -0.00267707 0.0125982 0.000575274 -0.000137194 -0.000407759 0.000221914 -0.00267707
163.496 0.429705 -0.927715 4.25544 1.07538 0.00105497 -0.000704939 -0.67112 -0.741347 0.0002768 0.0123294 0.000327927 2.31481e-05 0.000242573 -0.00101866 0.0122952 0.000947352 0.000358774 2.31481e-05 0.000242573 -0.00101866
164.256 0.433702 -0.927877 4.26342 1.06515 0.00105866 -0.000654965 -0.670486 -0.741921 0.000710371 0.0109824 -0.000197079 -0.000143201 -0.000183484 -0.00148528 0.0109869 0.000402774 -0.000337083 -0.000206261 -0.00018355 -0.00153659
165.178 0.423673 -0.929163 4.27337 1.08094 0.00112221 -0.000755202 -0.669758 -0.742578 0.00061407 0.0106313 0.000900652 -7.37396e-07 0.000199082 0.000349117 0.0106393 0.000489174 0.00094252 -2.57386e-05 0.000170607 0.000464743
165.85 0.42313 -0.93181 4.28193 1.0759 0.000966644 -0.000628341 -0.669482 -0.742828 -0.00033457 0.00976271 -1.09489e-05 0.000734191 0.000118415 -0.00135352 0.00970239 0.00122194 -0.000201763 0.000649349 0.000148294 -0.00131444
166.756 0.43835 -0.931093 4.29631 1.06486 0.000930693 -0.000535773 -0.668669 -0.74356 0.000825932 0.0104972 -8.8951e-05 -0.00015341 -0.000440997 -0.00018088 0.0105259 0.000288975 -6.72707e-05 -0.00015341 -0.000440997 -0.00018088
167.496 0.439958 -0.928975 4.30603 1.0586 0.00115231 -0.00070794 -0.668412 -0.74379 0.00175146 0.0119198 0.000381301 -8.73822e-05 -0.000381287 -0.00048226 0.0119762 -0.000464064 0.000291474 -0.000174755 -0.000389348 -0.000429527
168.562 0.426786 -0.92952 4.31981 1.08012 0.00116301 -0.000728064 -0.667951 -0.744204 0.00163164 0.0123286 0.00122845 -4.20074e-05 2.76982e-06 -0.000883356 0.0124186 -0.000289422 0.00123429 -5.80647e-05 4.04276e-05 -0.000885681
169.286 0.40783 -0.931309 4.32912 1.09177 0.000966242 -0.000553786 -0.667654 -0.744471 0.00108659 0.0110035 -0.00029492 -9.87011e-05 0.000288366 -0.000953951 0.0110571 0.000113637 -0.000271458 -9.87011e-05 0.000288366 -0.000953951
170.196 0.404275 -0.932502 4.34236 1.09617 0.00068777 -0.00024903 -0.667447 -0.744657 0.000722413 0.008908 7.16482e-05 -7.17355e-05 7.3913e-05 0.00116174 0.00893356 0.000253078 8.33386e-05 -7.17355e-05 7.3913e-05 0.00116174
170.832 0.399053 -0.933134 4.34782 1.10184 0.000666006 -0.00021814 -0.667712 -0.74442 0.000666839 0.00753861 -0.000318554 4.23476e-06 0.000148413 0.00139866 0.00756686 0.0001539 -0.000309259 4.23476e-06 0.000148413 0.00139866
171.72 0.394654 -0.936856 4.35428 1.10565 0.000843772 4.42429e-05 -0.667897 -0.744253 -0.00228928 0.00682207 -0.0203522 1.28281e-05 -0.000284033 0.000240488 0.00654463 0.00299481 -0.0203394 7.68811e-05 -0.000218054 0.000207174
172.406 0.397951 -0.940036 4.3595 1.10099 0.000798565 0.000123373 -0.667895 -0.744255 -0.00309181 0.0071271 -0.0218214 0.000501167 -0.000224237 0.000378043 0.00677141 0.00387183 -0.0218102 0.000501167 -0.000224237 0.000378043
173.132 0.420261 -0.946398 4.36186 1.07723 0.00075603 4.68254e-05 -0.667966 -0.744192 -0.00367235 0.00643328 -0.0201211 -0.000406994 5.48218e-05 0.000193396 0.00601951 0.0043674 -0.0201103 -0.000406994 5.48218e-05 0.000193396
173.806 0.432738 -0.948529 4.36307 1.06654 0.000748981 -0.000395174 -0.667864 -0.744282 -0.00082214 0.00725164 -9.93316e-05 -0.000764122 -0.000462911 -0.00147644 0.00712073 0.00159994 -8.70799e-05 -0.000764122 -0.000462911 -0.00147644
174.702 0.440073 -0.94891 4.3679 1.04923 0.000966584 -0.0004316 -0.667307 -0.744782 0.000874208 0.00925396 -0.00087329 -0.000273056 -0.000446937 -0.00126811 0.00929278 0.000172592 -0.00088932 -0.000314193 -0.000628115 -0.00140547
175.608 0.464064 -0.95125 4.37195 1.0357 0.00114262 -0.000681204 -0.667277 -0.744809 0.000166302 0.00828829 3.1916e-05 0.000578576 0.000766883 -0.000264682 0.00825656 0.00074208 5.34731e-05 0.000578576 0.000766883 -0.000264682
176.524 0.462218 -0.952601 4.37862 1.03705 0.00152968 -0.00110258 -0.667129 -0.74494 0.000943296 0.0105577 0.000207315 -0.000451096 0.000539492 0.000415107 0.0106318 0.000269323 0.000126093 -0.000556303 0.000432916 0.000354087
177.214 0.460689 -0.951833 4.38842 1.04105 0.00157867 -0.00107731 -0.667235 -0.744845 0.00150565 0.0116255 -9.01577e-05 -0.000131563 -3.01096e-05 0.000462112 0.0117208 -0.000222461 -4.68592e-05 -0.000131563 -3.01096e-05 0.000462112
177.896 0.453274 -0.952313 4.40258 1.05016 0.00153093 -0.00108148 -0.667348 -0.744744 0.00106395 0.0126629 -0.000358946 0.000111294 0.000277478 0.00172676 0.0126207 0.000289032 -0.000317976 9.16427e-05 0.000352715 0.00167664
178.578 0.444644 -0.955745 4.41816 1.05745 0.00132735 -0.00102679 -0.667712 -0.744418 -7.10641e-05 0.013351 -1.87332e-05 0.000343604 -0.000123354 0.000183925 0.0132823 0.00148958 -0.000107324 0.000428237 -0.00021144 0.00026494
179.19 0.432102 -0.955701 4.43327 1.07155 0.00120991 -0.000819917 -0.667562 -0.744553 0.00063035 0.0134276 0.000317328 3.17124e-05 0.000896277 0.000122058 0.0135248 0.000813442 0.000398931 -6.08377e-05 0.000868362 7.44799e-05
179.784 0.417023 -0.957433 4.44343 1.08734 0.00103968 -0.000710211 -0.667668 -0.744458 1.48924e-05 0.0118278 0.000708562 0.000146446 0.000571302 -0.000556033 0.0117579 0.00126736 0.000738082 0.000146446 0.000571302 -0.000556033
180.632 0.400353 -0.959646 4.45711 1.09918 0.000866302 -0.000571155 -0.667608 -0.744512 -0.00045885 0.00948918 -0.000103677 5.92705e-05 6.15258e-05 -0.00129205 0.00938341 0.00148669 -8.40597e-05 5.92705e-05 6.15258e-05 -0.00129205
181.312 0.396147 -0.960968 4.46449 1.1064 0.000667964 -0.000366187 -0.667499 -0.74461 -0.000749139 0.00649015 0.000313208 -3.08111e-05 0.000888536 -0.00152391 0.00636953 0.00145124 0.000323095 -3.08111e-05 0.000888536 -0.00152391
182.006 0.397357 -0.962131 4.47207 1.10151 0.0010018 -0.000420036 -0.667277 -0.744809 -0.00187392 0.00825114 -0.0212555 0.000225206 -0.000902676 -0.000336052 0.00803808 0.0027858 -0.0212371 0.000225206 -0.000902676 -0.000336052
182.688 0.403174 -0.963917 4.4777 1.09557 0.000841231 -0.000655734 -0.667352 -0.744741 -0.00118586 0.00784563 -0.0203956 -0.00027239 0.000181455 -0.000511015 0.00771185 0.00204384 -0.0203787 -0.00027239 0.000181455 -0.000511015
183.572 0.402347 -0.964103 4.48575 1.09903 0.000638113 -0.000378781 -0.667237 -0.744845 -0.000677982 0.00607987 -1.70519e-05 -5.09095e-05 -0.000147399 -0.00134075 0.00604646 0.00136766 -5.95597e-05 -3.216e-05 -0.000195991 -0.00129828
184.24 0.405466 -0.963984 4.49084 1.09239 0.000622488 -0.000353871 -0.666992 -0.745064 -0.000559539 0.00540093 -0.000327468 -0.000137087 0.000141331 -0.00160102 0.00530676 0.00115169 -0.000319739 -0.000137087 0.000141331 -0.00160102
184.866 0.419627 -0.963926 4.49603 1.08189 0.000620485 -0.000361471 -0.666774 -0.74526 -0.000469717 0.00583558 1.71719e-05 -7.04696e-05 -0.000154984 -0.000522 0.00574755 0.00111354 2.55175e-05 -7.04696e-05 -0.000154984 -0.000522
185.836 0.421433 -0.962002 4.50181 1.08152 0.000834791 -0.000523442 -0.666838 -0.745202 0.000492657 0.00701436 -0.000157963 1.39087e-06 -0.000232091 -0.00031767 0.00702608 0.000286618 -0.000144503 1.39087e-06 -0.000232091 -0.00031767
186.498 0.41774 -0.961549 4.50723 1.08394 0.000816865 -0.000534454 -0.666903 -0.745144 0.000404657 0.00736625 5.75842e-05 -7.82502e-05 0.000131298 -0.000220631 0.00736574 0.000411609 7.1684e-05 -7.82502e-05 0.000131298 -0.000220631
187.146 0.421685 -0.960409 4.51468 1.08048 0.000730307 -0.000413027 -0.666985 -0.745071 0.000816111 0.00784284 0.000328475 -0.00035714 -2.47982e-05 -0.000316482 0.00788447 5.34494e-05 0.000341038 -0.00035714 -2.47982e-05 -0.000316482
187.826 0.434262 -0.95814 4.51943 1.0559 0.000873966 -0.000472889 -0.666909 -0.745139 0.00137305 0.00730803 -0.00150421 -0.000105136 3.61074e-05 0.00029171 0.00741778 -0.000556356 -0.00149071 -0.000105136 3.61074e-05 0.00029171
188.55 0.47394 -0.958784 4.52633 1.02412 0.000975986 -0.000665574 -0.666875 -0.745168 0.00114162 0.00914122 6.62105e-06 1.46937e-05 -0.000501013 -0.00136039 0.00915542 -0.000128582 -3.39708e-05 7.82037e-05 -0.00056353 -0.00129872
189.48 0.477409 -0.961491 4.53767 1.01658 0.001392 -0.0012133 -0.666389 -0.745602 0.000930668 0.0149454 -0.000422797 0.00014902 0.000187926 -0.00221344 0.0149408 0.000671399 -0.00026008 1.07334e-05 -5.86583e-05 -0.00217308
190.47 0.481637 -0.961979 4.55262 1.01012 0.00149981 -0.00133792 -0.665729 -0.746191 0.00137089 0.0162405 0.000264566 -0.000198115 0.000358887 -0.00138994 0.0162808 0.000497668 0.000430607 -0.000281724 0.000329824 -0.00137964
191.07 0.478107 -0.960922 4.56607 1.02068 0.00154201 -0.00140584 -0.665487 -0.746407 0.00152381 0.0182048 -9.90176e-05 5.78412e-05 -0.000499516 -0.00203104 0.0182599 0.000566099 -2.29763e-05 5.78412e-05 -0.000499516 -0.00203104
191.702 0.473788 -0.959851 4.58195 1.02827 0.00150547 -0.00138285 -0.665093 -0.746758 0.00141632 0.0191609 1.87449e-05 0.000101582 -0.000464297 -0.00175036 0.0191962 0.00080233 9.71612e-05 0.000101582 -0.000464297 -0.00175036
192.314 0.463366 -0.958671 4.59659 1.04191 0.00141218 -0.00131526 -0.664871 -0.746956 0.00127643 0.0192525 -5.57499e-05 6.16142e-05 0.000160285 -0.0013358 0.0193213 0.000953535 8.54713e-05 5.73134e-05 9.26435e-06 -0.0013469
193.032 0.446581 -0.956701 4.61146 1.05663 0.00137795 -0.00122936 -0.664573 -0.747221 0.00124693 0.0175115 -0.000146184 0.000226299 0.000437225 -0.000439545 0.017627 0.000671507 -0.000173998 7.78486e-05 0.000448561 -0.000460304
193.696 0.433526 -0.956824 4.62425 1.06914 0.00116039 -0.00110341 -0.664504 -0.747283 0.00059245 0.015228 -0.000222122 -0.000110706 0.000877352 -0.00150447 0.0151935 0.00119129 -0.000173317 -0.000110706 0.000877352 -0.00150447
194.38 0.423947 -0.955932 4.63757 1.07819 0.00101748 -0.000973799 -0.66416 -0.747589 0.000408284 0.0131253 0.000205813 -0.000682181 0.000617505 -0.00118134 0.0131563 0.00122783 0.000213339 -0.000737409 0.000782384 -0.00125734
195.062 0.430694 -0.950759 4.64951 1.0655 0.000963941 -0.000730058 -0.664095 -0.747647 0.00166815 0.0120072 -0.000932541 -1.24433e-05 0.000264858 -0.000321557 0.0121223 -0.000239773 -0.000903903 -1.24433e-05 0.000264858 -0.000321557
195.714 0.445713 -0.949835 4.66123 1.05478 0.000996199 -0.000874729 -0.664114 -0.747631 0.00112126 0.0128956 0.000203906 -0.000281309 -0.000898998 -0.000113554 0.0129373 0.000406942 0.000238079 -0.000281309 -0.000898998 -0.000113554
196.318 0.448067 -0.947696 4.67226 1.05243 0.00116878 -0.000995943 -0.664141 -0.747606 0.00187103 0.0152 0.000114567 -0.000189064 -0.00114866 0.000326396 0.0153142 -6.7009e-05 0.00016112 -0.000189064 -0.00114866 0.000326396
196.95 0.449853 -0.944776 4.68354 1.03654 0.00116153 -0.000942923 -0.664299 -0.747465 0.00237221 0.0158018 -0.000724167 -0.000109379 0.00036914 -0.000653152 0.0160326 -0.000483001 -0.000781241 -0.000122967 0.000381342 -0.000632969
197.646 0.447443 -0.941988 4.69332 1.00579 0.00120312 -0.000945473 -0.664232 -0.747525 0.00268558 0.0163736 -0.000241373 -9.08755e-05 -0.000498624 -0.000727691 0.0165765 -0.000741461 -0.000191851 -9.08755e-05 -0.000498624 -0.000727691
198.306 0.444449 -0.939944 4.70791 1.00339 0.00109408 -0.000826443 -0.664131 -0.747615 0.00275229 0.0173591 0.000547922 -0.000278641 9.90139e-05 -6.31612e-05 0.0175609 -0.000687484 0.000594774 -0.000278641 9.90139e-05 -6.31612e-05
199.074 0.441889 -0.938303 4.7178 1.00492 0.00112491 -0.000851059 -0.664163 -0.747587 0.00269883 0.0152333 0.000343287 -0.000371094 0.00075147 -0.000400454 0.0155698 -0.000827323 0.00034512 -0.000302786 0.00077644 -0.000351293
199.804 0.43907 -0.938335 4.72771 1.02551 0.00110923 -0.000819629 -0.664203 -0.747551 0.0020131 0.0149786 6.85165e-05 0.000365856 -0.000122867 0.00046832 0.0151277 -0.000305486 0.000242507 0.00024981 -0.000254359 0.000383882
200.494 0.439752 -0.93938 4.73836 1.03539 0.00101662 -0.000800614 -0.664427 -0.747352 0.00157212 0.0145641 2.6825e-06 -1.2778e-05 0.000298695 0.0014408 0.0146479 0.000143707 4.00654e-05 -1.2778e-05 0.000298695 0.0014408
201.218 0.438814 -0.93861 4.74648 1.05732 0.00108044 -0.000835308 -0.664755 -0.74706 0.00188444 0.0137756 0.000580616 -0.000275567 0.00014584 0.000140007 0.0139847 -0.000252428 0.000415942 -0.000367003 -2.71413e-05 0.00016943
201.904 0.424102 -0.937329 4.75548 1.07785 0.00109418 -0.000809802 -0.664786 -0.747032 0.00192166 0.0132696 -0.0001734 0.000108322 0.000375911 0.000464098 0.0136256 -0.000420148 -6.55534e-05 8.85701e-05 0.00031832 0.000422886
202.578 0.418564 -0.937689 4.76227 1.08237 0.000939142 -0.00067417 -0.664825 -0.746998 0.00138122 0.0108843 -0.000199865 6.32811e-05 0.000192435 -0.000566726 0.0109715 -0.000109069 -0.000175169 6.32811e-05 0.000192435 -0.000566726
203.238 0.408715 -0.938115 4.76998 1.09532 0.000892523 -0.000635534 -0.66477 -0.747047 0.001017 0.00962581 0.000371367 0.000190829 0.000120282 -0.00119394 0.00967797 0.000107836 0.000392095 0.000190829 0.000120282 -0.00119394
203.86 0.405791 -0.938939 4.77769 1.09534 0.000741436 -0.000502881 -0.664559 -0.747235 0.000608906 0.00816447 -0.000333199 -7.73976e-05 0.000130076 -0.00145258 0.00821288 0.000345568 -0.000281441 -3.21521e-05 0.00032687 -0.00154871
204.624 0.406224 -0.937292 4.78567 1.09593 0.000732407 -0.00042966 -0.664479 -0.747306 0.00132272 0.0070525 -3.47472e-05 -0.000403489 -0.000123561 -0.00118474 0.00715884 -0.000488948 -2.34381e-05 -0.000403489 -0.000123561 -0.00118474
205.252 0.404424 -0.936407 4.79237 1.09851 0.000698325 -0.000362542 -0.66431 -0.747457 0.00116254 0.00704918 0.000282492 0.000113051 0.000268955 -0.00122479 0.00713649 -0.000327208 0.000292797 0.000113051 0.000268955 -0.00122479
205.896 0.408293 -0.93651 4.80029 1.09527 0.000596794 -0.00030042 -0.664228 -0.747529 0.00110326 0.00747372 0.000198013 -0.000398376 -0.000127117 -0.00149186 0.00755135 -0.000216791 0.000207285 -0.000398376 -0.000127117 -0.00149186
206.602 0.404601 -0.932961 4.80632 1.0978 0.000703497 -0.000238718 -0.664132 -0.747615 0.00212983 0.00758165 -2.05983e-05 0.000152604 -0.000291967 -0.000827446 0.00777985 -0.00122142 -1.14492e-05 0.000152604 -0.000291967 -0.000827446
207.208 0.411359 -0.93367 4.80968 1.09059 0.000615937 -0.00017771 -0.66402 -0.747715 0.00145303 0.00678918 -5.17439e-05 0.000550825 0.000279823 -8.78732e-05 0.00695154 -0.000719325 -2.51585e-05 0.000565712 0.000368479 -0.000129143
207.826 0.411288 -0.9349 4.81273 1.09089 0.000689297 -0.000285442 -0.664108 -0.747636 0.00136841 0.00719499 1.10445e-06 7.78013e-06 -0.000566908 -0.000576451 0.00722258 -0.000613257 -2.52217e-05 -0.000102234 -0.000538644 -0.000537577
208.776 0.398437 -0.938031 4.81725 1.10338 0.000625952 -0.000303417 -0.664051 -0.747687 0.000838266 0.00657373 0.000314232 -0.000505626 9.4821e-05 -0.00103716 0.00662631 -5.63977e-05 0.000322718 -0.000505626 9.4821e-05 -0.00103716
209.384 0.404736 -0.938499 4.82015 1.09588 0.000687087 0.000234293 -0.664017 -0.747717 -0.00126325 0.00500478 -0.0195217 0.000496229 0.000928678 -0.000775157 0.00483142 0.0018719 -0.0195165 0.000496229 0.000928678 -0.000775157
210.074 0.404979 -0.940311 4.81852 1.09582 0.00059244 -0.000294352 -0.663886 -0.747834 -0.000510137 0.00355944 -0.000295946 -0.000281785 -4.86644e-05 -0.000715762 0.00347426 0.000928519 -0.000291224 -0.000281785 -4.86644e-05 -0.000715762
210.784 0.409675 -0.941804 4.81917 1.09044 0.000605813 -0.00028498 -0.663792 -0.747917 -0.000318433 0.00358729 -0.000303096 5.52516e-05 -0.00068996 -0.000700397 0.00349133 0.000721818 -0.000314596 0.000106919 -0.000680632 -0.000719052
211.422 0.411206 -0.94349 4.82224 1.09056 0.000630876 -0.00035185 -0.663679 -0.748017 -0.000539247 0.00387898 2.09823e-05 9.42741e-05 -3.83591e-05 -0.00022532 0.00380041 0.000947521 7.43082e-05 4.93628e-05 -3.84544e-05 -0.000224686
212.064 0.408608 -0.94611 4.82501 1.09119 0.000608373 -0.000421976 -0.66362 -0.748069 -0.00109798 0.00399285 -0.00060307 4.90078e-05 -0.000273587 -0.000326473 0.00383434 0.00156637 -0.000597005 4.90078e-05 -0.000273587 -0.000326473
213.06 0.432502 -0.94804 4.82821 1.06229 0.000568991 -0.000444746 -0.663677 -0.748019 -0.00141998 0.00299055 -0.000687073 0.000199096 0.000303552 -0.00119969 0.00282834 0.00181157 -0.000861138 0.000326734 0.000356959 -0.00122944
213.71 0.441776 -0.946832 4.83232 1.05946 0.000897061 -0.00078537 -0.663516 -0.748161 -0.000516483 0.00575039 0.000215433 -0.000307582 -0.00087543 -4.74325e-05 0.00564695 0.00119985 0.000229152 -0.000307582 -0.00087543 -4.74325e-05
214.358 0.421056 -0.944146 4.83699 1.08409 0.00102475 -0.000862481 -0.663668 -0.748026 0.000250918 0.00753628 0.00100077 1.30677e-05 -0.000155206 0.000497304 0.00748654 0.000651122 0.00107836 -1.26361e-05 -0.000315502 0.000548094
215.014 0.418679 -0.943171 4.8433 1.0824 0.000745498 -0.000581317 -0.663845 -0.74787 -7.61005e-05 0.00610314 1.97957e-06 -1.96022e-05 0.00039489 -0.000214124 0.00605101 0.000799516 1.35046e-05 -1.96022e-05 0.00039489 -0.000214124
215.624 0.414318 -0.941873 4.84898 1.08633 0.000759653 -0.000595862 -0.663901 -0.74782 8.21921e-05 0.00486285 -0.000240361 -0.000515849 0.000693775 -0.00103035 0.00489967 0.000490724 -0.000203539 -0.000512376 0.000645844 -0.00107631
216.28 0.414821 -0.94121 4.85472 1.08173 0.000739105 -0.00057443 -0.663814 -0.747897 2.43727e-06 0.0042997 -0.000398156 -0.000271809 0.000257071 -0.000399476 0.00419902 0.00053064 -0.000393647 -0.000355159 0.00032191 -0.000432814
216.97 0.426536 -0.939722 4.86246 1.07091 0.000720003 -0.000549721 -0.663855 -0.747861 8.89508e-05 0.00483055 -0.000423505 6.67043e-05 -0.000187966 -0.000695418 0.0048172 0.000471662 -0.000434552 3.31181e-05 -0.000247557 -0.000689095
217.618 0.435686 -0.938446 4.87037 1.06535 0.000831407 -0.000686307 -0.663784 -0.747923 0.000343448 0.00663871 -1.60911e-05 -0.000121389 2.01121e-05 -0.000286671 0.00663252 0.000447535 -1.81259e-06 -0.000121389 2.01121e-05 -0.000286671
218.31 0.436604 -0.937795 4.87657 1.06567 0.000946524 -0.000849677 -0.663635 -0.748056 0.000319167 0.00788542 0.000339123 -7.93815e-05 -0.000118335 -0.00096277 0.00786637 0.000622761 0.000359186 -7.93815e-05 -0.000118335 -0.00096277
218.97 0.429018 -0.935709 4.88391 1.07416 0.00096581 -0.000815097 -0.663351 -0.748308 0.000909311 0.00893412 9.91527e-05 -0.00016042 -0.000396566 -0.000154964 0.00893302 0.000178421 -1.77159e-06 -0.000181025 -0.000405954 -0.000177581
219.654 0.426384 -0.93446 4.89169 1.07494 0.000872352 -0.000721964 -0.66332 -0.748335 0.000777124 0.00826411 -0.000388242 -7.89364e-06 0.000232318 -0.000811918 0.00829951 0.000197355 -0.000376785 -5.04962e-05 0.000409254 -0.000827575
220.3 0.429958 -0.931235 4.89936 1.08089 0.000876234 -0.000655155 -0.663208 -0.748434 0.00135457 0.00787566 0.000289563 -9.93186e-05 0.00031619 -0.000485964 0.0080164 -0.000399312 0.00032289 -0.000124917 0.000286372 -0.000489951
221.252 0.42716 -0.929718 4.91064 1.07557 0.00089099 -0.000720838 -0.663079 -0.748548 0.000976716 0.00871788 -0.000463492 -7.62204e-05 -0.000120768 -0.00024221 0.00878257 8.66138e-05 -0.000565108 -4.08154e-05 -0.000329776 -0.000310271
221.88 0.430506 -0.928575 4.91751 1.0645 0.000878892 -0.000695018 -0.663248 -0.748399 0.00112769 0.00844844 -0.00151342 -3.49195e-05 5.42746e-05 -0.000811766 0.00852606 -0.00010339 -0.00149465 -3.49195e-05 5.42746e-05 -0.000811766
222.544 0.428355 -0.927464 4.92541 1.04405 0.000920068 -0.00072549 -0.663114 -0.748517 0.00122594 0.00892992 0.000309871 -0.000100937 2.44695e-05 -0.00177248 0.00901185 -0.000140566 0.000330598 -0.000100937 2.44695e-05 -0.00177248
223.504 0.427684 -0.927196 4.94098 1.05665 0.000779002 -0.000646211 -0.662878 -0.748727 0.000916691 0.0105032 0.000113638 -5.53917e-05 -0.000605026 -0.0005931 0.0105367 0.000362862 0.000134829 -5.53917e-05 -0.000605026 -0.0005931
224.132 0.425517 -0.924908 4.9471 1.06766 0.000856768 -0.000618489 -0.662829 -0.748771 0.00163512 0.00950482 0.000105299 -0.0001338 0.000421367 -0.000191982 0.0096098 -0.000473733 0.000222992 -0.000178288 0.000426241 -0.000184895
224.842 0.426019 -0.926008 4.95373 1.06782 0.00080076 -0.000645338 -0.662867 -0.748737 0.000621398 0.00893269 -0.000191974 0.000343568 0.000340098 -0.000604861 0.00894252 0.000466013 -0.000173679 0.000343568 0.000340098 -0.000604861
225.544 0.426796 -0.926559 4.96017 1.0599 0.000795674 -0.000668642 -0.662819 -0.748779 0.000607347 0.00921218 -0.000550249 -3.16786e-06 -0.00059046 -0.000705453 0.00921892 0.000515119 -0.000531138 -3.16786e-06 -0.00059046 -0.000705453
226.6 0.426539 -0.925849 4.97042 1.05356 0.000817906 -0.000686889 -0.662707 -0.748878 0.000753075 0.00886844 -4.88516e-05 -0.000295596 2.05287e-06 -6.33301e-05 0.00885678 0.000302927 -6.92941e-05 -0.000354034 3.27767e-05 -8.89335e-05
227.212 0.426527 -0.92561 4.97691 1.05156 0.000757727 -0.000697952 -0.662724 -0.748863 0.000236874 0.00916184 -0.000176207 1.04406e-05 -0.000159429 4.5579e-05 0.00914882 0.000900741 -0.000116952 4.08135e-05 -0.000184395 4.33273e-05
227.848 0.424177 -0.922229 4.98471 1.05498 0.000759267 -0.000626381 -0.662802 -0.748794 0.00123462 0.00976969 0.000738384 -0.00038442 -0.000262119 -0.000168775 0.00984586 -3.9811e-05 0.000757519 -0.00038442 -0.000262119 -0.000168775
228.482 0.421891 -0.919914 4.99115 1.05009 0.000746168 -0.000567332 -0.66293 -0.748681 0.00126557 0.00919066 -0.000333126 3.78309e-05 9.29778e-05 -0.000120217 0.00927687 -0.000143647 -0.00031612 3.78309e-05 9.29778e-05 -0.000120217
229.176 0.421157 -0.919007 4.99353 1.04124 0.000816916 -0.000644518 -0.663136 -0.748499 0.00107382 0.00706209 -5.00718e-05 -1.44538e-05 0.000268933 -0.000702928 0.00714011 -0.000214983 -3.5526e-05 -1.44538e-05 0.000268933 -0.000702928
230.168 0.418742 -0.915666 4.99942 1.04071 0.000890977 -0.000622087 -0.663259 -0.748389 0.00176649 0.006272 0.000375781 -0.000101429 0.000208285 -0.000400622 0.00643803 -0.00100014 0.000388877 -0.000101429 0.000208285 -0.000400622
231.162 0.414854 -0.910927 5.00912 1.04587 0.000903228 -0.000519889 -0.663284 -0.748367 0.00240602 0.00660615 0.000246822 7.83842e-05 -0.000479383 6.33591e-05 0.0068468 -0.00159532 0.000259298 7.83842e-05 -0.000479383 6.33591e-05
231.834 0.41407 -0.908933 5.01781 1.03449 0.000826253 -0.000394474 -0.663474 -0.748199 0.0026521 0.00659081 -0.000277541 -0.000211884 0.000223236 -0.000303044 0.00688457 -0.00185865 -0.000371143 -0.000305888 0.000288646 -0.000282721
232.904 0.415455 -0.909548 5.02625 1.04834 0.000829264 -0.00041226 -0.663487 -0.748187 0.00200104 0.00583721 -2.31199e-06 1.57323e-05 3.73226e-05 -0.000254403 0.00603459 -0.00128873 7.1571e-06 1.57323e-05 3.73226e-05 -0.000254403
233.642 0.415319 -0.908247 5.03451 1.04619 0.00083882 -0.000351761 -0.663569 -0.748115 0.00244775 0.00706693 -0.000734901 0.000222324 -0.00098832 -0.000778606 0.00730975 -0.00158622 -0.000724168 0.000222324 -0.00098832 -0.000778606
234.266 0.419214 -0.910773 5.04279 1.05377 0.000730159 -0.000331045 -0.663487 -0.748188 0.00149705 0.00752459 0.000536574 0.000147572 -0.000103795 -0.00140857 0.00769063 -0.000638572 0.000522172 0.000213047 -9.20666e-05 -0.00143324
235.308 0.426126 -0.91667 5.0505 1.04644 0.000729546 -0.000491154 -0.663275 -0.748375 3.93115e-05 0.00734203 -8.36301e-06 0.000137186 -0.000115966 -0.0011777 0.00729358 0.000842983 4.42859e-06 0.000137186 -0.000115966 -0.0011777
236.308 0.421636 -0.917812 5.06093 1.01116 0.00074444 -0.000502493 -0.663017 -0.748604 0.000447475 0.00906661 0.000525298 -3.9671e-05 -4.35799e-05 -0.00148078 0.00905333 0.000650952 0.000541339 -3.9671e-05 -4.35799e-05 -0.00148078
237.054 0.41946 -0.917007 5.06728 1.00733 0.000701572 -0.000432074 -0.662859 -0.748744 0.000672114 0.00849201 -0.000211528 -0.000235558 0.000190731 0.000325088 0.00850879 0.00036786 -0.000108687 -0.000270874 0.000198575 0.000312807
237.69 0.418635 -0.916237 5.0706 1.015 0.000716956 -0.000450139 -0.662928 -0.748682 0.000784151 0.00725618 0.000458254 -5.34018e-05 0.000400065 0.000814478 0.00730267 0.00022053 0.000439755 4.87485e-05 0.000506853 0.000861849
238.382 0.415956 -0.914841 5.07384 1.02915 0.000741653 -0.000415717 -0.663107 -0.748524 0.000969907 0.00685538 0.000302599 8.80416e-05 0.00017807 0.000705432 0.00694715 -0.000154512 0.000358858 7.55681e-05 0.000110184 0.000736151
239.042 0.416198 -0.914805 5.07835 1.02879 0.000693728 -0.00038926 -0.663273 -0.748377 0.000910811 0.00671201 -0.000108029 -0.000233479 -0.000261538 4.48298e-05 0.00672772 -7.85153e-05 -0.00023364 -0.000158467 -0.00021083 4.92445e-05
239.662 0.416728 -0.915158 5.08159 1.01879 0.000716507 -0.000400442 -0.663386 -0.748277 0.000583424 0.00599554 0.000137889 0.000545301 0.00034519 -0.000818524 0.00602203 0.000139199 0.000147298 0.000545301 0.00034519 -0.000818524
240.31 0.42041 -0.91771 5.08313 1.00858 0.000714342 -0.000513408 -0.663273 -0.748377 -0.000195641 0.00531171 0.00016038 2.79986e-05 0.000143635 -0.000860554 0.00524945 0.000832301 0.000169712 2.79986e-05 0.000143635 -0.000860554
241.392 0.422339 -0.919338 5.09152 1.01798 0.000692424 -0.000557898 -0.66303 -0.748592 -0.000482364 0.00646524 0.000794556 -4.6456e-05 -4.20219e-05 -0.000872449 0.00635824 0.00125947 0.000806081 -4.6456e-05 -4.20219e-05 -0.000872449
242.006 0.422015 -0.91943 5.09636 1.03661 0.000735981 -0.000599588 -0.662939 -0.748673 -0.000276725 0.00642396 0.000692859 -8.58473e-05 0.000111013 -0.000400574 0.00634194 0.00105193 0.000705065 -8.58473e-05 0.000111013 -0.000400574
243.078 0.42254 -0.920135 5.10565 1.05153 0.000698489 -0.000628061 -0.662819 -0.748779 -0.000544468 0.0069474 -0.000782889 -1.31891e-05 -0.000456242 -0.000570643 0.00678228 0.00140649 -0.000722824 -2.62531e-05 -0.000319435 -0.000594463
243.72 0.418297 -0.915706 5.11102 1.03704 0.000787114 -0.000567253 -0.662736 -0.748852 0.000909469 0.00660936 0.00043348 -0.000253112 0.000208431 -0.000220499 0.00667006 -9.94765e-05 0.000446064 -0.000253112 0.000208431 -0.000220499
244.364 0.41515 -0.913628 5.11651 1.04976 0.000710151 -0.000507171 -0.662798 -0.748798 0.000674603 0.00655532 5.49699e-06 7.74623e-05 -1.88707e-05 -0.000353951 0.00658871 0.000126175 1.67532e-05 7.74623e-05 -1.88707e-05 -0.000353951
245.066 0.413513 -0.912552 5.12409 1.05616 0.000630099 -0.00044066 -0.662741 -0.748848 0.000483901 0.00642786 -0.000496677 1.0804e-05 0.000182314 0.000563024 0.00651131 0.000315257 -0.000145666 1.90975e-05 0.000155215 0.000559102
245.72 0.412601 -0.911947 5.12775 1.04817 0.000637673 -0.000451553 -0.662844 -0.748758 0.000424964 0.00563123 -0.000702561 -7.38837e-05 0.000211667 0.000390598 0.00560401 0.000255023 -0.000698479 -6.55336e-05 0.000220439 0.000388773
246.428 0.411879 -0.911491 5.13333 1.04812 0.000609112 -0.000429866 -0.662889 -0.748717 0.000397808 0.00560173 -0.000295048 -3.95146e-05 -9.15832e-05 0.000282522 0.00560909 0.000283907 -0.000286811 -3.95146e-05 -9.15832e-05 0.000282522
247.106 0.411617 -0.911315 5.13612 1.04754 0.000608728 -0.000467925 -0.663054 -0.748571 0.000141477 0.00476692 -0.000550479 -1.36027e-05 0.000204179 -0.00068282 0.00474996 0.000435168 -0.000543191 -1.36027e-05 0.000204179 -0.00068282
247.744 0.410808 -0.909894 5.13965 1.04572 0.000627302 -0.000461345 -0.662843 -0.748758 0.000566723 0.00468093 8.48093e-05 -0.000540724 -2.44549e-05 -0.0013362 0.00471498 5.12581e-06 9.19895e-05 -0.000540724 -2.44549e-05 -0.0013362
248.44 0.407153 -0.90674 5.14435 1.04688 0.000633242 -0.00038703 -0.66268 -0.748902 0.000964865 0.00477353 0.000259872 -1.4547e-05 -5.40533e-05 -0.00086947 0.0048551 -0.000376821 0.000266598 -1.4547e-05 -5.40533e-05 -0.00086947
249.112 0.406399 -0.906327 5.14726 1.03879 0.000568056 -0.000363874 -0.662635 -0.748942 0.00043673 0.00392342 -0.000508953 4.71472e-05 0.000260757 -0.00103967 0.00394806 4.46975e-05 -0.000503813 4.71472e-05 0.000260757 -0.00103967
249.796 0.406354 -0.9057 5.15047 1.01876 0.000575697 -0.000358876 -0.662491 -0.74907 0.000500414 0.00349994 -0.000659991 -0.000107526 -2.38371e-05 -0.000597362 0.00353572 -6.86784e-05 -0.00065542 -0.000107526 -2.38371e-05 -0.000597362
250.446 0.406378 -0.903684 5.15388 1.00899 0.000584326 -0.000331607 -0.66252 -0.749044 0.0010998 0.00360346 0.000370527 -0.000422706 -0.000419532 0.000257517 0.00371034 -0.000651625 0.000374959 -0.000422706 -0.000419532 0.000257517
251.434 0.403703 -0.902987 5.15753 1.01833 0.000596378 -0.000326989 -0.662668 -0.748913 0.000448313 0.00304011 0.000115574 0.000218354 0.000143694 -0.000268383 0.00307193 -7.4926e-05 0.000119473 0.000218354 0.000143694 -0.000268383
252.444 0.406104 -0.905386 5.16454 1.03258 0.000458878 -0.000299439 -0.662733 -0.748856 -0.00010519 0.00336872 0.000697937 -0.000182109 3.25741e-05 -7.58968e-05 0.00333021 0.00051374 0.000701606 -0.000182109 3.25741e-05 -7.58968e-05
253.062 0.405374 -0.90486 5.16601 1.03912 0.000539246 -0.000352706 -0.662615 -0.74896 6.4257e-05 0.00281704 -0.000297202 -6.44884e-05 -3.83379e-05 0.000447424 0.00280424 0.000279668 -0.000293621 -6.44884e-05 -3.83379e-05 0.000447424
253.702 0.405094 -0.904378 5.16902 1.03376 0.000495761 -0.000317741 -0.662734 -0.748855 6.91089e-05 0.00320605 0.000295066 6.06402e-06 -1.34539e-05 -0.000251852 0.00314731 0.000317854 0.0003826 -1.06991e-05 1.78683e-05 -0.000180435
254.436 0.404418 -0.903432 5.17249 1.03445 0.000470972 -0.000277499 -0.662645 -0.748933 0.000184951 0.00326831 0.000171359 -2.8416e-05 0.000177464 0.000158014 0.00326633 0.000214456 0.000174828 -2.8416e-05 0.000177464 0.000158014
255.116 0.403354 -0.902316 5.17646 1.02983 0.000434452 -0.000220158 -0.662759 -0.748833 0.000267611 0.00367234 -0.000562232 0.000157131 -0.000174847 -0.000193451 0.00367816 0.00018077 -0.000558837 0.000157131 -0.000174847 -0.000193451
256.18 0.400827 -0.89936 5.17917 1.03554 0.000477006 -0.000211285 -0.662734 -0.748855 0.000712633 0.00260623 0.000333641 -7.35304e-05 1.75357e-05 -2.65454e-05 0.00266566 -0.000404536 0.000437176 -7.51677e-05 2.62512e-05 -5.37828e-05
256.866 0.399348 -0.898006 5.18003 1.03474 0.000437643 -0.000170545 -0.662874 -0.748731 0.000665929 0.00195786 -0.000468695 -9.28414e-05 0.000185495 -0.000538211 0.00202452 -0.000423537 -0.000467186 -9.28414e-05 0.000185495 -0.000538211
257.916 0.402689 -0.902436 5.18209 1.03623 0.0013619 0.00030798 -0.662841 -0.748759 -0.00838611 0.00423813 0.00473646 0.000788472 0.000144713 -0.000448595 0.00294091 0.00867752 0.00467681 0.000933713 0.000229488 -0.000457615
258.974 0.407324 -0.905512 5.1881 1.02384 0.000544302 -7.19654e-05 -0.662615 -0.74896 0.000233029 0.00285806 -0.00106552 -0.000540288 -0.00040364 0.000357515 0.00280771 0.000212504 -0.00124758 -0.000601963 -0.000377052 0.000249721
259.612 0.408503 -0.905324 5.19263 0.98549 0.000624479 2.48989e-06 -0.662804 -0.748793 0.00148827 0.00341396 -0.000106636 0.00016229 0.000389327 -6.81415e-06 0.00356946 -0.00106277 -0.000104692 0.00016229 0.000389327 -6.81415e-06
260.244 0.411844 -0.908585 5.19288 0.994861 0.000683103 -0.000116846 -0.662848 -0.748754 0.000756428 0.00261311 0.000247325 0.000376295 0.000139237 -0.0011374 0.00268528 -0.00043418 0.00024985 0.000376295 0.000139237 -0.0011374
260.858 0.416035 -0.912172 5.19332 1.00415 0.000729603 -0.000203415 -0.662621 -0.748955 0.000239952 0.0026153 0.000502134 0.000336147 6.72503e-05 -0.000825439 0.00262441 8.0139e-05 0.000505538 0.000336147 6.72503e-05 -0.000825439
261.926 0.419729 -0.916239 5.19704 1.00901 0.000745975 -0.000283957 -0.662429 -0.749124 1.45671e-05 0.00369644 -0.000224101 0.000198541 -0.000185735 -0.000508261 0.00367075 0.000438056 -0.000218587 0.000198541 -0.000185735 -0.000508261
262.608 0.424593 -0.919656 5.20067 0.998743 0.000757908 -0.000422082 -0.662361 -0.749184 -0.000776251 0.00409188 1.59882e-05 -6.57116e-05 1.41468e-05 -0.000259443 0.00396587 0.00127187 2.32114e-05 -6.57116e-05 1.41468e-05 -0.000259443
263.71 0.428399 -0.924551 5.20691 0.976301 0.000760048 -0.000551619 -0.662316 -0.749225 -0.00163142 0.00496836 -0.000542231 0.000584609 0.000332504 -0.000580261 0.00476397 0.00220266 -0.000739259 0.000650802 0.000321675 -0.000530325
264.384 0.430356 -0.925791 5.21216 0.971483 0.000802835 -0.000631432 -0.662114 -0.749403 -0.00111409 0.00580844 0.000545105 -0.000303288 -0.000168483 -0.000604362 0.00560442 0.00191641 0.000583013 -0.000113768 -0.000324462 -0.000650552
265.014 0.430899 -0.925222 5.2154 0.990332 0.000913015 -0.000697632 -0.662082 -0.749431 -0.000757464 0.00547463 0.000509425 1.7509e-05 0.000199713 -0.00026935 0.00533206 0.00141772 0.000567205 -4.99883e-06 0.000203448 -0.000323209
266.088 0.43242 -0.924483 5.22432 0.993198 0.00091743 -0.000750575 -0.662186 -0.749339 -0.000377688 0.00600489 -0.000486286 -0.000367478 0.000243852 -0.000271375 0.00588347 0.0011501 -0.000497611 -0.00030787 0.000244294 -0.000151944
266.75 0.432994 -0.923123 5.23277 1.00364 0.000931986 -0.000748853 -0.661922 -0.749572 -0.000146205 0.00694729 0.000242105 -0.000115081 0.000263636 -0.00081459 0.00684375 0.00100922 0.000254224 -8.49991e-05 0.000223813 -0.000823751
267.874 0.432901 -0.921237 5.24587 0.992903 0.000960094 -0.000777772 -0.661656 -0.749806 3.34904e-05 0.00773158 -0.000452119 0.000223826 -0.000234561 -0.000924483 0.00764661 0.000896008 -0.0006275 0.000142467 -0.000303444 -0.000914194
268.952 0.430746 -0.918737 5.25972 0.996125 0.000957704 -0.000774864 -0.661461 -0.749979 0.000325603 0.00848758 0.000358423 0.000396954 -0.000250002 -0.00113001 0.00846086 0.000737212 0.000379281 0.000396954 -0.000250002 -0.00113001
269.644 0.421312 -0.918986 5.27116 1.00814 0.000879113 -0.000759372 -0.661161 -0.750243 -6.66744e-07 0.009242 -5.46492e-05 1.3776e-06 6.7573e-05 -0.000923865 0.00916868 0.00116269 -3.31778e-05 1.3776e-06 6.7573e-05 -0.000923865
270.35 0.421123 -0.918878 5.281 1.01783 0.00071238 -0.000604544 -0.660976 -0.750407 -0.000170298 0.00836446 0.000295008 -2.32882e-05 0.000735619 -0.000535404 0.0082755 0.00122463 0.000310641 -2.32882e-05 0.000735619 -0.000535404
270.96 0.420381 -0.917814 5.28623 1.01926 0.000784068 -0.000663471 -0.660802 -0.75056 4.57614e-05 0.00735125 -0.000113523 -5.97271e-05 -0.000171416 -0.000389546 0.00733718 0.000918149 -6.55369e-05 -7.20741e-05 -0.000155645 -0.000400203
272.02 0.41814 -0.914806 5.29452 1.02597 0.00080361 -0.000671735 -0.660875 -0.750495 0.000416976 0.00699004 0.000351623 3.54132e-05 -0.000334878 0.00094926 0.0069859 0.000470409 0.000366237 3.54132e-05 -0.000334878 0.00094926
273.13 0.413539 -0.910885 5.30689 1.03812 0.00078592 -0.000551561 -0.661121 -0.750278 0.00111538 0.00680947 -0.000461477 -0.000147946 0.000145926 0.00092076 0.00694349 -0.000244031 -0.00055444 -0.000206286 0.000112668 0.00090055
273.792 0.410813 -0.909082 5.31184 1.04595 0.000755288 -0.000471883 -0.661293 -0.750128 0.00133728 0.00618051 7.58818e-06 3.52313e-05 8.15918e-06 0.000976952 0.00629939 -0.000551798 1.80596e-05 3.52313e-05 8.15918e-06 0.000976952
274.474 0.407843 -0.906923 5.31965 1.04729 0.000718347 -0.000366574 -0.661553 -0.749898 0.00162831 0.00648266 -0.000267323 0.000352676 -0.000630745 0.000379766 0.00658554 -0.000891851 -0.00015591 0.000266724 -0.000617206 0.000413609
275.158 0.408441 -0.907396 5.32461 1.05148 0.000643904 -0.000345565 -0.661599 -0.749858 0.00134187 0.00545994 -0.000114027 -0.000401982 0.000392004 0.000281303 0.00558472 -0.00065119 -0.000106706 -0.000401982 0.000392004 0.000281303
275.786 0.408228 -0.907963 5.32932 1.05016 0.000649971 -0.000329134 -0.661571 -0.749882 0.00100924 0.00548733 -0.000173137 0.000352781 5.82148e-05 0.000857159 0.00557056 -0.000317298 -0.000165768 0.000352781 5.82148e-05 0.000857159
276.47 0.410961 -0.911455 5.33402 1.05216 0.000561003 -0.000380631 -0.66176 -0.749715 -0.000194807 0.00544956 0.000910012 0.000164035 -1.97577e-05 0.000271117 0.00538201 0.000869538 0.000917374 0.000164035 -1.97577e-05 0.000271117
277.146 0.413392 -0.913312 5.33744 1.06485 0.000600114 -0.000446638 -0.661752 -0.749722 -0.000312661 0.00540927 0.000199991 0.000189954 -0.00030948 -0.000332364 0.00532829 0.000981832 0.000208095 0.000189954 -0.00030948 -0.000332364
277.772 0.414975 -0.914624 5.34285 1.06753 0.000543757 -0.000464638 -0.661733 -0.749739 -0.000576699 0.00619657 0.000511847 -4.9904e-05 -0.000311838 -0.000765259 0.00605848 0.00135123 0.000626372 -1.81639e-05 -0.000332379 -0.000756985
278.798 0.414568 -0.912508 5.35101 1.09057 0.000532084 -0.000419077 -0.661521 -0.749927 -1.84235e-05 0.00663845 -7.51714e-05 -0.000130493 0.000266836 -0.000186656 0.00662838 0.000871505 9.18358e-05 -0.000168486 0.00025161 -0.000171471
279.946 0.409987 -0.907661 5.35685 1.09018 0.000586971 -0.000399151 -0.661461 -0.749979 0.000776394 0.00579277 -0.000117598 -0.000361149 0.000173953 -0.000128327 0.00584454 -4.65376e-05 -0.000109577 -0.000361149 0.000173953 -0.000128327
280.618 0.408212 -0.905806 5.35917 1.09382 0.00056115 -0.000355523 -0.661434 -0.750003 0.000648435 0.00481304 -8.26769e-05 -1.43668e-05 0.000170475 0.000204191 0.00486035 -4.91045e-05 -7.78183e-05 -5.82731e-07 0.000234214 0.000187299
281.292 0.407066 -0.904179 5.3621 1.09654 0.000533217 -0.000320414 -0.66154 -0.749909 0.000917746 0.00425687 5.62705e-05 -0.000542684 0.000338751 -0.000120067 0.00442723 -0.000335523 9.52597e-05 -0.000528024 0.00033463 -8.45822e-05
282.416 0.40452 -0.90173 5.36697 1.09825 0.000579809 -0.000300608 -0.66156 -0.749892 0.00106517 0.00391297 9.28778e-06 6.21786e-05 -0.00041261 -0.001129 0.00388312 -0.000610513 3.31679e-05 -1.06709e-05 -5.17519e-05 -0.00112755
283.032 0.404738 -0.901947 5.3693 1.09536 0.000519525 -0.000255757 -0.661443 -0.749995 0.000754292 0.00297356 -0.000302349 -1.92551e-05 0.000676702 -0.00111597 0.00315365 -0.000366913 -0.000378287 -3.2642e-05 0.000718979 -0.00110902
284.102 0.402514 -0.901076 5.3714 1.07671 0.000571915 -0.000264239 -0.661179 -0.750228 0.00101268 0.00244608 0.000160716 -3.67884e-05 2.23975e-05 -0.000708488 0.00255378 -0.000697293 0.000163306 -3.67884e-05 2.23975e-05 -0.000708488
284.744 0.402769 -0.90224 5.37145 1.06557 0.000574001 -0.000300838 -0.661025 -0.750364 0.000187043 0.00133114 -0.000646336 0.000328272 0.000218363 -0.000631708 0.0013389 -0.000129992 -0.000655602 0.000319746 0.00024707 -0.000663839
285.406 0.40427 -0.903641 5.37206 1.06392 0.000590592 -0.000379848 -0.660881 -0.75049 -0.000179693 0.000520901 4.82967e-05 -6.89305e-05 0.000168097 0.00059408 0.000493926 0.000244111 4.90578e-05 -6.89305e-05 0.000168097 0.00059408
286.04 0.405054 -0.903675 5.37411 1.0809 0.000609621 -0.000393303 -0.660901 -0.750473 -4.88172e-05 0.000845018 0.00053495 -1.16536e-05 -0.000145361 0.000796693 0.000831319 0.000155041 0.000536173 -1.16536e-05 -0.000145361 0.000796693
286.652 0.406374 -0.903056 5.37689 1.0999 0.000621792 -0.000395025 -0.660973 -0.750409 0.000117216 0.00118152 0.000462542 -3.3585e-05 -0.000382619 0.000409097 0.00118621 3.26738e-05 0.000464234 -3.3585e-05 -0.000382619 0.000409097
287.366 0.405477 -0.903323 5.38198 1.11864 0.000574393 -0.0003984 -0.661014 -0.750373 -0.000297872 0.00191184 -0.000213273 6.50579e-05 7.36898e-06 8.99995e-05 0.00182967 0.000507385 -0.000196099 8.64073e-05 -4.96376e-06 0.000106028
288.002 0.406123 -0.90392 5.38594 1.11672 0.000553454 -0.000394536 -0.661115 -0.750284 -0.000539446 0.00197842 -0.000859868 0.000179238 -6.42254e-05 4.35719e-05 0.00186565 0.00072331 -0.000983996 3.82397e-05 -7.25666e-06 5.68789e-05
288.68 0.404968 -0.899603 5.38932 1.09657 0.000623475 -0.00033101 -0.661176 -0.75023 0.00115157 0.00190984 -0.000198607 -0.000712809 3.75848e-05 -0.000154841 0.00203481 -0.000823529 -0.000245803 -0.000733422 5.77156e-05 -0.000185715
289.338 0.400487 -0.89769 5.39208 1.07259 0.000612802 -0.000303139 -0.661233 -0.75018 0.000926531 0.00194613 0.000220229 5.70667e-05 -0.000170205 -9.57674e-05 0.00203545 -0.000688648 3.9518e-05 4.80779e-05 -0.000179149 -0.000134817
289.95 0.400315 -0.89696 5.39721 1.07962 0.000508129 -0.000209686 -0.66134 -0.750086 0.000694818 0.00218196 0.000399645 3.32896e-05 -7.29872e-05 0.000473896 0.00225141 -0.00041623 0.000401664 3.32896e-05 -7.29872e-05 0.000473896
290.634 0.400441 -0.895434 5.40116 1.09536 0.000514075 -0.000166484 -0.661296 -0.750125 0.000991555 0.0021255 0.000183274 -7.53424e-05 -0.000179867 0.000588853 0.00223287 -0.000717351 0.000184955 -7.53424e-05 -0.000179867 0.000588853
291.326 0.39851 -0.894132 5.40647 1.09103 0.000449113 -8.05871e-05 -0.661312 -0.750111 0.0011862 0.00327339 -0.000192759 -9.50036e-05 -0.000591177 0.00092976 0.00336051 -0.000770829 -0.000288967 -0.000160915 -0.000711478 0.000872861
292.5 0.402191 -0.901107 5.41164 1.07857 0.000865561 0.00083311 -0.661496 -0.749948 -0.00854216 0.00193689 0.00628327 0.000246456 -0.000200518 0.000175032 0.000855955 0.00870203 0.00630408 0.000246456 -0.000200518 0.000175032
293.158 0.409495 -0.906697 5.41101 1.09404 0.000318776 -0.000174304 -0.66143 -0.750007 -0.00306235 0.00280294 -7.08376e-06 -0.00114295 -0.000871086 -0.000484703 0.00231015 0.00357877 -3.25412e-05 -0.0012961 -0.000972852 -0.000485657
293.828 0.41226 -0.908999 5.4102 1.09153 0.000495762 -0.000127406 -0.661395 -0.750037 -0.000695772 0.00354758 0.000298497 -0.00032433 -0.000231018 -0.00138143 0.00342747 0.00119986 0.000436614 -0.000335678 -0.00031311 -0.00133278
294.49 0.41276 -0.909271 5.40937 1.08693 0.000556812 -0.00012304 -0.661062 -0.750331 -8.73743e-05 0.00356465 -0.00111487 -0.000244944 -8.00232e-05 -0.00086397 0.00367756 0.000549426 -0.00113581 -0.000305264 -0.000109099 -0.000927734
295.174 0.414379 -0.911299 5.40707 1.08908 0.000603759 -0.000221713 -0.660966 -0.750416 -0.000560114 0.00279118 0.000256768 0.000127316 0.000257375 -0.000660978 0.00269784 0.000907857 0.000260376 0.000127316 0.000257375 -0.000660978
295.806 0.417448 -0.913357 5.40777 1.09957 0.000597075 -0.000267701 -0.660832 -0.750534 -0.000840196 0.00314425 0.000166815 -1.43907e-05 0.000164794 -0.000617814 0.00301237 0.00123141 0.000171071 -1.43907e-05 0.000164794 -0.000617814
296.422 0.419231 -0.914942 5.40837 1.09618 0.000645096 -0.000366283 -0.660791 -0.75057 -0.000932149 0.00340033 -0.000565359 4.81809e-05 -0.000318656 0.000306099 0.0032556 0.00135577 -0.000560137 4.81809e-05 -0.000318656 0.000306099
297.066 0.417738 -0.913835 5.41224 1.10626 0.000687706 -0.000334356 -0.660778 -0.750581 -0.000158858 0.00450804 0.000699063 -4.25505e-05 -0.000755478 -0.000577752 0.00445056 0.000728524 0.000705773 -4.25505e-05 -0.000755478 -0.000577752
298.14 0.413044 -0.913125 5.41831 1.11012 0.000668023 -0.000304954 -0.660869 -0.750501 0.000177832 0.00465433 9.3451e-05 0.000200479 -0.000566582 -0.000377397 0.00456724 0.000370069 0.000138227 0.000175632 -0.000586386 -0.000274014
299.192 0.407701 -0.915585 5.42389 1.1084 0.000578273 -0.00029026 -0.660783 -0.750577 -0.000722143 0.00374746 -0.000252127 0.000361822 0.000322499 -0.00120032 0.00365998 0.00111558 -0.000261572 0.000172503 0.000274646 -0.00115803
299.906 0.41435 -0.916598 5.42593 1.10505 0.00052956 -0.000252046 -0.660577 -0.750758 -0.000516404 0.00284867 0.000146811 -0.000250535 -3.31875e-05 -0.00111048 0.0027968 0.000902516 0.000134223 -0.000340526 -9.36395e-05 -0.00113283
300.572 0.41091 -0.917871 5.42756 1.10832 0.000599483 -0.000387352 -0.660289 -0.751011 -0.000935795 0.00320392 0.000319426 1.71807e-05 -0.000196712 -0.000277317 0.00305729 0.00133818 0.000324146 1.71807e-05 -0.000196712 -0.000277317
301.2 0.393416 -0.918016 5.42939 1.12715 0.000571487 -0.000345143 -0.660326 -0.750979 -0.000743443 0.00317855 0.000418333 0.000278266 -0.000303244 -0.000202186 0.00305678 0.00114382 0.000422686 0.000278266 -0.000303244 -0.000202186
301.848 0.384127 -0.919973 5.43205 1.13337 0.00010113 0.00039023 -0.660214 -0.751077 -0.00307095 -0.00124319 -0.0200284 0.000309006 0.0017202 -0.000319201 -0.00138029 0.00282998 -0.0200016 0.000397415 0.00196411 -0.000368347
302.486 0.407936 -0.921069 5.43216 1.12534 0.000127908 0.000373844 -0.660132 -0.751149 -0.00365103 -0.00352528 -0.0229709 -5.76018e-05 5.80419e-05 0.000238006 -0.00390493 0.00321102 -0.0229766 -9.21081e-05 7.496e-05 0.000192531
303.556 0.415009 -0.921549 5.43074 1.11981 0.000462938 -0.000296149 -0.66012 -0.75116 -0.00119318 0.00149373 0.000107084 -0.000238285 -7.73803e-05 -0.0013267 0.00132793 0.00137517 0.000108906 -0.000238285 -7.73803e-05 -0.0013267
304.224 0.411066 -0.919619 5.42956 1.12614 0.000590043 -0.000335608 -0.659757 -0.751479 -0.000163488 0.00235595 0.000588531 -0.000196143 6.37285e-05 -0.000876958 0.00231421 0.000466807 0.000591708 -0.000196143 6.37285e-05 -0.000876958
304.88 0.404716 -0.917927 5.42972 1.13133 0.000542352 -0.000256842 -0.659722 -0.75151 0.000195919 0.0024864 -0.000500986 7.84385e-08 1.60347e-05 -0.000175136 0.00249138 0.000128044 -0.00049818 7.84385e-08 1.60347e-05 -0.000175136
305.554 0.409312 -0.918981 5.43148 1.12593 0.000435526 -0.000193683 -0.659594 -0.751622 -0.000340684 0.00193132 -8.10019e-05 -2.37725e-05 -6.39818e-05 0.00018758 0.00198448 0.000634825 -0.000106666 -2.3972e-05 -0.000108391 0.000127284
306.252 0.409178 -0.918045 5.4341 1.12723 0.000518815 -0.000239276 -0.659658 -0.751566 0.000278241 0.00254567 0.000244638 -0.000182433 -0.000323979 -8.55613e-05 0.00252459 6.22633e-05 0.000348804 -0.000234308 -0.000359878 -7.41365e-05
306.868 0.420345 -0.919426 5.43537 1.10299 0.000519761 -0.000280557 -0.659579 -0.751635 -0.000639755 0.0023781 -0.000826765 0.000793718 -0.000128714 -0.000169248 0.00227575 0.000943612 -0.000823858 0.000793718 -0.000128714 -0.000169248
307.502 0.423266 -0.92169 5.43642 1.09158 0.000629346 -0.000515349 -0.659522 -0.751685 -0.00095846 0.00328501 0.000677659 0.000162206 -0.000231315 -0.000445236 0.00313135 0.00137739 0.000683052 0.000162206 -0.000231315 -0.000445236
308.156 0.424325 -0.92185 5.4404 1.09851 0.000600753 -0.00051039 -0.659531 -0.751677 -0.000562872 0.00506002 0.000292973 -0.000130283 -0.000451991 -0.00158583 0.0048715 0.00122434 0.000241375 -0.00011308 -0.000464105 -0.00157343
309.224 0.423479 -0.92092 5.44726 1.10535 0.000589137 -0.000526332 -0.659278 -0.751899 -0.000444141 0.00590328 0.00043941 -0.000166762 -0.000335404 -0.000619564 0.00579808 0.00124951 0.000370827 -0.000130446 -0.000440871 -0.000650168
309.908 0.419965 -0.91772 5.45355 1.11154 0.000568864 -0.000453556 -0.659179 -0.751986 0.000303676 0.00685554 -0.000517341 -0.00028411 -0.000434517 0.000652959 0.00677615 0.000640506 -0.000537226 -7.57375e-05 -0.000465986 0.000563872
310.592 0.41657 -0.914887 5.45855 1.08079 0.000548971 -0.000388702 -0.659344 -0.751841 0.000529969 0.00615555 -0.000179447 -5.03935e-06 0.000374613 0.00162893 0.00625874 0.000296796 -0.00033063 -9.75489e-06 0.000382354 0.00167705
311.242 0.415266 -0.914806 5.4604 1.06648 0.000541235 -0.00043343 -0.659634 -0.751587 2.63832e-05 0.00493182 -0.000137417 -2.90345e-05 0.00030787 0.00073032 0.00489373 0.000613851 -0.000130586 -2.90345e-05 0.00030787 0.00073032
311.974 0.411247 -0.910324 5.46285 1.06627 0.00063344 -0.000343885 -0.659891 -0.751361 0.00167348 0.00457427 9.89572e-05 -0.000202707 4.13169e-06 -0.000587486 0.00472023 -0.00107811 7.4727e-05 -0.000331846 0.000115388 -0.000529673
312.622 0.409075 -0.908246 5.46501 1.06355 0.000602918 -0.000298481 -0.659861 -0.751387 0.00148495 0.00371761 -0.000114898 -8.31056e-05 0.000223417 -0.000170226 0.00387842 -0.000992268 -0.000110581 -8.31056e-05 0.000223417 -0.000170226
313.304 0.408528 -0.908073 5.46887 1.07318 0.000571371 -0.000271347 -0.659932 -0.751325 0.00100654 0.00374705 0.000440476 0.000168899 -3.79088e-05 0.000151103 0.00384506 -0.000515061 0.000444686 0.000168899 -3.79088e-05 0.000151103
313.96 0.410159 -0.909513 5.47129 1.06543 0.000519009 -0.000294026 -0.660118 -0.751162 0.000606119 0.00343059 -9.97671e-05 -0.000133908 0.000253304 -0.000947399 0.00348014 -0.000160266 -9.5908e-05 -0.000133908 0.000253304 -0.000947399
314.624 0.410409 -0.909685 5.46995 1.06527 0.000649213 -0.000385404 -0.659921 -0.751334 0.000728211 0.00223701 0.000216404 -7.49217e-05 3.0085e-05 -2.32456e-05 0.00231195 -0.000433636 0.000219522 -7.49217e-05 3.0085e-05 -2.32456e-05
315.282 0.408443 -0.907398 5.47331 1.06119 0.000655589 -0.000304436 -0.660008 -0.751258 0.0016333 0.00290951 -6.75636e-06 -0.000390344 -0.00043033 0.000163171 0.00313201 -0.00122477 -0.000138929 -0.000463179 -0.000473392 0.00017003
315.892 0.408044 -0.906954 5.47573 1.06804 0.000653151 -0.000293037 -0.660085 -0.751191 0.00138853 0.00239855 0.000253935 -8.64769e-06 0.000120254 -0.000134895 0.00255684 -0.00106876 0.00025663 -8.64769e-06 0.000120254 -0.000134895
316.982 0.410059 -0.908618 5.48017 1.07534 0.000617047 -0.000335214 -0.660124 -0.751156 0.000460094 0.00227656 0.00017083 1.61289e-05 0.000175109 3.86447e-05 0.00231657 -0.00016389 0.000173805 1.61289e-05 0.000175109 3.86447e-05
318.146 0.412204 -0.909141 5.48632 1.08542 0.000646174 -0.000351479 -0.660162 -0.751123 0.000786663 0.00272467 -0.000597078 -0.00033901 1.80618e-05 -0.000219261 0.00280393 -0.000430083 -0.000593424 -0.00033901 1.80618e-05 -0.000219261
319.344 0.410902 -0.907575 5.49638 1.08088 0.000619491 -0.000293848 -0.660116 -0.751164 0.000931846 0.00425377 0.000233697 -5.54312e-05 0.000271773 0.000148106 0.00433794 -0.000377666 0.000238955 -5.54312e-05 0.000271773 0.000148106
320.048 0.411059 -0.907577 5.50053 1.07567 0.000587899 -0.000264971 -0.660059 -0.751213 0.000726086 0.00422854 -0.00016163 0.000109045 0.00018018 0.000210672 0.00428699 -0.000175995 -0.00015669 0.000109045 0.00018018 0.000210672
320.742 0.412288 -0.908459 5.50268 1.08351 0.00060828 -0.000311215 -0.660029 -0.75124 0.000512154 0.00371149 0.000384266 -1.12743e-05 0.000168036 0.000299698 0.00374605 -3.03308e-05 0.000389011 -1.12743e-05 0.000168036 0.000299698
321.4 0.414059 -0.908991 5.50385 1.0924 0.000649206 -0.000357148 -0.65997 -0.751292 0.000442096 0.00342906 -0.000171293 -6.52223e-06 -0.000128517 -7.41362e-05 0.00345767 3.60936e-06 -0.000166472 -6.52223e-06 -0.000128517 -7.41362e-05
322.096 0.412067 -0.907107 5.50946 1.09751 0.000651376 -0.000287143 -0.659975 -0.751287 0.00117435 0.00469437 -0.000125204 4.59309e-06 -0.000316233 -0.000709431 0.00480247 -0.000586493 -0.000134397 -2.31093e-05 -0.000316578 -0.000725886
323.228 0.411573 -0.905858 5.51406 1.08451 0.000685271 -0.000273808 -0.659989 -0.751275 0.0013195 0.00364099 0.0001217 -9.05004e-06 0.000154799 -5.99916e-06 0.00378048 -0.000839518 0.000126114 -9.05004e-06 0.000154799 -5.99916e-06
323.976 0.411577 -0.906147 5.51726 1.08997 0.000675415 -0.000259796 -0.659962 -0.751299 0.00126505 0.00384105 0.000392991 -0.000249663 -0.000175281 0.000639383 0.00397156 -0.00075965 0.000397572 -0.000249663 -0.000175281 0.000639383
325.088 0.412828 -0.90843 5.52579 1.08875 0.000584567 -0.000250627 -0.660209 -0.751082 0.00046935 0.00471789 2.96994e-05 4.86904e-05 -1.03695e-05 -7.99585e-05 0.00473909 0.000139565 3.5218e-05 4.86904e-05 -1.03695e-05 -7.99585e-05
325.668 0.413083 -0.908759 5.52794 1.09387 0.000631182 -0.000266928 -0.66022 -0.751072 0.0008262 0.00434093 0.000383949 -0.000215878 0.000140809 -0.000633146 0.00441056 -0.000263019 0.000389237 -0.000215878 0.000140809 -0.000633146
326.328 0.412821 -0.909387 5.5286 1.09676 0.00066848 -0.000306421 -0.660137 -0.751145 0.000666417 0.00379685 -0.00075772 -7.04198e-05 9.19333e-05 -0.000937434 0.00385201 -0.000172786 -0.000752652 -7.04198e-05 9.19333e-05 -0.000937434
327.038 0.415819 -0.911708 5.53013 1.08715 0.000649323 -0.000372617 -0.660074 -0.751201 -0.000301225 0.00365921 -0.000390459 0.000315452 -2.20546e-05 -0.000381997 0.00359063 0.000769504 -0.000384999 0.000315452 -2.20546e-05 -0.000381997
328.216 0.419875 -0.913021 5.53817 1.06919 0.000642289 -0.000373783 -0.660067 -0.751207 6.94907e-05 0.00475226 -4.96647e-05 7.13091e-05 -7.8573e-05 -0.000390209 0.00472179 0.000542361 -4.27538e-05 7.13091e-05 -7.8573e-05 -0.000390209
328.904 0.420117 -0.91332 5.54192 1.07125 0.000697226 -0.000457522 -0.660026 -0.751242 7.3597e-05 0.00519516 -2.42442e-05 -5.92914e-05 -0.000232406 -0.000713308 0.0050853 0.000595969 1.99989e-05 -5.95007e-05 -0.000183729 -0.000722815
329.626 0.419941 -0.912741 5.54586 1.06805 0.000714534 -0.00046248 -0.659853 -0.751394 0.000142927 0.00494898 -0.000189936 -9.23272e-06 0.000202073 -7.57522e-05 0.00492628 0.000497704 -0.000181636 -9.23272e-06 0.000202073 -7.57522e-05
330.25 0.420544 -0.912616 5.54767 1.06284 0.000749751 -0.000518682 -0.659852 -0.751396 8.33368e-05 0.00430572 -0.000381618 -6.3916e-06 0.0002648 0.000483253 0.00428107 0.00047379 -0.000373836 -6.3916e-06 0.0002648 0.000483253
