28.258 0.602345 0.00130045 0.00193103 0.43604 -6.50921e-05 -0.000145734 0.011767 -0.999931 -0.00104715 0.00147852 0.516327 0.000859191 0.000100651 0.0111708 -0.00126246 0.00133695 0.53251 0.000266575 0.000395922 0.0112324
28.584 0.756861 -0.00101179 0.00270723 0.581036 -0.000208425 -0.000240488 0.0100174 -0.99995 -0.00232716 0.00176563 0.240804 0.00186258 0.00459977 0.00957607 -0.00247889 0.00181787 0.240802 0.00186258 0.00459977 0.00957607
28.942 0.846266 -0.00372067 0.00249907 0.659373 -0.000231372 -0.000362839 0.0084982 -0.999964 -0.00263545 0.000581394 0.0992067 -0.000704699 -0.000846296 0.0071124 -0.00271733 0.000581812 0.0992045 -0.000704699 -0.000846296 0.0071124
29.88 0.914644 -0.00242982 0.00122155 0.742602 -0.000142963 -0.000228574 0.00517728 -0.999987 -0.000184663 -0.000132596 0.0634185 -2.44572e-05 -0.0015884 0.000576658 -0.000212365 -0.000116518 0.0634185 -2.44572e-05 -0.0015884 0.000576658
30.326 0.931463 -0.00111039 0.000907405 0.76218 -0.00059051 -0.00325208 0.00546784 -0.99998 0.000508884 -0.000286826 0.013598 0.0151928 0.1057 0.000799149 0.000423449 -0.000265666 0.0136014 0.0151928 0.1057 0.000799149
30.748 0.931808 0.00945764 -0.000582461 0.767482 -0.00133286 -0.00919916 0.00783839 -0.999926 0.0463848 -0.00678866 0.0177586 -0.00156006 -0.0178408 -0.027546 0.0428139 -0.00562214 0.0181912 -0.00152291 -0.0184574 -0.0247087
31.244 0.930433 0.034545 -0.00392638 0.779875 -0.000961885 -0.00780716 0.0158448 -0.999844 0.0669677 -0.00950112 0.0241894 -0.000106064 -0.00117426 -0.0401572 0.0668485 -0.00733293 0.0252504 -0.000106064 -0.00117426 -0.0401572
31.77 0.915035 0.0782067 -0.004166 0.788155 8.26842e-05 -0.00912878 0.0248774 -0.999649 0.0857181 -0.00460551 0.000644969 0.0020598 -0.00465772 -0.0147292 0.085815 -0.000336956 0.002211 0.0020598 -0.00465772 -0.0147292
32.308 0.907755 0.133268 -0.00377166 0.810302 -0.000383235 -0.00820066 0.0252535 -0.999647 0.0974144 -0.00123618 0.00292352 0.00114593 -3.83093e-05 0.00561973 0.0972914 0.00368541 0.00451986 0.00114593 -3.83093e-05 0.00561973
32.84 0.908834 0.191054 -0.00863012 0.8385 -0.00133434 -0.00768029 0.0257223 -0.999639 0.10102 -0.00730745 0.00883942 -0.00158919 0.000437822 -0.0120967 0.100928 -0.00183679 0.0102292 -0.00179147 0.000165107 -0.0101237
33.352 0.910714 0.245269 -0.0139665 0.860922 -0.00108627 -0.00799291 0.0302851 -0.999509 0.104042 -0.00981166 0.0123829 -0.000355925 0.00111725 -0.0223123 0.104233 -0.00347217 0.0140629 -0.000355925 0.00111725 -0.0223123
33.858 0.90797 0.297542 -0.01711 0.873126 0.000281219 -0.00847345 0.0336365 -0.999398 0.10809 -0.00363073 0.00515756 0.00319568 0.00133948 -0.00183782 0.107987 0.00363832 0.00698959 0.00319568 0.00133948 -0.00183782
34.356 0.900836 0.355061 -0.0210594 0.880602 -8.88824e-05 -0.00867957 0.0306748 -0.999492 0.110474 -0.00131364 0.00820606 0.00108253 0.00185517 0.0188095 0.110014 0.00544546 0.00987615 0.00099954 0.00182936 0.0184448
35.334 0.897374 0.465926 -0.0276191 0.891766 -0.000807434 -0.00911365 0.0270378 -0.999593 0.117085 -0.00422744 0.0110014 0.000737593 0.00163213 -0.000942796 0.11709 0.00223957 0.0132263 0.00124619 0.00117958 -0.000774322
35.878 0.891504 0.533928 -0.0322408 0.891324 -0.000760948 -0.00952289 0.0271278 -0.999586 0.120539 -0.00561564 0.00577385 -0.000589149 -0.00078403 -0.00344635 0.119764 0.000920595 0.00777151 -0.000858824 -0.000462971 -0.0031263
36.452 0.901069 0.608991 -0.0349017 0.901347 -0.000912551 -0.00904595 0.0279395 -0.999568 0.128777 -0.00291884 0.00807968 0.00251365 -0.00201614 -0.00612696 0.128571 0.00429134 0.0104074 0.00251365 -0.00201614 -0.00612696
37.02 0.910262 0.68245 -0.0389921 0.911748 -0.00102729 -0.00962742 0.0302085 -0.999497 0.128112 -0.00300605 0.0112242 -0.00235607 0.00256449 -0.000648447 0.127819 0.00475474 0.0136876 -0.00235607 0.00256449 -0.000648447
37.896 0.933785 0.794921 -0.0593013 0.935241 -0.000489623 -0.0102322 0.0302689 -0.999489 0.132598 -0.00877585 0.0120036 -0.00100407 -0.00131786 0.00358464 0.132613 -0.000731023 0.0147233 -0.00100407 -0.00131786 0.00358464
38.732 0.945592 0.912414 -0.0673453 0.945088 0.000626152 -0.00985678 0.0178151 -0.999793 0.133492 0.00256218 -2.10344e-05 -0.000670042 0.000361933 0.0476475 0.133375 0.00741184 0.00257676 -0.000633284 0.000309583 0.0474672
39.614 0.946982 1.04131 -0.0698406 0.946966 -0.00147165 -0.0107032 -0.00202988 -0.99994 0.143037 -5.25123e-05 -0.0102052 0.00641791 -0.00099354 0.0178835 0.142642 0.000555771 -0.00749604 0.0132043 0.000895514 0.0234173
40.408 0.95394 1.1558 -0.076395 0.954328 -0.000711875 -0.010703 0.00158219 -0.999941 0.146824 -0.00940078 -0.00937549 0.00025403 0.00115451 -0.0275134 0.146949 -0.00910327 -0.00610326 7.85776e-05 0.00108062 -0.0273216
40.988 0.952561 1.23694 -0.0797887 0.950835 -0.000263891 -0.011332 0.0088167 -0.999897 0.147446 -0.00899004 -0.0148561 -0.0105854 0.00451681 -0.0226403 0.147881 -0.00639292 -0.011505 -0.0105854 0.00451681 -0.0226403
41.566 0.950532 1.31977 -0.0804138 0.949888 3.31636e-05 -0.0115934 0.0111045 -0.999871 0.150299 -0.003479 -0.0133769 0.00151649 0.000843335 0.00417303 0.150609 -0.000136356 -0.00988804 0.00151649 0.000843335 0.00417303
42.148 0.957153 1.4091 -0.0805836 0.95544 -0.000320608 -0.0117914 0.00960219 -0.999884 0.152623 -0.00267748 -0.0142069 0.00189535 0.00231937 0.00962645 0.152939 0.000248975 -0.0106027 0.00189535 0.00231937 0.00962645
42.702 0.952185 1.50246 -0.0803483 0.948773 -0.000386226 -0.0119544 0.00822302 -0.999895 0.156754 -0.00315843 -0.0137396 0.000138155 0.000797793 0.00377921 0.157068 -0.000586765 -0.00998624 0.000138155 0.000797793 0.00377921
43.494 0.938886 1.63157 -0.0821854 0.937267 0.00086623 -0.0112267 0.00560431 -0.999921 0.15574 0.00171531 -0.00203189 0.000753221 0.00183022 0.0250869 0.155717 0.00346144 0.00146951 0.000753221 0.00183022 0.0250869
44.084 0.933464 1.73242 -0.0795944 0.931276 0.000508598 -0.0111427 -0.00321985 -0.999933 0.155451 0.00565971 0.0125772 0.00166466 -0.00041985 0.0341397 0.155166 0.00464494 0.0160438 0.00166466 -0.00041985 0.0341397
44.742 0.932801 1.83895 -0.0731627 0.931659 0.000275018 -0.0112885 -0.0125338 -0.999858 0.156984 0.00723231 0.0124644 0.0002168 0.000696346 0.0263545 0.156794 0.00329108 0.0160099 0.0002168 0.000696346 0.0263545
45.586 0.935909 1.98129 -0.0694388 0.937804 -0.000370082 -0.0117302 -0.0200458 -0.99973 0.161763 0.00400994 0.00388094 -0.00144642 -0.0011592 0.00905811 0.161658 -0.00247076 0.00767519 -0.00144642 -0.0011592 0.00905811
46.37 0.93445 2.1078 -0.0652596 0.934922 -0.000403021 -0.01176 -0.0198698 -0.999733 0.16189 0.00332849 -0.000254993 0.00630529 -0.00192468 -0.00601313 0.161856 -0.00310467 0.00355319 0.00630529 -0.00192468 -0.00601313
46.942 0.929973 2.20164 -0.0653788 0.928661 -0.000485819 -0.0116848 -0.0163532 -0.999798 0.161646 -0.000366072 -0.000864979 -0.00119216 0.000718958 -0.0147628 0.161524 -0.00565101 0.00291489 -0.00119216 0.000718958 -0.0147628
47.528 0.916244 2.29806 -0.0641746 0.914762 -0.000393748 -0.0119494 -0.0115953 -0.999861 0.159926 -0.000148859 -0.000134223 0.000378206 0.00104632 -0.0129842 0.15969 -0.00398881 0.00361367 0.000400619 0.00191295 -0.0132535
48.048 0.913623 2.38713 -0.0602481 0.914892 8.29601e-05 -0.0113575 -0.00870577 -0.999898 0.160945 0.00180986 0.0142614 -0.0149632 -0.00436205 -0.00877765 0.160587 -0.000992286 0.0179137 -0.0149632 -0.00436205 -0.00877765
48.904 0.921978 2.5326 -0.0538599 0.920768 0.000336415 -0.0109973 -0.0127416 -0.999858 0.163544 0.00893106 0.0136974 -0.000512026 -0.00114225 0.0241804 0.163378 0.00475453 0.0172978 -0.000512026 -0.00114225 0.0241804
49.468 0.932657 2.62718 -0.0517719 0.934118 -0.001353 -0.0111877 -0.0186764 -0.999762 0.163799 0.00382041 0.00988499 -0.000695942 -0.000406906 0.00138678 0.163566 -0.00226336 0.0135462 -0.000695942 -0.000406906 0.00138678
50.17 0.944906 2.73918 -0.0541152 0.945533 -0.00066877 -0.0114754 -0.012578 -0.999855 0.16396 -0.00237619 0.00844449 -0.000442443 0.00111153 -0.0276047 0.163721 -0.00664474 0.0120975 -0.000741997 0.000494269 -0.0276106
50.704 0.935938 2.8233 -0.0559306 0.930824 0.00119181 -0.0116449 -0.00779413 -0.999901 0.165418 0.00253054 0.00482394 0.000998556 -0.00172551 -0.00224583 0.16528 -6.33109e-05 0.00867819 0.000998556 -0.00172551 -0.00224583
51.756 0.93524 2.9884 -0.0529417 0.936422 -4.90379e-05 -0.0120157 -0.0179815 -0.999766 0.16383 0.00661857 0.00430423 0.01044 0.00430482 0.0234581 0.163637 0.00122313 0.00836528 0.0123357 0.00490825 0.025535
52.758 0.943221 3.15546 -0.0481908 0.945527 -5.76516e-05 -0.0119368 -0.0187639 -0.999753 0.168941 0.000576394 0.00539639 -6.35653e-05 -0.000344802 -0.00725413 0.168666 -0.00575915 0.00942763 -6.35653e-05 -0.000344802 -0.00725413
53.844 0.95861 3.34195 -0.0336438 0.958204 0.000542069 -0.0119708 -0.0143906 -0.999825 0.171074 0.00425114 0.00439749 -0.00263059 -0.000586604 -0.00325294 0.170971 -0.000678924 0.00849468 -0.00263059 -0.000586604 -0.00325294
54.382 0.955725 3.43283 -0.0281584 0.955469 0.000405568 -0.0123059 -0.0156576 -0.999802 0.173011 0.00734884 0.00567241 0.00049138 -0.00106454 0.0119429 0.172815 0.00192649 0.0098969 0.000551278 -0.00113612 0.0116815
54.936 0.956519 3.52456 -0.0242756 0.955409 0.000381306 -0.0122401 -0.0191206 -0.999742 0.174074 0.00720647 0.00592205 -0.00025889 -0.000142521 0.0114664 0.174025 0.000542741 0.0101869 -0.00025889 -0.000142521 0.0114664
55.474 0.946217 3.61353 -0.019871 0.96422 0.000399998 -0.012366 -0.0216238 -0.99969 0.173971 0.00741947 0.00595224 -0.000293641 0.000481209 0.0109685 0.173928 -0.000112248 0.0102586 -0.000293641 0.000481209 0.0109685
56.74 0.78351 3.82823 -0.0114929 0.984221 -0.000719012 -0.0117474 -0.0146457 -0.999824 0.167602 -0.00280077 0.0208432 0.000191716 0.0019741 -0.0389139 0.166912 -0.007668 0.0247811 0.000191716 0.0019741 -0.0389139
57.316 0.718184 3.91476 -0.0076986 0.99056 -0.000563992 -0.00893441 -0.00474228 -0.999949 0.148515 -0.000675692 0.0240229 0.0056963 0.00352881 -0.0335737 0.14805 -0.00205356 0.0266742 0.0056963 0.00352881 -0.0335737
58.428 0.628717 4.06434 -0.0121766 1.00746 -0.000412726 -0.00875694 0.0191938 -0.999777 0.122223 -0.00651626 0.027791 0.000854627 -0.000623167 -0.0448513 0.121877 -0.00180617 0.0299325 0.000854627 -0.000623167 -0.0448513
58.938 0.57993 4.12125 -0.0139243 1.02132 -0.000331915 -0.00658553 0.0275479 -0.999599 0.114647 -0.00402081 0.0124077 0.000255835 -0.0206665 -0.0402339 0.114521 0.00230357 0.0139181 0.000255835 -0.0206665 -0.0402339
59.472 0.541874 4.17744 -0.0152034 1.02948 -0.00236522 -0.00314422 0.105463 -0.994415 0.0827616 -0.0124818 -0.00590931 -0.0146666 0.00495575 -0.590438 0.0835767 0.00513251 -0.00536589 -0.0146666 0.00495575 -0.590438
60.006 0.515318 4.22446 -0.0238506 1.0348 0.000194552 -0.00301309 0.26783 -0.963461 0.0718777 -0.0100394 -0.0160747 0.00285767 -0.00246566 -0.693793 0.0668373 0.028528 -0.0156372 0.00285767 -0.00246566 -0.693793
60.894 0.50154 4.27533 -0.0373339 1.02788 0.00278081 -0.00360824 0.527502 -0.849541 0.0556856 -0.00512034 -0.00635214 -0.0354566 -0.00102215 -0.505922 0.0293038 0.0476917 -0.00585182 -0.0354566 -0.00102215 -0.505922
61.478 0.504066 4.30433 -0.043736 1.01469 0.00280275 -0.00385411 0.543444 -0.839432 0.0679096 0.00405912 0.00454789 0.0130886 -0.000383443 0.26228 0.0240768 0.0635781 0.00519606 0.0130886 -0.000383443 0.26228
62.118 0.469764 4.34015 -0.0445982 1.01519 0.00118841 -0.00266687 0.457363 -0.889275 0.0569571 0.00248115 0.0049046 0.00209856 -0.000985197 0.350532 0.0310914 0.0477518 0.00523578 0.00209856 -0.000985197 0.350532
62.704 0.463314 4.36541 -0.0451724 1.02392 0.000995901 -0.00272348 0.380078 -0.92495 0.0443081 0.00092974 -0.00360724 -0.000889675 0.000276962 0.271197 0.0309766 0.0326805 -0.00272224 -0.000652719 0.000164143 0.276039
63.272 0.459706 4.38523 -0.045862 1.02464 0.000896751 -0.00284084 0.320247 -0.947329 0.0371002 0.000242708 -0.00546781 -5.52071e-05 -0.000227473 0.212854 0.0293992 0.0232407 -0.00524283 -8.91131e-05 -0.000114612 0.216769
64.042 0.45575 4.41808 -0.0468714 1.01762 0.000664254 -0.0026007 0.257278 -0.966334 0.0339984 -0.000784291 0.000563797 0.000234411 -0.00151394 0.154143 0.0298157 0.0165581 0.000182675 0.000297518 -0.00124276 0.157369
64.656 0.453765 4.4409 -0.0477538 1.01755 0.000977244 -0.00256452 0.215941 -0.976403 0.0311345 -0.000110831 0.00241886 8.55513e-05 0.000120361 0.18089 0.0283731 0.0131915 0.00298546 -0.000519956 0.000114176 0.176998
65.23 0.455547 4.45803 -0.0451892 1.01494 0.000460926 -0.0025054 0.166869 -0.985976 0.0273006 0.00133721 0.00434887 0.00151097 -0.000124301 0.190317 0.025319 0.0102385 0.00448799 0.00151097 -0.000124301 0.190317
65.796 0.457431 4.47659 -0.0445181 1.01355 0.000330338 -0.00242726 0.120591 -0.992699 0.0250106 -0.000729453 0.00688461 -3.28062e-05 -0.00112773 0.156863 0.0244249 0.00527123 0.007007 -3.28062e-05 -0.00112773 0.156863
66.36 0.457829 4.49299 -0.0459424 1.00898 -2.3244e-05 -0.0036523 0.087246 -0.99618 0.0256622 -0.00355376 0.00232987 0.00173561 0.000975153 0.0925175 0.0253521 0.0012993 0.00243806 0.00202372 0.002649 0.0974488
67.438 0.453367 4.53632 -0.0491931 1.00152 0.000382363 -0.00295889 0.0742904 -0.997232 0.0320501 -0.00465506 0.00211491 0.000382588 -0.00120367 -0.00381707 0.0323732 0.000142557 0.00230433 0.000382588 -0.00120367 -0.00381707
67.99 0.453333 4.56178 -0.0484517 1.00819 0.000431122 -0.00222668 0.0746014 -0.997211 0.0321877 -0.00358284 5.59631e-05 -0.00305169 -0.0138963 0.00125928 0.032362 0.00124602 0.000199086 -0.00305169 -0.0138963 0.00125928
68.95 0.456475 4.59301 -0.0473456 1.0039 0.000393682 -0.0017017 0.0484327 -0.998825 0.0223296 -0.00153796 0.00321471 0.00022713 0.000477603 0.0878611 0.0223627 0.000626591 0.00329049 0.00022713 0.000477603 0.0878611
69.512 0.456775 4.60562 -0.0475658 1.01294 0.00034581 -0.00175835 0.0252235 -0.99968 0.0195183 -0.00265682 -0.0035402 -2.32727e-05 -8.24278e-05 0.0774186 0.0196397 -0.00166638 -0.00347282 -2.32727e-05 -8.24278e-05 0.0774186
70.524 0.464855 4.63948 -0.043893 1.00669 0.000374795 -0.00225152 -0.0023649 -0.999995 0.0282568 -0.00230295 0.0018313 -0.000354847 -0.00109205 0.0332268 0.0281592 -0.00240206 0.00210976 -0.000385364 -0.00122801 0.0338418
71.082 0.469627 4.65401 -0.0419147 1.00052 0.000427115 -0.00238907 -0.00972808 -0.99995 0.0281722 -0.00148188 0.00192225 0.00013746 -0.000513783 0.0235612 0.0281285 -0.00203131 0.00205526 0.00013746 -0.000513783 0.0235612
71.632 0.476079 4.66841 -0.0385899 1.00295 0.000401314 -0.00247111 -0.0162983 -0.999864 0.0278667 -0.000581903 0.00328125 -0.000776492 -0.000736952 0.0184117 0.0278164 -0.00149226 0.00341804 -0.000776492 -0.000736952 0.0184117
72.226 0.480863 4.68382 -0.0366246 1.01101 0.000446244 -0.00258357 -0.0227212 -0.999738 0.0275915 -1.39738e-05 0.00358121 0.00016068 0.000187117 0.0211239 0.0275163 -0.00137848 0.00362284 8.06013e-05 0.000319163 0.021107
72.778 0.484426 4.70104 -0.0335278 1.01938 0.000402795 -0.00262566 -0.0287564 -0.999583 0.028645 0.000564572 0.00339133 8.7645e-05 -0.000693188 0.0195698 0.0285687 -0.00106861 0.0035088 0.000131018 -0.000677187 0.0196497
73.33 0.489482 4.72046 -0.0305135 1.01917 1.31231e-05 -0.0010666 -0.0335686 -0.999436 0.0276254 8.94369e-05 0.000652871 0.00346289 -0.0140055 -0.00358982 0.0275677 -0.00176439 0.000711752 0.00346289 -0.0140055 -0.00358982
74.376 0.494593 4.74516 -0.0260406 1.03182 0.000322803 -0.00118559 -0.00583628 -0.999982 0.0154787 -0.000710242 0.000302969 0.000309038 3.15107e-05 -0.0778775 0.0156281 -0.00105974 0.000457394 0.0002258 0.000199413 -0.0782486
75.36 0.505699 4.76033 -0.0191863 1.02364 0.000678553 -0.00285396 0.013236 -0.999908 0.0233095 0.00330029 0.00454148 0.00203416 -0.00121435 0.0132998 0.0231878 0.00390953 0.00467909 0.00203416 -0.00121435 0.0132998
75.904 0.513527 4.77643 -0.0140582 1.03581 0.000338316 -0.00298268 0.00465166 -0.999985 0.0263234 0.00402434 0.00487457 0.000714099 -0.000761809 0.036198 0.0262553 0.00426557 0.0050342 0.000714099 -0.000761809 0.036198
76.464 0.510842 4.79598 -0.0108745 1.04793 0.00032947 -0.00305931 -0.00505551 -0.999983 0.028294 0.0033044 0.00533205 -0.000946625 -0.000463584 0.0320841 0.0281742 0.00319015 0.00565228 -0.00103547 -0.000679228 0.0324919
76.942 0.512977 4.81217 -0.0101836 1.05235 0.000373045 -0.00301628 -0.0123221 -0.999919 0.0288259 0.00300768 0.00507023 -0.000116409 -0.00015158 0.0307145 0.0288601 0.00229297 0.00524622 -0.000116409 -0.00015158 0.0307145
77.49 0.51783 4.83198 -0.00690107 1.05608 0.00031043 -0.00311086 -0.0198268 -0.999799 0.029165 0.0039814 0.00528135 0.000498973 0.000194666 0.0278044 0.0292664 0.00281932 0.00546527 0.000498973 0.000194666 0.0278044
78.424 0.540144 4.86599 -0.000231516 1.04535 -0.000256233 -0.00096398 -0.0208916 -0.999781 0.0193443 0.00162226 0.00356224 -0.00203687 0.00313205 -0.0580781 0.0193883 0.000814732 0.00359896 -0.00203687 0.00313205 -0.0580781
79.03 0.547513 4.88438 -0.000154914 1.01534 9.56153e-05 -0.00097915 0.000375233 -1 0.0146301 0.00164296 0.00619476 -0.0001423 -0.00161265 -0.084771 0.0146167 0.00165275 0.00622371 -0.0001423 -0.00161265 -0.084771
79.996 0.558753 4.91172 0.000600695 1.01061 0.000587005 -0.00361765 0.0219664 -0.999752 0.0301626 0.0058218 0.00671177 0.00217 -0.00371967 0.020859 0.0292678 0.00699553 0.00690197 0.00231137 -0.00506988 0.0157426
80.506 0.564112 4.92783 0.00209713 1.01851 0.000253783 -0.00365551 0.0138133 -0.999898 0.03451 0.0060081 0.00592621 0.000874296 -0.000281244 0.0423116 0.0342867 0.00695543 0.00618102 0.000874296 -0.000281244 0.0423116
81.464 0.584933 4.96719 -0.00187282 1.04378 -0.000547791 -0.00351173 0.00735193 -0.999967 0.0374213 -0.00278655 0.00796277 -0.00212493 0.000637533 -0.0398936 0.0374013 -0.00222757 0.00822828 -0.00212493 0.000637533 -0.0398936
82.062 0.598169 4.99153 -0.00474299 1.05292 -0.000297708 -0.0039887 0.0216073 -0.999759 0.0404445 -0.00367715 0.00795681 -0.00056986 -0.000848273 -0.0557447 0.0405007 -0.00192288 0.00828142 -0.00056986 -0.000848273 -0.0557447
82.636 0.620153 5.01695 -0.0132132 1.05944 0.000828871 -8.97311e-05 0.0296834 -0.999559 0.0283777 -0.00255657 -0.00470896 0.000514582 0.00525069 0.0112039 0.02848 -0.000860292 -0.00470669 0.000514582 0.00525069 0.0112039
83.224 0.634333 5.03483 -0.0175122 1.05264 0.000868202 -0.00376567 0.0164257 -0.999858 0.0203591 -0.00135778 0.0120609 -0.00667472 0.0468988 0.062473 0.0193143 -0.000907799 0.0119568 -0.00849857 0.0498456 0.0618342
84.346 0.659426 5.08596 -0.0138054 1.06402 0.000303896 -0.00505933 -0.0076644 -0.999958 0.051284 -0.000967196 0.011975 -0.00107839 -0.000632002 0.0154238 0.0508623 -0.00162157 0.0125177 -0.00119222 -0.000853557 0.0170801
84.968 0.682963 5.12284 -0.0132221 1.07336 0.000473472 -0.00548589 -0.0101637 -0.999933 0.0584634 -0.00100213 0.0133619 -0.00016577 -0.00150119 0.00292416 0.0582807 -0.00220172 0.0140009 -0.00016577 -0.00150119 0.00292416
85.566 0.706226 5.16517 -0.00965318 1.08131 -0.000635305 -0.00530225 -0.00739079 -0.999958 0.0628841 -0.0042068 0.00669871 -0.00166654 -0.000378238 -0.0339629 0.0627405 -0.00512637 0.00737076 -0.00166654 -0.000378238 -0.0339629
86.088 0.731695 5.20334 -0.00864068 1.08 -0.000352426 -0.00594396 0.00363297 -0.999976 0.0668143 -0.0060034 0.00677956 -0.000212078 -0.00111691 -0.0505815 0.0667708 -0.00551301 0.00757766 -0.000212078 -0.00111691 -0.0505815
86.602 0.758504 5.24189 -0.00896896 1.09135 -0.000658945 -0.00584599 0.0148813 -0.999872 0.0715057 -0.00700792 0.0307082 0.0019699 -0.00460862 -0.0490831 0.0711669 -0.00477395 0.032278 0.00306127 -0.0068415 -0.0485488
87.152 0.795031 5.28769 -0.0138883 1.11442 -0.000564286 -0.00649731 0.0288866 -0.999561 0.0751206 -0.0100949 0.0319597 0.000235083 -0.000294435 -0.0520133 0.0747558 -0.00593453 0.0333222 -0.000121326 -3.60916e-05 -0.0522765
87.708 0.831167 5.33436 -0.0161362 1.11754 -0.000530993 -0.00713765 0.0411019 -0.999129 0.0830536 -0.0101191 0.0456924 -0.014105 -0.00500558 -0.0450066 0.0824823 -0.00339993 0.0402094 -0.00122855 -0.00225249 -0.0460455
88.25 0.871042 5.3861 -0.0188926 1.14868 0.000902492 -0.00747783 0.0448695 -0.998964 0.089091 -0.00141527 0.05629 0.00240944 -0.000857062 0.0173171 0.0880128 0.00643662 0.0576203 0.00240944 -0.000857062 0.0173171
88.8 0.911802 5.44611 -0.0187347 1.17767 0.000427528 -0.00803058 0.0364091 -0.999305 0.0992567 0.00135554 0.0623267 0.000998324 -0.00237151 0.0379872 0.0972384 0.00840889 0.0640179 0.00106032 -0.00243241 0.0379982
89.342 0.953313 5.50173 -0.0193976 1.21735 -0.00188674 -0.00851007 0.0304907 -0.999497 0.105006 -0.00740142 0.0612789 -0.00270246 -0.00107357 -0.00581811 0.104197 -0.000784721 0.0630756 -0.00270246 -0.00107357 -0.00581811
90.246 1.02946 5.59722 -0.0330166 1.28567 -0.0009664 -0.00944071 0.0447997 -0.998951 0.11484 -0.0165378 0.0636291 -0.0111592 0.00334342 -0.0425239 0.114633 -0.00612145 0.0658197 -0.0111592 0.00334342 -0.0425239
90.826 1.08526 5.67172 -0.0392819 1.33365 0.000604681 -0.0113818 0.0495207 -0.998708 0.130998 -0.00649634 0.066227 0.00311819 -0.00373681 0.0100669 0.128678 0.00596325 0.0689318 0.00329642 -0.00448626 0.00661811
91.772 1.20294 5.80629 -0.0453869 1.40693 2.5591e-05 -0.0122527 0.0396265 -0.999139 0.149574 -0.00474814 0.0724923 -0.000703477 -7.26754e-06 0.0217072 0.147182 0.00725146 0.0760739 -0.000617586 1.39692e-05 0.022142
92.742 1.2464 6.00668 -0.0557206 1.50653 -0.000529994 -0.0210111 0.0324918 -0.999251 0.233662 -0.0103578 0.130552 -0.000232837 -0.00238299 0.00709336 0.226624 0.00491131 0.140592 -0.000237735 -0.00296352 0.00764148
93.274 1.24174 6.12892 -0.0606371 1.5721 -0.000556855 -0.021086 0.0313293 -0.999287 0.247808 -0.0111354 0.12706 -0.000366071 0.00135817 0.00391759 0.242439 0.00438196 0.137409 -0.000366071 0.00135817 0.00391759
93.86 1.25147 6.29411 -0.0672867 1.64942 -0.00050445 -0.0213446 0.0303143 -0.999312 0.259576 -0.010109 0.128264 0.000731194 0.00173188 0.00528481 0.253999 0.0056054 0.139236 0.000731194 0.00173188 0.00528481
94.446 1.25951 6.46922 -0.0741838 1.72793 -0.000647889 -0.0217322 0.02892 -0.999345 0.269756 -0.0099402 0.128536 0.000158105 0.000643617 0.00470252 0.263529 0.00568943 0.140023 0.000166604 0.000699595 0.00475676
95.05 1.26434 6.63384 -0.081002 1.77333 -0.000133255 -0.0226289 0.0272625 -0.999372 0.279278 -0.00721335 0.0830919 0.000594014 0.000164425 0.00976817 0.274468 0.0079568 0.0956956 0.00065493 -0.000672862 0.00936286
95.638 1.12927 6.81862 -0.0931702 1.85238 -0.00274611 -0.0214393 0.0270991 -0.999399 0.279066 -0.020524 0.119853 -0.00394292 0.00434818 -0.0146927 0.274074 -0.00428652 0.131929 -0.00421948 0.00478232 -0.0136306
96.376 0.970049 7.02127 -0.112121 1.90616 -0.00129128 -0.0142463 0.0348458 -0.99929 0.232276 -0.0206485 0.0731491 0.000125013 0.0140887 -0.0263178 0.230966 -0.00429741 0.0797855 0.000125013 0.0140887 -0.0263178
97.572 0.759402 7.30122 -0.141249 1.92859 -0.00143622 -0.0129967 0.0525668 -0.998532 0.193475 -0.020803 0.0632036 0.000399972 0.000601611 -0.0315194 0.192873 -0.00027495 0.0682625 0.000399972 0.000601611 -0.0315194
98.186 0.704784 7.41848 -0.156468 1.95491 -0.000902902 -0.00917003 0.0605522 -0.998123 0.172872 -0.0184 0.0343594 -0.000332379 -0.00342671 -0.0249846 0.17429 0.00249524 0.0417939 0.00074533 0.00663338 -0.0255741
98.742 0.642807 7.50538 -0.169542 1.94151 0.000195107 -0.00266857 0.0583632 -0.998292 0.131542 -0.0109109 0.0152779 0.00183359 0.0135541 0.0493948 0.131834 0.00448073 0.0159807 0.00183359 0.0135541 0.0493948
99.792 0.609743 7.61576 -0.187375 1.96668 0.000215356 -0.0075892 0.0224592 -0.999719 0.122479 -0.00900709 0.0369837 0.000612113 -0.00907712 0.0631721 0.122185 -0.00352691 0.0388384 0.000612113 -0.00907712 0.0631721
100.322 0.605037 7.66129 -0.193298 1.97911 -0.000687765 -0.00551295 0.00906836 -0.999943 0.126965 -0.0103172 0.0370567 0.00116299 -2.41432e-05 0.0289433 0.12699 -0.00745121 0.0384857 0.00262433 5.80835e-05 0.0340535
101.474 0.639113 7.74654 -0.202486 2.03504 -0.000393197 -0.00443771 0.0138365 -0.999894 0.120683 -0.0127529 0.0344412 0.00070705 -0.00120568 -0.0270024 0.120902 -0.00943941 0.0357429 0.0011498 -0.00143818 -0.0260909
102.018 0.660289 7.78225 -0.207363 2.05999 -0.00030614 -0.00480864 0.0215889 -0.999755 0.118523 -0.013975 0.0402109 -0.000937266 -0.000948049 -0.0332129 0.118588 -0.0088657 0.0414221 -0.000885424 -0.00102297 -0.0332938
102.6 0.679115 7.81525 -0.213677 2.08424 -0.000163492 -0.00498607 0.0295831 -0.99955 0.114252 -0.0141626 0.0448251 1.68698e-06 0.000623211 -0.0285896 0.114436 -0.0073794 0.0459694 1.68698e-06 0.000623211 -0.0285896
103.212 0.717909 7.84147 -0.219071 2.1201 0.000729824 -0.000281482 0.0337872 -0.999429 0.0917953 -0.0113657 -0.0141613 -0.000455699 0.00033781 0.0203459 0.0923606 -0.00511939 -0.0141215 -0.000455699 0.00033781 0.0203459
104.236 0.72155 7.86709 -0.219652 2.12194 0.000392707 -0.00934961 0.00364785 -0.99995 0.0766179 -0.00593237 0.0181193 0.00128532 -0.0016436 0.0581629 0.0742586 -0.0053558 0.0195833 0.00134686 0.00347212 0.0596731
104.856 0.73457 7.90082 -0.21881 2.1344 0.00033807 -0.00754501 -0.00718326 -0.999946 0.0944158 -0.0042518 0.0187655 -9.11744e-05 -0.000881218 0.0246182 0.0934012 -0.00568359 0.0201601 -0.000140141 -0.00099805 0.025405
105.828 0.758796 7.9756 -0.217091 2.15203 -0.00112621 -0.0072121 -0.0115835 -0.999906 0.0945831 -0.00807948 0.0127717 -0.00224069 0.00192739 -0.0260848 0.0941767 -0.0102358 0.0141538 -0.00224069 0.00192739 -0.0260848
106.824 0.785434 8.05824 -0.22085 2.16179 -0.000574243 -0.0083651 0.0109433 -0.999905 0.0938272 -0.0108886 0.00605962 3.97647e-05 0.00062053 -0.0503017 0.0938166 -0.00912479 0.00758005 -0.000285495 0.000724969 -0.0510272
107.554 0.816202 8.13168 -0.22239 2.17472 0.00132354 -0.00891534 0.0238987 -0.999674 0.0989009 -0.00506886 -0.00234822 -0.00200173 -0.000895905 -0.0108485 0.0990563 -0.00033251 -0.000589942 -0.00200173 -0.000895905 -0.0108485
108.142 0.851918 8.20247 -0.222466 2.18784 0.000588215 -0.00888458 0.0177708 -0.999802 0.10485 0.00227297 -0.00148812 0.00886525 -0.0471171 0.0401017 0.104713 0.00599845 0.000378994 0.00886525 -0.0471171 0.0401017
108.726 0.873931 8.27395 -0.220127 2.17623 0.000928305 -0.00999936 0.00393694 -0.999942 0.106009 0.00624378 -0.0291023 0.00126614 -0.00255344 0.0545701 0.105492 0.00702713 -0.0272838 0.00139693 -0.0016756 0.0542282
109.304 0.90016 8.34849 -0.217939 2.16488 0.000801803 -0.0102717 -0.00982835 -0.999899 0.114145 0.00751804 -0.0317224 -0.000387193 -0.000912334 0.0487633 0.114898 0.00531567 -0.0293592 -0.000387193 -0.000912334 0.0487633
109.872 0.919752 8.42618 -0.215722 2.13257 -0.000811965 -0.0102378 -0.0193097 -0.999761 0.119969 0.00206227 -0.0776916 -0.00220105 -0.00268801 0.0119274 0.121522 -0.00272614 -0.0752182 -0.00220105 -0.00268801 0.0119274
110.608 0.957457 8.52567 -0.214327 2.10879 -9.7828e-05 -0.000148249 -0.0153055 -0.999883 0.102369 -0.00100451 -0.000356615 0.000924383 -0.0278726 -0.0317582 0.102291 -0.00413738 -0.000325768 0.000924383 -0.0278726 -0.0317582
111.212 0.988446 8.59124 -0.212489 2.07869 -0.0014295 -0.0126605 -0.00122538 -0.999918 0.101114 -0.00588675 -0.0784568 -0.00432765 -0.0258329 -0.0570627 0.103053 -0.00635756 -0.0758542 -0.00432765 -0.0258329 -0.0570627
112.19 1.05803 8.68635 -0.214406 2.08365 -8.89542e-05 -0.00311301 -0.00727859 -0.999969 0.0557851 0.0013765 -0.00149957 0.00127577 -8.88059e-05 0.0659607 0.056628 0.000708294 -0.000931294 0.00144036 -0.000347409 0.0646291
112.806 1.07258 8.73223 -0.21359 2.0462 0.000773927 -0.0162234 -0.0254607 -0.999544 0.0890997 0.00655801 -0.0978206 0.00422231 0.00188856 0.054087 0.0924472 0.00208278 -0.0948672 0.00422231 0.00188856 0.054087
113.428 1.09778 8.81061 -0.209826 1.99697 0.000108761 -0.00899061 -0.0357643 -0.99932 0.134526 0.010418 0.00537016 0.00914673 -0.153071 0.0171592 0.134808 0.000777457 0.0077945 0.00914673 -0.153071 0.0171592
114 1.15158 8.87195 -0.208367 1.99119 -0.00047215 -0.00150926 -0.0313757 -0.999506 0.0761137 0.00245535 0.00584621 -0.00156733 0.0169427 -0.0473162 0.0761 -0.00231719 0.00607598 -0.00156733 0.0169427 -0.0473162
114.578 1.17998 8.93598 -0.212071 1.93312 0.000497787 -0.0140275 -0.0153714 -0.999783 0.129508 -0.00510124 -0.139644 -0.0345269 -0.0233364 -0.0497935 0.130628 -0.0100607 -0.133052 -0.0399424 -0.0251306 -0.0543792
115.134 1.19041 9.00972 -0.212071 1.80334 0.00137752 -0.012589 -0.011754 -0.999851 0.150042 0.00934548 -0.131141 0.00308244 -0.00150551 0.0140785 0.153478 0.00613344 -0.127298 0.00308244 -0.00150551 0.0140785
115.69 1.19147 9.09288 -0.208273 1.71641 -0.00143019 -0.0123786 -0.0182878 -0.999755 0.160231 0.010982 -0.112929 0.0356999 -0.00291705 0.0235344 0.163266 0.00474705 -0.108947 0.0356999 -0.00291705 0.0235344
116.272 1.19359 9.18633 -0.209421 1.66873 -0.00190865 -0.0123682 -0.0155757 -0.9998 0.165597 -0.00595158 -0.11991 -0.00290594 0.000214338 -0.038895 0.168239 -0.0116022 -0.115747 -0.00290594 0.000214338 -0.038895
117.198 1.18318 9.34945 -0.218192 1.58095 -0.000894976 -0.0138298 0.00211396 -0.999902 0.18335 -0.00507681 -0.104612 0.000531938 0.000656181 -0.0288062 0.186194 -0.00447822 -0.0994926 0.000531938 0.000656181 -0.0288062
118.136 1.17884 9.52381 -0.223911 1.50315 -0.000460454 -6.5914e-05 0.0123435 -0.999924 0.172699 -0.00172717 0.00930935 -0.000686995 -0.114442 -0.0263975 0.172688 0.00254502 0.00933174 -0.000686995 -0.114442 -0.0263975
118.72 1.17297 9.59691 -0.22929 1.48364 -0.00290304 -0.0129032 0.0238025 -0.999629 0.112311 -0.00174548 -0.109795 0.0142256 0.120269 -0.0559424 0.115077 0.00303971 -0.106863 0.0142256 0.120269 -0.0559424
119.816 1.15018 9.75971 -0.255627 1.4038 -5.15681e-06 0.00216875 0.0392423 -0.999227 0.156537 -0.00513785 0.0057766 -0.000952013 -0.0373234 0.0202999 0.156481 0.00715525 0.0050972 -0.000952013 -0.0373234 0.0202999
120.332 1.13828 9.81622 -0.26584 1.40386 -0.000412106 -0.00162939 0.0283093 -0.999598 0.101961 -0.00179523 0.00514263 0.000313449 0.00450864 0.0617937 0.101881 0.00398209 0.005474 0.000313449 0.00450864 0.0617937
121.082 1.12287 9.88778 -0.27895 1.33031 -0.00297867 -0.0139911 0.0156568 -0.999775 0.156883 -0.0153532 -0.0604466 -0.00228707 -0.0153091 -0.0129671 0.158921 -0.0107544 -0.0559493 -0.00228707 -0.0153091 -0.0129671
122.078 1.09844 10.0332 -0.307598 1.2708 -0.00196182 -0.0129292 0.0368736 -0.999234 0.175613 -0.0229734 -0.0676758 0.00040123 0.00112835 -0.0463984 0.178527 -0.0101615 -0.0630285 0.00040123 0.00112835 -0.0463984
122.714 1.07296 10.1357 -0.329851 1.21582 -0.00173832 -0.0128198 0.0494431 -0.998693 0.175176 -0.0249572 -0.0684296 0.000356417 0.00306444 -0.0358462 0.17849 -0.0076782 -0.0638329 0.000356417 0.00306444 -0.0358462
123.324 1.03587 10.235 -0.350294 1.17665 0.000213049 -0.0130769 0.0576819 -0.998249 0.173222 -0.0219117 -0.0761225 -0.0039632 0.00084476 -0.0142612 0.176519 -0.00167115 -0.071546 -0.0039632 0.00084476 -0.0142612
123.926 0.948552 10.3368 -0.365952 1.13187 -0.00142126 -0.0121986 0.0564544 -0.99833 0.168741 -0.015546 -0.0672763 0.0345199 -0.00838643 0.0147914 0.171016 0.0034813 -0.0631076 0.0345199 -0.00838643 0.0147914
124.514 0.870934 10.4294 -0.382066 1.10448 -0.00222325 -0.0106735 0.0597441 -0.998154 0.153061 -0.0271877 -0.0578967 -0.00256585 0.00500415 -0.0372694 0.156424 -0.00891393 -0.0545069 -0.00256585 0.00500415 -0.0372694
125.108 0.790765 10.5224 -0.402118 1.08128 -0.00131165 -0.0100287 0.0732594 -0.997262 0.139556 -0.0279385 -0.0833813 -0.00699874 -0.00178501 -0.0472426 0.143796 -0.00733887 -0.0804855 -0.00699874 -0.00178501 -0.0472426
126.166 0.693417 10.6702 -0.436651 1.00967 -0.000726621 -0.00896421 0.0870147 -0.996167 0.119274 -0.0223243 -0.0773682 0.000932881 0.000420707 -0.0145018 0.122711 -0.00129834 -0.0751734 0.000932881 0.000420707 -0.0145018
126.806 0.651461 10.7542 -0.453598 0.973312 -0.000631231 -0.00713209 0.0911207 -0.995814 0.108131 -0.0211377 -0.0613689 -0.000129964 0.0024617 -0.0141401 0.111587 -0.00105129 -0.0597531 7.89683e-05 0.00261364 -0.0138194
127.39 0.635024 10.8232 -0.467986 0.922939 -0.000401356 -0.00650476 0.095352 -0.995422 0.0985862 -0.0200176 -0.0217806 -0.00206214 -0.027531 -0.0146139 0.101396 -0.00101521 -0.0436786 -8.35734e-05 0.00174742 -0.015428
127.982 0.606424 10.878 -0.477269 0.921447 0.000196006 -0.00331508 0.0906714 -0.995875 0.0723648 -0.0126921 0.0082455 0.00159498 0.00553151 0.0509605 0.0734113 0.000577052 0.00872838 0.00159498 0.00553151 0.0509605
129.058 0.574225 10.9554 -0.488417 0.904065 1.9976e-05 -0.00474556 0.0588941 -0.998253 0.0701654 -0.010043 -0.0392973 -0.00383869 0.0100603 0.0580802 0.0712286 -0.0016996 -0.0386254 -0.00383869 0.0100603 0.0580802
129.634 0.588898 10.9961 -0.491374 0.865561 1.23194e-05 -0.00527919 0.0434674 -0.999041 0.0705319 -0.00842721 -0.0348381 -1.34927e-06 -0.0012002 0.0538818 0.0712284 -0.0023097 -0.0340648 -2.4261e-06 -0.00116527 0.0540687
130.228 0.602876 11.0376 -0.493815 0.851404 -5.70877e-05 -0.00525162 0.0300665 -0.999534 0.0708902 -0.00737702 -0.0392484 4.72453e-05 -0.000978269 0.0450145 0.0716137 -0.00309487 -0.038499 4.72453e-05 -0.000978269 0.0450145
131.27 0.613217 11.1164 -0.499148 0.816631 5.7325e-05 -0.00521461 0.00941565 -0.999942 0.0719125 -0.00515807 -0.0382141 7.97789e-05 -5.08655e-05 0.0397575 0.0725438 -0.00373496 -0.0374865 8.50736e-05 -8.81193e-05 0.0401648
131.922 0.615762 11.1654 -0.50341 0.807338 -0.000293499 -0.00531992 0.000706423 -0.999986 0.0723727 -0.00749672 -0.0444335 -0.000707242 -0.000790362 0.00845709 0.072922 -0.00733123 -0.043717 -0.000836049 -0.00120995 0.0107939
132.518 0.617825 11.2056 -0.504709 0.798682 -1.11989e-05 -0.00533632 0.00103323 -0.999985 0.0714938 -0.00677538 -0.0402748 -0.00500168 7.59871e-05 -0.00630033 0.0719334 -0.00662808 -0.0395093 -0.00500168 7.59871e-05 -0.00630033
133.648 0.655871 11.2883 -0.503213 0.754947 -4.95471e-05 -0.00545135 -0.00552583 -0.99997 0.0700953 -0.00234623 -0.0374725 0.000321893 0.00101097 0.0189032 0.0704694 -0.00312666 -0.0367059 0.000321893 0.00101097 0.0189032
134.216 0.67944 11.3275 -0.50291 0.733334 -1.17043e-05 -0.00614031 -0.00971438 -0.999934 0.0726772 -0.00217463 -0.0450329 -6.63505e-05 -0.00171762 0.0121371 0.0731687 -0.00359257 -0.0441373 -6.63505e-05 -0.00171762 0.0121371
134.804 0.727679 11.377 -0.50185 0.686505 4.32532e-06 -0.00620848 -0.0126188 -0.999901 0.077824 -0.00112915 -0.0485107 0.00037736 -0.00132242 0.00881695 0.078367 -0.00309987 -0.0475409 0.00037736 -0.00132242 0.00881695
135.374 0.821195 11.4266 -0.499741 0.658057 -0.000126587 -0.00783023 -0.0146265 -0.999862 0.0858117 -0.000109085 -0.0329335 0.000122821 -0.00047934 0.00533111 0.0855455 -0.00259352 -0.0315225 0.000247348 0.000643008 0.00553261
135.976 0.826029 11.4822 -0.499477 0.634915 -2.689e-05 -0.00924265 -0.015395 -0.999839 0.100168 2.56813e-05 -0.0442688 -0.000218534 -0.0037355 0.00124328 0.100332 -0.00307938 -0.0424441 -0.000240597 -0.00417472 0.00136043
137.052 0.843674 11.6075 -0.499283 0.606594 0.000200218 -0.00915886 -0.0178953 -0.999798 0.112988 0.00187177 -0.0168669 -9.82075e-05 -0.000348746 0.00703243 0.113095 -0.00218636 -0.0161283 -0.000139406 -0.000398902 0.00700291
137.634 0.862934 11.6823 -0.496388 0.602944 -0.000546115 -0.00941789 -0.0171536 -0.999808 0.116196 -0.00137697 -0.0102714 -0.000309161 0.000105789 -0.0140819 0.115889 -0.00537351 -0.00804019 -0.000421519 0.000100784 -0.0127555
138.208 0.857789 11.7499 -0.491425 0.588612 -0.000539756 -0.0098649 -0.012545 -0.999873 0.120692 -0.000515913 -0.0114703 7.84528e-05 -0.00074681 -0.0209341 0.120844 -0.00355746 -0.00908502 7.84528e-05 -0.00074681 -0.0209341
138.836 0.888162 11.8332 -0.491365 0.572907 -0.000319972 -0.00973197 -0.00704691 -0.999928 0.123465 -0.00106635 0.0275784 -0.00028345 0.00130038 -0.0152432 0.122878 -0.00278402 0.0299772 -0.00028345 0.00130038 -0.0152432
139.858 0.908852 11.977 -0.492525 0.593299 -0.000780689 -0.0102539 -9.54205e-05 -0.999947 0.129969 -0.0041793 0.0229133 -0.00866858 0.00496319 -0.0220515 0.12924 -0.00409075 0.0251441 -0.0046838 0.00270933 -0.0216419
140.504 0.906278 12.0675 -0.495037 0.617988 -0.000130274 -0.0111657 0.00431993 -0.999928 0.137331 -0.00168952 0.0234297 0.000438434 -0.000995134 -0.00641142 0.136292 -0.000513007 0.0266445 0.000529367 -0.00121198 -0.00740991
141.14 0.902023 12.1577 -0.49861 0.642048 -0.000178553 -0.011051 0.00487184 -0.999927 0.141029 -0.00174953 0.0198306 0.00258357 -0.000138335 9.10635e-05 0.140566 -0.000369902 0.0229431 0.00258357 -0.000138335 9.10635e-05
141.746 0.898626 12.247 -0.501942 0.668076 -0.0006156 -0.0108323 0.00643477 -0.99992 0.141516 -0.00508733 0.0128967 -0.000690231 0.000556408 -0.0119344 0.141257 -0.00324984 0.0159651 -0.000690231 0.000556408 -0.0119344
142.32 0.89859 12.3329 -0.50228 0.673717 -0.000599017 -0.0109203 0.0100416 -0.99989 0.142382 -0.00457656 0.0123887 0.000337658 0.000577391 -0.0155742 0.14214 -0.00170248 0.0154998 0.000337658 0.000577391 -0.0155742
142.916 0.896467 12.4273 -0.505369 0.664107 -0.000938095 -0.010731 0.0150607 -0.999829 0.144698 -0.00674513 0.00620749 -0.000255259 -0.000472219 -0.0211515 0.14449 -0.00227737 0.00914373 -0.000279374 -0.000467251 -0.0209968
143.584 0.890534 12.5347 -0.511415 0.684843 -0.000206084 -0.0111083 0.0213037 -0.999711 0.148366 -0.00557856 0.0195039 0.00107576 9.07581e-06 -0.0101471 0.147636 0.000473131 0.022856 0.000725049 0.000464116 -0.0115992
144.232 0.885692 12.6348 -0.517257 0.709265 -0.000686829 -0.0104764 0.0221741 -0.999699 0.150278 -0.00511117 0.0371928 0.00306182 -0.0035404 -0.000333054 0.14969 0.00177106 0.0406712 0.0043737 -0.00519138 4.71849e-05
145.168 0.875755 12.7745 -0.525777 0.739709 -0.000270539 -0.0107248 0.0246021 -0.99964 0.149091 -0.00636058 0.0308284 -0.001359 0.000668848 -0.00599084 0.148455 0.000803527 0.0339511 -0.00169151 0.000820002 -0.00635583
145.772 0.87028 12.8637 -0.530496 0.753203 -0.000364989 -0.0105264 0.0247482 -0.999638 0.149093 -0.00484542 0.0324877 0.00039569 0.000453846 0.00264245 0.148433 0.00254534 0.0356215 0.00039569 0.000453846 0.00264245
146.394 0.865827 12.9487 -0.53557 0.774607 -0.000300835 -0.0104495 0.0238404 -0.999661 0.149219 -0.00502949 0.0110601 -0.00532816 0.00126212 0.00466242 0.148765 0.00212127 0.0231674 -0.00382416 0.00101272 0.00447802
147.002 0.860917 13.0478 -0.539745 0.762998 -1.52499e-05 -0.010173 0.0204157 -0.99974 0.149635 -0.00189021 0.00509597 0.00075756 0.000586757 0.0168305 0.149453 0.00421769 0.00813937 0.00075756 0.000586757 0.0168305
148.03 0.849373 13.1946 -0.547649 0.775806 -0.000571642 -0.01 0.0125458 -0.999871 0.14634 -0.00341181 0.0467441 0.000408828 0.002378 0.0104551 0.145703 0.000624468 0.0501204 0.00127169 0.00174116 0.0117361
148.626 0.851283 13.2722 -0.55043 0.809751 -0.00044704 -0.0100439 0.011836 -0.999879 0.143626 -0.00476352 0.043129 -0.000336952 0.000637297 -0.00279159 0.142934 -0.00132301 0.046006 -0.000324682 0.000625172 -0.00253115
149.222 0.847598 13.3575 -0.553489 0.840373 -0.000405216 -0.0101419 0.0130337 -0.999864 0.143611 -0.00492786 0.0425528 1.07406e-06 -0.000367793 -0.00428412 0.142705 -0.00108549 0.0456335 0.000110714 -0.000434492 -0.00425678
149.86 0.842594 13.4499 -0.557844 0.839901 0.000289011 -0.00958169 0.0128969 -0.999871 0.141592 -0.00180723 0.0484812 0.00108965 0.00120381 0.0115989 0.140908 0.00152828 0.0509882 0.000955021 0.00117365 0.0101986
150.484 0.841707 13.5312 -0.558997 0.864189 2.98034e-05 -0.00966299 0.00809051 -0.999921 0.139769 -0.000261434 0.0482663 9.39481e-06 -1.13124e-05 0.018766 0.138796 0.00198951 0.0509584 9.39481e-06 -1.13124e-05 0.018766
151.074 0.841132 13.6141 -0.561099 0.853849 -0.000402351 -0.0103523 0.00368524 -0.99994 0.141188 -0.00217717 -0.0337357 -0.000999135 -0.0031597 0.00803959 0.141868 -0.00115995 -0.0308039 -0.000999135 -0.0031597 0.00803959
151.644 0.792143 13.6979 -0.564659 0.833555 -0.000187728 -0.0101866 0.00307116 -0.999943 0.142592 -0.00381325 -0.0267837 -0.000676422 2.63536e-05 -0.00152231 0.143129 -0.00294521 -0.0238717 -0.000676422 2.63536e-05 -0.00152231
152.316 0.724104 13.7836 -0.567975 0.838993 -0.000326813 -0.000226868 0.00480432 -0.999988 0.11707 -0.00413022 -0.0012768 0.00156903 -0.0170813 -0.0274597 0.117104 -0.00300598 -0.00122134 0.00156903 -0.0170813 -0.0274597
153.454 0.663719 13.8718 -0.573771 0.841969 0.000109177 -0.00350681 0.0420886 -0.999108 0.0636209 -0.00425749 -0.010554 0.00795458 0.0301875 -0.0700832 0.0644413 0.000805785 -0.00345662 -0.000107647 0.000387696 -0.0710876
154.064 0.638397 13.9114 -0.574881 0.826096 -6.45532e-05 -0.001958 0.0646851 -0.997904 0.0673297 -0.00685655 0.0169853 0.000318539 0.00225659 -0.118016 0.0675844 0.00189093 0.0172504 0.000318539 0.00225659 -0.118016
154.644 0.618592 13.9414 -0.576226 0.828318 0.000241564 -0.00257035 0.104139 -0.994559 0.0580328 -0.00577229 0.015987 -0.000895178 -0.00110819 -0.157428 0.057888 0.0063578 0.0162868 -0.000895178 -0.00110819 -0.157428
155.266 0.604851 13.968 -0.577905 0.8155 0.00037557 -0.00236739 0.148051 -0.988977 0.0524596 -0.0041858 0.028487 9.17057e-05 -0.000555306 -0.134955 0.0516001 0.0110176 0.0282944 7.22515e-05 -0.000390891 -0.137475
155.874 0.592707 13.9895 -0.579367 0.8343 0.000445209 -0.00211764 0.182288 -0.983243 0.048982 -0.00378896 0.0124559 -0.000112243 -0.00131706 -0.111061 0.0470347 0.0140006 0.0126673 -0.000112243 -0.00131706 -0.111061
156.494 0.58243 14.0065 -0.579106 0.841021 0.000459737 -0.00191321 0.209875 -0.977726 0.0447435 -0.00267759 0.0043868 0.000111712 -0.000279365 -0.0898917 0.0421506 0.0159002 0.00523894 0.000177483 -0.000231245 -0.0906948
157.198 0.571883 14.0242 -0.578159 0.859374 0.00037517 -0.00167583 0.236148 -0.971716 0.0408765 -0.00171254 -0.0138701 0.000869954 -0.000319939 -0.0718292 0.037362 0.0172521 -0.0130516 0.00106079 -0.000462158 -0.0717724
157.892 0.565648 14.0365 -0.578584 0.866616 0.000397855 -0.00157023 0.258363 -0.966046 0.0359202 -0.00176797 -0.0215704 -0.000281356 0.000234396 -0.0691636 0.0320681 0.0164328 -0.0214539 -0.000281356 0.000234396 -0.0691636
158.58 0.561643 14.0523 -0.583068 0.880531 -0.000531764 -0.00370117 0.278797 -0.960343 0.0453465 -0.0119943 0.0216118 1.29975e-05 -0.00325883 -0.0526175 0.0445585 0.0141301 0.0219571 1.29975e-05 -0.00325883 -0.0526175
159.206 0.553837 14.0736 -0.589717 0.884966 -0.000502 -0.00323345 0.292929 -0.956129 0.045836 -0.0139306 0.0264586 0.000390756 0.00077402 -0.0448026 0.0456008 0.0141108 0.0267678 0.000390756 0.00077402 -0.0448026
159.856 0.545104 14.0901 -0.596521 0.895439 -0.00052352 -0.00337721 0.305539 -0.952173 0.0417526 -0.0132206 0.0253411 0.000263303 0.00127491 -0.036747 0.0414774 0.0135148 0.0256362 0.000263303 0.00127491 -0.036747
160.614 0.533239 14.1126 -0.608209 0.926529 -3.9619e-05 -0.00259677 0.316413 -0.948618 0.0383018 -0.0131506 -0.000119361 -0.0111638 -0.0279629 -0.013215 0.038527 0.0124758 9.09805e-05 -0.0111638 -0.0279629 -0.013215
161.202 0.528185 14.1297 -0.616627 0.935817 0.000649519 -0.00171911 0.289865 -0.957066 0.0282167 -0.000114331 -0.0138136 0.00322117 0.00206825 0.19594 0.0235786 0.0155915 -0.0137101 0.00322117 0.00206825 0.19594
161.796 0.523274 14.1431 -0.620079 0.936801 -7.17696e-05 -0.00167652 0.233427 -0.972373 0.0224719 0.00135186 -0.0164352 0.0014078 0.000183361 0.220194 0.0196951 0.0117907 -0.0163727 0.00160487 0.000121952 0.222203
162.46 0.519407 14.1569 -0.623424 0.931076 -0.000290567 -0.0017124 0.17414 -0.984719 0.017824 0.00037614 -0.0134377 -0.000906091 -0.000627461 0.174892 0.0166744 0.00662694 -0.0142817 -0.000795444 -0.000443753 0.176016
163.058 0.517485 14.1713 -0.628404 0.927113 -0.000281742 -0.00144685 0.129849 -0.991533 0.0164183 -0.000250466 0.000175373 0.000273803 -0.000988922 0.156457 0.0159285 0.00398572 0.000221512 0.000273803 -0.000988922 0.156457
163.722 0.51992 14.1828 -0.635927 0.911995 -0.000237417 -0.00123815 0.0851426 -0.996368 0.0123217 -0.00158487 0.00335398 -0.00160198 -0.00122694 0.124341 0.0125302 0.000736957 0.00309621 -0.00164091 -0.00121967 0.126513
164.644 0.522006 14.2002 -0.643212 0.905417 -6.94477e-05 -0.00077407 0.0396418 -0.999214 0.00883034 -0.000813494 0.00803557 -0.000148845 -0.000706755 0.0889965 0.00885455 -0.000110764 0.00804933 -0.000148845 -0.000706755 0.0889965
165.28 0.519929 14.2091 -0.649267 0.917514 0.000105832 -0.00056313 0.0158615 -0.999874 0.0060967 -0.0016951 0.00477646 -0.00136163 -0.000552317 0.0690153 0.00654725 -0.0012383 0.0052943 -0.00082995 -0.000758471 0.0706909
165.852 0.5174 14.217 -0.652996 0.934205 -9.58119e-05 -0.00270769 -0.00100423 -0.999996 0.0187413 -0.00224355 0.000339966 0.0034776 -0.0310525 0.0552627 0.0183128 -0.00211718 0.00207393 0.00379752 -0.0266783 0.055632
166.458 0.511957 14.2318 -0.654285 0.940861 0.000269493 -0.0034928 -0.0167538 -0.999854 0.0195642 -0.00219876 0.0084775 0.000556785 -0.00173811 0.0544958 0.0194198 -0.00285659 0.00861232 0.000556785 -0.00173811 0.0544958
167.01 0.530638 14.2506 -0.654067 0.945901 0.000160673 -0.0028874 -0.030936 -0.999517 0.0238417 -0.00158502 0.00864436 -0.00036212 -3.23693e-05 0.0463947 0.0235528 -0.00299327 0.0087557 -0.000327008 -2.09682e-05 0.0472006
167.684 0.522068 14.2749 -0.654726 0.950137 8.69753e-05 -0.00147698 -0.0438935 -0.999035 0.0248365 -0.00192728 -0.0020342 0.000472566 -0.025151 0.0418833 0.0252981 -0.00398186 -0.0012269 0.00123716 -0.0291014 0.0401908
168.242 0.515149 14.2926 -0.655982 0.957817 0.000146406 -0.00116172 -0.0586356 -0.998279 0.0109453 -0.00400823 -0.000179835 -3.377e-05 0.00110831 0.0626093 0.0109371 -0.00521634 -9.86333e-06 1.39391e-05 0.00158506 0.0623162
169.3 0.49848 14.3164 -0.65393 0.984224 0.000544184 -0.00357259 -0.0885911 -0.996062 0.0169122 -0.000853039 0.00413741 4.59726e-07 -0.00233316 0.0503704 0.0162055 -0.00388963 0.00214845 0.000193995 -0.00217913 0.0511955
169.952 0.485403 14.3425 -0.646235 0.984752 0.000433007 -0.00313864 -0.103418 -0.994633 0.0188028 0.00129209 0.00464926 0.000557403 -0.00025664 0.043456 0.0186365 -0.00260481 0.00476683 0.000557403 -0.00025664 0.043456
170.5 0.476749 14.3677 -0.639791 0.979098 0.000352465 -0.00294041 -0.1146 -0.993407 0.0186022 0.00141432 0.00508312 -8.93484e-05 0.000316548 0.036719 0.018549 -0.00282562 0.00511577 -8.25915e-05 0.000239473 0.0373914
171.094 0.467469 14.392 -0.631947 0.978286 0.000293747 -0.00294269 -0.124295 -0.992241 0.017541 0.00220207 0.00483996 0.000376599 0.000148261 0.0272848 0.0174605 -0.00225484 0.00488896 0.000405252 0.000263647 0.0276423
172.102 0.453437 14.4365 -0.622319 0.980289 0.000200712 -0.0012146 -0.136414 -0.990651 0.0156053 0.0015763 -0.000422036 -0.000881451 -0.00790408 0.0339488 0.0154515 -0.00270011 -0.000384186 -0.000881451 -0.00790408 0.0339488
172.684 0.452721 14.4563 -0.617688 0.965701 0.000117639 -0.00111392 -0.150849 -0.988556 0.0069637 -0.000246501 0.00274345 0.000392492 -8.62739e-05 0.0634774 0.0065671 -0.0023119 0.00275839 0.000392492 -8.62739e-05 0.0634774
173.308 0.451059 14.4778 -0.612617 0.959642 0.000398434 -0.00268305 -0.169795 -0.985476 0.0125167 0.00132225 -0.000881411 -2.12576e-05 -0.00396844 0.0569761 0.0117669 -0.00290061 -0.000805989 -9.16475e-07 -0.0037608 0.0579403
174.344 0.448394 14.5124 -0.605715 0.960003 0.000380203 -0.00216518 -0.192304 -0.981333 0.0172044 0.00224787 0.00462193 -0.000468358 -0.000431626 0.0338171 0.0167599 -0.00441148 0.00469603 -0.000468358 -0.000431626 0.0338171
174.954 0.440912 14.5339 -0.597978 0.971494 0.000336362 -0.00194868 -0.200849 -0.97962 0.0185125 0.00353991 0.00433604 -0.000251928 -0.000219085 0.0263748 0.0184256 -0.00403107 0.00444632 -0.000233967 -0.000219735 0.0265436
175.51 0.43783 14.5504 -0.592823 0.973131 0.000330654 -0.00175019 -0.207088 -0.978321 0.0182056 0.00337141 0.00196556 -0.00027855 0.000594113 0.021511 0.0180031 -0.00429448 0.00203002 -0.00027855 0.000594113 0.021511
176.556 0.438376 14.5791 -0.585847 0.971219 0.000432717 -0.00161512 -0.216366 -0.976311 0.018609 0.00283232 0.00163789 -0.000214831 -0.000416516 0.0147138 0.0180577 -0.00529508 0.00169745 -0.000214831 -0.000416516 0.0147138
177.184 0.436498 14.597 -0.579192 0.976089 0.000418985 -0.00148405 -0.220557 -0.975373 0.0194959 0.00359621 0.00220051 0.00072822 -0.000140478 0.0103829 0.0191568 -0.00518511 0.00228448 0.000449684 -0.000257833 0.0112021
178.324 0.42995 14.6221 -0.565864 0.985484 0.000401047 -0.0013077 -0.221506 -0.975158 0.018895 0.0045831 0.0020788 0.00027216 4.98385e-05 -0.00406198 0.0190646 -0.00419958 0.00224674 -3.40994e-05 6.1602e-06 -0.00401729
178.88 0.440299 14.6315 -0.558617 0.947078 0.000304182 -0.00114404 -0.220922 -0.975291 0.0181701 0.00536673 0.00195813 0.000357157 -0.000833231 -0.00440525 0.0187045 -0.0029873 0.00200213 0.000357157 -0.000833231 -0.00440525
179.586 0.435392 14.6423 -0.551744 0.96383 0.000349316 -0.00129591 -0.220387 -0.975412 0.0177723 0.00547747 0.00310161 -4.56641e-05 0.000233963 -0.00326177 0.0184443 -0.00269832 0.0032769 -2.46967e-05 0.000179783 -0.00333466
180.682 0.425263 14.658 -0.545274 0.985335 0.000387951 -0.0011321 -0.22015 -0.975465 0.0169507 0.00488641 0.0018927 -0.0004793 -0.00021916 -0.00208422 0.0174213 -0.0028699 0.00195068 -0.000340647 -0.000143041 -0.00228455
181.274 0.425889 14.6653 -0.542235 0.989119 0.000375817 -0.000922912 -0.220946 -0.975286 0.0150701 0.00437546 0.00175671 -1.35921e-05 0.000249427 0.00393754 0.0155661 -0.00254374 0.0017754 2.08331e-05 0.000315795 0.00366354
181.888 0.420967 14.673 -0.537779 1.00665 0.000356897 -0.000929302 -0.222741 -0.974877 0.0144567 0.00460217 0.00187345 0.00031155 -0.000235752 0.00559077 0.0150294 -0.00216128 0.0020095 0.000281782 -0.000241898 0.00563106
182.5 0.415447 14.6787 -0.534037 1.0255 0.000323988 -0.000837549 -0.224576 -0.974456 0.0128485 0.0040243 0.00171664 -6.81302e-05 0.000555421 0.00348121 0.013462 -0.00200984 0.00181401 -2.62189e-05 0.000626946 0.00361071
183.456 0.409122 14.6853 -0.528091 1.04033 0.000251775 -0.000766536 -0.226197 -0.974081 0.0104734 0.0036178 0.00190989 0.000496406 -2.55959e-05 0.000420974 0.0109928 -0.00136797 0.00192737 0.000496406 -2.55959e-05 0.000420974
184.09 0.40812 14.6888 -0.524854 1.03762 0.000227082 -0.000682864 -0.225041 -0.974349 0.00873487 0.00307265 0.00106933 -2.47711e-05 0.000290737 -0.00848666 0.00919607 -0.00106929 0.00108236 -2.47711e-05 0.000290737 -0.00848666
184.744 0.442264 14.6929 -0.523335 1.04021 0.00026797 -0.000663813 -0.22288 -0.974846 0.00788678 0.00257869 0.00119153 -8.4266e-05 8.32122e-05 -0.00827407 0.00827049 -0.00110239 0.00131417 -0.000113079 5.92667e-05 -0.00837189
185.344 0.4415 14.6982 -0.520853 1.04372 0.000557103 -0.00128008 -0.22204 -0.975037 0.0105444 0.00445922 -0.000528177 0.000163128 -0.00146344 0.00519571 0.011437 -0.000545891 -0.000497083 0.000163128 -0.00146344 0.00519571
186.362 0.439919 14.7093 -0.513068 1.04124 0.000359941 -0.00114791 -0.229367 -0.973339 0.0115694 0.0056514 -8.92092e-05 1.96707e-05 0.00016193 0.0162639 0.0128757 -0.000109026 -5.83303e-05 1.96707e-05 0.00016193 0.0162639
187.4 0.439543 14.7243 -0.507283 1.02991 0.00034097 -0.00106263 -0.232278 -0.972649 0.0123296 0.00440423 0.00467044 -0.000599114 0.000117723 -0.00924922 0.0129787 -0.00164292 0.00469906 -0.000599114 0.000117723 -0.00924922
187.952 0.440801 14.731 -0.504189 1.00715 0.000398221 -0.00108083 -0.229629 -0.973278 0.0115348 0.00457798 0.00420929 0.00030393 0.000349492 -0.0104891 0.0123361 -0.00107717 0.00422294 0.000337217 0.000381758 -0.0106461
189.036 0.441023 14.7431 -0.49893 0.997878 0.000353849 -0.00113733 -0.222129 -0.975017 0.0115292 0.00384446 0.00297193 -0.00041507 -0.000189727 -0.0264955 0.0120496 -0.00152944 0.00300027 -0.00041507 -0.000189727 -0.0264955
189.638 0.441537 14.7489 -0.497164 0.996705 0.00042592 -0.00118904 -0.215337 -0.976539 0.0107174 0.00362709 0.00329794 1.98657e-05 0.000369709 -0.0252079 0.0112406 -0.00121777 0.00332572 1.98657e-05 0.000369709 -0.0252079
190.258 0.441521 14.7549 -0.494392 1.00329 0.000564917 -0.0012954 -0.209762 -0.977751 0.0103361 0.00383619 0.00325022 -0.000301868 -0.000168732 -0.0112962 0.010991 -0.000742997 0.00328026 -0.000301868 -0.000168732 -0.0112962
190.902 0.441046 14.7633 -0.490972 0.977083 0.000604492 -0.00125908 -0.209355 -0.977839 0.010385 0.00425095 -0.00155346 -0.000886282 -0.000359947 0.00639511 0.0112193 -0.000372623 -0.00152324 -0.000886282 -0.000359947 0.00639511
191.49 0.437988 14.7702 -0.484386 0.971183 0.000508251 -0.00126977 -0.21437 -0.976752 0.00953814 0.00545303 -0.000846189 0.0005899 0.000427374 0.0253273 0.0110309 0.000960746 -0.000945428 0.000709571 0.000310369 0.0247346
192.542 0.437505 14.7852 -0.474473 1.00189 0.000455554 -0.00124171 -0.226244 -0.97407 0.0101171 0.00511241 0.00210978 -0.0005677 -0.000657424 0.0214381 0.0113261 0.000155804 0.0019066 -0.00055085 -0.00069995 0.0214279
193.084 0.437864 14.7941 -0.47123 1.01572 0.000501092 -0.00118715 -0.23172 -0.972782 0.0104106 0.00478562 0.00151143 -8.10345e-05 6.88914e-05 0.023205 0.0114463 -0.000422343 0.00154035 -8.10345e-05 6.88914e-05 0.023205
193.7 0.438357 14.8031 -0.467097 1.03203 0.000497102 -0.00123428 -0.237812 -0.97131 0.0104953 0.00490113 0.00142123 5.80746e-05 -0.000241427 0.0200967 0.0115288 -0.00052086 0.0014464 5.81593e-05 -0.000184551 0.0202047
194.726 0.439432 14.8194 -0.458976 1.02944 0.000513937 -0.00119424 -0.245648 -0.969358 0.0116382 0.00503075 0.00100658 -0.000404352 -0.000762815 0.0133775 0.0125614 -0.00109783 0.000846861 -0.000393967 -0.000576775 0.0135661
195.284 0.4409 14.8276 -0.454115 1.02921 0.000449051 -0.00119457 -0.248431 -0.968649 0.0115493 0.00528607 0.00382731 0.000432396 -0.000140615 0.00717139 0.0126581 -0.000925995 0.00385919 0.000432396 -0.000140615 0.00717139
195.922 0.440754 14.837 -0.448059 1.03106 0.000462418 -0.00119148 -0.248864 -0.968538 0.0119792 0.00543326 0.00544339 -0.00026605 -0.000634584 -0.001829 0.0130871 -0.000983954 0.00478239 -0.000242776 -0.000589221 -0.00157534
196.954 0.444572 14.8546 -0.439501 1.03128 0.000547466 -0.00106164 -0.247591 -0.968864 0.0129316 0.00584586 0.00328678 -0.000336283 1.14811e-05 -0.0011253 0.0141317 -0.0011417 0.00325136 -0.00043752 5.30783e-05 -0.00151996
198.036 0.444604 14.8689 -0.426976 1.03151 0.000435651 -0.00113162 -0.249898 -0.968271 0.0127356 0.00756691 0.00389581 0.00061316 -4.59909e-05 0.00550917 0.0147974 0.000457469 0.0039316 0.00061316 -4.59909e-05 0.00550917
198.642 0.444911 14.8774 -0.42171 1.04588 0.0004511 -0.00110242 -0.251246 -0.967923 0.0130676 0.00714673 0.00456816 -0.00038339 5.79162e-05 0.00466187 0.0148829 -0.000112716 0.00460327 -0.00038339 5.79162e-05 0.00466187
199.24 0.447272 14.8841 -0.418409 1.06423 0.000505745 -0.00115123 -0.252742 -0.967533 0.0125685 0.00659877 0.00470194 5.80839e-05 0.000302404 0.00554406 0.0141748 -0.000439745 0.00469636 2.1298e-05 0.000267567 0.00555814
199.896 0.448356 14.8908 -0.413022 1.0731 0.000474741 -0.00119018 -0.254249 -0.967138 0.012235 0.00691351 0.00536298 -2.22228e-05 0.000187723 0.00437754 0.0141073 -5.73144e-05 0.00540488 -2.39384e-05 0.000181201 0.00445228
200.478 0.449298 14.8954 -0.409797 1.07852 0.000522837 -0.00127747 -0.255396 -0.966836 0.0114514 0.00657326 0.00553423 -0.000257508 0.000163958 0.00628546 0.0131885 5.84863e-05 0.00557037 -0.000257508 0.000163958 0.00628546
201.176 0.453496 14.904 -0.406918 1.09481 0.000623729 -0.00128106 -0.25821 -0.966088 0.0117441 0.00593804 0.00632161 -0.000587789 -0.000447908 0.0104065 0.013176 -0.000710727 0.0062907 -0.000724283 -0.000557575 0.00998328
201.822 0.456873 14.9149 -0.400633 1.11083 0.000604321 -0.00131466 -0.262254 -0.964998 0.0129622 0.00690608 0.00622044 -0.000191637 -0.000637882 0.0145865 0.0146569 -0.00060767 0.00626201 -0.000191637 -0.000637882 0.0145865
202.432 0.460758 14.9264 -0.394475 1.1167 0.000658974 -0.00133427 -0.266255 -0.963901 0.0140357 0.00711192 0.00631368 0.000174465 -0.000603037 0.0131057 0.0156776 -0.00110435 0.00635892 0.000174465 -0.000603037 0.0131057
203.414 0.465379 14.9415 -0.383522 1.0887 0.000671226 -0.00135846 -0.272454 -0.962168 0.014154 0.0081594 0.00795752 0.000381817 8.75665e-05 0.0165006 0.0163068 -0.000477221 0.00800589 0.000381817 8.75665e-05 0.0165006
204.004 0.467457 14.9486 -0.376712 1.10118 0.000675935 -0.00149374 -0.276242 -0.961087 0.0143291 0.00867279 0.00814213 0.000123393 -0.000491174 0.0151214 0.0167208 -0.000263276 0.0081963 0.000123393 -0.000491174 0.0151214
205.09 0.472238 14.9685 -0.361583 1.12296 0.000629982 -0.00143943 -0.281456 -0.959573 0.0160551 0.00968774 0.0085268 -8.35698e-05 0.000328885 0.00343105 0.0187176 -0.000522816 0.00858498 -8.35698e-05 0.000328885 0.00343105
205.748 0.472828 14.9775 -0.351218 1.13463 0.00061993 -0.00161127 -0.282283 -0.95933 0.0157617 0.0108181 0.00913211 6.11052e-05 -0.000157875 0.00191661 0.0189475 0.000508701 0.0092777 2.31889e-05 -0.000137504 0.00190924
206.348 0.477879 14.9912 -0.342511 1.13818 0.00058969 -0.00160244 -0.282264 -0.959335 0.0181946 0.011153 -0.00254955 -0.000456108 -0.000572856 -0.00449262 0.0213441 -0.000477287 -0.00247694 -0.000456108 -0.000572856 -0.00449262
206.91 0.484511 15.0042 -0.334516 1.13148 0.00064488 -0.0016231 -0.280595 -0.959825 0.019652 0.0117029 -0.00464027 -0.00066479 -0.000701277 -0.00763726 0.0228772 -0.000723951 -0.00456098 -0.00066479 -0.000701277 -0.00763726
207.538 0.493492 15.0161 -0.328507 1.09761 0.000785886 -0.00176998 -0.278665 -0.960386 0.020334 0.0119227 -0.00334394 -0.00126521 -0.000530938 -0.00427111 0.0235703 -0.000811111 -0.00325394 -0.00126521 -0.000530938 -0.00427111
208.148 0.499337 15.0264 -0.320012 1.09946 0.00079158 -0.00195986 -0.278798 -0.960348 0.0204064 0.0134569 -0.00314953 4.74621e-05 -3.10788e-06 0.0051634 0.0244531 0.000438869 -0.00304653 4.74621e-05 -3.10788e-06 0.0051634
208.824 0.505633 15.0393 -0.312045 1.10937 0.00084685 -0.00210842 -0.280503 -0.959851 0.0218446 0.0136448 -0.00340401 -0.000603131 -0.000394332 0.00624582 0.0257697 -0.000263858 -0.00328761 -0.000603131 -0.000394332 0.00624582
209.42 0.514032 15.0547 -0.303461 1.11188 0.000921111 -0.00219498 -0.282076 -0.959389 0.0232327 0.0140135 -0.00415988 -0.000572768 -3.61428e-05 0.00567861 0.0271383 -0.000689745 -0.00395022 -0.000525649 -0.000154063 0.00562819
210.042 0.52291 15.0678 -0.295529 1.10954 0.00103123 -0.00242557 -0.283708 -0.958907 0.0236755 0.0145152 -0.00525005 0.00067164 0.000255571 0.00537929 0.027776 -0.000771067 -0.00500411 0.000742031 0.000288978 0.00544013
211.032 0.531887 15.0846 -0.279244 1.08859 0.000143264 -0.000540839 -0.2785 -0.960436 0.0131681 0.00749192 0.0185278 -0.000791421 0.00351184 -0.0514199 0.0156125 -0.000717356 0.0183421 -0.00081813 0.00393857 -0.0497673
211.62 0.535993 15.0902 -0.273093 1.09697 0.000431463 -0.00127502 -0.262113 -0.965036 0.00868565 0.00539318 0.00421056 0.00463737 0.02564 -0.0661132 0.0102092 0.000257379 0.00423805 0.00463737 0.02564 -0.0661132
212.276 0.540314 15.0994 -0.265139 1.09384 4.29232e-05 -0.000223362 -0.242841 -0.970066 0.0147778 0.00834139 -0.000258219 0.000701719 -0.00678806 -0.080084 0.0178422 0.000400036 -0.00044489 0.000814614 -0.0138532 -0.0758957
212.87 0.547025 15.1084 -0.260088 1.08824 0.000231063 -0.000578909 -0.215395 -0.976527 0.00708118 0.00419382 0.00237405 -0.000462027 -0.000641713 -0.10906 0.00818544 0.000825296 0.00238428 -0.000462027 -0.000641713 -0.10906
213.516 0.553586 15.1159 -0.255782 1.10375 0.000278406 -0.000462034 -0.185175 -0.982706 0.00335999 0.00359509 -0.00112734 0.000460493 -0.00029361 -0.0908622 0.00443911 0.00212612 -0.00112205 0.000460493 -0.00029361 -0.0908622
214.152 0.559577 15.1269 -0.249659 1.1327 0.00114401 -0.00325507 -0.16815 -0.985756 0.0186015 0.0115914 0.0257483 0.00115751 -0.00555214 -0.0160877 0.0212167 0.00473935 0.0258988 0.00115751 -0.00555214 -0.0160877
215.162 0.582303 15.1574 -0.236861 1.14439 0.000766844 -0.00301288 -0.171083 -0.985252 0.0264719 0.013392 0.0135401 0.00337017 0.00203196 0.0141342 0.0293525 0.00367719 0.013724 0.00337017 0.00203196 0.0141342
215.742 0.602963 15.1804 -0.228965 1.14217 0.000403887 -0.00371779 -0.169556 -0.985513 0.0333203 0.0113479 -0.00188041 -0.00140952 -0.0010926 -0.0243119 0.03521 -0.000441258 -0.00161741 -0.00140952 -0.0010926 -0.0243119
216.38 0.627182 15.2101 -0.22061 1.14734 0.000689412 -0.00405053 -0.159749 -0.987149 0.0391378 0.0118182 -0.000434157 -0.000132529 -0.000822446 -0.0338923 0.0408699 -0.00112895 -9.83995e-05 -0.000132529 -0.000822446 -0.0338923
217.022 0.655338 15.2416 -0.210412 1.1572 0.000725449 -0.00459127 -0.150284 -0.988632 0.0440614 0.0135519 -0.00183066 6.7815e-05 -0.000683356 -0.0272551 0.0459068 -0.000198465 -0.00135937 0.000104299 -0.000883168 -0.0278493
217.66 0.686932 15.2782 -0.197955 1.14192 0.00113639 -0.00526774 -0.143305 -0.989664 0.0510135 0.0160391 -0.00810499 -0.00199743 -0.000188002 -0.015849 0.0535518 0.00091585 -0.00752895 -0.00199743 -0.000188002 -0.015849
218.268 0.722395 15.3173 -0.188962 1.14603 0.00123106 -0.00586242 -0.141406 -0.989934 0.0580859 0.0182136 -0.00902018 -0.000472603 -0.00135027 0.00346205 0.0609658 0.00122939 -0.00829097 -0.000472603 -0.00135027 0.00346205
218.848 0.763496 15.3613 -0.177737 1.1414 0.00131766 -0.0064544 -0.142522 -0.98977 0.066556 0.0204753 -0.0114017 0.000293058 -0.00220778 0.00717263 0.0692925 0.000874631 -0.0102547 0.000318868 -0.00227108 0.00722615
219.444 0.80784 15.4084 -0.161185 1.16353 0.00156663 -0.0059336 -0.145447 -0.989347 0.0674867 0.0235533 0.0603855 0.00057239 0.00123174 0.0182563 0.0705011 0.00302955 0.0612105 0.000569155 0.00161839 0.0172761
220.058 0.856764 15.4597 -0.145316 1.19387 0.00166458 -0.00686699 -0.15091 -0.988522 0.074111 0.0259641 0.0675796 0.000425511 -0.00155168 0.0226351 0.077523 0.00258587 0.068681 0.000425511 -0.00155168 0.0226351
220.666 0.907045 15.5134 -0.128559 1.23825 0.00180019 -0.00807475 -0.156454 -0.987651 0.0832942 0.0281265 0.0686835 -0.000400825 -2.84947e-05 0.0174298 0.0867629 0.000934658 0.0701268 -0.000400825 -2.84947e-05 0.0174298
221.364 0.969087 15.5786 -0.105706 1.27017 0.00195551 -0.00883425 -0.160205 -0.987042 0.0947913 0.0322424 0.0768724 -0.000178318 -0.00150563 0.0112965 0.0987177 0.000526258 0.0786693 -0.000178318 -0.00150563 0.0112965
222.308 1.09502 15.6889 -0.0638065 1.37275 0.00176937 -0.00932456 -0.163453 -0.986506 0.109096 0.0375503 0.101953 -4.56769e-05 0.00136279 0.00517716 0.113225 0.000460731 0.104458 8.58617e-05 0.00101008 0.00544261
222.936 1.17087 15.7705 -0.0339873 1.45297 0.00224186 -0.011732 -0.163864 -0.986411 0.12416 0.0423908 0.120868 0.000483693 -0.00462231 0.000397736 0.127385 -0.000165174 0.123705 0.00050677 -0.0047558 0.000453877
223.722 1.19982 15.8803 0.0090003 1.5454 0.00242074 -0.0136152 -0.16363 -0.986425 0.145122 0.0502949 0.110826 -0.000171541 -0.00316184 -0.000755613 0.150465 0.000708119 0.115031 -0.000171541 -0.00316184 -0.000755613
224.358 1.14467 15.9897 0.0476526 1.61965 0.00252224 -0.0137102 -0.163187 -0.986497 0.158861 0.0546514 0.117839 0.000412567 -0.00104737 -3.43892e-05 0.164648 0.000522153 0.122476 0.000412567 -0.00104737 -3.43892e-05
225.032 1.04198 16.104 0.0865338 1.68732 0.00301173 -0.012501 -0.163631 -0.986438 0.156875 0.055585 0.110057 -1.55464e-05 0.00346624 0.00709646 0.163542 0.00174922 0.114293 -1.55464e-05 0.00346624 0.00709646
225.848 0.920671 16.2394 0.136186 1.76377 0.00254323 -0.0114267 -0.168 -0.985718 0.149401 0.0554745 0.094328 0.000275129 0.00163011 0.0137613 0.157093 0.00274129 0.0980312 0.000275129 0.00163011 0.0137613
226.456 0.838742 16.3382 0.173634 1.81873 0.00208768 -0.00866485 -0.171675 -0.985113 0.136703 0.0513977 0.0943872 -0.000354758 0.0060503 0.0150716 0.144328 0.00201701 0.0969723 -0.000354758 0.0060503 0.0150716
227.072 0.771013 16.4223 0.206962 1.8771 0.0018514 -0.00800154 -0.175831 -0.984386 0.124857 0.0477351 0.0800704 -4.84518e-05 0.00332304 0.0154468 0.132331 0.00149099 0.0822535 -4.84518e-05 0.00332304 0.0154468
227.682 0.713843 16.5046 0.240167 1.90194 0.00249221 -0.00799113 -0.180724 -0.983498 0.119529 0.0484785 -0.0194563 0.000897103 -0.00172093 0.023646 0.12926 0.00285504 -0.0173048 0.000897103 -0.00172093 0.023646
228.47 0.658221 16.5963 0.279446 1.90427 0.00192513 -0.0068404 -0.192018 -0.981366 0.112961 0.0477433 -0.0175515 4.26712e-05 0.000843909 0.0338691 0.123158 0.00175937 -0.0157352 4.70193e-06 0.00096817 0.0340793
229.326 0.617614 16.6662 0.304445 1.8853 0.000832783 -0.00188601 -0.215459 -0.976511 0.073187 0.0278116 0.0201963 0.000951228 0.00424402 0.0992122 0.0780127 -0.0055841 0.0205073 0.000951228 0.00424402 0.0992122
230.126 0.600787 16.7069 0.322826 1.88055 0.000650135 -0.00201316 -0.251409 -0.967878 0.0614231 0.0214591 0.0197626 -0.000301633 -0.000420544 0.0915498 0.0640178 -0.0111513 0.0200304 -0.000301633 -0.000420544 0.0915498
231.026 0.589008 16.7417 0.339993 1.88417 0.00233808 -0.00534458 -0.281627 -0.959506 0.0626942 0.0255184 -0.0156427 -0.000149974 0.00777215 0.0616647 0.0667173 -0.012391 -0.0148899 -0.000149974 0.00777215 0.0616647
231.612 0.59029 16.7656 0.360388 1.88733 0.0017177 -0.00400104 -0.296737 -0.954949 0.0704149 0.0359899 -0.00479791 -0.000701857 -0.0002511 0.0484357 0.0782166 -0.0101646 -0.0039702 -0.000772844 -0.000188587 0.0488875
232.27 0.592234 16.7911 0.381752 1.89038 0.00163988 -0.00390764 -0.310203 -0.950661 0.0687505 0.0377909 -0.00562002 0.000410866 0.00075826 0.0410566 0.0779567 -0.0100202 -0.00509326 0.000510745 0.000653791 0.0415094
232.928 0.597481 16.8152 0.402856 1.90284 0.00137352 -0.00390241 -0.320113 -0.94737 0.0669368 0.0378746 -0.0273629 0.00215382 -0.00166374 0.0263883 0.0764145 -0.0104847 -0.0267327 0.00215382 -0.00166374 0.0263883
233.754 0.607269 16.8434 0.433139 1.88183 0.00134979 -0.00402813 -0.324171 -0.945989 0.0628761 0.0378437 -0.0290815 0.00128296 0.000131981 0.00121138 0.0731211 -0.00883778 -0.0286135 0.00145485 0.000198571 0.00167028
234.426 0.619591 16.8658 0.45835 1.87776 0.00112857 -0.00434226 -0.323716 -0.946144 0.060175 0.0376476 -0.0254327 0.000403165 0.000133159 -0.00694497 0.0708497 -0.00712153 -0.0247949 0.000403165 0.000133159 -0.00694497
235.058 0.630312 16.8847 0.477826 1.87575 0.00129981 -0.00469996 -0.320371 -0.94728 0.0572765 0.0366774 -0.0290809 -8.36255e-05 0.00127353 -0.0157361 0.068061 -0.00563298 -0.0284164 -8.36255e-05 0.00127353 -0.0157361
235.74 0.64143 16.9105 0.500646 1.86583 0.000292379 -0.00180847 -0.3163 -0.948658 0.0533177 0.0353102 0.00394903 0.0013689 -0.0462691 -0.0204481 0.0654092 -0.00381436 0.0045641 0.000870379 -0.0509715 -0.0190763
236.384 0.651951 16.9333 0.518402 1.86893 0.000228561 -0.00154494 -0.30313 -0.952948 0.0329411 0.0203668 -0.00350246 -0.00104148 0.00165481 -0.0631121 0.0393386 -0.00244482 0.000498513 -0.0010325 0.00186368 -0.0626669
237.034 0.657925 16.9588 0.532769 1.83854 0.00100543 -0.00546787 -0.285357 -0.958405 0.0509512 0.0283906 -0.0302511 -0.00071075 -0.00575894 -0.0571986 0.0585135 -0.00413874 -0.0296012 -0.00071075 -0.00575894 -0.0571986
237.692 0.658706 16.9887 0.543878 1.84073 0.000276681 -0.00127312 -0.259185 -0.965827 0.0340925 0.0168319 0.000544456 -0.0015403 0.00326439 -0.116049 0.0384309 -0.00263568 0.00129651 -0.00157948 0.00468029 -0.113567
238.378 0.652432 17.0097 0.550323 1.83537 0.00057676 -0.00133321 -0.222101 -0.975023 0.0273163 0.0137437 0.00444064 -0.00010602 0.000326301 -0.111514 0.0308323 0.000383588 0.00452439 -0.000125601 0.000372962 -0.113263
239.09 0.643324 17.0234 0.558988 1.83618 0.000427603 -0.00133957 -0.187406 -0.982282 0.0233895 0.0132618 0.00407463 0.000124897 -0.00101047 -0.107567 0.0266177 0.00371755 0.00415022 0.000124897 -0.00101047 -0.107567
239.852 0.637146 17.035 0.563874 1.82232 0.000557658 -0.00122351 -0.152518 -0.9883 0.0199289 0.0113056 0.012179 9.39396e-05 -0.000121598 -0.0895783 0.0223784 0.00476277 0.0122405 9.39396e-05 -0.000121598 -0.0895783
240.614 0.633031 17.0447 0.567655 1.8274 0.000489531 -0.00118732 -0.121283 -0.992617 0.0179141 0.00936794 0.0147473 -0.000777272 -0.000920933 -0.0918152 0.0196061 0.00476894 0.0147991 -0.000777272 -0.000920933 -0.0918152
241.328 0.629824 17.052 0.57068 1.84095 0.000604401 -0.00113487 -0.0926473 -0.995698 0.0146487 0.00873528 5.13984e-05 -0.000198233 -0.000241111 -0.075581 0.0161785 0.00590511 0.000556406 -0.000210748 -0.000112446 -0.0760817
241.986 0.626155 17.0598 0.574479 1.85878 0.00044243 -0.000947335 -0.070211 -0.997532 0.0129381 0.00791928 -0.00568613 -1.05217e-05 -0.00102963 -0.07508 0.0140235 0.0060963 -0.00510134 5.97624e-05 -0.00104226 -0.0749092
242.622 0.609838 17.0659 0.577219 1.85318 0.000465494 -0.000792105 -0.0477902 -0.998857 0.00974101 0.00643777 -0.0100729 -0.000150809 -0.000228698 -0.0697173 0.0103275 0.00548697 -0.0100514 -0.000150809 -0.000228698 -0.0697173
243.556 0.614124 17.0787 0.582417 1.84405 0.00044375 -0.000770962 -0.0166086 -0.999862 0.0107428 0.00631577 -0.000310627 -1.4658e-05 0.000419853 -0.0751942 0.0112981 0.00593767 2.52527e-05 7.12687e-05 0.000708637 -0.0749887
244.2 0.595117 17.0852 0.585997 1.86067 0.000369187 -0.000853973 0.005789 -0.999983 0.00560448 0.00607677 -0.00689838 0.000258202 0.000446615 -0.066388 0.00577726 0.00618123 -0.00685042 0.000347275 0.000599966 -0.0672564
244.85 0.600567 17.0939 0.590685 1.84832 0.000898166 -0.00394258 0.0181858 -0.999826 0.020249 0.00863879 -0.0433472 0.00181859 -0.00624824 0.00202412 0.0202611 0.00945334 -0.0431712 0.00181859 -0.00624824 0.00202412
245.512 0.605062 17.1156 0.594367 1.83259 0.000670403 -0.00421686 0.0111828 -0.999928 0.0301285 0.00934849 -0.0287307 0.000923356 -0.00169074 0.0388732 0.0301526 0.010061 -0.0284635 0.000923356 -0.00169074 0.0388732
246.196 0.605154 17.1466 0.595509 1.81733 0.00063177 -0.00423494 -0.000226961 -0.999991 0.0351656 0.00793035 -0.027528 -0.000302896 -6.94305e-05 0.0384962 0.035401 0.00794892 -0.0272191 -0.000302896 -6.94305e-05 0.0384962
246.924 0.604884 17.1827 0.597781 1.79559 5.03736e-05 -0.00397306 -0.00958356 -0.999946 0.0354856 0.00501324 -0.0419813 -0.000915386 0.000436003 0.00943801 0.0359077 0.00433322 -0.0416972 -0.000915386 0.000436003 0.00943801
247.712 0.600782 17.224 0.60023 1.76112 0.000280652 -0.00427236 -0.00663581 -0.999969 0.0368223 0.00380377 -0.0403429 -3.00215e-05 -0.000964941 -0.0109614 0.037048 0.00330822 -0.0400652 -2.26875e-05 -0.000724998 -0.0109137
248.378 0.598861 17.265 0.601475 1.74247 2.27253e-05 -0.000500744 0.00172246 -0.999998 0.0246146 0.00271985 0.00580106 -0.000186805 0.0084699 -0.0601178 0.0262379 0.00287703 0.00605866 0.000375256 0.00632604 -0.054376
249.02 0.599438 17.2898 0.601621 1.7406 0.000379869 -0.0014703 0.0289073 -0.999581 0.0154463 0.00242388 0.000477615 -0.000652595 -0.000213455 -0.0976908 0.0155188 0.00319733 0.00184854 -0.000806213 0.000430107 -0.0981695
249.728 0.59933 17.3103 0.602349 1.73771 0.000335248 -0.0010666 0.0569909 -0.998374 0.0118904 0.00326996 0.00165403 0.00130481 -0.00161429 -0.0840221 0.0114375 0.00460049 0.0016816 0.00130481 -0.00161429 -0.0840221
250.812 0.598696 17.3363 0.601776 1.72427 0.00034249 -0.000388598 0.101664 -0.994819 0.00726974 0.00223474 0.00421475 0.000145356 -0.0011873 -0.07496 0.00666447 0.00365581 0.00422222 0.000145356 -0.0011873 -0.07496
251.478 0.600054 17.347 0.60145 1.69938 0.000404283 -0.00472445 0.119574 -0.992814 0.0221642 0.000293518 -0.0403318 0.000180973 -0.00821621 -0.0189449 0.0204666 0.00540637 -0.0402569 -0.000211644 -0.00709742 -0.0234932
252.148 0.598967 17.3672 0.601811 1.6765 0.000159075 -0.00380144 0.118512 -0.992945 0.0331374 -0.000618029 -0.039869 0.000796188 -0.000605291 0.0185294 0.0323669 0.00726039 -0.0398046 0.000784692 -0.000559026 0.0183658
252.834 0.600815 17.3956 0.59984 1.65789 -0.000912768 -0.00375553 0.114466 -0.99342 0.0361543 -0.00451911 -0.0100612 -0.00231179 -0.0160401 -0.00328146 0.035978 0.00435908 -0.0177102 0.00388096 0.00164091 0.00133434
253.584 0.605655 17.4281 0.593918 1.63171 -0.000616958 -0.00429903 0.128044 -0.991759 0.0353065 -0.00812163 -0.0186576 -0.000668362 -0.00496989 -0.0540195 0.0363722 0.00110965 -0.0183425 -0.000668362 -0.00496989 -0.0540195
254.266 0.611106 17.4625 0.587668 1.62475 8.67442e-05 -0.00161426 0.145343 -0.98938 0.0400244 -0.00905391 0.00122438 -0.00420918 -0.0460461 -0.0499114 0.0409332 0.00283878 0.00135593 -0.00420918 -0.0460461 -0.0499114
254.972 0.61937 17.4908 0.581501 1.62219 0.000104596 -0.00101355 0.164502 -0.986376 0.020261 -0.00110003 -0.00880978 0.00383692 0.0162559 -0.0621552 0.0200591 0.0054934 -0.00490172 0.000111566 0.00147184 -0.0621715
256.054 0.634333 17.5332 0.564248 1.622 -0.000576145 -0.00436706 0.192144 -0.981357 0.0445924 -0.0151188 -0.0201613 -0.000493427 -0.000631147 -0.034348 0.0471769 0.00282574 -0.0197457 -0.000493427 -0.000631147 -0.034348
256.79 0.643125 17.5688 0.549709 1.60552 -0.000745542 -0.00448977 0.200118 -0.979761 0.0503694 -0.0170991 -0.0222227 0.000639393 -0.000210796 -0.0147012 0.0532402 0.00402997 -0.021738 0.000639393 -0.000210796 -0.0147012
257.468 0.647749 17.6037 0.534013 1.60164 -0.000817632 -0.00466839 0.20447 -0.978861 0.0532634 -0.0193449 -0.0267256 0.000969127 -0.00130254 -0.0104397 0.0568041 0.00360239 -0.0261875 0.000969127 -0.00130254 -0.0104397
258.65 0.665562 17.6701 0.508183 1.57987 -0.000995388 -0.00474188 0.211099 -0.977453 0.0558127 -0.0204193 -0.0305146 0.000394782 0.000240349 -0.0102626 0.059558 0.0044356 -0.0299386 0.000394782 0.000240349 -0.0102626
259.798 0.709941 17.7425 0.478722 1.50612 -0.000799136 -0.0052391 0.213548 -0.976918 0.0629022 -0.0218716 -0.0205147 -0.000422888 -0.000586095 0.0144903 0.0665042 0.00638285 -0.0198081 -0.000422888 -0.000586095 0.0144903
260.522 0.729091 17.7909 0.451171 1.48683 -0.000911641 -0.00606931 0.208096 -0.978089 0.0687671 -0.0257501 -0.0255653 -1.45855e-05 -0.000748026 0.0190158 0.0736014 0.00449317 -0.024662 -1.45855e-05 -0.000748026 0.0190158
261.248 0.752691 17.8415 0.426485 1.47613 -0.00179585 -0.00602941 0.205935 -0.978545 0.0707877 -0.0318559 -0.0272592 -0.0016645 3.33193e-06 -0.0121265 0.0779586 -0.000650417 -0.0262831 -0.0016645 3.33193e-06 -0.0121265
261.94 0.73868 17.8951 0.400387 1.44463 -0.00167519 -0.00659085 0.213829 -0.976847 0.0747557 -0.0355684 -0.0303408 -0.000386061 9.34552e-05 -0.0271971 0.0829301 -0.00107511 -0.0292852 -0.000258138 4.43687e-05 -0.0272996
262.62 0.770547 17.947 0.372139 1.41743 -0.000981136 -0.00668494 0.220939 -0.975264 0.076412 -0.0356704 -0.0377726 -0.000122675 0.000204516 -0.0123338 0.0847725 0.000492085 -0.0364461 -0.000487298 0.000248846 -0.0132044
263.354 0.810632 18.0031 0.344266 1.38961 -0.00131994 -0.0073157 0.221198 -0.975201 0.081372 -0.0361605 -0.0415386 0.000914231 -0.000608505 0.00642242 0.0894165 0.00248422 -0.0403085 0.0010142 -0.00101454 0.00601724
264.066 0.852596 18.0631 0.313559 1.36706 -0.00233862 -0.00750779 0.219606 -0.975557 0.0861297 -0.0411198 -0.0388801 0.00591766 -0.00370688 -0.000825287 0.0959991 0.000142708 -0.0373266 0.00866434 -0.00528218 0.0012085
264.748 0.900354 18.1283 0.280335 1.3505 -0.00237909 -0.00827665 0.225961 -0.974098 0.0908037 -0.0490766 -0.046086 -0.000589992 -0.00126332 -0.0318216 0.103914 -0.00412897 -0.0443015 -0.000589992 -0.00126332 -0.0318216
265.5 0.948529 18.2082 0.236547 1.32043 -0.00252258 -0.00918595 0.236807 -0.97151 0.101088 -0.0555896 -0.0326052 0.000529035 0.00159908 -0.027998 0.11593 -0.0028548 -0.0304015 0.000529035 0.00159908 -0.027998
266.196 1.00121 18.2897 0.19026 1.28843 -0.00279119 -0.0102426 0.244961 -0.969475 0.112258 -0.0626538 -0.036823 -0.000622005 -0.000640295 -0.0204806 0.128696 -0.00201294 -0.0339928 -0.000710299 -0.000962763 -0.0209417
267.49 1.09745 18.4499 0.0940484 1.24361 -0.00323252 -0.0107389 0.255419 -0.966765 0.123934 -0.0735946 -0.0581889 -0.000411305 0.00131027 -0.0200375 0.145203 -0.00287686 -0.0547399 -0.000537019 0.00141678 -0.0198362
268.25 1.05799 18.5564 0.029651 1.19719 -0.0032583 -0.0122312 0.262631 -0.964813 0.139308 -0.0837177 0.0824671 -0.00903793 -0.0124666 -0.0159821 0.160381 -0.0015685 0.0865544 -0.00903793 -0.0124666 -0.0159821
269.01 0.952788 18.6711 -0.0372552 1.24018 -0.00389445 -0.0113333 0.26483 -0.964221 0.142128 -0.0808128 0.081016 0.0195967 -0.0123417 0.000157899 0.161677 0.00364642 0.0849354 0.0203635 -0.0123615 0.0007325
270.52 0.768961 18.8674 -0.165872 1.21833 -0.00351679 -0.00983005 0.285289 -0.958385 0.118742 -0.0814382 -0.081985 -0.000630362 4.63547e-05 -0.0375091 0.145627 -0.00333212 -0.0789623 -0.000630362 4.63547e-05 -0.0375091
271.278 0.709981 18.9505 -0.22889 1.1865 -0.000466099 -0.00141779 0.305079 -0.952326 0.0745426 -0.0506343 0.0122267 -0.0012527 0.0163925 -0.105605 0.0927409 0.00182784 0.0108023 -0.000488425 0.0190291 -0.100404
272.07 0.678478 18.9986 -0.265643 1.18647 -0.000585384 -0.00276895 0.349783 -0.936826 0.0553659 -0.0360246 0.0201722 0.00888727 0.00103189 -0.147412 0.0653138 0.00905901 0.0205457 0.00888727 0.00103189 -0.147412
272.838 0.661167 19.0301 -0.292054 1.20074 -0.000612415 -0.00249908 0.453699 -0.891152 0.0433767 -0.0356496 0.00423228 -0.00349704 -0.00200227 -0.417273 0.0543246 0.0140976 0.00452108 -0.00349704 -0.00200227 -0.417273
273.61 0.606269 19.054 -0.314476 1.20147 0.000255714 -0.00233661 0.572064 -0.820206 0.0410428 -0.029086 0.000450838 0.000442543 -0.000352603 -0.348547 0.0414726 0.0284652 0.000685715 0.000442543 -0.000352603 -0.348547
274.33 0.640778 19.0779 -0.331299 1.19266 0.000638921 -0.00226008 0.640857 -0.767657 0.0422438 -0.0233688 0.0105623 0.0027583 0.000792498 -0.138787 0.0308555 0.0372647 0.010575 0.0029042 0.000662179 -0.141988
275.172 0.628758 19.0998 -0.343405 1.1918 -0.000141454 -0.00152407 0.672506 -0.74009 0.0355822 -0.0203888 0.0126093 0.00151063 -0.000622509 -0.140352 0.0239152 0.0337254 0.0130044 0.00265093 -0.000582647 -0.129881
275.886 0.624055 19.1117 -0.353834 1.1923 0.000323555 -0.00172034 0.716754 -0.697324 0.0292142 -0.0178898 0.020336 -0.00113523 0.000519194 -0.193547 0.0174867 0.0296938 0.0132159 -0.00117329 -0.000534988 -0.194492
276.698 0.626834 19.1198 -0.37266 1.24604 -0.00106616 -0.00407378 0.741889 -0.670509 0.0282157 -0.0358297 0.0516727 0.00185016 -0.000600301 0.00123942 0.0320704 0.0315685 0.0521975 0.00180032 -0.000809949 -0.00186362
277.472 0.641309 19.1276 -0.404544 1.29685 -0.00137533 -0.00376602 0.735654 -0.677345 0.0221298 -0.0385183 0.0465749 -4.53989e-05 -0.000407007 0.035486 0.0362309 0.0250562 0.0469267 -4.53989e-05 -0.000407007 0.035486
278.304 0.651685 19.1378 -0.429734 1.31926 0.000219035 -0.0018404 0.74565 -0.666335 0.0162615 -0.0148011 -0.0246014 -0.00169454 0.00181606 -0.0961093 0.0129391 0.0178913 -0.0245197 -0.00169454 0.00181606 -0.0961093
279.148 0.659282 19.1496 -0.457387 1.33793 -0.0032591 -0.00505638 0.76919 -0.638992 0.0109054 -0.0366885 0.0232224 0.000731521 -0.00918837 -0.0440899 0.0325546 0.01741 0.0238164 0.00095714 -0.0102342 -0.0468188
279.912 0.685784 19.1574 -0.503021 1.36108 0.000646938 -0.00218672 0.773484 -0.633812 0.00799107 -0.04381 -0.00419537 -0.00675244 -0.0447679 0.0302916 0.0431346 0.016287 -0.00330625 -0.00705745 -0.0568589 0.0178157
280.724 0.710405 19.1682 -0.540292 1.36801 0.000218198 -0.00196573 0.744237 -0.667913 0.0135848 -0.0189793 -0.0108237 0.0014319 0.000868941 0.172591 0.0174293 0.0155859 -0.0107335 0.0014319 0.000868941 0.172591
281.514 0.720306 19.1839 -0.564102 1.37144 -0.000170501 -0.0017767 0.704457 -0.709745 0.0112628 -0.0142311 -0.0145906 0.000239259 -0.000476051 0.127445 0.0143718 0.0112984 -0.0142814 0.000339 -0.000620966 0.130606
282.306 0.727147 19.1986 -0.583813 1.34923 0.000589924 -0.00229991 0.661705 -0.749761 0.0134018 -0.0125182 0.00115501 0.00297358 -0.00212646 0.269392 0.0141066 0.011533 0.000872737 0.00230381 -0.0019968 0.261026
283.11 0.73317 19.2133 -0.601328 1.34938 -1.84537e-05 -0.000958549 0.570597 -0.82123 0.00996375 -0.010871 0.00358637 0.00161864 -0.00240878 0.307936 0.0136581 0.0055418 0.00361406 0.00161864 -0.00240878 0.307936
283.928 0.73925 19.2267 -0.615764 1.37072 0.000110509 -0.000444832 0.486917 -0.873448 0.00417646 -0.00802877 -0.002423 0.000943221 -0.00112217 0.215198 0.00928191 -0.000577485 -0.00206495 0.00093186 -0.00112346 0.217335
284.812 0.664685 19.2352 -0.624066 1.35137 0.000681044 -0.000338717 0.417395 -0.908725 0.00032417 -0.00549785 0.00221735 -0.00189935 -0.000772202 0.191711 0.00455458 -0.00342502 0.00212304 -0.00283372 -0.000795964 0.186654
285.696 0.665172 19.2426 -0.631786 1.36842 0.000533583 0.000247588 0.335059 -0.942197 -0.00120844 -0.00495095 -0.00136576 0.00256872 -0.000893614 0.184941 0.00235808 -0.00438976 -0.00110096 0.00277282 -0.000979655 0.19274
286.518 0.662326 19.2449 -0.63031 1.37644 0.000707213 0.000342796 0.29066 -0.956826 -0.00471839 -0.00506298 -0.00412964 -0.00060684 -0.000715304 0.0765451 -0.000976771 -0.0069685 -0.00405674 -0.000665018 -0.000671335 0.0792647
287.328 0.657046 19.2529 -0.628627 1.37438 -0.00038701 -0.00496603 0.267882 -0.963439 0.0260737 -0.0207916 -0.0199703 -0.000810225 -0.0088354 0.0486624 0.0332576 -0.00431052 -0.0196544 -0.000810225 -0.0088354 0.0486624
288.154 0.64777 19.2802 -0.63318 1.36393 -0.00027678 -0.00434417 0.249302 -0.968416 0.0385846 -0.0245723 -0.020445 0.000270981 0.000756944 0.0411866 0.0453604 -0.00303184 -0.0201337 0.000378259 0.000853263 0.041785
289.076 0.633151 19.3294 -0.640869 1.33815 -0.000131259 -0.00400941 0.233247 -0.972409 0.0457303 -0.0234961 -0.0197178 0.000298527 0.000552685 0.0346851 0.0515663 -0.000163339 -0.0193135 0.000298527 0.000552685 0.0346851
290.814 0.60757 19.4186 -0.651602 1.32755 -0.000310482 -0.00409872 0.204085 -0.978945 0.0500455 -0.0170951 -0.0185006 0.00111891 0.00103761 0.0366838 0.0528565 0.0043457 -0.0180657 0.00111891 0.00103761 0.0366838
291.684 0.60435 19.467 -0.657025 1.28526 -0.000651606 -0.00390162 0.186793 -0.982391 0.0498163 -0.014117 -0.0138472 2.25504e-05 0.000767981 0.0338234 0.0515849 0.00523948 -0.0135565 -1.93273e-05 0.000954765 0.0344372
292.578 0.60509 19.5068 -0.665554 1.27788 -0.000449499 -0.00397466 0.173945 -0.984747 0.0493031 -0.0127609 -0.0114526 -0.00145505 -0.000165471 0.029051 0.0507811 0.00490763 -0.011045 -0.00145505 -0.000165471 0.029051
293.45 0.590214 19.5545 -0.678155 1.25943 -0.000624137 -0.00407014 0.157769 -0.987467 0.0518039 -0.0115593 -0.0121664 1.60413e-06 0.000173867 0.0364523 0.0529251 0.00515833 -0.0117307 1.60413e-06 0.000173867 0.0364523
294.252 0.599513 19.5958 -0.689546 1.24157 -0.000293941 -0.00354187 0.144271 -0.989532 0.0508513 -0.0101706 -0.020222 -0.000320298 -0.000272945 0.0385746 0.0517805 0.00478099 -0.0198531 -0.000320298 -0.000272945 0.0385746
295.104 0.6127 19.6394 -0.703309 1.22932 -0.000970147 -0.00415737 0.126877 -0.991909 0.0520011 -0.0111378 -0.0194022 0.00220001 0.00254293 0.0329464 0.0531034 0.00258804 -0.018908 0.0029709 0.00316042 0.0347755
296.01 0.627127 19.6887 -0.715958 1.21443 -0.000921645 -0.00437079 0.122079 -0.99251 0.0559421 -0.0135085 -0.0210357 -0.000427408 0.000278332 -0.00560199 0.0577332 0.000434977 -0.0205229 -0.000427408 0.000278332 -0.00560199
296.838 0.643834 19.7383 -0.729301 1.20249 -0.000549178 -0.00435272 0.121808 -0.992544 0.0600642 -0.0122127 -0.0237524 0.000628262 -0.000459301 0.00721444 0.0614409 0.00267279 -0.0232143 0.000628262 -0.000459301 0.00721444
297.794 0.658482 19.7924 -0.744644 1.17498 -0.000150242 -3.6434e-05 0.109446 -0.993993 0.0396079 -0.0070259 0.00931564 0.000717751 0.011739 0.0592392 0.0401867 0.00176288 0.00931936 0.000717751 0.011739 0.0592392
299.544 0.644976 19.833 -0.760359 1.1733 -0.000449146 -0.00115498 0.0466168 -0.998912 0.0200722 -0.00545988 0.00437024 -0.000307629 -0.000396464 0.0714701 0.0206207 -0.00339551 0.00182369 -0.000272905 -0.000334211 0.0714982
300.516 0.634007 19.8517 -0.771144 1.18562 0.000175763 -0.00616261 0.0139804 -0.999883 0.0347465 -0.00397056 -0.0122392 0.000842861 -0.00522603 0.0540212 0.0330161 -0.00307535 -0.0116291 0.000758956 0.00171863 0.055142
301.348 0.626457 19.8761 -0.776407 1.20117 -0.000307241 -0.000610985 -0.00954584 -0.999954 0.0241957 -0.00447484 -0.0156818 1.73863e-05 0.00172228 0.065575 0.024462 -0.00489731 -0.0162267 4.51953e-05 0.00240652 0.0655132
302.25 0.632775 19.8879 -0.783403 1.19562 -0.000190419 -0.000845204 -0.0391053 -0.999235 0.0191731 -0.00511256 -0.00720104 -0.00444283 0.0178173 0.0622845 0.0188325 -0.00649636 -0.00959222 4.64756e-05 -0.000148322 0.0628681
303.13 0.630033 19.8989 -0.788226 1.19513 0.000664225 -0.00365887 -0.0663588 -0.997789 0.0226687 -0.00371415 -0.0139169 -0.00470594 0.040291 0.0582076 0.0220794 -0.00667173 -0.0137597 -0.00470594 0.040291 0.0582076
303.982 0.632085 19.9235 -0.789789 1.15984 -0.000583581 -0.00384312 -0.0781308 -0.996936 0.0509615 -0.00476783 -0.00678996 -0.0027247 -0.0010696 -0.0273147 0.0496465 -0.0126603 -0.00639192 -0.0027247 -0.0010696 -0.0273147
305.766 0.655405 20.0007 -0.78876 1.1594 0.000386427 -0.00417224 -0.0549305 -0.998481 0.0569588 0.00127715 -0.00924928 0.000188729 0.000816849 0.00406777 0.0568307 -0.0049759 -0.00877523 0.000188729 0.000816849 0.00406777
306.786 0.678019 20.0524 -0.78234 1.12475 9.26605e-06 -0.00478291 -0.0599086 -0.998192 0.0607532 0.00203931 -0.002693 0.0035886 0.000385925 0.0010847 0.0608155 -0.00523716 -0.00218227 0.00494487 -8.30866e-05 0.0027379
307.75 0.708614 20.1071 -0.775039 1.1327 0.000570819 -0.00542525 -0.0547201 -0.998487 0.0648581 0.000533611 -0.00378565 -0.0117625 -0.00230422 -0.0180657 0.0645654 -0.00655526 -0.00308587 -0.0117625 -0.00230422 -0.0180657
308.664 0.737674 20.1697 -0.761949 1.13501 0.000387402 -0.00630059 -0.0612983 -0.9981 0.0685312 0.00897882 -0.00751681 0.0144329 0.00536902 0.0261895 0.0690497 0.000665313 -0.00616415 0.012129 0.00537092 0.0281016
309.636 0.755917 20.2497 -0.746552 1.14539 2.3892e-05 -0.00681771 -0.0593745 -0.998213 0.0791123 0.00447949 -0.00952437 -0.00081341 0.000160422 -0.0259982 0.0791157 -0.00507106 -0.00838395 -0.000900058 -0.000259542 -0.02569
310.682 0.796856 20.3439 -0.7322 1.12216 0.000868824 -0.00689385 -0.0501467 -0.998718 0.0843028 0.00776831 -0.00717203 -0.00586461 -0.00186816 -0.0105303 0.0847482 -0.000708463 -0.00599897 -0.00586461 -0.00186816 -0.0105303
311.67 0.845161 20.4432 -0.717758 1.11 0.000815298 -0.00738632 -0.0572794 -0.998331 0.0901299 0.0129762 -0.00796809 -0.00764929 -0.00632515 0.023137 0.0908697 0.00266874 -0.00675461 -0.00413702 -0.00391639 0.0226139
312.674 0.907842 20.5511 -0.698563 1.10443 -0.000190569 0.000187546 -0.0765374 -0.997067 0.0811398 0.0154698 0.000511924 0.000315696 -0.0331949 0.058634 0.0854266 0.00335434 0.000545158 0.00252438 -0.0562721 0.0551343
314.456 0.971702 20.6554 -0.673978 1.11379 0.00190676 -0.00866621 -0.137156 -0.99051 0.0763803 0.0210037 0.00514568 9.8817e-05 -0.0128272 0.0533854 0.0773236 -0.000679382 0.00676933 7.1938e-05 -0.0142502 0.054035
315.47 1.02712 20.7488 -0.640702 1.10447 0.00181334 -0.00793766 -0.15944 -0.987174 0.0977312 0.033012 0.00418278 8.80172e-05 -1.68187e-05 0.0370366 0.103073 0.000561471 0.00585907 8.80172e-05 -1.68187e-05 0.0370366
316.492 1.09179 20.8547 -0.5966 1.12293 0.00217339 -0.008017 -0.176432 -0.984278 0.10166 0.0390736 0.00343878 0.00123676 0.00080385 0.0337836 0.108882 0.0011667 0.00505468 0.00107296 0.000490705 0.0333291
317.494 1.16021 20.9612 -0.544107 1.12979 0.00224244 -0.00837099 -0.194076 -0.980948 0.103464 0.0455403 0.00340292 0.000699265 -0.000729759 0.0369192 0.112935 0.00270659 0.00535987 0.000699265 -0.000729759 0.0369192
318.58 1.25568 21.0875 -0.478183 1.10402 0.00228453 -0.00829463 -0.213636 -0.976875 0.104751 0.0520686 -0.0105871 0.00197378 -0.0010417 0.0380984 0.117184 0.00345592 -0.00831938 0.00212208 -0.0011735 0.0380588
319.642 1.24279 21.2213 -0.401884 1.09705 0.00238748 -0.0117533 -0.228875 -0.973382 0.134983 0.0674151 -0.021281 -0.000516516 -0.00536699 0.0123402 0.150985 0.00025469 -0.0175653 -0.000619604 -0.00548399 0.0129067
320.82 1.20364 21.3819 -0.31751 1.10288 0.00205433 -0.0102264 -0.232156 -0.972623 0.12963 0.0639695 -0.0184888 -0.000229219 -0.00277809 0.000609914 0.144901 -0.00148677 -0.0154703 -0.000229219 -0.00277809 0.000609914
321.9 1.13737 21.5331 -0.237652 1.08172 0.00159942 -0.00863011 -0.233152 -0.972401 0.119986 0.0599936 -0.0198466 0.000144491 -0.00322718 -0.00178456 0.134891 -0.00100574 -0.0175451 -6.07482e-05 -0.00314007 -0.00174838
323.02 1.08581 21.6562 -0.176835 1.04993 0.000870838 -0.00534909 -0.233298 -0.97239 0.0912723 0.044106 -0.00888864 -0.000212973 -0.00129829 -0.00213288 0.101982 -0.00209187 -0.00804634 -0.000181747 -0.00132888 -0.00210214
324.15 1.07822 21.7509 -0.13072 1.04982 0.00263071 -0.01189 -0.233516 -0.972277 0.0835558 0.0403963 -0.0503816 -0.00356267 0.190752 -0.0013575 0.0939872 -0.00197854 -0.0481065 -0.00356267 0.190752 -0.0013575
325.218 1.05333 21.8822 -0.0617255 1.0164 0.00170652 -0.00852968 -0.233484 -0.972322 0.146251 0.0751013 -0.0179402 0.000634445 -0.0185094 -0.00250057 0.164693 0.00049216 -0.0150798 0.000634445 -0.0185094 -0.00250057
326.282 1.06372 21.9995 -0.00462383 1.00749 0.000301616 -0.00171668 -0.233266 -0.972412 0.0931505 0.0465204 -0.00907678 -0.000585353 -0.00957269 -0.00127717 0.104149 -0.00080302 -0.00871429 -0.000585353 -0.00957269 -0.00127717
327.448 1.0385 22.0555 0.0221663 0.978776 -0.000252025 0.00131617 -0.233267 -0.972412 0.04035 0.0208596 0.0208203 0.000165654 -0.00282867 -0.00154036 0.0454776 0.000281579 0.0206986 0.000165654 -0.00282867 -0.00154036
328.572 1.04029 22.0606 0.0260775 0.98984 -0.000433885 0.00216116 -0.233227 -0.97242 0.0176829 0.00932236 0.013483 8.8466e-05 0.000574521 -0.000792732 0.020459 0.000331574 0.0145091 0.000186093 0.000532686 -0.00083617
