46.386 0.688885 0.00052863 0.013424 0.58304 -0.00125154 0.000259535 -0.288947 -0.957344 0.0018506 0.00175359 -0.0454149 0.0104343 -0.00235287 0.308238 0.00264584 0.000949554 -0.0466417 0.0117721 -0.00295372 0.345683
47.434 0.642038 -0.00860518 0.0192449 0.538364 -1.94385e-05 3.77974e-05 -0.401547 -0.915838 -0.00487996 0.00103137 -0.0250001 0.00280482 -9.37185e-05 0.267986 -0.00249531 0.00453297 -0.0259024 0.00309025 0.000158823 0.26811
47.83 0.627279 -0.00940982 0.01817 0.521199 -0.00016617 -5.23667e-05 -0.445779 -0.895143 -0.00249525 -0.000806643 -0.0596175 -8.22246e-05 -0.000345219 0.243815 -0.00215054 0.00148482 -0.0596179 -8.22246e-05 -0.000345219 0.243815
48.834 0.591813 -0.00473753 0.0194833 0.484118 -0.000215373 0.000302139 -0.533355 -0.845891 0.00249709 -0.000660665 -0.0362376 -0.0012857 -0.00131574 0.160762 0.000453424 -0.00253949 -0.0362378 -0.0012857 -0.00131574 0.160762
49.298 0.586274 -0.00318107 0.0191273 0.483364 0.000583903 -0.00231537 -0.558456 -0.82953 0.00783873 0.00635263 0.00914625 0.0012006 -0.00637876 0.0522554 0.00807188 -0.00460394 0.00922893 0.00229524 -0.00459053 0.0631302
49.74 0.588756 -0.00150181 0.0213011 0.485578 0.000493073 -0.00152872 -0.560675 -0.828034 0.0106126 0.00990285 0.0111041 -0.00182788 0.0013016 -0.0222268 0.013101 -0.00616727 0.0111501 -0.00182788 0.0013016 -0.0222268
50.222 0.587877 0.00161691 0.0234938 0.484936 0.000286558 -0.000565054 -0.555212 -0.831709 0.0103466 0.0100628 -0.0183792 -0.000511616 -0.0241366 -0.0406376 0.0132843 -0.00569947 -0.0183617 -0.000511616 -0.0241366 -0.0406376
51.24 0.562083 0.00557991 0.0272978 0.459977 0.000785403 -0.00155419 -0.52895 -0.848651 0.00580844 0.00261546 0.0259921 -0.000575048 -0.00321861 -0.0613247 0.0048161 -0.00405477 0.0260102 -0.000575048 -0.00321861 -0.0613247
51.764 0.57454 0.00960386 0.0328702 0.474123 0.000671803 -0.00103924 -0.516828 -0.856089 0.00734385 0.00616141 0.0236423 -0.000328753 -0.000598832 -0.04556 0.008615 -0.00363277 0.023629 -0.00033352 -0.000611428 -0.0467622
52.286 0.587937 0.0161114 0.0413789 0.488344 0.00072701 -0.000936359 -0.508083 -0.861308 0.0100204 0.00919412 0.0313482 -0.000927312 -0.0017713 -0.0322137 0.0128193 -0.00419471 0.0313081 -0.000775619 -0.00235588 -0.033314
52.828 0.612792 0.0201636 0.0522928 0.518201 0.000680369 -0.00109522 -0.50137 -0.865232 0.00917416 0.0129707 0.0376838 0.00088045 -0.00294223 -0.0220765 0.015683 -0.00136473 0.03764 0.00106186 -0.00274172 -0.0223174
53.374 0.645593 0.022421 0.05723 0.548719 0.000728048 -0.00131087 -0.496372 -0.868109 0.00858368 0.00943782 0.0453688 0.000494366 0.00161901 -0.0227276 0.0123514 -0.00260868 0.0454061 0.000494366 0.00161901 -0.0227276
54.598 0.727653 0.0275502 0.0769471 0.631249 0.00200986 -0.00228294 -0.48074 -0.876858 0.00758851 0.0137981 0.0495492 -0.00292416 0.00485159 -0.00706054 0.0151431 0.000579613 0.0494943 -0.00404192 0.00693967 -0.0117623
55.146 0.761507 0.0346403 0.0957224 0.66681 0.00217007 -0.0028508 -0.485107 -0.874448 0.0112059 0.027733 0.0717146 0.00113753 -0.00439338 0.0400623 0.0280937 0.00492962 0.0719995 0.00101588 -0.00444819 0.0384543
55.688 0.807299 0.0437005 0.119888 0.716552 0.00206743 -0.00305451 -0.494379 -0.869239 0.0141321 0.0339986 0.0829786 -3.35581e-05 -0.000219765 0.0459796 0.0358337 0.00518526 0.0832474 -3.35581e-05 -0.000219765 0.0459796
56.254 0.863269 0.0537106 0.146111 0.768724 0.0024871 -0.00375405 -0.50299 -0.864281 0.0168035 0.0399508 0.072324 -0.00329858 0.0183458 0.0360397 0.0417775 0.0051234 0.0839933 -0.000278636 0.0032103 0.0368862
56.852 0.911324 0.0677527 0.186276 0.822485 0.0036673 -0.00553212 -0.510803 -0.859672 0.0245514 0.0622194 0.0771553 0.00101229 -0.00407789 0.0341043 0.0643627 0.00801506 0.0778411 0.00122295 -0.00508921 0.0341169
57.458 0.977848 0.0842749 0.230739 0.881129 0.00462214 -0.00682569 -0.51745 -0.855674 0.0291838 0.0747565 0.0473334 -0.00241242 0.00889156 0.0325195 0.0789684 0.00883539 0.0486476 -0.00241242 0.00889156 0.0325195
58.134 0.983121 0.112311 0.291717 0.887417 0.00516801 -0.00767107 -0.525504 -0.850741 0.0374683 0.0949931 0.0598365 -0.000131211 -0.000799172 0.0311525 0.0999415 0.00903502 0.0614531 -3.65272e-05 -0.00108342 0.0313651
58.746 1.00013 0.143006 0.35369 0.915828 0.00549151 -0.00903963 -0.531178 -0.847194 0.0457149 0.106522 0.015484 -0.00101292 -0.00284436 0.0174645 0.115444 0.0052606 0.0179282 -0.00101292 -0.00284436 0.0174645
59.392 1.02323 0.176398 0.420589 0.943492 0.0057817 -0.00935075 -0.533261 -0.845879 0.0516173 0.114464 0.0069901 0.00173795 0.00230947 0.00878911 0.125349 0.00278591 0.00974779 0.00173795 0.00230947 0.00878911
60.14 1.03104 0.229074 0.522713 0.946368 0.00605575 -0.00981942 -0.533349 -0.845817 0.0605553 0.126797 0.00595025 -0.00059751 -0.000703096 0.00129704 0.139339 -1.76314e-05 0.00908414 -0.000723256 -0.000984438 0.00137092
61.424 1.03686 0.311045 0.711903 0.9806 0.00669854 -0.00886574 -0.53636 -0.843916 0.0536777 0.138009 0.0324915 0.001597 0.0016787 0.0347898 0.146987 0.00993295 0.0357739 0.001597 0.0016787 0.0347898
62.13 1.02985 0.354793 0.815625 1.00528 0.00684246 -0.0093509 -0.546031 -0.837685 0.0560623 0.143204 0.0344735 -0.000586145 0.000184089 0.0330319 0.15281 0.00646172 0.0380276 -0.000586145 0.000184089 0.0330319
62.772 1.04784 0.39145 0.911614 1.03917 0.00600141 -0.0107425 -0.552492 -0.833428 0.0595769 0.147328 -0.00849854 0.00540428 0.00150977 0.0168425 0.159059 0.0024852 -0.00460164 0.00540428 0.00150977 0.0168425
63.516 1.04807 0.43522 1.01494 1.04143 0.00661189 -0.0108485 -0.551597 -0.834014 0.0683737 0.149205 -0.00614159 -0.0167179 -0.00168377 -0.0131907 0.164166 -0.00452688 -0.00196982 -0.0167179 -0.00168377 -0.0131907
64.23 1.00746 0.483139 1.12693 1.00518 0.00788052 -0.0100193 -0.552716 -0.833272 0.0595926 0.152715 0.000191832 0.000898041 0.00255259 0.0247806 0.163865 0.00438276 0.00434907 0.000983856 0.00232034 0.0232554
65.01 1.02211 0.524315 1.24535 1.00956 0.00695449 -0.0107402 -0.560111 -0.828319 0.0579085 0.155019 0.00980419 0.00477668 0.00378498 0.0262588 0.165129 0.00400032 0.0140313 0.00477668 0.00378498 0.0262588
65.708 1.06884 0.564147 1.36661 1.03075 0.00706102 -0.0110542 -0.563006 -0.826349 0.0621449 0.162402 0.0085875 1.68832e-05 -0.000637324 0.00343596 0.173594 0.00160352 0.0131424 1.68832e-05 -0.000637324 0.00343596
66.5 1.07467 0.611956 1.4999 1.02684 0.0069294 -0.0117161 -0.561844 -0.827132 0.0671508 0.168982 0.0316489 -0.00128309 2.21498e-05 -0.00634782 0.180909 -8.80922e-05 0.0365776 -0.00128309 2.21498e-05 -0.00634782
67.262 1.00586 0.667014 1.63327 0.997911 0.00695459 -0.0119299 -0.558451 -0.829422 0.0724666 0.174142 -0.00604902 -0.00106398 -0.00070615 -0.012212 0.188706 -0.00164811 -0.000846137 -0.00106398 -0.00070615 -0.012212
67.986 1.02022 0.726314 1.76017 1.02571 0.00697326 -0.0107367 -0.554803 -0.831883 0.0716505 0.168351 0.0307452 -0.000476047 0.00352285 -0.00715797 0.182423 -0.00144415 0.0355003 -0.000540603 0.00375706 -0.0074842
69.464 1.08198 0.832832 2.00221 1.08763 0.00719351 -0.0113651 -0.549876 -0.835138 0.0747453 0.170706 0.0141178 9.49246e-06 0.00200721 -0.00954126 0.185902 -0.00119662 0.019125 9.49246e-06 0.00200721 -0.00954126
70.282 1.12056 0.8957 2.14403 1.12185 0.00776926 -0.0122849 -0.547862 -0.836442 0.0802182 0.181842 0.0139978 -0.000659953 -0.00017058 -0.00326188 0.198257 -0.000870611 0.0197687 -0.000659953 -0.00017058 -0.00326188
71.096 1.13851 0.959997 2.2929 1.14145 0.00863222 -0.0118246 -0.548857 -0.835788 0.0771496 0.189601 0.0351935 0.00137245 0.000625503 0.0178776 0.203329 0.00432443 0.0410753 0.00149594 0.000715144 0.0173661
72.024 1.14543 1.01652 2.44723 1.14722 0.00209584 -0.00116756 -0.611223 -0.791455 0.0353436 0.11649 -0.000217401 0.0131699 0.0195139 0.484023 0.125206 -0.00320567 0.00123299 0.0136779 0.0257174 0.46245
73.826 1.15505 1.06897 2.58813 1.15574 0.00129367 -0.00323661 -0.730914 -0.682461 0.0332867 0.0659006 -0.0117481 -0.000834436 -0.000156477 -0.189447 0.0637101 -0.0388335 -0.0108056 -0.00112005 -0.000163002 -0.189185
74.736 1.14308 1.08422 2.63119 1.13504 0.00121826 -0.00303591 -0.682248 -0.731113 0.0224921 0.0555686 0.00366192 0.00057128 -0.000281694 -0.138028 0.0572489 -0.0190266 0.00209202 0.0005411 -0.000162135 -0.139529
76.036 1.10384 1.11042 2.7022 1.0969 0.00871994 -0.0147301 -0.637255 -0.770463 0.0403453 0.113472 -0.0098067 -0.004398 -0.0393119 -0.0575366 0.113816 -0.0180295 -0.00719806 -0.00361789 -0.0314763 -0.0594604
76.846 1.10907 1.14116 2.76988 1.11247 0.000593074 -0.00154889 -0.619019 -0.785374 0.026762 0.0645594 -0.0114551 -0.000602555 0.00317571 -0.0663309 0.0690611 -0.0109497 -0.0112256 -0.000602555 0.00317571 -0.0663309
77.64 1.14938 1.16513 2.82774 1.15374 0.00722106 -0.0120541 -0.600497 -0.799503 0.0525303 0.12453 -0.0185111 -0.0275816 0.00207795 -0.0499073 0.132292 -0.0159743 -0.00326333 -0.0145536 -0.00929944 -0.0518999
78.508 1.13682 1.20769 2.94329 1.12161 0.00860208 -0.0110749 -0.596073 -0.802808 0.0511403 0.163074 -0.0301762 0.000964557 -0.000436027 0.01673 0.171675 -0.00176713 -0.025374 0.000964557 -0.000436027 0.01673
79.414 1.09732 1.24896 3.09906 1.09549 0.00842197 -0.0113361 -0.601588 -0.798681 0.0494927 0.172336 -0.0210725 -0.000351592 0.00132893 0.0179424 0.179826 -1.73117e-06 -0.0160004 -0.000351592 0.00132893 0.0179424
80.258 1.08851 1.29013 3.24724 1.08747 0.00826698 -0.011229 -0.605697 -0.795573 0.0484377 0.174528 -0.0208042 0.000808179 2.86385e-05 0.0121289 0.181461 -0.00034906 -0.0157849 0.000773229 0.000100067 0.0122112
81.948 0.887244 1.37368 3.57414 1.09604 0.00863814 -0.0101484 -0.619644 -0.78477 0.0362334 0.182012 0.0171004 0.00116528 0.00162822 0.0425415 0.184931 0.00695262 0.0220404 0.00116528 0.00162822 0.0425415
82.916 0.794152 1.41127 3.74311 1.1093 0.00655153 -0.00810626 -0.632183 -0.774749 0.0335433 0.160717 0.0127409 -0.00126819 0.000918737 0.0289437 0.163877 -0.000619774 0.0161603 -0.00126819 0.000918737 0.0289437
83.834 0.734371 1.43663 3.88247 1.12212 -0.000848169 -0.000854114 -0.638519 -0.769605 0.0251745 0.124392 -0.00636393 0.00116616 -0.0103303 -0.0109533 0.131266 -0.00162534 -0.00540516 0.00250079 -0.02995 -0.00457405
85.494 0.71011 1.47465 4.0216 1.12496 0.000228237 -0.000733339 -0.604645 -0.796495 0.0271143 0.0950549 -0.000861524 -0.0003648 -0.0149181 -0.0554302 0.101948 -0.000966044 4.60404e-05 -0.00180771 -0.0322305 -0.0550297
86.47 0.718627 1.50364 4.09032 1.12167 0.00387429 -0.00659322 -0.583527 -0.812058 0.0334191 0.0942162 -0.0179608 -0.000358683 0.00107872 -0.0476047 0.100103 -0.0017812 -0.0161364 -0.000576223 0.00030036 -0.0485049
87.394 0.73567 1.53284 4.16256 1.10512 0.000797679 -0.00171269 -0.560085 -0.828433 0.0247866 0.0657343 0.0170394 -0.00233915 0.0136554 -0.124667 0.0701723 0.00150158 0.0173005 -0.00233915 0.0136554 -0.124667
88.416 0.752888 1.554 4.2194 1.08896 0.00618377 -0.00882202 -0.506459 -0.862197 0.0261882 0.0690353 0.0042354 -0.00145026 -0.00407081 -0.0799859 0.0729419 0.0107335 0.00582181 -0.00145026 -0.00407081 -0.0799859
89.404 0.781808 1.5857 4.30006 1.09199 0.00470656 -0.00740128 -0.500264 -0.865828 0.0385596 0.0903458 0.0030686 -7.24561e-06 -0.00089239 0.0139046 0.097215 0.0118873 0.00472967 2.32473e-05 -0.00117148 0.0136926
90.32 0.838187 1.63455 4.40144 1.10489 0.00525075 -0.00692086 -0.507818 -0.861421 0.0416049 0.098161 0.000459433 0.000740979 -0.00119996 0.0365297 0.106008 0.0111248 0.00231153 0.000740979 -0.00119996 0.0365297
92.054 0.939295 1.69575 4.55842 1.1286 0.00162007 -0.00224825 -0.548408 -0.836206 0.015669 0.04588 -0.0140134 -0.00184506 -5.54749e-05 0.0981074 0.0484007 0.00391504 -0.0137447 -0.00184506 -5.54749e-05 0.0981074
93.04 0.979873 1.7171 4.61449 1.12773 0.00117278 -0.00228926 -0.597108 -0.802156 0.0132096 0.0381212 -0.0162457 0.000313976 0.000116839 0.127227 0.0407391 -0.00136293 -0.016838 0.000406931 7.00754e-06 0.128962
94.002 1.01045 1.73323 4.65468 1.11012 0.00124116 -0.00206535 -0.643845 -0.765153 0.00946234 0.0320148 0.00487527 0.00143917 -0.000312872 0.17466 0.0331375 -0.00384724 0.00503595 0.00143917 -0.000312872 0.17466
94.942 1.03611 1.74498 4.69267 1.10839 0.000688723 -0.00208932 -0.705297 -0.708908 0.00795163 0.0283392 0.00407881 0.000138449 -0.000739632 0.179717 0.0286195 -0.00767101 0.0038219 4.20696e-05 -0.00092987 0.179905
95.878 1.05982 1.75602 4.72416 1.10255 0.000374871 -0.00210284 -0.753946 -0.656933 0.00715833 0.0245429 0.00886548 -1.05925e-05 -0.00042272 0.143946 0.0235084 -0.0103144 0.00941348 3.52104e-05 -0.000483037 0.14564
96.822 1.08433 1.76866 4.75371 1.09396 0.000251169 -0.00197995 -0.788805 -0.61464 0.00660623 0.0213363 0.022019 -5.31074e-05 0.000272203 0.098933 0.0190118 -0.011559 0.0221055 -5.31074e-05 0.000272203 0.098933
97.742 1.10314 1.77513 4.78089 1.09907 -4.66082e-05 -0.00192471 -0.809417 -0.587231 0.00426008 0.0196719 0.0117076 -0.000443342 0.000204217 0.0686794 0.0173531 -0.0101171 0.0117776 -0.000443342 0.000204217 0.0686794
99.542 1.12645 1.73616 4.95503 1.11016 0.00982045 -0.00710678 -0.83057 -0.556783 -0.0501099 0.126185 0.00888178 -0.000809629 -0.000657828 0.0223571 0.134653 -0.00146375 0.0121272 -0.00103705 -0.00100092 0.0222677
100.548 1.15607 1.68037 5.11351 1.12443 0.0104492 -0.00760731 -0.836758 -0.547419 -0.0609295 0.142256 0.00976022 0.000157474 0.000626947 0.0216127 0.154447 -0.00113969 0.0137535 0.000157474 0.000626947 0.0216127
101.576 1.20215 1.60587 5.2934 1.12571 0.0110575 -0.00675204 -0.844401 -0.535555 -0.0753014 0.15105 0.00485759 1.03496e-05 0.00105256 0.0374157 0.167999 0.00382715 0.00909682 0.00025686 0.00124127 0.0370243
102.626 1.17182 1.50395 5.49878 1.14164 0.0180361 -0.0114502 -0.852855 -0.52171 -0.115546 0.220213 0.0066057 0.000131279 -0.000841342 0.0180549 0.246407 0.00255613 0.0173726 -0.000286121 -0.00067788 0.0189324
103.67 1.17004 1.37854 5.72203 1.17092 0.0117645 -0.00790982 -0.857385 -0.51448 -0.103517 0.186371 0.00356308 -0.000226662 0.00224346 0.0175578 0.213137 0.00378873 0.00956388 -0.000225217 0.00240255 0.017508
104.716 1.18958 1.27219 5.92675 1.19294 0.0123422 -0.007667 -0.863033 -0.504938 -0.106209 0.184192 0.00120463 -0.000954214 0.00144133 0.0228565 0.212339 0.00246388 0.00738154 -0.000910929 0.00159012 0.0228441
105.838 1.21813 1.15715 6.13902 1.21769 0.0129072 -0.00854879 -0.867252 -0.497629 -0.111403 0.196351 0.00267381 1.05728e-05 8.7197e-05 0.00595424 0.225238 -0.00294727 0.00974182 -0.00019367 9.55293e-05 0.00631286
106.916 1.215 1.02898 6.35932 1.21408 0.0198194 -0.011947 -0.869197 -0.493925 -0.148536 0.248286 0.00907943 -0.00503139 0.00874326 0.00917658 0.287427 0.000690071 0.0224923 -0.000932994 0.0122836 0.00926036
108.068 1.22265 0.851456 6.6479 1.22234 0.0171152 -0.0103417 -0.872632 -0.487969 -0.156618 0.249791 0.00544391 -0.000163733 -0.0053754 0.012969 0.294365 0.00266346 0.0172179 -0.000163733 -0.0053754 0.012969
110.044 1.2314 0.565834 7.11445 1.23053 0.0132697 -0.0080815 -0.878513 -0.477466 -0.13577 0.21283 -0.0235169 -1.80388e-05 -0.00439265 0.0109135 0.253787 -0.00168055 -0.0156711 0.00016412 -0.00455716 0.0110781
111.218 1.22533 0.420333 7.35625 1.22105 0.0100022 -0.00754333 -0.881001 -0.472949 -0.118385 0.193359 -0.0160696 0.000818595 -0.00527202 -0.000731788 0.226902 -0.00822418 -0.0104235 0.000818595 -0.00527202 -0.000731788
112.338 1.19442 0.305296 7.5533 1.18951 0.00879358 -0.00545135 -0.877818 -0.478883 -0.100749 0.169095 -0.0372627 0.00083663 -0.00338592 -0.00546694 0.198416 -0.00702537 -0.033444 0.000876816 -0.00347313 -0.00594215
113.508 1.18265 0.216532 7.70232 1.18012 0.00576401 -0.00380584 -0.878983 -0.476803 -0.0757466 0.128103 -0.0213725 -0.000185151 -0.000828083 0.00829033 0.148966 -0.00638425 -0.0193166 -0.000185151 -0.000828083 0.00829033
114.716 1.14626 0.14561 7.81551 1.12235 0.0161687 -0.00821669 -0.882097 -0.470719 -0.0725715 0.117127 -0.138273 -0.00626559 0.0878677 0.0121302 0.136432 -0.00523028 -0.138515 -0.00791156 0.133906 0.0131762
115.838 1.03342 0.0530324 7.94924 1.02568 0.00594306 -0.00281893 -0.882658 -0.46997 -0.0959184 0.137747 -0.0268741 0.00129613 -0.0169509 -0.00427032 0.169939 0.00263376 -0.0258898 0.00151343 -0.0172926 -0.00420982
116.976 1.00447 -0.0190673 8.04186 0.999336 0.0001236 -0.000180538 -0.881853 -0.471524 -0.0527971 0.0759884 0.000272876 0.000711508 -0.00672474 -0.00133342 0.0925139 0.00170906 0.000308449 0.000711508 -0.00672474 -0.00133342
118.094 1.00265 -0.0437842 8.07175 0.998661 -0.00193782 0.000748053 -0.881631 -0.471935 -0.0241189 0.0350075 0.00434952 0.000355357 -0.00149914 -0.000827339 0.0425242 0.000659189 0.00417389 0.000355357 -0.00149914 -0.000827339
120.076 0.992046 -0.0333113 8.04706 0.993229 -0.00169437 0.000188631 -0.881443 -0.472288 -0.0055391 0.00837998 0.0109668 -0.000192266 0.00220792 0.000476394 0.0101631 5.22068e-05 0.0118752 -0.000256887 0.00230698 0.000484897
121.152 0.996486 -0.0119523 8.0226 0.99603 -0.000255878 -0.000261482 -0.881478 -0.472225 -0.00502791 0.00739892 0.00708207 -0.000693827 0.00207059 0.000481434 0.00894663 9.17155e-05 0.00708019 -0.000693827 0.00207059 0.000481434
