29.65 0.383832 0.00290549 0.00809819 0.378774 -0.000168485 9.78319e-05 -0.56967 -0.821873 0.000203089 -0.00343649 -0.0177549 -0.00107822 -5.12219e-05 -0.0157944 -0.00315289 -0.00139915 -0.0177536 -0.00107822 -5.12219e-05 -0.0157944
30.084 0.371169 0.00413643 0.00641137 0.365649 -0.00021388 0.000148079 -0.567844 -0.823136 -0.00123221 -0.00206095 -0.0128572 0.000444304 -0.000282949 -0.0103419 -0.00240364 0.000295863 -0.0133788 0.000448678 -0.000316985 -0.0107606
30.52 0.367989 0.00427749 0.00256152 0.36141 -0.000168549 7.17138e-05 -0.566769 -0.823877 -0.00209843 -0.00344118 -0.0051478 -0.000709457 0.00141781 -0.00783705 -0.00396558 0.000728318 -0.00514671 -0.000709457 0.00141781 -0.00783705
30.928 0.360638 0.00517872 -0.000419131 0.355229 -0.000100048 6.19895e-05 -0.565785 -0.824553 -0.00217936 -0.00355173 -0.000361888 -0.000490315 0.000135759 -0.00500226 -0.00409806 0.000755577 -0.000361076 -0.000490315 0.000135759 -0.00500226
31.554 0.360931 0.0078108 -0.00186609 0.356019 5.35632e-05 6.98944e-06 -0.564662 -0.825322 -0.00207222 -0.00101356 0.00587856 0.000275982 -0.0015837 -0.00185403 -0.00169578 0.00156363 0.00587863 0.000275982 -0.0015837 -0.00185403
32.228 0.362281 0.00859957 -0.00219076 0.358543 -6.71918e-05 -0.000203511 -0.563733 -0.825957 -0.00164773 -0.000216758 0.010225 -0.000211825 0.000105826 0.00126868 -0.000804967 0.00145892 0.0102243 -0.000211825 0.000105826 0.00126868
32.626 0.373102 0.00945048 -0.00224219 0.368635 -9.83467e-05 -0.00015287 -0.563762 -0.825937 -0.0012149 0.000574207 0.0114292 -0.000329067 -0.000333937 -8.22144e-05 9.04752e-05 0.00134443 0.0114288 -0.000329067 -0.000333937 -8.22144e-05
33.056 0.371348 0.00906415 -0.00268182 0.365853 -9.68419e-05 -0.000168109 -0.563028 -0.826438 -0.00190424 0.000587518 0.010004 5.60112e-05 0.000101352 0.00142846 -0.000151882 0.00199064 0.0100033 5.60112e-05 0.000101352 0.00142846
33.434 0.371975 0.0112294 -0.00234033 0.368367 -3.47835e-05 -7.5331e-05 -0.56214 -0.827042 -0.000700482 0.00126978 0.0129519 -0.000402341 -0.000478602 0.00387252 0.000853162 0.00117772 0.0127315 -0.000637457 -0.000552746 0.00317588
34.04 0.362995 0.0149628 -0.00391233 0.358659 1.73294e-05 -1.84013e-05 -0.562521 -0.826783 0.000586286 0.000917256 0.0153427 -7.18549e-05 0.000299825 0.00463897 0.00108932 -0.000203939 0.0146411 -6.46437e-05 0.000318284 0.00477018
34.476 0.363717 0.0166374 -0.0054406 0.361842 0.000136835 0.000149095 -0.563014 -0.826447 -0.000183594 0.000618889 0.0200641 0.000101867 0.000281629 0.00125918 0.000563049 0.000331985 0.0199655 6.24611e-05 0.00017356 0.00156368
35.146 0.375138 0.0182234 -0.0072106 0.374112 0.000196549 0.000135541 -0.56261 -0.826722 -0.000370808 0.000461849 0.0203276 -0.000391835 3.48094e-05 0.00136713 0.000293629 0.000504706 0.0203278 -0.000391835 3.48094e-05 0.00136713
35.532 0.380863 0.0186443 -0.00785883 0.377406 0.000200849 0.000157265 -0.5627 -0.826661 -0.000450416 0.000400599 0.01605 -0.000222857 -4.44242e-05 0.00111143 0.000208048 0.000557778 0.0160503 -0.000222857 -4.44242e-05 0.00111143
35.926 0.385268 0.0166268 -0.00856753 0.383449 0.000119134 2.04581e-06 -0.563058 -0.826418 -0.00243606 0.000187243 0.0167302 0.00101731 0.000591703 0.000411244 -0.000719362 0.00233228 0.0167305 0.00101731 0.000591703 0.000411244
36.61 0.396279 0.0172049 -0.00381289 0.392507 -7.39271e-05 0.000317697 -0.562425 -0.826848 -0.000644353 0.00395291 0.0154342 -0.00076286 0.000419178 0.000767553 0.00344921 0.0020478 0.0154326 -0.00076286 0.000419178 0.000767553
37.038 0.402111 0.0155348 -0.00456991 0.401607 -2.22237e-05 0.000161972 -0.562509 -0.826791 -0.00182234 0.00235111 0.0149755 7.70706e-06 0.000972329 0.00230361 0.00158313 0.00257954 0.0147141 0.000126138 0.00115399 0.00240663
37.452 0.419433 0.0139056 -0.00564238 0.417764 0.000690253 0.000373979 -0.565245 -0.824923 -0.00356578 0.00298698 0.0186518 -0.00127416 0.00059099 0.0542757 0.00145044 0.00394879 0.0191983 -0.00255955 0.000735844 0.0461921
37.882 0.433383 0.0124152 -0.00801953 0.432993 0.000570927 0.000113778 -0.580116 -0.814533 -0.00462843 0.0025083 0.0164259 0.00103433 0.000831272 0.111269 0.000849457 0.00517668 0.0164318 0.00103433 0.000831272 0.111269
38.434 0.457107 0.0129979 -0.00905576 0.455069 0.000485461 3.50511e-05 -0.604011 -0.796976 -0.00174592 0.00241821 0.00864246 -0.000687929 -4.29759e-06 0.1088 0.00185158 0.00232759 0.00864535 -0.000687929 -4.29759e-06 0.1088
39.126 0.46809 0.0116796 -0.00837829 0.464836 0.000771139 -0.000996862 -0.628282 -0.777985 0.000434553 0.00482566 -0.00288962 0.00265351 -0.000422924 0.0614504 0.00481626 0.000590949 -0.00287752 0.00265351 -0.000422924 0.0614504
39.566 0.469326 0.00776507 -0.006176 0.465378 0.000773876 -0.00106939 -0.634173 -0.77319 -0.000329003 0.00677134 -0.00187364 0.00104088 0.00115285 0.019177 0.00658103 0.00164714 -0.00185657 0.00104088 0.00115285 0.019177
40.006 0.469218 0.00268428 -0.0035867 0.465228 0.000831651 -0.00133513 -0.63622 -0.771506 -0.00214015 0.00708528 0.00208439 0.000308783 -0.000723254 0.00514955 0.00635569 0.00347726 -0.00150293 0.000536226 0.00126901 0.00590357
40.406 0.473071 0.00274234 0.0023243 0.466956 -0.000779749 -0.000372677 -0.632053 -0.774925 0.000682019 0.00532871 0.00556934 -0.000615765 -0.00106175 -0.0808593 0.0053593 0.000412414 0.00556646 -0.000615765 -0.00106175 -0.0808593
41.072 0.462859 0.00593185 0.0122573 0.460485 -0.000340341 1.71602e-05 -0.598319 -0.801258 0.000777135 0.00357563 0.00903845 0.00039749 -0.00303238 -0.163025 0.00364205 -2.7374e-05 0.00907731 0.000207909 -0.00303285 -0.162976
41.48 0.469869 0.00567837 0.0167941 0.467785 -0.00033224 0.000298689 -0.575927 -0.817501 -0.00177391 0.00184891 0.00928594 -0.00916271 0.00132886 -0.124598 0.00115197 0.00229461 0.00928448 -0.00916271 0.00132886 -0.124598
42.04 0.480827 0.00525882 0.0176338 0.478472 0.000356052 0.000458618 -0.578766 -0.815493 -0.00822177 0.00106477 0.00482295 0.00346488 -0.000266969 0.132652 -0.00170156 0.00792088 0.00507431 0.00339421 -0.000130027 0.120839
42.484 0.486125 0.00535432 0.0185829 0.484202 -0.000158598 0.000187536 -0.605389 -0.79593 -0.00724768 0.000424583 0.00249197 0.00205549 -0.00043501 0.178785 -0.0015623 0.00741794 0.00262382 0.00226265 -0.00051566 0.178719
42.936 0.492959 0.00653452 0.0189136 0.490858 -0.000431657 6.83801e-05 -0.631483 -0.775389 -0.00398198 -0.000864284 0.000630358 0.000304911 -0.000264688 0.138082 -0.00161383 0.00392902 0.000857421 0.00061755 -0.000327522 0.144045
43.376 0.491001 0.0070165 0.019654 0.488962 -0.000456788 0.000158674 -0.648963 -0.76082 -0.00259808 -0.00142796 0.00159504 -0.000938015 0.000403477 0.0883884 -0.00181847 0.00234117 0.00159541 -0.000938015 0.000403477 0.0883884
43.806 0.49344 0.00670962 0.0183752 0.490293 0.000595697 -0.000739084 -0.660355 -0.750953 -0.00285935 -0.00148933 0.000873159 -0.00282697 0.0241988 0.06631 -0.002496 0.00267709 7.85772e-07 -0.00340084 0.0268377 0.0677684
44.196 0.494282 0.00847404 0.019334 0.492436 0.000567866 -0.000628506 -0.668888 -0.743363 -0.00161956 0.0028857 -9.33138e-05 -0.0034801 0.018254 0.0593703 0.00237596 0.00211319 7.03908e-05 -0.00370352 0.0178234 0.0596015
44.646 0.491849 0.0140004 0.0227506 0.489123 0.00118225 -0.00101355 -0.67817 -0.734904 0.000584653 0.0114894 -0.000508217 -0.000253287 -0.00286378 0.0531256 0.0111471 0.000357936 -0.000577652 -0.000383974 -0.00354165 0.0536441
45.094 0.481916 0.0169037 0.0271848 0.479939 0.00106435 -0.000923187 -0.686318 -0.7273 0.000820093 0.0133803 -0.000136765 7.53434e-05 0.000891662 0.0450832 0.0134057 -4.35212e-05 -9.91905e-05 7.53434e-05 0.000891662 0.0450832
45.492 0.483108 0.0172421 0.0311411 0.481692 0.000971318 -0.000917805 -0.692729 -0.721197 0.000402709 0.0134787 3.1531e-05 -2.69557e-05 2.10105e-05 0.0356426 0.0134839 0.000140146 6.75454e-05 -2.69557e-05 2.10105e-05 0.0356426
45.926 0.479372 0.0168402 0.0365945 0.478212 0.00108454 -0.00105668 -0.698552 -0.715558 -6.91332e-06 0.0132272 0.000122525 -8.65566e-05 0.000367264 0.0266203 0.0131658 0.000314488 -5.37046e-05 -9.65885e-05 0.000657729 0.027401
46.45 0.469252 0.0163874 0.0474784 0.465946 0.000986466 -0.00106706 -0.702843 -0.711344 -6.53962e-05 0.0152961 -7.16677e-05 0.000420995 -0.000463314 0.0173534 0.0152943 0.000249274 -2.72656e-05 0.000420995 -0.000463314 0.0173534
46.878 0.463769 0.0150332 0.0587689 0.462263 0.000768716 -0.000877028 -0.70479 -0.709415 -0.000515537 0.0165966 -0.000172185 0.000192103 -0.000881826 0.00981245 0.0165933 0.00062404 -0.000133649 0.000192103 -0.000881826 0.00981245
47.308 0.458477 0.0119183 0.0670769 0.456515 0.000662712 -0.000921559 -0.706078 -0.708133 -0.00190958 0.0150154 0.000119219 0.000306771 0.00121559 0.00588484 0.0150094 0.00195326 0.000152147 0.000306771 0.00121559 0.00588484
47.766 0.459682 0.0114512 0.074345 0.459044 0.000785567 -0.000915602 -0.707549 -0.706663 -0.00166041 0.0134667 0.000339565 -0.000314963 0.000311652 0.00805954 0.0133884 0.00168205 0.000323274 -0.000400248 0.00031336 0.00781409
48.35 0.473125 0.0120129 0.0849987 0.471823 0.000834108 -0.000953524 -0.709814 -0.704388 -0.00160945 0.0139825 0.000126101 -0.000108757 -0.000308583 0.0117603 0.013994 0.00150213 0.000161202 -0.000108757 -0.000308583 0.0117603
48.914 0.483121 0.0153822 0.0967228 0.481271 -7.41613e-05 0.000328526 -0.713314 -0.700844 -0.00044863 0.0120524 0.00566339 -0.00207634 -0.00294944 0.0358786 0.012782 0.000195559 0.00583074 -0.00258594 -0.00694958 0.0309307
49.516 0.491476 0.0173907 0.103481 0.488241 0.000170204 4.36159e-05 -0.725219 -0.688518 -0.00157733 0.00483662 0.00280635 0.000647396 0.000412858 0.0813001 0.00520699 0.00131071 0.00302753 0.000713181 0.000288224 0.0800363
49.934 0.483981 0.0169629 0.105047 0.479943 0.00044106 -0.000398548 -0.736211 -0.676751 -0.00185187 0.00237059 0.00143093 -0.000229894 0.0216484 0.0778566 0.00251609 0.00164614 0.00143394 -0.000229894 0.0216484 0.0778566
50.374 0.480358 0.0181171 0.108847 0.477183 0.00148349 -0.00159108 -0.745049 -0.667006 -0.00110276 0.0112649 0.000356809 -0.000968297 -0.00460937 0.0452501 0.0106255 0.000104223 0.000443968 -0.000416904 -0.00443273 0.048641
50.756 0.467982 0.019014 0.113997 0.463186 0.00127526 -0.00117354 -0.74925 -0.662286 -0.000833927 0.014176 0.000171026 -0.000313542 0.000208998 0.025154 0.0141705 -0.000912515 0.000220197 -0.000313542 0.000208998 0.025154
51.174 0.453209 0.0203658 0.121292 0.450075 0.00112641 -0.000923189 -0.751876 -0.659303 -0.000549243 0.0148364 0.000137583 -0.000178847 0.000232003 0.0184376 0.0148429 -0.00139433 0.000243195 -0.000332402 -7.72083e-05 0.0185951
51.696 0.447587 0.020897 0.130074 0.445959 0.000966247 -0.000811606 -0.754296 -0.656533 -0.000343964 0.0137756 0.000361154 -0.000249488 0.000480335 0.0127258 0.0136904 -0.00155939 0.000395632 -0.000249488 0.000480335 0.0127258
52.05 0.444532 0.0205986 0.137857 0.443827 0.000907977 -0.000743612 -0.755714 -0.654901 -0.000184168 0.0135763 0.000655229 -0.000106733 -0.000322013 0.00909975 0.0135022 -0.00162705 0.000552339 -4.29376e-05 -0.000545863 0.00933474
52.684 0.436343 0.0184197 0.15098 0.436639 0.000417813 0.000247668 -0.75872 -0.651417 -0.00115535 0.0114078 0.0200798 -0.00449077 -0.00488758 0.0503136 0.0117611 -0.000728538 0.020883 -0.00480312 -0.00612516 0.0442984
53.338 0.445626 0.0150694 0.159293 0.444645 0.000311534 0.00012598 -0.782931 -0.622109 -0.00312495 0.00475334 0.0165669 0.00248473 0.000501332 0.17087 0.00533104 0.00196036 0.0165699 0.00248473 0.000501332 0.17087
53.74 0.45401 0.0136718 0.162065 0.455404 0.000159269 -9.41282e-05 -0.802115 -0.597169 -0.00133853 0.00353068 0.0143668 0.000306194 -0.000493925 0.169724 0.00376096 0.000269223 0.0143682 0.000306194 -0.000493925 0.169724
54.15 0.466031 0.013 0.166113 0.464446 0.00089708 -0.00164188 -0.816579 -0.577231 0.00106126 0.00912903 0.00127241 0.00125076 -0.00219347 0.0598862 0.00774218 -0.00358092 0.00126152 0.00179669 -0.00146938 0.0662201
54.55 0.468381 0.0119657 0.170829 0.466629 0.000956006 -0.00126618 -0.817741 -0.575584 0.00213005 0.0132239 0.00158403 -0.00254085 -0.000112999 -0.0270709 0.0115009 -0.006439 0.00160727 -0.00253978 0.000103786 -0.0213777
54.99 0.474028 0.0105955 0.17804 0.472734 0.00111057 -0.000960173 -0.812904 -0.582397 0.000672998 0.0156264 0.00166404 -0.000875055 -0.000922415 -0.0519441 0.0145747 -0.00566266 0.00170818 -0.000875055 -0.000922415 -0.0519441
55.438 0.484662 0.00829174 0.18664 0.482951 -0.000196566 4.64895e-05 -0.805197 -0.593008 0.000655189 0.0110785 0.00553792 0.000330755 0.00191921 -0.0705957 0.0103874 -0.00391161 0.00553468 0.000330755 0.00191921 -0.0705957
55.92 0.491241 0.00665886 0.190741 0.489192 4.17234e-05 -0.000123543 -0.795911 -0.605414 0.00116942 0.00661263 0.00346203 -0.000341798 -0.000109952 -0.0781206 0.00618539 -0.00294107 0.00344248 -0.000325485 -3.55777e-05 -0.0781554
56.36 0.486344 0.00562445 0.193846 0.482926 2.42206e-05 -5.39887e-05 -0.785882 -0.618376 0.00096015 0.00454899 0.00460473 0.000264025 3.89365e-05 -0.0706413 0.00419502 -0.00200298 0.00460528 0.000264025 3.89365e-05 -0.0706413
56.776 0.488144 0.00414444 0.196283 0.484705 -3.22415e-06 -0.000102071 -0.778274 -0.627925 0.000477273 0.00372203 0.0033082 0.00193907 0.00740662 -0.0660461 0.00353658 -0.00125286 0.00330884 0.00193907 0.00740662 -0.0660461
57.172 0.49399 0.00243743 0.199138 0.4908 0.00148069 -0.00151955 -0.770179 -0.637825 -0.000797881 0.0120437 0.00147934 -0.000936298 -0.00410039 -0.0586185 0.0113094 -0.00147717 0.00152582 -0.00101939 -0.00358408 -0.0591277
57.77 0.491935 0.00091475 0.209136 0.488268 0.00155614 -0.000756471 -0.761038 -0.648705 -0.0027518 0.0189708 0.00100168 -0.00471613 -0.00130822 -0.0289746 0.0191637 -0.000288074 0.00106563 -0.00471613 -0.00130822 -0.0289746
58.198 0.495503 -0.000665533 0.217027 0.492431 0.00141707 -0.00068037 -0.760714 -0.649085 -0.00575677 0.0198629 0.000746194 0.00163983 0.000211058 0.0240695 0.020519 0.00255847 0.000810618 0.00163983 0.000211058 0.0240695
58.728 0.504922 -0.00348953 0.227558 0.50266 0.00133278 -0.000965226 -0.767032 -0.641607 -0.00612209 0.020856 0.000589147 0.000536253 0.000197336 0.0408303 0.0215783 0.00236994 0.000612049 0.000550696 0.00014514 0.0410115
59.288 0.514101 -0.0064708 0.236656 0.513169 0.00119593 -0.00156301 -0.7708 -0.637075 -0.00369768 0.0221903 0.000542614 -0.00109513 0.000264947 6.97362e-05 0.022455 -0.000329354 0.000737764 -0.000963519 0.000259735 0.00219489
59.754 0.519955 -0.00806152 0.243088 0.51939 0.00156253 -0.00162135 -0.768744 -0.639553 -0.00302476 0.0228502 0.000621238 -0.000293567 0.000476663 -0.0231095 0.0230162 -0.00118277 0.000724856 -0.000293567 0.000476663 -0.0231095
60.168 0.516763 -0.00749806 0.255194 0.514316 0.00169459 -0.00151816 -0.765168 -0.643826 -0.00264337 0.0258629 6.43154e-05 -0.00121498 -9.18022e-05 -0.0247984 0.0259334 -0.00181735 0.000182523 -0.00121498 -9.18022e-05 -0.0247984
60.61 0.513345 -0.0074952 0.269863 0.511569 0.00169723 -0.00130073 -0.762206 -0.647332 -0.00328362 0.0275116 0.00121002 0.000498557 0.000806848 -0.0147611 0.0277114 -0.00132065 0.00137174 0.00026037 0.000304452 -0.0156521
61.182 0.513666 -0.0111757 0.285684 0.511498 0.00161939 -0.00140989 -0.760211 -0.649673 -0.00470692 0.0281637 0.00111056 0.000378005 -0.000355446 -0.00798594 0.0285481 0.000260258 0.00123315 0.000378005 -0.000355446 -0.00798594
61.608 0.513774 -0.013711 0.298344 0.510319 0.00120992 -0.00159447 -0.758929 -0.651171 -0.00406708 0.0280263 0.000542204 0.00271496 -0.00111788 -0.0146763 0.0283165 -0.000238246 0.000653214 0.00271496 -0.00111788 -0.0146763
62.046 0.513034 -0.0142713 0.3118 0.508688 0.00134282 -0.00161967 -0.754755 -0.656004 -0.00143451 0.0277056 0.00069991 -0.00107229 0.000426555 -0.0408377 0.0276048 -0.00235223 0.00068012 -0.00109768 0.00049092 -0.0399508
62.634 0.499429 -0.0144374 0.32785 0.494948 0.00152087 -0.00152263 -0.746541 -0.665335 -0.00109186 0.0276494 0.0017848 -0.000256102 0.000641133 -0.0458159 0.0275843 -0.00208497 0.00190387 -0.000256102 0.000641133 -0.0458159
63.292 0.499725 -0.0154589 0.34773 0.495862 0.00166149 -0.00127567 -0.74021 -0.672372 -0.00322024 0.0273842 0.00111585 0.000812434 0.00111755 -0.00747404 0.0276641 0.000510109 0.00125899 0.000810729 0.00104887 -0.00945138
63.876 0.492279 -0.0162179 0.361938 0.483232 0.00169693 -0.00145972 -0.739854 -0.672764 -0.0027902 0.0260756 0.000150977 1.62863e-05 0.000994185 0.00416243 0.0263849 0.000350118 0.00016075 1.09024e-06 0.000906329 0.00409769
64.47 0.472989 -0.0166902 0.374897 0.46565 0.00163924 -0.00152406 -0.73964 -0.673 -0.00168922 0.0244151 0.000771532 -8.19003e-05 0.000645082 -0.00532061 0.024462 -0.000616652 0.000881069 -8.19003e-05 0.000645082 -0.00532061
64.918 0.472382 -0.0170872 0.38925 0.468178 0.00134859 -0.00118877 -0.738463 -0.674291 -0.00133086 0.0238437 0.00121209 -0.000318652 -0.000178226 -0.00941373 0.0238617 -0.00083635 0.00129783 -0.000318652 -0.000178226 -0.00941373
65.362 0.479259 -0.018727 0.403107 0.476956 0.00153994 -0.00108345 -0.737212 -0.675659 -0.00199134 0.022707 0.00116856 -0.000945973 0.000140874 -0.00338975 0.0227896 8.45114e-06 0.00125368 -0.000945973 0.000140874 -0.00338975
65.788 0.480414 -0.0212009 0.415575 0.476876 0.00166173 -0.00124541 -0.737766 -0.675053 -0.00347543 0.0226037 0.000438372 0.000747166 0.000185015 0.0154504 0.0228207 0.00145882 0.000533296 0.000747166 0.000185015 0.0154504
66.194 0.478607 -0.0241192 0.427438 0.473538 0.00157838 -0.00138559 -0.740002 -0.672601 -0.00395677 0.0228461 0.00021525 0.00014688 0.000410972 0.0221155 0.0229042 0.00184297 0.00115307 0.000222848 0.000493876 0.0220539
66.654 0.431208 -0.0248664 0.442752 0.424305 0.00149616 -0.00133188 -0.74277 -0.669544 -0.00321206 0.0240832 0.00117031 -0.000410059 -0.000384192 0.0193886 0.0241586 0.000787544 0.00102577 -0.000341675 -0.000181121 0.019887
67.122 0.418289 -0.025815 0.45721 0.418616 0.000663819 -0.000601536 -0.744922 -0.667151 -0.00259822 0.0206853 0.0012597 -0.000299244 0.0017666 0.0137053 0.0208432 0.000310902 0.00129704 -0.000299244 0.0017666 0.0137053
67.586 0.428102 -0.025379 0.470117 0.428896 0.000644463 -0.000547229 -0.746485 -0.665401 -0.00164904 0.0173377 0.00081604 -0.000336292 0.000473737 0.010777 0.0174111 -0.00034668 0.00084546 -0.000336292 0.000473737 0.010777
68.038 0.440169 -0.024552 0.478074 0.441311 0.000834302 -0.000855014 -0.747045 -0.664772 -0.000706129 0.0152641 0.00160363 0.000285481 0.000764375 -0.00571686 0.0153484 -0.0010223 0.00162625 0.000467852 0.00100965 -0.00360468
68.628 0.464625 -0.025225 0.488073 0.465008 0.00106108 -0.000933923 -0.743713 -0.668498 -0.000595359 0.0157927 0.00162933 -0.000335351 -0.000352895 -0.022677 0.0157619 -0.00108556 0.00167386 -0.000335351 -0.000352895 -0.022677
69.038 0.475642 -0.025539 0.494984 0.474832 0.00147755 -0.00128452 -0.740657 -0.67188 -0.000898506 0.017398 0.000532455 -0.000564841 0.000198922 -0.021097 0.0174008 -0.000796007 0.000600514 -0.000564841 0.000198922 -0.021097
69.614 0.491389 -0.026759 0.506693 0.491679 0.00154004 -0.00133958 -0.737502 -0.675342 -0.00149595 0.0204815 0.00106302 4.26855e-05 -0.000885832 -0.0126648 0.0205293 -0.000308661 0.00114677 4.26855e-05 -0.000885832 -0.0126648
70.058 0.495399 -0.0267841 0.520964 0.492124 0.00168652 -0.00144643 -0.735739 -0.677261 -0.00119087 0.0238597 -0.000184135 -0.000167828 -0.000707149 -0.00874727 0.0237333 -0.0007792 -0.000129707 -0.000232173 -0.000503103 -0.00898675
70.562 0.490103 -0.028171 0.534097 0.489237 0.00167029 -0.00151438 -0.734208 -0.678921 -0.0013703 0.0248822 0.000284653 0.000253484 -6.54433e-05 -0.00967607 0.0249117 -0.000577926 0.000396958 0.000253484 -6.54433e-05 -0.00967607
70.98 0.487781 -0.0292086 0.545436 0.487548 0.00158476 -0.00142092 -0.732656 -0.680596 -0.00118654 0.0249155 0.000422214 -0.000241409 0.000202205 -0.0108867 0.0249813 -0.000636127 0.000363549 -0.000211648 -3.78046e-05 -0.0108499
71.56 0.494005 -0.0296778 0.564301 0.494095 0.00160426 -0.0013822 -0.730493 -0.682917 -0.000672787 0.0254172 0.000860456 0.000272657 -0.000397576 -0.0100997 0.0253361 -0.000999175 0.000932006 0.000214402 -0.000303996 -0.0100589
71.948 0.49358 -0.0304008 0.576957 0.500547 0.00168673 -0.00149242 -0.72894 -0.684574 -0.000825929 0.0260506 0.000920865 0.000448565 -0.00012757 -0.0119768 0.0260467 -0.000809543 0.00103804 0.000448565 -0.00012757 -0.0119768
72.542 0.487007 -0.0320233 0.596717 0.509305 0.00163458 -0.00144386 -0.7265 -0.687163 -0.000748026 0.0271556 0.000570673 -0.000267611 0.000212247 -0.0133189 0.0271525 -0.000763315 0.000688935 -0.000267611 0.000212247 -0.0133189
73.094 0.47719 -0.0334761 0.61537 0.512008 0.00170706 -0.00111991 -0.724889 -0.688863 -0.00160988 0.0270978 0.000573785 0.000201425 -8.98846e-05 0.00517892 0.0270701 0.000140274 0.000762751 -3.651e-05 -3.41763e-06 0.00294327
73.61 0.470438 -0.0333505 0.63028 0.517439 0.00154412 -0.0010414 -0.726859 -0.686784 -0.000963689 0.0255185 0.00110254 3.89518e-05 0.00100314 0.0190701 0.0256847 -0.000444438 0.00119089 -2.56298e-05 0.000836785 0.018652
74.066 0.470124 -0.0362956 0.644315 0.526232 0.00139101 -0.00110909 -0.729577 -0.683896 -0.0021002 0.0251165 0.000184075 0.000715833 -0.000452477 0.0189976 0.0251988 0.000474002 0.000273584 0.000715833 -0.000452477 0.0189976
74.526 0.46161 -0.0393388 0.656789 0.521745 0.00136252 -0.0011492 -0.73184 -0.681474 -0.00257487 0.0239452 6.36203e-05 0.000526333 0.001086 0.0141118 0.0242682 0.000745736 0.000130529 0.000363384 0.000950021 0.0145625
74.964 0.44676 -0.0422083 0.667398 0.509027 0.00123514 -0.00109975 -0.733153 -0.680062 -0.00264432 0.0232106 0.000418956 -0.00033889 -0.000435346 0.0107482 0.0234023 0.000940324 0.000427795 -0.000288562 -0.000555151 0.0108292
75.426 0.440051 -0.0445988 0.68012 0.509569 0.000984505 -0.00085699 -0.734389 -0.678727 -0.00271922 0.0220805 0.00135942 -0.000126853 -5.72013e-05 0.0100553 0.0222224 0.000973904 0.00141748 -0.000126853 -5.72013e-05 0.0100553
75.856 0.416394 -0.0440966 0.693506 0.47961 0.000917152 -0.000694833 -0.73565 -0.677361 -0.0016168 0.0214134 -0.000176307 -0.000255749 -0.00037111 0.00945387 0.0215512 -0.000124255 -0.00035306 -0.000326332 -0.000622334 0.00950014
76.408 0.399135 -0.0436079 0.705541 0.47373 0.000570272 -0.00036015 -0.736862 -0.676043 -0.000821477 0.0179159 0.00136234 -0.000149199 0.0014914 0.00859688 0.0179184 -0.000721422 0.00138595 -0.000149199 0.0014914 0.00859688
76.856 0.409943 -0.0433328 0.711814 0.494287 0.000623053 0.000428973 -0.737239 -0.675631 -0.00229941 0.0127954 0.0183751 0.000487546 0.00171606 5.19663e-05 0.0129408 0.00114981 0.0183812 0.000487546 0.00171606 5.19663e-05
77.448 0.426217 -0.0449224 0.72042 0.519865 0.000549922 -0.000525633 -0.735831 -0.677164 -0.00131589 0.0128142 0.000657646 -0.000940052 -0.00139163 -0.0169238 0.0128781 0.000249135 0.000677229 -0.000940052 -0.00139163 -0.0169238
77.998 0.434772 -0.0464293 0.730068 0.535784 0.000738056 -0.000512064 -0.732209 -0.68108 -0.000702676 0.0152058 0.000536472 -0.00059977 -0.00111309 -0.0216818 0.0152159 -0.000398072 0.00056343 -0.00059977 -0.00111309 -0.0216818
78.486 0.437418 -0.0476708 0.735379 0.539595 0.000860138 -0.000613801 -0.728951 -0.684565 -0.00100633 0.0151926 -0.000411899 1.13717e-05 4.80551e-05 -0.0155802 0.0152266 5.12649e-05 -0.000379996 1.13717e-05 4.80551e-05 -0.0155802
78.966 0.42619 -0.0493314 0.74186 0.526796 0.000844437 -0.000611468 -0.726757 -0.686894 -0.00144069 0.0159831 0.000117832 -0.00140964 -0.000926081 -0.0101816 0.0160386 0.00053766 0.000151137 -0.00140964 -0.000926081 -0.0101816
79.5 0.415511 -0.0524265 0.750445 0.51835 0.00067793 -0.000227781 -0.728775 -0.684753 -0.00355664 0.0148681 0.000754045 0.00134541 0.000965041 0.0358722 0.0151922 0.0025475 0.000704307 0.00138419 0.000885363 0.0328909
79.962 0.416024 -0.0544895 0.754294 0.520874 0.000460632 -0.000321683 -0.735506 -0.677518 -0.00333853 0.0122701 0.000305471 0.000238972 0.000735671 0.0503891 0.012502 0.00232187 0.000319742 0.000238972 0.000735671 0.0503891
80.448 0.418059 -0.0565344 0.759241 0.52402 0.000436996 -0.000422032 -0.74277 -0.669547 -0.00273308 0.011322 5.77959e-06 -0.000143113 0.00013909 0.0437319 0.0116203 0.0016395 5.37731e-05 5.58443e-05 2.51681e-06 0.044651
80.874 0.417766 -0.0573555 0.760822 0.52339 0.000477207 -0.000579073 -0.747661 -0.66408 -0.00214518 0.00992027 3.15689e-05 0.00254405 0.000269296 0.0272591 0.010108 0.00103684 3.96526e-05 0.00216805 0.00049442 0.0309595
81.49 0.414582 -0.0580521 0.767122 0.522851 0.00039346 -0.000548201 -0.746847 -0.664995 -0.000764049 0.0102442 0.000216701 -0.000910979 2.59293e-05 -0.0276374 0.0102977 -0.000436695 0.000327664 -0.000939964 -3.20081e-05 -0.0264961
81.93 0.409986 -0.0585766 0.770979 0.517493 0.000415629 -0.000428508 -0.742451 -0.669901 -0.00121703 0.00948432 -0.000423741 -0.000150852 0.000143704 -0.0357167 0.0095596 0.000238774 -0.000412372 -0.000150852 0.000143704 -0.0357167
82.384 0.40877 -0.0593294 0.774402 0.519014 0.000427183 -0.000350432 -0.73769 -0.67514 -0.00196306 0.00818168 0.000491461 5.00037e-05 0.000211756 -0.0250907 0.0083226 0.00123232 0.000500719 5.00037e-05 0.000211756 -0.0250907
82.87 0.408313 -0.0590126 0.778463 0.519039 0.000386079 -0.000353935 -0.734871 -0.678206 -0.00183746 0.00759627 -0.000309428 -0.000104975 -2.87181e-05 -0.0136599 0.0077767 0.00124417 -0.000340121 -0.000103996 -6.73341e-05 -0.0140399
83.502 0.405133 -0.0590691 0.784135 0.518814 0.000342993 -8.49203e-05 -0.733319 -0.679885 -0.00199955 0.00635309 0.000651384 -0.00140462 -0.000739415 0.0124397 0.00663678 0.00141746 0.00051792 -0.00157919 -0.000906861 0.0105272
83.94 0.404743 -0.0594037 0.785984 0.518065 0.000440599 -0.000238643 -0.737893 -0.674918 -0.00264044 0.00477011 -0.00082916 0.000691122 0.00160894 0.049676 0.00498692 0.00220576 -0.000823776 0.000691122 0.00160894 0.049676
84.498 0.402322 -0.0595758 0.788821 0.517137 0.000346637 -0.000368455 -0.74717 -0.664633 -0.00201297 0.00461011 4.79924e-05 -9.89502e-06 -6.01694e-05 0.0557212 0.00481322 0.00146206 5.27117e-05 -9.89502e-06 -6.01694e-05 0.0557212
85.196 0.403447 -0.0587237 0.795022 0.5205 0.000240985 -0.000333407 -0.756994 -0.653422 -0.000588971 0.00470729 -0.000365614 -0.000470057 -0.000172954 0.0316885 0.00474312 -0.000105057 -0.000361797 -0.000470057 -0.000172954 0.0316885
85.818 0.403715 -0.0580355 0.798972 0.523404 0.000319232 -0.000315528 -0.761585 -0.648065 -0.000336794 0.00418488 0.000273948 3.86998e-05 -2.23394e-05 0.0222037 0.0041846 -0.000337208 0.000277716 3.86998e-05 -2.23394e-05 0.0222037
86.272 0.402567 -0.0564749 0.803858 0.526247 0.000180335 -0.000397488 -0.763394 -0.645933 0.00053122 0.00476302 0.000621815 0.000210978 -0.000240432 -0.00693841 0.00460887 -0.00131213 0.000625941 0.000210978 -0.000240432 -0.00693841
86.712 0.409561 -0.0554915 0.807395 0.537123 0.000265375 -0.000262541 -0.760631 -0.649185 0.00100648 0.00464568 0.000524829 -0.0011359 -0.000146 -0.0292693 0.00441346 -0.00166957 0.000450023 -0.00126981 -0.000122378 -0.0287062
87.216 0.416229 -0.052783 0.811836 0.546973 0.000455757 -0.000218357 -0.75646 -0.65404 0.00102551 0.00524724 0.000300849 -0.000139789 -0.00054536 -0.0238733 0.00504376 -0.00177287 0.000305296 -0.000139789 -0.00054536 -0.0238733
87.802 0.420355 -0.0525959 0.817085 0.5514 0.000490553 -0.000270874 -0.75291 -0.658123 0.000196417 0.00604358 0.000154131 -0.000808671 -0.000367552 -0.0142719 0.00596284 -0.001003 0.000160423 -0.000808671 -0.000367552 -0.0142719
88.376 0.405278 -0.0544652 0.821242 0.534323 0.000580392 -0.000246067 -0.753694 -0.657225 -0.00134534 0.00627404 -7.97447e-05 0.00114721 -0.000115059 0.0222958 0.00639886 0.000478886 -7.18891e-05 0.00114721 -0.000115059 0.0222958
88.96 0.402724 -0.0580557 0.824203 0.532664 0.000232816 -0.000218485 -0.758365 -0.65183 -0.00156393 0.00450004 0.000555364 0.000336891 0.000742282 0.0295182 0.00468356 0.000870132 0.000558328 0.000336891 0.000742282 0.0295182
89.442 0.410721 -0.0596594 0.827764 0.542978 9.63371e-05 -0.000352816 -0.760501 -0.649337 -0.000246645 0.00392647 0.000423211 -0.000553098 0.000213005 -0.00825872 0.00398084 -0.00032481 0.000372307 -0.000513902 0.000127701 -0.00477755
90.024 0.417558 -0.0593796 0.831334 0.550952 0.000369754 -0.000315036 -0.756776 -0.653674 0.000369201 0.00435464 -8.37179e-05 -0.000511791 -0.000297693 -0.0285225 0.00421584 -0.00102198 -4.03699e-05 -0.000551353 -0.000312768 -0.0283825
90.494 0.417697 -0.0586706 0.836376 0.552451 0.000558751 -0.000198323 -0.753091 -0.657917 8.569e-05 0.00562953 0.00028084 -0.00223363 -0.000620827 -0.0162667 0.00556672 -0.000841035 0.000286611 -0.00223363 -0.000620827 -0.0162667
90.984 0.41579 -0.0588278 0.841408 0.551967 0.000515027 -0.000146125 -0.753493 -0.657456 -0.00110497 0.0061661 0.000246327 0.000775083 -0.000252826 0.0183758 0.00622029 0.000236422 0.000343668 0.000788833 -0.000267228 0.0170412
91.438 0.416809 -0.0594613 0.845501 0.556043 0.000389037 -0.000198513 -0.757264 -0.653108 -0.000931076 0.0060984 0.000548802 0.00011427 0.000296369 0.0291222 0.00616855 2.50138e-05 0.000554041 0.00011427 0.000296369 0.0291222
91.978 0.424465 -0.0604262 0.849202 0.566981 -0.0001134 -0.000249163 -0.759236 -0.650816 0.000982843 0.00464725 -0.00192523 -0.0006982 0.000377365 -0.0245108 0.00454182 -0.00149761 -0.00158114 -0.00038855 0.000311761 -0.0194731
92.452 0.430154 -0.0600861 0.853936 0.57567 0.000207573 -0.000234578 -0.752552 -0.658533 0.00208296 0.00455346 0.000626935 1.85673e-05 0.00674943 -0.0605026 0.00423648 -0.0026686 0.00062978 1.85673e-05 0.00674943 -0.0605026
93.046 0.42813 -0.057562 0.856754 0.571378 0.000860165 -4.18823e-05 -0.741891 -0.670519 0.00147141 0.00662603 -0.00027166 -0.00307795 2.13199e-05 -0.0334679 0.00644431 -0.00213157 -0.0002654 -0.00307795 2.13199e-05 -0.0334679
93.498 0.419798 -0.0576132 0.858241 0.56442 0.000822396 -7.11743e-05 -0.741611 -0.670829 -0.000852102 0.00641581 0.00027838 0.00143078 0.000187157 0.0246469 0.00646848 0.000206127 0.000287094 0.00143078 0.000187157 0.0246469
93.962 0.419152 -0.0589125 0.861087 0.565922 0.000533879 -0.000125823 -0.746255 -0.66566 -0.00069235 0.00599109 0.000449336 0.000364877 0.000231833 0.0421364 0.00603053 5.87198e-06 0.000455154 0.000364877 0.000231833 0.0421364
94.394 0.399862 -0.0607676 0.864684 0.539853 0.000344702 -0.000385618 -0.750994 -0.660309 0.00023593 0.00606366 -0.000229235 0.00111601 -0.00040499 0.0156347 0.00598383 -0.00101007 -0.000222965 0.00111601 -0.00040499 0.0156347
94.838 0.38666 -0.0638131 0.868423 0.530872 0.000172084 0.000337161 -0.750911 -0.660403 -0.00032448 0.00428431 0.0199244 -0.000300778 5.70638e-05 -0.00655356 0.00444174 -0.000403499 0.0199853 -0.000633784 -0.000529507 -0.00645882
95.38 0.389422 -0.0667257 0.871326 0.534385 0.000342441 0.000268657 -0.750093 -0.661332 -0.00175347 0.00201776 0.0239743 0.000180169 0.000304407 -0.0019742 0.00221774 0.00146634 0.023976 0.000180169 0.000304407 -0.0019742
95.824 0.397299 -0.0687292 0.872659 0.54373 0.000343751 0.000214123 -0.74987 -0.661585 -0.00207933 0.00129265 0.0227175 -2.00595e-05 7.54299e-05 0.000533576 0.00157147 0.00187493 0.0229189 1.03935e-05 0.000101545 0.000381839
96.286 0.383262 -0.0704705 0.874755 0.526084 0.000315454 0.000216817 -0.749912 -0.661537 -0.001945 0.00169762 0.0209081 -0.000199952 -0.000578441 0.00104167 0.00189889 0.00170849 0.0207851 -0.000228164 -0.000617246 0.00107116
96.742 0.389131 -0.0724146 0.875736 0.537238 0.000330297 0.000304848 -0.750005 -0.661432 -0.00199756 0.000912536 0.0256488 -3.58164e-06 0.000545004 0.000371505 0.00115274 0.00184487 0.0256506 -3.58164e-06 0.000545004 0.000371505
97.196 0.403093 -0.0767435 0.876739 0.551154 0.000303043 0.000210794 -0.749943 -0.661503 -0.00345908 0.00109332 0.022843 0.000519031 -0.000397594 0.000417066 0.00151254 0.00327916 0.0228457 0.000519031 -0.000397594 0.000417066
97.774 0.40121 -0.0822114 0.878632 0.545856 0.000156075 -4.76425e-05 -0.750966 -0.660341 -0.00341304 0.00217382 0.000486899 -7.13407e-05 -4.6863e-05 0.0138151 0.0026788 0.00317832 0.000413296 -2.68762e-05 -0.000407771 0.012776
98.324 0.404588 -0.0845891 0.876008 0.548497 0.00027859 -3.87281e-05 -0.754556 -0.656235 -0.00263011 0.000175569 -0.000133075 2.62145e-05 0.00105815 0.0319983 0.00053876 0.00258038 -0.000132028 2.62145e-05 0.00105815 0.0319983
98.752 0.411177 -0.0854976 0.874197 0.556131 0.000326106 -0.000246143 -0.759218 -0.650837 -0.0019927 -0.000119128 0.000229978 0.000706977 -0.000131215 0.033101 0.000149946 0.00212728 0.000247702 0.001045 3.77977e-05 0.0346441
99.236 0.420658 -0.0862517 0.875141 0.566497 0.000408714 -0.000309649 -0.762679 -0.646778 -0.00129863 0.00108779 0.000385988 4.24761e-05 -0.000502456 0.0154218 0.00128493 0.00110347 0.000387367 4.24761e-05 -0.000502456 0.0154218
99.71 0.421175 -0.0878421 0.881193 0.56639 0.000477125 -0.000328958 -0.764199 -0.644981 -0.00162296 0.00419902 -0.000262468 -0.000346529 -0.00133398 0.00892232 0.00403776 0.000940247 -0.000259543 -0.000405603 -0.00112914 0.0091515
100.268 0.416626 -0.0889375 0.888132 0.565803 0.000371363 -0.00021358 -0.7653 -0.643673 -0.00166183 0.00549389 0.000643763 -4.19081e-05 0.000463128 0.00562396 0.00569685 0.000695671 0.000648673 -4.19081e-05 0.000463128 0.00562396
100.852 0.424116 -0.0895992 0.892146 0.577119 0.000315254 -0.000153932 -0.766033 -0.642801 -0.00142359 0.00520294 0.000776266 -0.000138015 0.000197369 0.00343298 0.00537055 0.000498534 0.000780007 -0.000138015 0.000197369 0.00343298
101.296 0.430796 -0.0896271 0.896541 0.58351 0.000509082 -0.000159824 -0.766564 -0.642167 -0.00103329 0.00623942 -0.000271959 -0.00104675 -0.000512348 0.00851225 0.00624692 -5.87988e-05 -0.000163169 -0.00121149 -0.000502135 0.00783241
101.872 0.428182 -0.0896328 0.900163 0.581802 0.000598625 -0.000239587 -0.769149 -0.639069 -0.00136199 0.00646975 0.000142103 0.000278514 0.000408095 0.0191262 0.00668475 0.000144024 0.00016112 0.000305992 0.000149622 0.0189379
102.344 0.426421 -0.0910563 0.901755 0.579619 0.000438985 -0.0001513 -0.771928 -0.63571 -0.00133524 0.00593433 0.000295245 -0.00188612 -0.00690303 0.0217222 0.00607998 0.000172482 0.000300592 -0.00188612 -0.00690303 0.0217222
102.802 0.428461 -0.0949134 0.903013 0.583242 0.00022402 0.00015496 -0.777393 -0.629015 -0.00316951 0.00239015 -0.000259004 0.0019948 0.0011755 0.0658287 0.00299898 0.00260109 -0.000257184 0.0019948 0.0011755 0.0658287
103.37 0.441621 -0.100838 0.905387 0.596636 -7.80288e-05 -0.000216797 -0.791486 -0.611187 -0.00311684 0.00110951 -0.00401305 0.000419553 -0.000426233 0.0809253 0.00204556 0.00289443 -0.0038167 0.00048608 -0.000571727 0.0815574
103.93 0.44948 -0.101968 0.90692 0.604537 0.00074751 -0.000853958 -0.801615 -0.597839 -0.00255968 0.00472067 0.000236987 0.000145474 -0.00230486 0.0397466 0.00499066 0.00123539 0.000259984 0.000256542 -0.00231594 0.0412927
104.406 0.453227 -0.101947 0.91093 0.609739 0.000580068 -0.000937843 -0.803981 -0.594654 -0.00152239 0.00744291 -0.00370074 -0.000443213 -0.000424972 -0.00755656 0.00757005 -0.000726412 -0.00368465 -0.000443213 -0.000424972 -0.00755656
104.938 0.460425 -0.102001 0.916885 0.6205 0.000765841 -0.00078296 -0.799919 -0.600108 -0.00127949 0.0088304 -0.00374032 -0.000664823 0.000160276 -0.0389051 0.00884386 -0.00124306 -0.00372077 -0.000664823 0.000160276 -0.0389051
105.392 0.465323 -0.102759 0.922541 0.625421 0.00102686 -0.000800779 -0.794783 -0.606892 -0.00220904 0.00989742 -0.00331593 -0.00188404 0.000817394 -0.0358791 0.00998565 -0.000567066 -0.00340457 -0.00190926 0.00101105 -0.0374744
105.886 0.466264 -0.10511 0.927898 0.627123 0.00117115 -0.000856192 -0.791904 -0.610644 -0.00436428 0.0104438 -0.00377513 0.00125568 0.000190881 -0.0126638 0.0112211 0.00156607 -0.00374248 0.00125568 0.000190881 -0.0126638
106.37 0.462291 -0.107681 0.932211 0.621974 0.00115207 -0.00106527 -0.791196 -0.611561 -0.00467207 0.0100558 -0.00402194 4.84721e-05 0.00061487 -0.000394467 0.0109565 0.0020305 -0.00393726 0.000143088 0.000587061 -0.000793311
106.874 0.458228 -0.108495 0.940359 0.618399 0.0012049 -0.000824687 -0.792179 -0.610287 -0.00462501 0.0105278 -0.000788528 -0.000100958 -8.54452e-05 0.0179405 0.0112945 0.00179987 -0.000710058 -0.0001995 -7.10483e-05 0.0161088
107.488 0.453755 -0.109864 0.951033 0.616436 0.00114525 -0.000905953 -0.796427 -0.604733 -0.00443421 0.00989993 -0.000863654 0.000228905 0.00089857 0.0286514 0.0107976 0.00162999 -0.000709898 0.000310253 0.00086903 0.0286277
107.958 0.446111 -0.114469 0.962251 0.609864 0.00097283 -0.000924563 -0.799628 -0.600493 -0.00538619 0.0115326 -0.000280968 0.000422977 -0.000952925 0.0238253 0.0125778 0.00195706 -0.000248042 0.000422977 -0.000952925 0.0238253
108.528 0.43656 -0.119104 0.977004 0.601331 0.000789641 -0.000817874 -0.802796 -0.596253 -0.00511263 0.0120784 -0.000425872 -0.000647313 0.000192347 0.0149123 0.0130618 0.00149482 -0.000579966 -0.000526296 0.000226867 0.0153759
109.122 0.429485 -0.12088 0.988922 0.600216 0.000421193 -0.000947593 -0.804054 -0.594555 -0.0036746 0.0108388 -0.00135747 0.0010645 0.000468259 -0.0140358 0.0115667 0.000493827 -0.00131917 0.001875 0.000250666 -0.00909025
109.574 0.432006 -0.121262 0.996712 0.606272 0.000477513 -0.000767211 -0.800067 -0.59991 -0.00198353 0.0103321 -0.0011224 -0.00135793 0.000179269 -0.0498637 0.0104759 -0.000991881 -0.0011041 -0.00135793 0.000179269 -0.0498637
110.156 0.433935 -0.121333 1.00846 0.613956 0.000672807 -0.000645075 -0.790832 -0.612033 -0.0021118 0.0105978 -0.000790708 -0.000736844 -0.000486452 -0.0515809 0.0107908 -0.000656718 -0.000747569 -0.000707744 -0.000481966 -0.0522875
110.672 0.43928 -0.12253 1.01825 0.620183 0.000662862 -0.000639502 -0.784396 -0.62026 -0.00288215 0.0114645 -0.00183758 6.75637e-05 -0.000903655 -0.0372036 0.0118235 0.000160974 -0.00181594 6.75637e-05 -0.000903655 -0.0372036
111.16 0.432348 -0.123181 1.02951 0.614838 0.000657633 -0.000621129 -0.779701 -0.626151 -0.00271144 0.0131634 -0.00261506 -0.000353033 -0.000623373 -0.0280655 0.0133505 -0.000157085 -0.00257191 -0.000307642 -0.000616179 -0.0284173
111.766 0.428703 -0.123968 1.03849 0.61567 0.000496673 -0.000571409 -0.774404 -0.632691 -0.00199806 0.0120128 -0.00129784 -0.000327374 0.000917778 -0.0330236 0.0121719 -0.000437801 -0.00127957 -0.000327374 0.000917778 -0.0330236
112.258 0.424683 -0.123568 1.04596 0.61086 0.000499801 -0.000442352 -0.769536 -0.638604 -0.00142947 0.012021 -0.00146878 -0.000308325 -0.00015321 -0.0325706 0.0121454 -0.00081144 -0.00152938 -0.000356867 -0.00029113 -0.0328686
112.742 0.422687 -0.123045 1.05129 0.61114 -6.30472e-05 -8.26023e-05 -0.764206 -0.644973 -0.000381498 0.00904573 5.52121e-05 -3.4847e-05 0.000639534 -0.0520846 0.00898123 -0.00114378 5.5541e-05 -3.4847e-05 0.000639534 -0.0520846
113.22 0.415774 -0.12216 1.05458 0.602806 0.000132464 -6.1738e-05 -0.754418 -0.656395 0.000403125 0.00641518 0.00119048 -0.000732625 -0.000264028 -0.0664501 0.00629745 -0.00128651 0.00119215 -0.000732625 -0.000264028 -0.0664501
113.784 0.410499 -0.120587 1.05878 0.600027 0.000632592 -0.00021302 -0.743882 -0.668311 0.000333703 0.00745417 -0.000590777 -0.00174049 -0.00096365 -0.0450861 0.0073767 -0.00112701 -0.00058233 -0.00174049 -0.00096365 -0.0450861
114.28 0.414199 -0.120531 1.06225 0.60553 0.000434721 -7.31543e-05 -0.739922 -0.672692 -0.000738054 0.0074313 -4.88608e-05 0.000682193 0.000193889 -0.00894978 0.0075248 1.10635e-05 2.57455e-05 0.00073559 0.000113567 -0.0105318
114.776 0.418834 -0.120959 1.06596 0.610983 0.000461475 -0.000192237 -0.739238 -0.673444 -0.000492926 0.00784542 -0.00072444 -0.000220374 -0.000750983 0.00170062 0.00775052 -0.00020629 -0.000676302 -5.95878e-05 -0.000446868 0.00106211
115.328 0.42106 -0.122397 1.06958 0.612743 0.000494626 -0.000208042 -0.740007 -0.672599 -0.000462843 0.0080093 -0.00146461 0.00012709 1.93377e-05 0.00874806 0.00801845 -0.000301381 -0.0014566 0.00012709 1.93377e-05 0.00874806
115.798 0.418736 -0.123584 1.0726 0.612219 0.000517331 -0.000253535 -0.741277 -0.671198 -0.000311965 0.00791105 -0.00115058 -2.56089e-05 0.000122477 0.0084457 0.00791994 -0.000478681 -0.00133152 -1.57904e-05 0.000173518 0.00859972
116.29 0.426047 -0.125685 1.07528 0.619315 0.000547572 -0.000131974 -0.743022 -0.669266 -0.00107109 0.00713808 -0.000964986 -0.000120082 0.000356833 0.0217086 0.00721178 0.000322245 -0.000957672 -0.000120082 0.000356833 0.0217086
116.806 0.424377 -0.125683 1.07719 0.616945 0.00070613 -0.000321511 -0.748027 -0.663668 -0.000589633 0.0066529 -0.00163052 -4.1804e-08 0.000138677 0.0338209 0.00667818 -0.000206116 -0.00162071 -4.1804e-08 0.000138677 0.0338209
117.29 0.423261 -0.12685 1.07991 0.6181 0.000664869 -0.000326251 -0.75281 -0.658237 -0.000465184 0.00669497 -0.00131307 -8.1108e-05 -0.000291547 0.0317082 0.00669903 -0.000431894 -0.00130366 -8.1108e-05 -0.000291547 0.0317082
117.718 0.420125 -0.129584 1.08335 0.611672 0.000619295 -0.000375565 -0.757161 -0.653228 -0.00106809 0.00636093 -0.00139888 0.000232947 0.000171609 0.0278173 0.00645078 0.000124473 -0.00138964 0.000232947 0.000171609 0.0278173
118.184 0.413541 -0.132693 1.08728 0.608822 0.000543473 -0.000369387 -0.760695 -0.649109 -0.00175132 0.00615159 -0.000735939 0.000496037 0.000127142 0.0234141 0.00635146 0.000761882 -0.000727533 0.000496037 0.000127142 0.0234141
118.622 0.408225 -0.13565 1.09177 0.604052 0.000483174 -0.000177586 -0.764445 -0.644689 -0.00252716 0.00539466 -0.000267624 0.00012282 0.000383905 0.0380266 0.00574401 0.00158065 -0.000261511 0.00012282 0.000383905 0.0380266
119.14 0.408114 -0.1387 1.09739 0.606602 0.000301583 -0.000232794 -0.772087 -0.635517 -0.0029019 0.00488949 0.000200085 5.3167e-05 7.69602e-05 0.051764 0.00535599 0.00190783 0.00020421 5.3167e-05 7.69602e-05 0.051764
119.646 0.415467 -0.139878 1.10137 0.613143 0.000212178 -0.000445223 -0.779028 -0.62699 -0.00184139 0.00446425 -0.00045139 0.00125858 -0.000218581 0.0307396 0.00472054 0.000992149 -0.000395376 0.00161967 -6.97455e-05 0.0347872
120.12 0.417996 -0.140424 1.10735 0.616127 0.00033894 -0.000410528 -0.780236 -0.625485 -0.00067075 0.00584214 -0.000734503 -0.00103772 -0.000425871 -0.00712344 0.00582763 -0.000613729 -0.000795919 -0.00114115 -0.00043843 -0.00534953
120.572 0.416886 -0.14161 1.11073 0.614671 0.000437799 -0.000383264 -0.778496 -0.627649 -0.00151127 0.00585868 -0.00122702 -0.00018681 -5.69289e-05 -0.0152299 0.00604735 0.000234129 -0.00122 -0.00018681 -5.69289e-05 -0.0152299
121.038 0.406679 -0.143082 1.11671 0.604819 0.000358084 -0.000268064 -0.777036 -0.629457 -0.00242227 0.00690032 -0.00107844 7.85102e-05 -0.000568843 -0.00374334 0.00721118 0.000908734 -0.00113216 6.41768e-05 -0.000683215 -0.00484166
121.52 0.407352 -0.142952 1.12045 0.605976 0.000169803 -0.000160855 -0.777005 -0.629494 -0.00184444 0.00546554 -0.000299658 -0.000171629 0.000810068 0.00361463 0.00572943 0.00067034 -0.00029701 -0.000171629 0.000810068 0.00361463
122.006 0.408666 -0.142617 1.12334 0.608539 0.000183819 -0.000302126 -0.777328 -0.629096 -0.00123591 0.00482108 -0.00034337 0.000536774 -0.000281929 -0.00466561 0.00497646 0.000262396 -0.000211134 0.000716658 -0.000280485 -0.00345092
122.472 0.405554 -0.142614 1.12636 0.603337 0.000219953 -0.000278877 -0.775307 -0.631584 -0.000757141 0.00491162 -0.000942644 -0.000493171 -0.000260677 -0.0212591 0.00496391 -0.000251791 -0.000939164 -0.000493171 -0.000260677 -0.0212591
