37.196 2.06792 -0.000361548 -0.00568596 1.9991 0.00021547 1.5921e-05 0.0521987 -0.998637 -0.000296131 0.00180652 0.00379339 -0.000729088 0.000343523 -0.000739851 -0.00048265 0.00176418 0.00379417 -0.000729088 0.000343523 -0.000739851 0.000361548 0.00568596 0.00568596 0 0 0.000144023
37.872 2.06216 -0.000300162 -0.00623282 1.98552 0.000344388 7.26844e-05 0.0522698 -0.998633 0.000717856 0.00192581 0.0117128 0.000222118 -0.000286636 0.00176496 0.000515007 0.00198226 0.011714 0.000222118 -0.000286636 0.00176496 0.000300162 0.00623282 0.00623282 0 0 0.000218557
38.412 2.05962 1.01491e-05 -0.00634199 1.98926 0.000377276 0.000117022 0.0518831 -0.998653 0.000889544 0.00179245 0.0131462 -0.00030035 -0.000172951 -0.000881066 0.000702292 0.00185177 0.013638 -0.00044371 -0.00021737 -0.000837865 -1.01491e-05 0.00634199 0.00634199 0 0 -0.000186918
39.082 2.06724 -0.000429258 -0.00516627 1.99772 0.000378167 0.000136409 0.051883 -0.998653 0.000661581 0.00188757 0.00491787 0.000136368 0.000324469 -0.00206217 0.000600354 0.00186776 0.00567303 0.000163122 0.000251346 -0.00207461 0.000429258 0.00516627 0.00516627 0 0 -0.000187058
39.66 2.08188 -0.00480467 -0.00245883 2.01102 0.000237834 -0.000167972 0.0524812 -0.998622 -0.000139083 0.00155016 -0.0100316 -2.07949e-05 0.00213023 0.000970411 -0.000318925 0.00168844 -0.00883086 3.98661e-05 0.00177905 0.000781347 0.00480467 0.00245883 0.00245883 0 0 0.000440275
40.212 2.08501 -0.00756963 -0.00176163 2.00912 0.000254851 -0.000441199 0.0521785 -0.998638 0.00135028 0.000377277 -0.0603641 0.000474943 0.00017531 0.00145825 0.0013552 0.000549447 -0.0603627 0.000474943 0.00017531 0.00145825 0.00269832 -0.000554143 -0.000554143 0 0 0.0348602
40.752 1.96959 -0.000670255 -0.00130363 1.9677 0.00147475 -0.0266436 0.0484934 -0.998467 0.0646297 0.000263462 0.000666956 -6.23595e-05 0.055519 0.0261162 0.0528927 0.00547916 0.00437325 -0.003331 0.0828988 0.025504 0.375075 9.76672e-05 9.76672e-05 0 0 0.0326241
42.156 1.96815 0.220896 0.00819867 1.95819 0.000649858 -0.0193878 0.0290504 -0.99939 0.210367 0.000767329 -0.00272583 -0.000328093 0.00214461 0.0248158 0.209915 0.0129824 0.00543641 -0.000328093 0.00214461 0.0248158 0.385194 -9.09708e-06 -9.09708e-06 0 0 0.0193811
43.564 1.97353 0.579258 0.0159969 1.9745 0.000268358 -0.0210637 0.0165926 -0.99964 0.246911 0.00223957 -0.00203168 0.000165872 0.00224148 0.0133538 0.246567 0.0104289 0.00836992 0.000165872 0.00224148 0.0133538 0.391827 -0.000447337 -0.000447337 0 0 0.0106928
44.124 1.97861 0.738043 0.0185907 1.97913 0.000217268 -0.0216966 0.0137644 -0.99967 0.259215 0.00216818 -0.00186368 -9.26228e-05 0.000882907 0.0102533 0.258894 0.00930038 0.00938374 -9.26228e-05 0.000882907 0.0102533 0.393288 -0.000478824 -0.000478824 0 0 0.00878039
44.658 1.98291 0.90507 0.0216857 1.98157 7.61627e-05 -0.0220702 0.0115209 -0.99969 0.271844 0.00296622 -0.00259406 0.000589584 0.000548006 0.0107312 0.271553 0.00922805 0.00940346 0.000589584 0.000548006 0.0107312 0.3946 -0.000736078 -0.000736078 0 0 0.0070657
45.374 1.96792 1.1219 0.0225842 1.96585 8.98782e-06 -0.022562 0.00860331 -0.999708 0.286001 0.00199801 -0.00126222 -0.000413308 0.000720216 0.0054719 0.28569 0.00691778 0.0116401 -0.000413308 0.000720216 0.0054719 0.396117 -0.000786392 -0.000786392 0 0 0.00507838
46.012 1.9667 1.32095 0.0249954 1.96705 -8.25301e-05 -0.0229411 0.00727754 -0.99971 0.297182 0.00268241 -0.00133272 0.000530106 0.000473148 0.00525675 0.29686 0.00700773 0.0122984 0.000530106 0.000473148 0.00525675 0.396939 -0.00101351 -0.00101351 0 0 0.0040032
46.816 1.98116 1.58172 0.0301452 1.98111 -0.000286066 -0.0233243 0.00565986 -0.999712 0.309584 0.00366285 -0.00132593 0.000333344 0.00152352 0.00397919 0.309248 0.00716973 0.013109 0.000333344 0.00152352 0.00397919 0.397935 -0.00128009 -0.00128009 0 0 0.00269962
47.62 1.98042 1.83408 0.032279 1.97788 -0.000371532 -0.0239767 0.00468652 -0.999701 0.31809 0.0032957 -0.00102274 2.82302e-05 0.000867382 0.00177751 0.317729 0.00628127 0.0142231 2.82302e-05 0.000867382 0.00177751 0.398521 -0.0014238 -0.0014238 0 0 0.00193021
48.386 1.97587 2.08733 0.0292726 1.97869 -0.00037574 -0.0242836 0.00378871 -0.999698 0.327957 0.00232363 0.000122525 -0.000205683 0.000680264 0.00129424 0.327538 0.00481393 0.0160425 -0.000205683 0.000680264 0.00129424 0.399049 -0.00153466 -0.00153466 0 0 0.00124004
49.034 1.97665 2.31671 0.0280859 1.97522 -0.000449482 -0.0243288 0.00320055 -0.999699 0.337404 0.00230717 -0.000466124 0.00030962 0.00033314 -0.000266679 0.336647 0.00458692 0.0158253 0.000338822 6.01671e-05 -0.000188618 0.399381 -0.00158718 -0.00158718 0 0 0.00080361
49.656 1.97205 2.52604 0.0264011 1.96978 -0.000444091 -0.0246212 0.00330086 -0.999691 0.341966 0.00200063 -3.41346e-05 0.000161143 0.000991874 0.0006683 0.341533 0.00426491 0.0167968 0.000161143 0.000991874 0.0006683 0.399265 -0.00148741 -0.00148741 0 0 0.000953493
50.482 1.96787 2.80636 0.0233475 1.96716 -0.000456938 -0.0250291 0.00265483 -0.999683 0.348086 0.00126267 0.000567014 -0.000165862 0.000173099 -0.00054919 0.347264 0.00312181 0.0179808 -0.000245125 0.000466221 -0.000489307 0.399477 -0.00130306 -0.00130306 0 0 0.000676623
51.068 1.95836 3.01092 0.0195053 1.94395 -0.000411037 -0.0250227 0.00303794 -0.999682 0.353591 0.000616914 0.000463763 -0.000354813 0.000165028 0.00159603 0.352801 0.00279168 0.0179222 -0.000410414 0.000270287 0.00150164 0.39922 -0.00121538 -0.00121538 0 0 0.00100555
51.874 1.92989 3.2904 0.0152964 1.9309 -0.000419885 -0.0252622 0.00224655 -0.999678 0.359318 0.00021204 0.00263025 -0.000132169 0.00014251 -0.000472943 0.358722 0.00183551 0.0207745 -0.000132169 0.00014251 -0.000472943 0.39947 -0.000980385 -0.000980385 0 0 0.000673989
52.496 1.93581 3.51128 0.0135833 1.93477 -0.000457885 -0.0253391 0.00218131 -0.999677 0.364044 0.00025265 0.00210304 -9.80711e-05 -1.3144e-05 0.000567399 0.363466 0.00185046 0.0205425 -9.80711e-05 -1.3144e-05 0.000567399 0.399446 -0.000901857 -0.000901857 0 0 0.000695277
53.916 1.94775 4.01793 0.00416175 1.95031 -0.000329357 -0.0256453 0.00130171 -0.99967 0.370258 -0.00122754 0.00401793 0.000290058 0.000657392 -0.000995853 0.369567 -0.000255292 0.0229977 0.000290058 0.000657392 -0.000995853 0.399792 -0.000736596 -0.000736596 0 0 0.000248874
54.752 1.96411 4.29677 0.00136626 1.96445 -0.000330916 -0.0258835 0.00157903 -0.999664 0.371634 -0.00156911 0.00278194 -0.000460443 0.0013627 -0.000416195 0.370995 -0.000387871 0.0220109 -0.000460443 0.0013627 -0.000416195 0.399354 -0.00026323 -0.00026323 0 0 0.000828316
56.286 1.97142 4.84294 -0.00121493 1.97267 -0.000264183 -0.026363 0.000990662 -0.999652 0.37475 -0.00131191 0.00179313 0.000101376 0.000655879 0.000447512 0.374136 -0.000563594 0.0215434 0.000101376 0.000655879 0.000447512 0.399584 -0.000143535 -0.000143535 0 0 0.000536744
57.076 1.98149 5.11824 -0.00190949 1.9661 -0.000231901 -0.0264874 0.00089305 -0.999649 0.37684 -0.00138842 0.00266314 -0.000346766 0.000967973 -2.63896e-06 0.376172 -0.000709843 0.022616 -0.000346766 0.000967973 -2.63896e-06 0.399462 0.000119772 0.000119772 0 0 0.000691838
58.676 2.09785 5.7025 -0.0047083 1.95672 -0.000175792 -0.026836 0.000432005 -0.99964 0.380801 -0.00162376 0.00234598 -0.00013631 0.000202561 -7.07995e-06 0.380019 -0.00126752 0.0229194 -0.000150246 0.000220355 -4.78662e-05 0.399647 0.000202817 0.000202817 0 0 0.000454329
59.4 2.22735 5.96978 -0.00757985 1.97392 -0.000120573 -0.0269881 0.000320274 -0.999636 0.381771 -0.00200543 0.0039313 -0.000372606 0.000621117 0.000449487 0.380957 -0.00167966 0.0245756 -0.000288536 0.000785474 0.000439175 0.399521 0.0004718 0.0004718 0 0 0.000605215
60.24 2.40669 6.28543 -0.0102997 1.99028 -6.94159e-05 -0.026972 7.37991e-05 -0.999636 0.384802 -0.00185438 0.0018198 7.46833e-05 -0.000135557 0.000617867 0.384036 -0.00179732 0.0227739 0.000159637 -0.000195936 0.000617861 0.399532 0.000656522 0.000656522 0 0 0.000595746
60.926 2.55066 6.53862 -0.00818658 1.98233 -9.68758e-05 -0.0269718 -0.000129854 -0.999636 0.386549 -0.00106804 0.00130781 -0.000701488 0.000419985 0.000644248 0.385916 -0.00116611 0.0221504 -0.000701488 0.000419985 0.000644248 0.39932 0.00116748 0.00116748 0 0 0.000886142
61.61 2.01041 6.79831 -0.00821349 1.99285 -8.83872e-05 -0.0271629 -0.00037949 -0.999631 0.386412 -0.000898125 0.00170753 -1.49131e-05 0.000742551 0.000605797 0.385738 -0.00119533 0.0228293 -3.55589e-05 0.000724496 0.000609728 0.399631 0.000876565 0.000876565 0 0 0.000476267
62.296 2.0252 7.06052 -0.00685723 1.99668 -9.24596e-05 -0.0271407 -0.000555369 -0.999631 0.388494 -0.000608292 0.000824994 -0.000158119 -6.99461e-05 0.000475151 0.387876 -0.00103752 0.0219041 -0.000158119 -6.99461e-05 0.000475151 0.399628 0.00102604 0.00102604 0 0 0.000483493
63.174 2.09607 7.38752 -0.00420088 1.98948 -0.000135256 -0.0272799 -0.000618379 -0.999628 0.389341 7.66773e-05 3.53456e-05 0.000114967 3.67787e-05 0.000932658 0.388721 -0.000388376 0.0213655 0.000189859 3.19263e-05 0.000918715 0.399723 0.000930189 0.000930189 0 0 0.000360516
64.014 2.21198 7.70736 -0.00523386 1.96724 -9.45407e-05 -0.0272905 -0.000667648 -0.999627 0.391085 -0.000887455 0.000645777 -0.000820154 -0.000464012 0.000237632 0.39036 -0.00135639 0.0214289 -0.000760054 -0.000215315 0.000145607 0.399876 0.000718282 0.000718282 0 0 0.000151434
65.586 2.48134 8.29431 -0.00276177 1.94098 -6.43372e-05 -0.0258034 -0.000458052 -0.999667 0.38557 -0.000203754 0.00293034 -8.43295e-05 -0.00756526 0.000379878 0.38595 -0.000595895 0.0231159 -0.000129169 -0.00804227 7.71139e-05 0.361127 0.000657298 0.000657298 0 0 0.000299928
67.152 2.8608 8.8373 -0.000265775 1.93479 -0.000138426 -0.0206502 -0.00115326 -0.999786 0.330756 0.000304044 0.0110434 0.000163863 -0.00732365 -0.000963076 0.330018 -0.000453218 0.0246915 0.000163863 -0.00732365 -0.000963076 0.252607 0.000376394 0.000376394 0 0 -0.000274564
68.032 3.09985 9.12118 0.00127343 1.97224 -0.00013784 -0.0176235 -0.000890057 -0.999844 0.295259 4.21761e-05 0.0116718 -8.33086e-05 -0.006485 -0.000842206 0.29624 -0.000445111 0.0224725 -9.8417e-05 -0.00669752 -0.000818257 0.19544 0.000153749 0.000153749 0 0 -0.000333041
68.78 2.10451 9.32737 -0.000336347 1.99495 -6.4544e-05 -0.0157703 -0.000637513 -0.999875 0.25891 -0.000554925 0.00724609 0.000529007 -0.00283604 -0.00155839 0.260538 -0.00121061 0.0155472 0.000124633 -0.00267266 -0.00158318 0.154137 -0.00025797 -0.00025797 0 0 -0.000983728
69.642 2.16252 9.52618 -0.00260485 2.02385 3.83174e-05 -0.0141574 -0.000290223 -0.9999 0.222649 -0.00175591 0.00323697 -6.87323e-06 -0.00475088 0.000155757 0.223341 -0.00194427 0.00993304 -2.62726e-05 -0.00470648 0.000146246 0.114872 8.02027e-05 8.02027e-05 0 0 3.95521e-05
71.31 2.25379 9.87107 -0.00610892 2.02023 0.000384295 -0.0150427 -0.000748486 -0.999887 0.231375 -0.000708097 -0.018983 -0.00120356 -0.0305439 0.000308281 0.23184 -0.00104293 -0.0120149 -0.00120356 -0.0305439 0.000308281 0.12893 0.00610892 0.00610892 0 0 -0.000138726
72.114 2.02545 10.034 -0.0104256 2.00402 0.000834847 -0.00526028 -0.00109101 -0.999985 0.162458 4.56715e-05 -0.00458746 -0.000482332 -0.017736 -0.0021832 0.162497 -0.000302631 -0.00287829 -0.000482332 -0.017736 -0.0021832 -0.033968 0.0104256 0.0104256 0 0 -0.000498658
72.978 2.00761 10.1448 -0.00540337 2.00257 0.000548977 0.000390901 -0.000578929 -1 0.0723931 0.00204287 -0.00188629 0.00123326 -0.00781462 -0.000311474 0.0755767 0.00199935 -0.00241184 0.00133667 -0.00842726 -0.000357386 -0.144786 0.00540337 0.00540337 0 0 3.28187e-05
73.908 2.00274 10.1775 -0.000346453 2.00511 0.000269853 0.00226649 -0.0005917 -0.999997 0.0110409 0.000112388 0.00233737 8.99567e-05 -0.00234878 0.000278412 0.0110515 9.80678e-05 0.00228735 8.99567e-05 -0.00234878 0.000278412 -0.177459 0.000346453 0.000346453 0 0 1.90249e-05
74.924 2.01738 10.1655 0.00244292 2.01399 0.000197833 0.00260089 -0.000604217 -0.999996 -0.0170282 -0.00250406 -0.0116152 -0.000901546 0.000581229 -8.40391e-06 -0.0170914 -0.00247886 -0.0115274 -0.000901546 0.000581229 -8.40391e-06 -0.165531 -0.00244292 -0.00244292 0 0 6.0165e-06
75.724 2.01886 10.1413 0.00188744 2.01651 0.000281037 0.00228549 -0.000537288 -0.999997 -0.0231505 -0.00269121 -0.0142341 -0.000129602 0.000374116 0.00058657 -0.0232182 -0.00265832 -0.0141296 -0.000129602 0.000374116 0.00058657 -0.141297 -0.00188744 -0.00188744 0 0 7.59728e-05
76.752 2.00724 10.1084 0.000310187 2.00519 0.000394622 0.00194735 -0.000573113 -0.999998 -0.0217791 -0.00211677 -0.00461101 -0.00013312 0.00156029 0.000559862 -0.0217993 -0.00208819 -0.00452781 -0.00013312 0.00156029 0.000559862 -0.108353 -0.000310187 -0.000310187 0 0 3.8326e-05
77.538 2.01271 10.0784 0.000146109 2.01405 0.000411548 0.00109142 -0.000995087 -0.999999 -0.0184238 -0.00137682 -0.0120828 0.000192646 0.00234917 -0.00120612 -0.0184528 -0.00133019 -0.0120436 0.000192646 0.00234917 -0.00120612 -0.0784264 -0.000146109 -0.000146109 0 0 -0.000403228
78.382 2.014 10.0503 0.0014404 2.01093 0.000292408 0.000193778 -0.000663729 -1 -0.0107814 -0.000758235 -0.0101335 0.000558231 0.00110704 -0.000549017 -0.0109896 -0.000703692 -0.0107551 0.000667797 0.00081139 -0.000555361 -0.0503197 -0.0014404 -0.0014404 0 0 -5.58178e-05
