40.034 1.88911 -0.00217624 -0.00113349 1.99143 6.83683e-05 0.000381387 0.309374 -0.95094 0.0011459 0.000983283 0.0115437 -0.000209404 0.000363802 -0.000890192 0.00027562 0.0014366 0.0125711 -0.000157284 0.000335946 -0.000799804 0.00217624 0.00113349 0.00113349 0 0 -6.75298e-06
40.522 1.8997 -0.00354042 -0.000777072 1.99823 6.79334e-05 0.000319008 0.309062 -0.951042 0.00253581 0.000703913 0.00142365 0.000204356 -0.000321294 -0.00312995 0.00157312 0.00203581 0.00138991 0.000183767 -0.000266976 -0.00305636 0.00354042 0.000777072 0.000777072 0 0 -0.000350148
41.102 1.90251 -0.00513799 -0.00117161 2.00326 0.000116236 0.000282387 0.309602 -0.950866 0.00315054 0.00031218 -0.000836038 -0.000802881 2.76259e-05 -0.00109013 0.0023397 0.00212252 -0.000426115 -0.000780379 9.71109e-05 -0.00122398 0.00513799 0.00117161 0.00117161 0 0 0.000243446
41.644 1.91525 -0.00850908 -0.00227542 2.01671 0.00029389 0.000133699 0.309706 -0.950832 0.00327172 0.000279751 -0.0150711 -0.00118461 0.000940969 -0.000152552 0.00247275 0.00216016 -0.0150712 -0.00118461 0.000940969 -0.000152552 0.00850908 0.00227542 0.00227542 0 0 0.000358081
42.126 1.91882 -0.0122812 -0.00114587 2.01619 0.000315669 -0.000194292 0.309334 -0.950953 0.00393862 0.00132246 -0.0185715 0.000493162 0.00123389 -0.000218264 0.00235542 0.00330925 -0.0189312 0.000400808 0.001396 -2.57177e-05 0.0122812 0.00114587 0.00114587 0 0 -5.05427e-05
42.71 1.88949 -0.0155594 0.000438695 1.98031 0.00131705 0.00118251 0.303595 -0.952799 -0.000267546 0.00613306 0.011763 0.00143126 0.017703 0.0887005 -0.00300294 0.00460495 -0.0214868 -0.00111985 0.00951605 0.0739712 0 0 0 0 0 0.205662
44.132 1.88111 -0.0200598 0.00546791 1.98057 -4.57757e-06 8.07885e-05 0.187357 -0.982292 -0.00108924 0.00198444 0.000254133 0.000843109 8.03608e-05 0.155655 -0.00174316 0.0014442 0.00025435 0.000843109 8.03608e-05 0.155655 0.00112561 -0.00131337 -0.00131337 0 0 0.125618
44.654 1.883 -0.0194477 0.00539487 1.97397 -4.92642e-05 5.2164e-05 0.154106 -0.988054 -0.00173638 0.000240883 0.000288031 -0.000420341 -0.000165632 0.123968 -0.00172724 -0.000299307 0.000288216 -0.000420341 -0.000165632 0.123968 0.000941962 -0.00129146 -0.00129146 0 0 0.103146
45.942 1.87928 -0.0165593 0.00509879 1.97786 -8.51947e-05 0.00011948 0.0939114 -0.995581 -0.00158275 -0.000370786 0.00125799 -0.000117911 -2.67807e-05 0.0727198 -0.00151312 -0.000638446 0.00117901 -0.000114858 -0.000107809 0.0733614 7.54556e-05 -0.00120264 -0.00120264 0 0 0.0625198
46.504 1.88051 -0.0100625 0.00424543 1.97944 0.00166772 -0.0254259 0.0759739 -0.996784 0.0607598 0.000930478 0.000834078 0.00228551 0.0306248 0.0594796 0.0480797 0.00857712 0.00357582 -0.00508576 0.0936372 0.060612 0.361325 -0.000163961 -0.000163961 0 0 0.0506239
47.174 1.87435 0.0647898 0.00362144 1.97271 0.00098385 -0.0188339 0.0589245 -0.998084 0.166402 0.000684369 -0.00283681 0.000600199 -0.000660123 0.0428422 0.165154 0.020258 0.0034403 0.000600199 -0.000660123 0.0428422 0.370085 -0.00020234 -0.00020234 0 0 0.0391567
47.932 1.8702 0.218421 0.00458729 1.96459 0.000638048 -0.018797 0.0448964 -0.998815 0.205964 0.00221035 -0.00311708 0.000406056 0.00149738 0.032246 0.204907 0.0206779 0.00462985 0.000406056 0.00149738 0.032246 0.377219 -0.000166605 -0.000166605 0 0 0.0298176
49.318 1.94923 0.582808 0.0115309 1.95863 0.000119516 -0.0201083 0.0273426 -0.999424 0.247649 0.00452039 -0.00173267 0.000182561 0.00183612 0.0190025 0.246174 0.0181842 0.00809518 0.000141096 0.00163306 0.0192004 0.38619 -0.000195831 -0.000195831 0 0 0.0180743
50.008 1.96986 0.781847 0.0125443 1.97098 -6.34304e-05 -0.0207356 0.0214297 -0.999555 0.263083 0.00503532 -0.00209717 0.000553192 0.00232978 0.0159869 0.262487 0.0163036 0.00880433 0.000553192 0.00232978 0.0159869 0.3894 -0.000496454 -0.000496454 0 0 0.013871
50.702 1.97517 0.974591 0.014497 1.97326 -0.000286041 -0.0214202 0.0166268 -0.999632 0.276086 0.00569821 -0.00150289 0.000413542 0.00140826 0.010396 0.275555 0.0148761 0.0103118 0.000413542 0.00140826 0.010396 0.391893 -0.000566445 -0.000566445 0 0 0.0106068
51.29 1.95788 1.15414 0.015019 1.95545 -0.000398921 -0.0218596 0.0134742 -0.99967 0.286879 0.00579436 -0.000964515 0.000482315 0.00136712 0.0077025 0.285743 0.0136052 0.0115037 0.000460988 0.00135642 0.00785197 0.393486 -0.000548898 -0.000548898 0 0 0.0085187
51.892 1.95548 1.3534 0.0143551 1.95292 -0.000477818 -0.0222636 0.0109477 -0.999692 0.298235 0.00543734 -0.00152059 0.000369968 0.000449924 0.0047088 0.297295 0.011987 0.011505 0.000364721 0.000581103 0.0047626 0.394852 -0.00067002 -0.00067002 0 0 0.00673133
52.638 1.94704 1.58463 0.0138197 1.9459 -0.000600277 -0.0226989 0.00892004 -0.999702 0.30813 0.0054425 0.00030783 0.000296909 0.00200124 0.00424406 0.307653 0.0109457 0.0142798 0.000296909 0.00200124 0.00424406 0.39588 -0.000663423 -0.000663423 0 0 0.00538368
53.346 1.95696 1.82048 0.0138777 1.95672 -0.000768417 -0.0231639 0.00716463 -0.999706 0.318021 0.00568416 0.00031492 -0.000208672 0.000770546 0.0034411 0.317551 0.0102509 0.0150294 -0.000208672 0.000770546 0.0034411 0.396751 -0.000624287 -0.000624287 0 0 0.00424393
53.956 1.9616 2.01868 0.010882 1.96487 -0.000775449 -0.0233633 0.00586372 -0.99971 0.326996 0.00508951 0.0011796 0.000186192 -0.000118508 0.00298755 0.326502 0.00893622 0.016441 0.000186192 -0.000118508 0.00298755 0.397376 -0.000565391 -0.000565391 0 0 0.00342601
54.694 1.97597 2.26603 0.00290172 1.97716 -0.000634564 -0.0235859 0.00459198 -0.999711 0.335818 0.00205972 0.000328182 -0.000693853 -0.000328728 0.000719564 0.335396 0.00515328 0.0161594 -0.000693853 -0.000328728 0.000719564 0.397899 -0.000368052 -0.000368052 0 0 0.00274557
55.26 1.97953 2.47266 -0.00344277 1.98008 -0.000602793 -0.0236117 0.00392847 -0.999713 0.34299 0.000380237 0.000468734 -0.00104807 0.000753241 0.00101477 0.34224 0.00349021 0.0166424 -0.00057108 0.000667127 0.00104368 0.398239 -0.0003722 -0.0003722 0 0 0.00230014
55.994 1.9229 2.70628 -0.0111257 1.98066 -0.000393119 -0.0239827 0.00315275 -0.999707 0.346982 -0.00113586 0.000112896 0.000430802 0.000597206 0.000803132 0.346263 0.00107494 0.0166417 0.000480148 0.00076486 0.000807933 0.398359 5.65658e-05 5.65658e-05 0 0 0.00214469
56.708 1.89279 2.9533 -0.0149278 1.98194 -0.000400118 -0.024354 0.00242922 -0.9997 0.350304 -0.00105358 -9.34585e-05 -0.000333237 0.000789332 0.000661771 0.349725 0.000691899 0.0168638 -0.000187044 0.000919601 0.00068075 0.398342 0.000662055 0.000662055 0 0 0.00216843
57.46 1.8961 3.21739 -0.0174926 1.98812 -0.000360952 -0.0246465 0.00180022 -0.999695 0.354474 -0.00115585 -0.000322698 -8.32953e-05 0.000685499 0.00071623 0.354061 0.000126127 0.0171459 -8.32953e-05 0.000685499 0.00071623 0.398527 0.000872182 0.000872182 0 0 0.00192481
58.074 1.89192 3.41874 -0.0195889 1.99121 -0.000302265 -0.0249601 0.00135894 -0.999688 0.356332 -0.00181938 -0.000529232 -0.000759393 0.00100368 0.00116951 0.355918 -0.000846115 0.017255 -0.000759393 0.00100368 0.00116951 0.39873 0.000906075 0.000906075 0 0 0.00165924
58.702 1.89273 3.638 -0.0219368 1.99511 -0.000213004 -0.0251329 0.00071127 -0.999684 0.36032 -0.00217041 0.000187307 -0.000401433 0.000460964 0.000620715 0.359858 -0.00165407 0.018294 -0.000401433 0.000460964 0.000620715 0.398942 0.00109037 0.00109037 0 0 0.00138211
59.508 1.89535 3.92499 -0.020211 1.99346 -0.000304844 -0.0252766 0.000292878 -0.99968 0.365133 -0.000794724 -0.000164772 0.000130643 -7.92204e-05 0.000555277 0.364675 -0.000575384 0.0182886 0.000130643 -7.92204e-05 0.000555277 0.399006 0.00132567 0.00132567 0 0 0.00129777
60.29 1.89583 4.21867 -0.0212349 1.99233 -0.000216799 -0.025376 -7.40099e-05 -0.999678 0.369595 -0.00149933 -0.000438102 -0.00040364 0.000578689 0.00110368 0.369025 -0.00148867 0.0182699 -0.000502221 0.000655985 0.00109714 0.39912 0.00143763 0.00143763 0 0 0.0011476
60.892 1.8929 4.42857 -0.0244263 1.98927 -0.000125314 -0.0255826 -0.000406338 -0.999673 0.370463 -0.0025517 -0.000434559 -0.000951821 0.00128271 0.00103873 0.369998 -0.00285041 0.0185152 -0.000951821 0.00128271 0.00103873 0.399193 0.0015878 0.0015878 0 0 0.00105254
61.688 1.88524 4.71563 -0.0268755 1.97941 -6.85097e-05 -0.0257963 -0.000860091 -0.999667 0.373088 -0.00236825 -0.00011483 8.26029e-06 0.000200946 0.000709631 0.372593 -0.00300852 0.0191278 8.26029e-06 0.000200946 0.000709631 0.399365 0.00167795 0.00167795 0 0 0.000825358
62.498 1.89754 5.01184 -0.0262608 1.9875 -2.17372e-05 -0.0258957 -0.00145175 -0.999664 0.376246 -0.00223526 0.000797003 -0.000333559 0.000807246 -0.00095364 0.375692 -0.00332679 0.0202757 -0.000333559 0.000807246 -0.00095364 0.399432 0.0020428 0.0020428 0 0 0.000735553
63.264 1.93977 5.29941 -0.0244892 1.97387 1.95021e-05 -0.0261407 -0.00161823 -0.999657 0.377426 -0.00188814 0.000885404 -0.000209088 0.000183023 -0.00103374 0.37673 -0.0030939 0.0205474 -0.000192104 0.000328806 -0.00107643 0.399485 0.00208829 0.00208829 0 0 0.000662884
63.986 1.80817 5.57215 -0.0223958 1.97098 6.59032e-05 -0.0261372 -0.00151703 -0.999657 0.38076 -0.00174197 0.00152109 4.40511e-06 -0.000219923 4.23543e-05 0.379992 -0.00296791 0.0214157 2.03586e-07 -0.000333882 -0.000102193 0.399479 0.00200863 0.00200863 0 0 0.000664779
64.598 1.78622 5.79575 -0.0193126 1.95472 6.99111e-05 -0.0261487 -0.00172553 -0.999657 0.38256 -0.00121609 0.00215288 0.000450469 0.000148426 0.00107442 0.381861 -0.00261254 0.021978 0.000383016 2.99347e-05 0.00110537 0.399593 0.00199057 0.00199057 0 0 0.000510164
65.434 1.83228 6.10574 -0.0163849 1.93566 8.00896e-05 -0.0264336 -0.00213149 -0.999648 0.383122 -0.00134765 0.00390701 -0.000127792 0.000829878 -0.000795855 0.38227 -0.00295091 0.0242241 -0.000115729 0.00110443 -0.00078603 0.399854 0.00190474 0.00190474 0 0 0.000166775
66.194 1.9432 6.39148 -0.0150746 1.94515 0.000121712 -0.026535 -0.00190639 -0.999646 0.384317 -0.00144606 0.00673609 -0.000180048 0.000377173 0.00039373 0.38341 -0.00291428 0.0271144 -0.000180048 0.000377173 0.00039373 0.399829 0.00170265 0.00170265 0 0 0.000149362
66.906 2.06335 6.65407 -0.00774505 1.92207 -1.69773e-05 -0.0265882 -0.00205664 -0.999644 0.385762 0.000516956 0.00709969 0.000111632 0.000704935 0.000251181 0.384838 -0.00106787 0.0275959 0.000111632 0.000704935 0.000251181 0.39986 0.00151746 0.00151746 0 0 -0.000107868
67.552 2.22838 6.90273 -0.00451346 1.93765 -8.86533e-06 -0.0266353 -0.00221064 -0.999643 0.386779 7.78332e-05 0.00944301 0.000176765 0.000655262 -0.00132296 0.385724 -0.00163016 0.0300262 0.000176765 0.000655262 -0.00132296 0.399398 0.000981348 0.000981348 0 0 -0.000656472
69.212 2.6857 7.53918 0.00155207 1.98057 2.27949e-05 -0.0267677 -0.00138107 -0.999641 0.389688 -0.000106398 0.00801119 -1.48486e-06 7.1019e-05 -0.00109148 0.388699 -0.00118263 0.0288543 -1.48486e-06 7.1019e-05 -0.00109148 0.399572 0.000555547 0.000555547 0 0 -0.000457844
69.918 1.92153 7.8203 0.00439065 2.00188 -1.99697e-05 -0.0267593 -0.00121927 -0.999641 0.391056 -0.00034867 0.00327199 -3.3366e-05 0.00025201 -0.00125517 0.390321 -0.00132426 0.0244109 -1.28667e-05 0.000305506 -0.00120858 0.399271 -0.0001404 -0.0001404 0 0 -0.000931289
70.594 1.92167 8.06917 0.00468725 2.00119 6.13105e-06 -0.027456 -0.00099319 -0.999623 0.391525 -0.00113895 -0.000135016 9.31043e-05 0.0098924 -0.00216858 0.390939 -0.00191651 0.0213564 9.31043e-05 0.0098924 -0.00216858 0.405193 -0.000718553 -0.000718553 0 0 -0.00125388
71.296 1.93768 8.33227 0.00591411 2.01092 1.62568e-05 -0.0247479 -0.000386529 -0.999694 0.385288 -0.00139881 -0.000868906 -0.000505673 -0.00825448 -0.00174592 0.384858 -0.00169687 0.0181964 -0.000505673 -0.00825448 -0.00174592 0.352886 -0.000774178 -0.000774178 0 0 -0.000988935
72.006 1.93911 8.59854 0.00601883 2.0192 4.21482e-05 -0.0220782 3.57827e-05 -0.999756 0.359807 -0.00165807 -0.00150309 9.68285e-05 -0.00631389 -0.00174971 0.360807 -0.00167244 0.0145173 5.87076e-05 -0.00630976 -0.00175903 0.29959 -0.00115359 -0.00115359 0 0 -0.00125902
73.478 2.06321 9.08001 0.00979905 2.00864 1.98018e-05 -0.0173731 0.000895916 -0.999849 0.30026 -0.000989241 -0.00115889 -9.29266e-05 -0.00648415 -0.00082997 0.301623 -0.00046936 0.00917393 -7.97317e-05 -0.00638807 -0.000813733 0.203685 -0.000859763 -0.000859763 0 0 -0.000809225
74.926 2.23905 9.44777 0.0103144 2.02138 4.5786e-05 -0.0135726 0.00234303 -0.999905 0.242676 -0.00178075 0.000521347 -0.000104254 -0.00557109 -0.00269839 0.242578 -0.00064403 0.00710802 -0.000104254 -0.00557109 -0.00269839 0.13009 -0.00130674 -0.00130674 0 0 -0.00178533
75.642 1.93437 9.60321 0.00977793 2.02254 -1.7109e-06 -0.0117316 0.00315001 -0.999926 0.215931 -0.00186941 -0.0014798 -7.81184e-05 -0.00451821 -0.00442736 0.217217 -0.000557948 0.00364736 -7.773e-05 -0.00431138 -0.0042612 0.0986788 -0.00179439 -0.00179439 0 0 -0.00396027
77.158 1.99052 9.9177 0.00711141 2.01753 -0.000273703 -0.01049 0.00538198 -0.999931 0.223135 -0.00480545 -0.0174961 -0.00035582 -0.0250616 0.000929058 0.223492 -0.00240984 -0.0128087 -0.00035582 -0.0250616 0.000929058 0.082305 -0.00711141 -0.00711141 0 0 0.00100369
78.032 2.0328 10.0716 0.000393517 2.0129 7.46622e-05 -0.00246726 0.00503056 -0.999984 0.130003 -0.00387974 -0.0101026 -0.000696188 -0.0145042 0.00119214 0.130083 -0.00256988 -0.0094614 -0.000696188 -0.0145042 0.00119214 -0.0716181 -0.000393517 -0.000393517 0 0 0.000638
78.944 2.06807 10.1563 -0.00402043 2.01078 0.000228647 0.00181502 0.00455308 -0.999988 0.0505473 -0.00139407 -0.00841742 -0.000568095 -0.00715993 -4.27746e-05 0.0531892 -0.000912001 -0.00843981 -0.000294511 -0.00735867 2.01414e-05 -0.156343 0.00402043 0.00402043 0 0 0.000137324
80.508 2.06921 10.1772 -0.00981638 1.99288 0.000622205 0.0038871 0.00449285 -0.999982 -0.0214708 0.00190433 0.00664939 -0.000793232 -0.000469827 -0.000156269 -0.0208199 0.00171635 0.00549693 -0.000709695 -0.000265998 -0.000184714 -0.177176 0.00981638 0.00981638 0 0 7.22376e-05
82.166 2.03027 10.1264 -0.0122712 1.97602 0.00101343 0.00308966 0.00452459 -0.999985 -0.0338773 0.00258338 0.0258122 -0.00129833 0.00204619 0.000520748 -0.0337389 0.0022249 0.026026 -0.00129833 0.00204619 0.000520748 -0.12636 0.0122712 0.0122712 0 0 0.000104686
82.97 2.02503 10.1001 -0.0118698 1.98278 0.00118885 0.00265269 0.00436713 -0.999986 -0.0273569 0.00256163 0.0202095 -0.000177378 0.000525373 0.000543588 -0.0272704 0.00227483 0.0203601 -0.000177378 0.000525373 0.000543588 -0.100138 0.0118698 0.0118698 0 0 -6.02525e-05
83.876 2.02771 10.0727 -0.00596603 1.99423 0.000938905 0.00197767 0.00433839 -0.999988 -0.0231777 0.0032418 0.00672773 0.00136767 0.00131149 2.79187e-05 -0.0231781 0.00302796 0.0068253 0.00136767 0.00131149 2.79187e-05 -0.0727348 0.00596603 0.00596603 0 0 -8.90154e-05
84.726 2.023 10.0508 -0.00246148 2.00026 0.000860558 0.00146743 0.00450617 -0.999988 -0.0172093 0.000828595 0.00167647 0.000662008 0.0014738 5.6493e-05 -0.017393 0.00069422 0.00193803 0.000405105 0.00140464 -3.41184e-05 -0.0508003 0.00246148 0.00246148 0 0 8.73028e-05
85.558 2.01696 10.034 0.00261875 2.00179 0.000555234 0.000942468 0.00438753 -0.99999 -0.0120543 -0.000287347 0.000898447 0.000543709 0.0012125 0.000415988 -0.0122928 -0.000295838 0.00179061 0.000580343 0.00116818 0.000450619 -0.0340137 -0.00261875 -0.00261875 0 0 -3.61753e-05
86.484 2.01167 10.0239 0.00697269 1.99761 0.000315628 0.000683189 0.00440886 -0.99999 -0.00776324 -0.00147877 0.00364164 0.000940283 0.000393314 -0.000386189 -0.0077449 -0.00154945 0.00365128 0.000940283 0.000393314 -0.000386189 -0.0239115 -0.00697269 -0.00697269 0 0 -1.35223e-05
88.048 1.99671 10.0138 0.00893495 1.98636 9.41168e-05 0.000468226 0.00440898 -0.99999 -0.00499256 -0.00289703 0.0161808 0.00048205 7.60813e-05 2.70804e-05 -0.00495739 -0.00298032 0.0158949 0.000307036 0.000110837 1.88861e-05 -0.0138493 -0.00893495 -0.00893495 0 0 -1.32123e-05
89.572 2.00706 10.0123 0.00498543 1.99733 0.000145305 0.000566411 0.00445222 -0.99999 -0.00551411 -0.00249274 0.0035343 -0.000136975 0.000272586 0.000844925 -0.00548768 -0.00254275 0.0035398 -0.000136975 0.000272586 0.000844925 -0.0123062 -0.00498543 -0.00498543 0 0 3.20327e-05
90.342 1.89359 10.0119 0.000176957 1.99353 0.000374986 0.000603496 0.00424537 -0.999991 -0.00478778 -0.00169124 0.00769855 -0.00103384 -0.000384582 -0.000188048 -0.00476393 -0.00173757 0.00770303 -0.00103384 -0.000384582 -0.000188048 -0.0119305 -0.000176957 -0.000176957 0 0 -0.00018474
91.218 1.90494 10.0104 -0.00357329 2.00474 0.000516247 0.000614794 0.00440443 -0.99999 -0.00512783 0.000895576 -0.00513717 -0.000215359 5.5861e-05 -0.000135985 -0.00513181 0.000822233 -0.00477902 -0.000200949 7.1241e-05 -0.000170471 -0.0103655 0.00357329 0.00357329 0 0 -1.82647e-05
