141.594 1.87991 0.0108732 0.0127631 1.97658 0.000264609 -0.000746463 0.257629 0.966244 -0.000475849 0.000749489 -0.00209866 -7.44243e-05 -0.000607287 -0.197097 -0.000139316 0.000823585 -0.00238273 -0.000188365 -0.000685533 -0.200361
142.252 1.87108 0.005067 0.0126474 1.96648 0.000434204 -0.000670204 0.202116 0.979361 -0.000173768 0.00247283 0.00109028 -1.68865e-05 0.000404446 -0.153194 0.000821019 0.00234022 0.0010877 -1.68865e-05 0.000404446 -0.153194
143.066 1.87265 0.000629497 0.00803395 1.97131 0.000386731 -0.000673431 0.150858 0.988555 0.00203039 0.00229908 0.000814586 -0.000526363 0.000572351 -0.110337 0.00262488 0.00158931 0.000809893 -0.000526363 0.000572351 -0.110337
143.966 1.8796 -0.00463199 0.00106415 1.98055 0.000309217 -0.000628687 0.108954 0.994047 0.00399069 0.00257327 -0.00111736 -0.000419801 -0.000174617 -0.0776762 0.00435997 0.00166784 -0.00102058 -0.000243159 -0.000197129 -0.0786006
145.454 1.86563 0.0345376 -0.00779593 1.96295 0.00162763 0.0184545 0.0643775 0.997754 0.155718 0.00295939 -0.000933911 -0.00149812 -0.0123457 -0.0427312 0.154735 -0.0170654 0.00483126 -0.00149812 -0.0123457 -0.0427312
146.228 1.86916 0.160492 -0.0169527 1.96462 0.00117249 0.0179031 0.0487969 0.998648 0.203151 0.000415114 -0.0025065 -0.000722297 0.00122333 -0.0298899 0.202183 -0.0193881 0.00478231 -0.000722297 0.00122333 -0.0298899
147.108 1.88237 0.345587 -0.0290289 1.96948 0.000889094 0.0190863 0.0363014 0.999158 0.227439 -0.00152589 -0.000503528 -0.00152237 0.00368647 -0.0206249 0.226582 -0.0180145 0.00818674 -0.00152237 0.00368647 -0.0206249
147.978 1.86839 0.56396 -0.0469884 1.96697 0.000502396 0.0203872 0.0271283 0.999424 0.246726 -0.00328798 -0.000236609 -0.000445661 0.00301202 -0.0135499 0.245053 -0.0167893 0.00956627 -0.000589752 0.00325488 -0.0138674
149.568 1.86501 1.013 -0.0725439 1.96066 5.22614e-05 0.0217445 0.0174482 0.999611 0.280869 -0.00364335 0.000447857 -3.37682e-05 0.0018502 -0.00461639 0.279764 -0.0136235 0.0125119 4.64954e-05 0.00177196 -0.00486527
150.47 1.85122 1.2879 -0.0810179 1.94424 1.31195e-05 0.0224386 0.0143906 0.999645 0.296299 -0.00233784 0.00169567 -0.00140625 0.00152667 -0.00210964 0.2952 -0.0109496 0.0149091 -0.000250122 0.000953044 -0.00218084
152.142 1.87016 1.83036 -0.0942489 1.97281 -0.000276948 0.0233504 0.0125374 0.999649 0.322311 0.0009776 0.00274735 0.00013099 0.000860271 0.00260605 0.321412 -0.00718318 0.0178053 0.000134778 0.000777576 0.00261475
152.854 1.88139 2.04259 -0.0962574 1.9809 -0.000272039 0.0237939 0.012401 0.99964 0.327857 0.00150172 0.00297357 -0.00102791 0.00102417 0.00167875 0.32728 -0.00663144 0.018566 -0.00102791 0.00102417 0.00167875
153.618 1.85966 2.30138 -0.096984 1.95738 -0.00045686 0.0239532 0.0125537 0.999634 0.336445 0.00455308 0.00539558 3.22948e-05 0.000285971 0.00533962 0.335809 -0.0039016 0.0215044 3.22948e-05 0.000285971 0.00533962
154.292 1.82791 2.54118 -0.0964675 1.91831 -0.000423621 0.0241029 0.0137991 0.999614 0.3433 0.00585308 0.00592673 -0.000672483 0.00019479 0.00370978 0.342304 -0.00360325 0.0218054 -0.000346531 5.24659e-05 0.00383933
155.222 1.7983 2.84823 -0.0905328 1.89745 -0.000359012 0.0244225 0.0148069 0.999592 0.349464 0.0096802 0.0129973 -0.000530335 -0.000179484 0.00500862 0.348313 -0.000721977 0.0289014 -0.000392771 -2.84679e-05 0.00500537
155.934 1.81287 3.103 -0.0896541 1.91701 -0.000474649 0.0254583 0.0158773 0.99955 0.35658 0.0105261 0.0103495 -0.00056696 -0.000646186 0.00550329 0.355041 -0.000827942 0.0285291 -0.000554666 0.00222088 0.00549271
156.808 1.8501 3.3983 -0.0835786 1.95661 -0.000263058 0.0219053 0.0174553 0.999608 0.349182 0.0130529 0.0121502 -8.22463e-05 -0.00739054 0.00457389 0.348558 0.000858452 0.0274441 -8.22463e-05 -0.00739054 0.00457389
157.76 1.89791 3.70851 -0.0766709 2.00017 -0.000162117 0.0189953 0.0192146 0.999635 0.318504 0.0137488 0.00725305 -0.00106663 -0.0055603 0.00575077 0.31943 0.00157829 0.019614 -0.000976703 -0.00548717 0.00569589
158.716 1.91912 3.98355 -0.0706514 2.01452 -4.51274e-05 0.0162473 0.021506 0.999637 0.289598 0.0145241 0.000547143 0.00022877 -0.00631361 0.00614515 0.289784 0.0020589 0.00996468 0.00022877 -0.00631361 0.00614515
159.564 1.90437 4.20182 -0.0643307 2.00229 9.28719e-05 0.0140909 0.0243176 0.999605 0.258283 0.0150401 -0.00269114 -0.000114259 -0.00368492 0.00741631 0.25981 0.00251622 0.00455589 0.000105202 -0.00385755 0.00744103
160.412 1.90747 4.38737 -0.0628252 2.00265 0.000115229 0.0121772 0.0276237 0.999544 0.229978 0.0138281 0.000849001 -0.000165264 -0.00343171 0.00898024 0.230302 0.00110847 0.00645474 -0.000165264 -0.00343171 0.00898024
161.294 1.91299 4.54843 -0.0627184 1.99803 9.13763e-05 0.0104072 0.0322058 0.999427 0.203666 0.0133314 0.00138984 0.000465718 -0.00465553 0.0129045 0.204964 0.000234914 0.0047675 0.000482342 -0.00419572 0.0129422
162.092 1.89283 4.67194 -0.0592781 1.99752 8.47553e-05 0.00898481 0.038167 0.999231 0.177831 0.0135922 0.000162225 0.000318087 -0.0020818 0.021092 0.178318 -1.10782e-05 0.00336346 0.000318087 -0.0020818 0.021092
163.03 1.9116 4.82186 -0.0507874 2.01105 -0.0017938 0.0151502 0.046187 0.998816 0.221658 0.0295405 -0.00808764 0.000730421 -0.0366044 0.00220217 0.222688 0.00807939 0.000319368 0.000948614 -0.0446523 0.00438426
163.794 1.93346 4.95797 -0.0372587 2.00983 -0.00141833 0.00630809 0.0447031 0.998979 0.179685 0.030167 -0.0114305 0.000636218 -0.0179073 -0.00584984 0.184449 0.0138566 -0.00974288 0.000656945 -0.0188078 -0.00588929
164.528 1.90064 5.05292 -0.021125 1.99985 -0.000844244 0.00149671 0.0431106 0.999069 0.113949 0.0244022 0.00414424 0.000469944 -0.00789864 -0.00411372 0.115614 0.0144891 0.00452102 0.000469944 -0.00789864 -0.00411372
166.14 1.91935 5.12043 0.0013114 2.01175 -0.000134874 -0.00197609 0.0415649 0.999134 0.0228347 0.00983472 -0.00947507 0.000504155 -0.00254811 -0.00128357 0.0235351 0.00790826 -0.00956439 0.000504155 -0.00254811 -0.00128357
166.992 1.91587 5.11715 0.00606348 2.01425 4.23526e-07 -0.00250819 0.0412758 0.999145 0.00351122 0.00382571 -0.012992 -1.52705e-05 9.29423e-06 -0.000301065 0.00374964 0.00352575 -0.0130102 -1.52705e-05 9.29423e-06 -0.000301065
167.81 1.91155 5.10748 0.00862278 2.01065 0.000100669 -0.00288785 0.0412287 0.999146 -0.00397744 0.000739718 -0.00960219 0.000260802 -0.00107563 -0.000792301 -0.0039584 0.00106525 -0.00957943 0.000260802 -0.00107563 -0.000792301
168.632 1.9186 5.08004 0.00678558 2.02075 -4.30916e-05 -0.00209795 0.0413053 0.999144 -0.010256 -0.00199927 -0.0185658 5.96432e-05 0.00481575 -0.000724127 -0.0104616 -0.00105004 -0.0175417 0.000173593 0.00478153 -0.000666614
170.338 1.9031 5.03145 0.00910203 1.99193 0.000182024 -0.000364104 0.0410964 0.999155 -6.5618e-06 -0.00351685 0.00705082 -0.000149574 0.000793178 -0.000863756 -0.000290119 -0.00350208 0.00705221 -0.000149574 0.000793178 -0.000863756
171.948 1.86932 5.01503 0.00617875 1.96963 -5.75026e-05 3.71084e-05 0.0414408 0.999141 0.00270333 -0.00481046 0.0335319 0.00061809 0.000536446 -0.00207474 0.00229304 -0.00502156 0.0335316 0.00061809 0.000536446 -0.00207474
172.698 1.87822 5.00816 0.00633943 1.97789 -9.15231e-06 0.000477769 0.0410186 0.999158 0.00212291 -0.00513283 0.0239656 -0.000273891 0.000168074 -0.00115142 0.00167214 -0.00528907 0.0239673 -0.000273891 0.000168074 -0.00115142
174.268 1.88906 5.00937 0.00976799 1.99233 0.000141169 0.000351644 0.0411515 0.999153 4.96263e-05 -0.00496694 0.0105022 0.00109278 -0.000721959 -0.00169268 -0.000435342 -0.00508956 0.0112778 0.0006379 -0.00036827 -0.00171999
175.252 1.91543 5.01422 0.0124327 2.01998 0.000358334 -5.91939e-06 0.0410857 0.999156 -0.00265277 -0.00738449 -0.0179128 -1.55109e-05 -0.000926393 -0.00153162 -0.00325084 -0.00715458 -0.0179076 -1.55109e-05 -0.000926393 -0.00153162
176.166 1.92549 5.01866 0.0101258 2.02498 0.000237979 -0.000276629 0.0411602 0.999152 -0.00582267 -0.00841627 -0.0259903 -0.000762326 -0.000151448 -0.00132499 -0.00651006 -0.0079206 -0.025983 -0.000762326 -0.000151448 -0.00132499
