50.874 1.90113 0.000682837 0.000508978 1.99649 -0.00011561 0.000161753 -0.177951 -0.984039 0.000162346 0.000138524 0.000495806 7.36183e-05 -0.000297242 0.000387966 0.000200756 7.29777e-05 0.000495721 7.36183e-05 -0.000297242 0.000387966
51.304 1.89217 -4.71328e-05 0.000495257 1.99039 -0.000122658 0.000171464 -0.178038 -0.984024 0.000424793 3.92385e-05 0.00910071 1.15832e-05 0.000199626 -0.000513839 0.00041508 -0.00011045 0.00910058 1.15832e-05 0.000199626 -0.000513839
51.718 1.89604 -0.00179149 0.000404388 1.99585 -0.00013248 9.87923e-05 -0.178146 -0.984004 0.000355769 2.00013e-05 0.00465973 0.000321153 0.000798137 -0.00113782 0.000341326 -0.000104947 0.00465967 0.000321153 0.000798137 -0.00113782
52.19 1.88547 -0.0032484 -0.000274339 1.98534 -0.00013398 -3.6069e-05 -0.177868 -0.984054 0.00108746 -0.000236191 0.0161222 -0.000672398 0.000389769 -0.000845984 0.000874861 -0.000534835 0.0161821 -0.000413284 0.000281406 -0.00101018
52.76 1.88554 -0.00532945 -0.000380219 1.98692 -8.98347e-05 -0.000204735 -0.177815 -0.984064 0.0014109 0.000419721 0.0155015 0.000785389 0.00077238 -0.000392591 0.00130805 -0.000146162 0.0162922 0.000646374 0.00124455 -0.000444961
53.92 1.90939 -0.00520777 0.000493471 2.00917 -0.000212302 -0.000196329 -0.177932 -0.984043 0.00296322 -6.81223e-06 -0.00812717 -0.000253678 -0.000155479 -0.000154741 0.00277573 -0.00104802 -0.0081258 -0.000253678 -0.000155479 -0.000154741
54.512 1.90504 -0.00432781 0.000302175 2.00429 -0.000188193 -0.000120923 -0.177961 -0.984038 0.0026019 0.000124465 -0.00367134 6.2191e-05 0.000187096 -0.000665244 0.00251615 -0.000815763 -0.00338416 5.51188e-05 0.000187255 -0.000663302
55.142 1.91224 -0.00349469 -0.00044739 2.01269 -0.000143556 -0.000101968 -0.177721 -0.984081 0.00228369 0.000130528 -0.0113557 -0.000280635 0.00023894 0.000190742 0.00222776 -0.000712631 -0.0106993 -0.000319361 0.000251006 0.000133921
55.56 1.91452 -0.00379768 -0.00368806 2.01258 5.16944e-05 -0.000192714 -0.177762 -0.984073 0.00182191 -0.000506293 -0.0140738 -0.00138459 0.000917775 0.000463021 0.00153523 -0.00111125 -0.0140732 -0.00138459 0.000917775 0.000463021
55.988 1.91281 -0.00267388 -0.00465445 2.0116 0.000154869 -0.000192209 -0.177958 -0.984038 0.00231222 0.000668152 -0.012149 -0.000163828 -0.000693761 5.66884e-05 0.00233813 -0.000242907 -0.0122921 -6.5208e-05 -0.000595311 0.000143556
56.524 1.90887 -0.00191464 -0.00309166 2.0048 7.78675e-05 -5.7427e-05 -0.177868 -0.984054 0.00153407 0.002026 -0.00748373 0.00129631 0.000364025 -0.000729537 0.00222312 0.00129972 -0.0082586 0.00128106 0.000300929 -0.000829056
57.07 1.89752 -0.00280417 -0.00227995 1.99784 -1.69898e-05 -0.000181854 -0.177841 -0.984059 0.000965806 0.00139042 0.00415287 3.58426e-06 0.000476357 0.000126873 0.0014143 0.00100099 0.00472373 -4.13557e-05 0.000489934 0.000134449
57.662 1.89556 -0.00335835 -0.00166626 1.99102 -2.98852e-05 -0.000260529 -0.177954 -0.984039 0.00127093 0.000948498 0.00638883 5.60053e-05 -0.000136236 -1.26862e-05 0.00151942 0.000444276 0.00638952 5.60053e-05 -0.000136236 -1.26862e-05
58.098 1.88751 -0.00258241 -0.00206043 1.98466 1.27701e-05 -0.000219677 -0.177915 -0.984046 0.00146717 0.000284361 0.0139264 -0.000795373 -2.28257e-05 -0.000529195 0.00148557 -0.000218966 0.013053 -0.000809637 -6.40445e-05 -0.00054281
58.606 1.88518 -0.00173025 -0.00265434 1.98743 9.23714e-05 -0.000195322 -0.177957 -0.984038 0.00115612 8.83103e-05 0.0160922 -0.000575339 0.000132049 -0.00058702 0.0011879 -0.000264103 0.0169101 -0.000212689 -8.07009e-05 -0.000496634
59.044 1.89929 -0.00127551 -0.000693612 2.0023 -4.19366e-06 -0.000170822 -0.177727 -0.98408 0.000832924 0.000979287 0.00226485 0.000701604 -0.000446218 -0.000142224 0.0011221 0.000626225 0.00226518 0.000701604 -0.000446218 -0.000142224
59.586 1.90842 9.89999e-05 0.00213807 2.00692 -0.000219081 -5.4634e-05 -0.177821 -0.984063 0.000790293 0.000774147 -0.00763489 0.000370097 -0.000835938 0.000358798 0.00101147 0.000445167 -0.00763506 0.000370097 -0.000835938 0.000358798
60.028 1.90264 0.00228369 0.00255499 1.99921 -0.000234901 9.99729e-05 -0.177942 -0.984041 0.000883258 -0.00037713 -0.00121957 -0.000643718 -0.00121215 -0.000190317 0.00069491 -0.000663089 -0.00121948 -0.000643718 -0.00121215 -0.000190317
61.178 1.8946 -0.00113549 -0.00264428 1.99304 0.000189342 -0.000255625 -0.177809 -0.984065 -0.00134148 -0.000913972 0.00655275 0.000181522 0.000415549 0.000463288 -0.00163937 -0.00049265 0.00685064 1.10829e-06 0.000482642 0.000463069
62.304 1.89849 0.000115504 -0.0014163 1.99338 4.28664e-05 -0.000173711 -0.177957 -0.984038 0.000781971 0.00041939 -0.133232 0.00192991 -0.000110938 -0.00601825 0.000926908 0.000121957 -0.133231 0.00192991 -0.000110938 -0.00601825
63.662 1.88848 0.00397962 0.00195471 1.98319 -7.5998e-05 -3.34216e-05 -0.124099 -0.99227 0.000407572 -0.000877683 -0.00226208 -3.81499e-05 -0.000258869 -0.103389 0.00018364 -0.00106716 -0.00223051 -0.000123464 -0.000269305 -0.104062
65.014 1.83871 0.0198362 0.00265806 1.93722 -0.00146095 -0.0253047 -0.0728843 -0.997018 0.0931098 0.000507528 -0.00118276 -0.00577208 -0.032736 -0.0600354 0.0921346 -0.0130308 0.00353716 -0.00577208 -0.032736 -0.0600354
65.6 1.84926 0.105014 0.00323461 1.94912 -0.00101178 -0.0184601 -0.0567024 -0.99822 0.180165 0.00162943 -0.0042542 -0.000318872 -0.00213912 -0.0456389 0.176424 -0.0188381 0.00250917 -0.000456173 -0.00239866 -0.0466522
66.038 1.8452 0.180868 0.00421128 1.93827 -0.000879473 -0.0183343 -0.0482484 -0.998667 0.202027 0.00160798 -0.00212943 0.000234944 0.0013465 -0.0372302 0.201183 -0.0178695 0.00528735 0.000234944 0.0013465 -0.0372302
66.614 1.84571 0.298082 0.00710834 1.93079 -0.000793515 -0.0189394 -0.0393265 -0.999047 0.219913 0.00209026 -0.00211693 0.00076019 0.00241725 -0.0302902 0.219319 -0.0151964 0.00622022 0.00076019 0.00241725 -0.0302902
67.072 1.86008 0.405106 0.00999113 1.93154 -0.00076571 -0.0194727 -0.0329663 -0.999266 0.232289 0.00218707 -0.00140808 9.24589e-06 0.00217498 -0.0246568 0.231806 -0.0131189 0.00764412 9.24589e-06 0.00217498 -0.0246568
67.546 1.89245 0.528906 0.0116566 1.94226 -0.00069174 -0.0200109 -0.0276995 -0.999416 0.244167 0.00202727 -0.000757828 0.000473423 0.00210549 -0.020613 0.24374 -0.0114897 0.0090179 0.000473423 0.00210549 -0.020613
68.034 1.93262 0.660459 0.012039 1.94522 -0.000630968 -0.020489 -0.0230588 -0.999524 0.255596 0.00134381 -0.00154026 -0.000382842 0.00197021 -0.0180182 0.254406 -0.0104943 0.00866417 -0.00022091 0.00222486 -0.0182796
69.314 1.94881 1.03096 0.0129829 1.94907 -0.000464485 -0.0216791 -0.0139772 -0.999667 0.28069 0.000998824 -0.000646366 0.000158764 0.00159934 -0.00988022 0.280372 -0.00684079 0.0115237 0.000158764 0.00159934 -0.00988022
70.57 1.95368 1.42274 0.0167004 1.96897 -0.000332428 -0.0224837 -0.00856795 -0.99971 0.303454 5.74419e-05 -0.000859965 -0.000121888 0.000949912 -0.00673468 0.302208 -0.00522405 0.0128321 -0.000162914 0.000879889 -0.00696865
71.196 1.91198 1.60892 0.0189435 1.97671 -0.000369678 -0.022871 -0.00679917 -0.999715 0.311313 0.000485172 0.000159453 9.92744e-05 0.00165834 -0.00467446 0.310958 -0.00374158 0.0143967 9.92744e-05 0.00165834 -0.00467446
71.726 1.8867 1.78493 0.0190747 1.97663 -0.000269462 -0.0231837 -0.00562197 -0.999715 0.317434 -0.000401175 -0.000523302 0.000185836 0.00186879 -0.00436866 0.317092 -0.00396579 0.0141927 0.000185836 0.00186879 -0.00436866
72.256 1.87916 1.93637 0.0216086 1.97802 -0.00031578 -0.0236413 -0.0044733 -0.99971 0.321377 0.000492498 -0.00110218 0.000889644 0.00127066 -0.00403817 0.320383 -0.00249521 0.0140344 0.000937581 0.00134505 -0.00411756
73.606 1.87504 2.38992 0.0295762 1.97524 -0.000396071 -0.0240119 -0.00235066 -0.999709 0.338351 0.000920975 -0.000236484 -7.78056e-05 0.000304114 -0.00264107 0.337649 -0.000681345 0.0159882 -0.000109923 0.000142967 -0.00262096
74.12 1.88602 2.56641 0.0319783 1.98726 -0.000430576 -0.0243098 -0.00174193 -0.999703 0.341788 0.00153293 -0.00129437 0.000422669 0.0010764 -0.00235529 0.341078 0.000278966 0.0152976 0.000435171 0.00119801 -0.00235467
74.67 1.89478 2.74019 0.0327521 1.99446 -0.000456348 -0.024585 -0.00119153 -0.999697 0.344352 0.000852446 -0.000293663 -0.000385621 0.00150295 -0.00225061 0.343951 3.95197e-05 0.016633 -0.000385621 0.00150295 -0.00225061
75.196 1.89843 2.91741 0.0349802 2.00075 -0.000491117 -0.0247958 -0.000559289 -0.999692 0.348155 0.00131806 -0.000172948 0.000210587 0.000627584 -0.00180599 0.347737 0.000937043 0.0170865 0.000210587 0.000627584 -0.00180599
75.822 1.89728 3.13244 0.0388338 1.99588 -0.000596575 -0.025043 -1.38663e-05 -0.999686 0.351906 0.00206412 -0.000643066 0.000322751 0.000718911 -0.0013202 0.351496 0.00206411 0.0169753 0.000322751 0.000718911 -0.0013202
76.4 1.89541 3.34512 0.0394341 1.99387 -0.000585364 -0.0251303 0.000406169 -0.999684 0.357626 0.00158229 -0.000834415 2.41632e-05 -0.000424581 -0.00164093 0.356825 0.00184738 0.0171269 -3.92395e-05 -0.000450176 -0.00164331
77.07 1.89943 3.5801 0.0408521 1.99989 -0.000649624 -0.025283 0.00085419 -0.99968 0.360843 0.00169967 -0.000660966 0.000152242 0.00137264 -0.00156375 0.360412 0.00232695 0.0175777 0.000152242 0.00137264 -0.00156375
77.636 1.90262 3.77304 0.042497 2.00133 -0.000721974 -0.0255374 0.00130984 -0.999673 0.361945 0.0019235 -0.000691511 -5.19742e-05 0.0014449 -0.00139139 0.361502 0.00288375 0.0177861 -5.19742e-05 0.0014449 -0.00139139
78.372 1.90726 4.03714 0.0422501 2.00698 -0.000730401 -0.0257086 0.00183297 -0.999668 0.36634 0.00155463 -0.000705771 -8.66191e-05 0.00083749 -0.000366889 0.365756 0.00291234 0.0182668 -0.000106273 0.000776029 -0.000375448
79.876 1.90653 4.59202 0.0345017 2.00274 -0.000687319 -0.0258976 0.002425 -0.999661 0.374291 0.000166725 -0.000878654 0.000607021 5.28459e-05 -0.00066607 0.373829 0.00199365 0.0185009 0.000607021 5.28459e-05 -0.00066607
80.686 1.89432 4.88215 0.0343416 1.99131 -0.000792698 -0.026098 0.00264046 -0.999656 0.375601 0.000575795 -0.000654884 8.69076e-05 0.000581057 -0.000995291 0.375061 0.0025489 0.0189336 9.28066e-05 0.000445812 -0.00100261
82.124 1.9869 5.41892 0.0299674 1.99022 -0.000803555 -0.0264358 0.00320253 -0.999645 0.379206 -0.000215057 -0.000313849 -0.000748759 0.000461162 0.000211579 0.37861 0.00230304 0.0198074 -0.000775183 0.000473897 9.9296e-05
82.68 2.06371 5.62762 0.0264505 1.99304 -0.000789634 -0.0264759 0.00316439 -0.999644 0.381566 -0.000197955 -0.000548134 0.000348477 -0.000431696 0.000903368 0.380925 0.00221282 0.019802 0.000238471 -0.000384328 0.000928667
83.254 1.80514 5.83436 0.0237774 1.98839 -0.000791707 -0.0265196 0.00305067 -0.999643 0.382467 -0.000420588 0.000790944 -8.11771e-05 0.000873419 7.89684e-05 0.381889 0.00186442 0.0211221 -0.000421347 0.0006725 8.4798e-05
83.882 1.81688 6.06487 0.0235558 1.99802 -0.000871045 -0.0267191 0.00299344 -0.999638 0.383108 0.000363117 0.000738919 0.000200797 -9.29045e-05 6.75986e-05 0.382512 0.0026749 0.0212004 0.000200797 -9.29045e-05 6.75986e-05
84.536 1.8306 6.31401 0.0182829 2.00297 -0.000802463 -0.0267554 0.00303917 -0.999637 0.384626 -0.000985659 -0.000470526 -0.000439406 -5.45074e-05 5.47022e-05 0.384029 0.00143283 0.0200994 -0.000533625 3.60242e-06 9.84786e-07
85.138 1.87613 6.53585 0.0153512 2.00133 -0.000808593 -0.0268537 0.00308469 -0.999634 0.385206 -0.000632971 -0.000447306 0.000184794 0.000660317 0.000616946 0.384544 0.0017077 0.0201298 0.000202573 0.000629447 0.000585378
86.606 2.08003 7.08581 0.0123348 1.98386 -0.000901233 -0.0270438 0.00269997 -0.99963 0.38736 1.69911e-05 -4.9589e-05 0.000459187 -0.000135877 8.48929e-05 0.38679 0.00212674 0.0208922 0.000459187 -0.000135877 8.48929e-05
87.324 2.05993 7.36334 0.00770882 1.98519 -0.000842876 -0.0271385 0.00254154 -0.999628 0.38811 -0.000693368 0.00197551 9.27795e-05 -0.000120843 0.000210214 0.38743 0.00129951 0.0230298 9.27795e-05 -0.000120843 0.000210214
88.846 1.81419 7.94558 0.00471999 1.95812 -0.000918696 -0.027023 0.00225271 -0.999632 0.392416 0.000236989 0.00190875 0.000159559 -4.6329e-05 0.000875882 0.391735 0.00202709 0.0231046 0.000159559 -4.6329e-05 0.000875882
90.402 1.76092 8.53654 -0.00193432 1.95839 -0.000877013 -0.023011 0.00167159 -0.999734 0.367611 -0.000381642 0.00668927 7.58567e-06 -0.00805116 4.97614e-05 0.36818 0.000891025 0.0237139 5.77554e-05 -0.0081603 8.09218e-05
91.93 1.77554 9.03353 -0.0078311 1.9686 -0.000848517 -0.0180561 0.000916062 -0.999836 0.307971 -0.000344695 0.00806545 -2.78919e-06 -0.00571233 0.000870529 0.308856 0.000272562 0.0190954 6.18923e-05 -0.00579882 0.000935971
92.744 1.78264 9.26604 -0.00816497 1.98393 -0.000841491 -0.0155516 0.000525951 -0.999879 0.275042 0.000738052 0.00695689 0.000152344 -0.00580498 0.00251943 0.276084 0.0010614 0.0157324 0.000214081 -0.0058988 0.00238187
93.372 1.79859 9.42029 -0.0108619 1.98352 -0.000799618 -0.013853 -0.000481443 -0.999904 0.251557 0.000218587 0.00531942 -0.000205039 -0.00581309 0.00320246 0.251313 -9.46148e-06 0.0122862 -0.000205039 -0.00581309 0.00320246
94.04 1.79193 9.57503 -0.0144358 1.98375 -0.000763758 -0.0119883 -0.0015937 -0.999927 0.225481 7.64862e-05 0.00480071 -0.000295098 -0.00458279 0.00520333 0.226581 -0.000527185 0.010324 -2.54512e-05 -0.00467514 0.00503938
94.73 1.82272 9.70816 -0.0176649 1.99428 -0.000708109 -0.0103546 -0.00386621 -0.999939 0.200409 1.26103e-05 0.0063501 5.33669e-05 -0.00384394 0.00779656 0.201506 -0.00142032 0.0098319 0.000271177 -0.00415581 0.00781269
95.556 1.86342 9.86794 -0.0180184 2.00033 0.000170636 -0.0137901 -0.00536251 -0.999891 0.240422 0.00635731 0.000660842 0.000112685 -0.0307211 -0.00098169 0.240366 0.00377744 0.00729343 0.000112685 -0.0307211 -0.00098169
96.34 1.90879 10.0243 -0.0141152 1.99741 3.66432e-05 -0.00459001 -0.00466882 -0.999979 0.168082 0.00680962 0.00355084 -0.000301871 -0.0162557 -0.00225855 0.171878 0.00526712 0.00472921 -0.000371797 -0.0166863 -0.00237936
97.194 1.93138 10.1215 -0.0105993 1.97424 8.93992e-05 7.92465e-06 -0.00419909 -0.999991 0.0851016 0.00590764 0.0241978 0.00156645 -0.00919835 -0.0015718 0.0851485 0.00518841 0.0241975 0.00156645 -0.00919835 -0.0015718
97.85 1.86891 10.1626 -0.00442772 1.96749 -0.000324486 0.00229481 -0.00403387 -0.999989 0.0355921 0.00387683 0.0370558 2.39366e-05 -0.00497562 -0.000783754 0.0376722 0.00380377 0.0361394 0.000122758 -0.00510418 -0.000769058
98.638 1.87994 10.1724 -0.00643551 1.98451 7.70217e-05 0.0033211 -0.00358109 -0.999988 -0.00176467 0.000166577 0.0222468 -0.00109204 -0.000811985 0.000230494 -0.000416403 0.000134229 0.0232557 -0.00126943 -0.000838644 0.000130941
99.328 1.90049 10.1613 -0.0052883 1.98738 9.46493e-05 0.00344808 -0.00373164 -0.999987 -0.0178949 0.000600353 0.00675371 0.000206574 0.00129587 0.000471037 -0.0178429 0.000732425 0.00687707 0.000206574 0.00129587 0.000471037
100.152 1.89147 10.1331 -0.00143384 1.99362 -9.95179e-05 0.00273858 -0.00383389 -0.999989 -0.025016 -1.35462e-05 0.00978424 0.000227629 0.00162304 1.43888e-05 -0.0249051 0.000263327 0.0106342 0.00034342 0.00163248 7.37646e-05
100.968 1.90021 10.1048 -0.000885757 1.99517 1.24225e-05 0.00204277 -0.00399329 -0.99999 -0.0250654 -0.00154908 0.00497382 -4.10561e-05 0.00191791 -0.00121484 -0.0250564 -0.00134905 0.00507617 -4.10561e-05 0.00191791 -0.00121484
102.562 1.92184 10.0614 0.0037935 2.01962 -0.000251561 0.000974565 -0.00375802 -0.999992 -0.0176716 -0.00339366 -0.0188221 -0.00023558 0.00194648 -0.000351151 -0.0177333 -0.00327006 -0.0187859 -0.00023558 0.00194648 -0.000351151
