52.562 2.00679 -0.00318946 -0.00048258 2.00708 -0.000154299 -0.000172489 0.118473 -0.992957 0.00120142 -9.96653e-05 -0.00431544 -0.000145178 0.000459681 -0.000202959 0.00125245 0.000206447 -0.00334507 -0.000116859 0.000105992 -0.000378821 0.00318946 0.00048258 0.00048258 0 0 0.000313089
53.198 2.0161 -0.00537438 -0.00103392 2.01624 -0.000128358 -0.000373482 0.118197 -0.99299 0.000994744 -0.000851929 -0.0155566 -0.00151141 0.000590973 -0.000533009 0.0011688 -0.000520835 -0.0150374 -0.00142637 0.000464758 -0.000503117 0.00537438 0.00103392 0.00103392 0 0 2.13276e-05
53.716 2.01271 -0.00618135 -0.00282882 2.01193 0.00011913 -0.000450657 0.118387 -0.992967 0.00169581 -0.000698139 -0.0116827 -9.86986e-05 -4.60943e-05 1.71893e-05 0.00178963 -0.000360352 -0.0121472 -0.000260723 -2.771e-05 -5.43843e-05 0.00618135 0.00282882 0.00282882 0 0 0.000222215
54.224 2.0086 -0.00502069 -0.00240792 2.00427 6.02966e-05 -0.000367581 0.118308 -0.992977 0.00241813 9.28736e-05 -0.0072603 0.000331263 -0.000409222 0.00030826 0.00233382 0.000659926 -0.00725849 0.000331263 -0.000409222 0.00030826 0.00502069 0.00240792 0.00240792 0 0 0.000138996
54.63 1.99944 -0.00434834 -0.00250178 1.99586 7.30544e-05 -0.000363628 0.11822 -0.992988 0.00209818 -0.000195106 0.00186968 -0.000646838 -0.000261859 5.30689e-05 0.00208402 0.000302528 0.00187122 -0.000646838 -0.000261859 5.30689e-05 0.00434834 0.00250178 0.00250178 0 0 4.56921e-05
55.098 1.98842 -0.0023146 -0.000121587 1.98818 -5.11517e-05 -0.00027717 0.118297 -0.992978 0.00209502 0.000702294 0.0130021 0.00142779 -0.000496227 7.7374e-05 0.00186408 0.00117529 0.0130031 0.00142779 -0.000496227 7.7374e-05 0.0023146 0.000121587 0.000121587 0 0 0.000126688
55.486 1.99377 -0.00135573 0.0010815 1.99513 -0.000206855 -0.000238822 0.118361 -0.992971 0.00134741 -4.47617e-05 0.00759584 5.8441e-05 -1.07155e-06 0.000638059 0.00136215 0.000440044 0.00854196 0.000170943 1.40815e-05 0.000618439 0.00135573 -0.0010815 -0.0010815 0 0 0.000194512
55.998 1.99614 8.81864e-05 0.00177445 1.9951 -0.000160559 -0.000180317 0.118078 -0.993004 0.000933404 -0.000995192 0.00514925 0.000373621 -0.000644332 0.000119457 0.00118106 -0.000715077 0.00477973 0.000363022 -0.000665626 0.000177697 -8.81864e-05 -0.00177445 -0.00177445 0 0 -0.000103617
56.538 1.9929 0.000592284 0.00362225 1.99093 -0.00027116 -0.000189037 0.118171 -0.992993 3.37471e-05 -0.00127853 -0.0380107 0.000850641 0.000599242 -3.20671e-05 0.000356915 -0.00123852 0.00434627 0.000468593 0.000228463 -0.000379699 -0.00294522 -0.00411525 -0.00411525 0 0 0.0788445
56.956 1.95866 -0.000220219 0.00534692 1.96 0.000237965 -0.000110675 0.114059 -0.993474 -0.00089708 -0.000175391 0.0169299 -0.00165465 0.00216958 0.0470616 -0.000836794 -0.000382564 0.0169296 -0.00165465 0.00216958 0.0470616 2.2146e-05 -6.48649e-05 -6.48649e-05 0 0 0.0761121
57.424 1.96585 -0.000207007 0.00800763 1.96374 -6.70332e-05 -0.000312238 0.100036 -0.994984 -0.000234055 0.00156452 -0.00285529 0.00143306 -0.000611777 0.0740912 -0.000539002 0.00148641 -0.00285574 0.00143306 -0.000611777 0.0740912 1.81825e-05 -0.000863078 -0.000863078 0 0 0.0665673
57.852 1.96333 0.00103624 0.0103634 1.96344 0.000312178 -0.00424073 0.0838705 -0.996468 -0.000288822 0.00100357 0.00558634 -0.0492351 0.219007 0.0701338 -0.000896982 0.000905066 0.00337317 -0.0246789 0.098729 0.0705061 0.357398 -0.000236379 -0.000236379 0 0 0.0557614
59.066 1.98186 0.137367 0.0104126 1.98325 0.000775701 -0.0191956 0.0525411 -0.998434 0.184115 -0.000149665 -0.00270487 -7.33154e-05 0.00077394 0.0415601 0.183081 0.0191722 0.00436952 -7.33154e-05 0.00077394 0.0415601 0.373467 -0.000383473 -0.000383473 0 0 0.0347305
59.51 1.9898 0.233456 0.0109035 1.98285 0.000595146 -0.0195839 0.0438461 -0.998846 0.202354 0.000423727 -0.00316815 0.00020151 0.00189075 0.0353178 0.200352 0.0182898 0.00459244 0.000212304 0.00144181 0.0360416 0.377919 -0.000411449 -0.000411449 0 0 0.0289018
60.12 1.99601 0.380055 0.0164032 1.98554 0.000312085 -0.0203148 0.0351374 -0.999176 0.220755 0.00244734 -0.00429469 0.000549763 0.00224406 0.0270967 0.22003 0.017948 0.00467353 0.000549763 0.00224406 0.0270967 0.382505 -0.000629719 -0.000629719 0 0 0.0228997
61.438 1.97777 0.736672 0.0248134 1.97689 -0.000109064 -0.0220515 0.0221145 -0.999512 0.249161 0.00361961 -0.00284509 1.37411e-05 0.0022613 0.0158321 0.24864 0.0146342 0.00813553 1.37411e-05 0.0022613 0.0158321 0.38917 -0.000676008 -0.000676008 0 0 0.0141743
61.906 1.97649 0.881637 0.0252348 1.9752 -0.000196699 -0.022527 0.0186112 -0.999573 0.260269 0.00367916 -0.00346104 0.000309685 0.00046099 0.0134632 0.259844 0.0133642 0.0082572 0.000309685 0.00046099 0.0134632 0.39094 -0.000653561 -0.000653561 0 0 0.0118574
62.452 1.9753 1.05722 0.0254406 1.97219 -0.000344637 -0.0228933 0.0154015 -0.999619 0.272891 0.00375306 -0.00241583 0.000353872 0.000637934 0.011493 0.271918 0.0122362 0.00987095 0.000359692 0.000565626 0.0116658 0.392844 -0.00106999 -0.00106999 0 0 0.009363
62.96 1.97661 1.21708 0.0243482 1.9777 -0.000391381 -0.0232213 0.0130665 -0.999645 0.283518 0.00325937 -0.00192123 0.000264901 0.000775457 0.00965192 0.28312 0.0106696 0.0112361 0.000264901 0.000775457 0.00965192 0.394025 -0.00105609 -0.00105609 0 0 0.00781881
63.41 1.98248 1.37775 0.022408 1.98201 -0.000426584 -0.0234792 0.0107984 -0.999666 0.293159 0.00249588 -0.00149418 3.23056e-05 4.67787e-05 0.00636969 0.292784 0.00882984 0.0122631 3.23056e-05 4.67787e-05 0.00636969 0.39519 -0.0010744 -0.0010744 0 0 0.00629212
64.052 1.97892 1.58377 0.0199436 1.97749 -0.000455044 -0.0238716 0.00914039 -0.999673 0.303094 0.00185076 -0.00104387 -0.000336975 0.00081926 0.00437267 0.302714 0.00739552 0.0134183 -0.000336975 0.00081926 0.00437267 0.395997 -0.00101735 -0.00101735 0 0 0.00523528
64.632 1.98072 1.77999 0.0156505 1.97844 -0.000421096 -0.0241416 0.00761855 -0.99968 0.312328 0.00092453 -0.00140214 0.000229503 0.000311623 0.00469762 0.311393 0.00574584 0.0136023 0.000224137 0.000421729 0.00475107 0.396655 -0.00083372 -0.00083372 0 0 0.00437612
65.31 1.97808 2.0057 0.0140496 1.97981 -0.000497173 -0.024396 0.00619656 -0.999683 0.322021 0.00104831 -0.000146963 8.37313e-07 0.000709591 0.00213741 0.321001 0.00504613 0.0155093 1.68786e-05 0.000608977 0.00210335 0.397327 -0.000750575 -0.000750575 0 0 0.00349697
65.942 1.98313 2.21203 0.0133697 1.98319 -0.000562057 -0.0245377 0.00523628 -0.999685 0.330276 0.00153216 -0.000602159 0.000339692 0.00077609 0.00214563 0.329874 0.00499841 0.0155978 0.000339692 0.00077609 0.00214563 0.397839 -0.000786113 -0.000786113 0 0 0.00282617
66.57 1.99462 2.43954 0.0126356 1.98829 -0.000623883 -0.0247919 0.00446453 -0.999683 0.337352 0.00160431 -0.0014432 -0.000187827 0.000347901 0.00188414 0.336059 0.00467617 0.0153561 -0.000127049 0.000452076 0.00183831 0.398174 -0.000693543 -0.000693543 0 0 0.00238818
67.126 1.97709 2.61779 0.0122494 1.97312 -0.000669663 -0.0249024 0.00380464 -0.999682 0.342922 0.00188993 -6.68494e-06 0.000307875 0.000387398 0.00177457 0.342169 0.00454944 0.0169163 0.000327328 0.000649048 0.00184819 0.398501 -0.000682064 -0.000682064 0 0 0.00195714
67.634 1.96573 2.80243 0.0113566 1.96039 -0.000720961 -0.0249754 0.00320156 -0.999683 0.349229 0.00189499 -0.000794571 5.33316e-05 -0.000178614 0.000625071 0.348274 0.00417767 0.0167417 9.90811e-05 2.51482e-05 0.000667077 0.39879 -0.000649618 -0.000649618 0 0 0.00158137
68.164 1.95792 2.98877 0.00521884 1.95931 -0.000587228 -0.0249798 0.0028506 -0.999684 0.354409 0.000186208 0.00163143 -0.000153952 0.000334437 0.000741945 0.353557 0.00226487 0.0193052 -0.000344542 0.000292929 0.000742204 0.398824 -0.00042604 -0.00042604 0 0 0.00153631
68.788 1.96164 3.19891 0.000284948 1.95783 -0.000572049 -0.025055 0.00235917 -0.999683 0.359196 -0.000419832 0.000563957 -0.00022311 0.000240294 0.000109173 0.358715 0.00128532 0.0185564 -0.00022311 0.000240294 0.000109173 0.399029 -0.000359447 -0.000359447 0 0 0.00126443
69.308 1.95607 3.39515 -0.00483258 1.95722 -0.000507852 -0.0251922 0.00201993 -0.999681 0.362561 -0.00117312 0.00209099 -0.000378951 0.000653368 -5.52471e-05 0.361742 0.000310353 0.0205539 -0.000520868 0.000663798 -5.06548e-05 0.399094 -0.000204167 -0.000204167 0 0 0.00117742
70.73 1.96939 3.8802 -0.0132851 1.96671 -0.000432897 -0.0254207 0.00144745 -0.999676 0.36956 -0.00156539 0.00133689 -0.00028634 0.000612439 0.000763468 0.369017 -0.000486699 0.020119 -0.00028634 0.000612439 0.000763468 0.398991 0.00041826 0.00041826 0 0 0.00130799
71.246 1.9746 4.06278 -0.0156349 1.96667 -0.000438192 -0.0255552 0.00113763 -0.999673 0.371368 -0.00150066 0.00209004 -4.33254e-05 0.0010403 0.00122937 0.370778 -0.000645945 0.0210629 -4.33254e-05 0.0010403 0.00122937 0.399169 0.00038666 0.00038666 0 0 0.00107457
71.896 2.00201 4.29693 -0.0185927 1.9621 -0.000382099 -0.0256935 0.000440982 -0.99967 0.373494 -0.00140317 0.00198789 3.55432e-05 0.000917558 -7.95678e-05 0.372842 -0.00106593 0.021109 9.4531e-05 0.00100498 -1.57763e-05 0.398992 0.00121864 0.00121864 0 0 0.00130582
72.53 1.97601 4.5173 -0.019725 1.97026 -0.000377438 -0.0258186 0.000350662 -0.999667 0.37555 -0.00098062 0.00153844 7.00725e-05 0.000430754 0.00075465 0.374929 -0.00070618 0.0209858 5.77707e-05 0.000263109 0.00068491 0.399153 0.00104581 0.00104581 0 0 0.00110086
73.2 1.97762 4.7461 -0.0216713 1.97836 -0.000325497 -0.0260072 1.07474e-05 -0.999662 0.376049 -0.00110945 0.00147979 0.000126672 0.00103075 0.001222 0.375446 -0.00108337 0.021142 9.94386e-05 0.000999869 0.00122031 0.399093 0.00140586 0.00140586 0 0 0.00117572
73.856 2.00311 4.98059 -0.0220836 1.98572 -0.000329443 -0.0261273 -0.000387498 -0.999659 0.378014 -0.000725587 0.00108072 -7.57126e-05 0.000660228 0.00112388 0.377412 -0.00101898 0.0208951 -4.66759e-05 0.000688179 0.00113387 0.399124 0.00168122 0.00168122 0 0 0.00113974
74.588 2.06672 5.24155 -0.0238729 1.99547 -0.00027466 -0.0263149 -0.000947798 -0.999653 0.378504 -0.00124727 0.000325205 -0.000502943 0.0013436 0.000601128 0.377959 -0.00195885 0.0202392 -0.000502943 0.0013436 0.000601128 0.399258 0.00191815 0.00191815 0 0 0.000964067
75.338 2.14275 5.5034 -0.0245344 1.98988 -0.000255334 -0.02665 -0.00116755 -0.999644 0.376971 -0.000704031 0.000360078 5.87402e-05 0.00245914 0.000592197 0.376713 -0.00159834 0.0206315 7.2149e-06 0.00241132 0.000604673 0.399345 0.00195914 0.00195914 0 0 0.000851546
76.788 2.3846 6.02774 -0.0249979 2.00228 -0.000241185 -0.0272872 -0.00182146 -0.999626 0.376804 -0.000128173 0.000411888 6.0285e-05 0.000861078 0.00020831 0.376218 -0.00149513 0.0209678 6.0285e-05 0.000861078 0.00020831 0.399534 0.00218285 0.00218285 0 0 0.000601081
77.466 2.51667 6.28651 -0.0244666 2.01085 -0.00019884 -0.0275517 -0.00205445 -0.999618 0.377082 0.000197532 -0.000704011 0.00053169 0.000672191 -0.000292208 0.376657 -0.00148316 0.0201571 0.000509954 0.000710381 -0.000319846 0.39946 0.00248319 0.00248319 0 0 0.000697242
78.292 2.69485 6.58527 -0.0201309 2.01612 -0.000328132 -0.0276489 -0.00211763 -0.999615 0.379839 0.00176876 -0.00174949 -0.000303498 -0.000373062 0.000919449 0.379359 0.000166192 0.019249 -0.000303498 -0.000373062 0.000919449 0.399375 0.00266484 0.00266484 0 0 0.000804712
78.918 2.83241 6.821 -0.0196515 2.00758 -0.000294749 -0.0277069 -0.00232495 -0.999613 0.381382 0.00170763 -0.00264383 0.000309942 0.000319206 0.00145338 0.380947 -6.07528e-05 0.0184856 0.000309942 0.000319206 0.00145338 0.399695 0.00232909 0.00232909 0 0 0.000385161
79.538 2.99801 7.05858 -0.0174908 2.00231 -0.00037969 -0.0278585 -0.00278608 -0.999608 0.382924 0.00209289 -0.00131165 -0.000691795 0.000427308 -0.00111396 0.382408 -3.31137e-05 0.0200169 -0.000691795 0.000427308 -0.00111396 0.39981 0.00252159 0.00252159 0 0 0.000235683
80.324 3.21975 7.35581 -0.0189169 1.99581 -0.000307519 -0.0278155 -0.00275219 -0.999609 0.386156 0.00137491 -0.000973367 -6.92392e-05 -0.000111546 -0.000585964 0.385614 -0.000743968 0.020502 -6.92392e-05 -0.000111546 -0.000585964 0.399892 0.00236917 0.00236917 0 0 0.000132181
81.008 3.40957 7.62342 -0.0221225 1.98769 -0.000163572 -0.0277716 -0.00275463 -0.99961 0.38895 0.000380352 -9.82905e-05 -3.81709e-05 -0.0010465 5.03359e-06 0.388167 -0.00177469 0.0214195 -7.16866e-05 -0.000929893 -2.42415e-05 0.399606 0.00281097 0.00281097 0 0 0.000503161
81.606 3.60533 7.86349 -0.0212467 1.99246 -0.000167496 -0.027751 -0.00278949 -0.999611 0.389742 0.00136569 0.00154415 1.89258e-05 0.000107258 0.00132464 0.389021 -0.000810979 0.0232176 6.41549e-05 0.000172315 0.00128704 0.399127 0.00356814 0.00356814 0 0 0.00111495
82.238 3.80942 8.09851 -0.0214408 1.99116 -0.000130762 -0.0286181 -0.00335565 -0.999585 0.391092 0.00113662 0.00131318 -0.00045888 2.1028e-05 0.000749802 0.390375 -0.00148352 0.0236866 -0.00045888 2.1028e-05 0.000749802 0.399439 0.00404268 0.00404268 0 0 0.00113116
83.044 4.0625 8.41511 -0.0221123 1.9827 -6.93974e-05 -0.0247331 -0.00373931 -0.999687 0.378864 0.000960047 0.00155481 -8.22515e-05 -0.00738588 0.00121312 0.379647 -0.001856 0.0201677 -8.36718e-05 -0.00749626 0.0012062 0.336263 0.00368023 0.00368023 0 0 0.0011517
83.792 4.29355 8.67096 -0.0207642 1.97676 -7.18077e-05 -0.0223338 -0.00433746 -0.999741 0.34995 0.00143295 0.00270949 1.76814e-05 -0.00571688 0.00187325 0.351017 -0.00154666 0.0186399 7.33715e-05 -0.00591511 0.0019207 0.284918 0.00391793 0.00391793 0 0 0.00168852
84.434 4.46978 8.88425 -0.0207192 1.97263 -1.64083e-05 -0.0204791 -0.00493299 -0.999778 0.322588 0.000919665 0.00464097 -0.000175932 -0.00577312 0.00177512 0.32212 -0.00226101 0.0178469 -0.000175932 -0.00577312 0.00177512 0.24227 0.0038407 0.0038407 0 0 0.0019929
85.198 4.67851 9.10982 -0.019589 1.98235 -2.19737e-05 -0.0182565 -0.0056768 -0.999817 0.292386 0.00130137 0.00606516 -5.02718e-05 -0.0060521 0.00219576 0.291966 -0.00201599 0.0167354 -5.02718e-05 -0.0060521 0.00219576 0.197206 0.00352539 0.00352539 0 0 0.00217153
85.926 4.84938 9.3042 -0.018691 1.96774 3.04853e-05 -0.0162461 -0.00678379 -0.999845 0.263954 0.000824636 0.0056848 -4.19239e-05 -0.00583766 0.00235739 0.264945 -0.00275297 0.0143269 -2.31617e-05 -0.00558146 0.00238533 0.158421 0.00349074 0.00349074 0 0 0.00281966
87.392 100 9.63313 -0.0135157 1.99363 -1.64728e-05 -0.0124827 -0.0089565 -0.999882 0.211259 0.00145136 0.00647682 0.000120046 -0.0050619 0.00297017 0.211023 -0.00233096 0.0117487 0.000120046 -0.0050619 0.00297017 0.0928537 0.00239028 0.00239028 0 0 0.00260632
88.216 100 9.7899 -0.00965016 1.98475 0.000379231 -0.0229501 -0.0105162 -0.999681 0.233558 0.00388902 0.0178597 0.00114931 -0.0529964 0.00215649 0.232523 -0.00103156 0.0285608 0.00114931 -0.0529964 0.00215649 0.210099 0.00965016 0.00965016 0 0 -0.00103993
89.022 100 9.95147 -0.00812307 1.98496 0.000357575 -0.00971515 -0.0103106 -0.9999 0.208163 0.00373707 0.0191031 -0.00087801 -0.0237144 -0.00128987 0.211019 -0.000608734 0.0235796 -0.000829574 -0.024215 -0.00135193 0.0485287 0.00812307 0.00812307 0 0 -0.000822887
89.818 100 10.0805 -0.00847755 2.00522 0.000554619 -0.00236588 -0.0102103 -0.999945 0.132481 0.0029683 -0.00349837 -0.000684745 -0.0153547 -0.0018381 0.135862 0.0002031 -0.00302507 -0.000627554 -0.0153347 -0.00177465 -0.080493 0.00847755 0.00847755 0 0 -0.000718661
91.314 100 10.1624 -0.00207868 2.01261 0.000348507 0.00266043 -0.00965702 -0.99995 0.0261798 0.0017359 -0.00941225 0.000529712 -0.00159797 -0.00060016 0.0261581 0.00123706 -0.00955047 0.000529712 -0.00159797 -0.00060016 -0.162359 0.00207868 0.00207868 0 0 -0.000141622
92.2 100 10.1448 -9.93611e-05 2.00773 0.000321229 0.00269228 -0.00967649 -0.99995 0.00306538 0.000401785 -0.00536087 0.000629096 0.00159306 -0.000919614 0.00395912 0.000253449 -0.0055441 0.000610845 0.00162216 -0.000902065 -0.144751 9.93611e-05 9.93611e-05 0 0 -0.000161951
93.03 2.10914 10.113 3.36118e-05 2.00728 0.000268057 0.00202505 -0.0093394 -0.999954 -0.00197671 -0.00110543 -0.00672637 -0.001051 0.00336962 0.000196851 -0.0020242 -0.00106446 -0.00671885 -0.001051 0.00336962 0.000196851 -0.112959 -3.36118e-05 -3.36118e-05 0 0 0.000191452
93.902 2.1047 10.0762 -0.00151852 2.00414 0.000455847 0.00100977 -0.00955912 -0.999954 -2.98695e-05 -0.000451462 -0.00191724 0.000255502 0.00433415 -0.000340896 -0.000130444 -0.000508029 -0.00160023 0.000219672 0.00438653 -0.000329329 -0.0761566 0.00151852 0.00151852 0 0 -3.85078e-05
94.874 2.10168 10.0361 -0.000479577 1.996 0.000423669 -0.000490969 -0.00963064 -0.999953 0.00670303 0.000167988 0.00364128 0.00130478 0.00371399 -0.000305819 0.00670141 3.58003e-05 0.00364794 0.00130478 0.00371399 -0.000305819 -0.0360727 0.000479577 0.000479577 0 0 -0.000112699
95.678 2.09881 10.0132 0.000355411 1.99451 0.000326208 -0.00139457 -0.00953623 -0.999954 0.0130471 -0.000546481 0.00750578 -0.000225462 0.00199951 -0.000726737 0.0130133 -0.000799919 0.00754168 -0.000225462 0.00199951 -0.000726737 -0.0131922 -0.000355411 -0.000355411 0 0 -1.35968e-05
96.602 2.11007 10.0023 0.00105797 2.00573 0.000286993 -0.00170316 -0.00951297 -0.999953 0.0160671 -0.000587944 -0.00459205 2.26361e-05 0.00136083 -0.000131468 0.0161317 -0.00087571 -0.00386491 7.98274e-05 0.000426167 -0.000109619 -0.00233936 -0.00105797 -0.00105797 0 0 1.0788e-05
97.446 2.09302 9.99422 0.00125809 1.98494 0.000312884 -0.00236683 -0.00933447 -0.999954 0.0133838 -9.12563e-05 0.0151153 0.000930168 0.00173984 0.000345869 0.013308 -0.0003499 0.0151783 0.000930168 0.00173984 0.000345869 0.00577545 -0.00125809 -0.00125809 0 0 0.000197939
98.36 2.10822 9.99736 -0.0010948 2.00005 0.000418706 -0.0024507 -0.00943154 -0.999952 0.011806 -0.00257892 -0.00261501 -0.00236675 -0.00180147 0.000702424 0.011768 -0.00279911 -0.00255949 -0.00236675 -0.00180147 0.000702424 0.00263977 0.0010948 0.0010948 0 0 9.65807e-05
