58.166 0.102261 0.00026075 0.000404396 -0.0143272 0.000165958 0.000138883 0.0183573 -0.999831 -0.000440134 -0.000751702 0.00488936 4.62887e-05 -4.33969e-05 -0.000849062 -0.000410856 -0.00076895 0.00488923 4.62887e-05 -4.33969e-05 -0.000849062
58.438 0.102074 0.00020984 -0.000539058 -0.0150877 0.00015637 0.000137008 0.0184318 -0.99983 -0.000369901 -0.0014116 0.00432364 4.19246e-05 -4.30773e-05 -0.000723825 -0.000316412 -0.00142561 0.00432329 4.19246e-05 -4.30773e-05 -0.000723825
59.098 0.1102 -0.00116008 0.00107503 -0.0048363 0.000272975 0.000188699 0.0186018 -0.999827 -0.00159564 0.00115113 0.00784713 -5.59621e-05 -6.98004e-05 -0.00067009 -0.00163431 0.00108675 0.00784835 -5.59621e-05 -6.98004e-05 -0.00067009
59.294 0.114735 -0.001286 0.00302764 0.00119172 0.000331507 0.000189479 0.0182648 -0.999833 -0.00150404 0.00314586 0.0104823 -7.57052e-05 -3.64797e-05 -0.000451179 -0.00161384 0.00308195 0.010485 -7.57052e-05 -3.64797e-05 -0.000451179
59.482 0.118025 -0.000643516 0.00480469 0.00460639 0.000374004 0.000146266 0.0177281 -0.999843 -0.000696047 0.00471278 0.0113659 -7.41462e-05 -3.64326e-05 -0.000121876 -0.000956011 0.00446168 0.0112925 -7.49219e-05 -3.61545e-05 -0.000164932
59.674 0.11996 -9.71469e-05 0.00595403 0.00649965 0.000379044 0.000115825 0.0170811 -0.999854 -2.81836e-05 0.00542759 0.0107798 -5.829e-05 -3.80343e-05 -0.000180067 -0.000210922 0.00541533 0.010784 -5.829e-05 -3.80343e-05 -0.000180067
59.9 0.121007 0.0026458 0.00714632 0.00960203 0.000377141 3.03662e-05 0.0169563 -0.999856 0.00275668 0.00611837 0.00971634 -4.88177e-06 1.91625e-06 -0.000189844 0.00220146 0.0064167 0.00980339 -5.28541e-05 1.34125e-05 -0.000127835
60.562 0.119869 0.00451452 0.00442729 0.00684627 0.000216971 5.47706e-05 0.0170591 -0.999855 0.00363487 0.00227838 0.00771711 5.44734e-05 -4.21624e-05 7.07932e-05 0.00355593 0.00239772 0.00771773 5.44734e-05 -4.21624e-05 7.07932e-05
60.788 0.119465 0.00264357 0.00133418 0.0056097 0.000123731 0.00012321 0.01679 -0.999859 0.00166493 -0.000691802 0.00711852 6.92895e-05 -6.26703e-05 -0.000190817 0.00168901 -0.000637243 0.00711795 6.92895e-05 -6.26703e-05 -0.000190817
60.988 0.120053 0.000863936 -0.00108657 0.00495152 5.6191e-05 0.000185592 0.016838 -0.999858 3.51662e-05 -0.00270249 0.00611244 4.23413e-05 -6.06882e-05 -6.25788e-05 0.000319644 -0.00246443 0.00631717 3.3651e-05 -6.02968e-05 -8.6925e-05
61.688 0.103305 -0.00317256 -0.00334741 -0.0122106 9.9349e-05 0.000225296 0.0172206 -0.999852 -0.00275681 -0.0034687 0.000354027 4.61053e-05 -6.74061e-05 -0.000108417 -0.00262382 -0.00361642 0.000561154 2.82077e-05 -6.69496e-05 -0.000100867
61.936 0.104016 -0.00290027 -0.00309926 -0.0104406 0.000114482 0.000201008 0.0174213 -0.999848 -0.0022163 -0.00301465 0.00082469 4.20584e-05 -4.86012e-05 -0.000360036 -0.0021096 -0.00309022 0.00082486 4.20584e-05 -4.86012e-05 -0.000360036
62.73 0.107613 -0.00151741 -0.00170717 -0.00876202 0.000148771 0.000178413 0.018166 -0.999835 -0.000932796 -0.00152571 0.0021037 -3.50919e-06 -5.93909e-05 -0.000319838 -0.000817329 -0.00176455 0.00243982 -2.64809e-06 -5.93215e-05 -0.000306609
63.416 0.106048 -0.00180893 0.000583051 -0.00927167 0.00018906 0.000181815 0.0174276 -0.999848 -0.00106048 0.000242448 0.00149087 -5.22173e-06 -5.5506e-05 -0.000258956 -0.00108735 0.000181533 0.00107169 -2.87187e-06 -5.58323e-05 -0.000209123
64.106 0.103244 0.000387943 0.00101205 -0.0147261 0.000156678 0.000138503 0.0176749 -0.999844 0.000659355 -0.000282929 -5.3946e-05 2.37523e-06 -4.69577e-05 -0.00036991 0.000668928 -0.000259431 -5.4215e-05 2.37523e-06 -4.69577e-05 -0.00036991
64.282 0.101221 0.000700816 0.000843006 -0.0157123 0.000154819 0.000138857 0.0181523 -0.999835 0.000844815 -0.000420927 -0.000759864 2.67405e-06 -4.83022e-05 -0.000476749 0.000794345 -0.000342834 -0.000567693 9.61991e-06 -4.77689e-05 -0.000403167
64.588 0.0995837 0.00093457 0.000717697 -0.0180959 0.000155966 0.000144377 0.0187667 -0.999824 0.000926757 -0.000440491 -0.00174431 3.31273e-06 -4.88809e-05 -0.00041427 0.000942121 -0.000404867 -0.00174472 3.31273e-06 -4.88809e-05 -0.00041427
133.216 2.02132 -0.000306462 0.000335341 2.02025 0.000280384 0.00011053 0.700484 -0.713668 0.000103357 -0.000229585 -0.0206826 -8.88224e-05 0.000512934 -0.000323461 0.000220085 0.000104133 -0.0206827 -8.88224e-05 0.000512934 -0.000323461
134.436 2.00865 0.00246937 0.00887201 2.00469 -0.000160108 -0.00018748 0.700417 -0.713734 0.000770447 -0.00179223 -0.00735416 0.0021402 0.000767054 -0.00197477 0.00184266 0.000675071 -0.0080458 0.00209916 0.000789617 -0.00200649
134.934 1.99472 0.00465516 0.0122874 1.9925 -0.000518998 -0.00021312 0.700617 -0.713537 -0.000382308 -0.00322094 0.00717311 0.00017697 0.000566754 -0.000591311 0.00293165 -0.000212181 0.00622732 0.0002143 0.000683087 -0.000752726
136.19 2.00498 0.00562859 0.0142768 2.00446 -0.000752815 -0.000340681 0.700476 -0.713675 -0.00222153 -0.00553258 -0.00399145 -0.000106972 5.20692e-05 -0.000761465 0.00549629 -0.00232679 -0.0039816 -0.000106972 5.20692e-05 -0.000761465
136.628 2.00431 0.00504642 0.0121586 2.00328 -0.000698345 -0.000284453 0.700329 -0.71382 -0.00212997 -0.00606045 -0.00329693 -3.23665e-05 -0.000935993 -0.00128117 0.0060003 -0.00224393 -0.00336973 5.74236e-06 -0.000850142 -0.00114363
137.118 2.00793 0.00262064 0.0081675 2.00566 -0.000427412 -0.000233852 0.700404 -0.713746 -0.00225631 -0.00585398 -0.00681671 -0.00053341 -0.000943845 -0.00171518 0.00581672 -0.00236829 -0.00681062 -0.00053341 -0.000943845 -0.00171518
137.676 1.99688 0.000408176 0.00499206 1.99426 -0.000249727 -0.000237773 0.700601 -0.713553 -0.0013744 -0.00398992 0.00432718 -0.000250471 -0.000448092 -0.000426161 0.00413273 -0.00153288 0.00358584 -0.000286627 -0.000363048 -0.000468059
138.192 1.9921 0.000560712 0.00434057 1.99151 -0.000331552 -0.000276891 0.70048 -0.713672 -5.25466e-06 -0.00227423 0.00894709 0.00070074 -0.000276729 -0.000745578 0.00226604 -4.69177e-05 0.00894904 0.00070074 -0.000276729 -0.000745578
138.696 1.99837 0.000470705 0.00129912 1.99874 -0.000276 -9.09843e-05 0.700551 -0.713603 -0.000215862 -0.00239408 0.00299822 -0.00069246 -0.00132033 -0.000361525 0.00244861 -0.000187431 0.00338492 -0.000608281 -0.0013155 -0.00039247
139.132 2.00323 -0.00120686 -0.000744322 2.00437 -7.04041e-05 -8.94738e-05 0.700466 -0.713686 -0.000391924 -0.00142727 -0.00148469 -0.000528586 -0.00050048 -0.000661437 0.00142003 -0.000418504 -0.00148438 -0.000528586 -0.00050048 -0.000661437
140.334 2.01122 -0.00374202 -0.00495166 2.01125 0.00020014 -4.64e-05 0.700405 -0.713746 0.000727068 0.000785285 -0.0102915 -0.000354598 -6.56796e-05 -0.000921963 -0.000773632 0.000745363 -0.010291 -0.000354598 -6.56796e-05 -0.000921963
140.714 2.01228 -0.00433609 -0.00569327 2.01075 0.000270651 -5.45046e-05 0.700413 -0.713737 0.00101676 0.00127275 -0.0116225 -0.000171243 -0.000277376 -0.00121476 -0.00125687 0.00104594 -0.0116216 -0.000171243 -0.000277376 -0.00121476
141.2 2.01088 -0.0046596 -0.00663221 2.00985 0.000333494 -4.60213e-05 0.700561 -0.713592 0.00132541 0.00144247 -0.00984414 -0.000158754 -0.000306046 -0.000860319 -0.00151231 0.00134955 -0.00989269 -0.000151504 -0.000284034 -0.000909564
141.634 2.00849 -0.00472956 -0.00772714 2.00691 0.000508563 6.60328e-05 0.700553 -0.7136 0.00148788 0.00180335 -0.00795613 2.99083e-05 -0.000197789 3.5485e-05 -0.001652 0.00150114 -0.00830041 -4.72995e-05 -0.000583371 4.89309e-05
142.234 1.99822 -0.00473689 -0.00296587 1.99397 0.000284024 -0.000239964 0.700495 -0.713658 0.00116913 0.00383196 0.00267273 4.5572e-05 0.00144799 -0.000748218 -0.00380939 0.00123827 0.00267386 4.5572e-05 0.00144799 -0.000748218
142.712 1.98457 -0.00180482 0.000448195 1.98402 -2.57999e-05 -0.000308514 0.700424 -0.713727 0.00208533 0.00255102 0.0174481 0.00160497 0.000362593 -0.000720491 -0.00251965 0.00212605 0.0174477 0.00160497 0.000362593 -0.000720491
143.288 1.98868 -0.000257002 0.00130383 1.98609 -6.16983e-05 -0.000179623 0.700506 -0.713646 0.000542282 0.000663511 0.0128536 -0.000196941 0.00019947 -0.000662582 -0.000665824 0.000631734 0.0126322 -0.00016047 7.68011e-05 -0.000693567
143.85 1.9962 0.000232558 0.000180824 1.99841 1.72624e-05 -0.00013743 0.700491 -0.713662 -0.000384983 -0.000391882 0.00442888 -0.000152003 -0.000344353 -0.000745521 0.000386342 -0.000346869 0.00574124 -0.000147437 -0.000368039 -0.000759751
145.012 1.98162 0.00289958 -5.22581e-05 1.97753 0.00116215 -0.00131601 0.694978 -0.719029 0.0020547 -8.82987e-05 0.0037211 -0.0148803 -1.87203e-05 0.156157 0.000119121 0.001226 0.00373527 -0.0179748 0.00015805 0.121676
146.244 1.97882 0.0149426 0.00148366 1.97608 -0.00011015 0.00015676 0.497298 -0.86758 0.00405522 0.00112482 0.000952466 0.00114301 -0.000360303 0.436023 0.00107902 0.00406802 0.000950879 0.00114301 -0.000360303 0.436023
146.794 1.98131 0.0164924 0.003107 1.98318 -0.000196703 0.000101947 0.406764 -0.913533 -0.00173309 0.0012859 0.00133281 0.000727558 0.000504002 0.345062 -0.00197658 -0.000232685 0.00159154 0.000754946 0.000582559 0.351728
147.21 1.99573 0.016841 0.00250998 1.99629 -0.000209923 9.21526e-05 0.34816 -0.937435 -0.00398393 -7.51783e-05 -0.00277353 -0.000526705 -0.000287131 0.286254 -0.0029691 -0.00265875 -0.00277223 -0.000526705 -0.000287131 0.286254
147.648 1.9957 0.017161 0.00130274 1.9937 -0.000145047 0.000103131 0.29359 -0.955931 -0.00514373 -0.000974244 -0.00267589 8.60483e-05 -2.27359e-05 0.235116 -0.00371045 -0.00369439 -0.00267422 8.60483e-05 -2.27359e-05 0.235116
148.042 1.99425 0.0166966 0.00145462 1.9936 -0.00013421 5.59527e-05 0.251447 -0.967871 -0.00592995 -0.000953428 -0.00174119 0.000572139 0.000330162 0.198057 -0.00471611 -0.00371969 -0.00173993 0.000572139 0.000330162 0.198057
148.526 1.90013 0.0171855 0.00223499 2.00036 -0.000232577 6.2133e-05 0.213855 -0.976865 -0.0056396 -0.00118688 -0.00359714 0.000234847 -0.000378126 0.165783 -0.00465441 -0.00341113 -0.00331359 0.000249288 -0.000403929 0.167274
149.798 1.88982 0.0208149 -0.000641745 1.98943 -9.24632e-05 0.000305948 0.130871 -0.991399 -0.00455389 -0.0024394 -0.000144062 6.22694e-05 0.000389592 0.0997538 -0.00376498 -0.00353756 -0.000140937 6.22694e-05 0.000389592 0.0997538
151.132 1.89524 0.0183197 -0.00133094 1.99691 0.000472158 -0.00501316 0.0789163 -0.996869 0.00199259 -0.0027231 0.0030406 -0.00975988 0.0699179 0.0580176 -5.09437e-05 -0.00278585 0.00356261 -0.0136847 0.0819066 0.0589165
151.652 1.87447 0.0312316 -0.00423093 1.97132 0.000380119 -0.0053744 0.0650236 -0.997869 0.042202 -0.00366404 0.0058934 0.000268326 -0.00581641 0.0481442 0.0408492 0.00167936 0.00589854 0.000335955 -0.00781587 0.0488072
152.06 1.87529 0.0484806 -0.00429313 1.97823 0.000331733 -0.00490884 0.0555274 -0.998445 0.0516606 -0.00306407 0.00555235 0.00014061 -0.0011507 0.0430067 0.0506039 0.0026327 0.00637714 0.000158612 -0.00133963 0.0440274
153.312 1.90917 0.111964 -0.00428869 2.00792 0.000349638 -0.00467409 0.033453 -0.999429 0.0587464 -0.00267696 -0.00217872 3.41428e-05 -0.00061283 0.0272823 0.0588117 0.00125929 -0.00162943 3.41428e-05 -0.00061283 0.0272823
153.758 1.90596 0.13982 -0.00287066 2.00274 0.000290141 -0.00452823 0.0273495 -0.999616 0.0595707 -0.00204084 -0.00153991 8.65203e-05 -0.000621627 0.0229972 0.0596047 0.00122054 -0.00100028 8.65203e-05 -0.000621627 0.0229972
154.328 1.89552 0.17409 0.000335249 1.9881 0.000224154 -0.00443737 0.0209013 -0.999772 0.0590725 -0.0015778 0.00136497 0.000390256 -0.000959926 0.0153063 0.0590724 0.000891414 0.00188919 0.000390256 -0.000959926 0.0153063
154.964 1.87151 0.212496 0.00717252 1.96546 4.35591e-05 -0.0110705 0.016682 -0.9998 0.0633092 -0.000353193 0.039982 -0.00152385 0.169481 0.00824753 0.0589948 0.00168284 0.0403382 -0.00110446 0.164466 0.00879411
156.294 1.90827 0.377961 0.0116892 1.98619 -0.000373545 -0.00695331 0.0164269 -0.999841 0.123807 -0.00413354 0.0160014 0.00205836 -0.0146627 -0.00567626 0.123642 -5.54645e-05 0.0177239 0.00205836 -0.0146627 -0.00567626
156.76 1.93081 0.440778 0.0150463 1.99925 -0.000792624 -0.00400407 0.017017 -0.999847 0.096941 -0.00408671 0.00338426 0.00176007 -0.0121427 -0.00472297 0.0989399 -0.000622114 0.0049977 0.00201132 -0.0123827 -0.00481008
158.006 1.96991 0.541927 0.0146554 2.01094 -0.00095816 0.000374998 0.0179881 -0.999838 0.0299156 -0.00591986 -0.0101373 0.000825578 -0.00623899 -0.00118126 0.0301019 -0.00485952 -0.0101494 0.000825578 -0.00623899 -0.00118126
159.332 1.95737 0.570144 0.00690013 1.98639 -0.000688893 0.00192598 0.0178272 -0.999839 -0.0073856 -0.00473914 0.0128354 -0.000251894 -0.000352717 -0.00087096 -0.00668066 -0.0050947 0.0122813 -0.000225672 -0.000406017 -0.000861448
159.924 1.9513 0.567711 0.00204208 1.98579 -0.000512926 0.00199136 0.0177026 -0.999841 -0.0125951 -0.00367576 0.018003 -0.00114914 -0.00104396 -0.000978853 -0.0123126 -0.00406316 0.0187154 -0.00115132 -0.00101596 -0.000940565
161.21 1.96271 0.547857 -0.0122185 1.99992 0.000507387 0.00166864 0.0176494 -0.999843 -0.0136357 0.000829046 0.000733232 -0.000682598 0.000883159 -0.00206297 -0.0138153 0.000146735 0.00117584 -0.000935741 0.00115175 -0.00211366
161.82 1.95368 0.536216 -0.011647 1.99526 0.000478254 0.0013965 0.0179487 -0.999838 -0.0116131 0.00329958 0.00765645 0.000182619 0.00191677 -0.000527007 -0.0117024 0.00287369 0.00769197 0.000182619 0.00191677 -0.000527007
163.102 1.96862 0.509398 -0.00606733 2.01638 0.000268464 0.000308083 0.0175869 -0.999845 -0.00333516 0.00273136 -0.0146806 0.000347142 0.00179991 -0.00102632 -0.00343833 0.0026201 -0.0146771 0.000347142 0.00179991 -0.00102632
163.578 1.96524 0.504136 -0.00757352 2.01246 0.00048455 0.000173257 0.0174826 -0.999847 0.00053723 0.000803988 -0.0125185 -0.00143321 0.00012606 -0.00149131 0.000313599 0.000837743 -0.0127546 -0.00178997 -0.000277903 -0.00144036
164.252 1.94691 0.500255 -0.00727707 1.99279 0.000599141 0.000143601 0.0174998 -0.999847 0.00369792 0.00113427 0.00634134 0.000188034 4.53067e-05 -0.00151295 0.00365792 0.00125542 0.00634171 0.000188034 4.53067e-05 -0.00151295
164.868 1.93128 0.495544 -0.0052724 1.9823 0.00055369 -0.000117155 0.0175876 -0.999845 0.00468535 0.000630776 0.0210911 2.64327e-05 0.000535933 -0.00145612 0.00465574 0.000771728 0.021093 2.64327e-05 0.000535933 -0.00145612
165.472 1.93731 0.491801 -0.00196669 1.98555 0.000458945 -0.000299827 0.0176545 -0.999844 0.00569968 0.000359271 0.013687 0.00134067 0.00085144 -0.00107674 0.00561675 0.000574085 0.0130825 0.00125612 0.000628276 -0.00109207
165.974 1.94172 0.489099 0.00218109 1.99228 0.000249175 -0.000585189 0.017708 -0.999843 0.0067554 -0.000580857 0.00804821 0.00110923 -0.000159565 -0.000528197 0.00655751 -0.000314532 0.00796372 0.00110614 0.000268161 -0.000535052
167.258 1.95985 0.493459 0.010137 2.01219 -0.000203531 -0.000269136 0.017485 -0.999847 0.00729918 -0.00491763 -0.0100602 0.000507794 -0.000384704 -0.000834985 0.0074842 -0.00455508 -0.00970334 0.000433893 -0.000349173 -0.000750433
167.864 1.95046 0.498258 0.0120679 1.99209 -0.000377625 9.89617e-05 0.0174936 -0.999847 0.00732331 -0.00608761 0.0016417 -7.92498e-05 -0.00158495 -0.00143133 0.00753209 -0.00582645 0.00164473 -7.92498e-05 -0.00158495 -0.00143133
169.076 1.96467 0.49451 0.0107568 2.01348 -0.000263017 -0.000321384 0.0175908 -0.999845 0.00360786 -0.00663119 -0.0145269 0.000568962 0.00019059 -0.000561337 0.00377596 -0.00656031 -0.0149966 0.000423651 0.00019854 -0.000544627
169.544 1.96254 0.493818 0.0117014 2.01154 -0.000403793 -0.000342545 0.0177407 -0.999842 0.00420426 -0.00622172 -0.0135088 0.000636405 0.000268501 -0.000187323 0.00441072 -0.00608452 -0.0134009 0.00062187 0.000169891 -0.000257675
170.894 1.95153 0.495666 0.0104189 2.00161 -0.000507246 -0.00031992 0.0175754 -0.999845 0.00476912 -0.00735515 -0.000603718 -0.00114902 -0.0008944 -0.000507231 0.00502507 -0.0071836 -0.000593208 -0.00114902 -0.0008944 -0.000507231
171.406 1.95742 0.49838 0.00508793 2.00632 -0.000140711 -0.000110299 0.0175281 -0.999846 0.00427206 -0.00713539 -0.00644635 -0.00118358 -0.000895501 -0.000372935 0.00452099 -0.00698305 -0.00644339 -0.00118358 -0.000895501 -0.000372935
172.712 1.94627 0.498166 0.00108465 1.9949 1.3087e-06 -0.000239839 0.0175134 -0.999847 0.00147382 -0.0025196 0.00569577 0.000579642 0.000365504 3.55259e-06 0.00155842 -0.00246651 0.00569649 0.000579642 0.000365504 3.55259e-06
173.962 1.95064 0.50128 9.25146e-05 1.99863 1.91286e-05 2.77932e-05 0.0175356 -0.999846 0.00203892 -0.00190078 0.00157761 -4.61456e-05 -0.000597169 -0.00053713 0.00210441 -0.00182817 0.00157742 -4.61456e-05 -0.000597169 -0.00053713
174.644 1.9545 0.504632 0.00154476 2.00298 -0.000121417 0.000277375 0.0176361 -0.999844 0.00152264 -0.0010538 -0.00113352 0.00062799 -0.000890609 -0.000360852 0.00155824 -0.000999729 -0.00113412 0.00062799 -0.000890609 -0.000360852
175.396 1.95122 0.504259 -8.5602e-05 1.9969 2.72778e-05 0.000283673 0.0175802 -0.999845 -0.000489374 -0.00177236 0.00176111 -0.000213007 0.000725734 -0.000577327 -0.000425764 -0.00178855 0.00176128 -0.000213007 0.000725734 -0.000577327
175.936 1.95014 0.503584 -0.0020336 1.99917 0.000166013 0.000266707 0.0176366 -0.999844 -0.000449324 -0.00178548 0.00213454 -0.000651242 0.000379447 -0.000113926 -0.000384924 -0.0018009 0.00213417 -0.000651242 0.000379447 -0.000113926
177.262 1.95555 0.501765 -0.00309707 2.00108 0.000307568 0.000233503 0.01758 -0.999845 0.00046611 -0.000630899 -0.00293008 -1.44426e-05 9.27972e-06 0.000508032 0.000439319 -0.000613211 -0.00347577 -3.62019e-05 8.32904e-05 0.000571806
177.774 1.94919 0.50091 -0.000228694 1.99781 0.000204083 0.000225003 0.0177062 -0.999843 0.000891796 4.15973e-06 0.00278083 0.00102594 5.63877e-06 0.000473155 0.000867976 -2.83407e-05 0.00268285 0.000720294 -3.2924e-06 0.000387248
178.248 1.95367 0.498711 0.00525435 2.00315 -0.000191859 0.000142855 0.0175461 -0.999846 0.0007095 0.000459135 -0.00273816 0.00250158 0.00123236 0.000374892 0.000699618 0.00054919 -0.00243986 0.00247356 0.00104152 0.000431335
178.672 1.95831 0.497365 0.00902225 2.00679 -0.000475803 -1.85922e-05 0.0175927 -0.999845 0.00171295 -0.000667286 -0.00739166 0.00161679 -0.000243155 0.00027463 0.00162937 -0.000535312 -0.00707573 0.00153538 -6.00285e-05 0.00025736
179.158 1.94982 0.496554 0.0102136 1.99756 -0.000605202 1.24918e-05 0.0176953 -0.999843 0.00242866 -0.00298964 0.00145853 -0.000289431 0.00017884 0.000572739 0.00250086 -0.00275807 0.00118343 -0.000249852 0.000130891 0.000528547
179.796 1.95485 0.495376 0.00934313 2.00366 -0.000541614 -7.35689e-05 0.017603 -0.999845 0.00281758 -0.0039456 -0.00364553 1.12687e-05 0.000236304 0.000821442 0.00293158 -0.00385037 -0.0038096 6.49587e-06 0.000234112 0.000847829
180.45 1.95805 0.493431 0.00781918 2.00845 -0.000502322 -0.000224142 0.0173621 -0.999849 0.00297445 -0.00381892 -0.00770209 -8.13292e-05 0.000519053 -0.000338239 0.00310883 -0.00372102 -0.00769694 -8.13292e-05 0.000519053 -0.000338239
180.894 1.95968 0.493189 0.00552115 2.00901 -0.000436563 -0.000247634 0.0174434 -0.999848 0.00353787 -0.00368259 -0.00978881 -0.00103399 -3.59639e-05 -0.000603593 0.00366917 -0.0035654 -0.00978386 -0.00103399 -3.59639e-05 -0.000603593
182.16 1.96214 0.493392 0.00058799 2.01161 -0.000239374 -0.000274476 0.0176919 -0.999843 0.00301829 -0.000764022 -0.0121046 0.000167075 0.000315174 0.000535246 0.00305018 -0.000662438 -0.0121026 0.000167075 0.000315174 0.000535246
182.718 1.96613 0.492783 -0.00350677 2.01656 2.3172e-05 -0.000426091 0.0176855 -0.999844 0.0033832 -0.00066348 -0.0169362 -0.00120048 -0.000699651 0.00122412 0.00341896 -0.000542377 -0.0169333 -0.00120048 -0.000699651 0.00122412
183.188 1.9599 0.493079 -0.00636422 2.00503 0.000221527 -0.000366449 0.0174936 -0.999847 0.00331213 0.000246249 -0.00994068 -0.000963207 4.10019e-05 0.000424947 0.00330869 0.000366493 -0.00993812 -0.000963207 4.10019e-05 0.000424947
183.782 1.95169 0.494148 -0.00643069 2.00405 0.000202126 -0.000388887 0.0173984 -0.999849 0.00308051 0.00224262 -0.00168161 4.72018e-05 -0.000194866 -0.000243411 0.00300192 0.00234914 -0.00167831 4.72018e-05 -0.000194866 -0.000243411
184.192 1.96103 0.496019 -0.00667592 2.01139 0.000225604 -0.00029346 0.0174033 -0.999848 0.00310337 0.00231351 -0.0109322 -0.000303019 -0.000818675 -0.000585501 0.0030273 0.00242516 -0.0109293 -0.000303019 -0.000818675 -0.000585501
184.672 1.91036 0.498052 -0.00688486 2.00941 0.00028054 -0.000164221 0.0176262 -0.999845 0.00245806 0.00231932 -0.00943229 -0.000401433 -0.000484496 -0.000298768 0.00237779 0.00240986 -0.00943017 -0.000401433 -0.000484496 -0.000298768
185.952 1.90392 0.503209 -0.0061064 2.00328 0.000357551 0.000122093 0.0175897 -0.999845 0.00013044 0.00291049 -0.00255027 0.000754574 0.000126063 -0.000130603 2.73309e-05 0.00291509 -0.00254821 0.000754574 0.000126063 -0.000130603
187.262 1.90286 0.59173 -0.00190528 2.00009 0.000388508 -0.0199636 0.0129942 -0.999716 0.182511 0.00010744 -0.00392338 3.71129e-05 -0.00398692 0.0121661 0.182457 0.00485146 0.0033667 3.71129e-05 -0.00398692 0.0121661
188.618 1.92911 0.895796 0.00276896 1.98159 0.000232845 -0.0206069 0.00737899 -0.99976 0.231987 0.00044462 -0.00355714 0.00011746 0.00227753 0.00731093 0.230878 0.00382787 0.00604017 5.79377e-05 0.00228398 0.00748095
189.944 1.94905 1.26215 0.00969243 1.94398 7.14139e-05 -0.022182 0.00430918 -0.999745 0.258836 0.00102343 -0.00120287 8.78477e-05 0.00161227 0.00374088 0.258616 0.00325314 0.0102785 8.78477e-05 0.00161227 0.00374088
190.588 1.94501 1.46244 0.0118671 1.9479 6.41225e-05 -0.0228239 0.00329664 -0.999734 0.272342 0.000726575 0.00162817 0.000316539 0.000509858 0.00135492 0.270488 0.00246683 0.0118936 -1.26664e-05 0.000804024 0.00146905
191.152 1.96316 1.63661 0.0160183 1.9606 -6.38169e-05 -0.0232723 0.00304903 -0.999725 0.282002 0.00109834 0.000700466 4.56836e-05 0.00101204 0.00099226 0.280779 0.00287995 0.0138758 9.80421e-05 0.00109968 0.000973012
191.722 1.96259 1.81914 0.0188739 1.95766 -9.57985e-05 -0.023643 0.00297152 -0.999716 0.292301 0.00108403 0.00367954 0.000215462 0.000542775 0.00149215 0.291789 0.00282219 0.0174927 0.000215462 0.000542775 0.00149215
192.502 1.94167 2.09262 0.021573 1.93934 -0.000189554 -0.0239288 0.00255979 -0.99971 0.307672 0.000562251 0.00378371 5.0313e-05 -0.000457849 -0.00018047 0.307132 0.0021407 0.018499 5.0313e-05 -0.000457849 -0.00018047
193.278 1.94701 2.3525 0.0216861 1.94732 -0.000180499 -0.0242727 0.00280458 -0.999701 0.317985 -0.000137004 0.00630154 0.000580956 -0.000293846 -0.000352526 0.3173 0.0016503 0.021726 0.000580956 -0.000293846 -0.000352526
194.794 1.94535 2.88459 0.0200557 1.94 -0.000192232 -0.0246187 0.00328813 -0.999692 0.338614 -0.00132059 0.00624113 0.0003637 -0.000183867 -0.000421635 0.337897 0.000910152 0.0229012 0.0003637 -0.000183867 -0.000421635
195.436 1.93898 3.1048 0.0205049 1.93851 -0.000220846 -0.0255716 0.0035011 -0.999667 0.347051 -0.00164722 0.00784923 -0.000284436 -0.00115702 -0.000696325 0.346198 0.000788109 0.0255828 -0.000284436 -0.00115702 -0.000696325
195.996 1.94962 3.30589 0.0198655 1.9516 -0.000202882 -0.0227707 0.00370677 -0.999734 0.348676 -0.0021642 0.00855298 -0.000472985 -0.00884125 -0.000465862 0.348353 0.000443529 0.0246556 -0.000345721 -0.00919994 -0.000434345
197.51 1.74596 3.80114 0.0206151 1.96433 -0.000241612 -0.0179179 0.00461942 -0.999829 0.306727 -0.00197643 0.00778171 1.81632e-05 -0.0053463 -0.000343476 0.307284 0.000865585 0.0190027 -4.00775e-05 -0.00538329 -0.000350922
198.094 1.60093 3.95842 0.0216304 1.96602 -0.00030546 -0.0163926 0.00473613 -0.999854 0.289603 -0.00159642 0.00753496 0.000890171 -0.00621127 -0.00123862 0.289202 0.00115278 0.0170246 0.000890171 -0.00621127 -0.00123862
198.858 1.3995 4.15277 0.019227 1.99216 -0.000256975 -0.0142971 0.00574432 -0.999881 0.265623 -0.00303717 0.00742267 -0.000121373 -0.00463883 -0.00238257 0.26532 1.88646e-05 0.0150153 -0.000121373 -0.00463883 -0.00238257
199.562 1.23677 4.30922 0.0148155 2.00921 -0.000166161 -0.0126904 0.00688237 -0.999896 0.24113 -0.00410313 0.00343359 -0.000399803 -0.00378829 -0.0029145 0.242204 -0.000809798 0.00984311 -0.000482807 -0.00419232 -0.00296726
200.312 1.09752 4.44883 0.0118644 2.00408 -0.00014433 -0.01121 0.00807314 -0.999905 0.219479 -0.00374705 0.00101146 -4.68037e-07 -0.00437804 -0.00110083 0.219433 -0.000202313 0.00593272 -4.68037e-07 -0.00437804 -0.00110083
201.6 0.891511 4.64719 0.00846547 2.03044 -4.41972e-05 -0.00695679 0.00911438 -0.999934 0.160616 -0.00292971 0.00146448 9.61613e-05 -0.00141123 -0.00103859 0.160606 -1.55108e-06 0.00369943 9.61613e-05 -0.00141123 -0.00103859
202.986 0.726398 4.82312 0.00558956 2.01865 -0.000114873 -0.0130987 0.00981604 -0.999866 0.219298 -0.00495866 -0.0192752 0.000489911 -0.0220353 0.00149621 0.220427 -0.000663356 -0.0138156 0.000528792 -0.0241182 0.00138766
203.756 0.61199 4.94081 0.00569584 2.01231 -0.000192877 -0.00625633 0.00948173 -0.999935 0.178405 -0.00477768 -0.0144656 0.000752216 -0.0144279 0.00112686 0.17863 -0.00139731 -0.0122305 0.000752216 -0.0144279 0.00112686
204.328 0.546419 5.0129 0.00428229 1.99863 -0.000167926 -0.00248357 0.00923286 -0.999954 0.133926 -0.00517467 -5.67159e-05 -0.00020507 -0.01118 0.000394088 0.137053 -0.0027139 0.000239307 -0.000271717 -0.0111416 0.000485983
205.126 0.486194 5.06918 0.00460517 1.99008 -0.000279083 0.000332533 0.00927197 -0.999957 0.0789425 -0.00438912 0.0143252 5.10919e-05 -0.00344896 -0.000280052 0.081173 -0.00284186 0.0146932 9.60175e-05 -0.00341247 -0.000323433
205.84 0.464307 5.08732 0.00381952 1.99437 -0.000252871 0.0012021 0.00949746 -0.999954 0.046287 -0.0039827 0.00676554 0.000152588 -0.0023433 0.001041 0.0483724 -0.00309221 0.00622059 0.00025558 -0.00198976 0.000941272
206.412 0.461611 5.08702 0.00281691 1.98695 -0.000255704 0.00164346 0.00933262 -0.999955 0.0292432 -0.00379394 0.014153 -0.000530576 0.00129041 0.00100819 0.0293552 -0.00323983 0.0140585 -0.000530576 0.00129041 0.00100819
207.138 0.466381 5.07867 5.52128e-05 1.99289 -1.67444e-05 0.00155625 0.00935483 -0.999955 0.0174499 -0.00282608 0.00847196 0.000212473 0.00255545 0.000650514 0.017526 -0.00249859 0.00841761 0.000212473 0.00255545 0.000650514
207.752 0.475083 5.06435 0.000815396 2.00474 -0.000131411 0.00119539 0.00943799 -0.999955 0.0119936 -0.00137681 -0.00150612 0.000349772 0.00351009 0.00108345 0.0120138 -0.00115062 -0.00153449 0.000349772 0.00351009 0.00108345
208.358 0.489929 5.04812 0.000584548 2.00536 -0.000130735 0.000461832 0.00927867 -0.999957 0.0107631 -0.00140811 -0.00540629 -0.000135211 0.00177959 0.00119886 0.0106756 -0.00121503 -0.0053837 -0.000141912 0.00225369 0.00126417
209.776 0.51058 5.02576 -0.000205132 2.01359 -7.81889e-05 2.82717e-05 0.00928837 -0.999957 0.0117041 -0.000288835 -0.0120669 0.000367749 0.000293192 0.000608893 0.0117068 -7.3265e-05 -0.0120675 0.000367749 0.000293192 0.000608893
210.372 0.518963 5.01714 -0.000808684 2.00864 -1.18653e-05 -0.000360752 0.00936402 -0.999956 0.0100747 -0.000444963 -0.00783831 -0.00032861 0.000784277 0.000626704 0.0100869 -0.000256347 -0.00783103 -0.00032861 0.000784277 0.000626704
210.97 0.527272 5.01041 -0.00117466 2.00176 -2.15357e-05 -0.000689187 0.00934691 -0.999956 0.00943515 -0.000288082 -0.000828227 -0.00014109 0.000938853 0.00134559 0.00944002 -0.000111685 -0.000815209 -0.00014109 0.000938853 0.00134559
211.696 0.531265 5.00606 -0.00367263 2.00456 0.000193915 -0.000885977 0.00914557 -0.999958 0.00825252 -0.000161365 -0.00291651 -0.000581414 0.00109556 0.000289124 0.00832317 -9.85018e-05 -0.00263595 -0.000876298 0.00105162 0.000338355
212.548 0.531507 5.00498 -0.0029679 2.00768 0.00017483 -0.000989878 0.00929616 -0.999956 0.00577892 0.001226 -0.00705444 0.000741817 0.00100823 0.00042468 0.00587961 0.0012763 -0.00716445 0.000411223 0.000916808 0.000366889
213.134 0.530738 5.00742 -0.000836209 2.01063 2.05288e-05 -0.000936501 0.0093998 -0.999955 0.00460426 0.00136322 -0.0104055 0.000719355 -0.00128024 0.00117646 0.00470637 0.00144462 -0.0101448 0.000535781 -0.00132813 0.00115205
213.71 0.528058 5.01175 0.000155113 2.00787 -6.79557e-05 -0.000747227 0.00940406 -0.999956 0.00209802 0.000486052 -0.00728178 -0.000113811 -0.00167994 0.00128203 0.00222991 0.000573394 -0.00767925 -9.85887e-05 -0.00151512 0.00127616
215.136 0.519997 5.02529 0.000103712 1.98265 -4.08723e-05 0.000128806 0.00924854 -0.999957 -0.00651393 0.00101129 0.0155791 0.000984131 -0.00115317 0.000386934 -0.00620836 0.000888904 0.0142264 0.00104868 -0.00133696 0.000366554
216.594 1.99827 5.0278 -0.00163191 2.00223 0.000141308 0.000240716 0.00936642 -0.999956 -0.0128647 0.00100842 0.00159198 0.000759631 -0.000567086 0.000380941 -0.0128805 0.000766822 0.00159842 0.000759631 -0.000567086 0.000380941
217.164 2.00706 5.02836 0.00151803 2.00635 -0.000151984 0.000333963 0.00928449 -0.999957 -0.0140667 0.00148509 -0.00618991 0.00114644 -0.00069516 0.000680293 -0.014096 0.00122172 -0.00618092 0.00114644 -0.00069516 0.000680293
218.66 1.9949 5.03101 -0.000313942 1.99277 -3.17647e-05 0.00076207 0.00930434 -0.999956 -0.01557 -0.000317645 0.00509791 -0.000576948 -0.00137849 0.000476975 -0.0155536 -0.000606918 0.00512166 -0.000576948 -0.00137849 0.000476975
220.012 1.97331 5.02645 -0.00344135 1.96718 0.000166743 0.000793771 0.00933633 -0.999956 -0.016043 0.000400204 0.0319141 -0.000541344 -0.000469925 0.000722788 -0.0159969 9.04075e-05 0.0319396 -0.000541344 -0.000469925 0.000722788
220.68 1.98328 5.0231 -0.00612364 1.98775 0.000346498 0.00079805 0.00918574 -0.999957 -0.0151332 0.00115216 0.0149318 -0.000748613 0.000380075 0.000362394 -0.0151279 0.000863825 0.0149567 -0.000748613 0.000380075 0.000362394
221.252 2.00064 5.01952 -0.00527618 2.00171 0.000288761 0.000644459 0.00920475 -0.999957 -0.0140431 0.00242263 -0.000290141 0.000202882 0.000102822 -0.000490113 -0.0140857 0.00216387 -0.000270688 0.000202882 0.000102822 -0.000490113
221.89 1.99094 5.01715 -0.00448375 1.98761 0.000292995 0.000671245 0.00945851 -0.999955 -0.0120802 0.00238045 0.0139855 0.000268172 -0.000160253 0.000803975 -0.0121042 0.00214349 0.014003 0.000268172 -0.000160253 0.000803975
222.5 2.00006 5.01454 -0.00159448 2.00005 0.000135025 0.000627415 0.00934054 -0.999956 -0.0108566 0.00234401 8.92356e-05 0.000524253 0.000331061 0.000829008 -0.0108984 0.00214077 0.000103491 0.000524253 0.000331061 0.000829008
