67.572 1.90048 -0.000698661 0.00998177 1.99992 -0.000144583 -0.000232478 0.635897 -0.771774 2.11825e-05 -0.00264937 0.000686731 0.00011021 0.0010971 -0.00137467 0.00251441 -0.000463772 0.000973116 0.00016396 0.00124144 -0.00134569 0.000698661 -0.00998177 -0.00998177 0 0 -1.74247e-05
68.154 1.90543 0.000389759 0.00923883 2.00746 -0.000135048 -0.000148496 0.636017 -0.771675 -0.000166714 -0.0051461 -0.00443916 -7.48991e-05 -0.000997746 -0.000687513 0.00502134 -0.00114646 -0.00443712 -7.48991e-05 -0.000997746 -0.000687513 -0.000389759 -0.00923883 -0.00923883 0 0 0.000145254
69.482 1.91407 -0.000110158 0.00770875 2.01147 -5.74852e-05 -0.000178709 0.635975 -0.77171 -0.000656937 -0.00448315 -0.0124655 8.5162e-05 0.000291743 -0.00059961 0.00427938 -0.00149971 -0.0124643 8.5162e-05 0.000291743 -0.00059961 0.000110158 -0.00770875 -0.00770875 0 0 8.82866e-05
70.052 1.9099 0.00112722 0.00836644 2.00646 -0.000224516 -0.000208284 0.635896 -0.771775 -0.000173139 -0.00397003 -0.00793165 0.000351838 0.000246485 -0.000862291 0.00386843 -0.000929951 -0.00792923 0.000351838 0.000246485 -0.000862291 -0.00112722 -0.00836644 -0.00836644 0 0 -1.89899e-05
70.746 1.89929 0.00272401 0.00631529 1.99518 -0.000222337 7.90087e-06 0.635962 -0.77172 -0.000570643 -0.00397367 0.00231886 -1.83914e-05 0.000282043 8.71295e-05 0.00379075 -0.00131869 0.00232036 -1.83914e-05 0.000282043 8.71295e-05 -0.00272401 -0.00631529 -0.00631529 0 0 7.07786e-05
72.086 1.87746 0.000519039 0.00688623 1.97884 -0.000304669 -0.000268238 0.635911 -0.771762 -0.00130798 -0.00280332 0.0242319 -0.000523341 0.000307312 -0.000738602 0.00248203 -0.0018168 0.0242341 -0.000523341 0.000307312 -0.000738602 -0.000519039 -0.00688623 -0.00688623 0 0 1.74274e-06
72.738 1.90268 -0.000196787 0.00523694 2.00474 -0.000257884 -0.00028551 0.635802 -0.771852 -0.000438537 -0.0028663 -0.00272961 0.000123618 -0.000464192 -0.00112784 0.00273136 -0.000979445 -0.00272747 0.000123618 -0.000464192 -0.00112784 0.000196787 -0.00523694 -0.00523694 0 0 -0.000146023
74.182 1.90985 4.61728e-05 -0.00165501 2.00945 4.19782e-05 2.5408e-05 0.635987 -0.7717 -0.000565149 -0.0004943 -0.00903487 -0.00047729 0.000391748 -0.000605051 0.000507887 -0.000657445 -0.00883317 -0.000597875 0.000265693 -0.000640847 -4.61728e-05 0.00165501 0.00165501 0 0 0.000104641
74.856 1.91717 -0.00136628 -0.00465761 2.01734 0.000248059 1.75884e-06 0.635935 -0.771743 -0.000202946 0.000148691 -0.0166922 -6.15408e-05 -0.000799494 -0.00128887 -0.000144694 -0.000302877 -0.0163146 -0.000141056 -0.000934273 -0.00134816 0.00136628 0.00465761 0.00465761 0 0 3.37538e-05
75.392 1.92053 -9.57337e-05 -0.00596295 2.01976 0.000222801 0.000153209 0.636052 -0.771646 0.000376407 0.00146821 -0.0198791 0.000239685 -0.000225431 -0.000385156 -0.00129122 0.00065722 -0.019675 0.000239188 -0.000187837 -0.000412489 9.57337e-05 0.00596295 0.00596295 0 0 0.000192724
75.966 1.915 0.0011441 -0.00572054 2.01344 0.000140154 0.000220771 0.635901 -0.771771 0.000118879 0.00250187 -0.0141836 0.000141235 0.000457838 -0.000450516 -0.00241011 0.000644231 -0.0141635 0.000190874 0.000557711 -0.000402833 -0.0011441 0.00572054 0.00572054 0 0 -1.18315e-05
76.516 1.90929 0.00256768 -0.00609107 2.00945 0.000111128 0.000304054 0.635709 -0.771929 0.000240242 0.00228661 -0.00835028 0.00100832 -0.000597317 -0.00194963 -0.00220321 0.000672439 -0.00834908 0.00100832 -0.000597317 -0.00194963 -0.00256768 0.00609107 0.00609107 0 0 -0.000271919
77.162 1.91624 0.00244336 -0.00690436 2.01679 0.000182203 0.000377146 0.63591 -0.771763 -0.000704159 0.00203717 -0.0155628 -0.000399052 -0.000564146 -0.00203752 -0.0021469 -0.000304669 -0.015561 -0.000399052 -0.000564146 -0.00203752 -0.00244336 0.00690436 0.00690436 0 0 3.80845e-07
78.532 1.91862 0.000606037 -0.000229432 2.01272 -2.67394e-05 0.000110197 0.63612 -0.771591 -0.0003216 0.00111675 -0.0174437 -0.000355651 -0.000305206 3.08014e-05 -0.00115996 -0.000105895 -0.0174435 -0.000355651 -0.000305206 3.08014e-05 -0.000606037 0.000229432 0.000229432 0 0 0.000284762
79.186 1.90586 -0.00203835 0.00285244 2.00554 -8.6685e-05 -0.000166074 0.635836 -0.771824 -0.000592349 0.00139569 -0.00468428 -0.000764342 0.0018418 -0.000456393 -0.00153282 -0.000316918 -0.00442931 -0.000839529 0.00207376 -0.000319122 0.00203835 -0.00285244 -0.00285244 0 0 -9.95443e-05
80.556 1.87571 -0.0041236 3.72462e-05 1.97861 0.000161801 -0.000222625 0.635902 -0.77177 0.00223873 -0.000664696 0.0249721 0.000930391 -0.000565744 -0.00103758 0.000900668 0.00198232 0.0259281 0.000888326 -0.000143754 -0.00104676 0.0041236 -3.72462e-05 -3.72462e-05 0 0 -1.0231e-05
81.214 1.8838 -0.00215629 -0.00136088 1.98544 0.000218774 6.84173e-05 0.635972 -0.771712 0.00193923 0.000284483 0.0175981 0.000329124 0.000696863 -0.000876501 0.000278304 0.00198834 0.0177987 0.000362268 0.00053092 -0.000918 0.00215629 0.00136088 0.00136088 0 0 8.50205e-05
81.916 1.89284 -0.00155511 -1.23925e-05 1.99281 8.67315e-05 -7.93504e-05 0.635882 -0.771787 0.000967599 0.000555273 0.0081691 5.13822e-05 9.6871e-06 -0.000737943 -0.000360006 0.00105404 0.00816934 5.13822e-05 9.6871e-06 -0.000737943 0.00155511 1.23925e-05 1.23925e-05 0 0 -3.82604e-05
82.692 1.92224 0.00117818 -0.00223847 2.0232 0.00107996 -0.000854129 0.629118 -0.777309 0.00920618 -0.00514682 0.0347221 0.00281084 -0.0228113 0.143334 0.00695362 0.00783567 0.0347436 0.00281084 -0.0228113 0.143334 -0.000239838 0.000128937 0.000128937 0 0 0.45366
83.334 1.91477 0.00872602 -0.00249529 2.01298 0.0004848 -0.00013699 0.543891 -0.839156 0.0109798 0.00130433 -0.00495559 0.00471407 -0.00121665 0.430198 0.00329167 0.0105599 -0.00494641 0.00471407 -0.00121665 0.430198 -0.00250419 0.000205985 0.000205985 0 0 0.383386
84.116 1.91805 0.0109359 -0.00106026 2.01746 7.87718e-06 0.000222575 0.412056 -0.911158 0.00171047 0.000896918 -0.00527454 0.000506265 -3.4782e-05 0.354448 0.00045396 0.00187584 -0.00527504 0.000506265 -3.4782e-05 0.354448 -0.00316716 -0.000224526 -0.000224526 0 0 0.283197
84.676 1.92289 0.0113989 -0.000942091 2.02308 6.37783e-06 0.000224477 0.336091 -0.941829 -0.00138006 -0.000292074 -0.00561859 3.01579e-06 1.07425e-05 0.278165 -0.000885775 -0.00110056 -0.00561806 3.01579e-06 1.07425e-05 0.278165 -0.00330606 -0.000259976 -0.000259976 0 0 0.228563
85.266 1.92103 0.0119702 5.07854e-05 2.01974 -6.94514e-05 0.000235196 0.269307 -0.963054 -0.00194695 -0.00073975 -0.00435397 0.000479701 -0.000487434 0.21603 -0.00128263 -0.00164349 -0.00435301 0.000479701 -0.000487434 0.21603 -0.00347744 -0.000557839 -0.000557839 0 0 0.181787
86.598 1.91668 0.0122432 -0.00197784 2.01516 4.88305e-06 0.000422127 0.163146 -0.986602 -0.00205621 -0.00259798 -0.00100745 -0.000289143 0.000311825 0.124799 -0.00111125 -0.00312175 -0.00100612 -0.000289143 0.000311825 0.124799 -0.00355934 5.07483e-05 5.07483e-05 0 0 0.109284
88.008 1.90287 0.00982882 -0.00172797 2.00012 -3.11029e-06 0.000522624 0.0966222 -0.995321 -0.000535392 -0.00250337 0.00438059 -0.00065055 0.000231721 0.0703672 -3.93414e-05 -0.00255913 0.00438091 -0.00065055 0.000231721 0.0703672 -0.00283503 -2.42113e-05 -2.42113e-05 0 0 0.0645446
88.672 1.90614 0.00781359 -0.00104458 2.00674 0.00172291 -0.0253158 0.0753228 -0.996836 0.0583691 -0.00167102 -0.000800954 0.00120995 0.0449006 0.0542685 0.0579233 0.00711389 0.00216183 0.00120995 0.0449006 0.0542685 0.361523 2.75716e-05 2.75716e-05 0 0 0.0503652
89.442 1.90964 0.101881 -0.00148702 2.01049 0.00110341 -0.0181337 0.0572556 -0.998194 0.180918 -0.00263672 -0.00441565 0.000438151 -0.00212184 0.0392882 0.177869 0.0180634 0.00215933 0.000496201 -0.00256414 0.0398918 0.370776 3.38361e-05 3.38361e-05 0 0 0.0382537
90.144 1.92625 0.239775 0.00266335 2.01962 0.000793628 -0.0180677 0.0447543 -0.998834 0.214928 -0.000630844 -0.0047881 0.000451882 0.00175996 0.0307674 0.214155 0.0185963 0.00298778 0.000451882 0.00175996 0.0307674 0.377218 -5.53167e-05 -5.53167e-05 0 0 0.0298214
91.606 1.99695 0.570382 0.0245317 2.03941 0.00015629 -0.0199102 0.0269432 -0.999439 0.248927 0.00445154 -0.00446659 0.000333996 0.00270171 0.016559 0.247743 0.0180112 0.00540432 0.000357495 0.00267506 0.0168323 0.386373 -0.000162316 -0.000162316 0 0 0.017837
92.386 2.05208 0.784324 0.0380183 2.05224 -0.000174791 -0.0206959 0.0203752 -0.999578 0.266313 0.00706726 -0.00407598 0.00105021 0.00205004 0.0112248 0.265049 0.0179061 0.00693441 0.00106738 0.00203772 0.0113307 0.390115 -0.000766001 -0.000766001 0 0 0.0129362
93.172 2.0516 1.01467 0.0475155 2.05123 -0.000390522 -0.0213153 0.0155583 -0.999652 0.282664 0.00683694 -0.00421842 3.85284e-05 0.00123876 0.0080963 0.281663 0.0157712 0.00770456 2.06999e-05 0.00119184 0.0082672 0.392578 -0.000778685 -0.000778685 0 0 0.009713
93.868 2.05253 1.22429 0.0538285 2.05196 -0.000535256 -0.0218626 0.0122943 -0.999685 0.294436 0.00664173 -0.00436644 0.000519929 0.00146649 0.00485681 0.294094 0.0138818 0.00849341 0.000519929 0.00146649 0.00485681 0.39465 -0.00141919 -0.00141919 0 0 0.00699578
95.398 2.04691 1.69155 0.0666245 2.04386 -0.000786872 -0.0229641 0.00818791 -0.999702 0.314676 0.00603153 -0.00398045 -4.8792e-06 0.000715392 0.00197845 0.314387 0.0111889 0.0104562 -4.8792e-06 0.000715392 0.00197845 0.396829 -0.00155623 -0.00155623 0 0 0.00414372
96.906 2.03059 2.17634 0.0702818 2.02347 -0.000855356 -0.0237473 0.0057584 -0.999701 0.331366 0.00392853 -0.00364585 0.000234938 0.000568028 7.27772e-05 0.330786 0.00774964 0.0120729 9.13618e-05 0.000606925 0.000118662 0.398357 -0.002016 -0.002016 0 0 0.00214173
97.804 2.00976 2.46347 0.0746993 2.01015 -0.000942843 -0.0242569 0.0049244 -0.999693 0.337918 0.00316718 -0.00198093 -0.000154962 0.00120718 -0.000799797 0.337569 0.00650629 0.0144002 -0.000154962 0.00120718 -0.000799797 0.39893 -0.00224915 -0.00224915 0 0 0.00139128
98.61 2.00033 2.73499 0.0716168 1.9918 -0.000756294 -0.0245256 0.00449328 -0.999689 0.345175 0.000207435 -0.00271466 -2.56175e-05 0.000308485 -0.000768464 0.344877 0.0033177 0.0142119 -2.56175e-05 0.000308485 -0.000768464 0.399184 -0.00230766 -0.00230766 0 0 0.0010589
99.382 1.96852 3.00183 0.0722961 1.9642 -0.000757579 -0.0247871 0.00427555 -0.999683 0.350768 -0.000527348 -0.00025323 -0.000117793 0.00127401 -0.00151926 0.350341 0.00248401 0.0171292 -0.000117793 0.00127401 -0.00151926 0.39934 -0.00237853 -0.00237853 0 0 0.000855102
100.888 1.96694 3.53463 0.0781649 1.96907 -0.000775482 -0.025227 0.00370505 -0.999675 0.360519 -0.00108603 0.000569768 2.59271e-06 0.00082962 -0.00112865 0.35984 0.0015955 0.0189121 5.73725e-05 0.00078773 -0.00108652 0.399715 -0.0025151 -0.0025151 0 0 0.000361953
101.776 1.96891 3.86029 0.0792022 1.96959 -0.000730546 -0.0254025 0.00360785 -0.999671 0.365638 -0.00231484 0.00037628 6.95497e-05 0.000707297 -0.00115288 0.365078 0.000466678 0.0189287 0.000238298 0.000647988 -0.0011468 0.399946 -0.00280745 -0.00280745 0 0 5.5367e-05
102.638 1.98188 4.16631 0.0785971 1.98401 -0.000617596 -0.0257146 0.00360971 -0.999663 0.367762 -0.00364685 5.43633e-05 0.000185634 0.00107755 -0.000790561 0.367307 -0.000958045 0.0190936 0.00018021 0.000921806 -0.000772496 0.399986 -0.00288123 -0.00288123 0 0 -2.79818e-06
104.242 2.01291 4.73116 0.0796365 2.00934 -0.00044405 -0.0261516 0.00355357 -0.999652 0.372983 -0.00546693 -0.000633581 -3.81564e-05 0.00027713 -0.00129206 0.372535 -0.00280866 0.0188734 -3.81564e-05 0.00027713 -0.00129206 0.399916 -0.00294973 -0.00294973 0 0 -9.48474e-05
105.214 2.01228 5.09788 0.0812751 2.00716 -0.00036594 -0.0262587 0.00361013 -0.999649 0.377845 -0.0060225 -0.000922837 0.000131034 -0.000107706 -0.00101807 0.377406 -0.00328839 0.0189194 0.000131034 -0.000107706 -0.00101807 0.399825 -0.00313667 -0.00313667 0 0 -0.000212146
105.97 2.06108 5.38117 0.0852048 2.03029 -0.00034063 -0.0263606 0.00374458 -0.999645 0.378946 -0.00594794 -0.000765079 0.000129565 0.001572 -0.00119024 0.378608 -0.00313312 0.0191872 0.000141045 0.0013274 -0.00123642 0.399789 -0.00329896 -0.00329896 0 0 -0.000257514
106.876 2.15787 5.71251 0.0874373 2.04701 -0.000254325 -0.0266391 0.00391232 -0.999637 0.380343 -0.00680124 -0.00143058 -3.77533e-05 -1.11026e-06 -0.000767493 0.379921 -0.00382133 0.0188322 -3.77533e-05 -1.11026e-06 -0.000767493 0.399713 -0.00354737 -0.00354737 0 0 -0.000351702
107.792 2.2967 6.04227 0.0947791 2.05309 -0.000291233 -0.0267148 0.00403387 -0.999635 0.382041 -0.0053729 -0.00228478 0.000843187 0.000660439 -0.00108487 0.381695 -0.00256648 0.0180903 0.000793137 0.000497876 -0.00106822 0.399565 -0.00386715 -0.00386715 0 0 -0.000539083
108.582 2.44036 6.33525 0.103275 2.05636 -0.0004116 -0.026797 0.0041499 -0.999632 0.38434 -0.00459022 -0.0021788 0.000113064 -5.74877e-05 -0.00170152 0.383837 -0.00135265 0.0184342 0.000266958 -0.000257283 -0.00164041 0.399374 -0.00424259 -0.00424259 0 0 -0.000778669
110.248 2.7984 6.96514 0.111979 2.04834 -0.000396238 -0.0269324 0.00485536 -0.999625 0.387724 -0.00468132 -0.00223877 0.000464221 0.000562666 -0.00149862 0.38731 -0.000910342 0.0186448 0.000464221 0.000562666 -0.00149862 0.399377 -0.00479046 -0.00479046 0 0 -0.000764765
111.906 3.28324 7.60656 0.118835 2.04263 -0.000511488 -0.0270531 0.00581778 -0.999617 0.390055 -0.00390716 -0.00208709 0.000590344 -9.43847e-05 -0.00027839 0.389519 0.000593067 0.0190279 0.000366777 6.07584e-05 -0.000208816 0.399407 -0.00550537 -0.00550537 0 0 -0.000720766
112.722 3.5211 7.92349 0.119397 2.05007 -0.000620993 -0.027004 0.00628266 -0.999615 0.391928 -0.00402536 -0.00258739 1.02343e-05 -0.000236652 -0.00132512 0.39145 0.00091056 0.0186195 1.42815e-05 -0.000282553 -0.00136796 0.399078 -0.006361 -0.006361 0 0 -0.00113077
113.47 3.77385 8.20816 0.118874 2.05779 -0.000663975 -0.0270294 0.00655944 -0.999613 0.39258 -0.00403845 -0.00301478 0.000217319 0.000250211 -0.00103297 0.392189 0.00112128 0.0182072 0.000217319 0.000250211 -0.00103297 0.399003 -0.00668661 -0.00668661 0 0 -0.00121977
114.228 4.02638 8.49017 0.117021 2.06224 -0.000653987 -0.0271055 0.00713036 -0.999607 0.392535 -0.00484192 -0.00343116 -0.000379881 0.000482714 -0.00147379 0.392183 0.000801521 0.0178494 -0.000414945 0.000453065 -0.00151688 0.399134 -0.00692675 -0.00692675 0 0 -0.00103722
115.166 4.32167 8.84326 0.112465 2.06603 -0.000660511 -0.0271116 0.00771502 -0.999602 0.393989 -0.00526134 -0.00391567 -0.000108462 -0.000366281 -0.000388918 0.393621 0.000879972 0.0174414 -4.91821e-05 -0.000360978 -0.000400469 0.399258 -0.00718937 -0.00718937 0 0 -0.000864499
116.026 4.60336 9.17453 0.107372 2.04424 -0.000617295 -0.0270919 0.00808393 -0.9996 0.394885 -0.00619835 -0.00423265 -0.00051349 0.000700777 -0.000298525 0.394601 0.000230154 0.0170357 -0.000504063 0.000753637 -0.00029998 0.399388 -0.00727212 -0.00727212 0 0 -0.000684595
116.87 4.91314 9.50461 0.0993129 2.04814 -0.000524934 -0.0270575 0.00850254 -0.999598 0.396569 -0.00732278 -0.0034498 -0.000236149 -1.30453e-05 0.00100421 0.396242 -0.000571515 0.0180145 -0.000236149 -1.30453e-05 0.00100421 0.399535 -0.00738917 -0.00738917 0 0 -0.000498937
118.528 100 10.1537 0.0940789 2.00641 -0.000606975 -0.0274637 0.00877556 -0.999584 0.393329 -0.0061886 -0.00272651 -2.50565e-05 0.000178754 0.000556571 0.393007 0.000712299 0.0189983 -4.1984e-05 0.000152081 0.000532571 0.399759 -0.00726159 -0.00726159 0 0 -0.000208361
119.504 100 10.5102 0.0890925 1.99618 -0.000622601 -0.0276412 0.00883124 -0.999579 0.391921 -0.00666845 -0.000206735 4.27415e-05 2.23054e-05 0.000134152 0.39139 0.000265305 0.021458 4.27415e-05 2.23054e-05 0.000134152 0.399475 -0.00775573 -0.00775573 0 0 -0.000587945
121.192 100 11.1781 0.0779394 2.02749 -0.000606602 -0.0277011 0.00923269 -0.999573 0.393707 -0.00758112 0.000293009 -0.000506869 0.000218298 -2.76807e-06 0.393159 -0.000299539 0.0221042 -0.000506869 0.000218298 -2.76807e-06 0.399597 -0.00788555 -0.00788555 0 0 -0.000425978
122.194 100 11.5793 0.0685029 2.04528 -0.000535186 -0.0276644 0.00947794 -0.999572 0.395244 -0.00831062 -0.00285592 0.000340454 -0.000150018 -0.000362643 0.394881 -0.000854038 0.0190799 0.000325632 -0.000276089 -0.000347441 0.399488 -0.00822784 -0.00822784 0 0 -0.000548247
123.194 100 11.964 0.0639896 2.04803 -0.000564369 -0.0279081 0.00973082 -0.999563 0.393304 -0.0077773 -0.00586388 -0.000208795 0.000277883 0.000469115 0.393169 -0.000142738 0.0161546 -0.000208201 0.000312434 0.000485142 0.399744 -0.00800596 -0.00800596 0 0 -0.000190622
124.268 100 12.3774 0.0571903 2.03042 -0.000577937 -0.0280438 0.00999736 -0.999557 0.393049 -0.00784574 -0.00650886 0.000224173 4.65582e-05 0.000574084 0.392887 -5.60632e-06 0.0155256 0.000212166 0.000100709 0.000565106 0.399614 -0.00837473 -0.00837473 0 0 -0.000322585
126.094 100 13.092 0.0427147 2.04701 -0.000554487 -0.0286646 0.0101878 -0.999537 0.397166 -0.00882389 -0.00535082 7.46833e-06 0.0037757 0.00011795 0.396467 -0.00069619 0.0173352 5.82394e-05 0.00858911 0.000184083 0.40139 -0.00866098 -0.00866098 0 0 -0.00040164
127.14 100 13.5057 0.035413 1.99201 -0.000521845 -0.0238837 0.0105167 -0.999659 0.377434 -0.00841037 -0.00743154 -0.000166942 -0.00804212 -9.01456e-06 0.377452 -0.000467069 0.0106087 -0.000166942 -0.00804212 -9.01456e-06 0.318484 -0.00712911 -0.00712911 0 0 -0.000451283
128.186 100 13.8736 0.0271336 2.00618 -0.000437279 -0.0202054 0.0108274 -0.999737 0.335825 -0.00841655 0.00214539 -0.00016649 -0.007522 -0.000225814 0.335567 -0.00113737 0.0157188 -0.00016649 -0.007522 -0.000225814 0.244971 -0.00579058 -0.00579058 0 0 -0.000660853
129.216 100 14.1939 0.0197024 2.0133 -0.000342514 -0.0167725 0.0110583 -0.999798 0.293588 -0.00796482 0.000913691 -0.000195529 -0.00610497 -0.00115604 0.293496 -0.00146735 0.0107658 -0.000195529 -0.00610497 -0.00115604 0.181004 -0.00437639 -0.00437639 0 0 -0.000686231
130.496 100 14.5213 0.0167926 1.99556 -0.000333664 -0.0129768 0.011735 -0.999847 0.243692 -0.00604019 0.00181429 0.000134403 -0.00587101 0.000435488 0.244821 -0.000312708 0.00787002 7.30212e-05 -0.00578414 0.000420863 0.1157 -0.00282375 -0.00282375 0 0 -0.000311067
131.566 100 14.7402 0.00923642 2.0013 -0.000532686 -0.0197533 0.012624 -0.999725 0.213798 -0.00759238 0.00495244 9.00533e-05 0.134413 -0.0020592 0.213559 -0.00218618 0.0134017 9.00533e-05 0.134413 -0.0020592 0.259752 -0.00923642 -0.00923642 0 0 0.00037518
132.7 100 14.9727 0.00362078 2.01192 -0.000329523 -0.00752156 0.0127643 -0.99989 0.204355 -0.00684388 -0.0109645 0.000527871 -0.0203592 0.0014982 0.208213 -0.00158295 -0.00782159 0.00065578 -0.0211556 0.00149091 0.0273113 -0.00362078 -0.00362078 0 0 0.00052403
133.778 100 15.1124 0.00121378 1.98207 -0.000411274 -0.00041312 0.012528 -0.999921 0.0969953 -0.00479966 0.023962 -0.00069255 -0.00772648 0.00144118 0.0997862 -0.00228647 0.0244421 -0.000475016 -0.00790739 0.00144122 -0.112367 -0.00121378 -0.00121378 0 0 0.00027778
134.828 100 15.1592 -0.00056225 1.99503 -0.000360965 0.00234695 0.0121506 -0.999923 0.0277031 -0.00235846 0.0104769 0.000168989 -0.00160816 5.00501e-05 0.0297117 -0.00169928 0.0105527 0.000196107 -0.00225832 0.000106359 -0.159163 0.00056225 0.00056225 0 0 -0.000116322
136.116 100 15.1475 -0.0057899 2.01826 -0.000100811 0.00268982 0.0122824 -0.999921 -0.00904785 -0.00107357 -0.0132062 -0.00120289 0.000659146 0.000741314 -0.00860835 -0.00127778 -0.0116853 -0.00116257 0.000545032 0.000769511 -0.147529 0.0057899 0.0057899 0 0 2.11787e-05
137.348 100 15.1145 -0.0094285 2.01494 0.000261079 0.00229032 0.012398 -0.999921 -0.0181201 0.00238655 -0.0151843 0.00023433 0.0015405 0.000919632 -0.0182432 0.00194359 -0.0150999 0.00023433 0.0015405 0.000919632 -0.114493 0.0094285 0.0094285 0 0 0.000141261
138.532 100 15.0694 -0.00538231 2.00703 -3.47138e-05 0.000718294 0.0123298 -0.999924 -0.0166353 0.00205741 -0.00596044 -0.000839131 0.00315463 0.000799431 -0.0166895 0.00164608 -0.00593663 -0.000839131 0.00315463 0.000799431 -0.069396 0.00538231 0.00538231 0 0 7.04483e-05
139.708 100 15.0454 -0.00579686 2.00481 0.00012667 0.000102336 0.0123755 -0.999923 -0.00809948 0.00232492 -0.00431415 -0.000321206 -0.000325871 0.00120197 -0.00815544 0.00212483 -0.00431192 -0.000321206 -0.000325871 0.00120197 -0.045434 0.00579686 0.00579686 0 0 0.00011829
141.628 100 15.0279 -0.00612684 2.01475 0.000315283 -0.000297824 0.0123846 -0.999923 -0.00928869 0.0033439 -0.0111511 0.000629924 0.000770342 0.000756846 -0.00936211 0.00311993 -0.0111546 0.000629924 0.000770342 0.000756846 -0.0278931 0.00612684 0.00612684 0 0 0.000127849
143.368 100 15.0268 0.00146175 1.99339 -0.000193314 -9.62992e-05 0.012134 -0.999926 -0.0109668 0.00107006 0.00742315 0.00045121 -0.00029345 -0.000196412 -0.0109046 0.000898172 0.00694836 0.000498409 -0.000389902 -0.000194229 -0.0267744 -0.00146175 -0.00146175 0 0 -0.000134634
144.55 100 15.0292 -0.000907978 1.99512 -5.65803e-05 9.49548e-05 0.0121336 -0.999926 -0.0127106 0.000478445 0.0056047 -0.000632075 -0.00216618 -0.000155202 -0.0127174 0.000170523 0.00560708 -0.000632075 -0.00216618 -0.000155202 -0.0292435 0.000907978 0.000907978 0 0 -0.000135051
