44.812 1.995 0.00197644 0.00142395 1.99256 -0.000159102 -6.83343e-05 0.330244 -0.943896 0.000886384 0.000846089 0.00618585 0.00129435 -0.000562543 -0.00139859 0.000244069 0.00130217 0.00561584 0.00132481 -0.000727712 -0.00143093 -0.00197644 -0.00142395 -0.00142395 0 0 -0.000116654
46.044 1.99583 0.0053645 0.00265522 1.99495 -0.00033608 4.49352e-05 0.330504 -0.943805 -0.00214344 -0.000514925 0.00546485 -0.000100842 -0.000120637 0.000448531 -0.00133597 -0.00167984 0.00528686 -6.06695e-05 -0.000146954 0.000442034 -0.0053645 -0.00265522 -0.00265522 0 0 0.000172321
46.518 1.99138 0.00534322 0.00143499 1.98832 -0.00028561 6.05159e-05 0.330601 -0.943771 -0.00245921 -0.000979368 0.0101717 -0.000577573 -0.000637022 0.000462713 -0.00131125 -0.002294 0.0101729 -0.000577573 -0.000637022 0.000462713 -0.00534322 -0.00143499 -0.00143499 0 0 0.000280037
47.03 1.99057 0.00546191 -0.000147609 1.99063 -0.000184218 0.000129831 0.330457 -0.943821 -0.00236333 -0.000615034 0.0108823 0.000194585 -0.000194522 0.00101859 -0.00146218 -0.0019502 0.0108833 0.000194585 -0.000194522 0.00101859 -0.00546191 0.000147609 0.000147609 0 0 0.000119799
48.308 1.9622 0.00707854 -8.69395e-05 1.99868 0.00108424 0.00106018 0.321187 -0.947015 -0.000369791 0.00566768 0.250881 0.0110092 0.00814961 0.097539 -0.00306283 0.00392899 0.250896 0.0110092 0.00814961 0.097539 0 0 0 0 0 0.217911
48.742 1.98581 0.00830646 0.00317339 1.97667 0.000206046 -0.000310395 0.292897 -0.956144 0.00288271 0.00547999 -0.0206441 0.00109536 -0.00370483 0.181733 -0.000671501 0.00616625 -0.0206409 0.00109536 -0.00370483 0.181733 0 0 0 0 0 0.198024
49.282 1.9862 0.0077676 0.0031775 1.98493 -6.23893e-05 5.84404e-05 0.240742 -0.970589 0.00254641 0.00240934 -0.00768133 0.000150865 -0.000269823 0.196834 0.00107401 0.00356627 -0.00746981 0.000307388 -0.000258067 0.198773 0.000161942 2.97009e-05 2.97009e-05 0 0 0.162124
50.556 1.99851 0.0035289 0.00295394 1.99728 -5.84116e-05 -2.38429e-05 0.14816 -0.988963 9.23504e-06 -0.00119868 -0.00935336 -0.000211311 -0.000135827 0.118637 0.000360705 -0.00114437 -0.00935321 -0.000211311 -0.000135827 0.118637 0.00143355 9.67712e-05 9.67712e-05 0 0 0.0990487
51.86 2.00123 -0.00126686 -0.000652814 1.99762 7.7149e-05 -0.000197646 0.089352 -0.996 -0.000439686 -0.00242967 -0.00974026 -9.96353e-06 -0.000227766 0.0669109 -4.06e-05 -0.00247895 -0.0100423 2.31708e-05 -0.000242608 0.0681364 0.00287228 0.0011788 0.0011788 0 0 0.0595392
53.334 2.01997 0.151698 0.0071942 2.01459 0.000763786 -0.0182962 0.0518247 -0.998488 0.196781 -1.56655e-05 -0.00516668 0.000317349 -0.000169093 0.0365032 0.195782 0.020362 0.00204217 0.000317349 -0.000169093 0.0365032 0.37369 -0.000171456 -0.000171456 0 0 0.034439
53.776 2.03153 0.247217 0.0102163 2.01032 0.000611098 -0.0184479 0.0440342 -0.998859 0.215799 0.000625576 -0.00513349 0.000290202 0.00124719 0.0306236 0.214949 0.0196163 0.00283436 0.000290202 0.00124719 0.0306236 0.377611 -9.23841e-05 -9.23841e-05 0 0 0.0293065
55.056 2.07732 0.546062 0.0161086 1.99657 0.00022376 -0.0197662 0.0282092 -0.999407 0.248483 0.00239807 -0.00468446 0.000917147 0.00337485 0.0194002 0.247943 0.0164101 0.00513804 0.000917147 0.00337485 0.0194002 0.385954 -0.000506072 -0.000506072 0 0 0.0183855
55.55 2.09659 0.678749 0.0175285 1.9955 0.000168558 -0.0203941 0.0237696 -0.999509 0.259628 0.00111157 -0.00441004 -0.00117909 0.0013778 0.0170729 0.258495 0.0138231 0.00605271 -0.000970672 0.00120642 0.017236 0.388191 -0.000469394 -0.000469394 0 0 0.015457
56.072 2.09623 0.813368 0.0172628 1.99699 0.000159939 -0.020719 0.0198102 -0.999589 0.272033 0.000759436 -0.00343122 0.000476458 0.000459314 0.0142504 0.270414 0.0115649 0.00773201 0.00051443 0.000338065 0.0144714 0.390388 -0.000746632 -0.000746632 0 0 0.0125809
56.716 2.0982 1.0073 0.020411 1.99711 -5.54165e-06 -0.0209376 0.0155724 -0.99966 0.287405 0.00144404 -0.00327518 0.000246147 0.00107124 0.00903338 0.287106 0.0103936 0.00875777 0.000246147 0.00107124 0.00903338 0.392601 -0.000830389 -0.000830389 0 0 0.00968373
57.35 2.10145 1.18923 0.0265929 2.00146 -0.000169671 -0.0216469 0.0128505 -0.999683 0.294481 0.00298347 -0.00258792 0.000638435 0.00216468 0.00755555 0.294143 0.0105513 0.0101557 0.000638435 0.00216468 0.00755555 0.394038 -0.000907539 -0.000907539 0 0 0.00780308
58.1 2.10187 1.41155 0.0291812 2.00235 -0.000196811 -0.0223235 0.010131 -0.999699 0.30375 0.00179434 -0.00283096 -0.000278104 0.0016644 0.00543529 0.303475 0.00794957 0.0107266 -0.000278104 0.0016644 0.00543529 0.395576 -0.00114818 -0.00114818 0 0 0.00578876
59.358 2.09864 1.79315 0.0331433 2.00055 -0.000362923 -0.0232561 0.00709074 -0.999704 0.318464 0.00173929 -0.00144338 0.000239275 0.00115668 0.00275848 0.31813 0.00625888 0.0133628 0.000239275 0.00115668 0.00275848 0.397291 -0.00141001 -0.00141001 0 0 0.00354239
59.968 2.10598 1.99407 0.0347072 2.00645 -0.000365603 -0.0235332 0.0059473 -0.999705 0.325353 0.00127228 -0.00172995 9.1143e-05 0.00172694 0.00183753 0.325036 0.00514581 0.013578 9.1143e-05 0.00172694 0.00183753 0.397895 -0.00144538 -0.00144538 0 0 0.0027516
60.466 2.11633 2.16329 0.0393383 2.01426 -0.000500107 -0.0238918 0.00516902 -0.999701 0.330411 0.00206409 -0.00251292 0.000261783 0.000625299 0.000551944 0.329791 0.00553465 0.0133923 0.000300381 0.000682354 0.000596545 0.39854 -0.00183542 -0.00183542 0 0 0.00190589
61.152 2.10013 2.38242 0.0426174 1.99793 -0.000519323 -0.0242235 0.00471501 -0.999695 0.336202 0.00158477 -0.000996505 9.6046e-05 0.000978754 -5.25354e-05 0.335457 0.0047966 0.0151882 0.000196902 0.00114198 -9.85974e-05 0.398856 -0.0019709 -0.0019709 0 0 0.00149061
61.654 2.0994 2.54468 0.0436335 1.99646 -0.000515654 -0.0244538 0.00448577 -0.999691 0.339844 0.000967411 -0.00251641 -0.000141634 0.00124145 0.000365943 0.33935 0.00406818 0.0140838 -0.000155118 0.00116448 0.000337202 0.399004 -0.00202056 -0.00202056 0 0 0.0012968
62.188 2.08624 2.7197 0.0439332 1.98496 -0.00051116 -0.0246911 0.00434424 -0.999686 0.343249 0.000370375 -0.000963248 -2.78167e-05 0.00167149 0.00123282 0.342862 0.00335963 0.015981 -2.78167e-05 0.00167149 0.00123282 0.399237 -0.00227639 -0.00227639 0 0 0.000989804
62.818 2.08548 2.9331 0.0430698 1.98172 -0.000481442 -0.025019 0.00389559 -0.999679 0.347667 -0.00073664 -0.00118525 -0.000275083 0.000554028 0.000439903 0.347286 0.00197872 0.0162067 -0.000275083 0.000554028 0.000439903 0.399504 -0.002339 -0.002339 0 0 0.000639908
63.482 2.08193 3.16639 0.0425643 1.98169 -0.000456677 -0.0252334 0.00371288 -0.999675 0.352908 -0.00131029 -0.000141686 -4.47496e-05 -4.62145e-05 -0.000371326 0.352466 0.00131754 0.0176631 -4.47496e-05 -4.62145e-05 -0.000371326 0.399659 -0.00243835 -0.00243835 0 0 0.000436269
64.19 2.07192 3.4302 0.0405913 1.96424 -0.000396745 -0.0253025 0.00366222 -0.999673 0.358731 -0.00275723 -0.000155104 -0.000644744 0.000325035 -0.00012978 0.358015 2.47605e-05 0.0179288 -0.000336076 0.000375401 -0.000169496 0.399677 -0.00243384 -0.00243384 0 0 0.000407318
64.804 2.05773 3.64261 0.0398147 1.95265 -0.000337827 -0.0255249 0.00360431 -0.999668 0.361011 -0.00286425 9.50499e-05 0.000399404 0.000737564 0.00058122 0.360547 -0.000256375 0.0185199 0.000399404 0.000737564 0.00058122 0.399751 -0.00250543 -0.00250543 0 0 0.000310343
66.268 2.0423 4.1616 0.0406439 1.93913 -0.00027708 -0.0261567 0.00364444 -0.999651 0.364993 -0.00359921 0.00254604 -4.32167e-05 0.000608752 0.001466 0.364284 -0.000911212 0.02146 -6.19634e-05 0.000545742 0.00147589 0.399733 -0.00252603 -0.00252603 0 0 0.000320888
66.84 2.04101 4.37778 0.044278 1.94108 -0.000368703 -0.0263429 0.00342338 -0.999647 0.368156 -0.00238936 0.00264701 0.000557176 -0.000190421 0.00080125 0.367248 9.9599e-05 0.0220864 0.000478259 -2.98289e-05 0.000868426 0.399962 -0.00270127 -0.00270127 0 0 2.69132e-05
67.61 2.05692 4.65388 0.0489223 1.95893 -0.000457317 -0.0263402 0.00318327 -0.999648 0.372696 -0.00220855 0.00244868 1.53681e-06 -0.000139109 -0.00105387 0.372056 0.000174248 0.0220735 1.53681e-06 -0.000139109 -0.00105387 0.399551 -0.00319121 -0.00319121 0 0 -0.000545922
68.268 2.05724 4.90745 0.0494394 1.9586 -0.000358667 -0.0262686 0.00349562 -0.999649 0.376837 -0.00336963 0.0041245 -0.000391108 0.000307947 -0.000928316 0.376014 -0.000698482 0.0239155 -0.000454196 0.000218349 -0.000958205 0.399768 -0.003095 -0.003095 0 0 -0.000254072
68.992 2.08395 5.18751 0.0506395 1.96389 -0.00040926 -0.0263816 0.00367091 -0.999645 0.379086 -0.0036655 0.00244101 -0.000144834 -0.000159003 -0.000988444 0.378316 -0.000800512 0.0223138 -8.53615e-06 -0.000154177 -0.000953997 0.399275 -0.00401209 -0.00401209 0 0 -0.000906738
70.4 2.23701 5.70899 0.0470747 1.99466 -0.000236939 -0.0266733 0.00414784 -0.999636 0.38175 -0.00586719 0.00197065 -0.000559335 -0.000188715 -0.00164344 0.381137 -0.00269594 0.0223288 -0.000559335 -0.000188715 -0.00164344 0.399459 -0.00411692 -0.00411692 0 0 -0.000671327
71.026 2.33349 5.94152 0.0474401 1.99335 -0.000247024 -0.026782 0.00441446 -0.999632 0.381737 -0.00536476 0.00097398 0.000758141 0.00115783 -0.000912843 0.38117 -0.00199016 0.0214155 0.000758141 0.00115783 -0.000912843 0.399336 -0.00452448 -0.00452448 0 0 -0.000834765
71.638 2.44518 6.17702 0.0475701 2.0051 -0.000229657 -0.0268985 0.00486838 -0.999626 0.383405 -0.00573869 0.000274547 -0.00010803 -0.000127434 -0.000299646 0.382764 -0.00195762 0.0209792 -3.1335e-06 -0.000368955 -0.000394826 0.399496 -0.00463688 -0.00463688 0 0 -0.000623758
72.372 2.59596 6.45489 0.0472804 2.00063 -0.000214359 -0.0269526 0.00495984 -0.999624 0.384988 -0.00602951 -0.000409384 7.6171e-05 8.66202e-05 -0.00068075 0.384387 -0.00220366 0.020308 5.76341e-05 9.76722e-05 -0.000642896 0.399306 -0.00500048 -0.00500048 0 0 -0.000867766
73.132 2.7803 6.73949 0.0497777 2.00061 -0.000265713 -0.0269688 0.00537819 -0.999622 0.387423 -0.0053069 -0.00102987 0.000323767 -0.000630993 -0.000357771 0.38695 -0.00113559 0.0198636 0.000323767 -0.000630993 -0.000357771 0.39924 -0.00542724 -0.00542724 0 0 -0.000946422
74.554 3.16673 7.28402 0.0580754 1.9964 -0.000468486 -0.0273096 0.00613195 -0.999608 0.385644 -0.00339983 -0.000506424 0.000393253 0.00187679 -0.000621901 0.385109 0.00133763 0.0205518 0.000393253 0.00187679 -0.000621901 0.399204 -0.00606599 -0.00606599 0 0 -0.000980653
75.36 3.37916 7.59249 0.0603696 1.99231 -0.000700611 -0.0276981 0.00666388 -0.999594 0.382545 -0.00340726 0.000894098 0.000463945 0.000692367 -0.00235222 0.381878 0.00169402 0.0220859 0.000378764 0.000875725 -0.0022787 0.39791 -0.00842155 -0.00842155 0 0 -0.00261899
76.15 3.61989 7.8998 0.0583061 1.9891 -0.000792292 -0.0276611 0.00781116 -0.999587 0.384625 -0.00447864 0.00107307 -0.000258674 0.00012529 -0.00431243 0.384 0.00154626 0.0223452 -0.000258674 0.00012529 -0.00431243 0.397679 -0.00964398 -0.00964398 0 0 -0.00288314
76.968 3.90295 8.21106 0.0524401 1.99625 -0.000759988 -0.0271173 0.00938041 -0.999588 0.388495 -0.00606678 0.00183066 -1.10578e-05 -0.0136399 -0.00247471 0.388086 0.00122044 0.0228992 -4.46108e-05 -0.0138189 -0.00247482 0.37567 -0.0103613 -0.0103613 0 0 -0.00294446
77.668 4.12965 8.47786 0.046523 2.01295 -0.000750942 -0.0239783 0.010339 -0.999659 0.369776 -0.00661787 0.00105385 -0.000783353 -0.00694347 -0.00293736 0.369358 0.00104155 0.0187872 -0.000783353 -0.00694347 -0.00293736 0.322731 -0.0093466 -0.0093466 0 0 -0.00276422
78.366 4.35384 8.73381 0.0389578 2.01365 -0.000647675 -0.0213259 0.0114025 -0.999707 0.346537 -0.00721495 -0.00177331 -0.000208407 -0.00815665 -0.00273764 0.346372 0.000695527 0.0130122 -0.000208407 -0.00815665 -0.00273764 0.271857 -0.00835802 -0.00835802 0 0 -0.00264702
79.114 4.58404 8.98238 0.0329471 2.00938 -0.0005897 -0.0187504 0.0122965 -0.999748 0.318603 -0.00686409 -0.00146916 -0.0004367 -0.00730886 -0.00248936 0.318506 0.000977427 0.0104834 -0.0004367 -0.00730886 -0.00248936 0.222612 -0.00688778 -0.00688778 0 0 -0.00211547
80.008 4.83673 9.24409 0.0274861 1.97668 -0.000572302 -0.015984 0.0133559 -0.999783 0.281694 -0.00601003 0.000188615 -0.000143099 -0.00559274 -0.00186405 0.283039 0.00150301 0.0094204 -0.000247002 -0.00562756 -0.00188605 0.170664 -0.00548974 -0.00548974 0 0 -0.0018171
80.828 100 9.45077 0.0235098 1.98441 -0.000623106 -0.0137116 0.0143717 -0.999803 0.247512 -0.00484693 0.00633104 3.24988e-05 -0.00413522 -0.00239925 0.248714 0.00226998 0.0131238 5.60837e-05 -0.00433054 -0.00242308 0.129256 -0.00465116 -0.00465116 0 0 -0.00241107
81.626 100 9.61727 0.0160585 1.9959 -0.000529857 -0.012097 0.0156479 -0.999804 0.214866 -0.00529559 0.00484963 0.000293437 -0.00464437 -0.00247604 0.215882 0.00140469 0.0101557 0.000226856 -0.00463915 -0.00245827 0.0958642 -0.00399866 -0.00399866 0 0 -0.00346544
82.502 100 9.7798 0.00399833 2.00285 -0.000357189 -0.0237516 0.0169137 -0.999575 0.230206 -0.00902051 -0.000268984 -0.00278157 -0.0394533 -0.000870906 0.226108 -0.00104699 0.0108722 -0.00231901 -0.0313604 -0.000985388 0.220199 -0.00399833 -0.00399833 0 0 0.000665706
83.224 100 9.93296 -0.00276389 2.00797 0.000118783 -0.0101414 0.0169342 -0.999805 0.219317 -0.0056775 -0.00797685 0.00154147 -0.0272605 0.00183917 0.222321 0.00160366 -0.00331195 0.00156359 -0.0277296 0.00181247 0.0670414 0.00276389 0.00276389 0 0 0.00068509
83.95 100 10.0645 -0.00245578 2.0067 -0.000161986 -0.00270811 0.0163837 -0.999862 0.147568 -0.00307396 -0.00648178 0.000633291 -0.0175164 -0.000126723 0.151095 0.00184248 -0.00611219 0.000709801 -0.0177149 -7.97301e-05 -0.0645399 0.00245578 0.00245578 0 0 0.000104325
84.674 100 10.1403 -0.00411502 1.98917 -5.46963e-05 0.00146047 0.01633 -0.999866 0.0820261 -0.00294735 0.0138682 0.000122163 -0.00820915 -0.000219424 0.0847679 -0.000238146 0.0134233 -5.7962e-05 -0.0089598 -0.000207393 -0.140295 0.00411502 0.00411502 0 0 4.84074e-05
85.414 100 10.1672 -0.00303405 1.99039 -0.000165959 0.00306826 0.0162886 -0.999863 0.0313931 -0.00176425 0.0168243 7.73974e-05 -0.00255643 -0.00087461 0.0315364 -0.000733523 0.0166316 7.73974e-05 -0.00255643 -0.00087461 -0.167229 0.00303405 0.00303405 0 0 5.74047e-06
86.334 100 10.1542 -0.00438796 1.9882 -5.61276e-05 0.00287584 0.0164547 -0.999861 -0.00056538 -0.00243497 0.0142161 -0.00167523 0.0017665 0.000566727 -0.000403213 -0.00244931 0.0142191 -0.00167523 0.0017665 0.000566727 -0.154246 0.00438796 0.00438796 0 0 0.000179268
87.082 2.08863 10.1253 -0.00714474 1.99244 0.000305873 0.00204633 0.016392 -0.999864 -0.0094899 -0.00101373 0.0123438 0.000386003 0.00273183 0.00103699 -0.00940899 -0.00148982 0.0133592 0.000111479 0.00276602 0.00111347 -0.125275 0.00714474 0.00714474 0 0 0.000112741
88.068 2.10246 10.0881 -0.00398538 1.99958 0.000139008 0.00101621 0.016394 -0.999865 -0.00941535 0.000713995 0.00121318 0.000894903 0.00289193 0.00136776 -0.0094312 0.000404643 0.00123249 0.000894903 0.00289193 0.00136776 -0.0881062 0.00398538 0.00398538 0 0 0.000115244
88.732 2.107 10.0727 -0.00140765 2.00817 -1.52573e-05 0.000903991 0.0162148 -0.999868 -0.00511558 0.000282733 -0.00621066 0.000709515 0.000718745 0.000330758 -0.00534879 0.000138552 -0.005519 0.000691864 0.000649658 0.000343199 -0.0726633 0.00140765 0.00140765 0 0 -7.23375e-05
89.576 2.10837 10.0487 0.00124568 2.0089 -0.000239939 5.31548e-05 0.0163048 -0.999867 -0.00635018 -0.000815232 -0.00644005 -0.00115311 0.00315649 0.000224633 -0.00630423 -0.000839989 -0.00625259 -0.000832693 0.00286239 0.000181091 -0.048708 -0.00124568 -0.00124568 0 0 2.18859e-05
90.308 2.11465 10.0349 -0.00112822 2.01223 5.32384e-05 -0.000486279 0.0160667 -0.999871 -0.00291114 -0.00172274 -0.0122288 -0.000651986 0.000675064 -9.02484e-06 -0.00299049 -0.00185766 -0.0125527 -0.00081167 0.000773877 0.000131024 -0.0348568 0.00112822 0.00112822 0 0 -0.000227451
91.012 2.10888 10.0274 -0.00131063 2.00721 7.08924e-05 -0.0006105 0.0162281 -0.999868 -0.00191306 -0.00050813 -0.00743171 0.000160971 0.000493097 -0.00028416 -0.0018865 -0.000568744 -0.0074341 0.000160971 0.000493097 -0.00028416 -0.0273886 0.00131063 0.00131063 0 0 -5.83238e-05
91.924 2.1088 10.0213 -0.00207294 2.00705 0.000149596 -0.000812483 0.0163333 -0.999866 -0.00275109 -0.000494226 -0.00773211 -4.38295e-05 0.000505691 0.000556541 -0.00272095 -0.0005813 -0.00773671 -4.38295e-05 0.000505691 0.000556541 -0.0213394 0.00207294 0.00207294 0 0 5.18556e-05
92.85 2.09381 10.0195 -0.00134552 1.99243 9.52868e-05 -0.000845011 0.0161449 -0.999869 -0.00399886 1.17041e-05 0.00763095 2.59961e-05 -0.000339014 -0.000761865 -0.00385035 -0.000109146 0.00718852 5.1574e-05 -0.000599135 -0.000759589 -0.0194674 0.00134552 0.00134552 0 0 -0.000145456
93.822 2.10152 10.0225 0.00192313 2.0009 -0.000116774 -0.000622939 0.0161912 -0.999869 -0.00647341 0.000531745 -1.12623e-05 0.00100214 -0.00100728 -0.000264529 -0.00625314 0.000357535 -0.000158239 0.00117678 -0.00126254 -0.000199481 -0.0224609 -0.00192313 -0.00192313 0 0 -9.7156e-05
94.616 2.10943 10.0242 0.00461012 2.01177 -0.000289016 -0.000542304 0.0164221 -0.999865 -0.00973586 -0.000828628 -0.00887838 0.000437707 -0.00052831 0.000532098 -0.00954358 -0.00108519 -0.00795305 0.000421272 -0.000331206 0.000493555 -0.0241976 -0.00461012 -0.00461012 0 0 0.000144562
95.494 2.1009 10.0255 0.00449254 2.00055 -0.000324063 -0.00047487 0.0164599 -0.999864 -0.0123174 -0.00215205 0.000480707 -0.00060317 -0.0011238 0.00117527 -0.0122067 -0.00252505 0.000572056 -0.000631023 -0.00097039 0.00114857 -0.0254679 -0.00449254 -0.00449254 0 0 0.00018416
