74.478 1.90833 -0.00434432 0.00584305 2.00915 -0.000235682 -0.000173474 0.602858 -0.797848 0.000316436 -0.00236276 -0.00810916 -0.00105064 0.000566674 0.000892273 0.0023639 -0.000342274 -0.00810777 -0.00105064 0.000566674 0.000892273 0.00434432 -0.00584305 -0.00584305 0 0 0.000142939
75.274 1.90253 -0.00513623 0.00359563 1.99676 -6.23142e-05 -0.000198375 0.602529 -0.798097 0.00215509 -0.00205342 0.00184523 0.000945149 -0.000374521 -0.00132772 0.00256447 0.00150994 0.00184644 0.000945149 -0.000374521 -0.00132772 0.00513623 -0.00359563 -0.00359563 0 0 -0.000288631
76.678 1.89418 -0.00357385 0.000472119 1.99324 3.2306e-05 -0.000169332 0.60288 -0.797832 0.00244148 -0.000835631 0.00706391 0.00166243 -0.00101814 0.000511026 0.00146893 0.00211869 0.0070648 0.00166243 -0.00101814 0.000511026 0.00357385 -0.000472119 -0.000472119 0 0 0.000171891
78.09 1.91335 -0.0010373 -0.00257141 2.01068 -1.75134e-05 -0.00010751 0.602996 -0.797744 0.000542826 0.000193591 -0.0124821 4.43442e-05 -0.00231038 0.000599319 -0.000275842 0.000506506 -0.0128006 -0.000182981 -0.00172922 0.000398246 0.0010373 0.00257141 0.00257141 0 0 0.000323757
78.808 1.90943 0.00195476 -0.00676304 2.00579 0.000152313 0.000426523 0.602603 -0.798041 0.000230633 0.00138856 -0.00694618 -0.000132653 -2.21168e-05 0.000196671 -0.00114655 0.000664523 -0.00762871 -2.14267e-05 -9.84047e-05 0.000400687 -0.00195476 0.00676304 0.00676304 0 0 -0.000192635
79.552 1.91031 -3.9998e-05 -0.00501889 2.0067 0.000126232 0.000118721 0.602612 -0.798034 -0.00110272 0.00317194 -0.00790727 -0.000287699 0.000231243 -0.000705552 -0.00335534 -0.000191933 -0.00790613 -0.000287699 0.000231243 -0.000705552 3.9998e-05 0.00501889 0.00501889 0 0 -0.000180492
80.298 1.90084 -0.000396949 -0.00478914 2.00006 0.000184125 0.000137381 0.602829 -0.797871 -0.000366705 0.00250111 -0.000422416 0.000120495 -0.000173529 0.000480808 -0.00250633 0.00033059 -0.000421268 0.000120495 -0.000173529 0.000480808 0.000396949 0.00478914 0.00478914 0 0 0.000104
80.9 1.88481 0.00238547 -0.00523041 1.97873 8.14151e-05 0.000309785 0.602629 -0.798022 0.00072647 0.00196904 0.0186599 0.00122383 -0.00142496 -0.000485093 -0.00168399 0.00124216 0.0186606 0.00122383 -0.00142496 -0.000485093 -0.00238547 0.00523041 0.00523041 0 0 -0.000158254
81.642 1.88275 0.00210365 -0.00420505 1.98695 0.000113064 0.00034298 0.602545 -0.798085 -0.00130069 0.00285997 0.0173033 -0.000202935 0.00125117 -0.00144841 -0.00309502 -0.000463635 0.0173055 -0.000202935 0.00125117 -0.00144841 -0.00210365 0.00420505 0.00420505 0 0 -0.000268592
82.42 1.90025 0.00163041 -0.00323224 2.00135 0.00010732 0.000254128 0.602944 -0.797784 -0.000666205 0.00107065 0.000309219 0.000181791 -0.00110068 0.000193079 -0.00135328 -0.000363275 0.00105185 0.000167786 -0.000925666 7.35857e-05 -0.00163041 0.00323224 0.00323224 0 0 0.000254824
83.84 1.90737 0.000630341 -0.00296662 2.00794 0.000249804 0.00034772 0.602747 -0.797932 -0.000529509 0.00163138 -0.0069397 0.000251752 0.000770512 -0.000159144 -0.00168548 -8.2062e-05 -0.0064634 0.000197125 0.000599121 -0.000170172 -0.000630341 0.00296662 0.00296662 0 0 -2.9779e-06
84.556 1.9033 0.000359306 -0.000286798 2.00172 0.00014315 0.000254 0.602844 -0.797859 -0.000338576 0.000714239 -0.00170709 0.00013265 0.000391563 0.000558984 -0.000812177 -0.000126832 -0.00167243 0.000142787 0.000338078 0.000529627 -0.000359306 0.000286798 0.000286798 0 0 0.000124163
85.17 1.90431 0.000221208 0.00372284 2.0041 -2.45525e-05 0.000134931 0.602662 -0.797997 -0.000217117 0.000346696 -0.00379307 0.000458642 0.0013619 -5.85922e-05 -0.000400862 -0.00011974 -0.00359988 0.000408653 0.00117429 1.12624e-05 -0.000221208 -0.00372284 -0.00372284 0 0 -0.000114901
85.786 1.91262 0.00126866 0.00643007 2.01164 -0.000271758 6.9368e-05 0.602876 -0.797835 0.000206735 -0.001503 -0.0124259 0.000167504 -9.88989e-05 0.000244837 0.00140858 -0.000155486 -0.0121167 0.000230862 -9.77031e-05 0.000134547 -0.00126866 -0.00643007 -0.00643007 0 0 0.000166241
87.25 1.87598 0.00854267 0.00925852 1.97367 0.000211196 0.000253611 0.488128 -0.872772 0.00898011 0.00341999 -0.00016796 0.00444973 -0.000469653 0.408824 0.00211042 0.00993935 -0.000328876 0.00535214 -0.00112356 0.410236 -0.0018144 -0.000807538 -0.000807538 0 0 0.339684
88.13 1.88468 0.0122841 0.0143225 1.98557 -0.0003449 0.000489935 0.351717 -0.936106 0.00100585 0.00225878 -0.00272096 -0.000552617 0.000354638 0.296074 -0.000732227 0.00235958 -0.0027228 -0.000552617 0.000354638 0.296074 -0.00293685 -0.00232673 -0.00232673 0 0 0.239182
88.934 1.89082 0.011678 0.016966 1.98978 -0.000454485 0.000461285 0.258343 -0.966053 -0.00144442 0.001887 -0.00385834 0.000706632 0.00089729 0.209206 -0.00219604 0.000909836 -0.00385792 0.000706632 0.00089729 0.209206 -0.00275499 -0.00311977 -0.00311977 0 0 0.173687
89.62 1.8829 0.00776621 0.014852 1.98229 -0.000454109 0.000378695 0.199429 -0.979912 -0.00243789 -0.000167684 -0.00055263 -0.00083913 -0.000248295 0.156227 -0.00217874 -0.00110776 -0.000550255 -0.00083913 -0.000248295 0.156227 -0.00158147 -0.00248558 -0.00248558 0 0 0.133422
90.462 1.88753 0.00320798 0.0109247 1.98596 -0.000342558 0.000293796 0.146504 -0.98921 -0.00234813 -0.000410497 -0.00206199 0.000180083 0.000325884 0.112772 -0.00215009 -0.00113515 -0.00203191 6.3215e-05 0.000400499 0.114676 -0.000213995 -0.00130738 -0.00130738 0 0 0.0975618
91.186 1.78565 0.00155648 0.0106808 1.9833 -0.000445987 0.000298532 0.111554 -0.993758 -0.00122501 0.000291388 -0.00150708 0.000299078 -0.000101568 0.0846288 -0.00130436 -1.15308e-05 -0.00146262 0.000313818 -8.94734e-05 0.0862336 0.000281453 -0.00123421 -0.00123421 0 0 0.0741452
91.872 1.77737 0.000347836 0.00496616 1.97321 -0.000271578 0.000325302 0.0878331 -0.996135 -0.000704419 -0.00159153 0.00170806 -0.00135377 -0.000232584 0.0639579 -0.000440817 -0.00159068 0.00145769 -0.00140242 -0.000185159 0.0644624 0.000644047 0.000480172 0.000480172 0 0 0.0584296
92.736 1.75839 0.0560885 0.00161275 1.95633 0.000910627 -0.0187546 0.0636503 -0.997796 0.155265 -0.00110897 -0.00154655 0.00125775 -0.00836041 0.0445739 0.15088 0.0184352 0.00426889 0.00152028 -0.0121839 0.045364 0.367717 -0.000264321 -0.000264321 0 0 0.0422563
93.594 1.75929 0.21649 0.00120624 1.95214 0.000588524 -0.0185042 0.0470781 -0.99872 0.203587 -8.88709e-05 -0.00231066 -0.000159612 0.00195388 0.033989 0.201677 0.0192061 0.00528789 -0.00014709 0.00164794 0.0344189 0.376028 -5.24085e-05 -5.24085e-05 0 0 0.0313739
94.448 1.76673 0.407585 0.00721383 1.93952 0.000255795 -0.0197432 0.0344642 -0.999211 0.225403 0.00219603 -0.00105838 0.00024022 0.00255155 0.0229278 0.224583 0.017715 0.00783789 0.00024022 0.00255155 0.0229278 0.382532 -0.00015815 -0.00015815 0 0 0.0228597
95.366 1.83704 0.64511 0.0124781 1.95531 5.29661e-05 -0.0209152 0.0251502 -0.999465 0.246113 0.00286234 -0.000594716 9.85591e-05 0.00203601 0.0154156 0.245468 0.0152318 0.00969328 9.85591e-05 0.00203601 0.0154156 0.38738 -0.000313311 -0.000313311 0 0 0.0165107
96.242 1.84839 0.907046 0.0164638 1.94555 -0.000130697 -0.0218751 0.0184121 -0.999591 0.265475 0.00315078 -0.00132356 0.000376775 0.00142491 0.0116415 0.263907 0.0130228 0.010206 0.000433241 0.00162619 0.0118739 0.391009 -0.000611664 -0.000611664 0 0 0.0117609
96.984 1.84548 1.1359 0.0205564 1.94328 -0.000269766 -0.0223668 0.0142343 -0.999648 0.280613 0.00372043 -0.00113713 0.000682122 0.00145923 0.00713414 0.27961 0.0116931 0.0117202 0.00066786 0.00145984 0.00724918 0.393155 -0.000637802 -0.000637802 0 0 0.00895223
97.842 1.78826 1.39616 0.0283326 1.88246 -0.000494576 -0.0231069 0.0110405 -0.999672 0.293528 0.00460661 0.00143577 0.000299264 0.00139135 0.00474009 0.2925 0.0111349 0.0152136 0.000342786 0.00139379 0.00476591 0.395013 -0.00100959 -0.00100959 0 0 0.00650681
99.404 1.7658 1.92404 0.0328062 1.86671 -0.000648568 -0.0237346 0.00711569 -0.999693 0.3199 0.00355071 0.0037515 7.33525e-05 0.00086917 0.0025929 0.318908 0.00815046 0.0188334 7.22893e-05 0.000820743 0.00261394 0.397197 -0.00132526 -0.00132526 0 0 0.0036254
100.12 1.77302 2.17413 0.0344347 1.88052 -0.000740054 -0.0240417 0.00584012 -0.999694 0.329695 0.00337406 0.00483985 0.000159302 0.000310595 0.0015504 0.32849 0.00735899 0.0201229 0.000196928 0.000547234 0.00158733 0.398034 -0.00164518 -0.00164518 0 0 0.00250719
100.974 1.79597 2.47006 0.0345584 1.89894 -0.000781571 -0.0241758 0.00500199 -0.999695 0.340473 0.00268709 0.00518782 3.64179e-05 0.000213134 0.0011138 0.33941 0.00618927 0.021672 0.000141175 0.000180575 0.00110795 0.398467 -0.00165844 -0.00165844 0 0 0.00193765
101.762 1.80477 2.74961 0.0319188 1.90589 -0.000747913 -0.0243869 0.00416394 -0.999694 0.34817 0.00113135 0.0041259 -0.00042762 0.000380717 -0.000513824 0.347202 0.00412895 0.021143 -0.000543904 0.000276995 -0.000532776 0.398948 -0.00172552 -0.00172552 0 0 0.00132456
102.668 1.81497 3.06366 0.0243779 1.916 -0.000610462 -0.0246332 0.00373067 -0.999689 0.354811 -0.000823031 0.00368713 0.000177269 0.000819091 3.82752e-05 0.354 0.00184451 0.0212062 0.000178594 0.000754549 4.68917e-05 0.399124 -0.00164665 -0.00164665 0 0 0.00110414
103.596 1.83405 3.38021 0.0186748 1.93806 -0.000507398 -0.0249228 0.00310681 -0.999684 0.36024 -0.00248458 0.00349527 -0.000508268 0.000231942 -0.00107977 0.359627 -0.000234729 0.0214434 -0.000508268 0.000231942 -0.00107977 0.399162 -0.00119035 -0.00119035 0 0 0.00107066
104.368 1.83213 3.65307 0.0152887 1.92894 -0.000386816 -0.0249434 0.00298172 -0.999684 0.365689 -0.00367137 0.00396694 -0.000790005 0.00025215 -0.000726074 0.365052 -0.00148169 0.0222019 -0.000790005 0.00025215 -0.000726074 0.399138 -0.00107328 -0.00107328 0 0 0.0010869
106.044 1.83925 4.24632 0.0125425 1.93268 -0.000251588 -0.0252604 0.00246584 -0.999678 0.372511 -0.00413835 0.00426758 1.15967e-06 0.000629361 0.000754484 0.371836 -0.00229544 0.0230778 1.15967e-06 0.000629361 0.000754484 0.399361 -0.00101643 -0.00101643 0 0 0.000792853
107.008 1.84215 4.58604 0.0124999 1.94203 -0.000176478 -0.0254864 0.00198309 -0.999673 0.376027 -0.00444086 0.00314832 -8.69906e-05 -6.08697e-05 3.40448e-05 0.375165 -0.00294413 0.0225769 -0.000247616 -7.00024e-05 4.52442e-05 0.399542 -0.000897589 -0.000897589 0 0 0.000571504
108.75 1.91381 5.22266 0.0178872 1.95122 -0.000209166 -0.0257079 0.00171154 -0.999668 0.381549 -0.00304853 0.00400805 0.000184857 0.000262755 -0.000656498 0.380745 -0.00176579 0.0238011 0.000351604 0.000210194 -0.000761681 0.399794 -0.00107305 -0.00107305 0 0 0.000243902
109.774 2.03692 5.59386 0.0189008 1.94976 -0.000185569 -0.0259763 0.0017888 -0.999661 0.382017 -0.00334391 0.00405206 -2.75539e-05 0.000390412 0.000886401 0.381276 -0.00197162 0.0238783 -1.87274e-05 0.000569123 0.000941279 0.399939 -0.00148126 -0.00148126 0 0 -4.40397e-05
110.66 2.1927 5.90878 0.0216638 1.97118 -0.000255838 -0.0263477 0.00163631 -0.999651 0.380074 -0.00249282 0.00411408 8.32834e-05 0.00115083 0.000327294 0.379335 -0.00124253 0.0241307 8.32834e-05 0.00115083 0.000327294 0.399691 -0.00174447 -0.00174447 0 0 -0.00036733
111.4 1.91589 6.17785 0.0271926 1.9846 -0.00035982 -0.0265054 0.00200885 -0.999647 0.380934 -0.00136964 0.00259061 -0.00030686 0.000413882 -0.000206541 0.380328 0.000137251 0.0227767 -0.000305735 0.000365229 -0.000361241 0.399665 -0.00209811 -0.00209811 0 0 -0.000415598
112.226 2.00265 6.47869 0.0289595 2.00091 -0.000376092 -0.0266041 0.00186293 -0.999644 0.382571 -0.00171243 0.00132387 0.000431369 0.000247537 -0.00126818 0.381935 -0.000385073 0.0216975 0.000400259 0.000205134 -0.00118227 0.399097 -0.00287516 -0.00287516 0 0 -0.00116475
113.048 2.13203 6.79853 0.0290581 2.0024 -0.000345458 -0.0266173 0.00260687 -0.999642 0.385351 -0.00246112 -0.000259647 4.99062e-05 5.97778e-05 -0.00071795 0.384625 -0.000483977 0.0202237 -7.50651e-05 2.84814e-06 -0.000868788 0.399292 -0.00316621 -0.00316621 0 0 -0.000909506
114.066 2.03732 7.18714 0.0282648 2.00653 -0.000356385 -0.0266641 0.00305687 -0.99964 0.387235 -0.00298086 -0.000857216 -0.000225667 0.00104866 -0.000982651 0.386879 -0.000630034 0.0198513 -0.000240188 0.00100047 -0.00100579 0.399281 -0.00353817 -0.00353817 0 0 -0.000919962
114.898 1.94785 7.48676 0.0240631 2.00095 -0.000280284 -0.0268556 0.00356474 -0.999633 0.387485 -0.00427166 -0.000979588 -0.00036341 0.000234265 -0.000323161 0.386999 -0.00150453 0.0198289 -0.00036341 0.000234265 -0.000323161 0.399287 -0.00392953 -0.00392953 0 0 -0.000906303
115.824 1.87139 7.84434 0.0221728 1.96489 -0.000281683 -0.0268878 0.00387894 -0.999631 0.389425 -0.00413116 0.000587422 -1.39273e-05 0.000176584 -0.000188107 0.38885 -0.00110493 0.0215227 -1.39273e-05 0.000176584 -0.000188107 0.399445 -0.00393481 -0.00393481 0 0 -0.000699732
116.622 1.88489 8.15795 0.01961 1.98651 -0.000230645 -0.0272111 0.00399451 -0.999622 0.393875 -0.0048737 0.00518397 -0.000145701 -0.0124162 -0.001334 0.393036 -0.00172186 0.0266063 -0.000145701 -0.0124162 -0.001334 0.387832 -0.00398325 -0.00398325 0 0 -0.000761608
117.392 1.94332 8.44801 0.0185332 1.99263 -0.0001911 -0.023463 0.00432056 -0.999715 0.37652 -0.00488698 0.00375078 2.37491e-05 -0.00730435 -0.000868051 0.378298 -0.00159358 0.0217209 -9.67713e-05 -0.00742483 -0.000861647 0.329937 -0.00354314 -0.00354314 0 0 -0.000699702
119.262 1.88261 9.05068 0.0171157 1.97754 -9.57675e-05 -0.0175874 0.00510702 -0.999832 0.30554 -0.00482444 0.00226909 -5.82185e-05 -0.00624193 -0.00027452 0.305304 -0.00170286 0.0130147 -5.82185e-05 -0.00624193 -0.00027452 0.209726 -0.0024635 -0.0024635 0 0 -0.000510087
120.048 1.89984 9.26985 0.0160505 1.98345 -0.000115721 -0.015203 0.00559188 -0.999869 0.274667 -0.00499978 0.00500812 -0.00010311 -0.00570013 -0.00182147 0.27569 -0.00188826 0.013499 -0.000116505 -0.00565455 -0.00181242 0.165396 -0.00287395 -0.00287395 0 0 -0.00206343
121.04 1.9685 9.50973 0.0136753 2.00734 -5.55311e-05 -0.0123842 0.0067985 -0.9999 0.237102 -0.00473307 0.00520318 0.000515689 -0.00492982 -0.00257887 0.238343 -0.00157665 0.0112565 0.000529532 -0.00492543 -0.0025189 0.118882 -0.00255092 -0.00255092 0 0 -0.00264895
122.158 2.0644 9.72219 0.0105746 2.03779 -6.70701e-05 -0.0117158 0.00868343 -0.999894 0.197387 -0.00494747 -0.0241416 0.00335832 0.117081 -0.00284392 0.198383 -0.00143887 -0.0090029 0.00107979 0.033013 -0.00299275 0.277813 -0.0105746 -0.0105746 0 0 0.000229827
122.966 2.11426 9.88078 0.00661413 2.01838 -0.000125027 -0.0122554 0.00913381 -0.999883 0.23767 -0.00735088 -0.0188577 0.000391551 -0.026237 0.00159569 0.238155 -0.00300826 -0.0130243 0.000391551 -0.026237 0.00159569 0.119218 -0.00661413 -0.00661413 0 0 0.000700985
123.876 2.16891 10.0388 0.00613802 1.99406 -0.00026649 -0.00295549 0.00866864 -0.999958 0.159143 -0.00602596 0.00713552 0.000504822 -0.0138091 0.00107006 0.162406 -0.00323389 0.00757115 0.000492204 -0.0139354 0.00114731 -0.0388155 -0.00613802 -0.00613802 0 0 0.000212579
124.824 2.22164 10.1219 0.0043379 2.00351 -0.000289186 0.00124183 0.00859564 -0.999962 0.075986 -0.00518435 0.000782651 -0.000290235 -0.00389855 0.000583571 0.078394 -0.00387215 0.000902346 -0.000317995 -0.00434362 0.000552504 -0.121864 -0.0043379 -0.0043379 0 0 0.000137235
125.806 2.24592 10.1401 -0.00348284 2.01341 0.000207081 0.00247536 0.0085003 -0.999961 0.0247508 -0.00415431 -0.0100028 -0.00100355 -0.00205591 0.00027318 0.0264089 -0.00380281 -0.0100629 -0.00101294 -0.00239677 0.000257385 -0.140079 0.00348284 0.00348284 0 0 3.65442e-05
126.704 1.90156 10.1294 -0.00581897 1.99753 0.00030424 0.00259779 0.00847847 -0.999961 0.00417303 -0.000927464 0.00199165 -0.000410215 0.00058174 0.000505148 0.00474062 -0.000918907 0.00130129 -0.000385667 5.78218e-05 0.000508306 -0.129379 0.00581897 0.00581897 0 0 1.33981e-05
127.662 1.8986 10.1005 -0.00870195 1.99128 0.000552512 0.00175054 0.00849946 -0.999962 -0.00486053 0.000913637 0.00509442 -0.000102189 0.00036765 0.000797493 -0.0048012 0.000763154 0.00409312 -5.96029e-05 0.000333526 0.000809388 -0.100457 0.00870195 0.00870195 0 0 3.51433e-05
128.722 1.88848 10.0686 -0.0083059 1.98681 0.000632298 0.000779485 0.00831802 -0.999965 -0.00621235 0.00223944 0.0142367 0.000423708 0.00171063 0.000211647 -0.00644988 0.00202148 0.0145231 0.000337906 0.00171173 0.000250933 -0.0686445 0.0083059 0.0083059 0 0 -0.000154405
129.736 1.90129 10.0471 -0.00204737 2.00099 0.000262628 0.000135789 0.00843409 -0.999964 -0.00372787 0.00215743 0.00152544 0.000744904 -4.66765e-05 -0.000559521 -0.0037633 0.00209344 0.00152758 0.000744904 -4.66765e-05 -0.000559521 -0.0471191 0.00204737 0.00204737 0 0 -3.23788e-05
130.642 1.90405 10.0378 -0.00158799 2.00403 0.000279963 4.41615e-05 0.00880515 -0.999961 -0.00458183 -2.39661e-05 -0.000609392 -0.000969929 0.000800634 0.00162263 -0.00452486 -4.701e-05 4.45026e-05 -0.0009473 0.00100785 0.00153313 -0.0378294 0.00158799 0.00158799 0 0 0.000356234
131.732 1.9005 10.0309 -0.00325476 1.9915 0.00038804 -0.000111448 0.00847147 -0.999964 -0.00578901 -0.000337941 0.0082113 -0.00122974 -0.000188147 0.00140095 -0.00576906 -0.000329233 0.00697933 -0.000930221 -3.79559e-05 0.00147116 -0.030899 0.00325476 0.00325476 0 0 6.85348e-06
133.406 1.90386 10.0275 0.000297915 2.00436 0.000218871 -6.12897e-05 0.00843506 -0.999964 -0.00994988 0.000786882 8.50485e-05 0.000350889 0.00011486 0.00134164 -0.00996175 0.000618883 8.41357e-05 0.000350889 0.00011486 0.00134164 -0.0275402 -0.000297915 -0.000297915 0 0 -3.13127e-05
134.362 1.89913 10.0271 0.000309927 2.00176 0.000238416 -4.08484e-05 0.00844981 -0.999964 -0.0122574 5.76838e-05 0.000511857 -0.000135784 -0.000491028 0.000474499 -0.0121928 -0.000149654 0.00107144 -0.000155695 -0.000512296 0.000385701 -0.02705 -0.000309927 -0.000309927 0 0 -1.58681e-05
135.294 1.89127 10.0321 0.00129759 1.99166 0.00012373 0.000415615 0.00836666 -0.999965 -0.0138806 0.000376274 0.00964476 6.47778e-05 -0.000714935 0.000776051 -0.0138769 0.000141641 0.00965636 6.47778e-05 -0.000714935 0.000776051 -0.0320997 -0.00129759 -0.00129759 0 0 -0.000103012
136.286 1.90912 10.0318 -0.000394944 2.01021 0.000197467 0.000513222 0.00851472 -0.999964 -0.0171511 -0.000258543 -0.00846082 -0.000973302 0.000237377 0.000678037 -0.0171529 -0.000547305 -0.00844338 -0.000973302 0.000237377 0.000678037 -0.0317545 0.000394944 0.000394944 0 0 5.19921e-05
137.2 1.90989 10.0312 -0.00229188 2.00884 0.000367693 0.000674805 0.00853309 -0.999963 -0.0165821 0.000826309 -0.00835705 0.000183935 -0.000829564 0.00121865 -0.016632 0.000494728 -0.00859257 0.000123436 -0.000818583 0.00122584 -0.0312433 0.00229188 0.00229188 0 0 7.10839e-05
138.276 1.91201 10.031 0.00331394 2.00719 -0.000129252 0.000898779 0.00824409 -0.999966 -0.0166521 0.00224234 -0.0102046 0.00115154 -0.00109773 -0.000715415 -0.0168651 0.00207969 -0.0109156 0.00154429 -0.00114706 -0.000731526 -0.0309725 -0.00331394 -0.00331394 0 0 -0.000231181
