40.95 0.929305 -0.00257061 0.0153603 0.654223 6.73129e-05 6.89559e-05 -0.510698 -0.85976 -0.00121316 -0.00232971 -0.031007 0.00287104 0.000483592 0.267039 -0.00267964 -0.00013373 -0.0341721 0.00238298 0.000448141 0.268501
41.612 0.924025 -0.00152218 0.0143238 0.652906 -0.00026076 -0.000195292 -0.572732 -0.819742 0.00125584 -0.00392576 -0.0477995 -0.000926438 0.000133958 0.168607 -0.00316081 -0.00246378 -0.0482349 -0.000870462 -0.000175475 0.173996
42.244 0.916492 -0.000551699 0.0133249 0.641502 -8.71991e-05 -0.000202153 -0.608865 -0.793274 0.00135288 -0.00367916 -0.0400048 0.000222533 -0.000622226 0.114102 -0.00328705 -0.00235403 -0.0408726 0.000176405 -0.000535259 0.116785
42.558 0.908668 -0.000383569 0.0145037 0.631861 -0.000147981 -0.000156272 -0.622639 -0.782509 0.000987892 -0.00274159 -0.0343321 0.000293395 -0.000400694 0.0986328 -0.0025112 -0.00165905 -0.0350209 0.000270659 -0.000409194 0.100678
42.89 0.900746 0.000113436 0.0156545 0.624276 -0.000170126 -0.000115063 -0.63409 -0.773259 0.000804928 -0.0022738 -0.0276596 -0.000225746 -0.00028626 0.0886052 -0.00207315 -0.001246 -0.027659 -0.000225746 -0.00028626 0.0886052
43.216 0.897558 0.0010748 0.0172155 0.61947 -2.16231e-06 5.36714e-05 -0.645459 -0.763795 0.000364795 -0.00154694 -0.024696 -0.00284214 -0.000232891 0.0998733 -0.00165038 -0.000755819 -0.0249143 -0.00303416 -0.000115469 0.0975468
43.468 0.891032 0.00167766 0.0195143 0.612458 3.92799e-05 0.000227761 -0.65591 -0.754839 -0.000714387 -0.000123776 -0.0206956 0.000771439 -0.00166615 0.127878 -0.000384997 0.000535369 -0.0213214 0.000502063 -0.00159748 0.126092
43.718 0.885768 0.00204406 0.0212118 0.606508 -0.000122071 0.000257144 -0.667939 -0.744216 -0.00184225 0.000111597 -0.0173121 0.00128546 -0.000520486 0.140296 -9.6938e-05 0.00184636 -0.0173118 0.00128546 -0.000520486 0.140296
44.19 0.875465 0.00243279 0.0223994 0.592995 -0.000309027 4.89539e-05 -0.691341 -0.722528 -0.00166243 -0.000387988 -0.012104 -0.000330881 -0.000148706 0.137093 -0.000466942 0.00163912 -0.0121044 -0.000330881 -0.000148706 0.137093
44.7 0.863491 0.00526322 0.0236431 0.581195 -0.000325035 0.000230035 -0.712908 -0.701258 0.000759713 8.33337e-05 -0.00373263 -0.00178864 3.97977e-05 0.111192 6.78715e-05 -0.00076146 -0.00373259 -0.00178864 3.97977e-05 0.111192
44.944 0.58228 0.00764205 0.023556 0.57951 -0.000170976 0.000360233 -0.72231 -0.691569 0.00230589 -2.74445e-07 0.000517252 -0.00181092 0.000138461 0.0989474 -9.7365e-05 -0.00230083 0.000505558 -0.00191837 0.000131101 0.0997123
45.446 0.583706 0.00997655 0.0233601 0.584197 -0.000166804 0.000366397 -0.738391 -0.674373 0.00154937 0.000245761 0.00474486 0.0003539 0.000285619 0.0690145 0.00011014 -0.00161559 0.00345926 0.000483061 -0.000129219 0.0714538
45.986 0.596964 0.0107161 0.026527 0.59779 0.00201367 -0.00135333 -0.748912 -0.662666 -0.00149471 0.0174316 0.014351 -8.10169e-05 -0.00704935 0.0454787 0.0174146 -0.000647818 0.0144345 -8.10169e-05 -0.00704935 0.0454787
46.306 0.607142 0.0104695 0.0288446 0.60867 0.00172781 -0.00111564 -0.753511 -0.657432 -0.00224708 0.0207477 0.0374785 0.00234968 -0.0125624 0.0392316 0.0207081 -0.000608413 0.0375628 0.00234968 -0.0125624 0.0392316
46.538 0.620605 0.0105015 0.0309828 0.622964 0.000717224 -0.000418974 -0.756606 -0.65387 -0.0011627 0.0183109 0.0434568 -0.000681328 0.000963949 0.0340045 0.0182151 -0.00151615 0.0434861 -0.000681328 0.000963949 0.0340045
46.972 0.643922 0.0104616 0.0346459 0.643942 0.00131842 -0.00073865 -0.760771 -0.649019 -0.000180065 0.0160447 0.0491024 -0.000616377 0.00158945 0.0266322 0.015727 -0.00237884 0.0491479 -0.000616377 0.00158945 0.0266322
47.222 0.65646 0.00895216 0.0378925 0.659679 0.001487 -0.0008902 -0.76293 -0.646479 -0.00140344 0.0163744 0.0579991 0.000517058 0.00148215 0.0245973 0.0161843 -0.00133583 0.0580541 0.000517058 0.00148215 0.0245973
47.476 0.671822 0.00824883 0.0392825 0.674674 0.00174951 -0.00152777 -0.76491 -0.644134 -0.00105959 0.0156751 0.0595875 0.00323297 0.00784136 0.0167694 0.0153498 -0.00161846 0.0596596 0.00323297 0.00784136 0.0167694
47.708 0.686901 0.00782064 0.0419995 0.690581 0.00199399 -0.00192212 -0.765807 -0.643064 0.000216794 0.0182624 0.0638316 -0.000680105 0.00115922 -0.000596611 0.0175967 -0.00334741 0.0639311 -0.000680105 0.00115922 -0.000596611
48.182 0.724049 0.00651681 0.0544434 0.731463 0.00209903 -0.00160833 -0.764383 -0.644757 0.000750831 0.0248531 0.0681611 -0.000850241 -0.000694967 -0.0242242 0.0238387 -0.00520943 0.0680837 -0.00110367 -0.00100304 -0.0233289
48.508 0.753527 0.00616049 0.0628308 0.752923 0.00106408 -0.000586851 -0.761991 -0.647587 0.00155913 0.0251558 -0.0123057 -0.00291983 -0.0359823 -0.0287465 0.0251382 -0.00529949 -0.00316349 -0.00302213 -0.0334065 -0.0268644
48.762 0.766373 0.00639107 0.0715836 0.772074 0.00282736 -0.00303032 -0.758959 -0.651125 0.00405337 0.0248047 0.0660624 0.00206657 0.0328517 -0.043017 0.0221797 -0.00737125 0.0681735 0.00285845 0.0380009 -0.042137
49.062 0.791667 0.00611544 0.080917 0.796421 0.00339513 -0.00325577 -0.754694 -0.656061 0.0046887 0.034846 0.0677235 -0.00141727 -0.00580441 -0.0545231 0.0321883 -0.0094853 0.0679632 -0.00167708 -0.00618346 -0.0535229
49.346 0.81479 0.00495435 0.0920163 0.822083 0.00343235 -0.00316888 -0.749747 -0.661709 0.00420878 0.0400678 0.074316 0.000172547 0.00260265 -0.056368 0.0379837 -0.00922335 0.074586 0.000210809 0.00298901 -0.0566939
49.902 0.859713 -0.00208263 0.123465 0.859741 0.0049101 -0.00348229 -0.741059 -0.671413 -0.00248029 0.0565455 0.0783405 0.00114743 -0.00560535 -0.0189329 0.0547491 -0.00354711 0.0791415 0.000715718 -0.00609665 -0.0220755
50.35 0.895078 -0.0103539 0.153541 0.897046 0.00498194 -0.00404122 -0.739774 -0.672825 -0.00671143 0.0648367 0.0885805 0.00140707 -5.2434e-05 0.00472967 0.0635619 0.000502876 0.0894543 0.00167918 0.000153992 0.00432415
50.638 0.91983 -0.0150864 0.173101 0.915236 0.00452179 -0.00478115 -0.740757 -0.671741 -0.00668585 0.0690646 0.0878723 0.0126551 -0.0038608 -0.00163329 0.0682283 1.0008e-05 0.0887753 0.0126551 -0.0038608 -0.00163329
51.184 0.973462 -0.0217698 0.213325 0.965762 0.00445748 -0.00512477 -0.736528 -0.676373 -0.00155179 0.0751795 0.0932656 -0.00115339 0.000543541 -0.0379807 0.0737734 -0.00470129 0.0942773 -0.00115339 0.000543541 -0.0379807
51.56 1.01142 -0.0261746 0.246789 1.00265 0.00559723 -0.00529844 -0.73052 -0.682848 -0.00185972 0.0821927 0.117744 -0.0177905 0.00260759 -0.0351246 0.0796198 -0.00391093 0.116939 -0.0160936 0.0040062 -0.0375504
51.896 1.05098 -0.0284122 0.276677 1.03043 0.00660985 -0.004998 -0.727761 -0.685781 -0.00667806 0.0894058 0.125026 0.000976865 0.00105783 -0.00612707 0.0875724 0.0011354 0.126488 0.000976865 0.00105783 -0.00612707
52.222 1.07417 -0.031644 0.313426 1.05176 0.00668926 -0.00540021 -0.72821 -0.685301 -0.00976608 0.0976679 0.138326 0.00106155 0.000466457 0.0129917 0.0956945 0.00364252 0.139992 0.00106155 0.000466457 0.0129917
52.616 1.13112 -0.034566 0.353285 1.10077 0.00686233 -0.00608423 -0.730176 -0.683197 -0.00989572 0.104051 0.147794 0.00124109 0.003467 0.0152508 0.100912 0.00290868 0.149711 0.00214283 0.00450676 0.0157717
53.03 1.20537 -0.0385886 0.405336 1.17407 0.00751807 -0.0068817 -0.731348 -0.681928 -0.00948802 0.117214 0.157272 -0.000281117 -0.00189993 0.00810132 0.113346 0.00145025 0.160064 0.000163969 -0.000201448 0.00866657
53.344 1.28279 -0.0417849 0.446793 1.25069 0.0126589 -0.0115765 -0.731571 -0.68155 -0.0103186 0.136071 0.255139 -0.000471333 0.0515368 0.00479867 0.127628 0.000589966 0.25967 -0.000471333 0.0515368 0.00479867
53.648 1.37466 -0.0469712 0.493222 1.33378 0.0125634 -0.0115593 -0.731482 -0.681647 -0.0132011 0.16721 0.250702 0.000289942 -0.0129079 0.0037622 0.159068 0.0013345 0.256282 0.000289942 -0.0129079 0.0037622
54.04 1.50067 -0.0513573 0.556585 1.43607 0.0121376 -0.0109061 -0.731919 -0.681196 -0.0135957 0.183571 0.24817 -0.00109783 0.000144539 0.00252106 0.175879 0.000255745 0.254043 -0.00109783 0.000144539 0.00252106
54.516 1.62499 -0.0575678 0.649698 1.55548 0.0121192 -0.010723 -0.73183 -0.681295 -0.0145441 0.196875 0.24919 -7.23556e-05 -2.90179e-05 0.00299517 0.189247 0.000237321 0.255446 -7.23556e-05 -2.90179e-05 0.00299517
55.11 1.73675 -0.069436 0.760582 1.59055 -0.0022082 0.00267381 -0.735478 -0.677539 -0.0113101 0.116441 -0.0217854 0.00270223 0.0434804 0.0488499 0.123378 0.00169852 -0.0237157 0.00196824 0.038637 0.0450001
55.574 1.76076 -0.0763194 0.810945 1.61603 0.0077924 -0.00928277 -0.743631 -0.668481 -0.00734998 0.0872194 0.241212 0.0295482 0.212141 0.0562094 0.0787642 -0.000217428 0.24737 0.029525 0.21389 0.0585576
56.054 1.84241 -0.0789633 0.869701 1.64895 0.000101043 -0.00061518 -0.744484 -0.66764 -0.00210282 0.139479 -0.00640192 -0.00949861 -0.138239 -0.0561812 0.143985 -0.013659 -0.00910506 -0.0190143 -0.194773 -0.0400096
56.496 1.89929 -0.0802659 0.916104 1.72416 0.0163078 -0.0104379 -0.73023 -0.682928 -0.0100892 0.118676 0.157416 0.00773324 -0.0353346 -0.0807877 0.104147 -0.0016213 0.240512 -0.0159173 0.0826565 -0.0912517
57.036 1.90821 -0.0877682 0.971878 1.70869 -0.000391098 0.000747309 -0.728523 -0.68502 -0.0131075 0.087529 -0.00114029 0.00247293 0.0291955 0.0402527 0.0909315 0.00792744 -0.00177502 0.00271163 0.0304107 0.0336725
57.69 1.9195 -0.097815 1.01491 1.72087 0.000507965 -0.000661613 -0.741672 -0.670762 -0.0101201 0.0687609 -0.0115028 0.000164677 6.25766e-05 0.0740695 0.0698494 0.00343512 -0.0105717 0.000196862 -6.71318e-06 0.0743973
58.106 1.88937 -0.103049 1.03672 1.81322 0.0165612 -0.0112892 -0.750573 -0.660483 -0.0261812 0.123692 0.220694 0.00351012 -0.016772 0.0656303 0.109567 0.00827421 0.231872 0.00262049 -0.00433283 0.0662297
58.61 1.85555 -0.111918 1.07845 1.89113 0.0151092 -0.00945206 -0.760357 -0.649261 -0.0324028 0.142097 0.20071 -0.00344135 0.0460362 0.0585438 0.13346 0.00807702 0.206627 -0.00936732 0.0905474 0.0592102
59.378 1.78934 -0.132165 1.14645 1.94811 -0.00117964 0.000554858 -0.775121 -0.631812 -0.019364 0.0863778 -0.0277046 -0.00152272 0.037277 0.0762027 0.0884377 0.00153268 -0.0279294 -0.00152272 0.037277 0.0762027
59.764 1.76026 -0.135504 1.16409 2.00648 0.0101021 -0.0109728 -0.782587 -0.622363 -0.0121398 0.0925679 0.0253526 -0.0292076 -0.124108 0.0313116 0.0921363 -0.00889121 0.0281212 -0.0292076 -0.124108 0.0313116
60.588 1.79833 -0.144593 1.20942 2.05161 0.0142558 -0.0108786 -0.780689 -0.624662 -0.0120335 0.0645741 0.272958 0.000875214 0.158712 0.0185966 0.0558134 -0.00264956 0.275134 0.000875214 0.158712 0.0185966
61.418 1.69344 -0.168031 1.31778 2.25573 0.0150712 -0.0121973 -0.784602 -0.619697 -0.0389536 0.161119 0.180946 0.000920155 0.0571054 0.00763736 0.15862 0.00065363 0.187236 0.000920155 0.0571054 0.00763736
61.982 1.55449 -0.196078 1.43521 2.37302 0.0156412 -0.0128235 -0.785276 -0.618816 -0.0501395 0.204182 0.183592 -0.00126446 -0.00432639 0.00208078 0.20265 0.00115458 0.191943 -0.00126446 -0.00432639 0.00208078
62.442 1.38491 -0.220131 1.54376 2.42764 0.000897438 -0.00196558 -0.784254 -0.620436 -0.0472438 0.194643 -0.0235652 0.0130563 -0.185682 -0.0623102 0.20038 0.00113991 -0.0227969 0.0130563 -0.185682 -0.0623102
62.924 1.29081 -0.237773 1.63446 2.43529 0.0013964 -0.000598049 -0.767264 -0.641329 -0.0207432 0.0979292 -0.0215937 -0.0128289 0.0209509 -0.0728205 0.103305 0.00240932 -0.0201025 -0.0160323 0.0285534 -0.0928179
63.956 1.16751 -0.252392 1.74397 2.4266 0.00268522 -0.00186988 -0.744908 -0.667159 -0.00805819 0.0637012 -0.017779 -0.024745 -0.00124488 -0.205285 0.064315 0.00102987 -0.0173608 -0.024745 -0.00124488 -0.205285
64.578 1.12586 -0.257508 1.78194 2.4162 0.00271466 -0.0016319 -0.740932 -0.671572 -0.0189743 0.0558093 -0.00335018 0.00773296 -0.000445763 0.118208 0.0574194 0.0134192 -0.00297692 0.00773296 -0.000445763 0.118208
65.078 1.10064 -0.261922 1.81061 2.45802 0.0109692 -0.00813234 -0.759077 -0.650858 -0.0233093 0.0782457 0.151868 0.000398183 0.0143091 0.0977395 0.0767194 0.0107995 0.154036 0.000398183 0.0143091 0.0977395
66.174 1.02718 -0.277696 1.89846 2.54554 0.010218 -0.00698619 -0.780999 -0.62441 -0.0312568 0.0961945 0.136121 0.00189801 -0.0123975 0.0597815 0.0973241 0.00906355 0.138583 0.00189801 -0.0123975 0.0597815
66.826 0.972569 -0.292487 1.97518 2.58122 0.00516466 -0.00414565 -0.791352 -0.611325 -0.0377034 0.113523 0.0128353 0.012794 -0.09489 0.0499493 0.119478 0.00819198 0.0423787 0.0128237 -0.0832218 0.0492417
67.44 0.910207 -0.301505 2.03204 2.58751 0.000695294 -0.00122779 -0.80288 -0.59614 -0.0204658 0.0674831 -0.012627 -5.05021e-05 0.00887173 0.0822968 0.0720066 0.000338326 -0.011996 0.000188502 0.0104066 0.0817552
68.204 0.86358 -0.305326 2.07495 2.58766 0.00119538 -0.00150941 -0.822032 -0.569439 -0.0147777 0.05084 -0.00918851 0.000871729 0.00168908 0.102946 0.0528237 -0.00404448 -0.00898943 0.000871729 0.00168908 0.102946
68.726 0.85286 -0.306417 2.0932 2.6313 0.004748 -0.00420789 -0.83577 -0.549043 -0.0175364 0.0556215 0.135117 0.00241598 0.00726805 0.0709276 0.0563105 -0.0057449 0.135845 0.00241598 0.00726805 0.0709276
69.986 0.870557 -0.315178 2.15292 2.81686 0.00124515 -0.00122569 -0.840629 -0.541608 -0.0163236 0.0461942 0.146154 -0.000114786 0.00113321 -0.00426795 0.0488606 -0.00430174 0.146469 -0.0002083 0.00201198 -0.00434294
70.568 0.900136 -0.317205 2.17045 2.90636 0.00143604 -0.00138794 -0.84037 -0.542009 -0.0143047 0.0383804 0.151232 -0.000462761 0.0012502 -0.00353185 0.0402709 -0.00268127 0.151393 -0.000462761 0.0012502 -0.00353185
71.996 0.955981 -0.316531 2.20558 3.01409 0.00109703 -0.00163236 -0.824475 -0.565894 -0.00422841 0.0293166 -0.00936182 -0.00266165 5.98639e-05 -0.148092 0.0289106 -0.00660785 -0.0092466 -0.00266165 5.98639e-05 -0.148092
72.676 0.938246 -0.316841 2.22485 3.01481 0.00130679 -0.00114583 -0.795964 -0.605341 -0.00394403 0.0260908 -0.00807203 -0.000735517 -7.18358e-05 -0.143523 0.0263354 -0.00338445 -0.00757048 -0.000694482 0.000153848 -0.145945
73.362 0.923585 -0.320059 2.24374 3.01252 0.00121724 -0.00100946 -0.771262 -0.636516 -0.0046826 0.0235373 -0.00638431 0.00109359 -0.000187488 -0.113104 0.0240182 0.000132706 -0.00630838 0.00109359 -0.000187488 -0.113104
74.154 0.918091 -0.321231 2.2594 3.02256 0.00136028 -0.000905643 -0.744321 -0.66782 -0.00248222 0.0195741 -0.0153083 -0.000597808 -0.000176677 -0.102649 0.0197771 0.00036025 -0.0152443 -0.000597808 -0.000176677 -0.102649
74.74 0.924307 -0.324185 2.27586 3.0542 0.00760031 -0.00790993 -0.727341 -0.686189 -0.000574348 0.0521003 0.0765867 -0.00173567 -0.0132655 -0.0657842 0.047291 -0.00219894 0.0777531 -0.00180102 -0.0102103 -0.0675683
76.168 0.878195 -0.329686 2.36608 3.06882 0.00809287 -0.00840184 -0.700804 -0.713259 0.00232392 0.0477932 0.0829434 -0.00121403 0.0258307 -0.0522711 0.0458788 -0.0014624 0.0840369 -0.00121403 0.0258307 -0.0522711
77.664 0.936025 -0.335133 2.4962 3.23273 0.00492617 -0.00374922 -0.690661 -0.723152 0.00196428 0.0891065 0.111153 0.00144472 0.000652383 0.00965901 0.0877368 0.00191382 0.112238 0.00144472 0.000652383 0.00965901
78.298 0.984155 -0.342738 2.55507 3.32278 0.00531495 -0.00447545 -0.693264 -0.72065 0.00125411 0.095539 0.124149 -0.000327163 -0.00128685 0.0161321 0.0934799 0.00240084 0.125602 -0.000243533 -0.00177224 0.0162773
79.106 1.02869 -0.349758 2.63199 3.38533 0.00751962 -0.0063721 -0.696481 -0.717508 0.000981564 0.118509 0.0818524 0.000448066 -0.00408725 0.0174885 0.116857 0.00238386 0.0841659 0.000448066 -0.00408725 0.0174885
80.002 1.06041 -0.355655 2.73813 3.43472 0.00764353 -0.0081117 -0.696292 -0.717672 0.00866397 0.137702 0.0254824 -0.00526074 0.00484656 -0.0159373 0.136922 -0.00442172 0.0368881 -0.00211847 0.00112275 -0.015516
80.668 1.04849 -0.360214 2.83004 3.42955 0.00922284 -0.00865354 -0.69371 -0.720144 0.00403529 0.151697 0.00434088 0.00105662 -0.000915048 -0.00271796 0.150985 0.00142698 0.00796843 0.00120025 -0.00141931 -0.00366632
82.264 1.04607 -0.359968 3.09015 3.45081 0.00906423 -0.00916728 -0.682185 -0.731066 0.0105409 0.160413 0.00353171 0.00219717 -0.00192457 -0.0258332 0.160614 0.000563359 0.00767381 0.00219717 -0.00192457 -0.0258332
82.942 1.0643 -0.355409 3.20882 3.46453 0.00880408 -0.00939131 -0.67878 -0.734229 0.00951153 0.167935 0.0031372 -0.000693032 -0.00015506 -0.00388393 0.167704 0.00384911 0.00738436 -0.000469377 -5.17218e-05 -0.00456564
83.542 1.06523 -0.349734 3.31205 3.46361 0.00936788 -0.00945643 -0.67822 -0.734738 0.00843621 0.175117 -0.0195582 0.00104807 -0.00345662 0.00209204 0.17569 0.00559391 -0.0148843 0.00104807 -0.00345662 0.00209204
84.256 1.05379 -0.3455 3.45366 3.45215 0.00902928 -0.00986666 -0.679344 -0.733698 0.00789281 0.180246 -0.0308195 -0.000430775 0.000640656 0.00461617 0.181066 0.00615202 -0.0260364 -0.000225974 0.000416772 0.00499503
85.766 1.01361 -0.332145 3.72924 3.40172 0.00924903 -0.00929233 -0.68536 -0.728087 0.00456553 0.180272 -0.0524549 6.91143e-05 0.00118741 0.0143122 0.181532 0.00636834 -0.0477089 6.91143e-05 0.00118741 0.0143122
86.488 0.973028 -0.326435 3.86574 3.35904 0.00900291 -0.0090961 -0.688581 -0.725046 0.00495008 0.176755 -0.0472677 -0.000371306 0.00140409 0.0114636 0.17803 0.00429722 -0.0428026 -0.000294307 0.00162562 0.0116659
87.138 0.968135 -0.319891 3.98283 3.34456 0.00876078 -0.00849188 -0.690627 -0.723108 0.00544251 0.173758 -0.0352035 -0.000735868 0.00231062 0.0110311 0.174773 0.00257639 -0.030817 -0.000841337 0.00256062 0.0109
87.93 0.984936 -0.318986 4.12557 3.31799 0.00843862 -0.00880361 -0.693811 -0.720054 0.00324561 0.173506 -0.0643054 0.00667893 -0.00177787 0.01326 0.175024 0.0031913 -0.060055 0.00667893 -0.00177787 0.01326
88.74 0.98605 -0.318689 4.26799 3.26996 0.0083411 -0.00903471 -0.694559 -0.719331 0.00613801 0.173408 -0.0722249 -2.32644e-06 -0.00193151 -0.00317516 0.175239 -9.81382e-05 -0.0679372 -2.32644e-06 -0.00193151 -0.00317516
89.648 1.0021 -0.313993 4.42804 3.20802 0.00845114 -0.0090191 -0.692762 -0.721061 0.00701118 0.172738 -0.0725767 0.000162522 0.000278327 -0.00674182 0.174689 -0.000205995 -0.0682371 0.000131956 0.000240102 -0.00680936
90.446 1.04145 -0.31034 4.56732 3.15266 0.00873346 -0.00936383 -0.691083 -0.722662 0.00718092 0.174411 -0.0740886 6.10477e-06 0.000139223 -0.00454724 0.176255 0.000611315 -0.0696292 4.09672e-05 0.000203105 -0.0046096
92.096 1.17446 -0.299407 4.86913 3.02578 0.00913895 -0.00985391 -0.689137 -0.724507 0.00803901 0.184378 -0.0783847 -0.000111697 -0.00017138 -0.00245225 0.186523 0.00118302 -0.0735001 -1.15623e-05 -0.00020198 -0.00242731
92.806 1.26557 -0.292846 5.01013 2.96919 0.0107643 -0.0115643 -0.688355 -0.725202 0.00949316 0.200886 -0.0962586 -0.00075462 -0.00292685 -0.00147046 0.204048 0.000956692 -0.0898574 -0.00075462 -0.00292685 -0.00147046
93.808 1.4042 -0.280073 5.23934 2.81523 0.0154606 -0.0165097 -0.687761 -0.725585 0.0139337 0.265683 -0.145588 0.000132049 -0.00197378 -0.00165903 0.27123 0.000225538 -0.133343 0.000170964 -0.00277482 -0.00164222
94.702 1.6252 -0.267883 5.49675 2.6748 0.0155925 -0.0166791 -0.687146 -0.72616 0.0149977 0.283615 -0.141448 -0.000291998 0.00018963 -0.000818048 0.28946 0.000695418 -0.128309 -0.000288786 7.47175e-05 -0.000864918
95.636 1.86467 -0.256423 5.78728 2.53474 0.0158176 -0.0170709 -0.686678 -0.726589 0.0148047 0.29632 -0.137966 5.72422e-05 0.000140884 -0.000200378 0.302782 0.00188157 -0.124013 5.72422e-05 0.000140884 -0.000200378
96.33 2.07402 -0.246763 6.02079 2.41427 0.0159213 -0.0173256 -0.686554 -0.726698 0.0149528 0.305548 -0.131706 0.000195324 0.000737997 -0.00108104 0.311761 0.00233481 -0.117171 0.000195324 0.000737997 -0.00108104
97.96 1.76753 -0.222009 6.57469 2.18696 0.0160567 -0.0177642 -0.685671 -0.727518 0.0153283 0.323917 -0.132575 -0.000129215 7.90447e-05 -0.000425555 0.330005 0.003798 -0.116962 -9.49257e-05 7.92104e-07 -0.000459065
99.704 1.61907 -0.178076 7.15619 1.93475 0.0164301 -0.0181018 -0.685043 -0.728092 0.0188334 0.336735 -0.125849 0.000518275 -0.000462105 -0.00196927 0.343004 0.00159575 -0.109219 0.000518275 -0.000462105 -0.00196927
100.604 1.62085 -0.156694 7.48397 1.81801 0.0165568 -0.0181649 -0.684675 -0.728435 0.0194279 0.345648 -0.122918 0.000146363 -0.000395054 -6.87486e-05 0.351809 0.0019102 -0.105761 0.000146363 -0.000395054 -6.87486e-05
101.614 1.67184 -0.135512 7.83188 1.71489 0.0166031 -0.0182937 -0.684725 -0.728383 0.0196164 0.351447 -0.12386 0.000153642 -2.75832e-06 -0.00153195 0.357487 0.00197147 -0.105931 0.000132629 5.18143e-05 -0.00156954
103.438 1.87952 -0.0971999 8.44985 1.50928 0.015004 -0.0167396 -0.684689 -0.728488 0.019059 0.349439 -0.109514 0.000166407 -0.00789927 -0.000167052 0.354516 0.00250932 -0.0936811 0.000166407 -0.00789927 -0.000167052
104.47 2.84284 -0.0742713 8.77381 1.40848 0.012815 -0.0143033 -0.684679 -0.728592 0.0187278 0.320418 -0.0869019 -0.000342502 -0.0066764 -0.000112697 0.324062 0.00112729 -0.0745168 -0.000342502 -0.0066764 -0.000112697
105.472 2.57749 -0.0513306 9.06249 1.33494 0.0108018 -0.0120821 -0.684708 -0.728638 0.0175168 0.289208 -0.0686699 -3.73999e-05 -0.0065114 0.000419951 0.292986 0.000464665 -0.0603206 0.000119133 -0.00669176 0.000378577
106.566 2.35387 -0.0327179 9.33028 1.24366 0.00875525 -0.00986079 -0.685246 -0.728193 0.0147694 0.250073 -0.0529915 -4.9483e-05 -0.00425351 0.0018762 0.25322 0.000437248 -0.0468006 -2.33205e-05 -0.00411724 0.00186718
107.42 1.22562 -0.0187854 9.50276 1.20274 0.00761202 -0.00850496 -0.685986 -0.727526 0.0134149 0.220281 -0.039458 5.83149e-05 -0.00269408 0.00337798 0.221531 -0.000477687 -0.0344116 5.83149e-05 -0.00269408 0.00337798
108.512 1.25301 -0.00744292 9.69029 1.18465 0.00634556 -0.00731881 -0.687836 -0.725801 0.0100339 0.183803 -0.0319406 -0.000963057 -0.0017823 0.0048615 0.187008 0.000124329 -0.0289442 -0.000437587 -0.0023867 0.00491416
110.286 1.2483 0.0101116 9.95829 1.04708 0.00547644 -0.00531906 -0.689589 -0.72416 0.00412235 0.167514 -0.0489911 0.000705151 -0.0173408 -0.00166741 0.168244 0.00409865 -0.0464272 0.000705151 -0.0173408 -0.00166741
112.304 1.32859 0.0138579 10.1317 1.00886 -0.000713862 0.000886133 -0.688974 -0.724786 -0.00178204 0.0231903 -0.00705683 -0.000296336 -0.00367584 -0.00142329 0.0244784 0.00300359 -0.00782354 -0.00022928 -0.00362383 -0.00142215
113.37 1.32665 0.0165678 10.1333 1.00574 -0.00103017 0.00169756 -0.688819 -0.724931 -0.00256992 -0.00682822 -0.00107421 -0.000745986 -0.00110824 -0.000999472 -0.0064495 0.00219301 -0.000189722 -0.000742106 -0.000882488 -0.000972322
114.46 1.31856 0.0141742 10.1112 1.00811 -0.000901415 0.00166456 -0.688533 -0.725202 -0.00351928 -0.0183861 -0.00602417 -4.18153e-05 0.00223982 6.36266e-05 -0.0185657 0.0025673 -0.00595381 -4.18153e-05 0.00223982 6.36266e-05
115.49 1.27033 0.0104778 10.082 0.971198 -0.000417779 0.00118368 -0.688725 -0.725022 -0.00183925 -0.0176395 0.0335269 -0.000485908 0.00244155 -5.43404e-05 -0.0176337 0.000897296 0.0335683 -0.000485908 0.00244155 -5.43404e-05
116.606 1.26945 0.00352567 10.0465 0.999595 0.000436474 8.32808e-05 -0.688661 -0.725084 -0.00102138 -0.0136548 0.00349702 0.00111119 0.00336779 0.000164118 -0.013691 0.000314276 0.00349068 0.00111119 0.00336779 0.000164118
117.798 1.2593 -0.00513068 10.0262 1.00133 0.000640366 -0.000720757 -0.688709 -0.725038 0.00227734 -0.00572289 -0.00142777 0.000733893 -0.000284928 -0.00059469 -0.00578481 -0.00250696 -0.00166208 0.000474822 -0.000251291 -0.000625921
118.944 1.25822 -0.00941384 10.0212 1.00884 0.000453457 -0.000920953 -0.688611 -0.72513 0.00400502 -0.00550767 -0.00556407 0.000422031 0.000176581 5.2733e-05 -0.00528263 -0.00428743 -0.00557181 0.000422031 0.000176581 5.2733e-05
