27.592 0.968176 -0.0010259 0.0166674 0.74313 -3.26581e-05 7.37143e-05 -0.441222 -0.897398 0.00041507 -0.00131275 -0.0619916 0.00321855 -0.00283584 0.251797 -0.000796096 -0.00112992 -0.0619915 0.00321855 -0.00283584 0.251797
27.796 0.95611 -0.00191892 0.0201996 0.731478 -0.00028033 0.000147792 -0.462985 -0.886366 -9.30853e-05 0.000322833 -0.0553803 0.00204292 -0.00181058 0.230636 0.000182902 0.000240889 -0.0553805 0.00204292 -0.00181058 0.230636
28.034 0.949183 -0.00399591 0.0247792 0.719536 -0.000559404 0.00014076 -0.486905 -0.873455 -0.00146823 0.00165075 -0.0518831 0.00247392 -0.000793303 0.210972 0.00059101 0.0020733 -0.0518854 0.00247392 -0.000793303 0.210972
28.26 0.940688 -0.0059232 0.0278533 0.709654 -0.000728988 0.000161674 -0.506747 -0.862094 -0.00228896 0.00130807 -0.0440875 0.00128032 -0.000108301 0.196801 0.000157223 0.00243825 -0.045025 0.00122504 -0.000377274 0.197711
28.63 0.936557 -0.00909626 0.029569 0.704699 -0.00085684 -5.64574e-05 -0.535064 -0.844811 -0.00335015 -0.000468605 -0.0349912 0.000964409 0.00110556 0.175114 -0.00181534 0.00289442 -0.0355055 0.00138301 0.00134586 0.177929
28.866 0.806632 -0.00986239 0.0299851 0.704745 -0.000865569 -0.000110035 -0.552662 -0.833405 -0.00255983 -0.00101551 -0.0338885 -0.000139536 -0.00022564 0.161768 -0.00196173 0.00202413 -0.0336305 -3.88409e-05 -2.98866e-05 0.163978
29.706 0.795102 -0.00606253 0.0241919 0.693593 -0.000664085 -0.000142327 -0.600506 -0.79962 0.000585548 -0.00361057 -0.0202743 -0.000953663 0.000238482 0.100976 -0.00338654 -0.00162688 -0.0205122 -0.00118567 0.000448006 0.103739
30.512 0.760234 -0.00322373 0.0178946 0.655148 -0.000524682 -0.000233571 -0.627675 -0.778475 -0.00124919 -0.00509792 -0.00317138 -0.000450524 0.0022709 0.0756314 -0.00524781 0.000136257 -0.00316999 -0.000450524 0.0022709 0.0756314
30.866 0.751938 -0.0012902 0.0129185 0.650409 -0.000363008 -0.000431945 -0.63777 -0.770227 -0.0010339 -0.00583411 0.00401343 -0.000322325 0.00108905 0.0683327 -0.00592538 -6.7839e-05 0.00401231 -0.000322325 0.00108905 0.0683327
31.662 0.755425 0.00943377 0.00951474 0.654788 0.000272309 9.06619e-05 -0.661388 -0.750044 -0.00117775 -0.0021734 0.0082393 0.00123401 -0.00169741 0.119685 -0.00248625 0.00060163 0.00843977 0.0010792 -0.00164054 0.117858
31.88 0.761796 0.0102977 0.0103761 0.661252 3.18508e-05 7.69279e-05 -0.671827 -0.740708 -0.00236021 -0.00173507 0.00768864 0.00175188 -0.000712614 0.135064 -0.00195594 0.00217904 0.00768911 0.00175188 -0.000712614 0.135064
32.15 0.772988 0.0113281 0.0120092 0.671227 -5.66694e-05 -2.61362e-05 -0.683043 -0.730378 -0.00259572 -0.000997482 0.00564612 0.000881217 -0.000983724 0.136699 -0.00116869 0.00252383 0.00564586 0.000881217 -0.000983724 0.136699
32.912 0.793537 0.0152627 0.0145053 0.691141 -0.000354709 -0.000175779 -0.715778 -0.698328 -0.00129973 -0.001577 0.00232146 0.00850509 0.000693428 0.0783159 -0.00154384 0.00133998 0.00232086 0.00850509 0.000693428 0.0783159
33.288 0.800744 0.0167524 0.0139397 0.69819 -0.000676211 -0.000549388 -0.715308 -0.698809 0.00292577 -0.000943478 0.000882208 -0.00263908 -0.000109389 -0.0701863 -0.00101131 -0.00290143 0.000887434 -0.00263908 -0.000109389 -0.0701863
33.946 0.80874 0.0231195 0.0133098 0.705423 4.66965e-05 0.00032616 -0.687147 -0.726519 0.00428333 -7.09058e-05 0.00109885 -0.00181475 -0.000531678 -0.13624 0.000168057 -0.0042812 0.00109657 -0.00181475 -0.000531678 -0.13624
34.2 0.811648 0.0242656 0.0131237 0.708902 7.60291e-05 0.000420703 -0.674242 -0.73851 0.00167997 2.09341e-05 0.00155483 0.000199785 -0.000200639 -0.124718 0.000174187 -0.00167219 0.0015536 0.000199785 -0.000200639 -0.124718
34.628 0.815827 0.0247355 0.0128168 0.712016 -4.92418e-05 0.00035072 -0.656809 -0.754057 -0.000634464 0.000164689 0.00210373 0.000661145 -0.000152391 -0.111373 7.16826e-05 0.000613496 0.00191992 0.00078283 -0.000151222 -0.111488
35.03 0.819996 0.0251229 0.0105909 0.718524 3.90661e-05 0.000362445 -0.640083 -0.768306 -0.000974293 -0.00137539 0.0019764 -0.00136461 0.00174667 -0.10971 -0.00141126 0.00041767 0.00205714 -0.00136523 0.00172415 -0.110024
35.844 0.833009 0.025701 0.0103303 0.730367 0.00526768 -0.00707136 -0.612461 -0.790452 0.00963551 0.0342822 0.0251013 -0.00176508 -0.0203413 -0.0557123 0.0315129 -0.000758839 0.0254997 -0.00240317 -0.0189872 -0.0576526
36.252 0.834371 0.0285692 0.0264996 0.730005 0.00410438 -0.005716 -0.605961 -0.795463 0.0139253 0.0542825 0.026087 0.0022434 -0.000609735 -0.0189434 0.0556589 0.00100198 0.0268722 0.0022434 -0.000609735 -0.0189434
36.618 0.831225 0.0307153 0.0484068 0.723983 0.000421089 -0.00109329 -0.603688 -0.79722 0.0128773 0.0592736 -0.00838494 0.000320602 -0.0957374 -0.0164781 0.0605636 0.00367 -0.00825098 0.000320602 -0.0957374 -0.0164781
37.06 0.826064 0.0342776 0.0687942 0.724623 -0.000277354 -0.000916606 -0.597577 -0.801811 0.00302371 0.023164 0.0180846 0.0145668 0.0928248 -0.0482808 0.0230414 0.00375064 0.0181051 0.0145668 0.0928248 -0.0482808
37.486 0.843503 0.0392964 0.0842507 0.74035 0.00348409 -0.00727789 -0.588596 -0.808387 0.0165776 0.0481163 0.0176518 -0.00181023 -0.0166232 -0.0552151 0.0505956 -0.00094899 0.0184599 -0.00181023 -0.0166232 -0.0552151
37.966 0.950069 0.0560554 0.112329 0.749381 0.00394373 -0.00633883 -0.578964 -0.815319 0.026774 0.0656813 0.0217835 -0.00163568 -0.00220451 -0.0344203 0.0705031 -0.00361173 0.02284 -0.00163568 -0.00220451 -0.0344203
38.372 0.963102 0.0740054 0.141805 0.761504 0.00516463 -0.00806394 -0.574248 -0.818625 0.0342608 0.0806438 0.0293073 -0.000582904 -0.00130773 -0.0207316 0.0855961 -0.00476728 0.0310639 -0.000684834 0.000269772 -0.0212019
38.836 0.973498 0.0915104 0.181148 0.765668 0.00489498 -0.00814236 -0.570781 -0.821047 0.0378628 0.0940572 0.00430025 0.000796376 -0.000788536 -0.0165536 0.101256 -0.00271884 0.00622445 0.000796376 -0.000788536 -0.0165536
39.182 0.973437 0.105506 0.216787 0.769693 0.00486601 -0.0082753 -0.568595 -0.822562 0.0403443 0.102253 0.00611878 0.00122873 -0.000765325 -0.0161387 0.109775 -0.0016018 0.00822446 0.00122873 -0.000765325 -0.0161387
39.684 0.970293 0.129555 0.268149 0.779439 0.00491707 -0.00836272 -0.566251 -0.824176 0.0450878 0.107508 0.0064953 0.0061512 -0.00329025 -0.0198546 0.116379 -0.00351884 0.00875407 0.0061512 -0.00329025 -0.0198546
40.098 0.971053 0.150881 0.314267 0.788056 0.004497 -0.00837271 -0.562138 -0.826989 0.0487504 0.109053 0.00581219 -0.00138575 0.00164917 -0.0282975 0.119209 -0.0051914 0.00807745 -0.00138575 0.00164917 -0.0282975
41.142 0.974423 0.209053 0.439337 0.801095 0.00486519 -0.00873799 -0.550962 -0.834471 0.0546337 0.116288 0.00839881 -0.00067693 0.00198369 -0.0287811 0.128209 -0.00454686 0.0109649 -0.00067693 0.00198369 -0.0287811
42.18 1.00714 0.269397 0.568143 0.830429 0.00502176 -0.00928306 -0.540776 -0.8411 0.0584273 0.124571 0.00679784 -0.000174331 -1.64069e-05 -0.0190734 0.137411 -0.00143962 0.00969442 -0.000174331 -1.64069e-05 -0.0190734
43.25 0.962068 0.338567 0.714398 0.829568 0.00627522 -0.00943713 -0.535524 -0.844444 0.0603432 0.139008 -0.00723094 0.00132928 0.000937292 0.000404696 0.151593 0.00468562 -0.00379461 0.00132928 0.000937292 0.000404696
43.602 0.945972 0.363084 0.765032 0.826033 0.00460555 -0.00933911 -0.535975 -0.84417 0.0615426 0.137765 -0.00611518 -0.000393698 4.40446e-05 -0.000808506 0.151419 0.00326354 -0.00308596 0.000789223 -0.00223401 0.000190098
43.954 0.937679 0.384887 0.809858 0.824798 0.00484361 -0.00934218 -0.53505 -0.844755 0.0620545 0.13493 -0.00587584 -0.000158825 0.00106714 -0.00872695 0.148621 0.00154868 -0.00277765 -0.000426068 0.000675184 -0.0080506
44.352 0.928968 0.414113 0.866117 0.823232 0.00488595 -0.00929646 -0.533201 -0.845923 0.0637063 0.135053 -0.0055806 -0.000747666 0.000543412 -0.0116132 0.149407 0.000770409 -0.00245405 -0.000747666 0.000543412 -0.0116132
44.828 0.919352 0.450931 0.926431 0.816058 0.0053083 -0.00897111 -0.530991 -0.847313 0.0665164 0.1353 -0.00586301 -0.00599598 0.00235689 -0.00866679 0.150854 -0.000866621 -0.00271935 -0.00599598 0.00235689 -0.00866679
45.31 0.911199 0.486389 0.9895 0.810825 0.00544115 -0.00893787 -0.530443 -0.847656 0.0645298 0.136069 -0.0045884 -1.49074e-05 0.00127686 0.00118296 0.150609 0.00128286 -0.00139293 8.03423e-05 0.00120924 0.000518845
45.67 0.909341 0.509141 1.03521 0.804143 0.00538806 -0.00855858 -0.531174 -0.847203 0.0632408 0.137021 0.00946354 -0.00451347 -0.00485133 0.0045239 0.15087 0.00264563 0.0115586 -0.00467844 -0.00536251 0.00432509
46.852 0.939246 0.584987 1.18345 0.816439 0.00550401 -0.00920772 -0.537232 -0.843366 0.0619745 0.135787 0.0185225 -0.000308567 0.000511925 0.0065189 0.148668 0.00129483 0.0216439 -0.000445686 0.000762281 0.00704752
48.042 1.01749 0.662667 1.34542 0.845322 0.00580814 -0.00949349 -0.539155 -0.842133 0.0669061 0.145324 0.0231284 -0.000977632 -0.00206693 0.00188725 0.159431 7.31035e-05 0.0266827 -0.000977632 -0.00206693 0.00188725
48.512 1.03957 0.698352 1.41851 0.840805 0.00683001 -0.0106289 -0.539798 -0.8417 0.0707283 0.153261 0.0342732 -0.000516911 -0.00338252 0.00378707 0.167874 -0.000349592 0.038527 -0.000516911 -0.00338252 0.00378707
49.004 1.08075 0.729578 1.48707 0.853236 0.00688388 -0.0107765 -0.541169 -0.840817 0.0725089 0.159324 0.0363007 0.000598732 -0.000241285 0.00463016 0.174062 -5.68385e-06 0.0407653 0.000598732 -0.000241285 0.00463016
49.372 1.10621 0.75483 1.54789 0.846347 0.00729945 -0.0115549 -0.541963 -0.840291 0.0739371 0.165113 0.0380973 0.000719086 0.0020326 0.00310186 0.179801 0.000754305 0.0430273 0.000719086 0.0020326 0.00310186
50.546 1.16671 0.83233 1.73925 0.899048 0.007498 -0.0120297 -0.545681 -0.837874 0.0750961 0.177078 0.0354662 7.08075e-05 0.000508542 0.0108961 0.191239 0.00293885 0.040901 7.08075e-05 0.000508542 0.0108961
50.95 1.15265 0.858482 1.8067 0.920668 0.00829393 -0.013327 -0.54704 -0.836959 0.0769735 0.18248 0.0375521 -9.71569e-06 0.00118334 0.00639404 0.196755 0.00276386 0.0437464 -9.71569e-06 0.00118334 0.00639404
51.44 1.13527 0.892898 1.8979 0.939387 0.00787029 -0.0128773 -0.54833 -0.836126 0.0783628 0.188698 0.0367631 0.00036623 0.00117822 0.00259273 0.203094 0.00336972 0.0429057 0.00036623 0.00117822 0.00259273
51.854 1.11436 0.92559 1.97872 0.947327 0.00769671 -0.0126071 -0.548781 -0.835836 0.0790768 0.190798 0.0370237 0.000224483 0.000155863 0.00135326 0.205326 0.00333061 0.043101 0.000224483 0.000155863 0.00135326
52.316 1.10734 0.962484 2.06689 0.974161 0.00774187 -0.0105583 -0.550646 -0.834636 0.0725588 0.186209 0.0716493 0.000692599 0.00591076 0.0151211 0.197797 0.00646636 0.0768565 0.000692599 0.00591076 0.0151211
52.754 1.12801 0.996141 2.15233 1.01757 0.00786606 -0.0111895 -0.554652 -0.83197 0.0684504 0.184658 0.0474215 0.00122311 0.00727047 0.0247484 0.195048 0.00774976 0.0737709 0.000481543 0.000902796 0.0242735
54.164 1.09041 1.08811 2.41299 1.00429 -0.00158034 0.000925433 -0.568293 -0.822824 0.0528615 0.150665 0.0230605 -0.0019516 -0.000360177 0.0439684 0.167383 0.00436469 0.0203462 -0.00231941 -0.0328429 0.0394054
54.676 1.03668 1.11266 2.47645 1.01357 0.00106837 -0.00319929 -0.582163 -0.813065 0.034443 0.0981485 0.019357 0.00042377 0.00322706 0.0763501 0.103885 -0.000947469 0.020029 0.00042377 0.00322706 0.0763501
55.088 1.00872 1.12639 2.51233 1.01971 0.00118752 -0.00362872 -0.593881 -0.804544 0.0289839 0.0836445 0.0120551 0.000741818 0.00265975 0.0738833 0.0883814 -0.00302627 0.0127034 0.000741818 0.00265975 0.0738833
55.55 0.985683 1.14072 2.54387 1.02761 0.00996627 -0.0121842 -0.605729 -0.795515 0.0284792 0.0944493 -5.37622e-05 0.0091519 -0.015014 0.0612285 0.098575 -0.0023311 0.00304627 0.0091519 -0.015014 0.0612285
56.01 0.962739 1.15626 2.5762 1.03477 -0.000229858 -0.00292123 -0.607683 -0.794174 0.0304237 0.0783227 -0.00770504 -0.00556974 0.0160015 -0.0544421 0.0835852 -0.0089186 -0.00730576 -0.00556974 0.0160015 -0.0544421
56.6 0.937777 1.18502 2.62296 1.03499 0.00180319 -0.00328257 -0.582578 -0.812766 0.0310243 0.0637442 -0.00863881 -0.00184383 -0.000996428 -0.13235 0.0703937 -0.00891348 -0.00810756 -0.00184383 -0.000996428 -0.13235
57.19 0.914329 1.20302 2.66538 1.03715 0.00183537 -0.00311972 -0.554633 -0.832087 0.0244624 0.0585459 -0.0104923 0.000358859 -0.00112237 -0.106799 0.0635252 -5.74788e-05 -0.0100334 0.000358859 -0.00112237 -0.106799
57.68 0.895408 1.21207 2.69539 1.02574 0.00601786 -0.0127856 -0.538628 -0.842425 0.032438 0.0735548 0.00163214 0.00267061 0.0260696 -0.0718387 0.0803001 0.00143315 0.00387885 0.00267061 0.0260696 -0.0718387
58.276 0.872335 1.239 2.74654 1.02547 0.00493439 -0.0102688 -0.525763 -0.850555 0.0547126 0.103709 9.05796e-05 -0.000615141 -0.00322785 -0.0494686 0.117195 -0.00257119 0.00275277 -0.000615141 -0.00322785 -0.0494686
58.81 0.849163 1.27133 2.80307 1.03352 0.000558996 -0.00115994 -0.513815 -0.8579 0.0349046 0.070084 -0.00559839 0.000703403 0.0220599 -0.0567943 0.0817489 0.00193286 -0.00506036 0.000608639 0.020992 -0.0559637
59.342 0.837392 1.2937 2.84208 1.01698 0.00449914 -0.0105717 -0.501813 -0.8649 0.0336241 0.0629823 -0.0210601 0.00444399 0.0520444 -0.0599578 0.0687011 0.00279935 -0.0197301 0.00607757 0.0640916 -0.060124
59.952 0.830037 1.33141 2.89629 1.0136 0.00241346 -0.00445805 -0.487414 -0.873156 0.0529381 0.0834336 0.000794475 -0.00894297 -0.0981506 -0.0532637 0.0987896 -0.00127105 0.00179625 -0.00894297 -0.0981506 -0.0532637
60.482 0.824957 1.35868 2.93945 1.01797 0.00146657 -0.00233936 -0.474126 -0.880453 0.0310879 0.0537565 -0.00712913 7.93027e-05 0.00757463 -0.0721665 0.0632874 0.00337114 -0.00654615 0.000296143 0.0111395 -0.0711103
61.056 0.82049 1.38173 2.9822 1.00939 0.00169539 -0.00270317 -0.456928 -0.889498 0.0237267 0.0447597 0.000488709 3.57791e-05 0.000388744 -0.0710975 0.050743 0.00668973 0.000161242 2.16761e-05 0.000512478 -0.0714409
61.636 0.818793 1.40383 3.01889 1.0154 0.00579486 -0.0113592 -0.441308 -0.897265 0.0421805 0.0634639 0.00423568 -0.00400846 -0.00457573 -0.0463439 0.0716664 0.00532904 0.00628593 -0.00457863 0.00130772 -0.0480922
62.116 0.822739 1.43302 3.06299 1.0183 0.00467785 -0.00895493 -0.435087 -0.900332 0.0584948 0.0837716 0.00288523 0.000681247 -0.0023431 -0.0140563 0.101904 0.00621776 0.00494816 0.000681247 -0.0023431 -0.0140563
63.534 0.860155 1.52805 3.19845 1.03552 0.00111925 -0.0016677 -0.423038 -0.90611 0.0384282 0.0535816 -0.00131478 -0.00188966 0.00952862 -0.0637854 0.0657563 0.00494363 -0.00105073 -0.00188966 0.00952862 -0.0637854
64.042 0.874243 1.55257 3.23513 1.03434 0.00156499 -0.00206484 -0.406235 -0.913765 0.030052 0.043398 -0.00160408 -0.00054121 0.000632496 -0.073376 0.0528845 0.00661025 -0.00161899 -0.000664883 0.000679713 -0.0739246
65.422 0.897206 1.58768 3.3114 1.02421 0.00113145 -0.00198933 -0.426787 -0.904349 0.0207779 0.0404021 0.00793998 0.0015876 -0.00120917 0.15251 0.0443596 0.00964171 0.00814588 0.0015876 -0.00120917 0.15251
65.94 0.902956 1.59709 3.33392 1.0226 0.000923517 -0.0019031 -0.459028 -0.88842 0.0204215 0.0362229 0.0123436 -0.000130779 -0.000518273 0.134491 0.0413072 0.00430317 0.0125179 -0.000130779 -0.000518273 0.134491
66.592 0.911291 1.60751 3.35746 1.02274 0.000823272 -0.00170642 -0.49483 -0.868988 0.0185977 0.0340997 0.0118687 0.00120415 -0.00146846 0.130742 0.0387709 0.00140946 0.012015 0.00120415 -0.00146846 0.130742
67.086 0.918144 1.6171 3.37744 1.03918 0.000529583 -0.00152568 -0.519452 -0.854499 0.0185778 0.0336165 -0.00249995 0.000195522 -0.00151231 0.114096 0.0384026 -0.00101899 -0.00237801 0.000195522 -0.00151231 0.114096
67.536 0.925885 1.62574 3.39387 1.02679 0.000458873 -0.0012583 -0.538458 -0.842652 0.0181267 0.0324033 0.00598473 -0.00292241 -0.000545291 0.105357 0.0371346 -0.00278862 0.00529966 -0.00270344 -0.000591924 0.104226
68.12 0.935487 1.63603 3.40649 1.03038 0.000509508 -0.00107452 -0.567326 -0.823492 0.0163007 0.029641 0.00454125 0.000325249 0.000236939 0.141986 0.0334927 -0.00466878 0.00462167 0.000325249 0.000236939 0.141986
69.528 0.946199 1.64672 3.42942 1.03752 0.00010619 -0.00114681 -0.633532 -0.773716 0.011866 0.0228345 -0.00378614 0.000134088 -0.000133482 0.096849 0.0247337 -0.00713299 -0.00372973 0.000134088 -0.000133482 0.096849
70.08 0.95045 1.65138 3.43638 1.04649 5.68209e-05 -0.00114265 -0.652445 -0.757835 0.0107433 0.0198607 -0.0107992 -0.000118483 0.000651681 0.0782735 0.0214943 -0.00770807 -0.00983766 -0.000310218 0.000546091 0.0796664
70.612 0.954007 1.6547 3.44134 1.04619 0.000130571 -0.00112779 -0.665479 -0.746415 0.00907999 0.0173077 -0.0140425 -0.000630623 7.59801e-05 0.074062 0.018258 -0.007061 -0.0139994 -0.000630623 7.59801e-05 0.074062
71.146 0.956109 1.65611 3.44814 1.02922 -5.99189e-05 -0.00121773 -0.681305 -0.731999 0.00619422 0.0155105 0.000838362 0.000933895 0.000252706 0.0796155 0.0160407 -0.00509985 -0.000545591 0.00101728 0.000211285 0.0797202
71.802 0.957949 1.65807 3.4545 1.02535 -0.00017176 -0.00123274 -0.698901 -0.715218 0.0048145 0.0120246 0.00296287 3.06628e-05 0.00043253 0.075507 0.0123492 -0.00458165 0.00316927 5.30784e-05 0.000406738 0.0758956
73.31 0.96373 1.66134 3.52572 1.02999 0.00666684 -0.00580116 -0.728803 -0.684667 -0.0108243 0.0942177 0.00336455 -0.00108058 -0.00286613 0.0395709 0.0934967 0.00460478 0.00496727 -0.00172377 -0.00329933 0.0393323
74.716 0.969129 1.64292 3.68536 1.0383 0.00658444 -0.00633563 -0.747921 -0.663725 -0.0205462 0.117608 0.00312464 -5.24824e-05 0.000577427 0.0327877 0.11914 0.00642407 0.00529623 -5.24824e-05 0.000577427 0.0327877
75.386 0.957731 1.62998 3.76589 1.04763 0.00665744 -0.00732755 -0.753704 -0.65714 -0.0214696 0.127223 0.00525644 -0.000776144 -0.000198725 0.0177667 0.128834 0.0039502 0.00778254 -0.000776144 -0.000198725 0.0177667
75.942 0.967675 1.62224 3.84188 1.04423 0.00660916 -0.00702129 -0.755975 -0.654529 -0.0201874 0.133002 0.00518509 -0.000974083 0.00117798 0.00460393 0.134397 0.000959351 0.00776293 -0.000974083 0.00117798 0.00460393
76.512 0.982105 1.61406 3.91432 1.05134 0.0071831 -0.00557245 -0.757141 -0.653188 -0.0231111 0.134588 0.00430851 -0.0103725 -0.00906449 0.010735 0.136421 0.00312272 0.00678958 -0.0103725 -0.00906449 0.010735
77.014 0.997266 1.6056 3.97618 1.05727 0.00763151 -0.00604139 -0.761781 -0.647762 -0.0300159 0.131424 0.00531168 0.00182809 0.00199508 0.0396673 0.134411 0.00849743 0.00793378 0.00182809 0.00199508 0.0396673
77.676 1.01792 1.58382 4.06826 1.06777 0.00778478 -0.00671933 -0.770982 -0.636774 -0.0355974 0.137033 0.0044729 0.000655091 0.0013772 0.040062 0.141047 0.00908217 0.00754537 0.000852362 0.00117196 0.0402785
78.298 1.03881 1.57024 4.13309 1.06697 -0.00137398 -0.000472526 -0.779756 -0.626082 -0.0197071 0.0827785 0.00169024 -0.00060719 0.0223066 0.0608272 0.0850837 0.00136215 0.00155493 -0.00060719 0.0223066 0.0608272
78.802 1.05701 1.5656 4.17162 1.05756 0.00408294 -0.00352067 -0.790251 -0.612759 -0.0132857 0.062999 0.0105956 -0.0274462 0.1422 0.0645467 0.0632958 -0.0029206 0.0109407 -0.0237143 0.104935 0.0650614
79.366 1.07737 1.55745 4.22016 1.05656 0.00213772 -0.00274681 -0.799881 -0.600149 -0.0356399 0.11529 0.000657143 0.0153086 -0.152652 0.0550903 0.122802 0.00247308 0.0023407 0.0194863 -0.163985 0.0550296
80.02 1.09979 1.54955 4.26464 1.05896 0.0069584 -0.00455628 -0.811001 -0.584986 -0.0175967 0.0685653 0.0157188 -0.0226198 0.153477 0.0590626 0.0681958 -0.00539942 0.016791 -0.0273482 0.158065 0.0592794
80.524 1.11587 1.53821 4.30418 1.06315 0.0105628 -0.00673574 -0.818727 -0.574046 -0.0469837 0.123538 0.0115644 0.000519039 -0.0161211 0.0504097 0.131824 0.00204913 0.0148708 0.000519039 -0.0161211 0.0504097
81.242 1.14014 1.49834 4.3869 1.05906 0.00961155 -0.00610425 -0.828594 -0.559734 -0.0659969 0.143814 -0.00598876 0.000953996 0.000643573 0.047111 0.157442 0.00749296 -0.00242057 0.00118106 0.000551817 0.0472275
81.97 1.15598 1.45442 4.47338 1.05676 0.01021 -0.00675895 -0.837066 -0.546965 -0.0731547 0.151959 -0.00519293 -1.57574e-05 0.00161704 0.0375267 0.168622 0.00597486 -0.00106512 -1.57574e-05 0.00161704 0.0375267
83.524 1.16864 1.33831 4.68782 1.06935 0.0113113 -0.00766308 -0.849519 -0.527381 -0.0850944 0.161722 -0.00714214 -0.00011249 0.00107756 0.0213499 0.182435 0.00464569 -0.00218838 -5.78681e-05 0.00109912 0.0216789
85.1 1.16777 1.20503 4.94751 1.06325 0.012251 -0.00822533 -0.856813 -0.515417 -0.0929468 0.172285 -0.00649007 0.000355787 0.000841703 0.012873 0.19586 0.00137754 -0.000719905 0.000355787 0.000841703 0.012873
86.666 1.13984 1.05018 5.22384 1.03746 0.012893 -0.00881733 -0.860896 -0.508542 -0.0999821 0.178745 -0.0068222 0.000305698 0.000926472 0.00619518 0.204917 0.00128793 -0.00043843 0.000305698 0.000926472 0.00619518
88.25 1.13263 0.884174 5.52669 1.03112 0.0120196 -0.00818496 -0.86376 -0.503694 -0.100688 0.178299 -0.00471777 -0.00028737 -0.00205694 0.00627092 0.205127 -4.27893e-05 0.00160002 -0.000432195 -0.00225566 0.00625531
88.812 1.12531 0.832443 5.62848 1.02198 0.0114857 -0.00773231 -0.864682 -0.502129 -0.0974123 0.174852 -0.00425586 -0.000412832 -0.002437 0.005637 0.200186 -0.00205982 0.00127919 -0.000412832 -0.002437 0.005637
89.356 1.10887 0.774664 5.73398 1.006 0.0107914 -0.00730978 -0.865646 -0.500487 -0.0948273 0.169899 -0.000783919 -0.00235008 -0.00351702 0.00402674 0.194914 -0.00262475 0.0036713 -0.00125021 -0.00289619 0.00408391
90.094 1.11178 0.703295 5.85551 1.01206 0.00997893 -0.00688444 -0.866751 -0.498595 -0.0912816 0.160187 -0.00310687 2.35982e-05 -0.00170762 0.00609933 0.184384 -0.00162579 0.00135213 2.35982e-05 -0.00170762 0.00609933
90.648 1.11978 0.652153 5.94564 1.01748 0.00957666 -0.00660462 -0.867668 -0.497008 -0.0876372 0.153933 -0.00102731 -0.000218034 -0.00175955 0.00590812 0.177093 -0.00227739 0.00308364 -0.000218034 -0.00175955 0.00590812
91.262 1.12421 0.599688 6.03907 1.02263 0.00913483 -0.00626923 -0.868604 -0.495383 -0.0846671 0.149055 -0.00127228 0.000111671 -0.00283514 0.00626979 0.171383 -0.00301536 0.0025181 0.000111671 -0.00283514 0.00626979
91.97 1.13416 0.539729 6.14335 1.01651 0.00851146 -0.00588234 -0.869736 -0.493408 -0.0808909 0.142344 -0.00164098 -0.000600644 -0.00242938 0.00496725 0.163682 -0.00359518 0.00173952 -0.000600644 -0.00242938 0.00496725
93.448 1.17754 0.42715 6.34028 1.00249 0.00729092 -0.00505259 -0.871928 -0.489554 -0.0718233 0.127189 -0.000891188 -0.000505771 -0.00196089 0.00560946 0.146395 -0.00469605 0.0017891 -0.000477375 -0.00187615 0.00569703
94.11 1.16308 0.384638 6.41801 1.00653 0.00709932 -0.00475204 -0.872765 -0.488065 -0.0685911 0.122484 0.000576108 -0.00045878 -0.0031352 0.00533936 0.140236 -0.00568471 0.00297262 -0.00045878 -0.0031352 0.00533936
94.788 1.15497 0.339664 6.49446 1.02159 0.0063492 -0.00426887 -0.873971 -0.485917 -0.0652855 0.114743 0.00035971 0.000335067 -0.0014087 0.0081277 0.131896 -0.00509897 0.00237755 0.000335067 -0.0014087 0.0081277
95.536 1.14106 0.290929 6.56801 1.02453 0.00576205 -0.00399872 -0.875568 -0.483044 -0.0609443 0.104629 -0.00159203 0.000203003 -0.00104292 0.00987974 0.12102 -0.00424724 0.000102703 0.000203003 -0.00104292 0.00987974
96.938 1.082 0.214524 6.69291 0.975874 0.0047731 -0.00336202 -0.878456 -0.477788 -0.0513466 0.0894256 -0.00103016 4.03862e-05 -0.00139056 0.00730761 0.102977 -0.00549298 0.000171628 4.03862e-05 -0.00139056 0.00730761
97.756 1.05721 0.174964 6.75299 0.953723 0.00409738 -0.00301814 -0.879951 -0.475037 -0.0463496 0.0791814 0.00397072 -0.000453917 -0.000840096 0.00928061 0.0920164 -0.00462842 0.00487108 -0.000310722 -0.00088191 0.00922993
99.328 1.08362 0.0600695 6.92752 0.984795 0.0066932 -0.00358698 -0.880822 -0.473387 -0.0821123 0.120486 0.0164134 0.00162187 -0.0150837 -0.00333564 0.145526 0.00199847 0.0186257 0.00162187 -0.0150837 -0.00333564
100.896 1.0947 -0.0402703 7.06195 0.99184 -0.00074872 -0.00018873 -0.880317 -0.474385 -0.0230535 0.0368269 0.0108458 0.000649888 -0.00554358 -0.000340657 0.0434484 -0.000985711 0.0107973 0.000649888 -0.00554358 -0.000340657
101.664 1.11093 -0.0570823 7.08455 1.01393 -0.001981 0.000336672 -0.880307 -0.4744 -0.000990911 0.00638147 -0.00905195 -0.000960412 -0.00170471 -0.00132425 0.00709467 -0.00257159 -0.00787696 -0.000766236 -0.00168473 -0.00136298
103.112 1.11237 -0.0588009 7.08284 1.01238 -0.00261617 0.000461334 -0.880147 -0.474694 0.0112479 -0.015346 -0.00940836 0.000891014 -0.00143776 0.000527241 -0.0190492 -0.000984459 -0.00931077 0.000891014 -0.00143776 0.000527241
