26.78 0.664557 -0.00257367 0.00979426 0.660352 0.000281575 0.000222742 -0.646413 -0.762987 0.00242949 -0.0015116 -0.00194231 -0.00359248 6.0767e-05 0.108606 -0.00109184 -0.00264343 -0.00194423 -0.00359248 6.0767e-05 0.108606
27.01 0.660333 -0.00344187 0.0103827 0.657773 0.000284614 0.000281229 -0.65696 -0.753926 -0.000476895 0.000477472 0.000685274 0.00246717 -0.00156592 0.155028 0.000407774 0.000537185 0.000685683 0.00246717 -0.00156592 0.155028
27.568 0.664174 -0.00565473 0.0104409 0.658962 -0.000533847 -0.000389509 -0.688418 -0.725314 -0.00018392 1.69033e-05 0.00191483 0.000625785 0.000554115 0.129169 7.61245e-06 0.000187061 0.00191459 0.000625785 0.000554115 0.129169
27.82 0.558573 -0.00592728 0.0100551 0.65572 -0.000448722 -0.000372573 -0.697994 -0.716104 0.00105232 -0.000540755 0.00622728 -0.00133839 0.000518202 0.0940555 -0.000513051 -0.00105858 0.00622856 -0.00133839 0.000518202 0.0940555
28.246 0.54915 -0.00731866 0.00717664 0.645723 0.00115016 -0.00130961 -0.709772 -0.704429 -0.000300155 2.20986e-05 -6.86634e-05 -0.00173672 0.011798 0.0629148 -0.00152889 -0.000204689 0.0147469 -0.00606572 0.0245774 0.0665104
28.456 0.646193 -0.00780789 0.00630612 0.641801 5.34121e-07 -0.000175034 -0.715161 -0.69896 -0.00147364 0.00119488 -0.0188319 -0.00192332 -0.0148161 0.0818621 0.0016388 0.00123926 -0.0192167 -0.00158103 -0.0188501 0.0763682
28.768 0.643306 -0.00853259 0.00497007 0.64277 -5.63821e-05 -1.68943e-05 -0.725985 -0.687711 -0.00313562 -0.00309124 -0.0148824 0.00102592 0.00423084 0.125165 -0.00291793 0.00329676 -0.0148826 0.00102592 0.00423084 0.125165
29.066 0.65153 -0.00904639 0.00442388 0.650322 -1.95292e-05 -0.000361053 -0.739585 -0.673064 -0.00362183 -0.00404074 -0.0169472 0.00121045 -5.24585e-05 0.146231 -0.00367476 0.00397601 -0.0169511 0.00121045 -5.24585e-05 0.146231
29.672 0.669384 -0.00774116 0.00590002 0.670916 0.00355649 -0.00380698 -0.765042 -0.64396 -0.0035365 0.00633403 0.026728 0.00352253 0.0119025 0.0980753 0.00656768 0.00243731 0.0267944 0.00352253 0.0119025 0.0980753
29.946 0.679425 -0.00715533 0.0114735 0.676015 0.0031109 -0.00366974 -0.77111 -0.636684 -0.00416332 0.0214934 0.0284161 -0.00166577 -0.00637485 0.0425517 0.0202574 0.000340962 0.0284347 -0.00125632 -0.00679943 0.0502615
30.326 0.680543 -0.00618152 0.0235619 0.680576 0.00258274 -0.00327231 -0.773088 -0.634285 -0.00335155 0.0308524 0.0336035 -0.00204936 -0.000502408 -0.0078536 0.030638 -0.00267992 0.033859 -0.00204936 -0.000502408 -0.0078536
30.972 0.701632 -0.00449785 0.0522138 0.701721 0.0029115 -0.00295252 -0.76824 -0.640149 -0.00386558 0.0385135 0.0363198 -0.000928085 -0.000657092 -0.0227398 0.0380018 -0.00320158 0.0367912 -0.000954672 -0.000324616 -0.0233946
31.276 0.707927 -0.00395843 0.0675933 0.709581 0.00217656 -0.00235131 -0.766447 -0.642299 -0.00392027 0.0412295 0.0714388 0.000605368 -0.0217051 -0.0206901 0.0408247 -0.00329313 0.0717024 0.000605368 -0.0217051 -0.0206901
31.868 0.757347 -0.00475169 0.106012 0.761937 0.00176263 -0.00189326 -0.76151 -0.648148 -0.0028136 0.03907 0.0736135 0.000112267 0.000499091 -0.0254222 0.0388629 -0.00358833 0.0737236 -0.000231907 4.66801e-05 -0.0255167
32.252 0.79066 -0.007542 0.122695 0.80044 0.00237273 -0.00252374 -0.758126 -0.652099 -0.00401219 0.0392158 0.0876011 0.000554611 0.00230084 -0.022333 0.0387705 -0.00183232 0.0878716 0.000554611 0.00230084 -0.022333
32.644 0.825748 -0.00966127 0.140678 0.829539 0.00539306 -0.00295984 -0.756802 -0.653615 -0.00988446 0.0486387 0.049198 -0.00169203 0.000558476 0.0134598 0.047719 0.00182116 0.0497551 -0.00240534 0.00207171 0.011256
33.002 0.847289 -0.0157338 0.159163 0.851107 0.00522995 -0.00320049 -0.760077 -0.649804 -0.0174226 0.0573661 0.0539012 0.00231079 0.000388612 0.04841 0.0587201 0.00818674 0.0546322 0.00231079 0.000388612 0.04841
33.616 0.887892 -0.0228253 0.200048 0.890802 0.00598794 -0.00437874 -0.770569 -0.637313 -0.0186655 0.0705084 0.0277841 0.000942305 0.00825523 0.0531405 0.0714246 0.00544617 0.0287973 0.00175813 0.0117069 0.0549642
33.926 0.905902 -0.0279341 0.222421 0.909336 0.00674571 -0.0049344 -0.774822 -0.632124 -0.0197828 0.0795499 0.0308546 -0.000800672 0.00225813 0.0399457 0.0802138 0.00353112 0.0321961 -0.00104626 0.00462066 0.0417964
34.664 0.946571 -0.0471906 0.29132 0.945748 0.000607758 -0.000704692 -0.780717 -0.624884 -0.0221863 0.0893309 -0.00985081 0.00813502 -0.101257 0.0113258 0.0951033 0.00228793 -0.00804793 0.00858181 -0.114727 0.0162564
35.134 0.946825 -0.0567224 0.318784 0.945437 -0.000403632 -5.33059e-05 -0.777762 -0.628559 -0.00810662 0.0411879 -0.00841836 -0.00194918 0.016587 -0.0525686 0.0419673 -0.000721127 -0.00844147 -0.00194918 0.016587 -0.0525686
35.76 0.942396 -0.067515 0.340941 0.951309 0.00387772 -0.00448128 -0.763722 -0.645518 -0.00564625 0.0261717 0.0991923 0.0181523 0.100619 -0.0668141 0.0236283 0.00157205 0.0776561 0.0199985 0.0895949 -0.0681582
36.398 0.983245 -0.0723418 0.378228 0.982083 0.000448397 0.000491397 -0.752404 -0.658702 -0.00487166 0.0612594 -0.0100369 -0.0106612 -0.0587288 -0.0204683 0.0613659 -0.00325769 -0.0100396 -0.0106612 -0.0587288 -0.0204683
36.702 0.979642 -0.0736063 0.395083 0.97863 0.000426321 0.000539087 -0.753192 -0.6578 -0.0053543 0.0362711 -0.00427713 0.00300195 0.0164447 0.0404882 0.0383484 0.000113922 -0.00475504 0.00310919 0.018222 0.0344475
37.116 0.983093 -0.0762724 0.412147 0.983909 0.000929341 -0.000547606 -0.76056 -0.649267 -0.00492724 0.0249101 -0.00731178 0.00102222 0.00128468 0.0751547 0.0253901 0.000960425 -0.00725749 0.00102222 0.00128468 0.0751547
37.538 0.989579 -0.079214 0.424666 0.989978 0.00104474 -0.000795603 -0.770034 -0.638002 -0.00381413 0.0193196 -0.0144886 0.000352202 0.00102304 0.077254 0.0201457 0.00023584 -0.0141532 0.000360819 0.000855646 0.0777472
38.006 0.99551 -0.082058 0.437673 0.996378 0.0117393 -0.00711453 -0.780206 -0.625372 -0.0120654 0.0399952 -0.00283664 -0.00272678 0.0465213 0.0678284 0.0417241 0.00307834 -0.00169067 -0.00272678 0.0465213 0.0678284
38.356 1.00316 -0.0883152 0.458131 1.00338 0.0100051 -0.00627517 -0.785861 -0.618291 -0.0255397 0.0775916 -0.00409299 0.00112603 -0.0177461 0.0574837 0.0814962 0.00657093 -0.00216317 0.00112603 -0.0177461 0.0574837
38.798 1.00585 -0.103333 0.499275 1.00411 0.00909027 -0.00579741 -0.792437 -0.609858 -0.0342951 0.099549 -0.0048516 0.000287534 -0.00229705 0.0458854 0.105092 0.00766834 -0.00258046 0.000287534 -0.00229705 0.0458854
39.216 1.00573 -0.121545 0.546763 1.00525 0.00882279 -0.00562064 -0.797331 -0.603451 -0.0394101 0.111427 -0.00359247 -0.00414215 -0.00410743 0.0372677 0.117332 0.00772453 -0.00157703 -0.00244232 -0.00288561 0.0378117
39.64 1.00162 -0.14471 0.597682 0.996317 0.00871967 -0.00543306 -0.801668 -0.597682 -0.0454129 0.116533 -0.00352737 0.00131077 0.00106244 0.0373275 0.124694 0.0102593 -0.000956898 0.00131077 0.00106244 0.0373275
39.988 0.988436 -0.163536 0.640369 0.986445 0.00869444 -0.00565776 -0.805103 -0.593044 -0.0478975 0.119797 -0.00223329 -1.85143e-05 0.00110726 0.0361782 0.12863 0.0102221 0.000443076 -1.85143e-05 0.00110726 0.0361782
40.438 0.98439 -0.185487 0.698907 0.98357 0.00851098 -0.00542492 -0.809273 -0.587346 -0.0486799 0.123935 0.0146541 -0.00164215 0.00087163 0.033954 0.132598 0.00784539 0.0173388 -0.00164215 0.00087163 0.033954
40.896 0.984207 -0.207754 0.761446 0.982288 0.00884946 -0.00554813 -0.813333 -0.581704 -0.0493285 0.126506 0.0137414 -0.000343557 0.000954098 0.0302447 0.134977 0.00580579 0.0164056 -0.000371008 0.00106842 0.0303624
41.492 0.986322 -0.241017 0.841302 0.988981 0.00844484 -0.00698744 -0.817052 -0.57646 -0.0502152 0.134 -0.000255966 0.000462298 0.000577616 0.0126376 0.142799 0.00279006 0.00289357 0.00216008 0.000903189 0.014679
42.174 1.00295 -0.281043 0.934504 1.0046 0.0088207 -0.0068518 -0.81655 -0.577167 -0.0502683 0.139962 -0.00106426 -0.00556603 0.00344467 -0.00938507 0.148386 0.000643948 0.00237418 -0.00526369 0.00305529 -0.00933562
42.59 1.01046 -0.302788 0.988315 1.01075 0.00948135 -0.00703189 -0.815493 -0.578647 -0.0538737 0.143517 -0.00153591 0.000568557 0.000126716 -0.00358884 0.15325 0.00345584 0.00207995 0.000568557 0.000126716 -0.00358884
42.986 1.02451 -0.32356 1.04943 1.0209 0.00961306 -0.00707567 -0.815187 -0.579074 -0.0546452 0.148691 -0.00210092 -0.000529532 -0.000647492 0.00254535 0.158397 0.00264181 0.00167905 -0.000529532 -0.000647492 0.00254535
43.412 1.02648 -0.347324 1.116 1.01538 0.00987998 -0.00728297 -0.815629 -0.578445 -0.0564836 0.152367 -0.00104487 0.000467104 0.000784383 0.00239678 0.161838 0.00261989 0.0027819 0.000394179 0.00154209 0.00265085
43.846 1.03737 -0.370824 1.17491 1.01847 0.00993443 -0.00661419 -0.816006 -0.57792 -0.0598671 0.151111 0.0105206 0.000599587 0.00281724 0.0105479 0.162204 0.00617661 0.0145334 0.000810927 0.002586 0.00995593
44.294 1.05877 -0.389356 1.2385 1.02276 0.0103856 -0.00692945 -0.81741 -0.575922 -0.0591287 0.154362 0.0101106 -0.00197572 0.00028769 0.0188862 0.164953 0.00372548 0.0142346 -0.00197572 0.00028769 0.0188862
44.762 1.07439 -0.412208 1.31604 1.01726 0.0109594 -0.00700717 -0.819763 -0.572555 -0.0598551 0.159318 -0.00229491 -0.0043126 0.000210244 0.0201602 0.169759 0.0013618 0.00794587 -0.0028903 0.000621114 0.0202211
45.158 1.09227 -0.433442 1.37487 1.01439 0.011309 -0.00685016 -0.822023 -0.5693 -0.062843 0.161017 -0.00609595 0.000491742 0.00182028 0.021555 0.172933 0.00220807 -0.00152885 0.000491742 0.00182028 0.021555
45.6 1.11891 -0.4631 1.44834 1.01328 0.0115385 -0.00780158 -0.824657 -0.565461 -0.0663765 0.165871 -0.00749169 0.0133737 0.00472735 0.0207373 0.178785 0.00214022 -0.00251247 0.0133737 0.00472735 0.0207373
46.202 1.09657 -0.505417 1.5499 1.01567 0.0116973 -0.00848807 -0.826118 -0.563312 -0.0655224 0.178606 -0.00789037 -0.0011264 -0.00170152 -0.00309182 0.190347 -0.00424027 -0.00238873 -0.0011264 -0.00170152 -0.00309182
46.806 1.05781 -0.548979 1.65482 1.01345 0.0117597 -0.00696644 -0.825635 -0.564039 -0.070233 0.179693 -0.00215215 0.00203129 0.00141391 0.00290964 0.192826 -0.000345052 0.00317883 0.00190209 0.00139905 0.00227882
47.222 1.03714 -0.583775 1.72693 1.00948 0.0108074 -0.00698755 -0.82665 -0.562569 -0.0736315 0.176451 0.023869 0.00521433 0.000811363 0.0138561 0.190483 0.0037351 0.0287819 0.00521433 0.000811363 0.0138561
47.668 1.02309 -0.619131 1.80077 1.0101 0.0108481 -0.00744377 -0.828095 -0.560434 -0.072017 0.172968 0.0224539 -0.000722142 0.00158974 0.0117354 0.186688 0.00256535 0.0273747 -0.000722142 0.00158974 0.0117354
48.14 1.02319 -0.654794 1.88155 1.02339 0.0106087 -0.00795918 -0.829022 -0.559058 -0.069672 0.170972 -0.000456777 0.00519661 0.00138108 0.00648038 0.184569 0.000516391 0.00443314 0.00519661 0.00138108 0.00648038
48.562 1.02621 -0.682021 1.9538 1.02521 0.0106781 -0.00787483 -0.828682 -0.559562 -0.0650272 0.173814 -0.00109635 -0.00306277 -0.000189676 -0.00531285 0.185486 -0.00463106 0.00382741 -0.00306277 -0.000189676 -0.00531285
48.966 1.03049 -0.708112 2.02473 1.03117 0.0110266 -0.00762933 -0.827559 -0.561219 -0.0639919 0.173598 0.0251093 -0.000932925 0.00204611 -0.00814882 0.184297 -0.0049216 0.0307957 -0.00125313 0.00123805 -0.00823025
49.338 1.03988 -0.733862 2.08773 1.0393 0.0113256 -0.00783691 -0.826546 -0.5627 -0.06571 0.174194 0.0223501 0.00109752 0.000388682 -0.00524617 0.185469 -0.00272229 0.0274693 0.00109752 0.000388682 -0.00524617
49.764 1.04269 -0.760202 2.14931 1.04394 0.0115049 -0.0080957 -0.825989 -0.563511 -0.0669609 0.174736 0.0235292 0.000660053 0.00104923 -0.003746 0.186386 -0.0013838 0.0287842 0.000660053 0.00104923 -0.003746
50.222 1.00117 -0.791278 2.225 1.0473 0.0117616 -0.00836582 -0.825472 -0.564259 -0.0672549 0.176531 -0.0141032 0.000116793 -0.000589295 -0.00365335 0.188943 -0.00134358 -0.00860643 0.000270521 0.000925586 -0.00351376
50.694 0.92146 -0.824791 2.31022 1.03324 0.010856 -0.00761403 -0.824835 -0.565218 -0.0664407 0.175584 -0.0131675 0.00100774 0.00247978 -0.00463981 0.188297 -0.00163619 -0.008424 0.000534422 0.00164023 -0.00463162
51.348 0.821968 -0.868201 2.41675 1.01036 0.00986002 -0.00698203 -0.823824 -0.566718 -0.0633423 0.166107 -0.00966105 0.000602782 0.00364683 -0.00258833 0.177956 -0.000242671 -0.0053632 0.000602782 0.00364683 -0.00258833
52.126 0.720622 -0.915317 2.54168 0.994743 0.00869459 -0.00467817 -0.825694 -0.564032 -0.0597664 0.142764 -0.0317667 0.00103389 0.00346499 0.0331633 0.155918 0.00369224 -0.028569 0.00110524 0.00391038 0.0320907
52.628 0.666646 -0.945402 2.60877 0.98709 0.00188026 -0.00112599 -0.831722 -0.555188 -0.0533658 0.12294 0.00268611 -0.000938365 -0.0372866 0.0711056 0.137568 0.00266964 0.00400673 0.00120683 -0.0561081 0.063428
53.06 0.632756 -0.964603 2.65258 0.992378 0.00266362 -0.00168908 -0.843928 -0.536448 -0.0394093 0.0923545 -0.00173957 0.0014772 0.00735891 0.144762 0.100359 -0.00351575 -0.00110655 0.0014772 0.00735891 0.144762
53.506 0.611822 -0.983883 2.68491 0.991882 0.0027243 -0.00228618 -0.861224 -0.508213 -0.0339855 0.0793978 -0.003585 0.0010364 0.000274015 0.160227 0.0867881 -0.00824462 -0.00335687 0.00120129 0.000318996 0.160614
53.932 0.596704 -0.99653 2.70941 0.989492 0.00259728 -0.00233218 -0.87639 -0.48159 -0.0300713 0.0738343 -0.00106519 -0.000470179 -0.000382699 0.141871 0.0789205 -0.0136974 -0.000405594 -0.000355737 -0.000525694 0.143955
54.35 0.58388 -1.00751 2.7305 0.982191 0.00284541 -0.00140564 -0.890312 -0.455341 -0.0292079 0.0686605 0.00692731 -0.00877995 -0.00104764 0.206647 0.0727205 -0.0165077 0.00738754 -0.00877995 -0.00104764 0.206647
54.764 0.575831 -1.01963 2.74764 0.984307 0.00251246 -0.00151457 -0.915845 -0.401522 -0.0321589 0.061835 0.00301646 0.00384099 -0.00174195 0.357348 0.0672485 -0.0182424 0.00342159 0.00384099 -0.00174195 0.357348
55.302 0.567961 -1.03154 2.767 0.989423 0.00172711 -0.00203311 -0.949087 -0.315003 -0.0283485 0.0585293 -3.16905e-05 0.000344655 -0.000878208 0.35982 0.0583848 -0.0295942 0.000769693 0.000337897 -0.000931887 0.362064
55.708 0.564525 -1.03883 2.77745 0.998888 0.00146372 -0.00209486 -0.967286 -0.253676 -0.0249531 0.0553688 -0.0100404 -0.000656686 0.000585769 0.313107 0.0489527 -0.0360294 -0.00973067 -0.000656686 0.000585769 0.313107
56.186 0.558723 -1.04616 2.79206 0.998807 0.00145583 -0.00144332 -0.984642 -0.174575 -0.0219057 0.0493627 -0.0127511 0.00141896 7.70166e-05 0.362257 0.0382443 -0.0390547 -0.0129138 0.0011138 7.0938e-06 0.360824
56.698 0.553555 -1.05109 2.80209 0.994927 0.00126143 -0.00195564 -0.996223 -0.0867973 -0.0177071 0.0442045 -0.00834706 0.00202635 0.000558486 0.352865 0.0259494 -0.0403698 -0.00837316 0.00221748 0.000689982 0.357232
57.574 0.549651 -1.06079 2.81676 0.992985 0.0011204 -0.0040004 -0.999582 0.0286182 -0.0125803 0.0409858 -0.00355469 0.0193786 0.000833509 0.0909127 0.0102216 -0.0416657 -0.00319835 0.0193786 0.000833509 0.0909127
58.616 0.536765 -1.07185 2.84508 0.985582 0.00145011 -0.00226895 -0.994782 -0.101984 -0.00881645 0.0405483 0.0021413 -0.00168049 -0.00109794 -0.40191 0.016853 -0.0379064 0.00235766 -0.00168049 -0.00109794 -0.40191
59.068 0.534608 -1.07983 2.85623 0.982788 0.0014504 -0.00208495 -0.983009 -0.18354 -0.00814409 0.0318173 0.00451804 0.00240109 -0.000463328 -0.347491 0.0189611 -0.0274062 0.00446871 0.00187137 -0.00066116 -0.351158
59.562 0.531311 -1.08448 2.86512 0.980965 0.00169902 -0.00221622 -0.965995 -0.258545 -0.00536421 0.0247863 0.00632296 0.000587311 0.00115011 -0.324609 0.0168459 -0.0194581 0.00667442 0.000336079 0.00130614 -0.326424
60.28 0.52681 -1.09185 2.88474 0.978685 0.00185797 -0.00177169 -0.935205 -0.354098 -0.00512646 0.0208318 0.00649492 -0.00118052 -0.00145688 -0.259449 0.0176071 -0.0121994 0.00660266 -0.00118052 -0.00145688 -0.259449
60.718 0.519412 -1.09787 2.90032 0.981743 0.00180628 -0.00157273 -0.916408 -0.400238 -0.0062877 0.018811 0.00813951 0.00247853 4.30124e-06 -0.217118 0.0179843 -0.00851412 0.00872677 0.00195139 -1.54927e-06 -0.217805
61.176 0.518864 -1.10756 2.91383 0.990406 0.00146047 -0.00184273 -0.894849 -0.446364 -0.00749641 0.0179368 -0.000122484 -7.64267e-05 -0.00280999 -0.244828 0.0188385 -0.00480085 -3.26803e-05 -7.64267e-05 -0.00280999 -0.244828
61.676 0.518414 -1.11332 2.92569 0.996836 0.00131646 -0.00142731 -0.868059 -0.496458 -0.00638034 0.0142739 -0.0035346 -0.00108401 -0.000715964 -0.238483 0.015913 -0.00196457 -0.00346219 -0.00116491 -0.000790878 -0.239601
62.056 0.515246 -1.11559 2.93457 0.993733 0.00130427 -0.00121554 -0.847926 -0.530111 -0.00618487 0.0119237 -0.00274409 -0.000747959 -0.00139109 -0.210638 0.0134376 0.000336193 -0.00269729 -0.000747959 -0.00139109 -0.210638
62.55 0.511381 -1.1193 2.947 1.00003 0.00103843 -0.000975543 -0.823166 -0.567799 -0.00677449 0.00940912 -0.00340888 6.4803e-05 -0.00166507 -0.173692 0.0115007 0.00286604 -0.0031975 -9.82902e-07 -0.00174966 -0.175018
62.98 0.509054 -1.12147 2.95497 1.00487 0.000915231 -0.000954989 -0.803872 -0.594801 -0.00679148 0.00677873 -0.00528829 -5.48687e-05 -0.0014084 -0.14759 0.00848217 0.00451 -0.0052682 -5.48687e-05 -0.0014084 -0.14759
63.69 0.50656 -1.12602 2.96614 0.994258 0.000561438 -0.000838327 -0.77595 -0.630794 -0.00698726 0.00303013 -0.00333704 0.000276842 -0.000884571 -0.10952 0.00462953 0.0062098 -0.00356624 0.000272338 -0.000819924 -0.11165
64.39 0.504762 -1.1284 2.97113 0.982513 9.71768e-05 -0.00126412 -0.754259 -0.656576 -0.00596312 -0.000836452 0.00117544 0.0047506 0.000257182 -0.132258 -8.7802e-06 0.00602358 0.00116471 0.0047506 0.000257182 -0.132258
64.814 0.503393 -1.1287 2.97627 0.985635 -2.40726e-05 -0.00115578 -0.727509 -0.686097 -0.00328509 -0.000359243 0.000584457 -0.00180274 -0.00184003 -0.207714 -0.000251794 0.00336684 0.000703219 -0.00166418 -0.00138625 -0.204009
65.248 0.500774 -1.12897 2.98181 0.990152 -8.40491e-05 -0.000775239 -0.700313 -0.713835 -0.0041866 -0.000586853 -0.000665294 -0.000381164 -0.00146067 -0.207784 -0.000666144 0.0041738 -0.000670987 -0.000381164 -0.00146067 -0.207784
65.7 0.499818 -1.12956 2.98555 0.988635 -0.000233474 -0.000737332 -0.666816 -0.745222 -0.00630478 -0.00229019 -0.00174109 0.000256316 -0.000730622 -0.175856 -0.00282247 0.00588981 -0.00211384 0.000357406 -0.000690422 -0.177707
66.176 0.49712 -1.12924 2.99076 0.981096 0.00314255 -0.00275852 -0.642865 -0.765968 -0.00916972 0.0110257 -0.00862752 -0.00165255 -0.00596709 -0.0788726 0.00933918 0.0109539 -0.00853674 -0.00165255 -0.00596709 -0.0788726
66.672 0.489676 -1.12777 3.00311 0.957669 0.00185402 -0.00212565 -0.636914 -0.77093 -0.0113943 0.0223605 -0.00870023 0.00220039 -0.00151488 0.00869905 0.0198578 0.0154099 -0.00858606 0.00220039 -0.00151488 0.00869905
67.342 0.476656 -1.12267 3.02223 0.959446 0.00137216 -0.00206661 -0.640791 -0.767711 -0.00839054 0.0251922 -0.00758348 8.28654e-05 -0.000287648 0.0247311 0.0231725 0.0128928 -0.0073893 -3.15239e-06 -0.00027891 0.0248754
67.844 0.387121 -1.11622 3.0355 0.950868 0.00125977 -0.00163622 -0.644095 -0.764943 -0.00630021 0.0239296 -0.0068891 -0.000821353 0.00127449 0.0266691 0.0225356 0.0102817 -0.00679803 -0.000821353 0.00127449 0.0266691
68.564 0.378849 -1.11366 3.04777 0.946676 0.0011058 0.000607904 -0.648431 -0.761272 -0.0163198 0.0115421 0.000405466 0.000863447 0.00251618 0.0135114 0.00922066 0.0177355 0.000476871 0.00108218 0.00331875 0.0147418
69.076 0.379154 -1.1157 3.05229 0.942524 0.00123512 0.000618281 -0.649184 -0.76063 -0.0187718 0.00831822 0.000208196 -0.000318817 -0.000112277 0.00684098 0.00526536 0.019845 0.000264907 -0.000318817 -0.000112277 0.00684098
69.576 0.381089 -1.12032 3.05677 0.942312 0.00119878 0.0006634 -0.649518 -0.760345 -0.0195217 0.00747881 0.000711688 -0.000532382 -0.000476615 0.00535234 0.00434685 0.0204763 0.000663516 -0.000464561 -0.000445542 0.00537954
70.018 0.381104 -1.12292 3.06231 0.939811 0.00115335 0.000866261 -0.649858 -0.760055 -0.018205 0.0080537 -0.000120357 -0.000775556 -0.000717994 0.00417222 0.00516099 0.019383 -7.04874e-05 -0.000750625 -0.00086081 0.00432477
70.692 0.385179 -1.12967 3.06495 0.940395 0.00142798 0.00099176 -0.649842 -0.760067 -0.0174286 0.00790562 -0.000545821 -0.000224294 -0.000770002 0.00456893 0.00509341 0.0184325 -0.000396411 -0.000110341 -0.000803672 0.00453267
71.236 0.394243 -1.13956 3.06758 0.926009 0.00133501 0.00108849 -0.649954 -0.759971 -0.0173009 0.00811804 -0.000772804 -0.000466082 -0.000532398 0.00453947 0.00533618 0.0183533 -0.000709166 -0.000466082 -0.000532398 0.00453947
71.96 0.40872 -1.15641 3.0701 0.929645 0.00123302 0.00111196 -0.650098 -0.759849 -0.0173171 0.00774973 0.000291493 0.000397349 -0.000240711 0.0048347 0.00497671 0.0183067 0.000351834 0.000397349 -0.000240711 0.0048347
72.492 0.417188 -1.16997 3.07147 0.943112 0.00106639 0.000962913 -0.65039 -0.759599 -0.0160593 0.00752481 6.92434e-05 -0.000852729 -0.000650943 0.00306742 0.00496219 0.0170262 0.000117778 -0.000852729 -0.000650943 0.00306742
72.938 0.426133 -1.18011 3.07155 0.937384 0.00103677 0.000950195 -0.650245 -0.759724 -0.0149753 0.00688227 -0.000246917 -0.000282039 6.94843e-05 0.00330945 0.00448814 0.0158588 -0.000202767 -0.000282039 6.94843e-05 0.00330945
73.624 0.44355 -1.19406 3.07063 0.926175 0.000663301 -0.000376442 -0.648759 -0.760994 -0.00535953 0.00961785 -0.00169898 -0.00196655 -0.00112048 -0.013538 0.00861162 0.0071111 -0.00169448 -0.00212979 -0.00135231 -0.012103
74.068 0.447149 -1.20064 3.07061 0.935833 0.00098634 -0.000498796 -0.645556 -0.763712 -0.0032983 0.0108648 -0.00347593 -0.000312879 0.000245395 -0.0205589 0.0100795 0.00507225 -0.00339191 -0.000262031 0.000741393 -0.020476
74.544 0.452482 -1.20946 3.06985 0.94086 0.00101298 -0.000533917 -0.641773 -0.766894 -0.00374035 0.0112633 -0.00386363 0.000671201 0.000661503 -0.0175252 0.0104358 0.00567032 -0.0038366 0.000671201 0.000661503 -0.0175252
74.986 0.460764 -1.21627 3.06986 0.93879 0.00106588 -0.000722094 -0.639059 -0.769156 -0.00372956 0.0114163 -0.00435555 -0.000112573 0.000282173 -0.0155953 0.0105716 0.00580048 -0.00421808 -3.18993e-05 0.000337055 -0.0157125
75.52 0.464656 -1.22174 3.07206 0.945948 0.00110693 -0.000906053 -0.634874 -0.772614 -0.00264063 0.0118322 -0.00479545 -0.000343063 -1.75568e-05 -0.0218009 0.0111092 0.00488708 -0.00476156 -0.000343063 -1.75568e-05 -0.0218009
76.016 0.464601 -1.22464 3.07699 0.950826 0.00118843 -0.000932884 -0.630339 -0.776319 -0.00182158 0.0127983 -0.00604527 -0.00011702 -1.85963e-05 -0.0231076 0.0121473 0.00442059 -0.00594498 -0.000142868 -3.75023e-05 -0.0232503
76.522 0.464856 -1.22724 3.08186 0.958085 0.00123124 -0.000976813 -0.625901 -0.779901 -0.00145342 0.01279 -0.0055383 -0.000161018 0.000314686 -0.0196273 0.0121889 0.00419174 -0.00549804 -0.000161018 0.000314686 -0.0196273
76.95 0.464445 -1.2297 3.08607 0.963804 0.00114778 -0.000833612 -0.622718 -0.782445 -0.00144987 0.0124493 -0.000252781 -0.00271302 -0.0136542 -0.0140558 0.0118069 0.00420723 -0.000217313 -0.00271302 -0.0136542 -0.0140558
77.422 0.500987 -1.23315 3.0914 0.97912 0.000753673 5.29573e-05 -0.626226 -0.779641 -0.00473735 0.00681177 -0.00463316 0.00175613 0.00197959 0.0613374 0.00563366 0.00610077 -0.00462074 0.00175613 0.00197959 0.0613374
77.884 0.509107 -1.23759 3.09798 0.988884 0.00042067 -0.000249284 -0.639818 -0.768526 -0.00519383 0.00499474 -0.0081445 0.00139311 -0.00077494 0.0929222 0.00397804 0.00601583 -0.00813887 0.00139311 -0.00077494 0.0929222
78.384 0.500616 -1.24109 3.10063 0.977605 0.000290934 -0.000356603 -0.65521 -0.755447 -0.00333627 0.00209176 -0.00640469 0.000238527 0.000438004 0.085256 0.00160488 0.00359835 -0.00640331 0.000238527 0.000438004 0.085256
78.814 0.494802 -1.24403 3.10198 0.969341 0.000706211 -0.000650315 -0.666584 -0.74543 -0.00214963 0.000911296 -0.00366195 -0.00800267 0.0238031 0.0721207 0.000645699 0.00225206 -0.00356419 -0.00407479 0.0106268 0.0733884
79.33 0.47145 -1.2496 3.10805 0.949196 0.00177105 -0.00171167 -0.676776 -0.736185 -0.00340542 0.0124153 -0.00257727 0.000692823 -0.00418967 0.0520332 0.0120982 0.00443632 -0.00251651 0.000692823 -0.00418967 0.0520332
79.86 0.46911 -1.25345 3.11479 0.951959 0.00130379 -0.00128995 -0.684493 -0.729018 -0.00288604 0.0126228 -0.00171588 -0.000549275 0.00153721 0.0361861 0.0124223 0.00367499 -0.00166986 -0.000549275 0.00153721 0.0361861
80.326 0.473645 -1.25593 3.12407 0.954892 0.00137798 -0.00133465 -0.689827 -0.723971 -0.00263482 0.0129538 -0.00236812 -4.98401e-05 -8.06689e-05 0.0294314 0.0127578 0.00333394 -0.00228804 0.000149165 -0.000105235 0.0298104
81.008 0.470868 -1.25813 3.13554 0.958375 0.00151555 -0.00165933 -0.695105 -0.718905 -0.00155705 0.0129821 -0.00126009 0.000280751 0.000105214 0.0161494 0.0129278 0.0019929 -0.00120227 0.000280751 0.000105214 0.0161494
81.534 0.473155 -1.25952 3.14794 0.96212 0.00150223 -0.00152767 -0.696071 -0.71797 -0.000695926 0.0140651 -0.00126933 -0.00042687 7.87759e-05 0.000547254 0.0139844 0.00115584 -0.00112788 -0.00046083 -2.10773e-05 0.000877119
82.252 0.458254 -1.26096 3.16481 0.95058 0.00165842 -0.00159187 -0.695549 -0.718475 -0.000445011 0.0143479 -0.00111066 -0.000167497 0.000484434 -0.00276846 0.0143427 0.000933608 -0.00105402 -0.000191069 0.000449052 -0.00286772
82.886 0.460611 -1.26212 3.18071 0.954157 0.0015638 -0.00129174 -0.695162 -0.718851 -0.000350187 0.0132753 -0.00208958 -0.000403445 0.000891043 0.00536678 0.0133318 0.000760915 -0.00213336 -0.000643549 0.000756813 0.00418884
83.404 0.463414 -1.26385 3.19347 0.963177 0.00160978 -0.00141776 -0.696895 -0.71717 -0.000654849 0.0136441 -0.00120379 0.000168307 0.000170105 0.0134233 0.0136248 0.00104616 -0.00114518 0.000168307 0.000170105 0.0134233
83.898 0.475559 -1.26717 3.20677 0.972405 0.00161855 -0.00151095 -0.699205 -0.714918 -0.00103743 0.0146437 -0.00258202 0.000360632 -0.000378671 0.0132037 0.0146283 0.00136309 -0.00251705 0.000360632 -0.000378671 0.0132037
84.576 0.472566 -1.27053 3.22317 0.972593 0.00181301 -0.00172489 -0.701802 -0.712368 -0.000802402 0.0159899 -0.0022517 -0.000159612 -0.00026515 0.0104079 0.0159872 0.00104158 -0.00217158 -0.000159612 -0.00026515 0.0104079
85.052 0.479741 -1.27255 3.24042 0.981077 0.00169819 -0.0015887 -0.703495 -0.710696 -0.000632665 0.0185058 -0.00224458 5.06526e-05 -0.000889219 0.00866855 0.0185086 0.000821475 -0.00215844 5.06526e-05 -0.000889219 0.00866855
85.494 0.48359 -1.274 3.25519 0.985752 0.00177893 -0.00166284 -0.704768 -0.709433 -0.000503748 0.0198695 -0.00192696 -8.63206e-05 -5.39216e-05 0.00688321 0.0198749 0.000635168 -0.00183014 -8.63206e-05 -5.39216e-05 0.00688321
85.994 0.48808 -1.27524 3.26989 0.985827 0.00185586 -0.00171479 -0.705836 -0.708371 -0.000394807 0.0209077 -0.00244819 -6.63518e-05 -0.000244961 0.00614194 0.0209182 0.000470235 -0.0023425 -6.63518e-05 -0.000244961 0.00614194
86.424 0.485791 -1.27828 3.28325 0.9865 0.00188325 -0.00180415 -0.706662 -0.707546 -0.000920203 0.0217662 -0.00189213 6.58828e-05 0.000381047 0.0058889 0.0217325 0.000955448 -0.00165131 7.56015e-05 0.000406 0.00590184
87.178 0.491157 -1.2814 3.30591 0.988944 0.00183341 -0.00171884 -0.708026 -0.706182 -0.000874936 0.0235401 -0.00138549 -7.43972e-05 -0.000453644 0.00737723 0.023549 0.000813754 -0.00126707 -7.43972e-05 -0.000453644 0.00737723
87.648 0.487852 -1.2827 3.32237 0.983515 0.00188694 -0.00178441 -0.70924 -0.704962 -0.000802033 0.0249342 -0.00181693 6.17128e-05 -0.000691762 0.00750052 0.0249477 0.000651388 -0.00168733 6.17128e-05 -0.000691762 0.00750052
88.158 0.476722 -1.28564 3.33784 0.974442 0.00162274 -0.00186608 -0.709315 -0.704888 -0.000425158 0.0249647 -0.0011093 -0.000414669 -0.000128294 -0.00911686 0.0249594 0.000219217 -0.00106726 -0.000312318 -0.00011677 -0.00842911
88.656 0.47288 -1.29001 3.35277 0.969842 0.00148409 -0.00170741 -0.706876 -0.707334 -0.00124203 0.0239782 -0.00116737 9.63889e-05 0.000619364 -0.0178639 0.0239825 0.00125721 -0.00105953 9.63889e-05 0.000619364 -0.0178639
89.072 0.469491 -1.29174 3.36491 0.968175 0.00150704 -0.00169182 -0.70433 -0.709869 -0.00128495 0.0233937 -0.000518725 -5.42181e-05 -2.91044e-05 -0.0170988 0.0233715 0.00144179 -0.000346135 -0.000104462 0.00010479 -0.0173777
89.578 0.476946 -1.29332 3.37782 0.977564 0.00145669 -0.00167727 -0.701932 -0.712241 -0.00160734 0.0226746 -0.000352661 0.000367345 0.000676059 -0.0140787 0.0226501 0.00193765 -0.00025277 0.000367345 0.000676059 -0.0140787
90.054 0.486034 -1.29347 3.39047 0.983718 0.00161803 -0.00181785 -0.699903 -0.714233 -0.00119245 0.0230986 -0.00127027 -0.000121109 1.22425e-05 -0.0115136 0.0229473 0.00165139 -0.00118875 -0.000185635 0.000290794 -0.0117968
90.562 0.491399 -1.29278 3.40621 0.989353 0.00168871 -0.00184797 -0.698286 -0.715815 -0.000611061 0.0255657 -0.00119237 -0.000123169 -0.000702468 -0.00854953 0.0254143 0.00125031 -0.00104254 -0.000136384 -0.000716176 -0.00868021
91.004 0.49842 -1.29286 3.42004 0.998206 0.00171975 -0.00190443 -0.6971 -0.71697 -0.000684327 0.027139 -0.00133658 8.30313e-05 -0.000550447 -0.00594946 0.0271156 0.00144638 -0.0011978 8.30313e-05 -0.000550447 -0.00594946
91.554 0.500764 -1.2939 3.43808 0.998607 0.00172865 -0.00198093 -0.696151 -0.71789 -0.00109302 0.0289958 -0.0015737 0.000485352 -0.000385408 -0.00470884 0.028858 0.00187477 -0.00140242 0.000290151 -0.000241222 -0.00470105
92.29 0.502855 -1.29519 3.46047 1.00253 0.00168985 -0.00202994 -0.695034 -0.718972 -0.00117052 0.0307648 -0.00111409 0.000368771 -0.00142434 -0.00404206 0.030713 0.00221083 -0.000953176 0.000368771 -0.00142434 -0.00404206
92.74 0.508527 -1.29314 3.47556 1.00581 0.00166391 -0.00197958 -0.694151 -0.719825 0.000271531 0.0313599 -0.00192161 -0.00044649 8.59084e-05 -0.00663243 0.0313586 0.00086644 -0.00176013 -0.00044649 8.59084e-05 -0.00663243
93.458 0.49866 -1.29154 3.49345 0.990447 0.00189377 -0.0021618 -0.692298 -0.721606 0.000564604 0.030128 -0.001813 9.63214e-06 0.000401288 -0.00854925 0.0301355 0.000683944 -0.00164017 9.63214e-06 0.000401288 -0.00854925
93.918 0.485783 -1.29114 3.5071 0.98298 0.0017212 -0.00200669 -0.690971 -0.722878 0.00031855 0.029771 -0.000597226 2.61088e-05 0.00056655 -0.00778997 0.0298821 0.00100492 -0.000544561 -1.01707e-07 0.000404188 -0.00785599
94.368 0.493122 -1.28964 3.52157 0.99297 0.00158644 -0.00182209 -0.689849 -0.723949 0.000613151 0.0289175 -0.000335103 7.45839e-06 0.000243346 -0.00607905 0.0289147 0.000781667 -0.000195703 7.45839e-06 0.000243346 -0.00607905
94.866 0.499208 -1.28946 3.53761 0.997941 0.00147889 -0.002099 -0.688834 -0.724914 0.000640376 0.0289637 -0.000484031 0.00239451 -0.00208697 -0.0109693 0.0289503 0.000931595 -0.000371394 0.00270598 -0.00214191 -0.0101612
95.322 0.504596 -1.28789 3.55262 1.00533 0.00155372 -0.00213904 -0.685303 -0.728253 0.00233849 0.0293949 -0.00019791 -0.000827931 -0.000256177 -0.0307284 0.0294833 -0.000549612 -4.29014e-05 -0.000827931 -0.000256177 -0.0307284
95.746 0.511143 -1.28681 3.5655 1.01084 0.00168108 -0.00216802 -0.68055 -0.732696 0.00232893 0.0297409 -0.000479537 -6.63756e-05 0.000447416 -0.034232 0.0298338 -0.000131027 -0.000316432 -6.63756e-05 0.000447416 -0.034232
96.204 0.495912 -1.28639 3.58007 0.98989 0.00175379 -0.002292 -0.675357 -0.737486 0.00196246 0.0310957 -0.000656069 0.000312377 -0.000636631 -0.030577 0.0311512 0.000774382 -0.000477367 0.000312377 -0.000636631 -0.030577
96.686 0.486756 -1.285 3.59506 0.97951 0.00150974 -0.00199789 -0.67095 -0.741498 0.00197651 0.0306939 -0.000450755 -0.000124781 0.000406253 -0.0259336 0.0308677 0.00105794 -0.000322046 -0.000186274 7.07064e-05 -0.0264469
97.176 0.474528 -1.28329 3.61001 0.970885 0.00145058 -0.00193925 -0.66683 -0.745206 0.00167737 0.0293192 -0.000491048 0.000159425 8.29727e-05 -0.0209389 0.0293267 0.00157753 -0.000350224 0.000159425 8.29727e-05 -0.0209389
97.914 0.467776 -1.28181 3.63275 0.967651 0.0013128 -0.001865 -0.661959 -0.749537 0.000982653 0.0272693 0.000445415 0.00019355 0.000641265 -0.0151132 0.0272375 0.00235991 0.000610328 0.000166109 0.000861052 -0.0153236
98.64 0.47174 -1.27924 3.64703 0.972833 0.00132982 -0.00188543 -0.658651 -0.752445 0.00114951 0.0243814 -1.71433e-06 -0.000441565 0.00064108 -0.0119282 0.0243188 0.00208761 0.000108882 -0.000441565 0.00064108 -0.0119282
99.11 0.483606 -1.27464 3.65796 0.986252 0.00146026 -0.00190863 -0.656834 -0.754031 0.00203527 0.0243299 0.000362065 9.25478e-05 -0.000190369 -0.00904053 0.0243771 0.0013205 0.000478596 9.25478e-05 -0.000190369 -0.00904053
99.548 0.481255 -1.27305 3.67056 0.977121 0.00155454 -0.00211142 -0.655643 -0.755066 0.00188505 0.0262374 -0.000661142 0.000263221 -0.00068088 -0.00763753 0.0258693 0.00182067 -0.000627584 0.000296739 -0.000262362 -0.00773468
100.308 0.473029 -1.26793 3.69511 0.974889 0.00139086 -0.00190345 -0.653967 -0.756519 0.00271792 0.0277696 0.000564599 -0.000287881 0.000382477 -0.00585761 0.0279347 0.00134961 0.000611167 -0.000367678 0.000448587 -0.00591312
100.734 0.484841 -1.26614 3.70803 0.987338 0.00124333 -0.0017558 -0.653098 -0.757271 0.0023253 0.0276775 0.000231795 0.000229188 -0.000323986 -0.00466563 0.0278122 0.00171859 0.000286958 0.000245166 -0.000715824 -0.00481868
101.23 0.484053 -1.26352 3.72266 0.998153 0.00137173 -0.00201534 -0.652267 -0.757986 0.00277126 0.0283989 -0.000212976 -0.000523219 -0.000936495 -0.00549484 0.0284953 0.00149366 -7.5747e-05 -0.000523219 -0.000936495 -0.00549484
101.696 0.46389 -1.26028 3.73612 0.995353 0.00131988 -0.00188884 -0.651257 -0.758853 0.00321908 0.0288552 -0.000557054 -1.00927e-05 -0.00029641 -0.00680739 0.0290118 0.00119596 -0.000424561 -1.00927e-05 -0.00029641 -0.00680739
102.47 0.458773 -1.25502 3.75254 0.994187 0.00117788 -0.0016485 -0.649397 -0.760447 0.0032399 0.0253253 6.99713e-05 -0.000125022 0.000168251 -0.00451376 0.0255198 0.000765104 0.000172729 -0.000125022 0.000168251 -0.00451376
102.938 0.456271 -1.25369 3.76073 1.00326 0.00113667 -0.00163464 -0.648704 -0.761038 0.00247447 0.0232537 0.00053025 0.000105985 0.00101577 -0.00382852 0.0233498 0.00123947 0.000622301 0.000105985 0.00101577 -0.00382852
103.674 0.455229 -1.25244 3.77481 1.00751 0.00111435 -0.0017055 -0.647717 -0.761878 0.00207845 0.0217167 -0.000117578 -0.000362207 0.000333482 -0.00385748 0.0217879 0.00148667 -2.40665e-05 -0.000282213 0.000508403 -0.00386609
104.208 0.453077 -1.24965 3.78668 1.0088 0.00109404 -0.00164837 -0.646995 -0.762492 0.00225786 0.0218032 -0.000259444 3.23663e-05 -0.000216197 -0.00328198 0.0218504 0.00131694 -0.000118767 4.79198e-05 -0.000197395 -0.00331709
104.982 0.447952 -1.24362 3.80285 1.02925 0.00109453 -0.00156938 -0.646201 -0.763165 0.00301351 0.0207631 0.000436381 -0.000177559 0.000372374 -0.00291403 0.0210847 0.000461368 0.000594809 -0.000198677 0.000320831 -0.00294219
105.772 0.442965 -1.23736 3.8178 1.02984 0.00106813 -0.00144978 -0.645605 -0.763669 0.00365922 0.0198544 -4.41464e-05 -0.000438722 -3.57579e-06 -0.00178794 0.0202464 -0.000356487 9.58107e-05 -0.00048412 -1.29933e-05 -0.00180781
106.232 0.442392 -1.23606 3.82549 1.02856 0.000984828 -0.00141403 -0.645322 -0.763909 0.00294773 0.0183871 -0.000127108 9.81218e-05 0.000670559 -0.00231646 0.0186215 0.000166509 -6.32629e-05 9.81218e-05 0.000670559 -0.00231646
106.702 0.441876 -1.23455 3.8317 1.03496 0.00104756 -0.00148035 -0.644785 -0.764362 0.00280437 0.0169832 -0.000158814 -0.000139883 0.000396041 -0.00245038 0.0172134 9.73996e-05 -9.66365e-05 -0.000139883 0.000396041 -0.00245038
107.188 0.440069 -1.23147 3.83965 1.04419 0.00106764 -0.00145102 -0.644513 -0.764592 0.00321373 0.016538 0.000271703 -8.50077e-05 -2.96545e-05 -0.00285984 0.0168423 -0.000369016 0.000332342 -8.50077e-05 -2.96545e-05 -0.00285984
107.666 0.439366 -1.23014 3.8478 1.04309 0.00107104 -0.00144894 -0.643938 -0.765076 0.00268366 0.0161025 -6.05751e-05 0.00042424 -0.000360275 -0.00250178 0.0162763 3.36785e-05 -0.000125567 0.000389079 -0.000277413 -0.0025395
108.18 0.440704 -1.23127 3.86022 1.04577 0.000890152 -0.00142762 -0.643678 -0.765295 0.00151882 0.0171452 -0.000178959 0.000532037 -0.000349231 -0.00243783 0.0171524 0.00144149 -0.00012251 0.000532037 -0.000349231 -0.00243783
108.966 0.437261 -1.22901 3.87612 1.03445 0.000896449 -0.00140694 -0.643191 -0.765704 0.00173813 0.0169302 -1.28747e-05 0.000274154 0.00024736 -0.00166639 0.0169761 0.00121026 4.27497e-05 0.000274154 0.00024736 -0.00166639
109.44 0.435084 -1.22571 3.88445 1.03541 0.000884871 -0.00135998 -0.643042 -0.765829 0.00233866 0.0158066 0.000356402 -0.000249003 0.000308131 -1.48016e-05 0.0159716 0.000431166 0.00040768 -0.000249003 0.000308131 -1.48016e-05
109.912 0.433173 -1.22318 3.89144 1.03845 0.0008997 -0.0013252 -0.643125 -0.76576 0.00240299 0.0149198 -0.000123865 8.54273e-05 0.000247097 2.0965e-05 0.0151644 0.000197734 -0.000297741 3.40352e-05 0.000202602 6.42404e-05
110.398 0.434775 -1.22169 3.9004 1.05341 0.000836212 -0.00130012 -0.643068 -0.765808 0.00207075 0.014774 0.000436751 4.35407e-05 7.35197e-05 -0.000927914 0.0149081 0.000515436 0.000482271 4.35407e-05 7.35197e-05 -0.000927914
110.798 0.431364 -1.22012 3.9097 1.06033 0.000810308 -0.00129221 -0.642936 -0.765918 0.00205063 0.0158811 0.000305438 0.000123864 -0.000924386 -0.000739395 0.0159952 0.000732151 0.00035346 0.000123864 -0.000924386 -0.000739395
111.252 0.428039 -1.21825 3.91953 1.06222 0.00068379 -0.00116917 -0.642854 -0.765988 0.00195042 0.0158846 -0.000222958 2.96335e-05 -6.42818e-05 -0.000715223 0.0160742 0.000835528 -0.000210158 2.40196e-05 -0.000142936 -0.000712012
111.716 0.425784 -1.21659 3.92504 1.06496 0.000693665 -0.0011751 -0.642851 -0.76599 0.00181204 0.0137181 0.000314082 -0.000190274 0.00104996 -0.00134274 0.0140433 0.000615355 0.000227659 -0.000183141 0.000951714 -0.00130915
112.468 0.422151 -1.21423 3.93578 1.06967 0.000652369 -0.00113651 -0.64258 -0.766217 0.00163606 0.0131093 3.62156e-05 -0.000159866 0.000563652 -0.000338237 0.0131938 0.000672354 6.99463e-05 -0.000159866 0.000563652 -0.000338237
112.912 0.419177 -1.21206 3.93942 1.07611 0.00065941 -0.00112242 -0.642643 -0.766165 0.00165625 0.0112553 0.000210195 -0.000175869 0.000682166 -0.000820056 0.0113712 0.000327749 0.000239249 -0.000175869 0.000682166 -0.000820056
113.396 0.414384 -1.20903 3.94415 1.08563 0.00119457 0.000368626 -0.642533 -0.766257 -0.00259729 0.00890395 0.00230543 0.000888799 0.00115803 -0.000545898 0.00831269 0.00410416 0.00232296 0.000888799 0.00115803 -0.000545898
113.858 0.411789 -1.20822 3.94769 1.093 0.00125627 0.000169343 -0.642612 -0.766191 -0.0062668 0.00682522 0.0022416 0.000244789 0.000183995 -0.000531589 0.00562689 0.00735452 0.00226499 0.000244789 0.000183995 -0.000531589
114.332 0.412649 -1.21014 3.95059 1.0977 0.00130193 0.000168506 -0.64253 -0.76626 -0.00806895 0.00555446 0.00229907 -0.000250076 0.000127117 -0.000523477 0.00414935 0.00883093 0.002331 -0.000257746 0.00011795 -0.000554906
114.786 0.415384 -1.21323 3.95438 1.09625 0.00132427 0.000209149 -0.642513 -0.766273 -0.00858886 0.0055081 0.00217454 -0.000170689 -0.000828648 -2.49753e-05 0.00387421 0.00939627 0.00223026 -0.000216662 -0.000677366 -2.56385e-05
115.582 0.421702 -1.21854 3.95923 1.09075 0.00137137 0.000344509 -0.642613 -0.766189 -0.00795966 0.00475558 0.00119684 -0.000647895 -0.000163187 -0.000629149 0.00329572 0.00866295 0.00122295 -0.000647895 -0.000163187 -0.000629149
116.39 0.430928 -1.22785 3.96459 1.09309 0.000918051 -0.000856717 -0.642475 -0.766306 -0.00078318 0.00679956 0.000471867 -0.00116751 -0.000336557 -0.00184059 0.00655747 0.00195721 0.000488813 -0.00116751 -0.000336557 -0.00184059
116.872 0.434074 -1.23104 3.96749 1.08882 0.00115843 -0.000950602 -0.642188 -0.766546 0.000478323 0.00729411 -0.00077565 -7.44887e-05 -0.000195519 -0.00250417 0.00726736 0.000807335 -0.000753802 -7.44887e-05 -0.000195519 -0.00250417
117.348 0.452903 -1.23353 3.97304 1.07651 0.00114488 -0.000935503 -0.641845 -0.766833 0.000612887 0.00851684 -0.00100811 7.84495e-05 -0.000242295 -0.00198863 0.00849459 0.000896778 -0.000982947 7.84495e-05 -0.000242295 -0.00198863
118.186 0.467206 -1.24092 3.98763 1.05047 0.00121156 -0.0012662 -0.641399 -0.767206 -0.000668494 0.0123756 1.31918e-05 0.0006556 -0.00015237 -0.00186958 0.011979 0.00273423 5.69209e-05 0.000586113 -0.000121922 -0.00178749
118.638 0.474155 -1.24472 3.99682 1.04816 0.00133937 -0.00157551 -0.641122 -0.767436 -0.00110317 0.0144705 1.04648e-05 0.000489881 -0.000680664 -0.00321087 0.0140432 0.00366018 6.86727e-05 0.000489881 -0.000680664 -0.00321087
119.082 0.47969 -1.24772 4.0062 1.05087 0.0013212 -0.00167971 -0.640669 -0.767814 -0.00144705 0.0164181 -4.59252e-05 6.86434e-05 -0.000183048 -0.00299607 0.0158936 0.00436385 2.14388e-05 6.86434e-05 -0.000183048 -0.00299607
119.894 0.486148 -1.24917 4.02338 1.05508 0.00134021 -0.00180219 -0.640296 -0.768125 -0.00121719 0.0186417 -0.000206138 0.000245557 -0.000447465 -0.00119401 0.0179327 0.00452386 -0.000106947 0.000242665 -0.000436339 -0.0011783
120.432 0.489192 -1.2486 4.0356 1.06119 0.00139986 -0.00193185 -0.640116 -0.768274 -0.000813324 0.0196041 1.35666e-05 7.51223e-06 0.000310168 -0.00139854 0.0190953 0.00434278 0.000106539 -1.51946e-05 0.000260193 -0.00138659
120.91 0.491907 -1.24805 4.04816 1.0654 0.00139714 -0.00200917 -0.639869 -0.76848 -0.000802726 0.02118 -0.000270138 0.000209717 -0.000333262 -0.00141275 0.0206853 0.00462572 -0.000171239 0.000209717 -0.000333262 -0.00141275
121.796 0.495228 -1.24407 4.06983 1.07667 0.00146304 -0.00210746 -0.63961 -0.768695 0.000112305 0.0221863 -2.61447e-05 1.18552e-05 -6.11446e-06 -0.00199964 0.0218369 0.00392286 8.37244e-05 1.18552e-05 -6.11446e-06 -0.00199964
122.31 0.49814 -1.24077 4.08519 1.0746 0.0014704 -0.00214918 -0.639453 -0.768826 0.000481172 0.023941 -0.000822264 0.000199993 -0.000584604 -0.00151003 0.0234932 0.00385669 -0.000806538 0.000128695 -0.000613765 -0.00151686
122.754 0.503299 -1.23889 4.09919 1.06712 0.001464 -0.00224236 -0.639329 -0.768929 0.000388577 0.0247272 -0.000657678 0.000177756 0.000190817 -0.00146583 0.024249 0.00421623 -0.000628655 0.000222017 0.000286166 -0.00150173
123.572 0.513018 -1.23325 4.12213 1.04741 0.00152993 -0.00237191 -0.639078 -0.769137 0.0014225 0.0259204 -0.000398617 -0.000402841 9.2885e-05 -0.00182155 0.0256953 0.00348465 -0.000261593 9.36999e-06 0.000168167 -0.00175884
124.418 0.519177 -1.2257 4.14915 1.05333 0.00166519 -0.0024758 -0.638742 -0.769415 0.00240496 0.0287363 3.35669e-05 0.000221132 -0.000120485 -0.00168213 0.0286126 0.00288872 0.000253119 0.000203774 -0.000157836 -0.00168104
124.864 0.475659 -1.22303 4.16484 1.06919 0.00171243 -0.00261355 -0.638653 -0.769489 0.00241291 0.030215 0.000547621 0.000184313 -0.000157295 -0.00166091 0.0301384 0.00319557 0.000732533 0.000184313 -0.000157295 -0.00166091
125.344 0.424908 -1.21798 4.17943 1.0843 0.00110474 -0.00179964 -0.638294 -0.76979 0.00288127 0.0269741 0.000112102 -0.000477675 0.00194328 -0.000900808 0.0270404 0.00216312 0.00022387 -0.000477675 0.00194328 -0.000900808
125.832 0.420198 -1.21283 4.19264 1.08475 0.000594402 -0.00114018 -0.638296 -0.76979 0.00218842 0.0201453 -0.000205097 -1.60937e-05 0.00243877 -0.000444261 0.0202027 0.00157937 -0.000155157 -1.60937e-05 0.00243877 -0.000444261
126.312 0.416918 -1.20863 4.2059 1.07974 0.000674876 -0.00123967 -0.638282 -0.769801 0.00196397 0.0170364 -0.000271933 -0.000329568 0.000226799 -0.00207967 0.0172764 0.00124579 -0.000326835 -0.000341032 0.000181519 -0.00202446
126.836 0.412448 -1.20528 4.21756 1.08162 0.00111823 0.000281232 -0.638093 -0.769958 -0.00370072 0.0138366 0.00253801 0.0018015 0.00125117 -0.00151292 0.0129063 0.00620014 0.00256374 0.0018015 0.00125117 -0.00151292
127.29 0.410823 -1.20557 4.22562 1.08433 0.00109823 9.5844e-05 -0.63799 -0.770044 -0.00761505 0.0115533 0.00241521 0.000221393 0.000171762 -0.000935579 0.00993291 0.00962603 0.00244513 0.000221393 0.000171762 -0.000935579
127.76 0.411169 -1.2069 4.23041 1.08523 0.00112746 0.000110604 -0.638061 -0.769985 -0.00894228 0.00991056 0.00208626 -0.000119357 3.29178e-05 -0.00079949 0.00807433 0.0106236 0.00211645 -0.000119357 3.29178e-05 -0.00079949
128.232 0.413042 -1.20794 4.23307 1.08076 0.00118948 0.000175359 -0.638077 -0.769972 -0.00867007 0.00820163 0.00216737 -0.000785566 -1.96324e-05 -0.00115033 0.0066063 0.0101261 0.00217068 -0.000741689 -4.22453e-05 -0.00114779
128.662 0.414927 -1.21056 4.23502 1.084 0.00126396 0.000215174 -0.63797 -0.77006 -0.00899478 0.00724576 0.0024125 8.53037e-06 -9.51397e-05 -0.000732486 0.00544331 0.0101801 0.0024421 8.53037e-06 -9.51397e-05 -0.000732486
129.172 0.421534 -1.21547 4.2384 1.06562 0.00124327 0.000265582 -0.637868 -0.770145 -0.00932129 0.00674617 0.00211694 -0.000123988 -0.000179399 -2.52964e-05 0.00488956 0.0104098 0.00214617 -0.000123988 -0.000179399 -2.52964e-05
129.654 0.426823 -1.21959 4.24271 1.06409 0.000837952 -0.00120583 -0.63793 -0.770093 -0.00323176 0.00908162 4.96443e-05 -0.0021744 -0.00202222 -0.00133735 0.00800227 0.00538733 9.87192e-05 -0.00188479 -0.00160779 -0.00125236
130.15 0.428937 -1.22226 4.2466 1.06742 0.000989561 -0.000906194 -0.637775 -0.770222 0.000314721 0.0102993 8.02432e-05 -0.000413184 -0.000189787 -0.00248961 0.0101283 0.00170913 0.000228309 -0.000462529 -0.000201125 -0.00245892
130.608 0.44119 -1.22434 4.25001 1.07042 0.00106154 -0.000897372 -0.637473 -0.770471 0.00113381 0.0101919 0.000705689 -0.000271931 8.53315e-05 -0.00249241 0.010222 0.000794383 0.000734052 -0.000271931 8.53315e-05 -0.00249241
131.124 0.442637 -1.2264 4.25538 1.07234 0.00124862 -0.00108748 -0.637188 -0.770707 0.00155821 0.0113703 -8.5874e-05 3.05111e-05 -0.000763445 -0.00222271 0.0112251 0.000594163 -0.000124009 1.63355e-05 -0.000548876 -0.00228466
132.02 0.448178 -1.22999 4.26712 1.07461 0.0011991 -0.00109931 -0.636833 -0.771 0.000982659 0.0122616 -0.000301695 0.000606431 -0.000109591 -0.00136686 0.0122274 0.00135119 -0.000261689 0.000606431 -0.000109591 -0.00136686
132.484 0.453174 -1.23231 4.2756 1.07179 0.00123556 -0.00120348 -0.636679 -0.771127 0.000841918 0.0130762 -0.000457788 0.000188543 -8.50219e-05 -0.00132493 0.012968 0.00158967 -0.000288385 -5.99292e-05 -3.32862e-05 -0.0013482
133.004 0.460047 -1.23489 4.28425 1.05022 0.00127679 -0.00133807 -0.636583 -0.771206 0.000603492 0.0141063 -0.00119935 0.000256071 -0.000770131 -0.00123107 0.0139694 0.00208119 -0.00114727 0.000256071 -0.000770131 -0.00123107
133.492 0.469367 -1.23626 4.29463 1.03228 0.00130059 -0.00142522 -0.636533 -0.771247 0.000696862 0.0154415 -1.37094e-05 0.000170985 -0.000285714 -0.001665 0.0151866 0.00222244 2.01111e-06 0.000111783 -2.217e-05 -0.00158505
134.042 0.473913 -1.23737 4.30418 1.03159 0.00143257 -0.00162173 -0.636226 -0.7715 0.00079412 0.0162614 -0.000184742 5.64932e-05 -0.000329548 -0.00186477 0.0160014 0.00228612 -0.000106575 4.54855e-05 -0.000206887 -0.00191421
135.002 0.479142 -1.23747 4.32701 1.04424 0.00137177 -0.00162821 -0.635821 -0.771833 0.00114802 0.018971 0.000336574 0.000229688 0.000486724 -0.00176777 0.0188382 0.00250537 0.000416906 0.000229688 0.000486724 -0.00176777
135.448 0.481164 -1.23824 4.33724 1.05371 0.00146274 -0.00179608 -0.635599 -0.772016 0.000996563 0.0195597 -0.000138763 0.000170296 -3.17427e-05 -0.00152408 0.0193875 0.00277793 -4.90173e-05 0.000170296 -3.17427e-05 -0.00152408
136.348 0.494516 -1.23963 4.35892 1.02776 0.00145288 -0.00191109 -0.63519 -0.772352 0.000821762 0.0202433 -0.000753446 -0.000168022 0.000386314 -0.00133786 0.0200001 0.00311778 -0.000548954 -0.000277839 0.00050227 -0.00136904
136.856 0.499257 -1.23814 4.37015 1.02528 0.00169473 -0.00217205 -0.635051 -0.772465 0.00159988 0.0213663 0.00013813 6.70408e-05 -0.000479985 -0.00111713 0.0212712 0.0025629 0.000254939 6.70408e-05 -0.000479985 -0.00111713
137.33 0.502455 -1.23688 4.38142 1.02697 0.00173949 -0.00225519 -0.634915 -0.772577 0.00183781 0.0227442 -4.34032e-05 4.11212e-05 -5.97662e-05 -0.00149788 0.0223524 0.00253265 7.1157e-05 2.04817e-05 3.36153e-05 -0.0015087
137.81 0.505597 -1.23501 4.39851 1.0354 0.00169728 -0.00222955 -0.634693 -0.77276 0.00228826 0.02605 -0.00038122 0.000263213 -0.00120578 -0.000882419 0.0259998 0.00281745 -0.0002362 0.000263213 -0.00120578 -0.000882419
138.282 0.511744 -1.23469 4.41675 1.04424 0.00158958 -0.00225971 -0.634685 -0.772766 0.00178185 0.0276639 -0.000189651 0.000534362 5.53536e-05 -0.000318143 0.0274833 0.00362836 -3.97062e-05 0.000534362 5.53536e-05 -0.000318143
138.716 0.516963 -1.23382 4.42937 1.04708 0.00170952 -0.00244922 -0.634709 -0.772745 0.00198503 0.0277936 -0.000466477 -0.000119434 0.000678073 -0.00113626 0.0276519 0.00345239 -0.000303418 -0.000119434 0.000678073 -0.00113626
139.198 0.522173 -1.23161 4.4452 1.0521 0.00175003 -0.00253008 -0.634499 -0.772917 0.00260898 0.0295875 -0.000457091 -0.000179099 -0.000461543 -0.00143254 0.0293761 0.00324461 -0.00020294 -8.89068e-05 -0.000192072 -0.00142893
139.68 0.526722 -1.22687 4.46299 1.06122 0.00179951 -0.00254806 -0.634272 -0.773104 0.00387379 0.031228 -0.000630836 -0.000480618 -0.000197981 -0.0014499 0.0313128 0.00243002 -0.000481369 -0.000329959 -0.000198884 -0.00145835
140.138 0.523568 -1.22196 4.47949 1.06072 0.00191634 -0.00260015 -0.634048 -0.773287 0.00465709 0.0325614 -0.000119621 0.000110696 -0.000445721 -0.0010207 0.0326856 0.00183152 -3.09974e-05 0.00016436 -0.00033351 -0.00105291
140.654 0.521318 -1.21872 4.49893 1.06319 0.00180941 -0.0025364 -0.634012 -0.773317 0.00445158 0.0335509 -0.00107558 0.000291895 -9.77175e-05 -0.000954334 0.0337786 0.00221203 -0.000866507 0.000291895 -9.77175e-05 -0.000954334
141.54 0.516259 -1.21491 4.53009 1.07341 0.00180179 -0.00265915 -0.63385 -0.77345 0.00391871 0.033463 5.83313e-05 0.000271039 -0.000227091 -0.000874436 0.0335796 0.00273194 0.00027157 0.000271039 -0.000227091 -0.000874436
142.012 0.51356 -1.21247 4.55067 1.07767 0.00161939 -0.00251768 -0.633669 -0.773598 0.00380309 0.0352138 -0.00169197 0.000292068 -0.00080136 -0.000915861 0.0352827 0.00320459 -0.00148435 0.000292068 -0.00080136 -0.000915861
142.494 0.510587 -1.20877 4.56997 1.07262 0.00155336 -0.00247257 -0.633537 -0.773707 0.00418153 0.0354235 -0.000911343 -0.000288399 5.16248e-05 -0.000849995 0.0355271 0.00293891 -0.000744474 -0.000230579 0.000139827 -0.00083727
142.992 0.430783 -1.2034 4.58782 1.0692 0.00157619 -0.002428 -0.63347 -0.773762 0.00473363 0.0345508 -0.000281698 -6.58684e-05 0.000680895 -0.00130743 0.034842 0.00218665 -6.53504e-05 -8.76385e-05 0.000692325 -0.00130453
143.506 0.409715 -1.19908 4.60433 1.07645 0.000419934 -0.00104477 -0.633396 -0.773827 0.00350197 0.0275904 0.000851249 -0.000366412 0.00348684 -0.00141484 0.0284408 0.00205385 0.000805114 -0.000319547 0.00276878 -0.00141468
144.464 0.404036 -1.19303 4.62333 1.08262 0.0016087 -0.000408969 -0.633228 -0.773964 -0.00576907 0.0199704 0.00243728 -0.000358781 0.000497271 -0.000446819 0.0184258 0.00960493 0.00250544 -0.000358781 0.000497271 -0.000446819
145.032 0.405094 -1.19286 4.63185 1.07438 0.00175671 -0.000337307 -0.633293 -0.77391 -0.00755662 0.0186966 0.002022 0.00014289 -0.000207052 -0.000639031 0.0168513 0.0109618 0.00209305 0.000112023 -8.86061e-05 -0.000585271
146.004 0.414664 -1.19726 4.64977 1.0686 0.00172393 -9.49028e-05 -0.633256 -0.773941 -0.00765473 0.018662 0.0022721 -0.000650922 -0.000189312 -0.000443879 0.0167718 0.0111919 0.00233972 -0.000650922 -0.000189312 -0.000443879
146.484 0.420234 -1.20171 4.65745 1.06558 0.00166112 -0.000238241 -0.633248 -0.773947 -0.00746714 0.0185627 0.0020906 -0.00024832 -0.000307944 -0.000512505 0.0167115 0.0109898 0.00215687 -0.00024832 -0.000307944 -0.000512505
146.99 0.427276 -1.20762 4.66616 1.07159 0.000646836 -0.000929223 -0.633198 -0.773989 -0.00203874 0.0170803 0.00103286 -0.00189809 0.000226688 -0.00206857 0.0164913 0.00576501 0.00111534 -0.00167562 0.000197718 -0.00186533
147.462 0.43211 -1.21262 4.67216 1.07647 0.000929565 -0.000910648 -0.632734 -0.774368 0.000532572 0.0162834 -0.000241999 -0.000385569 -0.000215704 -0.00310545 0.0160922 0.00282192 -0.000179336 -0.000394233 -0.000196497 -0.00310362
147.908 0.437024 -1.21506 4.67832 1.07654 0.00100013 -0.000887025 -0.632144 -0.77485 0.00148355 0.0168274 -0.000103815 3.5335e-05 -0.000353766 -0.00239144 0.0167828 0.00192539 -5.86993e-05 3.5335e-05 -0.000353766 -0.00239144
148.368 0.441571 -1.21848 4.68532 1.08151 0.00096405 -0.000932614 -0.631825 -0.77511 0.000967959 0.0179271 0.000354896 0.000397489 -0.000307486 -0.0018127 0.0177532 0.00266575 0.000403034 0.000397489 -0.000307486 -0.0018127
148.858 0.483162 -1.22181 4.69285 1.08829 0.000925997 -0.000992041 -0.631537 -0.775344 0.000781007 0.018459 -0.000211978 -6.65106e-05 -0.000214297 -0.00172565 0.0182357 0.00296979 -0.000162054 -6.65106e-05 -0.000214297 -0.00172565
149.328 0.486642 -1.22233 4.69696 1.07975 0.00157989 -0.00176007 -0.631223 -0.775598 0.00195218 0.0203886 -0.00100528 -0.000484798 -0.000452845 -0.00123799 0.0203647 0.00222988 -0.000908566 -0.000484798 -0.000452845 -0.00123799
149.742 0.491776 -1.22305 4.70215 1.06383 0.00149658 -0.00167693 -0.631045 -0.775743 0.00220008 0.0223988 -0.000230937 0.000478233 -5.27317e-05 -0.00175309 0.0222504 0.00237221 -0.000181752 0.000479375 -2.6389e-05 -0.00164766
150.18 0.496942 -1.22382 4.7102 1.06119 0.00150469 -0.00176658 -0.630788 -0.775951 0.00229665 0.0237458 -0.000346887 9.08909e-05 7.4085e-05 -0.00268172 0.0237157 0.00260085 -0.000236575 9.08909e-05 7.4085e-05 -0.00268172
150.664 0.501821 -1.22242 4.72022 1.05665 0.0015669 -0.00183792 -0.630435 -0.776239 0.00315458 0.0250931 -2.32734e-05 -0.000269961 -0.000419881 -0.00331986 0.0250622 0.00215884 9.50209e-05 -0.000146525 -0.000373908 -0.00332157
151.134 0.503302 -1.22042 4.7296 1.06638 0.00169046 -0.00190994 -0.629979 -0.776608 0.00370154 0.0252849 -4.72848e-05 -0.000234066 0.000489288 -0.00222559 0.0255046 0.00159302 8.30486e-05 -0.000234066 0.000489288 -0.00222559
151.654 0.506048 -1.21992 4.74026 1.07838 0.0017483 -0.00202057 -0.629645 -0.776879 0.00335884 0.0254045 -6.13457e-05 0.000272256 -0.000118408 -0.00122886 0.0255494 0.00197497 7.54564e-05 0.000272256 -0.000118408 -0.00122886
152.154 0.514687 -1.22074 4.75155 1.08823 0.00177538 -0.0021691 -0.629541 -0.776962 0.00281872 0.0256677 -0.000486085 0.000346907 0.000164955 -0.000763965 0.0256693 0.00254607 -0.00035386 0.000362648 0.00020946 -0.000733022
152.648 0.517093 -1.22267 4.76441 1.07836 0.00187226 -0.00242907 -0.629442 -0.777042 0.0022277 0.0263354 -0.00128571 0.000158842 9.97039e-05 -0.001477 0.0262315 0.00328785 -0.00112537 0.000158842 9.97039e-05 -0.001477
153.09 0.523869 -1.22306 4.77528 1.07074 0.0019327 -0.00254448 -0.629275 -0.777176 0.00223048 0.0266177 1.16185e-05 0.000133547 0.000399714 -0.00140956 0.0264988 0.00335528 0.000180216 0.000133547 0.000399714 -0.00140956
153.556 0.523549 -1.22089 4.79051 1.07636 0.00205762 -0.00269636 -0.629076 -0.777337 0.00306185 0.0283108 -0.000627607 -0.000214618 -0.000565312 -0.00128358 0.0280651 0.00295356 -0.000303248 -0.000232201 -0.0004226 -0.0012942
153.99 0.520817 -1.21724 4.80593 1.06686 0.00202502 -0.00262077 -0.628887 -0.77749 0.00406489 0.0292624 -0.00103965 -0.000847229 0.000222781 -0.000867522 0.029472 0.00214042 -0.000844818 -0.000847229 0.000222781 -0.000867522
154.49 0.515961 -1.21446 4.82522 1.0593 0.00201904 -0.00262719 -0.628713 -0.777631 0.00377105 0.0299843 -0.000649245 0.000363701 0.000186198 -0.00016499 0.030012 0.00252939 -0.000420325 0.000269683 0.000500011 -0.000209705
154.932 0.51344 -1.2129 4.84501 1.03835 0.00185775 -0.00256166 -0.628601 -0.777722 0.00334998 0.0311553 -0.000764304 0.000374842 -0.000246201 -6.53254e-05 0.0311693 0.00325803 -0.000568401 0.000374842 -0.000246201 -6.53254e-05
155.486 0.510109 -1.20892 4.86835 1.03867 0.00181481 -0.00252978 -0.628493 -0.777809 0.0039662 0.0316919 0.000132218 5.07326e-05 -2.91646e-05 -0.000440095 0.0318168 0.00277716 0.000329025 5.07326e-05 -2.91646e-05 -0.000440095
155.974 0.507275 -1.20531 4.8869 1.04676 0.00182616 -0.00254118 -0.628401 -0.777883 0.00414069 0.0311403 -8.19314e-05 -3.36816e-05 9.7208e-05 -0.001191 0.0313148 0.00249805 0.000112864 -3.36816e-05 9.7208e-05 -0.001191
156.478 0.505259 -1.2024 4.90793 1.04217 0.00174358 -0.00250357 -0.628255 -0.778001 0.00383132 0.0320288 -0.000891609 0.000341578 -0.000230494 -0.00142823 0.0320347 0.00294359 -0.00061858 0.000269792 -9.1757e-05 -0.00139925
156.97 0.500659 -1.19923 4.92746 1.04513 0.00168116 -0.00247283 -0.627985 -0.77822 0.00398811 0.0320193 0.000462317 -0.000143717 0.000276612 -0.00124019 0.0321358 0.00286664 0.000652465 -0.000143717 0.000276612 -0.00124019
157.43 0.497435 -1.19669 4.94062 1.05362 0.0016871 -0.00249553 -0.627832 -0.778343 0.00372085 0.0305004 -0.000395959 8.30626e-05 0.000677718 -0.000594133 0.0306946 0.00282129 -0.000165551 7.64819e-05 0.000580705 -0.000616998
157.954 0.494479 -1.19303 4.95928 1.05711 0.00162838 -0.00248573 -0.627819 -0.778354 0.00396178 0.0302597 -0.000612293 -0.000578186 0.000326568 -0.000674155 0.0305096 0.00268054 -0.000268397 -0.000283655 0.000164388 -0.000621198
158.446 0.489472 -1.18707 4.97471 1.04977 0.00169249 -0.00244533 -0.627698 -0.778451 0.00487855 0.0292326 -0.000547055 -0.000463745 0.000365581 -0.000627553 0.0296405 0.0015848 -0.000493919 -0.000422983 0.000346281 -0.000668754
158.96 0.413857 -1.18043 4.99257 1.05218 0.00166555 -0.00230381 -0.627665 -0.778478 0.00556953 0.0297198 -0.000302815 -2.01956e-05 -0.000864868 -0.000307467 0.0302262 0.000859659 -0.000131457 -2.01956e-05 -0.000864868 -0.000307467
159.362 0.416108 -1.17814 5.00893 1.05175 0.00138894 0.00029977 -0.627653 -0.778492 -0.000143536 0.0262688 -0.000254607 -1.64968e-05 -0.00304261 -0.000131231 0.025641 0.00571253 -0.000207366 -1.64968e-05 -0.00304261 -0.000131231
160.476 0.431976 -1.17968 5.03848 1.03297 0.00149158 -0.000425811 -0.62771 -0.778446 -0.0075039 0.0190235 0.0023055 -0.000341384 0.000199041 0.000239837 0.0171171 0.0113379 0.00228181 -0.000342149 0.000118214 0.000327691
160.88 0.43427 -1.17989 5.04552 1.04327 0.000871067 -0.00172296 -0.627783 -0.778386 -0.0027622 0.0185317 0.000911519 -0.000879282 -0.000435973 -0.000952162 0.01737 0.00722 0.00105283 0.000282139 0.000514577 -0.000857415
161.35 0.434962 -1.17915 5.05362 1.05032 0.001036 -0.0014157 -0.627838 -0.778342 0.00168663 0.0188415 0.000226628 -0.000903685 -0.00049759 -0.00223916 0.0187708 0.00233917 0.00029203 -0.000903685 -0.00049759 -0.00223916
161.876 0.437309 -1.1792 5.0649 1.05833 0.00101894 -0.00126639 -0.627484 -0.778628 0.00253898 0.0193869 0.000354463 0.000259542 -0.000398123 -0.00177368 0.0195542 0.00163885 0.000425496 0.000212552 -0.000390781 -0.00187192
162.352 0.441207 -1.18035 5.07402 1.06545 0.00101771 -0.00132065 -0.627282 -0.77879 0.00221096 0.0193068 4.40195e-05 0.000302848 -0.000425471 -0.00104599 0.0193343 0.00195275 0.000108337 0.000302848 -0.000425471 -0.00104599
162.894 0.481798 -1.18063 5.08306 1.06417 0.00101968 -0.00135548 -0.627192 -0.778863 0.00235009 0.0192391 -0.000324525 -3.81193e-06 -0.000117336 -0.000889508 0.0192987 0.00180685 -0.000259296 -3.81193e-06 -0.000117336 -0.000889508
163.386 0.481704 -1.17985 5.09226 1.066 0.00155901 -0.002034 -0.627058 -0.778969 0.00325753 0.022658 0.000446845 5.52404e-06 -0.00187272 -0.00141298 0.022546 0.00166007 0.000647906 -1.73113e-05 -0.00128407 -0.00138601
163.87 0.482423 -1.17958 5.10433 1.05931 0.00134029 -0.00184763 -0.626967 -0.779043 0.00345945 0.0251902 -0.00126703 -9.47187e-05 -0.000305208 -0.00204356 0.0253529 0.00200648 -0.00115191 -9.47187e-05 -0.000305208 -0.00204356
164.37 0.479806 -1.17796 5.11417 1.03856 0.00137551 -0.00185517 -0.626693 -0.779263 0.00365633 0.024949 -0.00011334 -0.000128068 0.000525558 -0.00178078 0.025236 0.00178886 -5.77741e-06 -0.000148584 0.000424003 -0.00190064
165.538 0.473332 -1.17278 5.13742 1.04701 0.00143367 -0.00190786 -0.626536 -0.779389 0.00378766 0.0239823 -0.000593499 0.000369149 -0.000221858 0.000329771 0.0242385 0.00145459 -0.000478103 0.000369149 -0.000221858 0.000329771
165.962 0.472564 -1.172 5.14933 1.04723 0.00126979 -0.00180921 -0.626578 -0.779355 0.00356923 0.0240108 -0.000562796 -0.000160323 -0.000192744 -0.000812469 0.0242193 0.00167134 -0.000456444 -0.000160323 -0.000192744 -0.000812469
166.45 0.469171 -1.16839 5.16337 1.04388 0.00130026 -0.00176031 -0.6264 -0.779499 0.00413635 0.0237737 -0.000498438 -0.000146472 0.00010946 -0.000831805 0.0241088 0.00107763 -0.0003932 -0.000146472 0.00010946 -0.000831805
166.952 0.466475 -1.16551 5.17421 1.04126 0.00130576 -0.00173632 -0.626366 -0.779526 0.00423069 0.0226039 -0.000366794 -4.99541e-05 0.000722259 -0.00115403 0.0231141 0.000736699 -0.000209451 -5.0949e-05 0.000553987 -0.00113452
167.518 0.464765 -1.16259 5.18636 1.01803 0.00133466 -0.00173884 -0.626328 -0.779557 0.00433325 0.0218533 -0.000136832 0.000144633 -7.71335e-05 -0.0011537 0.022304 0.000449114 -0.000128605 0.000100346 -9.22078e-05 -0.00112184
168.01 0.384912 -1.16065 5.19759 1.01316 0.00132266 -0.00173756 -0.626277 -0.779598 0.00420012 0.0211162 0.000180684 -2.70432e-05 0.00038057 -0.00129295 0.0215242 0.000450243 0.000274607 -2.70432e-05 0.00038057 -0.00129295
168.566 0.385488 -1.16236 5.20802 1.02075 0.00206588 0.00033477 -0.626227 -0.779638 -0.00628427 0.0170102 -0.00239885 0.0034176 0.0027669 -0.000799611 0.0152594 0.00981367 -0.00233162 0.0034176 0.0027669 -0.000799611
169.004 0.388625 -1.16694 5.2155 1.02814 0.00211845 -0.000324961 -0.62615 -0.7797 -0.0111908 0.0158138 3.79074e-05 0.000473811 -0.000158825 -0.000697314 0.013025 0.0143404 0.000120601 0.000473811 -0.000158825 -0.000697314
169.476 0.392138 -1.17183 5.22644 1.03747 0.00197957 -0.000267364 -0.62604 -0.779788 -0.0121242 0.0161834 -0.00025848 -0.000644955 -0.000351494 9.45267e-05 0.0132213 0.0154332 -9.24617e-05 -0.000266676 -0.000435811 2.16517e-05
169.94 0.397593 -1.17557 5.23556 1.03347 0.00199292 -0.000171455 -0.62606 -0.779772 -0.0116586 0.0156818 -0.000916858 -0.000691185 0.000195453 0.000209308 0.0127943 0.0147744 -0.000838769 -0.000691185 0.000195453 0.000209308
170.518 0.404905 -1.18206 5.24708 1.03312 0.00199155 -0.000106709 -0.626007 -0.779815 -0.0113862 0.015518 -0.000788309 -0.00017892 -0.00033225 0.000509155 0.0126908 0.0144745 -0.000711534 -0.00017892 -0.00033225 0.000509155
170.94 0.414823 -1.18764 5.25661 1.02926 0.00184151 -5.57675e-05 -0.626134 -0.779713 -0.010917 0.0157974 -0.000106701 -0.000634311 -0.000415494 -8.37678e-05 0.0130678 0.0140705 -3.60062e-05 -0.000634311 -0.000415494 -8.37678e-05
171.41 0.493465 -1.19471 5.263 1.03561 0.00185573 -0.000270693 -0.62614 -0.779708 -0.0101114 0.0140251 0.000154534 -0.000822967 0.000481295 -0.000275313 0.0115108 0.0129004 0.000219104 -0.000822967 0.000481295 -0.000275313
172.55 0.50821 -1.2087 5.28497 1.00494 0.00182482 -0.00188453 -0.625319 -0.780365 0.000147548 0.0225909 -0.000407493 0.000170832 -0.000256883 -0.00377646 0.0220818 0.00477979 -0.000289807 0.000170832 -0.000256883 -0.00377646
173.04 0.504816 -1.21319 5.29807 1.00422 0.00204845 -0.00217524 -0.624637 -0.78091 0.000627299 0.0242554 0.000471549 0.000382175 -0.00027696 -0.00408364 0.0237976 0.00471548 0.00061558 0.000382175 -0.00027696 -0.00408364
173.474 0.500704 -1.21664 5.31156 0.997274 0.00191865 -0.00213363 -0.623919 -0.781484 0.000421146 0.0252428 -9.6025e-05 0.00025575 5.79381e-05 -0.00405064 0.0247095 0.00517918 4.72775e-05 0.00025575 5.79381e-05 -0.00405064
174.742 0.51949 -1.21821 5.35378 1.02646 0.00182621 -0.00218151 -0.622565 -0.782563 0.000891277 0.0262586 0.000282187 -0.000219333 0.000595646 -0.00206807 0.0258482 0.00507818 0.000572168 -0.000116213 0.000420293 -0.00213735
175.876 0.516318 -1.21422 5.3938 1.03596 0.00206221 -0.00257817 -0.622071 -0.782954 0.0019188 0.0297018 -0.000869627 3.21852e-05 5.71379e-05 -0.000472417 0.0293143 0.00487228 -0.000774634 3.6671e-05 8.13147e-05 -0.000484347
176.382 0.515034 -1.2126 5.41318 1.03006 0.00197329 -0.00255687 -0.621955 -0.783046 0.00179918 0.0305382 -0.000325736 0.000634281 -6.99374e-05 -0.000183357 0.0301393 0.0051253 -0.000346876 0.000410964 -6.52049e-05 -0.000184286
176.82 0.511531 -1.20992 5.43133 1.03038 0.00187847 -0.00254215 -0.621778 -0.783187 0.00256995 0.0313048 -0.000610981 -0.000484029 5.85751e-05 -0.00198909 0.0310522 0.0046456 -0.000478436 -0.000433951 -0.000200774 -0.00177868
177.97 0.503495 -1.20233 5.47867 1.04457 0.00183837 -0.00251071 -0.620363 -0.784309 0.00333012 0.0329769 -0.000353354 0.00021631 -0.000774035 -0.00295019 0.032859 0.00435368 -0.000150005 0.00021631 -0.000774035 -0.00295019
178.402 0.50264 -1.20055 5.49816 1.04955 0.00158721 -0.00233416 -0.619908 -0.784669 0.00285739 0.0336352 -0.000803384 0.00035543 -8.33338e-05 -0.00239859 0.0333874 0.00500381 -0.000617408 0.00035543 -8.33338e-05 -0.00239859
178.904 0.497479 -1.19549 5.5195 1.05 0.00156619 -0.00228993 -0.619605 -0.784909 0.00390507 0.0337988 3.24759e-05 -0.000223692 -4.34899e-07 -0.00266563 0.0337812 0.00404891 0.000217944 -0.000223692 -4.34899e-07 -0.00266563
179.428 0.492426 -1.19077 5.53621 1.06728 0.00161536 -0.00231328 -0.619058 -0.78534 0.00418361 0.0319649 0.000575668 -0.000312128 0.000352553 -0.00199066 0.0320543 0.00339697 0.000755145 -0.000312128 0.000352553 -0.00199066
179.904 0.487917 -1.1857 5.55082 1.08576 0.00158841 -0.00221341 -0.618827 -0.785523 0.00488299 0.0313621 2.83856e-05 -0.000245624 2.39272e-05 -0.00112623 0.0315786 0.00268348 0.000181863 -0.000283803 -2.89396e-05 -0.00117516
180.39 0.484116 -1.18161 5.5674 1.09083 0.00150796 -0.00213671 -0.618809 -0.785537 0.00481919 0.030999 -0.000676837 3.75698e-05 -5.31218e-05 -0.00123347 0.0312688 0.00257293 -0.000514229 3.75698e-05 -5.31218e-05 -0.00123347
180.966 0.481265 -1.17827 5.58447 1.08607 0.00145782 -0.0021242 -0.618621 -0.785686 0.00449707 0.0297141 -0.000659693 -4.50059e-06 0.000780874 -0.00141617 0.0299428 0.00259955 -0.000506623 -4.50059e-06 0.000780874 -0.00141617
181.498 0.479451 -1.17544 5.60042 1.08952 0.00144073 -0.00212186 -0.6184 -0.78586 0.00433239 0.0293831 -0.000375305 0.000323529 -0.000388101 -0.00065819 0.0295794 0.00269868 -0.000224926 0.000323529 -0.000388101 -0.00065819
182.054 0.381592 -1.1717 5.61753 1.09014 0.00138022 -0.00203222 -0.618438 -0.78583 0.00474619 0.0291922 -0.000377989 -0.000149837 0.000238222 -0.000173858 0.0294914 0.00224874 -0.000234225 -0.000149837 0.000238222 -0.000173858
182.488 0.38211 -1.17043 5.63087 1.08224 0.00208374 0.000338731 -0.618429 -0.785838 -0.00278537 0.0267939 0.00306812 0.000959659 -0.000214236 -0.000162893 0.0253818 0.00899475 0.00315327 0.000959659 -0.000214236 -0.000162893
183.748 0.392462 -1.17693 5.65913 1.09966 0.00202326 -0.000187177 -0.618544 -0.785748 -0.0119878 0.0219024 0.00336758 1.37866e-05 -0.000241701 0.000184373 0.0184657 0.0167853 0.00346875 1.37866e-05 -0.000241701 0.000184373
185.124 0.410426 -1.19026 5.68336 1.10221 0.00217624 -0.000138395 -0.618617 -0.78569 -0.0102487 0.0197704 0.00233263 -8.34459e-05 0.000153238 -0.000911709 0.016807 0.0145934 0.00242896 -8.34459e-05 0.000153238 -0.000911709
185.688 0.502584 -1.20257 5.69441 1.10193 0.0017709 -0.000225798 -0.618581 -0.785719 -0.0110386 0.0190184 0.00447889 -5.83195e-06 0.000289368 -0.000589275 0.0158847 0.0151828 0.00455736 -5.83195e-06 0.000289368 -0.000589275
186.182 0.497814 -1.21168 5.70409 1.10807 0.00185432 -0.0025705 -0.61846 -0.78581 -0.00433782 0.0235654 -0.000292319 -0.00175402 -0.00248983 -0.00217234 0.0213277 0.0102563 -0.000135728 -0.00139207 -0.00170733 -0.00208763
187.608 0.477186 -1.21571 5.7389 1.11717 0.00190512 -0.00190734 -0.617119 -0.786865 0.00238371 0.0260857 -0.00155253 0.000156795 0.000747211 -0.00185835 0.0259101 0.00390274 -0.00141134 0.000156795 0.000747211 -0.00185835
189.106 0.510436 -1.22235 5.78007 1.09041 0.00160762 -0.00197839 -0.616616 -0.78726 -0.000589595 0.0227126 -0.000352885 0.000490007 0.000287289 -7.80383e-05 0.0219115 0.00601357 -0.000240642 0.000490007 0.000287289 -7.80383e-05
190.408 0.498548 -1.22149 5.82305 1.10443 0.0018255 -0.00251373 -0.616016 -0.787727 0.00144681 0.0291044 -0.000661845 -0.000268216 -0.000114441 -0.00307412 0.0284477 0.00571118 -0.000533172 -0.000197637 -6.47751e-05 -0.00308272
190.882 0.495458 -1.21883 5.84116 1.10379 0.00161458 -0.00225486 -0.615611 -0.788046 0.00140176 0.0295804 -0.000730476 0.0004112 6.9316e-05 -0.00265884 0.0290438 0.00579945 -0.000570873 0.0004112 6.9316e-05 -0.00265884
191.464 0.496418 -1.21784 5.86106 1.10605 0.00158478 -0.00238779 -0.615221 -0.788349 0.00060779 0.0287541 -0.00054026 0.000287046 0.000527038 -0.00186205 0.0280425 0.00639746 -0.000382819 0.000287046 0.000527038 -0.00186205
192.786 0.507958 -1.20942 5.90433 1.08612 0.00157277 -0.0024673 -0.614656 -0.78879 0.00189677 0.0286799 -0.00154174 -0.000109914 0.000257621 -0.00148975 0.0282823 0.005169 -0.00137985 -0.000109914 0.000257621 -0.00148975
193.226 0.508578 -1.20565 5.91843 1.07696 0.00173477 -0.00274775 -0.614542 -0.788878 0.00226008 0.0295598 -0.000360675 8.40526e-05 -0.00049687 -0.00186679 0.0290687 0.00514126 -0.000145606 0.000206303 -0.000350307 -0.00186546
193.792 0.501235 -1.1988 5.93698 1.07332 0.00172876 -0.00267466 -0.614274 -0.789086 0.00371366 0.0306575 -0.000545688 -0.000771486 -0.000217883 -0.00092679 0.0305959 0.00397925 -0.000374481 -0.000639517 -0.00022048 -0.0010387
194.356 0.49408 -1.19108 5.95391 1.08011 0.00170517 -0.00253534 -0.614237 -0.789116 0.00471815 0.0299731 -0.000583809 -0.000369638 -5.08402e-06 0.000250983 0.0302174 0.00278194 -0.000400786 -0.000369638 -5.08402e-06 0.000250983
195.906 0.474387 -1.17011 6.01331 1.08046 0.00157014 -0.00224515 -0.614834 -0.788652 0.00676175 0.0314595 1.11881e-05 -0.00026394 -8.83626e-05 0.0023756 0.0321472 0.00121308 0.000275399 -0.000130861 -0.00012836 0.00235205
196.404 0.467546 -1.1646 6.03075 1.08166 0.00132234 -0.00185205 -0.615298 -0.788291 0.0070876 0.0301563 -0.000957762 -0.000218432 0.000337499 0.00201245 0.0309788 0.000446656 -0.000816991 -0.000218432 0.000337499 0.00201245
196.896 0.462052 -1.16092 6.04628 1.07011 0.0012641 -0.00178088 -0.615497 -0.788136 0.0064622 0.0283577 -0.000416459 0.000212474 -8.18332e-06 0.00145347 0.02908 0.000602035 -0.000289699 0.000212474 -8.18332e-06 0.00145347
197.462 0.365996 -1.1566 6.06263 1.06529 0.00121538 -0.00169689 -0.615847 -0.787863 0.00641177 0.0271574 -0.00042632 3.20429e-05 -4.71239e-05 0.00193186 0.0279035 0.00033534 -0.000310001 3.20429e-05 -4.71239e-05 0.00193186
198.892 0.37309 -1.16314 6.09118 1.06365 0.00212227 0.000333462 -0.61622 -0.787571 -0.0126425 0.0184148 0.00417759 -0.000712249 0.000566479 1.15883e-05 0.015027 0.0165927 0.00419612 -0.000820733 0.000535652 2.08117e-05
199.446 0.378084 -1.17174 6.09889 1.08407 0.00218809 0.000114886 -0.616211 -0.787578 -0.0134894 0.0187737 0.00406061 -0.000283318 -0.00105454 -8.03733e-05 0.014967 0.0175948 0.00416144 -0.000283318 -0.00105454 -8.03733e-05
199.998 0.486459 -1.18483 6.10838 1.09511 0.00205426 0.000173105 -0.616306 -0.787504 -0.0144455 0.0186771 0.00307535 -0.0007656 -0.000394492 -0.000826889 0.014647 0.0185408 0.00345088 -0.000639167 -0.000288314 -0.000824447
201.522 0.491301 -1.20376 6.13454 1.11343 0.00171849 -0.00174352 -0.615257 -0.788323 0.00206117 0.0244578 -0.000492228 0.000296481 -0.000192558 -0.00240162 0.0242155 0.00398117 -0.000360077 0.000414668 -0.000302122 -0.00250412
201.964 0.481929 -1.20581 6.14481 1.1213 0.00180088 -0.00183971 -0.614889 -0.78861 0.00275561 0.0244308 -0.000898236 -0.000112466 0.000299668 -0.00161086 0.0243696 0.00328472 -0.000771665 -0.000112466 0.000299668 -0.00161086
202.486 0.480716 -1.20728 6.15835 1.12168 0.00164549 -0.00166466 -0.614552 -0.788873 0.00283777 0.0245836 -0.000860462 0.00017051 0.000440485 -0.00206926 0.0245736 0.00327732 -0.000761941 0.000144558 0.000177408 -0.00200777
203.874 0.469778 -1.21016 6.19825 1.13252 0.00159992 -0.00176167 -0.613552 -0.789651 0.00246548 0.024745 -0.00110923 0.000324228 0.000132581 -0.00106969 0.0245918 0.00372593 -0.000991185 0.000324228 0.000132581 -0.00106969
204.47 0.480556 -1.2102 6.21272 1.11801 0.00148598 -0.00165582 -0.613164 -0.789953 0.00263537 0.023125 -0.00136235 9.18638e-06 0.000116335 -0.00199281 0.0230646 0.00321619 -0.00137039 7.80463e-05 0.000299859 -0.00186436
205.042 0.491006 -1.21119 6.22627 1.11053 0.00162001 -0.00189883 -0.612678 -0.790329 0.00241323 0.0233765 -0.000532186 0.000194878 0.000242887 -0.00310119 0.0232426 0.00348956 -0.000415475 0.000194878 0.000242887 -0.00310119
205.594 0.487862 -1.21142 6.24307 1.11276 0.00166436 -0.00206599 -0.612049 -0.790815 0.00269613 0.0257653 -0.000776832 -3.99335e-05 -0.000459944 -0.00338907 0.0256218 0.0038517 -0.00064052 -3.99335e-05 -0.000459944 -0.00338907
207.06 0.501289 -1.20498 6.28402 1.09129 0.0016245 -0.00200413 -0.61037 -0.792112 0.00399682 0.026291 -0.00188078 0.000319973 -0.000467139 -0.0035861 0.0264507 0.00283676 -0.00174401 0.000319973 -0.000467139 -0.0035861
207.636 0.504454 -1.20142 6.30098 1.0697 0.00179504 -0.00216993 -0.609549 -0.792743 0.0053019 0.0279153 -0.000707804 -0.000200882 -0.000673482 -0.00374807 0.0282064 0.00202145 -0.000650068 -0.000304134 -0.00059662 -0.00379823
208.176 0.504227 -1.20005 6.31758 1.06494 0.00176425 -0.00223383 -0.608831 -0.793295 0.00505823 0.0290845 -5.38445e-05 0.000277279 -9.35908e-05 -0.00272056 0.0294029 0.00263637 0.00011374 0.000277279 -9.35908e-05 -0.00272056
208.706 0.503691 -1.19672 6.33354 1.07412 0.00179939 -0.00221432 -0.608411 -0.793617 0.00600518 0.0299447 -0.000291293 -3.05018e-05 -0.000739519 -0.00199212 0.0303174 0.00199549 -7.82816e-05 -8.99446e-05 -0.00062864 -0.00207037
209.248 0.505223 -1.19473 6.35234 1.09145 0.00175499 -0.00221895 -0.608043 -0.793899 0.00573433 0.0301949 -0.000481913 0.000190926 0.000119824 -0.00167186 0.0306042 0.00229007 -9.13713e-05 5.98689e-05 0.000435109 -0.00174148
209.794 0.508596 -1.19359 6.37306 1.09827 0.00166917 -0.00225533 -0.607769 -0.794109 0.00527998 0.0315425 -0.000814114 0.000406114 -0.000435625 -0.00139725 0.0318306 0.00314306 -0.00063581 0.000406114 -0.000435625 -0.00139725
211.196 0.512621 -1.19025 6.41451 1.11376 0.00176338 -0.00247749 -0.607932 -0.793983 0.00495893 0.0309042 -0.000974312 3.894e-05 2.7833e-05 0.00175758 0.0311333 0.0032733 -0.000785786 3.894e-05 2.7833e-05 0.00175758
211.732 0.512247 -1.18823 6.43185 1.11975 0.00180484 -0.00262237 -0.608258 -0.793733 0.00477583 0.0315332 -0.0010731 0.000470121 -0.000233148 0.00192978 0.0316965 0.00358798 -0.00087274 0.000470121 -0.000233148 0.00192978
212.324 0.523832 -1.18565 6.45374 1.09666 0.0017173 -0.00265221 -0.608558 -0.793504 0.00468661 0.0322465 -0.00143988 0.00024126 -2.7459e-06 -0.000537653 0.0323672 0.00383481 -0.00123794 0.00024126 -2.7459e-06 -0.000537653
212.854 0.527419 -1.1813 6.47496 1.07986 0.00181667 -0.00281704 -0.608332 -0.793676 0.00566633 0.0342956 -0.000403989 -0.000291973 -0.000514404 -0.00130464 0.0345918 0.00344007 -0.000174724 -0.000291973 -0.000514404 -0.00130464
213.476 0.53136 -1.17515 6.49725 1.08939 0.00181555 -0.00287223 -0.608145 -0.793818 0.00645903 0.0352672 -0.000626857 0.000215474 0.000103558 -0.00222754 0.0357361 0.00294374 -0.000386792 0.000215474 0.000103558 -0.00222754
214.046 0.534815 -1.16883 6.51741 1.09997 0.00195165 -0.00298267 -0.607353 -0.794425 0.00708007 0.0354541 -0.00105693 1.53123e-06 0.000200029 -0.00358325 0.0360766 0.00246459 -0.000801743 1.53123e-06 0.000200029 -0.00358325
214.604 0.517025 -1.16185 6.53876 1.10049 0.00197984 -0.00303293 -0.606635 -0.794972 0.00787571 0.0362614 -0.00100925 -0.000658977 -0.00328293 -0.00360018 0.0370605 0.00197539 -0.000742583 -0.000658977 -0.00328293 -0.00360018
215.948 0.532864 -1.14942 6.57305 1.10401 0.00193327 -0.00328532 -0.581819 -0.81331 0.00463973 0.0183275 0.00891512 -0.00187956 0.0134799 -0.0621874 0.0177336 0.00158408 0.00920394 -0.000441065 0.02081 -0.0646116
216.466 0.538802 -1.14442 6.58771 1.11309 0.00198831 -0.00306009 -0.57336 -0.819295 0.00804616 0.029873 0.0105169 0.000642507 -0.00202481 -0.0303955 0.0307445 0.00267489 0.0107407 0.000642507 -0.00202481 -0.0303955
217.06 0.549452 -1.13643 6.611 1.13003 0.00175526 -0.00296257 -0.568533 -0.822653 0.0104251 0.0352694 0.00946691 -0.000417426 -0.000703106 -0.0141411 0.0366115 0.00272157 0.00971736 -0.000417426 -0.000703106 -0.0141411
218.474 0.570908 -1.11581 6.66124 1.12858 0.00161972 -0.00319433 -0.558104 -0.829763 0.0144046 0.0369605 -0.00644492 -0.000524695 0.000121495 -0.0333676 0.0394826 0.00072526 -0.00604582 -0.000553101 0.000205286 -0.0329861
219.006 0.575387 -1.10348 6.6824 1.12621 0.00202465 -0.00346116 -0.551402 -0.83423 0.0165623 0.0398829 -0.00766324 -0.000616426 -0.000363669 -0.0298354 0.0430055 0.000304678 -0.00743077 -0.000924461 -0.000247199 -0.0306075
219.546 0.585747 -1.0941 6.70516 1.11207 0.00194744 -0.00356417 -0.546332 -0.837559 0.0165385 0.0424033 -0.00785471 9.31563e-05 -0.00015197 -0.0190906 0.0455346 0.00194929 -0.00748744 9.31563e-05 -0.00015197 -0.0190906
220.178 0.532467 -1.07994 6.7323 1.11222 0.00193291 -0.00377138 -0.542375 -0.840126 0.01827 0.0442373 -0.00190613 0.00649636 -0.00445204 -0.0144211 0.0477588 0.00162048 -0.00336315 0.00344813 -0.00218856 -0.0135635
220.752 0.545825 -1.06709 6.75752 1.11685 0.00112303 -0.00284351 -0.535894 -0.844279 0.0182931 0.0390295 -0.0013074 -0.000327982 0.00281847 -0.0415785 0.0433519 6.35329e-05 -0.00103163 -0.000334341 0.00292259 -0.0410473
221.332 0.557901 -1.05357 6.77934 1.12239 0.0015312 -0.00323082 -0.525116 -0.851023 0.0186681 0.0378825 -0.000996383 -6.33149e-05 -0.000100423 -0.0450484 0.0422379 0.000205049 -0.000666202 -0.000169095 -9.7093e-05 -0.0455621
221.866 0.571477 -1.04213 6.80033 1.12358 0.0020108 -0.00330785 -0.516521 -0.856266 0.0190329 0.0401002 0.000785463 -0.00603561 0.000248183 -0.0314245 0.0443411 0.00186699 0.00112884 -0.00603561 0.000248183 -0.0314245
222.436 0.587837 -1.02882 6.82772 1.12269 0.00208694 -0.00340172 -0.515051 -0.85715 0.0174273 0.0450834 0.000376563 0.00112452 -0.000598329 0.0157106 0.0479836 0.0057761 0.000759985 0.00112452 -0.000598329 0.0157106
223.008 0.606501 -1.01588 6.85386 1.12574 0.00209439 -0.00375782 -0.519707 -0.854334 0.0189184 0.0480122 -0.000287477 0.00015868 -0.000966015 0.0234072 0.0513352 0.00527607 0.000152171 0.00015868 -0.000966015 0.0234072
223.544 0.62198 -1.00258 6.87579 1.11962 8.1316e-05 8.09493e-05 -0.526101 -0.850422 0.0161271 0.0404045 0.000931431 -0.00178259 -0.00847338 0.0605706 0.0433543 0.00360697 0.000929977 -0.00178259 -0.00847338 0.0605706
225.008 0.643115 -0.983279 6.90347 1.12726 0.00052592 -0.00137036 -0.594071 -0.804411 0.00750838 0.0158902 0.000894261 -0.000397324 -0.000572609 0.114125 0.0175879 -0.00236129 0.00106461 -0.000365023 -0.000574473 0.114878
225.5 0.646095 -0.97827 6.90787 1.12687 0.000518439 -0.0012776 -0.613023 -0.790064 0.00809973 0.0128812 0.000845684 -0.001089 -0.000123227 0.0816716 0.0144872 -0.00464544 0.000887613 -0.001089 -0.000123227 0.0816716
226.046 0.651683 -0.973361 6.91753 1.1257 0.00426921 -0.00487959 -0.62648 -0.77941 0.00985103 0.0316918 0.00127009 0.000854913 -0.0103414 0.0588963 0.0330494 -0.00280731 0.00169689 0.000854913 -0.0103414 0.0588963
226.664 0.671529 -0.966066 6.94269 1.11873 0.00351437 -0.00394221 -0.637704 -0.770264 0.0115975 0.0469285 0.00150184 0.000108458 -0.000776075 0.0457618 0.0482499 -0.00263535 0.00201022 0.000108458 -0.000776075 0.0457618
227.244 0.697557 -0.96176 6.97476 1.12378 0.00229901 -0.00510173 -0.643674 -0.765279 0.0170104 0.0516069 0.0113719 -0.00173203 -0.000507791 -0.00915807 0.0532893 -0.00736019 0.011962 -0.00124722 -0.000323517 -0.00583882
228.738 0.782957 -0.937548 7.06901 1.16462 0.00341539 -0.00601412 -0.617847 -0.786268 0.019623 0.0517867 0.0140959 -0.000233843 -0.00435443 -0.0568315 0.053878 -0.00675496 0.0149454 -0.00019596 -0.00310478 -0.0568647
230.164 0.882061 -0.903743 7.17834 1.18137 0.00397381 -0.00675655 -0.592368 -0.805629 0.0283324 0.0756511 0.0210033 -0.000463262 0.000494427 -0.0349359 0.0803204 -0.00445327 0.0222657 -0.000463262 0.000494427 -0.0349359
230.854 0.937107 -0.876099 7.23884 1.19875 0.005915 -0.00849227 -0.585053 -0.810929 0.0351291 0.090177 0.00422031 -0.00358755 0.000367823 -0.0224352 0.0953086 -0.00515154 0.00624413 -0.00511711 0.00180131 -0.0240399
231.434 1.00422 -0.848336 7.31145 1.18998 0.00635789 -0.00914956 -0.58221 -0.812962 0.0387698 0.108063 0.00372443 2.03089e-05 -0.00290134 -0.0051976 0.113915 -0.00198582 0.00624396 -1.37172e-05 -0.00315898 -0.00586194
232.014 1.07174 -0.822632 7.38699 1.18765 0.00717967 -0.0101073 -0.581652 -0.813344 0.0421071 0.12185 0.00573489 -0.000941454 -0.00278323 0.000211738 0.128737 -0.000456781 0.00892952 -0.000941454 -0.00278323 0.000211738
232.656 1.08318 -0.791346 7.48144 1.18443 0.00787113 -0.0112265 -0.582293 -0.812864 0.0464826 0.138666 0.00617869 -0.000177471 -0.00315301 0.00431678 0.145048 0.000694531 0.0101886 0.00013025 -0.00309809 0.00429196
234.026 1.11202 -0.718214 7.72311 1.21397 0.00773194 -0.01165 -0.582991 -0.812359 0.0515964 0.158499 0.00387387 -0.000276182 0.00124005 -0.00208052 0.166152 0.00184947 0.00847846 -4.63044e-05 0.00110093 -0.00210344
234.722 1.11769 -0.676339 7.84887 1.2183 0.00816627 -0.0122087 -0.582603 -0.812624 0.0553578 0.16894 0.00376356 0.000101656 -0.00131103 -0.00107887 0.177582 0.00180777 0.00897909 0.000101656 -0.00131103 -0.00107887
235.338 1.11867 -0.634954 7.96359 1.21464 0.00854041 -0.0118905 -0.582543 -0.812668 0.0583755 0.175776 0.00347635 -0.0112824 -0.00745616 -0.000150101 0.185031 0.00116538 0.00889724 -0.0112824 -0.00745616 -0.000150101
235.884 1.11061 -0.598473 8.07483 1.21027 0.00867322 -0.0114977 -0.584296 -0.811413 0.05386 0.18026 0.00561553 0.000840321 0.000924588 0.0147655 0.187797 0.00606564 0.0110314 0.000840321 0.000924588 0.0147655
237.424 1.13095 -0.504869 8.36719 1.23213 0.0076596 -0.0116564 -0.590021 -0.807268 0.0598671 0.184686 0.00372555 -0.000979537 -0.00177552 -0.00472503 0.193965 -0.000958488 0.00913398 -0.000979537 -0.00177552 -0.00472503
238.084 1.14568 -0.458231 8.49475 1.24707 0.00763294 -0.011246 -0.588439 -0.808428 0.0609458 0.183408 0.00246886 -0.000235301 -0.00296367 -0.00409913 0.193124 -0.00162042 0.0077196 -0.000235301 -0.00296367 -0.00409913
238.766 1.151 -0.417699 8.62009 1.24893 0.00769991 -0.0100635 -0.587624 -0.809035 0.058174 0.181448 0.00340945 -0.00715687 -0.00796335 0.000859801 0.190396 0.000793918 0.00823585 -0.00715687 -0.00796335 0.000859801
239.492 1.14588 -0.374901 8.75148 1.2447 0.00712447 -0.00960624 -0.591104 -0.806507 0.051947 0.175591 0.00509837 2.16387e-05 -0.00253859 0.0188934 0.183291 0.00332393 0.00948938 3.83994e-05 -0.00259845 0.0187588
240.976 1.10381 -0.30972 8.98295 1.20464 0.0060117 -0.00853798 -0.599518 -0.800293 0.0463079 0.163441 0.00603454 0.000472945 -0.00258362 0.0106681 0.169705 0.00150333 0.00957813 0.000472945 -0.00258362 0.0106681
241.552 1.10838 -0.288108 9.07084 1.20839 0.00515979 -0.00773276 -0.601738 -0.79864 0.0430934 0.156892 0.00466134 0.000200926 -0.00139627 0.00890627 0.162577 0.00184873 0.00767831 0.000200926 -0.00139627 0.00890627
242.114 1.12563 -0.26617 9.14743 1.22878 0.00444533 -0.00769028 -0.603335 -0.797438 0.0418589 0.149024 0.00296483 0.00755405 -0.00446314 0.00343509 0.154715 0.000249905 0.00569267 0.00755405 -0.00446314 0.00343509
243.56 1.10306 -0.205974 9.31362 1.19994 0.00383616 -0.00660484 -0.592195 -0.805759 0.0445305 0.130182 -0.00998072 -0.000782972 -0.000272985 -0.0310374 0.137676 -0.00364539 -0.00788473 -0.000782972 -0.000272985 -0.0310374
244.36 1.09953 -0.177051 9.39082 1.19763 0.00378678 -0.00584995 -0.584164 -0.811606 0.0403807 0.120833 -0.0245087 -0.00602897 -0.00124107 -0.0204278 0.127731 5.32946e-05 -0.0227329 -0.00602897 -0.00124107 -0.0204278
245.012 1.09594 -0.155271 9.44854 1.19457 0.00352406 -0.00528672 -0.58329 -0.812239 0.035457 0.114749 -0.0237777 0.000561061 -0.000558217 0.00869893 0.120355 0.00305592 -0.0222524 0.000561061 -0.000558217 0.00869893
245.638 1.08763 -0.135527 9.50075 1.18467 0.00324486 -0.00498619 -0.586681 -0.809796 0.0331336 0.107177 -0.0239477 -3.56222e-05 -0.000576061 0.0160428 0.112442 0.00189689 -0.0226143 -3.56222e-05 -0.000576061 0.0160428
246.244 1.07663 -0.119091 9.54433 1.17382 0.0031042 -0.00471684 -0.590307 -0.807159 0.0309726 0.0996745 -0.0225851 4.87132e-05 -0.000498281 0.0158207 0.104622 0.000678266 -0.0214068 4.87132e-05 -0.000498281 0.0158207
246.79 1.05133 -0.107565 9.58271 1.14461 0.00288527 -0.00448772 -0.593718 -0.804655 0.0277943 0.0930062 -0.0207717 0.000637199 -0.000177146 0.0160188 0.0972822 0.000863246 -0.0197375 0.000637199 -0.000177146 0.0160188
248.274 1.02412 -0.0789804 9.67436 1.12476 0.00244231 -0.00397076 -0.601612 -0.798775 0.0234172 0.078464 -0.0151691 1.5163e-05 -0.000201478 0.0116203 0.0820168 -0.000855178 -0.0144077 1.5163e-05 -0.000201478 0.0116203
248.966 1.03213 -0.0670366 9.71523 1.1309 0.00219418 -0.0037315 -0.604622 -0.796501 0.0203859 0.0720303 -0.0145302 5.07594e-06 -0.000197947 0.0106509 0.0749812 -0.000284387 -0.0138858 5.07594e-06 -0.000197947 0.0106509
249.688 1.00401 -0.05208 9.7545 1.09413 0.0126674 -0.015981 -0.60759 -0.793989 0.0274642 0.103555 -0.104591 -0.000737938 0.0243607 0.00731249 0.111309 0.000627043 -0.100136 -0.000737938 0.0243607 0.00731249
250.466 0.94851 -0.0243591 9.84626 1.04343 0.00657952 -0.00787317 -0.608196 -0.793721 0.0356401 0.147415 -0.0500216 -0.000787656 -0.0172417 -0.00426944 0.152605 0.00397398 -0.0468994 -0.000787656 -0.0172417 -0.00426944
251.092 0.899323 -0.00876576 9.92297 0.994034 0.00381246 -0.004598 -0.607327 -0.794429 0.0262382 0.12425 0.00226813 0.00222817 -0.0124834 -0.00294874 0.126746 0.00726727 0.00378472 0.00222817 -0.0124834 -0.00294874
251.732 0.892009 0.000818341 9.99217 0.987005 0.00110153 -0.00229577 -0.60694 -0.794744 0.0182654 0.0912708 0.010954 0.000712802 -0.010898 -0.00210428 0.0928041 0.00641691 0.0114103 0.000712802 -0.010898 -0.00210428
252.312 0.898272 0.0113402 10.0333 1.00098 -0.000175768 -0.000404989 -0.606642 -0.794975 0.0130049 0.0593387 0.00595086 -0.000112601 -0.00473031 -0.00162418 0.0606643 0.00312468 0.00597458 -0.000112601 -0.00473031 -0.00162418
253.074 0.919811 0.0179649 10.0537 1.01353 -0.000742536 0.000428845 -0.606466 -0.795109 0.00660761 0.0312615 -0.0123844 -0.000592147 -0.00133753 -0.000880143 0.0328854 0.00199433 -0.0124834 -0.000472093 -0.00136899 -0.000918151
253.658 0.911025 0.0219106 10.0573 1.00299 -0.000751856 0.000883393 -0.606511 -0.795074 0.00318265 0.0192409 -0.00288566 -0.00053922 -0.00111182 -0.00117174 0.0200252 0.00190055 -0.00382207 -0.000734213 -0.000982487 -0.00113175
254.456 0.908423 0.0239695 10.0518 1.00372 -0.000675152 0.00116744 -0.60637 -0.795181 0.000532306 0.0110516 -0.00229359 -0.00166638 0.000565204 -0.00148025 0.0107923 0.00241204 -0.00232165 -0.00166638 0.000565204 -0.00148025
