2.828 2.828
2.964 0.136
3.074 0.11
3.61 0.536
3.744 0.134
3.88 0.136
4.414 0.534
4.596 0.182
4.826 0.23
4.968 0.142
5.18 0.212
5.364 0.184
5.942 0.578
6.142 0.2
6.348 0.206
6.636 0.288
6.9 0.264
7.128 0.228
7.286 0.158
7.508 0.222
7.79 0.282
8.432 0.642
8.696 0.264
8.912 0.216
9.184 0.272
9.85 0.666
10.08 0.23
10.362 0.282
10.574 0.212
10.79 0.216
11.034 0.244
11.256 0.222
11.474 0.218
12.076 0.602
12.284 0.208
12.49 0.206
12.712 0.222
12.922 0.21
13.578 0.656
13.8 0.222
14.022 0.222
14.224 0.202
14.9 0.676
15.1 0.2
15.318 0.218
15.56 0.242
15.786 0.226
15.986 0.2
16.602 0.616
16.938 0.336
17.216 0.278
17.84 0.624
18.466 0.626
18.688 0.222
18.902 0.214
19.224 0.322
19.416 0.192
20.004 0.588
20.214 0.21
20.516 0.302
21.214 0.698
21.742 0.528
21.924 0.182
22.268 0.344
22.608 0.34
22.798 0.19
22.972 0.174
23.274 0.302
23.452 0.178
23.63 0.178
23.942 0.312
24.126 0.184
24.28 0.154
24.442 0.162
24.616 0.174
24.804 0.188
25.138 0.334
25.304 0.166
25.478 0.174
25.83 0.352
26.19 0.36
26.4 0.21
26.608 0.208
26.79 0.182
26.984 0.194
27.154 0.17
27.482 0.328
27.706 0.224
27.93 0.224
28.16 0.23
28.358 0.198
28.708 0.35
28.896 0.188
29.08 0.184
29.446 0.366
29.61 0.164
29.94 0.33
30.11 0.17
30.484 0.374
30.69 0.206
31.062 0.372
31.274 0.212
31.502 0.228
31.844 0.342
32.182 0.338
32.36 0.178
32.568 0.208
32.768 0.2
33.136 0.368
33.464 0.328
33.646 0.182
33.834 0.188
34.046 0.212
34.418 0.372
34.778 0.36
35.11 0.332
35.314 0.204
35.532 0.218
35.872 0.34
36.244 0.372
36.426 0.182
36.59 0.164
36.752 0.162
37.112 0.36
37.448 0.336
37.628 0.18
37.812 0.184
38.012 0.2
38.19 0.178
38.374 0.184
38.558 0.184
38.746 0.188
38.916 0.17
39.11 0.194
39.29 0.18
39.478 0.188
39.636 0.158
39.83 0.194
40.032 0.202
40.246 0.214
40.436 0.19
40.85 0.414
41.054 0.204
41.24 0.186
41.602 0.362
41.798 0.196
41.952 0.154
42.14 0.188
42.47 0.33
42.652 0.182
42.852 0.2
43.06 0.208
43.396 0.336
43.76 0.364
43.942 0.182
44.124 0.182
44.298 0.174
44.468 0.17
44.828 0.36
45.184 0.356
45.388 0.204
45.552 0.164
45.926 0.374
46.116 0.19
46.288 0.172
46.474 0.186
46.686 0.212
46.844 0.158
47.052 0.208
47.244 0.192
47.67 0.426
47.842 0.172
48.056 0.214
48.226 0.17
48.418 0.192
48.798 0.38
48.982 0.184
49.152 0.17
49.476 0.324
49.664 0.188
49.854 0.19
50.056 0.202
50.234 0.178
50.402 0.168
50.59 0.188
50.792 0.202
50.99 0.198
51.348 0.358
51.55 0.202
51.884 0.334
52.066 0.182
52.242 0.176
52.434 0.192
52.62 0.186
52.812 0.192
52.984 0.172
53.166 0.182
53.344 0.178
53.522 0.178
53.706 0.184
54.036 0.33
54.26 0.224
54.44 0.18
54.606 0.166
54.778 0.172
55.164 0.386
55.5 0.336
55.884 0.384
56.058 0.174
56.238 0.18
56.58 0.342
56.92 0.34
57.284 0.364
57.452 0.168
57.644 0.192
58.006 0.362
58.188 0.182
58.398 0.21
58.588 0.19
58.938 0.35
59.292 0.354
59.48 0.188
59.884 0.404
60.226 0.342
60.402 0.176
60.58 0.178
60.764 0.184
60.93 0.166
61.098 0.168
61.262 0.164
61.628 0.366
61.808 0.18
61.972 0.164
62.142 0.17
62.552 0.41
62.698 0.146
63.074 0.376
63.296 0.222
63.442 0.146
63.91 0.468
64.086 0.176
64.36 0.274
64.734 0.374
64.992 0.258
65.186 0.194
65.69 0.504
65.892 0.202
66.382 0.49
66.734 0.352
66.912 0.178
67.196 0.284
67.478 0.282
67.67 0.192
67.856 0.186
68.224 0.368
68.698 0.474
69.184 0.486
69.388 0.204
69.59 0.202
69.8 0.21
70.28 0.48
70.528 0.248
70.734 0.206
70.988 0.254
71.258 0.27
71.642 0.384
71.944 0.302
72.206 0.262
72.416 0.21
72.638 0.222
73.05 0.412
73.288 0.238
73.516 0.228
74.14 0.624
74.378 0.238
74.696 0.318
75.01 0.314
75.24 0.23
75.938 0.698
76.608 0.67
76.85 0.242
77.094 0.244
77.526 0.432
77.79 0.264
78.07 0.28
78.316 0.246
79.156 0.84
79.48 0.324
80.386 0.906
80.644 0.258
80.894 0.25
81.758 0.864
82.036 0.278
82.338 0.302
82.608 0.27
83.332 0.724
83.584 0.252
83.88 0.296
84.68 0.8
85.402 0.722
85.678 0.276
85.936 0.258
86.244 0.308
86.514 0.27
86.802 0.288
87.104 0.302
87.396 0.292
87.666 0.27
87.948 0.282
88.214 0.266
88.51 0.296
88.756 0.246
89.012 0.256
89.308 0.296
89.584 0.276
89.848 0.264
90.112 0.264
90.362 0.25
90.642 0.28
91.298 0.656
91.56 0.262
91.844 0.284
92.132 0.288
92.864 0.732
93.15 0.286
93.422 0.272
93.698 0.276
93.952 0.254
94.266 0.314
94.564 0.298
94.836 0.272
95.558 0.722
95.846 0.288
96.106 0.26
96.368 0.262
96.624 0.256
97.354 0.73
97.612 0.258
98.264 0.652
98.51 0.246
98.758 0.248
99.026 0.268
99.27 0.244
99.538 0.268
99.858 0.32
100.162 0.304
100.872 0.71
101.16 0.288
101.404 0.244
101.7 0.296
102.398 0.698
102.7 0.302
102.984 0.284
103.272 0.288
103.534 0.262
103.78 0.246
104.468 0.688
105.216 0.748
105.524 0.308
105.776 0.252
106.038 0.262
106.304 0.266
106.586 0.282
107.248 0.662
107.506 0.258
107.76 0.254
108.026 0.266
108.288 0.262
108.584 0.296
109.248 0.664
109.924 0.676
110.22 0.296
110.968 0.748
111.23 0.262
111.488 0.258
111.754 0.266
112.04 0.286
112.304 0.264
112.582 0.278
112.828 0.246
113.09 0.262
113.74 0.65
114.342 0.602
114.594 0.252
114.882 0.288
115.476 0.594
115.732 0.256
115.988 0.256
116.604 0.616
116.868 0.264
117.138 0.27
117.388 0.25
117.652 0.264
117.914 0.262
118.186 0.272
118.436 0.25
119.024 0.588
119.304 0.28
119.622 0.318
119.904 0.282
120.184 0.28
120.454 0.27
121.124 0.67
121.712 0.588
121.966 0.254
122.578 0.612
122.836 0.258
123.118 0.282
123.374 0.256
123.634 0.26
123.914 0.28
124.556 0.642
124.826 0.27
125.11 0.284
125.4 0.29
126.112 0.712
126.434 0.322
126.716 0.282
127.382 0.666
127.682 0.3
127.994 0.312
128.268 0.274
128.52 0.252
129.154 0.634
129.442 0.288
129.7 0.258
129.968 0.268
130.25 0.282
130.524 0.274
130.838 0.314
131.092 0.254
131.372 0.28
131.646 0.274
131.94 0.294
132.2 0.26
132.486 0.286
132.914 0.428
133.17 0.256
133.604 0.434
133.892 0.288
134.202 0.31
134.9 0.698
135.17 0.27
135.434 0.264
135.732 0.298
135.996 0.264
136.826 0.83
137.682 0.856
137.986 0.304
138.854 0.868
139.13 0.276
139.422 0.292
139.708 0.286
140.046 0.338
140.38 0.334
141.554 1.174
142.06 0.506
142.374 0.314
142.694 0.32
143.626 0.932
143.898 0.272
144.336 0.438
144.646 0.31
145.47 0.824
146.276 0.806
146.584 0.308
147.326 0.742
147.626 0.3
147.922 0.296
148.228 0.306
148.51 0.282
148.858 0.348
149.354 0.496
149.676 0.322
150.188 0.512
150.52 0.332
150.83 0.31
151.306 0.476
151.608 0.302
151.92 0.312
152.244 0.324
152.542 0.298
152.846 0.304
153.136 0.29
153.408 0.272
153.712 0.304
153.992 0.28
154.492 0.5
154.8 0.308
155.476 0.676
155.78 0.304
156.1 0.32
156.544 0.444
157.112 0.568
157.67 0.558
158.09 0.42
158.408 0.318
158.95 0.542
159.244 0.294
159.876 0.632
160.214 0.338
160.792 0.578
161.252 0.46
161.714 0.462
162.028 0.314
162.318 0.29
162.876 0.558
163.172 0.296
163.478 0.306
163.764 0.286
164.254 0.49
164.57 0.316
164.906 0.336
165.202 0.296
165.5 0.298
165.8 0.3
166.436 0.636
166.758 0.322
167.088 0.33
167.406 0.318
167.754 0.348
168.562 0.808
168.922 0.36
169.226 0.304
169.562 0.336
169.886 0.324
170.728 0.842
171.04 0.312
171.368 0.328
171.678 0.31
171.962 0.284
172.296 0.334
172.656 0.36
172.968 0.312
173.31 0.342
173.582 0.272
173.898 0.316
174.22 0.322
174.526 0.306
174.846 0.32
175.644 0.798
175.926 0.282
176.216 0.29
176.544 0.328
176.89 0.346
177.644 0.754
177.956 0.312
178.288 0.332
178.57 0.282
179.316 0.746
180.032 0.716
180.362 0.33
181.098 0.736
181.428 0.33
181.774 0.346
182.572 0.798
182.9 0.328
183.614 0.714
183.938 0.324
184.292 0.354
184.594 0.302
185.27 0.676
186.022 0.752
186.386 0.364
186.766 0.38
187.148 0.382
187.924 0.776
188.234 0.31
188.56 0.326
188.884 0.324
189.198 0.314
189.582 0.384
189.916 0.334
190.24 0.324
190.582 0.342
190.93 0.348
191.248 0.318
191.592 0.344
191.942 0.35
192.262 0.32
193.074 0.812
193.398 0.324
194.212 0.814
195.128 0.916
195.44 0.312
195.774 0.334
196.126 0.352
196.434 0.308
196.756 0.322
197.09 0.334
197.452 0.362
198.208 0.756
198.896 0.688
199.208 0.312
199.508 0.3
199.834 0.326
200.132 0.298
200.448 0.316
200.794 0.346
201.286 0.492
201.632 0.346
201.99 0.358
202.35 0.36
202.684 0.334
203.112 0.428
203.462 0.35
203.798 0.336
204.136 0.338
204.584 0.448
204.892 0.308
205.228 0.336
205.584 0.356
206.058 0.474
206.43 0.372
206.744 0.314
207.178 0.434
207.69 0.512
208.21 0.52
208.54 0.33
208.872 0.332
209.21 0.338
209.536 0.326
209.848 0.312
210.158 0.31
210.492 0.334
210.812 0.32
211.332 0.52
211.88 0.548
212.232 0.352
212.564 0.332
212.872 0.308
213.196 0.324
213.524 0.328
213.816 0.292
214.164 0.348
214.484 0.32
215.23 0.746
215.536 0.306
215.858 0.322
216.21 0.352
216.922 0.712
217.224 0.302
217.902 0.678
218.21 0.308
218.516 0.306
219.26 0.744
219.594 0.334
219.904 0.31
220.258 0.354
220.572 0.314
220.918 0.346
221.256 0.338
221.812 0.556
222.142 0.33
222.45 0.308
222.796 0.346
223.358 0.562
223.94 0.582
224.514 0.574
225.074 0.56
225.376 0.302
225.716 0.34
226.302 0.586
226.644 0.342
226.952 0.308
227.282 0.33
227.958 0.676
228.562 0.604
228.882 0.32
229.212 0.33
229.532 0.32
229.87 0.338
230.184 0.314
230.854 0.67
231.13 0.276
231.43 0.3
232.116 0.686
232.454 0.338
232.812 0.358
233.104 0.292
233.41 0.306
233.722 0.312
234.038 0.316
234.366 0.328
235.042 0.676
235.374 0.332
235.702 0.328
236.032 0.33
236.33 0.298
236.676 0.346
237.36 0.684
237.678 0.318
237.994 0.316
238.326 0.332
238.65 0.324
238.992 0.342
239.33 0.338
239.656 0.326
239.99 0.334
240.3 0.31
240.628 0.328
241.226 0.598
241.508 0.282
241.834 0.326
242.194 0.36
242.812 0.618
243.364 0.552
243.72 0.356
244.074 0.354
244.402 0.328
244.728 0.326
245.042 0.314
245.34 0.298
245.872 0.532
246.188 0.316
246.538 0.35
247.198 0.66
247.494 0.296
247.898 0.404
248.288 0.39
248.77 0.482
249.082 0.312
249.406 0.324
249.76 0.354
250.286 0.526
250.646 0.36
250.966 0.32
251.45 0.484
251.794 0.344
252.28 0.486
252.734 0.454
253.094 0.36
253.422 0.328
253.896 0.474
254.26 0.364
254.748 0.488
255.246 0.498
255.586 0.34
256.12 0.534
256.642 0.522
256.962 0.32
257.298 0.336
257.69 0.392
258.204 0.514
258.54 0.336
259.21 0.67
259.582 0.372
259.942 0.36
260.506 0.564
260.852 0.346
261.17 0.318
261.504 0.334
261.946 0.442
262.436 0.49
262.812 0.376
263.21 0.398
263.576 0.366
264.094 0.518
264.464 0.37
264.946 0.482
265.31 0.364
265.636 0.326
266.024 0.388
266.368 0.344
266.93 0.562
267.294 0.364
267.67 0.376
268.036 0.366
268.712 0.676
269.096 0.384
269.752 0.656
270.094 0.342
270.462 0.368
270.844 0.382
271.244 0.4
271.916 0.672
272.288 0.372
272.632 0.344
272.982 0.35
273.324 0.342
274.042 0.718
274.424 0.382
275.044 0.62
275.408 0.364
275.762 0.354
276.138 0.376
276.858 0.72
277.236 0.378
277.6 0.364
277.988 0.388
278.372 0.384
279.154 0.782
279.562 0.408
279.942 0.38
280.678 0.736
281.03 0.352
281.372 0.342
281.722 0.35
282.12 0.398
282.498 0.378
282.87 0.372
283.242 0.372
283.596 0.354
283.936 0.34
284.35 0.414
284.716 0.366
285.452 0.736
285.834 0.382
286.17 0.336
286.538 0.368
286.888 0.35
287.25 0.362
287.978 0.728
288.31 0.332
288.666 0.356
289.308 0.642
289.704 0.396
290.204 0.5
290.526 0.322
291.202 0.676
291.582 0.38
292.294 0.712
292.692 0.398
293.026 0.334
293.692 0.666
294.22 0.528
294.938 0.718
295.308 0.37
295.714 0.406
296.076 0.362
296.418 0.342
297.194 0.776
298 0.806
298.802 0.802
299.174 0.372
299.516 0.342
299.866 0.35
300.21 0.344
300.59 0.38
301.172 0.582
301.512 0.34
302.342 0.83
302.704 0.362
303.104 0.4
303.954 0.85
304.28 0.326
304.682 0.402
305.036 0.354
305.922 0.886
306.332 0.41
306.686 0.354
307.06 0.374
307.77 0.71
308.304 0.534
308.652 0.348
309.198 0.546
309.778 0.58
310.196 0.418
310.586 0.39
310.966 0.38
311.316 0.35
311.704 0.388
312.078 0.374
312.502 0.424
313.414 0.912
313.788 0.374
314.708 0.92
315.638 0.93
316.008 0.37
316.986 0.978
318.1 1.114
319.068 0.968
319.464 0.396
320.444 0.98
321.456 1.012
321.84 0.384
322.266 0.426
322.922 0.656
323.57 0.648
324.06 0.49
324.478 0.418
325.07 0.592
325.466 0.396
325.864 0.398
326.31 0.446
326.748 0.438
327.244 0.496
327.826 0.582
328.23 0.404
328.628 0.398
329.068 0.44
329.448 0.38
329.94 0.492
330.342 0.402
330.894 0.552
331.486 0.592
331.894 0.408
332.308 0.414
332.696 0.388
333.14 0.444
333.574 0.434
333.956 0.382
334.392 0.436
334.952 0.56
335.454 0.502
335.906 0.452
336.392 0.486
336.832 0.44
337.464 0.632
337.928 0.464
338.562 0.634
339.128 0.566
339.75 0.622
340.152 0.402
340.642 0.49
341.11 0.468
342.014 0.904
342.436 0.422
342.954 0.518
343.44 0.486
343.88 0.44
344.34 0.46
344.792 0.452
345.288 0.496
345.754 0.466
346.362 0.608
346.812 0.45
347.268 0.456
347.776 0.508
349.192 1.416
349.616 0.424
350.022 0.406
350.452 0.43
350.872 0.42
352.198 1.326
352.654 0.456
353.148 0.494
353.62 0.472
354.924 1.304
355.458 0.534
355.988 0.53
357.394 1.406
358.004 0.61
358.566 0.562
359.118 0.552
359.672 0.554
360.174 0.502
360.726 0.552
361.268 0.542
361.864 0.596
362.326 0.462
362.882 0.556
363.432 0.55
363.946 0.514
364.524 0.578
365.042 0.518
366.484 1.442
367.036 0.552
367.502 0.466
368.032 0.53
368.52 0.488
369.166 0.646
370.752 1.586
371.292 0.54
371.802 0.51
372.388 0.586
372.998 0.61
373.578 0.58
374.236 0.658
374.85 0.614
375.494 0.644
377.002 1.508
377.55 0.548
378.214 0.664
378.834 0.62
380.452 1.618
381.176 0.724
381.794 0.618
382.42 0.626
383.254 0.834
383.932 0.678
384.624 0.692
386.156 1.532
386.78 0.624
387.596 0.816
388.458 0.862
389.226 0.768
389.938 0.712
391.55 1.612
392.334 0.784
393.772 1.438
394.622 0.85
395.396 0.774
396.87 1.474
397.736 0.866
398.512 0.776
400.086 1.574
400.8 0.714
401.708 0.908
402.47 0.762
403.322 0.852
404.078 0.756
404.794 0.716
406.322 1.528
407.178 0.856
407.896 0.718
408.588 0.692
409.306 0.718
410.09 0.784
411.832 1.742
412.504 0.672
413.258 0.754
414 0.742
414.884 0.884
415.74 0.856
416.642 0.902
417.404 0.762
418.142 0.738
418.856 0.714
419.706 0.85
420.486 0.78
421.342 0.856
422.066 0.724
422.782 0.716
423.604 0.822
424.486 0.882
425.308 0.822
426.228 0.92
426.96 0.732
427.642 0.682
429.158 1.516
430.746 1.588
431.688 0.942
432.458 0.77
434.156 1.698
434.982 0.826
435.722 0.74
437.24 1.518
438.198 0.958
439.03 0.832
439.862 0.832
441.488 1.626
442.254 0.766
