74.016 0.734
74.334 0.318
75.02 0.686
75.706 0.686
75.998 0.292
76.398 0.4
77.058 0.66
77.534 0.476
78.262 0.728
78.618 0.356
79.002 0.384
79.704 0.702
80.192 0.488
80.674 0.482
81.33 0.656
81.7 0.37
82.054 0.354
82.41 0.356
82.878 0.468
83.442 0.564
83.862 0.42
84.26 0.398
84.638 0.378
85.188 0.55
85.928 0.74
86.386 0.458
86.78 0.394
87.252 0.472
87.654 0.402
88.348 0.694
88.974 0.626
89.414 0.44
89.902 0.488
90.364 0.462
90.854 0.49
91.35 0.496
92.174 0.824
92.608 0.434
93.104 0.496
93.538 0.434
94.202 0.664
94.68 0.478
95.134 0.454
96.192 1.058
96.672 0.48
97.118 0.446
97.622 0.504
98.08 0.458
99.122 1.042
99.574 0.452
100.07 0.496
100.538 0.468
101.02 0.482
101.492 0.472
101.972 0.48
102.992 1.02
103.462 0.47
103.93 0.468
104.382 0.452
104.818 0.436
105.25 0.432
105.694 0.444
106.138 0.444
106.564 0.426
106.992 0.428
107.468 0.476
107.904 0.436
108.872 0.968
109.318 0.446
109.772 0.454
110.176 0.404
110.654 0.478
111.578 0.924
112.056 0.478
112.532 0.476
113.01 0.478
113.494 0.484
113.904 0.41
114.322 0.418
115.17 0.848
115.69 0.52
116.568 0.878
117.048 0.48
117.506 0.458
117.972 0.466
118.426 0.454
118.862 0.436
119.316 0.454
119.782 0.466
120.248 0.466
120.726 0.478
121.216 0.49
121.694 0.478
122.128 0.434
122.554 0.426
123.028 0.474
123.522 0.494
124.372 0.85
125.296 0.924
125.782 0.486
126.62 0.838
127.096 0.476
127.542 0.446
128.024 0.482
128.534 0.51
128.95 0.416
129.402 0.452
129.888 0.486
130.326 0.438
130.762 0.436
131.228 0.466
131.714 0.486
132.17 0.456
132.62 0.45
133.034 0.414
133.536 0.502
134.02 0.484
134.894 0.874
135.344 0.45
135.778 0.434
136.294 0.516
136.874 0.58
137.38 0.506
138.014 0.634
138.488 0.474
139.16 0.672
139.674 0.514
140.594 0.92
141.062 0.468
141.492 0.43
141.93 0.438
142.368 0.438
143.478 1.11
143.944 0.466
144.406 0.462
144.882 0.476
146.06 1.178
146.562 0.502
147.03 0.468
148.126 1.096
148.58 0.454
149.102 0.522
149.654 0.552
150.694 1.04
151.206 0.512
151.716 0.51
152.172 0.456
152.648 0.476
153.534 0.886
153.99 0.456
154.444 0.454
155.422 0.978
156.146 0.724
156.834 0.688
157.48 0.646
158.26 0.78
159.12 0.86
159.624 0.504
160.134 0.51
160.616 0.482
161.138 0.522
161.612 0.474
162.088 0.476
162.768 0.68
163.26 0.492
163.914 0.654
164.422 0.508
165.276 0.854
165.788 0.512
166.278 0.49
166.804 0.526
167.296 0.492
167.844 0.548
168.348 0.504
168.846 0.498
169.322 0.476
169.83 0.508
170.834 1.004
171.332 0.498
171.826 0.494
172.96 1.134
173.954 0.994
174.942 0.988
175.458 0.516
175.972 0.514
176.472 0.5
176.966 0.494
177.442 0.476
178.412 0.97
179.51 1.098
180.06 0.55
180.59 0.53
181.13 0.54
181.606 0.476
182.144 0.538
182.658 0.514
183.558 0.9
184.048 0.49
184.532 0.484
185.01 0.478
185.518 0.508
186.06 0.542
186.544 0.484
187.502 0.958
188.02 0.518
188.472 0.452
189.006 0.534
189.548 0.542
190.506 0.958
191.106 0.6
191.682 0.576
192.22 0.538
192.78 0.56
193.37 0.59
193.924 0.554
194.436 0.512
195.224 0.788
195.718 0.494
196.24 0.522
197.032 0.792
197.554 0.522
198.1 0.546
198.82 0.72
199.314 0.494
199.942 0.628
200.576 0.634
201.056 0.48
201.526 0.47
202.044 0.518
202.556 0.512
203.256 0.7
203.742 0.486
204.294 0.552
204.806 0.512
205.274 0.468
205.804 0.53
206.306 0.502
206.898 0.592
207.36 0.462
207.874 0.514
208.43 0.556
208.93 0.5
209.446 0.516
210.32 0.874
211.144 0.824
211.638 0.494
212.176 0.538
212.632 0.456
213.106 0.474
214.088 0.982
214.564 0.476
215.09 0.526
215.584 0.494
216.12 0.536
216.648 0.528
217.138 0.49
217.628 0.49
218.512 0.884
219.026 0.514
219.936 0.91
220.378 0.442
220.912 0.534
221.432 0.52
221.968 0.536
222.504 0.536
223.004 0.5
223.486 0.482
223.978 0.492
224.51 0.532
225.016 0.506
225.516 0.5
226.072 0.556
226.606 0.534
227.134 0.528
227.652 0.518
228.28 0.628
228.902 0.622
229.61 0.708
230.278 0.668
231.074 0.796
231.594 0.52
232.106 0.512
232.604 0.498
233.118 0.514
233.624 0.506
234.174 0.55
234.812 0.638
235.4 0.588
236.08 0.68
236.65 0.57
237.348 0.698
237.912 0.564
238.45 0.538
239.148 0.698
239.71 0.562
240.264 0.554
240.808 0.544
241.32 0.512
241.956 0.636
242.464 0.508
242.996 0.532
243.532 0.536
244.07 0.538
244.592 0.522
245.152 0.56
245.75 0.598
246.322 0.572
246.872 0.55
247.402 0.53
248.182 0.78
248.93 0.748
249.612 0.682
250.284 0.672
250.872 0.588
251.456 0.584
251.988 0.532
252.516 0.528
253.034 0.518
253.62 0.586
254.226 0.606
254.714 0.488
255.362 0.648
255.894 0.532
256.606 0.712
257.134 0.528
257.82 0.686
258.368 0.548
258.88 0.512
259.442 0.562
259.996 0.554
260.586 0.59
261.256 0.67
261.772 0.516
262.45 0.678
263.002 0.552
263.69 0.688
264.25 0.56
264.742 0.492
265.274 0.532
265.818 0.544
266.372 0.554
266.946 0.574
267.606 0.66
268.242 0.636
268.786 0.544
269.38 0.594
270.036 0.656
270.738 0.702
271.536 0.798
272.056 0.52
272.84 0.784
273.406 0.566
274.152 0.746
274.762 0.61
275.5 0.738
276.626 1.126
277.264 0.638
277.874 0.61
278.424 0.55
278.944 0.52
279.96 1.016
280.456 0.496
281.248 0.792
281.846 0.598
282.45 0.604
283.018 0.568
283.572 0.554
284.664 1.092
285.194 0.53
285.812 0.618
286.346 0.534
287.436 1.09
288.51 1.074
289.052 0.542
290.21 1.158
290.922 0.712
291.668 0.746
292.834 1.166
293.412 0.578
293.938 0.526
294.516 0.578
295.042 0.526
295.706 0.664
296.388 0.682
296.996 0.608
297.598 0.602
298.226 0.628
299.266 1.04
299.81 0.544
300.422 0.612
300.864 0.442
301.504 0.64
302.108 0.604
302.656 0.548
303.242 0.586
303.8 0.558
304.454 0.654
305.13 0.676
305.804 0.674
306.426 0.622
307.014 0.588
307.626 0.612
308.248 0.622
308.838 0.59
309.474 0.636
310.106 0.632
310.792 0.686
311.252 0.46
311.826 0.574
312.434 0.608
312.992 0.558
313.66 0.668
314.334 0.674
315.032 0.698
315.71 0.678
316.426 0.716
317.062 0.636
317.642 0.58
318.322 0.68
319.848 1.526
321.414 1.566
322.014 0.6
322.692 0.678
323.378 0.686
323.99 0.612
325.456 1.466
327.05 1.594
328.58 1.53
329.334 0.754
330.054 0.72
331.742 1.688
332.39 0.648
333.946 1.556
334.648 0.702
336.35 1.702
337.194 0.844
338.93 1.736
339.624 0.694
341.148 1.524
342.66 1.512
343.44 0.78
344.222 0.782
344.984 0.762
345.892 0.908
346.746 0.854
347.034 0.288
347.91 0.876
348.734 0.824
349.746 1.012
350.716 0.97
351.636 0.92
352.656 1.02
353.478 0.822
354.266 0.788
355.198 0.932
355.904 0.706
356.82 0.916
357.64 0.82
358.614 0.974
359.638 1.024
360.364 0.726
361.448 1.084
362.44 0.992
