2.762 2.762
3.214 0.452
3.24 0.026
3.336 0.096
3.446 0.11
3.93 0.484
4.086 0.156
4.284 0.198
4.516 0.232
4.702 0.186
4.868 0.166
5.142 0.274
5.362 0.22
5.62 0.258
5.92 0.3
6.56 0.64
7.188 0.628
7.448 0.26
7.762 0.314
8.004 0.242
8.714 0.71
9.424 0.71
9.698 0.274
9.97 0.272
10.576 0.606
10.858 0.282
11.108 0.25
11.36 0.252
12.044 0.684
12.708 0.664
13.066 0.358
13.744 0.678
14.43 0.686
14.778 0.348
15.09 0.312
15.75 0.66
16.002 0.252
16.248 0.246
16.93 0.682
17.592 0.662
17.842 0.25
18.432 0.59
19.044 0.612
19.304 0.26
19.572 0.268
19.87 0.298
20.114 0.244
20.344 0.23
20.572 0.228
21.25 0.678
21.488 0.238
22.15 0.662
22.43 0.28
22.682 0.252
22.95 0.268
23.174 0.224
23.42 0.246
23.678 0.258
23.92 0.242
24.218 0.298
24.846 0.628
25.488 0.642
26.196 0.708
26.83 0.634
27.138 0.308
27.378 0.24
28 0.622
28.312 0.312
28.99 0.678
29.306 0.316
29.95 0.644
30.162 0.212
30.914 0.752
31.128 0.214
31.356 0.228
31.58 0.224
31.884 0.304
32.11 0.226
32.754 0.644
33.102 0.348
33.322 0.22
33.654 0.332
33.886 0.232
34.128 0.242
34.752 0.624
34.994 0.242
35.334 0.34
35.568 0.234
36.21 0.642
36.858 0.648
37.472 0.614
37.696 0.224
37.966 0.27
38.282 0.316
38.504 0.222
38.73 0.226
38.956 0.226
39.588 0.632
39.816 0.228
40.068 0.252
40.292 0.224
40.548 0.256
40.788 0.24
41.508 0.72
41.736 0.228
41.97 0.234
42.322 0.352
42.942 0.62
43.586 0.644
43.906 0.32
44.144 0.238
44.37 0.226
44.966 0.596
45.202 0.236
45.434 0.232
46.178 0.744
46.5 0.322
47.162 0.662
47.816 0.654
48.106 0.29
48.838 0.732
49.06 0.222
49.37 0.31
49.612 0.242
49.834 0.222
50.062 0.228
50.376 0.314
50.726 0.35
51.46 0.734
52.15 0.69
52.882 0.732
53.232 0.35
53.484 0.252
54.146 0.662
54.4 0.254
54.66 0.26
54.878 0.218
55.118 0.24
55.388 0.27
55.646 0.258
55.908 0.262
56.172 0.264
56.478 0.306
56.716 0.238
56.978 0.262
57.154 0.176
57.342 0.188
57.602 0.26
57.82 0.218
58.082 0.262
58.978 0.896
59.38 0.402
59.602 0.222
59.974 0.372
60.328 0.354
61.266 0.938
61.524 0.258
61.966 0.442
62.898 0.932
63.256 0.358
63.648 0.392
63.88 0.232
64.288 0.408
64.526 0.238
64.802 0.276
65.078 0.276
65.36 0.282
65.75 0.39
66.016 0.266
66.348 0.332
66.614 0.266
67.054 0.44
67.332 0.278
67.598 0.266
67.866 0.268
68.192 0.326
69.206 1.014
70.254 1.048
70.544 0.29
70.806 0.262
71.182 0.376
72.118 0.936
72.394 0.276
72.774 0.38
73.204 0.43
73.484 0.28
73.768 0.284
74.548 0.78
74.92 0.372
75.304 0.384
75.712 0.408
76.484 0.772
76.858 0.374
77.264 0.406
78.038 0.774
78.386 0.348
78.7 0.314
79.002 0.302
79.372 0.37
79.846 0.474
80.178 0.332
80.722 0.544
81.542 0.82
82.004 0.462
82.784 0.78
83.178 0.394
83.496 0.318
84.32 0.824
84.754 0.434
85.164 0.41
85.718 0.554
86.172 0.454
86.666 0.494
86.998 0.332
87.332 0.334
87.632 0.3
87.968 0.336
88.784 0.816
89.168 0.384
90.118 0.95
90.478 0.36
90.972 0.494
91.31 0.338
91.644 0.334
92.144 0.5
92.616 0.472
93.072 0.456
94.108 1.036
94.564 0.456
94.974 0.41
95.404 0.43
95.818 0.414
97.02 1.202
97.44 0.42
98.54 1.1
98.916 0.376
99.358 0.442
99.872 0.514
100.384 0.512
101.688 1.304
103.092 1.404
103.522 0.43
104.084 0.562
104.598 0.514
105.12 0.522
105.544 0.424
106.012 0.468
106.564 0.552
107.928 1.364
109.386 1.458
110.074 0.688
110.706 0.632
111.226 0.52
111.744 0.518
113.204 1.46
114.752 1.548
116.19 1.438
116.838 0.648
118.23 1.392
118.832 0.602
119.37 0.538
120.786 1.416
122.214 1.428
122.734 0.52
123.366 0.632
124.978 1.612
125.576 0.598
126.288 0.712
126.86 0.572
127.534 0.674
128.148 0.614
128.744 0.596
129.424 0.68
130.11 0.686
130.77 0.66
131.438 0.668
132.122 0.684
132.79 0.668
133.346 0.556
134.772 1.426
135.424 0.652
136.936 1.512
137.764 0.828
138.502 0.738
139.358 0.856
140.1 0.742
141.686 1.586
142.472 0.786
143.174 0.702
143.862 0.688
145.404 1.542
146.2 0.796
147.704 1.504
148.404 0.7
149.922 1.518
150.622 0.7
152.16 1.538
153.024 0.864
153.736 0.712
154.58 0.844
155.272 0.692
156.858 1.586
157.69 0.832
158.472 0.782
159.292 0.82
160.138 0.846
160.83 0.692
162.394 1.564
163.208 0.814
163.956 0.748
165.454 1.498
166.386 0.932
167.092 0.706
167.998 0.906
169.588 1.59
170.404 0.816
171.29 0.886
172.828 1.538
173.698 0.87
174.42 0.722
175.238 0.818
176.004 0.766
176.67 0.666
177.486 0.816
178.412 0.926
179.106 0.694
179.94 0.834
181.524 1.584
182.358 0.834
183.098 0.74
183.904 0.806
184.808 0.904
185.518 0.71
186.286 0.768
187.048 0.762
187.776 0.728
188.522 0.746
189.254 0.732
189.956 0.702
190.808 0.852
191.528 0.72
192.246 0.718
