2.796 2.796
2.824 0.028
2.934 0.11
3.042 0.108
3.668 0.626
4.206 0.538
4.34 0.134
4.876 0.536
5.384 0.508
5.47 0.086
5.988 0.518
6.16 0.172
6.32 0.16
6.49 0.17
6.646 0.156
6.814 0.168
6.918 0.104
7.088 0.17
7.258 0.17
7.89 0.632
8.086 0.196
8.696 0.61
8.97 0.274
9.206 0.236
9.428 0.222
10.096 0.668
10.314 0.218
10.546 0.232
10.752 0.206
11.358 0.606
11.992 0.634
12.198 0.206
12.39 0.192
12.596 0.206
12.828 0.232
13.45 0.622
13.664 0.214
14.294 0.63
14.9 0.606
15.114 0.214
15.786 0.672
16.078 0.292
16.33 0.252
16.552 0.222
17.276 0.724
17.908 0.632
18.188 0.28
18.378 0.19
18.598 0.22
18.806 0.208
19.002 0.196
19.21 0.208
19.814 0.604
20.016 0.202
20.642 0.626
20.938 0.296
21.126 0.188
21.326 0.2
21.514 0.188
21.75 0.236
21.964 0.214
22.258 0.294
22.446 0.188
22.628 0.182
23.288 0.66
23.598 0.31
23.802 0.204
23.988 0.186
24.196 0.208
24.392 0.196
24.712 0.32
24.916 0.204
25.164 0.248
25.794 0.63
26.002 0.208
26.186 0.184
26.5 0.314
26.728 0.228
26.928 0.2
27.066 0.138
27.2 0.134
27.328 0.128
27.634 0.306
27.802 0.168
28.706 0.904
29.07 0.364
29.248 0.178
29.518 0.27
30.426 0.908
30.612 0.186
30.798 0.186
31.006 0.208
31.21 0.204
31.558 0.348
31.834 0.276
32.136 0.302
32.334 0.198
33.152 0.818
33.882 0.73
34.102 0.22
34.382 0.28
34.704 0.322
35.012 0.308
35.264 0.252
35.614 0.35
35.96 0.346
36.204 0.244
36.916 0.712
37.168 0.252
37.51 0.342
38.334 0.824
38.586 0.252
38.86 0.274
39.732 0.872
40.038 0.306
40.934 0.896
41.16 0.226
41.582 0.422
41.962 0.38
43.046 1.084
43.416 0.37
43.698 0.282
44.112 0.414
44.5 0.388
44.926 0.426
46.006 1.08
46.294 0.288
46.596 0.302
47.036 0.44
48.028 0.992
48.378 0.35
48.848 0.47
49.29 0.442
49.684 0.394
50.782 1.098
51.89 1.108
52.412 0.522
53.484 1.072
53.926 0.442
54.34 0.414
54.758 0.418
56.042 1.284
56.416 0.374
56.816 0.4
57.264 0.448
57.742 0.478
58.106 0.364
58.564 0.458
58.968 0.404
59.486 0.518
60.042 0.556
60.468 0.426
61.764 1.296
62.262 0.498
62.834 0.572
64.108 1.274
64.606 0.498
65.172 0.566
65.72 0.548
66.222 0.502
66.692 0.47
67.194 0.502
67.664 0.47
68.226 0.562
68.716 0.49
69.318 0.602
69.864 0.546
70.38 0.516
71.036 0.656
71.656 0.62
72.226 0.57
73.672 1.446
75.07 1.398
75.614 0.544
76.156 0.542
76.724 0.568
77.3 0.576
78.85 1.55
79.49 0.64
80.142 0.652
80.79 0.648
81.418 0.628
81.942 0.524
82.518 0.576
83.084 0.566
83.722 0.638
85.15 1.428
85.784 0.634
87.248 1.464
87.862 0.614
88.588 0.726
89.29 0.702
90.772 1.482
92.274 1.502
92.896 0.622
93.474 0.578
94.876 1.402
95.47 0.594
96.104 0.634
96.686 0.582
97.298 0.612
97.908 0.61
98.646 0.738
100.186 1.54
100.828 0.642
101.528 0.7
102.156 0.628
103.612 1.456
104.22 0.608
104.984 0.764
105.87 0.886
106.606 0.736
108.144 1.538
108.854 0.71
109.488 0.634
110.086 0.598
111.596 1.51
112.284 0.688
112.874 0.59
114.376 1.502
115.012 0.636
115.732 0.72
116.418 0.686
117.918 1.5
119.334 1.416
120.788 1.454
121.442 0.654
123.072 1.63
123.724 0.652
124.43 0.706
125.096 0.666
125.798 0.702
126.532 0.734
127.944 1.412
128.572 0.628
129.176 0.604
129.918 0.742
131.358 1.44
132.092 0.734
132.852 0.76
133.536 0.684
134.144 0.608
134.86 0.716
135.732 0.872
136.408 0.676
137.12 0.712
137.744 0.624
138.468 0.724
139.102 0.634
140.654 1.552
141.272 0.618
142.664 1.392
143.328 0.664
143.958 0.63
144.802 0.844
146.26 1.458
146.92 0.66
147.656 0.736
148.44 0.784
149.242 0.802
149.88 0.638
150.538 0.658
151.242 0.704
151.954 0.712
152.76 0.806
153.658 0.898
154.292 0.634
155.048 0.756
156.44 1.392
157.106 0.666
157.79 0.684
158.582 0.792
159.276 0.694
159.912 0.636
160.59 0.678
161.312 0.722
162.744 1.432
163.53 0.786
164.228 0.698
164.992 0.764
165.772 0.78
166.58 0.808
168.074 1.494
168.936 0.862
169.592 0.656
170.242 0.65
170.824 0.582
171.468 0.644
172.222 0.754
173.678 1.456
174.314 0.636
