2.946 2.946
2.974 0.028
3.434 0.46
3.956 0.522
4.058 0.102
4.552 0.494
4.752 0.2
4.886 0.134
5.016 0.13
5.622 0.606
6.182 0.56
6.332 0.15
6.922 0.59
7.466 0.544
7.6 0.134
7.796 0.196
7.868 0.072
7.99 0.122
8.134 0.144
8.684 0.55
9.218 0.534
9.434 0.216
9.628 0.194
10.222 0.594
10.382 0.16
10.554 0.172
10.832 0.278
11.446 0.614
11.65 0.204
11.882 0.232
12.104 0.222
12.316 0.212
12.536 0.22
13.104 0.568
13.278 0.174
13.474 0.196
13.69 0.216
13.876 0.186
14.06 0.184
14.274 0.214
14.46 0.186
14.674 0.214
15.29 0.616
15.474 0.184
15.658 0.184
15.84 0.182
16.098 0.258
16.78 0.682
16.966 0.186
17.532 0.566
18.25 0.718
18.458 0.208
18.64 0.182
19.306 0.666
19.52 0.214
19.762 0.242
19.932 0.17
20.756 0.824
20.948 0.192
21.952 1.004
22.24 0.288
22.442 0.202
22.756 0.314
23.502 0.746
23.736 0.234
24.476 0.74
24.86 0.384
25.092 0.232
25.408 0.316
25.728 0.32
26.062 0.334
26.416 0.354
26.894 0.478
27.802 0.908
28.162 0.36
28.608 0.446
28.972 0.364
29.856 0.884
30.338 0.482
30.656 0.318
30.93 0.274
31.322 0.392
31.644 0.322
32.134 0.49
32.508 0.374
33.414 0.906
33.842 0.428
34.164 0.322
34.53 0.366
35.002 0.472
36.06 1.058
37.09 1.03
37.416 0.326
38.536 1.12
38.95 0.414
39.392 0.442
39.788 0.396
40.264 0.476
40.632 0.368
41.152 0.52
42.536 1.384
42.914 0.378
43.352 0.438
43.8 0.448
44.292 0.492
44.698 0.406
45.176 0.478
45.682 0.506
46.176 0.494
46.646 0.47
47.074 0.428
47.504 0.43
47.944 0.44
48.354 0.41
48.802 0.448
49.358 0.556
50.754 1.396
51.336 0.582
51.906 0.57
53.268 1.362
53.762 0.494
54.242 0.48
54.918 0.676
55.552 0.634
56.062 0.51
57.526 1.464
58.032 0.506
58.538 0.506
59.196 0.658
59.788 0.592
60.386 0.598
61.014 0.628
62.466 1.452
63.072 0.606
63.588 0.516
64.166 0.578
64.68 0.514
65.208 0.528
65.794 0.586
66.334 0.54
66.944 0.61
67.62 0.676
68.196 0.576
68.746 0.55
69.486 0.74
70.06 0.574
71.556 1.496
72.11 0.554
72.698 0.588
73.38 0.682
74.196 0.816
74.806 0.61
76.382 1.576
77.982 1.6
78.748 0.766
79.436 0.688
80.11 0.674
81.66 1.55
82.478 0.818
83.206 0.728
83.832 0.626
84.648 0.816
85.312 0.664
86.856 1.544
87.494 0.638
88.14 0.646
88.878 0.738
89.634 0.756
91.062 1.428
91.892 0.83
93.37 1.478
94.174 0.804
95.016 0.842
96.556 1.54
98.114 1.558
98.852 0.738
100.338 1.486
101.126 0.788
101.928 0.802
102.628 0.7
103.496 0.868
104.142 0.646
104.94 0.798
106.442 1.502
107.158 0.716
107.764 0.606
108.592 0.828
109.344 0.752
110.02 0.676
110.912 0.892
111.684 0.772
112.33 0.646
113.884 1.554
114.608 0.724
115.254 0.646
115.958 0.704
116.692 0.734
117.436 0.744
118.188 0.752
118.848 0.66
119.75 0.902
120.468 0.718
122.064 1.596
122.898 0.834
123.598 0.7
125.03 1.432
126.516 1.486
127.958 1.442
128.576 0.618
