3.04 3.04
3.07 0.03
3.192 0.122
3.3 0.108
3.434 0.134
3.506 0.072
3.626 0.12
3.766 0.14
3.97 0.204
4.472 0.502
4.624 0.152
5.158 0.534
5.27 0.112
5.51 0.24
5.62 0.11
5.858 0.238
6.072 0.214
6.22 0.148
6.356 0.136
6.582 0.226
6.75 0.168
6.85 0.1
7.018 0.168
7.608 0.59
7.864 0.256
8.444 0.58
8.636 0.192
9.214 0.578
9.824 0.61
10.052 0.228
10.288 0.236
10.54 0.252
10.748 0.208
10.982 0.234
11.164 0.182
11.41 0.246
12 0.59
12.212 0.212
12.42 0.208
13.042 0.622
13.256 0.214
13.492 0.236
13.722 0.23
14.398 0.676
14.998 0.6
15.646 0.648
16.264 0.618
16.89 0.626
17.504 0.614
17.752 0.248
18.02 0.268
18.238 0.218
18.44 0.202
18.722 0.282
19.35 0.628
20.018 0.668
20.686 0.668
21.352 0.666
22.054 0.702
22.664 0.61
23.264 0.6
23.474 0.21
24.056 0.582
24.338 0.282
24.526 0.188
24.802 0.276
25 0.198
25.18 0.18
25.316 0.136
25.494 0.178
25.71 0.216
25.892 0.182
26.482 0.59
26.672 0.19
26.858 0.186
27.526 0.668
27.822 0.296
28.038 0.216
28.234 0.196
28.826 0.592
29.026 0.2
29.25 0.224
29.914 0.664
30.142 0.228
30.446 0.304
30.662 0.216
30.852 0.19
31.544 0.692
31.688 0.144
31.918 0.23
32.078 0.16
32.436 0.358
32.796 0.36
33.006 0.21
33.182 0.176
33.434 0.252
34.414 0.98
34.626 0.212
35.502 0.876
35.778 0.276
36.09 0.312
36.336 0.246
36.776 0.44
37.06 0.284
37.852 0.792
38.256 0.404
38.598 0.342
38.84 0.242
39.66 0.82
40.052 0.392
40.302 0.25
40.542 0.24
40.794 0.252
41.052 0.258
41.462 0.41
41.87 0.408
42.186 0.316
42.978 0.792
43.476 0.498
43.752 0.276
44.024 0.272
44.296 0.272
44.676 0.38
45.046 0.37
45.536 0.49
45.964 0.428
46.78 0.816
47.256 0.476
48.02 0.764
48.402 0.382
49.18 0.778
49.544 0.364
50.34 0.796
51.244 0.904
52.068 0.824
52.57 0.502
53.512 0.942
54.03 0.518
54.498 0.468
55.774 1.276
56.202 0.428
57.41 1.208
58.01 0.6
58.55 0.54
59.036 0.486
59.546 0.51
60.868 1.322
61.47 0.602
62.058 0.588
62.74 0.682
63.258 0.518
63.81 0.552
64.35 0.54
65 0.65
66.588 1.588
68.038 1.45
68.792 0.754
69.68 0.888
70.524 0.844
71.198 0.674
71.888 0.69
72.662 0.774
73.44 0.778
74.918 1.478
75.6 0.682
76.45 0.85
77.176 0.726
77.832 0.656
78.726 0.894
79.676 0.95
80.468 0.792
82.112 1.644
82.998 0.886
83.834 0.836
84.762 0.928
85.58 0.818
86.59 1.01
88.224 1.634
89.206 0.982
90.14 0.934
91.728 1.588
92.51 0.782
93.412 0.902
94.312 0.9
95.224 0.912
96.186 0.962
97.856 1.67
98.684 0.828
99.582 0.898
100.388 0.806
101.342 0.954
102.292 0.95
103.192 0.9
104.094 0.902
104.95 0.856
106.644 1.694
107.636 0.992
108.424 0.788
109.312 0.888
110.098 0.786
111.792 1.694
113.536 1.744
115.204 1.668
115.992 0.788
116.794 0.802
117.752 0.958
118.672 0.92
119.454 0.782
120.516 1.062
121.422 0.906
122.398 0.976
123.258 0.86
124.216 0.958
125.948 1.732
126.93 0.982
127.826 0.896
129.454 1.628
131.09 1.636
131.99 0.9
132.882 0.892
133.696 0.814
134.582 0.886
135.468 0.886
136.226 0.758
137.134 0.908
138.188 1.054
138.99 0.802
139.798 0.808
140.592 0.794
141.608 1.016
142.468 0.86
143.44 0.972
144.216 0.776
145.036 0.82
145.956 0.92
146.838 0.882
147.762 0.924
149.368 1.606
150.388 1.02
151.396 1.008
152.358 0.962
153.944 1.586
154.774 0.83
155.648 0.874
156.416 0.768
157.3 0.884
158.194 0.894
159.018 0.824
159.988 0.97
161.628 1.64
162.422 0.794
163.318 0.896
