2.634 2.634
2.772 0.138
3.316 0.544
3.344 0.028
3.458 0.114
3.958 0.5
4.138 0.18
4.344 0.206
4.852 0.508
4.992 0.14
5.6 0.608
5.778 0.178
5.992 0.214
6.198 0.206
6.42 0.222
7.002 0.582
7.316 0.314
7.466 0.15
7.668 0.202
7.886 0.218
8.478 0.592
8.75 0.272
9 0.25
9.24 0.24
9.492 0.252
9.81 0.318
10.11 0.3
10.354 0.244
10.604 0.25
10.884 0.28
11.154 0.27
11.428 0.274
11.708 0.28
12.364 0.656
13.016 0.652
13.256 0.24
13.94 0.684
14.196 0.256
14.458 0.262
15.094 0.636
15.678 0.584
15.904 0.226
16.61 0.706
16.894 0.284
17.148 0.254
17.468 0.32
17.688 0.22
18.034 0.346
18.704 0.67
19.048 0.344
19.754 0.706
20.022 0.268
20.258 0.236
20.604 0.346
21.322 0.718
21.574 0.252
21.906 0.332
22.166 0.26
22.422 0.256
22.648 0.226
22.962 0.314
23.274 0.312
23.9 0.626
24.222 0.322
24.462 0.24
25.07 0.608
25.294 0.224
25.512 0.218
25.74 0.228
26.478 0.738
27.168 0.69
27.402 0.234
27.622 0.22
27.856 0.234
28.088 0.232
28.312 0.224
28.528 0.216
28.75 0.222
29.448 0.698
29.678 0.23
30.364 0.686
31.066 0.702
31.84 0.774
32.084 0.244
32.294 0.21
32.522 0.228
32.752 0.23
33.09 0.338
33.324 0.234
34.108 0.784
34.852 0.744
35.538 0.686
35.904 0.366
36.168 0.264
37.06 0.892
37.304 0.244
37.748 0.444
38.056 0.308
38.378 0.322
38.644 0.266
38.88 0.236
39.668 0.788
39.92 0.252
40.196 0.276
40.446 0.25
40.74 0.294
41.094 0.354
41.972 0.878
42.258 0.286
42.544 0.286
42.914 0.37
43.234 0.32
43.636 0.402
44.518 0.882
44.786 0.268
45.076 0.29
45.404 0.328
46.332 0.928
46.73 0.398
47.034 0.304
47.942 0.908
48.27 0.328
49.182 0.912
49.454 0.272
49.734 0.28
50.714 0.98
51.04 0.326
51.402 0.362
51.7 0.298
52.604 0.904
52.936 0.332
53.254 0.318
53.616 0.362
53.998 0.382
54.378 0.38
54.682 0.304
55.01 0.328
55.354 0.344
55.79 0.436
56.592 0.802
57.392 0.8
57.734 0.342
58.514 0.78
58.804 0.29
59.218 0.414
59.674 0.456
60.07 0.396
60.528 0.458
61.026 0.498
61.344 0.318
61.636 0.292
62.076 0.44
62.386 0.31
62.712 0.326
63.392 0.68
63.774 0.382
64.104 0.33
64.742 0.638
65.406 0.664
65.88 0.474
66.536 0.656
67.236 0.7
67.564 0.328
67.886 0.322
68.412 0.526
68.822 0.41
69.322 0.5
69.67 0.348
70.344 0.674
70.716 0.372
71.162 0.446
71.554 0.392
72.104 0.55
72.53 0.426
73.094 0.564
73.632 0.538
74.126 0.494
74.656 0.53
75.152 0.496
75.722 0.57
76.384 0.662
76.982 0.598
77.508 0.526
78.9 1.392
79.662 0.762
80.316 0.654
81.094 0.778
81.87 0.776
82.706 0.836
84.144 1.438
84.992 0.848
85.852 0.86
86.554 0.702
87.19 0.636
87.87 0.68
88.482 0.612
