2.82 2.82
2.964 0.144
3.064 0.1
3.672 0.608
3.846 0.174
4.4 0.554
4.94 0.54
5.114 0.174
5.728 0.614
5.966 0.238
6.536 0.57
6.734 0.198
6.922 0.188
7.146 0.224
7.292 0.146
7.508 0.216
7.722 0.214
8.37 0.648
9.012 0.642
9.222 0.21
9.414 0.192
10.074 0.66
10.274 0.2
10.468 0.194
10.676 0.208
10.91 0.234
11.156 0.246
11.43 0.274
11.674 0.244
12.336 0.662
13.08 0.744
13.31 0.23
13.542 0.232
13.872 0.33
14.094 0.222
14.364 0.27
14.596 0.232
15.242 0.646
15.882 0.64
16.142 0.26
16.412 0.27
16.666 0.254
17.01 0.344
17.248 0.238
17.514 0.266
17.784 0.27
18.446 0.662
18.694 0.248
18.952 0.258
19.206 0.254
19.472 0.266
19.706 0.234
19.954 0.248
20.222 0.268
20.938 0.716
21.638 0.7
21.884 0.246
22.122 0.238
22.766 0.644
23.434 0.668
23.666 0.232
24.26 0.594
24.908 0.648
25.542 0.634
25.77 0.228
26.004 0.234
26.228 0.224
26.44 0.212
26.654 0.214
26.868 0.214
27.096 0.228
27.33 0.234
27.56 0.23
27.794 0.234
28.504 0.71
28.726 0.222
29 0.274
29.816 0.816
30.66 0.844
31.056 0.396
31.306 0.25
31.582 0.276
32.242 0.66
32.634 0.392
33.002 0.368
33.32 0.318
33.62 0.3
34.048 0.428
34.464 0.416
34.74 0.276
35.038 0.298
35.322 0.284
35.64 0.318
36.148 0.508
36.598 0.45
36.918 0.32
37.472 0.554
37.852 0.38
38.138 0.286
38.452 0.314
39.03 0.578
39.436 0.406
39.71 0.274
40.03 0.32
40.366 0.336
40.806 0.44
41.11 0.304
41.554 0.444
42.176 0.622
42.574 0.398
43.058 0.484
43.388 0.33
43.756 0.368
44.326 0.57
44.912 0.586
45.344 0.432
45.804 0.46
46.21 0.406
46.59 0.38
47.078 0.488
47.66 0.582
48.078 0.418
48.604 0.526
49.178 0.574
49.9 0.722
50.39 0.49
51.242 0.852
51.782 0.54
52.466 0.684
53.532 1.066
54.17 0.638
55.32 1.15
55.994 0.674
56.7 0.706
57.434 0.734
58.092 0.658
58.824 0.732
59.5 0.676
60.22 0.72
60.814 0.594
61.486 0.672
62.092 0.606
63.514 1.422
64.246 0.732
65.028 0.782
65.942 0.914
67.418 1.476
68.29 0.872
69.77 1.48
71.242 1.472
71.962 0.72
72.538 0.576
73.21 0.672
74.032 0.822
75.538 1.506
76.196 0.658
77.018 0.822
77.634 0.616
78.468 0.834
79.212 0.744
79.892 0.68
80.63 0.738
82.224 1.594
83.122 0.898
83.826 0.704
84.528 0.702
85.24 0.712
85.934 0.694
86.82 0.886
87.552 0.732
88.368 0.816
89.238 0.87
90.834 1.596
91.71 0.876
92.516 0.806
94.064 1.548
95.056 0.992
96.84 1.784
97.696 0.856
98.632 0.936
99.578 0.946
100.404 0.826
101.252 0.848
102.926 1.674
103.89 0.964
