2.822 2.822
2.852 0.03
2.966 0.114
3.03 0.064
3.132 0.102
3.246 0.114
3.368 0.122
3.896 0.528
4.034 0.138
4.182 0.148
4.348 0.166
5.006 0.658
5.168 0.162
5.718 0.55
5.898 0.18
6.492 0.594
6.662 0.17
6.836 0.174
7.012 0.176
7.124 0.112
7.312 0.188
7.578 0.266
8.244 0.666
8.512 0.268
8.778 0.266
8.998 0.22
9.588 0.59
9.822 0.234
10.054 0.232
10.648 0.594
10.896 0.248
11.122 0.226
11.434 0.312
11.652 0.218
11.976 0.324
12.294 0.318
12.942 0.648
13.166 0.224
13.49 0.324
13.726 0.236
14.436 0.71
14.672 0.236
15.344 0.672
15.568 0.224
15.828 0.26
16.072 0.244
16.748 0.676
17.02 0.272
17.244 0.224
17.888 0.644
18.184 0.296
18.416 0.232
19.052 0.636
19.678 0.626
20.396 0.718
21.026 0.63
21.306 0.28
21.572 0.266
21.886 0.314
22.132 0.246
22.412 0.28
22.626 0.214
23.264 0.638
23.484 0.22
23.674 0.19
23.946 0.272
24.182 0.236
24.398 0.216
24.948 0.55
25.544 0.596
26.158 0.614
26.462 0.304
26.646 0.184
26.856 0.21
27.478 0.622
27.696 0.218
27.89 0.194
28.218 0.328
28.894 0.676
29.184 0.29
29.852 0.668
30.06 0.208
30.274 0.214
30.498 0.224
31.224 0.726
31.402 0.178
31.622 0.22
32.266 0.644
33.076 0.81
33.234 0.158
33.588 0.354
33.758 0.17
33.91 0.152
34.068 0.158
34.912 0.844
35.752 0.84
36.044 0.292
36.412 0.368
36.658 0.246
37.502 0.844
37.79 0.288
37.992 0.202
38.282 0.29
38.522 0.24
38.85 0.328
39.532 0.682
39.84 0.308
40.058 0.218
40.46 0.402
40.724 0.264
41.042 0.318
41.236 0.194
41.55 0.314
41.894 0.344
42.154 0.26
43.012 0.858
43.39 0.378
43.626 0.236
43.89 0.264
44.248 0.358
44.616 0.368
44.988 0.372
45.43 0.442
45.82 0.39
46.33 0.51
46.698 0.368
47.452 0.754
47.9 0.448
48.238 0.338
48.77 0.532
49.14 0.37
49.61 0.47
49.984 0.374
50.438 0.454
50.92 0.482
51.778 0.858
52.628 0.85
53.53 0.902
53.946 0.416
54.834 0.888
55.748 0.914
56.226 0.478
56.738 0.512
57.248 0.51
57.824 0.576
58.49 0.666
59.788 1.298
60.302 0.514
60.978 0.676
61.58 0.602
62.128 0.548
62.784 0.656
64.172 1.388
64.882 0.71
65.46 0.578
66.198 0.738
66.816 0.618
68.276 1.46
69.154 0.878
69.816 0.662
70.49 0.674
71.122 0.632
71.784 0.662
72.404 0.62
73.216 0.812
74.028 0.812
74.712 0.684
75.502 0.79
76.466 0.964
77.426 0.96
78.238 0.812
79.068 0.83
79.86 0.792
80.682 0.822
82.424 1.742
83.19 0.766
83.972 0.782
84.896 0.924
85.746 0.85
86.546 0.8
87.518 0.972
88.306 0.788
89.214 0.908
90.866 1.652
91.856 0.99
92.768 0.912
93.734 0.966
95.412 1.678
97.102 1.69
97.954 0.852
98.836 0.882
99.83 0.994
100.736 0.906
102.436 1.7
103.422 0.986
104.336 0.914
105.258 0.922
106.108 0.85
106.894 0.786
107.744 0.85
108.594 0.85
109.442 0.848
110.312 0.87
111.156 0.844
112.032 0.876
112.878 0.846
113.796 0.918
115.518 1.722
116.354 0.836
117.38 1.026
118.324 0.944
119.172 0.848
120.184 1.012
121.084 0.9
122.024 0.94
123.674 1.65
124.598 0.924
125.548 0.95
126.554 1.006
128.138 1.584
128.964 0.826
129.8 0.836
130.706 0.906
131.57 0.864
132.602 1.032
133.42 0.818
134.242 0.822
135.872 1.63
136.926 1.054
137.748 0.822
138.586 0.838
139.53 0.944
140.568 1.038
141.414 0.846
142.244 0.83
143.03 0.786
143.944 0.914
144.868 0.924
145.77 0.902
146.654 0.884
147.462 0.808
148.284 0.822
149.136 0.852
