2.83 2.83
2.856 0.026
3.308 0.452
3.794 0.486
3.902 0.108
4.042 0.14
4.182 0.14
4.35 0.168
4.556 0.206
5.164 0.608
5.828 0.664
6.04 0.212
6.218 0.178
6.464 0.246
7.064 0.6
7.346 0.282
7.472 0.126
8.006 0.534
8.63 0.624
8.832 0.202
8.994 0.162
9.634 0.64
9.846 0.212
10.462 0.616
11.032 0.57
11.33 0.298
11.934 0.604
12.144 0.21
12.42 0.276
12.656 0.236
12.88 0.224
13.126 0.244
13.34 0.214
13.61 0.27
13.836 0.226
14.51 0.674
15.136 0.626
15.34 0.204
15.548 0.208
15.77 0.222
15.97 0.2
16.18 0.21
16.396 0.216
16.634 0.238
16.86 0.226
17.06 0.2
17.276 0.216
17.568 0.292
17.78 0.212
17.98 0.2
18.196 0.214
18.422 0.226
18.63 0.208
18.858 0.228
19.086 0.228
19.318 0.232
19.622 0.304
19.858 0.236
20.474 0.616
20.73 0.256
20.962 0.232
21.586 0.624
22.184 0.598
22.428 0.244
22.674 0.246
22.986 0.312
23.306 0.32
23.524 0.218
23.756 0.232
24.012 0.256
24.3 0.288
24.926 0.626
25.212 0.286
25.452 0.24
25.714 0.262
25.946 0.232
26.568 0.622
26.796 0.228
27.06 0.264
27.284 0.224
27.504 0.22
28.158 0.654
28.412 0.254
28.718 0.306
28.97 0.252
29.182 0.212
29.396 0.214
29.688 0.292
29.946 0.258
30.612 0.666
30.832 0.22
31.512 0.68
32.19 0.678
32.404 0.214
33.028 0.624
33.258 0.23
33.49 0.232
33.718 0.228
33.938 0.22
34.18 0.242
34.392 0.212
34.596 0.204
34.81 0.214
35.03 0.22
35.166 0.136
35.362 0.196
35.566 0.204
36.172 0.606
36.81 0.638
37.016 0.206
37.322 0.306
38.146 0.824
38.352 0.206
38.568 0.216
38.758 0.19
39.062 0.304
39.282 0.22
39.954 0.672
40.202 0.248
40.482 0.28
41.488 1.006
41.706 0.218
41.918 0.212
42.29 0.372
42.604 0.314
43.034 0.43
43.278 0.244
43.606 0.328
43.878 0.272
44.168 0.29
44.454 0.286
45.304 0.85
45.64 0.336
46.018 0.378
46.47 0.452
46.818 0.348
47.116 0.298
48 0.884
48.314 0.314
48.652 0.338
49.006 0.354
49.286 0.28
49.612 0.326
49.976 0.364
50.394 0.418
50.746 0.352
51.036 0.29
51.404 0.368
51.74 0.336
52.15 0.41
52.46 0.31
52.756 0.296
53.586 0.83
54.014 0.428
54.926 0.912
55.268 0.342
55.62 0.352
55.956 0.336
56.292 0.336
56.746 0.454
57.644 0.898
58.534 0.89
59.044 0.51
59.594 0.55
60.004 0.41
60.502 0.498
61.076 0.574
62.026 0.95
62.586 0.56
63.072 0.486
63.984 0.912
64.464 0.48
64.92 0.456
65.434 0.514
65.914 0.48
66.352 0.438
66.78 0.428
67.194 0.414
67.668 0.474
68.162 0.494
68.852 0.69
70.048 1.196
70.648 0.6
71.076 0.428
71.69 0.614
72.362 0.672
72.846 0.484
73.52 0.674
74.876 1.356
75.374 0.498
75.878 0.504
76.656 0.778
77.224 0.568
77.778 0.554
78.43 0.652
79.876 1.446
80.436 0.56
81.1 0.664
81.828 0.728
82.56 0.732
83.944 1.384
84.698 0.754
85.272 0.574
86.05 0.778
86.648 0.598
87.252 0.604
87.98 0.728
88.704 0.724
89.522 0.818
90.206 0.684
90.994 0.788
91.824 0.83
92.578 0.754
93.464 0.886
94.262 0.798
95.926 1.664
96.892 0.966
97.838 0.946
98.726 0.888
99.726 1
100.52 0.794
101.474 0.954
102.422 0.948
103.474 1.052
104.348 0.874
105.202 0.854
106.874 1.672
107.782 0.908
108.616 0.834
109.622 1.006
111.406 1.784
112.226 0.82
113.012 0.786
113.912 0.9
114.75 0.838
115.728 0.978
116.636 0.908
117.672 1.036
118.646 0.974
119.586 0.94
120.476 0.89
121.344 0.868
122.274 0.93
123.22 0.946
124.064 0.844
124.926 0.862
126.682 1.756
127.544 0.862
128.482 0.938
129.316 0.834
130.19 0.874
131.082 0.892
132.056 0.974
132.912 0.856
133.746 0.834
134.712 0.966
135.586 0.874
136.45 0.864
137.286 0.836
138.104 0.818
138.91 0.806
139.788 0.878
140.766 0.978
141.742 0.976
142.808 1.066
143.806 0.998
145.524 1.718
146.608 1.084
147.492 0.884
149.144 1.652
150.772 1.628
151.618 0.846
152.414 0.796
153.424 1.01
154.208 0.784
155.884 1.676
157.594 1.71
158.402 0.808
159.246 0.844
160.114 0.868
161.098 0.984
161.922 0.824
162.884 0.962
164.592 1.708
166.25 1.658
167.876 1.626
168.682 0.806
170.318 1.636
171.214 0.896
172.296 1.082
174.022 1.726
174.858 0.836
