2.622 2.622
2.742 0.12
3.214 0.472
3.324 0.11
3.872 0.548
4.378 0.506
4.856 0.478
5.356 0.5
5.476 0.12
5.57 0.094
5.712 0.142
5.888 0.176
6.426 0.538
6.572 0.146
7.128 0.556
7.302 0.174
7.41 0.108
7.568 0.158
7.73 0.162
7.942 0.212
8.19 0.248
8.338 0.148
8.546 0.208
8.832 0.286
9.498 0.666
9.702 0.204
9.884 0.182
10.084 0.2
10.338 0.254
10.58 0.242
10.876 0.296
11.12 0.244
11.39 0.27
12.054 0.664
12.692 0.638
12.954 0.262
13.23 0.276
13.598 0.368
13.882 0.284
14.514 0.632
14.792 0.278
15.436 0.644
15.682 0.246
16.4 0.718
17.072 0.672
17.248 0.176
18.068 0.82
18.404 0.336
19.294 0.89
19.508 0.214
20.356 0.848
21.212 0.856
21.456 0.244
21.748 0.292
22.004 0.256
22.4 0.396
22.65 0.25
22.996 0.346
23.368 0.372
24.336 0.968
25.296 0.96
25.676 0.38
26.1 0.424
26.462 0.362
26.848 0.386
27.248 0.4
27.676 0.428
27.968 0.292
28.282 0.314
28.656 0.374
29.704 1.048
30.022 0.318
30.39 0.368
30.702 0.312
31.026 0.324
31.306 0.28
32.34 1.034
32.648 0.308
32.952 0.304
33.262 0.31
33.72 0.458
34.744 1.024
35.048 0.304
36.314 1.266
36.63 0.316
36.97 0.34
37.458 0.488
37.84 0.382
38.172 0.332
38.664 0.492
39.12 0.456
39.476 0.356
40.006 0.53
41.254 1.248
42.716 1.462
43.266 0.55
43.876 0.61
44.538 0.662
45.27 0.732
45.72 0.45
46.328 0.608
46.824 0.496
47.456 0.632
47.906 0.45
48.55 0.644
49.154 0.604
49.816 0.662
50.438 0.622
50.968 0.53
51.594 0.626
52.088 0.494
52.622 0.534
53.238 0.616
53.76 0.522
54.46 0.7
55.736 1.276
56.454 0.718
57.832 1.378
58.362 0.53
58.858 0.496
59.492 0.634
60.85 1.358
61.53 0.68
62.09 0.56
63.346 1.256
64.024 0.678
64.678 0.654
65.994 1.316
66.512 0.518
67.092 0.58
67.574 0.482
68.136 0.562
68.796 0.66
70.074 1.278
71.416 1.342
71.932 0.516
73.246 1.314
74.576 1.33
75.286 0.71
75.98 0.694
76.648 0.668
77.222 0.574
77.814 0.592
78.444 0.63
79.19 0.746
79.95 0.76
80.764 0.814
81.46 0.696
82.282 0.822
83.022 0.74
83.762 0.74
84.52 0.758
85.114 0.594
85.714 0.6
86.298 0.584
87.098 0.8
87.732 0.634
88.308 0.576
89.09 0.782
89.906 0.816
90.694 0.788
91.352 0.658
92.142 0.79
92.778 0.636
93.584 0.806
94.304 0.72
95.17 0.866
96.652 1.482
97.568 0.916
98.262 0.694
99.002 0.74
99.7 0.698
100.414 0.714
101.244 0.83
101.944 0.7
102.636 0.692
