2.874 2.874
3.048 0.174
3.178 0.13
3.288 0.11
3.404 0.116
3.488 0.084
4.03 0.542
4.166 0.136
4.35 0.184
4.898 0.548
5.148 0.25
5.364 0.216
5.596 0.232
5.948 0.352
6.194 0.246
6.834 0.64
7.104 0.27
7.486 0.382
7.82 0.334
7.994 0.174
8.274 0.28
8.496 0.222
8.754 0.258
9 0.246
9.28 0.28
9.574 0.294
9.894 0.32
10.202 0.308
10.558 0.356
10.862 0.304
11.118 0.256
11.454 0.336
12.174 0.72
12.454 0.28
12.72 0.266
13.376 0.656
13.668 0.292
14.484 0.816
14.804 0.32
15.54 0.736
15.866 0.326
16.232 0.366
16.504 0.272
16.942 0.438
18.036 1.094
18.35 0.314
18.9 0.55
19.382 0.482
19.84 0.458
21.052 1.212
21.42 0.368
21.934 0.514
22.424 0.49
22.938 0.514
24.166 1.228
24.744 0.578
25.306 0.562
26.558 1.252
27.82 1.262
28.254 0.434
28.67 0.416
29.072 0.402
29.656 0.584
30.168 0.512
30.826 0.658
31.35 0.524
31.84 0.49
33.066 1.226
33.714 0.648
34.354 0.64
35.072 0.718
35.612 0.54
36.33 0.718
37.038 0.708
37.73 0.692
38.284 0.554
38.944 0.66
39.518 0.574
40.07 0.552
40.63 0.56
42.028 1.398
43.4 1.372
43.992 0.592
44.504 0.512
45.214 0.71
45.856 0.642
46.648 0.792
47.46 0.812
48.212 0.752
48.864 0.652
49.518 0.654
50.336 0.818
50.914 0.578
51.704 0.79
52.348 0.644
53.744 1.396
54.588 0.844
56.114 1.526
56.938 0.824
58.484 1.546
59.236 0.752
60.068 0.832
60.734 0.666
61.44 0.706
62.134 0.694
63.012 0.878
63.852 0.84
65.394 1.542
66.976 1.582
67.846 0.87
68.592 0.746
69.494 0.902
71.12 1.626
71.94 0.82
72.806 0.866
73.728 0.922
74.742 1.014
75.536 0.794
76.572 1.036
77.36 0.788
78.186 0.826
79.154 0.968
80.074 0.92
80.988 0.914
82.63 1.642
84.302 1.672
85.084 0.782
85.83 0.746
86.786 0.956
87.722 0.936
88.598 0.876
89.514 0.916
90.45 0.936
91.46 1.01
92.456 0.996
93.502 1.046
94.31 0.808
95.294 0.984
96.202 0.908
97.788 1.586
98.698 0.91
100.282 1.584
101.178 0.896
102.904 1.726
103.886 0.982
104.672 0.786
105.684 1.012
106.49 0.806
107.316 0.826
108.294 0.978
109.284 0.99
110.206 0.922
111.198 0.992
112.198 1
113.226 1.028
114.202 0.976
115.246 1.044
116.14 0.894
117.036 0.896
118.004 0.968
119.65 1.646
120.452 0.802
121.27 0.818
122.078 0.808
123.128 1.05
123.948 0.82
124.848 0.9
125.62 0.772
126.41 0.79
127.456 1.046
128.38 0.924
129.256 0.876
130.204 0.948
130.986 0.782
132.666 1.68
133.47 0.804
134.33 0.86
135.082 0.752
136.016 0.934
136.846 0.83
137.774 0.928
138.582 0.808
139.588 1.006
140.51 0.922
141.428 0.918
142.252 0.824
143.156 0.904
144.158 1.002
144.972 0.814
145.758 0.786
146.634 0.876
148.196 1.562
149.024 0.828
150.666 1.642
151.614 0.948
152.418 0.804
153.93 1.512
154.936 1.006
155.88 0.944
156.744 0.864
157.534 0.79
158.524 0.99
159.298 0.774
160.168 0.87
160.932 0.764
161.762 0.83
163.308 1.546
164.22 0.912
165.02 0.8
165.954 0.934
166.846 0.892
167.808 0.962
168.728 0.92
169.726 0.998
170.766 1.04
171.6 0.834
172.414 0.814
173.998 1.584
175.578 1.58
176.378 0.8
177.144 0.766
178.022 0.878
179.56 1.538
180.498 0.938
181.372 0.874
182.992 1.62
183.914 0.922
185.456 1.542
186.312 0.856
187.088 0.776
187.912 0.824
188.876 0.964
189.764 0.888
190.576 0.812
191.552 0.976
192.518 0.966
193.404 0.886
194.38 0.976
195.418 1.038
196.246 0.828
197.172 0.926
198.166 0.994
199.028 0.862
199.992 0.964
201.64 1.648
202.778 1.138
203.584 0.806
204.528 0.944
206.2 1.672
207.952 1.752
208.842 0.89
209.978 1.136
210.828 0.85
