2.862 2.862
2.902 0.04
3.006 0.104
3.492 0.486
3.634 0.142
3.818 0.184
4.012 0.194
4.188 0.176
4.766 0.578
5.324 0.558
5.502 0.178
6.072 0.57
6.248 0.176
6.412 0.164
6.57 0.158
6.746 0.176
6.918 0.172
7.052 0.134
7.576 0.524
8.16 0.584
8.348 0.188
8.576 0.228
9.254 0.678
9.496 0.242
9.814 0.318
10.128 0.314
10.382 0.254
10.66 0.278
10.94 0.28
11.76 0.82
12.054 0.294
12.352 0.298
12.708 0.356
13.036 0.328
13.348 0.312
13.654 0.306
13.992 0.338
14.226 0.234
14.572 0.346
14.802 0.23
15.134 0.332
16.094 0.96
16.434 0.34
16.696 0.262
17.708 1.012
18.014 0.306
19.054 1.04
19.35 0.296
19.808 0.458
20.126 0.318
21.148 1.022
22.23 1.082
22.588 0.358
23.63 1.042
24.082 0.452
24.436 0.354
24.794 0.358
25.164 0.37
25.688 0.524
26.142 0.454
27.332 1.19
27.852 0.52
28.27 0.418
28.63 0.36
29.028 0.398
29.564 0.536
30.092 0.528
30.568 0.476
31.036 0.468
31.576 0.54
32.172 0.596
32.69 0.518
33.264 0.574
33.918 0.654
34.618 0.7
36.014 1.396
36.69 0.676
37.26 0.57
38.726 1.466
39.412 0.686
40.094 0.682
41.486 1.392
42.188 0.702
43.636 1.448
44.984 1.348
45.636 0.652
46.308 0.672
47.126 0.818
47.726 0.6
48.458 0.732
49.178 0.72
49.854 0.676
50.458 0.604
51.134 0.676
51.74 0.606
52.298 0.558
52.924 0.626
53.518 0.594
54.352 0.834
55.224 0.872
55.892 0.668
56.57 0.678
57.22 0.65
57.834 0.614
58.442 0.608
59.124 0.682
59.948 0.824
60.54 0.592
61.152 0.612
61.934 0.782
62.558 0.624
63.916 1.358
64.522 0.606
65.186 0.664
65.914 0.728
66.512 0.598
67.264 0.752
67.866 0.602
68.648 0.782
69.42 0.772
70.162 0.742
71.566 1.404
72.174 0.608
72.826 0.652
73.452 0.626
74.772 1.32
75.366 0.594
76.048 0.682
76.732 0.684
77.378 0.646
77.956 0.578
