2.65 2.65
2.788 0.138
2.93 0.142
3.042 0.112
3.57 0.528
3.706 0.136
3.79 0.084
3.96 0.17
4.122 0.162
4.34 0.218
4.878 0.538
5.1 0.222
5.22 0.12
5.44 0.22
5.666 0.226
5.916 0.25
6.126 0.21
6.362 0.236
7.062 0.7
7.29 0.228
7.428 0.138
7.644 0.216
7.852 0.208
8.116 0.264
8.764 0.648
9.55 0.786
10.376 0.826
10.626 0.25
10.802 0.176
11.096 0.294
11.956 0.86
12.142 0.186
12.334 0.192
12.666 0.332
12.9 0.234
13.794 0.894
14.02 0.226
14.982 0.962
15.944 0.962
16.136 0.192
16.362 0.226
16.608 0.246
16.84 0.232
17.77 0.93
18.128 0.358
18.508 0.38
18.938 0.43
19.3 0.362
19.766 0.466
20.116 0.35
21.216 1.1
21.68 0.464
22.702 1.022
23.092 0.39
24.248 1.156
24.69 0.442
25.122 0.432
25.506 0.384
25.884 0.378
26.418 0.534
26.798 0.38
27.844 1.046
28.214 0.37
29.29 1.076
30.44 1.15
31.578 1.138
32.112 0.534
32.59 0.478
33.73 1.14
34.898 1.168
36.17 1.272
36.576 0.406
37.788 1.212
38.312 0.524
38.76 0.448
39.17 0.41
39.712 0.542
40.246 0.534
40.67 0.424
41.134 0.464
41.76 0.626
42.95 1.19
43.368 0.418
43.806 0.438
44.242 0.436
44.662 0.42
45.276 0.614
45.896 0.62
46.316 0.42
46.888 0.572
47.322 0.434
47.792 0.47
48.314 0.522
48.768 0.454
49.194 0.426
50.31 1.116
50.768 0.458
51.18 0.412
51.612 0.432
52.068 0.456
52.646 0.578
53.82 1.174
54.412 0.592
55.05 0.638
55.462 0.412
55.882 0.42
56.412 0.53
56.96 0.548
57.542 0.582
58.002 0.46
58.496 0.494
58.926 0.43
59.496 0.57
59.908 0.412
61.054 1.146
62.184 1.13
63.546 1.362
64.918 1.372
65.472 0.554
65.936 0.464
66.494 0.558
66.968 0.474
67.438 0.47
67.942 0.504
69.218 1.276
70.442 1.224
71.052 0.61
71.594 0.542
72.122 0.528
73.474 1.352
73.992 0.518
74.56 0.568
75.076 0.516
75.696 0.62
76.244 0.548
76.94 0.696
77.506 0.566
78.206 0.7
79.728 1.522
80.54 0.812
81.99 1.45
82.55 0.56
83.128 0.578
83.758 0.63
84.398 0.64
85.002 0.604
86.438 1.436
87.188 0.75
88.724 1.536
90.236 1.512
91.796 1.56
92.586 0.79
93.224 0.638
93.888 0.664
94.618 0.73
95.408 0.79
96.188 0.78
97.02 0.832
97.724 0.704
98.492 0.768
99.192 0.7
100.006 0.814
100.828 0.822
102.388 1.56
