2.722 2.722
2.756 0.034
2.894 0.138
2.96 0.066
3.074 0.114
3.608 0.534
4.142 0.534
4.266 0.124
4.46 0.194
4.584 0.124
4.746 0.162
4.922 0.176
5.048 0.126
5.676 0.628
5.922 0.246
6.098 0.176
6.26 0.162
6.436 0.176
6.656 0.22
6.818 0.162
7.008 0.19
7.164 0.156
7.802 0.638
8.376 0.574
8.946 0.57
9.134 0.188
9.312 0.178
9.608 0.296
9.796 0.188
10.376 0.58
10.612 0.236
10.814 0.202
11.044 0.23
11.25 0.206
11.488 0.238
11.69 0.202
11.92 0.23
12.536 0.616
12.77 0.234
13.1 0.33
13.328 0.228
13.546 0.218
13.76 0.214
13.976 0.216
14.172 0.196
14.384 0.212
14.602 0.218
14.806 0.204
15.014 0.208
15.214 0.2
15.81 0.596
16.016 0.206
16.682 0.666
16.904 0.222
17.2 0.296
17.434 0.234
17.718 0.284
17.92 0.202
18.12 0.2
18.318 0.198
18.516 0.198
19.138 0.622
19.366 0.228
19.974 0.608
20.62 0.646
20.818 0.198
21.02 0.202
21.214 0.194
21.416 0.202
22.074 0.658
22.672 0.598
22.866 0.194
23.446 0.58
23.726 0.28
23.926 0.2
24.104 0.178
24.318 0.214
24.556 0.238
24.822 0.266
25.422 0.6
25.616 0.194
26.214 0.598
26.41 0.196
26.668 0.258
27.25 0.582
27.464 0.214
27.658 0.194
27.962 0.304
28.128 0.166
28.722 0.594
28.918 0.196
29.196 0.278
29.866 0.67
30.078 0.212
30.294 0.216
30.5 0.206
30.812 0.312
31.006 0.194
31.288 0.282
31.478 0.19
31.698 0.22
31.9 0.202
32.102 0.202
32.684 0.582
33.304 0.62
33.496 0.192
34.178 0.682
34.38 0.202
34.638 0.258
34.87 0.232
35.074 0.204
35.348 0.274
35.536 0.188
36.094 0.558
36.284 0.19
36.854 0.57
37.054 0.2
37.25 0.196
37.856 0.606
38.43 0.574
38.628 0.198
38.842 0.214
39.046 0.204
39.252 0.206
39.44 0.188
39.704 0.264
39.878 0.174
40.082 0.204
40.276 0.194
40.486 0.21
41.064 0.578
41.664 0.6
42.23 0.566
42.546 0.316
42.732 0.186
43 0.268
43.174 0.174
43.36 0.186
43.546 0.186
43.728 0.182
43.944 0.216
44.182 0.238
44.764 0.582
44.964 0.2
45.69 0.726
45.904 0.214
46.114 0.21
46.332 0.218
46.572 0.24
46.798 0.226
47.442 0.644
47.734 0.292
48.338 0.604
48.608 0.27
49.248 0.64
49.582 0.334
49.796 0.214
50.038 0.242
50.272 0.234
50.462 0.19
50.756 0.294
51.066 0.31
51.382 0.316
51.598 0.216
51.81 0.212
52.416 0.606
53.004 0.588
53.188 0.184
53.394 0.206
53.6 0.206
53.83 0.23
54.592 0.762
54.856 0.264
55.056 0.2
55.248 0.192
55.844 0.596
56.046 0.202
56.724 0.678
56.946 0.222
57.162 0.216
57.462 0.3
58.128 0.666
58.396 0.268
59.068 0.672
59.256 0.188
59.446 0.19
59.638 0.192
59.856 0.218
60.542 0.686
60.742 0.2
60.948 0.206
61.64 0.692
61.892 0.252
62.694 0.802
63.384 0.69
64.066 0.682
64.248 0.182
64.538 0.29
65.206 0.668
65.452 0.246
65.648 0.196
65.864 0.216
66.07 0.206
66.302 0.232
66.504 0.202
66.722 0.218
67.376 0.654
68.074 0.698
68.754 0.68
68.954 0.2
69.158 0.204
69.34 0.182
69.544 0.204
70.208 0.664
70.428 0.22
70.72 0.292
70.946 0.226
71.18 0.234
71.4 0.22
71.602 0.202
72.356 0.754
72.584 0.228
73.242 0.658
73.44 0.198
73.63 0.19
73.822 0.192
74.022 0.2
74.244 0.222
74.864 0.62
75.096 0.232
75.436 0.34
76.27 0.834
77.088 0.818
77.952 0.864
78.11 0.158
78.968 0.858
79.27 0.302
79.554 0.284
79.768 0.214
79.968 0.2
80.886 0.918
81.106 0.22
81.47 0.364
82.442 0.972
82.832 0.39
83.074 0.242
83.454 0.38
83.724 0.27
84.148 0.424
84.52 0.372
84.894 0.374
85.328 0.434
86.288 0.96
87.27 0.982
87.684 0.414
88.034 0.35
89.042 1.008
89.512 0.47
89.942 0.43
90.246 0.304
90.662 0.416
91.752 1.09
92.79 1.038
93.25 0.46
93.548 0.298
93.866 0.318
94.32 0.454
95.482 1.162
96.022 0.54
97.232 1.21
97.84 0.608
98.374 0.534
99.57 1.196
100.718 1.148
101.898 1.18
103.128 1.23
104.378 1.25
104.828 0.45
105.212 0.384
105.614 0.402
106.8 1.186
107.192 0.392
107.688 0.496
108.876 1.188
109.302 0.426
109.744 0.442
110.376 0.632
111.582 1.206
112.124 0.542
112.526 0.402
112.928 0.402
113.484 0.556
113.856 0.372
114.346 0.49
114.84 0.494
115.254 0.414
115.678 0.424
116.176 0.498
117.392 1.216
117.788 0.396
118.952 1.164
119.538 0.586
119.974 0.436
120.474 0.5
121.038 0.564
121.422 0.384
121.794 0.372
122.374 0.58
122.866 0.492
123.36 0.494
123.83 0.47
124.292 0.462
125.58 1.288
126.768 1.188
127.166 0.398
127.736 0.57
128.128 0.392
129.296 1.168
129.692 0.396
130.26 0.568
130.724 0.464
131.104 0.38
131.652 0.548
132.044 0.392
132.584 0.54
133.094 0.51
134.32 1.226
134.818 0.498
136.078 1.26
136.528 0.45
137.026 0.498
137.584 0.558
138.076 0.492
138.584 0.508
139.018 0.434
140.222 1.204
140.608 0.386
141.084 0.476
141.522 0.438
142.12 0.598
142.602 0.482
143.174 0.572
143.728 0.554
144.922 1.194
146.144 1.222
146.67 0.526
147.096 0.426
147.55 0.454
147.958 0.408
148.412 0.454
149.684 1.272
151.032 1.348
151.538 0.506
151.952 0.414
153.186 1.234
153.646 0.46
154.212 0.566
154.842 0.63
156.168 1.326
156.63 0.462
157.882 1.252
159.212 1.33
159.808 0.596
161.104 1.296
161.694 0.59
162.992 1.298
163.448 0.456
164.124 0.676
164.75 0.626
165.348 0.598
165.866 0.518
167.134 1.268
167.754 0.62
168.952 1.198
169.444 0.492
170.796 1.352
171.296 0.5
172.582 1.286
173.844 1.262
174.518 0.674
175.284 0.766
175.802 0.518
177.142 1.34
177.652 0.51
178.116 0.464
178.58 0.464
179.036 0.456
179.684 0.648
180.324 0.64
180.792 0.468
182.044 1.252
182.61 0.566
183.082 0.472
183.646 0.564
184.096 0.45
184.552 0.456
185.836 1.284
187.158 1.322
188.488 1.33
189.81 1.322
190.44 0.63
191.036 0.596
191.604 0.568
192.386 0.782
193.148 0.762
194.638 1.49
195.284 0.646
195.844 0.56
197.414 1.57
197.948 0.534
198.704 0.756
199.416 0.712
200.158 0.742
201.474 1.316
202.848 1.374
203.608 0.76
204.174 0.566
204.98 0.806
205.678 0.698
206.258 0.58
206.98 0.722
207.588 0.608
208.196 0.608
209.638 1.442
210.232 0.594
210.804 0.572
211.562 0.758
212.392 0.83
212.984 0.592
213.568 0.584
214.994 1.426
216.444 1.45
217.028 0.584
218.502 1.474
219.858 1.356
220.528 0.67
221.124 0.596
221.734 0.61
222.356 0.622
