2.656 2.656
2.84 0.184
2.956 0.116
3.072 0.116
3.184 0.112
3.296 0.112
3.408 0.112
3.59 0.182
3.66 0.07
3.788 0.128
3.928 0.14
4.086 0.158
4.246 0.16
4.468 0.222
5.032 0.564
5.198 0.166
5.43 0.232
5.662 0.232
5.912 0.25
6.084 0.172
6.252 0.168
6.416 0.164
7.014 0.598
7.138 0.124
7.37 0.232
7.938 0.568
8.152 0.214
8.41 0.258
8.61 0.2
8.866 0.256
9.058 0.192
9.666 0.608
10.25 0.584
10.466 0.216
11.076 0.61
11.272 0.196
11.468 0.196
11.692 0.224
11.928 0.236
12.11 0.182
12.32 0.21
12.538 0.218
12.808 0.27
13.028 0.22
13.626 0.598
14.224 0.598
14.446 0.222
14.644 0.198
14.916 0.272
15.518 0.602
15.732 0.214
15.946 0.214
16.154 0.208
16.75 0.596
16.96 0.21
17.168 0.208
17.366 0.198
17.646 0.28
17.852 0.206
18.46 0.608
18.692 0.232
18.914 0.222
19.556 0.642
19.8 0.244
20.034 0.234
20.358 0.324
21.372 1.014
22.476 1.104
22.848 0.372
23.99 1.142
24.294 0.304
24.774 0.48
25.07 0.296
25.504 0.434
25.946 0.442
26.254 0.308
26.562 0.308
26.944 0.382
28.196 1.252
28.6 0.404
29.094 0.494
29.512 0.418
29.982 0.47
30.418 0.436
30.778 0.36
31.324 0.546
31.832 0.508
32.186 0.354
32.654 0.468
33.232 0.578
34.364 1.132
34.998 0.634
36.338 1.34
36.888 0.55
38.09 1.202
39.422 1.332
40.038 0.616
40.576 0.538
41.144 0.568
41.592 0.448
42.062 0.47
42.528 0.466
43.736 1.208
44.186 0.45
44.704 0.518
45.928 1.224
46.388 0.46
46.926 0.538
48.176 1.25
48.608 0.432
49.14 0.532
50.422 1.282
51.742 1.32
53.186 1.444
53.664 0.478
54.918 1.254
55.416 0.498
55.926 0.51
56.614 0.688
57.224 0.61
57.946 0.722
59.21 1.264
59.824 0.614
60.328 0.504
60.998 0.67
61.526 0.528
62.072 0.546
62.666 0.594
63.32 0.654
64.042 0.722
64.648 0.606
66.1 1.452
66.674 0.574
67.454 0.78
68.114 0.66
68.836 0.722
70.224 1.388
70.878 0.654
71.47 0.592
72.206 0.736
72.966 0.76
74.436 1.47
75.192 0.756
75.998 0.806
76.846 0.848
77.514 0.668
78.218 0.704
78.984 0.766
79.826 0.842
80.664 0.838
81.494 0.83
82.332 0.838
83.074 0.742
83.798 0.724
84.522 0.724
85.266 0.744
86.2 0.934
86.916 0.716
87.898 0.982
88.572 0.674
89.422 0.85
90.142 0.72
90.886 0.744
91.77 0.884
92.688 0.918
93.678 0.99
94.452 0.774
95.322 0.87
96.024 0.702
96.832 0.808
98.34 1.508
99.316 0.976
100.202 0.886
100.998 0.796
101.86 0.862
103.41 1.55
104.154 0.744
104.996 0.842
105.826 0.83
107.444 1.618
108.398 0.954
109.228 0.83
110.022 0.794
110.958 0.936
112.594 1.636
114.104 1.51
114.976 0.872
115.978 1.002
117.032 1.054
117.962 0.93
118.762 0.8
119.678 0.916
121.212 1.534
122.122 0.91
122.872 0.75
124.396 1.524
125.354 0.958
126.292 0.938
127.14 0.848
128.672 1.532
130.268 1.596
131.194 0.926
131.932 0.738
132.654 0.722
133.418 0.764
134.158 0.74
135.016 0.858
135.864 0.848
136.852 0.988
137.664 0.812
138.518 0.854
139.348 0.83
140.926 1.578
141.864 0.938
142.694 0.83
143.426 0.732
144.16 0.734
144.908 0.748
145.684 0.776
146.624 0.94
147.41 0.786
148.236 0.826
149.126 0.89
150.008 0.882
150.83 0.822
151.664 0.834
152.358 0.694
153.106 0.748
153.834 0.728
154.778 0.944
155.584 0.806
156.31 0.726
157.058 0.748
157.864 0.806
158.62 0.756
159.528 0.908
160.528 1
161.38 0.852
162.128 0.748
