2.748 2.748
2.852 0.104
3.344 0.492
3.454 0.11
3.56 0.106
3.696 0.136
3.826 0.13
3.898 0.072
4.072 0.174
4.192 0.12
4.306 0.114
4.392 0.086
4.574 0.182
4.742 0.168
4.982 0.24
5.51 0.528
5.722 0.212
5.908 0.186
6.18 0.272
6.376 0.196
6.59 0.214
6.854 0.264
6.996 0.142
7.196 0.2
7.398 0.202
7.634 0.236
8.25 0.616
8.478 0.228
8.72 0.242
9.01 0.29
9.294 0.284
10.034 0.74
10.338 0.304
11.024 0.686
11.344 0.32
11.7 0.356
12.378 0.678
12.664 0.286
13.378 0.714
13.666 0.288
13.968 0.302
14.258 0.29
14.568 0.31
14.938 0.37
15.608 0.67
16.292 0.684
16.562 0.27
16.854 0.292
17.586 0.732
18.334 0.748
18.622 0.288
19.334 0.712
20.066 0.732
20.392 0.326
20.706 0.314
20.992 0.286
21.328 0.336
21.616 0.288
21.938 0.322
22.224 0.286
22.624 0.4
22.916 0.292
23.196 0.28
23.546 0.35
23.866 0.32
24.082 0.216
24.406 0.324
24.776 0.37
25.638 0.862
25.98 0.342
26.39 0.41
27.332 0.942
27.712 0.38
28.16 0.448
28.472 0.312
29.446 0.974
30.43 0.984
30.77 0.34
31.284 0.514
31.784 0.5
32.156 0.372
32.648 0.492
33.102 0.454
33.62 0.518
34.204 0.584
34.548 0.344
34.998 0.45
36.022 1.024
36.57 0.548
37.072 0.502
38.182 1.11
38.746 0.564
39.272 0.526
39.784 0.512
40.298 0.514
40.696 0.398
41.086 0.39
41.622 0.536
42.094 0.472
42.618 0.524
43.084 0.466
43.556 0.472
44.052 0.496
44.56 0.508
45.126 0.566
45.766 0.64
46.302 0.536
46.948 0.646
47.416 0.468
47.846 0.43
48.508 0.662
49.874 1.366
50.344 0.47
51.058 0.714
51.672 0.614
52.348 0.676
52.984 0.636
53.654 0.67
54.282 0.628
54.826 0.544
55.576 0.75
56.248 0.672
56.836 0.588
58.208 1.372
58.898 0.69
59.496 0.598
60.972 1.476
61.634 0.662
62.268 0.634
62.908 0.64
63.446 0.538
64.092 0.646
64.71 0.618
65.426 0.716
66.014 0.588
66.746 0.732
67.424 0.678
68.006 0.582
69.336 1.33
69.908 0.572
70.602 0.694
71.946 1.344
72.604 0.658
74.048 1.444
74.708 0.66
75.252 0.544
75.834 0.582
76.388 0.554
77.034 0.646
78.398 1.364
79.046 0.648
80.422 1.376
81.09 0.668
81.798 0.708
82.54 0.742
83.21 0.67
83.978 0.768
84.534 0.556
85.116 0.582
86.474 1.358
87.886 1.412
88.536 0.65
89.312 0.776
90.02 0.708
91.466 1.446
92.232 0.766
93.044 0.812
93.732 0.688
95.244 1.512
96.756 1.512
97.62 0.864
98.464 0.844
99.212 0.748
100.728 1.516
101.622 0.894
102.472 0.85
104.11 1.638
105.05 0.94
105.83 0.78
106.734 0.904
107.64 0.906
108.422 0.782
110.054 1.632
111.754 1.7
112.528 0.774
113.3 0.772
114.082 0.782
114.994 0.912
115.85 0.856
116.726 0.876
118.384 1.658
119.332 0.948
121.022 1.69
122.01 0.988
123.008 0.998
124.086 1.078
125.928 1.842
126.954 1.026
127.99 1.036
129.03 1.04
130.31 1.28
131.386 1.076
132.51 1.124
133.57 1.06
134.66 1.09
135.914 1.254
137.152 1.238
138.31 1.158
139.502 1.192
141.414 1.912
143.166 1.752
144.366 1.2
145.334 0.968
147.128 1.794
148.27 1.142
149.492 1.222
150.59 1.098
152.584 1.994
153.726 1.142
154.94 1.214
156.038 1.098
157.32 1.282
158.494 1.174
160.534 2.04
161.75 1.216
162.926 1.176
164.06 1.134
165.246 1.186
166.294 1.048
167.268 0.974
169.092 1.824
170.186 1.094
