2.872 2.872
2.994 0.122
3.126 0.132
3.276 0.15
3.302 0.026
3.858 0.556
3.974 0.116
4.114 0.14
4.262 0.148
4.408 0.146
4.588 0.18
4.758 0.17
4.972 0.214
5.094 0.122
5.272 0.178
5.854 0.582
6.072 0.218
6.276 0.204
6.474 0.198
6.71 0.236
6.962 0.252
7.102 0.14
7.666 0.564
8.3 0.634
8.484 0.184
9.066 0.582
9.28 0.214
9.494 0.214
9.722 0.228
10.312 0.59
10.618 0.306
10.856 0.238
11.066 0.21
11.278 0.212
11.868 0.59
12.13 0.262
12.352 0.222
12.966 0.614
13.188 0.222
13.78 0.592
14.36 0.58
14.576 0.216
14.796 0.22
15.014 0.218
15.602 0.588
15.806 0.204
16.002 0.196
16.288 0.286
16.894 0.606
17.104 0.21
17.718 0.614
17.92 0.202
18.12 0.2
18.738 0.618
18.966 0.228
19.19 0.224
19.406 0.216
19.618 0.212
20.294 0.676
20.866 0.572
21.072 0.206
21.692 0.62
21.886 0.194
22.11 0.224
22.348 0.238
22.574 0.226
22.802 0.228
23.01 0.208
23.276 0.266
23.476 0.2
23.684 0.208
24.26 0.576
24.496 0.236
24.712 0.216
25.392 0.68
25.742 0.35
26.012 0.27
26.22 0.208
26.432 0.212
26.664 0.232
27.298 0.634
27.518 0.22
28.2 0.682
28.434 0.234
28.73 0.296
28.944 0.214
29.204 0.26
29.862 0.658
30.05 0.188
30.2 0.15
30.508 0.308
30.718 0.21
30.952 0.234
31.802 0.85
32.634 0.832
32.956 0.322
33.262 0.306
33.562 0.3
33.87 0.308
34.18 0.31
34.484 0.304
34.81 0.326
35.75 0.94
36.13 0.38
36.556 0.426
37.368 0.812
37.632 0.264
38.07 0.438
38.332 0.262
38.666 0.334
39.084 0.418
39.376 0.292
40.264 0.888
40.628 0.364
40.974 0.346
41.362 0.388
41.672 0.31
42.582 0.91
42.91 0.328
43.262 0.352
43.596 0.334
44.03 0.434
44.378 0.348
44.754 0.376
45.28 0.526
45.7 0.42
46.034 0.334
46.976 0.942
47.98 1.004
48.402 0.422
48.876 0.474
49.428 0.552
49.91 0.482
50.28 0.37
50.63 0.35
51.69 1.06
52.21 0.52
52.674 0.464
53.27 0.596
53.822 0.552
54.244 0.422
54.924 0.68
55.334 0.41
55.936 0.602
57.154 1.218
58.402 1.248
59.036 0.634
59.518 0.482
60.132 0.614
60.726 0.594
62.062 1.336
62.698 0.636
63.248 0.55
63.994 0.746
64.63 0.636
65.224 0.594
65.848 0.624
66.638 0.79
67.402 0.764
68.138 0.736
68.916 0.778
69.72 0.804
70.484 0.764
71.134 0.65
71.952 0.818
72.81 0.858
74.344 1.534
75.112 0.768
76.534 1.422
77.928 1.394
78.652 0.724
79.382 0.73
80.134 0.752
80.75 0.616
81.49 0.74
82.264 0.774
83.676 1.412
84.388 0.712
85.004 0.616
85.634 0.63
87.086 1.452
87.958 0.872
88.766 0.808
89.45 0.684
90.292 0.842
91.016 0.724
91.704 0.688
92.564 0.86
93.428 0.864
94.284 0.856
95.216 0.932
96.066 0.85
96.818 0.752
97.696 0.878
99.212 1.516
99.94 0.728
100.786 0.846
101.584 0.798
102.482 0.898
103.424 0.942
104.184 0.76
105.874 1.69
106.832 0.958
108.588 1.756
109.584 0.996
110.474 0.89
111.232 0.758
112.036 0.804
112.854 0.818
113.886 1.032
114.712 0.826
115.648 0.936
116.432 0.784
117.232 0.8
119.06 1.828
119.884 0.824
120.84 0.956
121.96 1.12
122.792 0.832
123.714 0.922
124.612 0.898
125.642 1.03
126.526 0.884
127.51 0.984
128.526 1.016
129.55 1.024
130.444 0.894
131.56 1.116
133.228 1.668
134.158 0.93
135.078 0.92
136.092 1.014
136.998 0.906
138.076 1.078
139.018 0.942
139.992 0.974
141.034 1.042
141.93 0.896
143.032 1.102
143.994 0.962
145.086 1.092
146.06 0.974
146.95 0.89
147.968 1.018
149.138 1.17
150.964 1.826
152.02 1.056
153.66 1.64
155.388 1.728
157.196 1.808
158.25 1.054
159.092 0.842
160.1 1.008
161.142 1.042
162.04 0.898
163.782 1.742
164.74 0.958
165.694 0.954
166.798 1.104
167.706 0.908
168.644 0.938
170.392 1.748
171.466 1.074
172.442 0.976
173.326 0.884
174.358 1.032
175.962 1.604
177.688 1.726
178.684 0.996
179.836 1.152
180.69 0.854
181.608 0.918
182.506 0.898
183.578 1.072
184.592 1.014
185.494 0.902
186.528 1.034
187.536 1.008
188.478 0.942
189.372 0.894
190.544 1.172
191.462 0.918
192.348 0.886
193.33 0.982
